# ------------------------------------------------------------
#
# Flight name: V0106
# Station: Davis
# Launch Date: 12 January 2006
# Launch Time: 23:19:30
# 
# This file created: Thu May 03 11:58:27 2007
# 
# 
# ------------------------------------------------------------
# DATA COLUMNS
# Time (s)
# Height (m)
# Atmospheric Pressure (hPa)
# Atmospheric Temperature (°C)
# Relative Humidity (%)
# Box Temperature (°C)
# Ozone Partial Pressure (mPa)
# Ozone Mixing Ratio (ppmV)
# Accumulated Ozone to this Height (Dobson Units)
# Remaining Ozone above this Height (Dobson Units)
# 
# ------------------------------------------------------------
# 
# Integrated Ozone = 264.0 DU
# Extrapolated Ozone =  27.4 DU
# 
# Total Ozone = 291.4 DU
# 
# 
# ------------------------------------------------------------
0 , 18 , 984.43 , -1.1 , 26 , 26.30 , 2.020 , 0.021 , 0.00 , 291.40
10 , 65 , 978.60 , -2.0 , 29 , 26.35 , 1.951 , 0.020 , 0.09 , 291.30
20 , 104 , 973.79 , -2.3 , 30 , 26.37 , 1.963 , 0.020 , 0.17 , 291.23
30 , 160 , 966.86 , -2.8 , 30 , 26.37 , 1.963 , 0.020 , 0.28 , 291.12
40 , 203 , 961.72 , -3.2 , 31 , 26.36 , 1.997 , 0.021 , 0.36 , 291.03
50 , 249 , 956.11 , -3.5 , 32 , 26.32 , 2.023 , 0.021 , 0.46 , 290.94
60 , 295 , 950.52 , -3.8 , 32 , 26.26 , 2.035 , 0.021 , 0.55 , 290.85
70 , 348 , 944.21 , -4.1 , 32 , 26.21 , 2.047 , 0.022 , 0.66 , 290.74
80 , 395 , 938.50 , -4.5 , 32 , 26.15 , 2.053 , 0.022 , 0.76 , 290.64
90 , 453 , 931.67 , -4.6 , 33 , 26.11 , 2.074 , 0.022 , 0.87 , 290.52
100 , 514 , 924.48 , -5.1 , 33 , 26.06 , 2.064 , 0.022 , 1.00 , 290.40
110 , 565 , 918.45 , -5.6 , 35 , 25.99 , 2.083 , 0.023 , 1.11 , 290.29
120 , 616 , 912.45 , -6.1 , 36 , 25.93 , 2.070 , 0.023 , 1.22 , 290.18
130 , 680 , 905.04 , -6.7 , 38 , 25.88 , 2.068 , 0.023 , 1.35 , 290.05
140 , 745 , 897.53 , -7.2 , 40 , 25.82 , 2.069 , 0.023 , 1.48 , 289.91
150 , 817 , 889.30 , -7.8 , 43 , 25.76 , 2.044 , 0.023 , 1.63 , 289.76
160 , 874 , 882.75 , -8.2 , 44 , 25.70 , 2.043 , 0.023 , 1.75 , 289.64
170 , 934 , 875.93 , -8.6 , 46 , 25.64 , 2.038 , 0.023 , 1.88 , 289.52
180 , 984 , 870.34 , -9.0 , 47 , 25.57 , 2.031 , 0.023 , 1.98 , 289.42
190 , 1033 , 864.77 , -9.5 , 49 , 25.50 , 2.030 , 0.023 , 2.08 , 289.31
200 , 1088 , 858.70 , -9.9 , 53 , 25.43 , 2.022 , 0.024 , 2.20 , 289.20
210 , 1142 , 852.64 , -9.9 , 54 , 25.35 , 2.031 , 0.024 , 2.31 , 289.09
220 , 1189 , 847.50 , -10.1 , 53 , 25.29 , 2.037 , 0.024 , 2.41 , 288.99
230 , 1244 , 841.44 , -10.6 , 53 , 25.22 , 2.026 , 0.024 , 2.52 , 288.88
240 , 1294 , 836.02 , -11.0 , 53 , 25.16 , 2.042 , 0.024 , 2.63 , 288.77
250 , 1353 , 829.63 , -11.5 , 53 , 25.08 , 2.033 , 0.025 , 2.75 , 288.65
260 , 1398 , 824.73 , -11.9 , 52 , 25.01 , 2.027 , 0.025 , 2.84 , 288.55
270 , 1457 , 818.37 , -12.1 , 45 , 24.94 , 1.990 , 0.024 , 2.97 , 288.43
280 , 1511 , 812.63 , -12.1 , 36 , 24.89 , 1.948 , 0.024 , 3.08 , 288.32
290 , 1564 , 807.08 , -12.0 , 29 , 24.83 , 1.883 , 0.023 , 3.18 , 288.22
300 , 1622 , 800.93 , -12.2 , 26 , 24.77 , 1.816 , 0.023 , 3.29 , 288.11
310 , 1672 , 795.70 , -12.2 , 22 , 24.72 , 1.758 , 0.022 , 3.38 , 288.01
320 , 1727 , 790.03 , -12.0 , 16 , 24.67 , 1.689 , 0.021 , 3.48 , 287.92
330 , 1784 , 784.14 , -12.0 , 15 , 24.60 , 1.622 , 0.021 , 3.58 , 287.82
340 , 1837 , 778.76 , -12.2 , 14 , 24.54 , 1.563 , 0.020 , 3.66 , 287.73
350 , 1886 , 773.70 , -12.4 , 13 , 24.51 , 1.528 , 0.020 , 3.74 , 287.65
360 , 1942 , 768.12 , -12.6 , 13 , 24.44 , 1.509 , 0.020 , 3.83 , 287.57
370 , 1996 , 762.69 , -12.9 , 12 , 24.40 , 1.484 , 0.019 , 3.91 , 287.48
380 , 2048 , 757.45 , -13.1 , 12 , 24.35 , 1.461 , 0.019 , 4.00 , 287.40
390 , 2112 , 751.14 , -13.5 , 11 , 24.31 , 1.449 , 0.019 , 4.09 , 287.31
400 , 2166 , 745.84 , -13.9 , 11 , 24.24 , 1.432 , 0.019 , 4.17 , 287.23
410 , 2221 , 740.37 , -14.3 , 11 , 24.19 , 1.429 , 0.019 , 4.25 , 287.14
420 , 2283 , 734.41 , -14.2 , 11 , 24.14 , 1.406 , 0.019 , 4.35 , 287.05
430 , 2333 , 729.57 , -14.1 , 11 , 24.09 , 1.449 , 0.020 , 4.42 , 286.98
440 , 2399 , 723.20 , -14.2 , 11 , 24.03 , 1.493 , 0.021 , 4.52 , 286.88
450 , 2453 , 718.06 , -14.0 , 10 , 23.98 , 1.569 , 0.022 , 4.61 , 286.79
460 , 2508 , 712.96 , -14.3 , 10 , 23.92 , 1.617 , 0.023 , 4.70 , 286.70
470 , 2560 , 708.01 , -14.8 , 10 , 23.86 , 1.666 , 0.024 , 4.79 , 286.61
480 , 2618 , 702.61 , -15.2 , 12 , 23.80 , 1.685 , 0.024 , 4.89 , 286.51
490 , 2674 , 697.40 , -15.6 , 13 , 23.74 , 1.703 , 0.024 , 4.99 , 286.41
500 , 2725 , 692.70 , -16.0 , 13 , 23.69 , 1.707 , 0.025 , 5.08 , 286.32
510 , 2782 , 687.48 , -16.4 , 12 , 23.65 , 1.704 , 0.025 , 5.18 , 286.22
520 , 2835 , 682.65 , -16.7 , 11 , 23.60 , 1.688 , 0.025 , 5.28 , 286.12
530 , 2886 , 678.04 , -17.0 , 11 , 23.54 , 1.666 , 0.025 , 5.37 , 286.03
540 , 2945 , 672.69 , -17.4 , 12 , 23.49 , 1.634 , 0.024 , 5.47 , 285.93
550 , 2999 , 667.84 , -17.5 , 13 , 23.44 , 1.610 , 0.024 , 5.56 , 285.84
560 , 3049 , 663.44 , -17.8 , 15 , 23.39 , 1.590 , 0.024 , 5.64 , 285.75
570 , 3096 , 659.30 , -18.0 , 19 , 23.33 , 1.557 , 0.024 , 5.72 , 285.68
580 , 3140 , 655.41 , -18.1 , 21 , 23.24 , 1.490 , 0.023 , 5.79 , 285.60
590 , 3192 , 650.82 , -18.4 , 21 , 23.14 , 1.381 , 0.021 , 5.87 , 285.53
600 , 3252 , 645.59 , -18.7 , 22 , 23.05 , 1.294 , 0.020 , 5.96 , 285.44
610 , 3305 , 641.01 , -19.2 , 22 , 22.97 , 1.217 , 0.019 , 6.03 , 285.37
620 , 3362 , 636.18 , -19.5 , 23 , 22.91 , 1.173 , 0.018 , 6.10 , 285.30
630 , 3420 , 631.21 , -19.9 , 25 , 22.84 , 1.139 , 0.018 , 6.17 , 285.23
640 , 3486 , 625.56 , -20.3 , 25 , 22.79 , 1.160 , 0.019 , 6.25 , 285.14
650 , 3544 , 620.73 , -20.7 , 25 , 22.75 , 1.200 , 0.019 , 6.33 , 285.07
660 , 3600 , 616.04 , -20.8 , 21 , 22.70 , 1.285 , 0.021 , 6.40 , 285.00
670 , 3659 , 611.13 , -21.2 , 20 , 22.64 , 1.354 , 0.022 , 6.48 , 284.92
680 , 3717 , 606.30 , -21.6 , 20 , 22.60 , 1.376 , 0.023 , 6.57 , 284.83
690 , 3774 , 601.63 , -21.9 , 18 , 22.54 , 1.373 , 0.023 , 6.65 , 284.75
700 , 3832 , 596.89 , -22.4 , 16 , 22.47 , 1.386 , 0.023 , 6.74 , 284.66
710 , 3896 , 591.73 , -22.6 , 13 , 22.39 , 1.462 , 0.025 , 6.84 , 284.56
720 , 3958 , 586.71 , -22.8 , 10 , 22.35 , 1.604 , 0.027 , 6.94 , 284.46
730 , 4017 , 582.01 , -23.0 , 8 , 22.29 , 1.753 , 0.030 , 7.05 , 284.35
740 , 4087 , 576.52 , -23.5 , 9 , 22.24 , 1.884 , 0.033 , 7.18 , 284.22
750 , 4148 , 571.69 , -24.0 , 9 , 22.20 , 1.964 , 0.034 , 7.31 , 284.09
760 , 4202 , 567.47 , -24.4 , 9 , 22.17 , 1.998 , 0.035 , 7.43 , 283.97
770 , 4273 , 561.94 , -24.9 , 11 , 22.12 , 1.998 , 0.036 , 7.58 , 283.82
780 , 4334 , 557.24 , -25.4 , 10 , 22.07 , 2.014 , 0.036 , 7.71 , 283.69
790 , 4401 , 552.13 , -25.8 , 10 , 22.02 , 2.046 , 0.037 , 7.86 , 283.54
800 , 4476 , 546.49 , -26.0 , 10 , 21.99 , 2.071 , 0.038 , 8.03 , 283.37
810 , 4534 , 542.11 , -26.3 , 10 , 21.96 , 2.068 , 0.038 , 8.16 , 283.24
820 , 4597 , 537.35 , -26.8 , 10 , 21.91 , 2.061 , 0.038 , 8.30 , 283.10
830 , 4659 , 532.74 , -27.3 , 10 , 21.86 , 2.061 , 0.039 , 8.44 , 282.96
840 , 4725 , 527.91 , -27.6 , 9 , 21.82 , 2.092 , 0.040 , 8.59 , 282.81
850 , 4795 , 522.78 , -28.1 , 9 , 21.76 , 2.058 , 0.039 , 8.75 , 282.65
860 , 4853 , 518.57 , -28.5 , 9 , 21.73 , 2.047 , 0.039 , 8.88 , 282.52
870 , 4917 , 513.94 , -29.1 , 11 , 21.70 , 2.011 , 0.039 , 9.03 , 282.37
880 , 4978 , 509.60 , -29.5 , 14 , 21.65 , 1.974 , 0.039 , 9.16 , 282.24
890 , 5040 , 505.14 , -29.9 , 15 , 21.62 , 1.934 , 0.038 , 9.29 , 282.10
900 , 5104 , 500.63 , -30.4 , 15 , 21.57 , 1.911 , 0.038 , 9.43 , 281.97
910 , 5157 , 496.93 , -30.9 , 16 , 21.55 , 1.886 , 0.038 , 9.54 , 281.86
920 , 5218 , 492.67 , -31.2 , 16 , 21.52 , 1.841 , 0.037 , 9.67 , 281.73
930 , 5273 , 488.85 , -31.5 , 16 , 21.46 , 1.805 , 0.037 , 9.78 , 281.62
940 , 5326 , 485.22 , -31.9 , 17 , 21.43 , 1.757 , 0.036 , 9.89 , 281.51
950 , 5383 , 481.26 , -32.4 , 17 , 21.39 , 1.712 , 0.036 , 10.00 , 281.40
960 , 5434 , 477.80 , -32.7 , 17 , 21.36 , 1.674 , 0.035 , 10.09 , 281.30
970 , 5488 , 474.17 , -32.8 , 15 , 21.31 , 1.717 , 0.036 , 10.20 , 281.20
980 , 5539 , 470.73 , -33.0 , 14 , 21.28 , 1.766 , 0.038 , 10.30 , 281.10
990 , 5589 , 467.41 , -33.3 , 16 , 21.22 , 1.667 , 0.036 , 10.39 , 281.01
1000 , 5640 , 464.03 , -33.6 , 19 , 21.19 , 1.575 , 0.034 , 10.48 , 280.91
1010 , 5688 , 460.87 , -33.9 , 20 , 21.16 , 1.513 , 0.033 , 10.57 , 280.83
1020 , 5737 , 457.66 , -34.4 , 18 , 21.11 , 1.518 , 0.033 , 10.65 , 280.75
1030 , 5784 , 454.56 , -34.7 , 14 , 21.06 , 1.545 , 0.034 , 10.73 , 280.66
1040 , 5836 , 451.15 , -35.0 , 13 , 21.02 , 1.591 , 0.035 , 10.83 , 280.57
1050 , 5888 , 447.83 , -35.2 , 11 , 20.97 , 1.560 , 0.035 , 10.92 , 280.48
1060 , 5939 , 444.53 , -35.5 , 10 , 20.93 , 1.481 , 0.033 , 11.01 , 280.39
1070 , 5993 , 441.12 , -35.9 , 10 , 20.89 , 1.448 , 0.033 , 11.10 , 280.30
1080 , 6047 , 437.67 , -36.4 , 10 , 20.86 , 1.443 , 0.033 , 11.19 , 280.21
1090 , 6103 , 434.19 , -36.7 , 10 , 20.82 , 1.467 , 0.034 , 11.28 , 280.12
1100 , 6153 , 431.04 , -37.1 , 9 , 20.79 , 1.392 , 0.032 , 11.36 , 280.04
1110 , 6208 , 427.60 , -37.4 , 8 , 20.75 , 1.297 , 0.030 , 11.44 , 279.95
1120 , 6261 , 424.38 , -37.8 , 8 , 20.69 , 1.240 , 0.029 , 11.52 , 279.88
1130 , 6308 , 421.49 , -38.0 , 8 , 20.65 , 1.250 , 0.030 , 11.59 , 279.81
1140 , 6369 , 417.73 , -38.5 , 9 , 20.60 , 1.249 , 0.030 , 11.68 , 279.72
1150 , 6417 , 414.80 , -38.8 , 9 , 20.55 , 1.259 , 0.030 , 11.75 , 279.65
1160 , 6474 , 411.37 , -39.2 , 10 , 20.48 , 1.221 , 0.030 , 11.83 , 279.57
1170 , 6520 , 408.63 , -39.6 , 11 , 20.42 , 1.209 , 0.030 , 11.89 , 279.51
1180 , 6570 , 405.66 , -40.0 , 11 , 20.36 , 1.254 , 0.031 , 11.96 , 279.44
1190 , 6635 , 401.80 , -40.4 , 12 , 20.29 , 1.273 , 0.032 , 12.06 , 279.34
1200 , 6684 , 398.91 , -40.8 , 13 , 20.25 , 1.295 , 0.032 , 12.13 , 279.27
1210 , 6745 , 395.33 , -41.2 , 13 , 20.21 , 1.323 , 0.033 , 12.22 , 279.17
1220 , 6798 , 392.31 , -41.5 , 13 , 20.16 , 1.325 , 0.034 , 12.30 , 279.09
1230 , 6861 , 388.63 , -42.0 , 14 , 20.11 , 1.312 , 0.034 , 12.40 , 279.00
1240 , 6924 , 385.08 , -42.3 , 14 , 20.06 , 1.337 , 0.035 , 12.50 , 278.90
1250 , 6986 , 381.53 , -42.6 , 14 , 20.04 , 1.370 , 0.036 , 12.60 , 278.80
1260 , 7039 , 378.56 , -42.9 , 14 , 20.01 , 1.381 , 0.036 , 12.68 , 278.72
1270 , 7095 , 375.39 , -43.4 , 14 , 19.97 , 1.361 , 0.036 , 12.77 , 278.63
1280 , 7159 , 371.87 , -43.8 , 14 , 19.94 , 1.359 , 0.037 , 12.87 , 278.52
1290 , 7219 , 368.51 , -44.3 , 14 , 19.90 , 1.343 , 0.036 , 12.97 , 278.43
1300 , 7291 , 364.60 , -44.6 , 14 , 19.86 , 1.282 , 0.035 , 13.08 , 278.32
1310 , 7350 , 361.41 , -44.9 , 13 , 19.81 , 1.249 , 0.035 , 13.17 , 278.23
1320 , 7399 , 358.73 , -45.1 , 13 , 19.77 , 1.241 , 0.035 , 13.24 , 278.16
1330 , 7455 , 355.73 , -45.5 , 13 , 19.73 , 1.242 , 0.035 , 13.32 , 278.07
1340 , 7517 , 352.46 , -46.0 , 13 , 19.69 , 1.237 , 0.035 , 13.41 , 277.98
1350 , 7586 , 348.83 , -46.4 , 14 , 19.65 , 1.244 , 0.036 , 13.52 , 277.88
1360 , 7630 , 346.48 , -46.7 , 14 , 19.61 , 1.320 , 0.038 , 13.58 , 277.81
1370 , 7696 , 343.04 , -47.1 , 16 , 19.55 , 1.368 , 0.040 , 13.69 , 277.71
1380 , 7753 , 340.13 , -47.6 , 17 , 19.49 , 1.421 , 0.042 , 13.78 , 277.61
1390 , 7817 , 336.86 , -47.9 , 17 , 19.43 , 1.451 , 0.043 , 13.89 , 277.50
1400 , 7873 , 334.00 , -48.3 , 17 , 19.39 , 1.453 , 0.044 , 13.99 , 277.41
1410 , 7925 , 331.36 , -48.6 , 17 , 19.36 , 1.465 , 0.044 , 14.08 , 277.32
1420 , 7985 , 328.33 , -49.0 , 17 , 19.33 , 1.459 , 0.044 , 14.19 , 277.21
1430 , 8042 , 325.49 , -49.4 , 17 , 19.29 , 1.458 , 0.045 , 14.29 , 277.11
1440 , 8104 , 322.43 , -49.8 , 17 , 19.24 , 1.478 , 0.046 , 14.40 , 277.00
1450 , 8159 , 319.71 , -50.3 , 18 , 19.19 , 1.459 , 0.046 , 14.50 , 276.90
1460 , 8221 , 316.70 , -50.8 , 19 , 19.14 , 1.387 , 0.044 , 14.60 , 276.80
1470 , 8276 , 314.02 , -51.1 , 19 , 19.08 , 1.284 , 0.041 , 14.69 , 276.71
1480 , 8324 , 311.72 , -51.3 , 19 , 19.05 , 1.204 , 0.039 , 14.76 , 276.63
1490 , 8377 , 309.20 , -51.8 , 19 , 19.02 , 1.158 , 0.037 , 14.84 , 276.56
1500 , 8437 , 306.31 , -52.2 , 19 , 19.01 , 1.085 , 0.035 , 14.92 , 276.48
1510 , 8504 , 303.19 , -52.7 , 19 , 18.97 , 1.071 , 0.035 , 15.01 , 276.39
1520 , 8558 , 300.63 , -53.1 , 19 , 18.93 , 1.123 , 0.037 , 15.08 , 276.31
1530 , 8627 , 297.43 , -53.6 , 19 , 18.92 , 1.163 , 0.039 , 15.18 , 276.22
1540 , 8682 , 294.90 , -54.1 , 19 , 18.90 , 1.200 , 0.041 , 15.26 , 276.14
1550 , 8743 , 292.11 , -54.3 , 19 , 18.85 , 1.217 , 0.042 , 15.35 , 276.05
1560 , 8804 , 289.34 , -54.7 , 19 , 18.82 , 1.217 , 0.042 , 15.44 , 275.96
1570 , 8871 , 286.33 , -55.2 , 19 , 18.79 , 1.221 , 0.043 , 15.54 , 275.86
1580 , 8934 , 283.49 , -55.6 , 19 , 18.76 , 1.207 , 0.043 , 15.64 , 275.76
1590 , 8989 , 281.04 , -55.9 , 19 , 18.73 , 1.226 , 0.044 , 15.72 , 275.68
1600 , 9054 , 278.21 , -56.4 , 19 , 18.70 , 1.215 , 0.044 , 15.82 , 275.58
1610 , 9111 , 275.70 , -56.8 , 19 , 18.67 , 1.217 , 0.044 , 15.91 , 275.49
1620 , 9181 , 272.69 , -57.3 , 20 , 18.62 , 1.192 , 0.044 , 16.01 , 275.39
1630 , 9236 , 270.30 , -57.8 , 20 , 18.57 , 1.179 , 0.044 , 16.09 , 275.31
1640 , 9296 , 267.74 , -58.2 , 21 , 18.53 , 1.157 , 0.043 , 16.18 , 275.22
1650 , 9354 , 265.30 , -58.5 , 21 , 18.50 , 1.122 , 0.042 , 16.26 , 275.14
1660 , 9398 , 263.44 , -58.6 , 21 , 18.47 , 1.102 , 0.042 , 16.32 , 275.07
1670 , 9456 , 261.01 , -59.0 , 22 , 18.43 , 1.081 , 0.041 , 16.40 , 274.99
1680 , 9512 , 258.67 , -59.3 , 22 , 18.40 , 1.246 , 0.048 , 16.49 , 274.91
1690 , 9571 , 256.25 , -59.3 , 23 , 18.37 , 1.371 , 0.054 , 16.58 , 274.81
1700 , 9611 , 254.61 , -59.3 , 24 , 18.35 , 1.513 , 0.059 , 16.66 , 274.74
1710 , 9672 , 252.14 , -58.7 , 25 , 18.30 , 1.759 , 0.070 , 16.78 , 274.62
1720 , 9725 , 250.04 , -58.3 , 25 , 18.25 , 2.219 , 0.089 , 16.91 , 274.48
1730 , 9764 , 248.50 , -58.2 , 25 , 18.20 , 2.528 , 0.102 , 17.03 , 274.37
1740 , 9801 , 247.02 , -57.6 , 24 , 18.16 , 2.973 , 0.120 , 17.16 , 274.24
1750 , 9869 , 244.41 , -56.4 , 22 , 18.12 , 3.568 , 0.146 , 17.43 , 273.96
1760 , 9942 , 241.60 , -54.9 , 19 , 18.07 , 4.267 , 0.177 , 17.79 , 273.61
1770 , 10002 , 239.37 , -54.6 , 15 , 18.03 , 4.690 , 0.196 , 18.12 , 273.28
1780 , 10073 , 236.73 , -55.0 , 12 , 18.00 , 4.991 , 0.211 , 18.54 , 272.86
1790 , 10115 , 235.17 , -55.2 , 10 , 17.97 , 5.189 , 0.221 , 18.81 , 272.59
1800 , 10154 , 233.71 , -54.5 , 8 , 17.93 , 5.370 , 0.230 , 19.07 , 272.33
1810 , 10193 , 232.33 , -53.7 , 7 , 17.89 , 5.656 , 0.243 , 19.33 , 272.07
1820 , 10233 , 230.86 , -53.5 , 5 , 17.86 , 5.730 , 0.248 , 19.61 , 271.79
1830 , 10280 , 229.20 , -52.3 , 4 , 17.84 , 5.949 , 0.260 , 19.94 , 271.45
1840 , 10341 , 227.03 , -51.5 , 3 , 17.81 , 5.917 , 0.261 , 20.39 , 271.01
1850 , 10397 , 225.09 , -51.0 , 1 , 17.77 , 6.137 , 0.273 , 20.80 , 270.60
1860 , 10439 , 223.65 , -50.9 , 1 , 17.74 , 6.170 , 0.276 , 21.11 , 270.29
1870 , 10491 , 221.87 , -50.9 , 0 , 17.72 , 6.265 , 0.282 , 21.50 , 269.90
1880 , 10536 , 220.32 , -51.1 , 0 , 17.69 , 6.215 , 0.282 , 21.84 , 269.55
1890 , 10586 , 218.66 , -51.3 , 0 , 17.66 , 6.086 , 0.278 , 22.21 , 269.18
1900 , 10640 , 216.84 , -51.4 , -1 , 17.64 , 6.123 , 0.282 , 22.61 , 268.78
1910 , 10674 , 215.72 , -51.0 , -1 , 17.62 , 6.120 , 0.284 , 22.87 , 268.53
1920 , 10722 , 214.13 , -49.9 , -1 , 17.60 , 6.022 , 0.281 , 23.22 , 268.18
1930 , 10760 , 212.89 , -49.7 , -1 , 17.58 , 6.133 , 0.288 , 23.50 , 267.90
1940 , 10803 , 211.50 , -49.6 , -2 , 17.55 , 6.177 , 0.292 , 23.82 , 267.58
1950 , 10841 , 210.25 , -49.5 , -2 , 17.52 , 6.139 , 0.292 , 24.11 , 267.29
1960 , 10881 , 208.97 , -49.4 , -2 , 17.51 , 6.165 , 0.295 , 24.40 , 267.00
1970 , 10927 , 207.53 , -49.5 , -2 , 17.48 , 6.034 , 0.291 , 24.73 , 266.66
1980 , 10961 , 206.46 , -49.3 , -2 , 17.47 , 6.020 , 0.292 , 24.98 , 266.42
1990 , 11009 , 204.94 , -48.9 , -2 , 17.46 , 6.007 , 0.293 , 25.33 , 266.07
2000 , 11057 , 203.46 , -48.9 , -2 , 17.45 , 5.942 , 0.292 , 25.67 , 265.72
2010 , 11109 , 201.84 , -49.0 , -2 , 17.42 , 5.898 , 0.292 , 26.05 , 265.35
2020 , 11152 , 200.53 , -48.7 , -2 , 17.39 , 5.927 , 0.296 , 26.35 , 265.05
2030 , 11200 , 199.06 , -48.0 , -2 , 17.37 , 5.890 , 0.296 , 26.69 , 264.70
2040 , 11244 , 197.74 , -48.1 , -2 , 17.36 , 5.712 , 0.289 , 27.00 , 264.40
2050 , 11286 , 196.47 , -48.2 , -2 , 17.35 , 5.718 , 0.291 , 27.29 , 264.11
2060 , 11333 , 195.09 , -48.1 , -2 , 17.33 , 5.701 , 0.292 , 27.61 , 263.79
2070 , 11356 , 194.40 , -47.8 , -2 , 17.34 , 5.653 , 0.291 , 27.76 , 263.63
2080 , 11426 , 192.36 , -47.5 , -3 , 17.32 , 5.609 , 0.292 , 28.23 , 263.16
2090 , 11471 , 191.06 , -47.3 , -3 , 17.31 , 5.609 , 0.294 , 28.53 , 262.86
2100 , 11512 , 189.87 , -47.4 , -3 , 17.30 , 5.519 , 0.291 , 28.81 , 262.59
2110 , 11554 , 188.68 , -47.3 , -3 , 17.29 , 5.547 , 0.294 , 29.08 , 262.31
2120 , 11595 , 187.50 , -47.3 , -3 , 17.28 , 5.476 , 0.292 , 29.36 , 262.04
2130 , 11642 , 186.17 , -47.2 , -3 , 17.27 , 5.435 , 0.292 , 29.66 , 261.74
2140 , 11679 , 185.14 , -47.0 , -3 , 17.26 , 5.419 , 0.293 , 29.90 , 261.50
2150 , 11730 , 183.71 , -47.0 , -3 , 17.25 , 5.315 , 0.289 , 30.23 , 261.17
2160 , 11775 , 182.46 , -47.3 , -3 , 17.23 , 5.217 , 0.286 , 30.51 , 260.89
2170 , 11816 , 181.33 , -47.3 , -3 , 17.21 , 5.250 , 0.290 , 30.77 , 260.63
2180 , 11852 , 180.35 , -47.5 , -3 , 17.19 , 5.276 , 0.293 , 30.99 , 260.40
2190 , 11892 , 179.27 , -47.4 , -3 , 17.18 , 5.232 , 0.292 , 31.24 , 260.16
2200 , 11933 , 178.16 , -47.4 , -3 , 17.15 , 5.185 , 0.291 , 31.50 , 259.90
2210 , 11968 , 177.20 , -47.7 , -3 , 17.15 , 5.187 , 0.293 , 31.72 , 259.68
2220 , 12010 , 176.08 , -47.7 , -3 , 17.12 , 5.177 , 0.294 , 31.98 , 259.42
2230 , 12046 , 175.14 , -47.4 , -3 , 17.11 , 5.228 , 0.299 , 32.20 , 259.20
2240 , 12082 , 174.17 , -47.1 , -3 , 17.10 , 5.102 , 0.293 , 32.42 , 258.97
2250 , 12119 , 173.21 , -46.9 , -3 , 17.06 , 5.147 , 0.297 , 32.65 , 258.75
2260 , 12155 , 172.26 , -46.6 , -3 , 17.05 , 5.106 , 0.296 , 32.87 , 258.53
2270 , 12197 , 171.18 , -46.6 , -3 , 17.04 , 5.121 , 0.299 , 33.12 , 258.27
2280 , 12230 , 170.34 , -46.7 , -3 , 17.02 , 5.247 , 0.308 , 33.32 , 258.07
2290 , 12268 , 169.37 , -46.5 , -3 , 17.01 , 5.290 , 0.312 , 33.56 , 257.84
2300 , 12303 , 168.46 , -46.2 , -3 , 16.99 , 5.225 , 0.310 , 33.79 , 257.61
2310 , 12339 , 167.56 , -46.1 , -3 , 16.99 , 5.251 , 0.313 , 34.01 , 257.39
2320 , 12375 , 166.66 , -45.8 , -3 , 16.97 , 5.380 , 0.323 , 34.23 , 257.16
2330 , 12414 , 165.69 , -45.5 , -3 , 16.96 , 5.327 , 0.322 , 34.48 , 256.92
2340 , 12456 , 164.63 , -45.0 , -3 , 16.93 , 5.376 , 0.327 , 34.75 , 256.65
2350 , 12492 , 163.74 , -45.1 , -3 , 16.92 , 5.380 , 0.329 , 34.98 , 256.42
2360 , 12536 , 162.67 , -45.2 , -3 , 16.92 , 5.468 , 0.336 , 35.26 , 256.14
2370 , 12573 , 161.78 , -45.1 , -3 , 16.90 , 5.393 , 0.333 , 35.50 , 255.90
2380 , 12623 , 160.57 , -45.0 , -3 , 16.89 , 5.397 , 0.336 , 35.82 , 255.58
2390 , 12665 , 159.56 , -45.1 , -3 , 16.87 , 5.429 , 0.340 , 36.09 , 255.31
2400 , 12707 , 158.57 , -45.0 , -3 , 16.86 , 5.372 , 0.339 , 36.35 , 255.05
2410 , 12751 , 157.53 , -45.0 , -3 , 16.85 , 5.418 , 0.344 , 36.63 , 254.77
2420 , 12788 , 156.66 , -45.0 , -3 , 16.84 , 5.360 , 0.342 , 36.87 , 254.53
2430 , 12837 , 155.52 , -44.9 , -3 , 16.82 , 5.295 , 0.340 , 37.18 , 254.22
2440 , 12872 , 154.70 , -45.1 , -3 , 16.80 , 5.201 , 0.336 , 37.39 , 254.00
2450 , 12914 , 153.73 , -44.9 , -3 , 16.80 , 5.232 , 0.340 , 37.65 , 253.75
2460 , 12953 , 152.84 , -44.8 , -3 , 16.77 , 4.958 , 0.324 , 37.89 , 253.51
2470 , 12991 , 151.96 , -44.7 , -3 , 16.76 , 4.828 , 0.318 , 38.11 , 253.29
2480 , 13029 , 151.10 , -44.7 , -3 , 16.75 , 4.725 , 0.313 , 38.32 , 253.08
2490 , 13067 , 150.24 , -44.9 , -3 , 16.74 , 4.522 , 0.301 , 38.53 , 252.87
2500 , 13106 , 149.37 , -45.0 , -3 , 16.72 , 4.543 , 0.304 , 38.74 , 252.66
2510 , 13138 , 148.66 , -45.0 , -3 , 16.71 , 4.424 , 0.298 , 38.91 , 252.49
2520 , 13179 , 147.76 , -45.1 , -3 , 16.69 , 4.414 , 0.299 , 39.12 , 252.28
2530 , 13215 , 146.96 , -45.0 , -3 , 16.68 , 4.503 , 0.306 , 39.31 , 252.09
2540 , 13249 , 146.20 , -45.0 , -3 , 16.66 , 4.421 , 0.302 , 39.49 , 251.91
2550 , 13285 , 145.41 , -44.7 , -3 , 16.65 , 4.609 , 0.317 , 39.69 , 251.71
2560 , 13322 , 144.63 , -44.6 , -3 , 16.63 , 4.847 , 0.335 , 39.89 , 251.51
2570 , 13361 , 143.77 , -44.7 , -3 , 16.61 , 5.164 , 0.359 , 40.12 , 251.28
2580 , 13397 , 143.02 , -44.5 , -3 , 16.60 , 5.342 , 0.374 , 40.34 , 251.06
2590 , 13434 , 142.21 , -44.4 , -3 , 16.58 , 5.407 , 0.380 , 40.58 , 250.82
2600 , 13469 , 141.47 , -44.1 , -3 , 16.57 , 5.306 , 0.375 , 40.80 , 250.60
2610 , 13510 , 140.61 , -43.8 , -3 , 16.55 , 5.085 , 0.362 , 41.05 , 250.35
2620 , 13549 , 139.80 , -43.5 , -3 , 16.54 , 4.974 , 0.356 , 41.28 , 250.12
2630 , 13589 , 138.97 , -43.5 , -3 , 16.52 , 4.982 , 0.358 , 41.51 , 249.88
2640 , 13628 , 138.18 , -43.5 , -3 , 16.50 , 4.977 , 0.360 , 41.74 , 249.66
2650 , 13666 , 137.40 , -43.5 , -3 , 16.48 , 5.137 , 0.374 , 41.96 , 249.43
2660 , 13708 , 136.53 , -43.4 , -3 , 16.47 , 5.333 , 0.391 , 42.23 , 249.17
2670 , 13745 , 135.79 , -43.2 , -3 , 16.45 , 5.604 , 0.413 , 42.46 , 248.94
2680 , 13783 , 135.02 , -43.4 , -3 , 16.43 , 5.778 , 0.428 , 42.72 , 248.68
2690 , 13822 , 134.24 , -43.4 , -3 , 16.42 , 6.025 , 0.449 , 42.99 , 248.41
2700 , 13859 , 133.50 , -43.5 , -3 , 16.40 , 6.378 , 0.478 , 43.26 , 248.14
2710 , 13894 , 132.80 , -43.6 , -3 , 16.39 , 6.457 , 0.486 , 43.52 , 247.88
2720 , 13932 , 132.06 , -43.7 , -3 , 16.37 , 6.561 , 0.497 , 43.81 , 247.59
2730 , 13972 , 131.29 , -43.6 , -3 , 16.36 , 6.670 , 0.508 , 44.12 , 247.28
2740 , 14007 , 130.60 , -43.7 , -3 , 16.33 , 6.678 , 0.511 , 44.39 , 247.01
2750 , 14044 , 129.88 , -43.4 , -3 , 16.32 , 6.862 , 0.528 , 44.69 , 246.71
2760 , 14078 , 129.23 , -43.2 , -3 , 16.31 , 6.684 , 0.517 , 44.96 , 246.44
2770 , 14119 , 128.44 , -43.2 , -3 , 16.29 , 6.476 , 0.504 , 45.27 , 246.12
2780 , 14158 , 127.70 , -43.2 , -3 , 16.27 , 6.270 , 0.491 , 45.56 , 245.83
2790 , 14199 , 126.93 , -43.2 , -3 , 16.25 , 6.030 , 0.475 , 45.86 , 245.54
2800 , 14242 , 126.11 , -43.0 , -3 , 16.24 , 6.077 , 0.482 , 46.17 , 245.23
2810 , 14277 , 125.45 , -43.1 , -3 , 16.22 , 6.301 , 0.502 , 46.42 , 244.97
2820 , 14323 , 124.60 , -43.3 , -3 , 16.21 , 6.433 , 0.516 , 46.77 , 244.63
2830 , 14360 , 123.93 , -43.2 , -3 , 16.19 , 6.660 , 0.537 , 47.05 , 244.35
2840 , 14404 , 123.11 , -42.9 , -3 , 16.17 , 6.845 , 0.556 , 47.40 , 244.00
2850 , 14444 , 122.39 , -42.7 , -3 , 16.15 , 6.992 , 0.571 , 47.72 , 243.68
2860 , 14480 , 121.73 , -42.7 , -3 , 16.13 , 7.066 , 0.580 , 48.02 , 243.38
2870 , 14518 , 121.05 , -42.2 , -3 , 16.12 , 7.197 , 0.595 , 48.33 , 243.06
2880 , 14552 , 120.45 , -42.2 , -3 , 16.11 , 7.286 , 0.605 , 48.62 , 242.78
2890 , 14594 , 119.70 , -42.0 , -3 , 16.08 , 7.400 , 0.618 , 48.98 , 242.42
2900 , 14628 , 119.10 , -42.0 , -3 , 16.07 , 7.677 , 0.645 , 49.28 , 242.12
2910 , 14668 , 118.40 , -42.1 , -3 , 16.05 , 7.848 , 0.663 , 49.64 , 241.76
2920 , 14698 , 117.87 , -41.9 , -3 , 16.04 , 7.952 , 0.675 , 49.92 , 241.48
2930 , 14737 , 117.20 , -41.6 , -3 , 16.01 , 8.015 , 0.684 , 50.28 , 241.12
2940 , 14771 , 116.61 , -41.6 , -3 , 15.99 , 8.145 , 0.698 , 50.60 , 240.80
2950 , 14806 , 116.00 , -41.6 , -3 , 15.98 , 8.325 , 0.718 , 50.94 , 240.46
2960 , 14847 , 115.31 , -41.5 , -3 , 15.97 , 8.506 , 0.738 , 51.34 , 240.06
2970 , 14882 , 114.71 , -41.5 , -3 , 15.96 , 8.547 , 0.745 , 51.69 , 239.71
2980 , 14920 , 114.07 , -41.6 , -3 , 15.94 , 8.562 , 0.751 , 52.07 , 239.33
2990 , 14954 , 113.50 , -41.7 , -3 , 15.92 , 8.593 , 0.757 , 52.41 , 238.99
3000 , 14996 , 112.80 , -41.5 , -3 , 15.90 , 8.561 , 0.759 , 52.82 , 238.57
3010 , 15036 , 112.14 , -41.6 , -3 , 15.88 , 8.705 , 0.776 , 53.23 , 238.17
3020 , 15078 , 111.44 , -41.7 , -3 , 15.87 , 8.715 , 0.782 , 53.65 , 237.75
3030 , 15117 , 110.80 , -42.0 , -3 , 15.85 , 8.685 , 0.784 , 54.05 , 237.35
3040 , 15160 , 110.10 , -41.7 , -3 , 15.84 , 8.699 , 0.790 , 54.48 , 236.91
3050 , 15200 , 109.46 , -41.7 , -3 , 15.82 , 8.864 , 0.810 , 54.89 , 236.51
3060 , 15234 , 108.90 , -41.8 , -3 , 15.81 , 8.854 , 0.813 , 55.25 , 236.15
3070 , 15278 , 108.20 , -41.8 , -3 , 15.78 , 9.085 , 0.840 , 55.70 , 235.69
3080 , 15317 , 107.59 , -42.0 , -3 , 15.78 , 9.106 , 0.846 , 56.11 , 235.29
3090 , 15353 , 107.02 , -41.9 , -3 , 15.76 , 9.203 , 0.860 , 56.50 , 234.90
3100 , 15388 , 106.45 , -41.7 , -3 , 15.74 , 9.271 , 0.871 , 56.88 , 234.52
3110 , 15430 , 105.80 , -41.9 , -3 , 15.73 , 9.320 , 0.881 , 57.33 , 234.07
3120 , 15469 , 105.19 , -41.9 , -3 , 15.71 , 9.345 , 0.888 , 57.76 , 233.64
3130 , 15507 , 104.60 , -41.9 , -3 , 15.70 , 9.508 , 0.909 , 58.18 , 233.22
3140 , 15546 , 104.00 , -41.8 , -3 , 15.68 , 9.615 , 0.925 , 58.61 , 232.79
3150 , 15585 , 103.40 , -41.6 , -3 , 15.67 , 9.652 , 0.933 , 59.05 , 232.35
3160 , 15627 , 102.77 , -41.6 , -3 , 15.66 , 9.774 , 0.951 , 59.52 , 231.88
3170 , 15667 , 102.16 , -41.7 , -3 , 15.64 , 9.864 , 0.966 , 59.98 , 231.42
3180 , 15705 , 101.59 , -41.8 , -3 , 15.63 , 9.852 , 0.970 , 60.42 , 230.98
3190 , 15750 , 100.91 , -41.8 , -3 , 15.62 , 9.896 , 0.981 , 60.94 , 230.46
3200 , 15785 , 100.40 , -41.8 , -3 , 15.61 , 9.991 , 0.995 , 61.34 , 230.06
3210 , 15829 , 99.74 , -41.8 , -3 , 15.59 , 10.105 , 1.013 , 61.86 , 229.54
3220 , 15866 , 99.20 , -41.7 , -3 , 15.58 , 10.282 , 1.036 , 62.30 , 229.10
3230 , 15910 , 98.56 , -41.5 , -3 , 15.56 , 10.466 , 1.062 , 62.83 , 228.57
3240 , 15948 , 98.01 , -41.3 , -3 , 15.54 , 10.722 , 1.094 , 63.29 , 228.11
3250 , 15988 , 97.43 , -41.2 , -3 , 15.53 , 10.923 , 1.121 , 63.80 , 227.60
3260 , 16028 , 96.86 , -41.2 , -3 , 15.52 , 11.173 , 1.153 , 64.31 , 227.09
3270 , 16066 , 96.33 , -41.1 , -3 , 15.51 , 11.352 , 1.178 , 64.80 , 226.60
3280 , 16108 , 95.73 , -41.1 , -3 , 15.49 , 11.486 , 1.200 , 65.36 , 226.03
3290 , 16146 , 95.20 , -41.1 , -3 , 15.47 , 11.519 , 1.210 , 65.87 , 225.53
3300 , 16190 , 94.59 , -41.0 , -3 , 15.46 , 11.583 , 1.225 , 66.46 , 224.94
3310 , 16226 , 94.09 , -40.9 , -3 , 15.45 , 11.684 , 1.242 , 66.94 , 224.45
3320 , 16272 , 93.45 , -40.8 , -3 , 15.44 , 11.711 , 1.253 , 67.57 , 223.83
3330 , 16308 , 92.95 , -40.7 , -3 , 15.42 , 11.875 , 1.278 , 68.07 , 223.33
3340 , 16348 , 92.41 , -40.6 , -3 , 15.42 , 11.959 , 1.294 , 68.61 , 222.79
3350 , 16391 , 91.83 , -40.7 , -3 , 15.39 , 11.959 , 1.302 , 69.21 , 222.19
3360 , 16427 , 91.34 , -40.6 , -3 , 15.39 , 12.187 , 1.334 , 69.72 , 221.68
3370 , 16466 , 90.81 , -40.5 , -3 , 15.37 , 12.453 , 1.371 , 70.28 , 221.12
3380 , 16503 , 90.33 , -40.4 , -3 , 15.36 , 12.595 , 1.394 , 70.81 , 220.59
3390 , 16545 , 89.77 , -40.5 , -3 , 15.36 , 12.813 , 1.427 , 71.43 , 219.97
3400 , 16584 , 89.26 , -40.4 , -3 , 15.34 , 13.041 , 1.461 , 72.02 , 219.38
3410 , 16621 , 88.77 , -40.0 , -3 , 15.33 , 13.298 , 1.498 , 72.59 , 218.81
3420 , 16660 , 88.27 , -39.8 , -3 , 15.32 , 13.541 , 1.534 , 73.18 , 218.21
3430 , 16693 , 87.84 , -39.7 , -3 , 15.31 , 13.553 , 1.543 , 73.70 , 217.69
3440 , 16737 , 87.29 , -39.7 , -3 , 15.28 , 13.488 , 1.545 , 74.38 , 217.01
3450 , 16770 , 86.87 , -39.7 , -3 , 15.27 , 13.384 , 1.541 , 74.89 , 216.50
3460 , 16812 , 86.33 , -39.6 , -3 , 15.27 , 13.325 , 1.544 , 75.55 , 215.85
3470 , 16851 , 85.84 , -39.6 , -3 , 15.26 , 13.278 , 1.547 , 76.15 , 215.25
3480 , 16891 , 85.34 , -39.6 , -3 , 15.24 , 13.319 , 1.561 , 76.75 , 214.64
3490 , 16934 , 84.80 , -39.7 , -3 , 15.22 , 13.347 , 1.574 , 77.43 , 213.97
3500 , 16971 , 84.34 , -39.6 , -3 , 15.21 , 13.384 , 1.587 , 78.00 , 213.40
3510 , 17017 , 83.78 , -39.6 , -3 , 15.20 , 13.451 , 1.605 , 78.70 , 212.70
3520 , 17047 , 83.41 , -39.7 , -3 , 15.19 , 13.465 , 1.614 , 79.17 , 212.23
3530 , 17093 , 82.86 , -39.7 , -3 , 15.18 , 13.397 , 1.617 , 79.88 , 211.52
3540 , 17131 , 82.39 , -39.7 , -3 , 15.17 , 13.376 , 1.624 , 80.48 , 210.92
3550 , 17170 , 81.93 , -39.7 , -3 , 15.16 , 13.296 , 1.623 , 81.07 , 210.33
3560 , 17212 , 81.42 , -39.7 , -3 , 15.14 , 13.376 , 1.643 , 81.73 , 209.67
3570 , 17247 , 81.00 , -39.8 , -3 , 15.13 , 13.509 , 1.668 , 82.27 , 209.13
3580 , 17289 , 80.51 , -39.9 , -3 , 15.11 , 13.349 , 1.658 , 82.91 , 208.49
3590 , 17325 , 80.09 , -40.0 , -3 , 15.10 , 13.431 , 1.677 , 83.47 , 207.92
3600 , 17366 , 79.60 , -40.1 , -3 , 15.09 , 13.556 , 1.703 , 84.12 , 207.28
3610 , 17403 , 79.17 , -40.1 , -3 , 15.08 , 13.422 , 1.695 , 84.70 , 206.70
3620 , 17444 , 78.70 , -39.9 , -3 , 15.06 , 13.361 , 1.698 , 85.33 , 206.07
3630 , 17484 , 78.24 , -39.8 , -3 , 15.05 , 13.332 , 1.704 , 85.94 , 205.46
3640 , 17519 , 77.84 , -39.7 , -3 , 15.05 , 13.328 , 1.712 , 86.48 , 204.92
3650 , 17560 , 77.37 , -39.6 , -3 , 15.02 , 13.354 , 1.726 , 87.12 , 204.28
3660 , 17593 , 77.00 , -39.6 , -3 , 15.01 , 13.461 , 1.748 , 87.63 , 203.77
3670 , 17635 , 76.53 , -39.6 , -3 , 15.00 , 13.506 , 1.765 , 88.28 , 203.12
3680 , 17669 , 76.15 , -39.7 , -3 , 14.99 , 13.532 , 1.777 , 88.81 , 202.59
3690 , 17707 , 75.73 , -39.7 , -3 , 14.99 , 13.702 , 1.809 , 89.41 , 201.99
3700 , 17746 , 75.30 , -39.8 , -3 , 14.97 , 13.641 , 1.811 , 90.02 , 201.38
3710 , 17781 , 74.91 , -39.7 , -3 , 14.96 , 13.576 , 1.812 , 90.57 , 200.83
3720 , 17825 , 74.43 , -39.6 , -3 , 14.94 , 13.243 , 1.779 , 91.25 , 200.14
3730 , 17857 , 74.09 , -39.4 , -3 , 14.94 , 13.208 , 1.783 , 91.74 , 199.66
3740 , 17899 , 73.63 , -39.4 , -3 , 14.92 , 13.295 , 1.806 , 92.39 , 199.01
3750 , 17939 , 73.20 , -39.3 , -3 , 14.92 , 13.119 , 1.792 , 93.00 , 198.40
3760 , 17979 , 72.77 , -39.2 , -3 , 14.91 , 13.223 , 1.817 , 93.61 , 197.79
3770 , 18024 , 72.30 , -39.2 , -3 , 14.90 , 13.141 , 1.818 , 94.28 , 197.11
3780 , 18067 , 71.84 , -39.3 , -3 , 14.90 , 13.223 , 1.841 , 94.94 , 196.45
3790 , 18115 , 71.34 , -39.3 , -3 , 14.90 , 13.027 , 1.826 , 95.67 , 195.73
3800 , 18157 , 70.91 , -39.1 , -3 , 14.89 , 12.959 , 1.827 , 96.29 , 195.11
3810 , 18199 , 70.47 , -39.1 , -3 , 14.89 , 13.067 , 1.854 , 96.93 , 194.47
3820 , 18242 , 70.04 , -39.2 , -3 , 14.90 , 13.019 , 1.859 , 97.56 , 193.83
3830 , 18286 , 69.58 , -39.3 , -3 , 14.89 , 13.339 , 1.917 , 98.24 , 193.16
3840 , 18330 , 69.14 , -39.3 , -3 , 14.90 , 13.212 , 1.911 , 98.91 , 192.49
3850 , 18365 , 68.79 , -39.3 , -3 , 14.89 , 13.299 , 1.933 , 99.45 , 191.95
3860 , 18409 , 68.34 , -39.5 , -3 , 14.88 , 13.466 , 1.970 , 100.13 , 191.27
3870 , 18447 , 67.96 , -39.4 , -3 , 14.89 , 13.484 , 1.984 , 100.72 , 190.67
3880 , 18489 , 67.55 , -39.2 , -3 , 14.88 , 13.772 , 2.039 , 101.38 , 190.02
3890 , 18530 , 67.15 , -39.1 , -3 , 14.88 , 13.924 , 2.074 , 102.03 , 189.37
3900 , 18570 , 66.76 , -39.0 , -3 , 14.88 , 14.012 , 2.099 , 102.67 , 188.72
3910 , 18613 , 66.34 , -38.9 , -3 , 14.88 , 14.004 , 2.111 , 103.36 , 188.04
3920 , 18647 , 66.02 , -38.9 , -3 , 14.88 , 14.124 , 2.139 , 103.91 , 187.49
3930 , 18694 , 65.56 , -38.9 , -3 , 14.87 , 14.187 , 2.164 , 104.69 , 186.71
3940 , 18736 , 65.16 , -38.9 , -3 , 14.87 , 14.242 , 2.186 , 105.37 , 186.03
3950 , 18773 , 64.81 , -38.9 , -3 , 14.86 , 14.588 , 2.251 , 105.98 , 185.42
3960 , 18813 , 64.43 , -38.8 , -3 , 14.85 , 14.351 , 2.227 , 106.65 , 184.75
3970 , 18857 , 64.02 , -38.6 , -3 , 14.86 , 14.508 , 2.266 , 107.39 , 184.01
3980 , 18898 , 63.64 , -38.2 , -3 , 14.85 , 14.488 , 2.276 , 108.06 , 183.34
3990 , 18938 , 63.28 , -38.2 , -3 , 14.84 , 14.572 , 2.303 , 108.72 , 182.67
4000 , 18978 , 62.90 , -38.2 , -3 , 14.84 , 14.655 , 2.330 , 109.41 , 181.99
4010 , 19024 , 62.49 , -38.3 , -3 , 14.83 , 14.817 , 2.371 , 110.17 , 181.22
4020 , 19065 , 62.11 , -38.4 , -3 , 14.83 , 14.657 , 2.360 , 110.87 , 180.53
4030 , 19111 , 61.70 , -38.5 , -3 , 14.82 , 14.694 , 2.381 , 111.65 , 179.75
4040 , 19148 , 61.37 , -38.5 , -3 , 14.81 , 14.494 , 2.362 , 112.27 , 179.13
4050 , 19194 , 60.96 , -38.7 , -3 , 14.81 , 14.359 , 2.356 , 113.03 , 178.37
4060 , 19239 , 60.56 , -38.8 , -3 , 14.80 , 14.202 , 2.345 , 113.76 , 177.63
4070 , 19283 , 60.17 , -38.8 , -3 , 14.79 , 14.306 , 2.378 , 114.49 , 176.90
4080 , 19327 , 59.79 , -38.8 , -3 , 14.78 , 14.147 , 2.366 , 115.22 , 176.18
4090 , 19375 , 59.37 , -38.8 , -3 , 14.79 , 14.385 , 2.423 , 116.00 , 175.40
4100 , 19423 , 58.96 , -38.9 , -3 , 14.77 , 14.346 , 2.433 , 116.79 , 174.61
4110 , 19463 , 58.61 , -39.0 , -3 , 14.75 , 14.506 , 2.475 , 117.46 , 173.94
4120 , 19508 , 58.23 , -39.0 , -3 , 14.75 , 14.940 , 2.566 , 118.21 , 173.18
4130 , 19551 , 57.86 , -39.2 , -3 , 14.74 , 14.834 , 2.564 , 118.96 , 172.43
4140 , 19594 , 57.50 , -39.2 , -3 , 14.73 , 15.034 , 2.615 , 119.71 , 171.69
4150 , 19636 , 57.15 , -39.1 , -3 , 14.72 , 15.569 , 2.724 , 120.44 , 170.96
4160 , 19682 , 56.77 , -39.0 , -3 , 14.71 , 15.728 , 2.771 , 121.27 , 170.12
4170 , 19721 , 56.44 , -38.9 , -3 , 14.70 , 14.639 , 2.594 , 121.96 , 169.44
4180 , 19763 , 56.10 , -38.8 , -3 , 14.70 , 15.172 , 2.704 , 122.68 , 168.72
4190 , 19804 , 55.77 , -38.7 , -3 , 14.68 , 15.718 , 2.818 , 123.40 , 168.00
4200 , 19843 , 55.45 , -38.6 , -3 , 14.68 , 15.947 , 2.876 , 124.11 , 167.28
4210 , 19880 , 55.16 , -38.5 , -3 , 14.68 , 15.907 , 2.884 , 124.78 , 166.62
4220 , 19924 , 54.80 , -38.5 , -3 , 14.66 , 14.952 , 2.728 , 125.57 , 165.83
4230 , 19958 , 54.53 , -38.4 , -3 , 14.66 , 15.337 , 2.813 , 126.16 , 165.23
4240 , 20003 , 54.17 , -38.4 , -3 , 14.65 , 15.216 , 2.809 , 126.96 , 164.44
4250 , 20038 , 53.90 , -38.4 , -3 , 14.65 , 15.891 , 2.948 , 127.57 , 163.83
4260 , 20080 , 53.57 , -38.4 , -3 , 14.63 , 15.739 , 2.938 , 128.34 , 163.06
4270 , 20120 , 53.26 , -38.4 , -3 , 14.62 , 15.606 , 2.930 , 129.06 , 162.33
4280 , 20158 , 52.97 , -38.4 , -3 , 14.61 , 15.464 , 2.920 , 129.73 , 161.66
4290 , 20198 , 52.66 , -38.4 , -3 , 14.61 , 15.439 , 2.932 , 130.45 , 160.95
4300 , 20238 , 52.35 , -38.4 , -3 , 14.59 , 15.371 , 2.936 , 131.16 , 160.24
4310 , 20281 , 52.03 , -38.3 , -3 , 14.59 , 15.103 , 2.903 , 131.90 , 159.50
4320 , 20331 , 51.65 , -38.3 , -3 , 14.57 , 15.045 , 2.913 , 132.77 , 158.63
4330 , 20368 , 51.37 , -38.3 , -3 , 14.57 , 15.635 , 3.044 , 133.42 , 157.97
4340 , 20414 , 51.03 , -38.3 , -3 , 14.55 , 15.612 , 3.060 , 134.25 , 157.15
4350 , 20461 , 50.69 , -38.3 , -3 , 14.54 , 15.571 , 3.072 , 135.08 , 156.32
4360 , 20501 , 50.39 , -38.4 , -3 , 14.53 , 15.525 , 3.081 , 135.81 , 155.59
4370 , 20546 , 50.06 , -38.3 , -3 , 14.52 , 15.655 , 3.127 , 136.60 , 154.80
4380 , 20586 , 49.77 , -38.2 , -3 , 14.52 , 14.901 , 2.994 , 137.31 , 154.08
4390 , 20635 , 49.41 , -38.1 , -3 , 14.51 , 14.713 , 2.977 , 138.14 , 153.25
4400 , 20675 , 49.13 , -38.0 , -3 , 14.49 , 14.730 , 2.998 , 138.82 , 152.58
4410 , 20719 , 48.82 , -37.9 , -3 , 14.49 , 14.520 , 2.974 , 139.55 , 151.84
4420 , 20768 , 48.47 , -37.8 , -3 , 14.48 , 14.321 , 2.955 , 140.36 , 151.04
4430 , 20811 , 48.17 , -37.9 , -3 , 14.48 , 14.514 , 3.013 , 141.07 , 150.33
4440 , 20856 , 47.86 , -38.0 , -3 , 14.47 , 14.748 , 3.082 , 141.82 , 149.57
4450 , 20893 , 47.60 , -38.0 , -3 , 14.46 , 14.409 , 3.027 , 142.44 , 148.95
4460 , 20940 , 47.27 , -38.0 , -3 , 14.45 , 14.176 , 2.999 , 143.22 , 148.17
4470 , 20984 , 46.97 , -37.9 , -3 , 14.45 , 14.235 , 3.030 , 143.93 , 147.47
4480 , 21024 , 46.70 , -37.9 , -3 , 14.44 , 14.332 , 3.069 , 144.59 , 146.81
4490 , 21066 , 46.42 , -37.9 , -3 , 14.43 , 14.516 , 3.127 , 145.28 , 146.11
4500 , 21107 , 46.14 , -38.0 , -3 , 14.42 , 14.615 , 3.167 , 145.96 , 145.43
4510 , 21150 , 45.86 , -38.1 , -3 , 14.42 , 14.732 , 3.213 , 146.68 , 144.71
4520 , 21192 , 45.58 , -38.2 , -3 , 14.41 , 14.894 , 3.268 , 147.41 , 143.99
4530 , 21234 , 45.30 , -38.3 , -3 , 14.40 , 15.076 , 3.328 , 148.12 , 143.28
4540 , 21275 , 45.03 , -38.3 , -3 , 14.39 , 15.227 , 3.382 , 148.85 , 142.55
4550 , 21319 , 44.74 , -38.4 , -3 , 14.38 , 15.405 , 3.443 , 149.61 , 141.79
4560 , 21366 , 44.43 , -38.3 , -3 , 14.37 , 15.534 , 3.496 , 150.46 , 140.94
4570 , 21408 , 44.16 , -38.2 , -3 , 14.37 , 15.592 , 3.531 , 151.21 , 140.19
4580 , 21452 , 43.89 , -38.1 , -3 , 14.35 , 15.669 , 3.570 , 151.98 , 139.41
4590 , 21494 , 43.61 , -38.2 , -3 , 14.34 , 15.641 , 3.586 , 152.75 , 138.65
4600 , 21540 , 43.33 , -38.2 , -3 , 14.34 , 15.574 , 3.594 , 153.56 , 137.84
4610 , 21590 , 43.01 , -38.1 , -3 , 14.33 , 15.487 , 3.600 , 154.45 , 136.95
4620 , 21624 , 42.80 , -38.0 , -3 , 14.33 , 15.223 , 3.557 , 155.06 , 136.34
4630 , 21675 , 42.49 , -38.0 , -3 , 14.33 , 14.923 , 3.512 , 155.93 , 135.46
4640 , 21717 , 42.22 , -37.9 , -3 , 14.32 , 14.674 , 3.475 , 156.65 , 134.75
4650 , 21761 , 41.96 , -37.7 , -3 , 14.31 , 14.396 , 3.431 , 157.38 , 134.02
4660 , 21809 , 41.67 , -37.7 , -3 , 14.31 , 14.138 , 3.393 , 158.16 , 133.23
4670 , 21851 , 41.41 , -37.7 , -3 , 14.31 , 14.105 , 3.406 , 158.84 , 132.56
4680 , 21896 , 41.14 , -37.5 , -3 , 14.31 , 14.069 , 3.419 , 159.57 , 131.83
4690 , 21941 , 40.88 , -37.2 , -3 , 14.30 , 13.991 , 3.423 , 160.30 , 131.10
4700 , 21985 , 40.62 , -37.0 , -3 , 14.29 , 13.903 , 3.423 , 160.99 , 130.40
4710 , 22029 , 40.36 , -36.7 , -3 , 14.29 , 13.830 , 3.427 , 161.70 , 129.70
4720 , 22073 , 40.10 , -36.6 , -3 , 14.27 , 13.679 , 3.411 , 162.39 , 129.01
4730 , 22118 , 39.84 , -36.2 , -3 , 14.27 , 13.605 , 3.415 , 163.08 , 128.32
4740 , 22155 , 39.63 , -35.9 , -3 , 14.26 , 13.593 , 3.430 , 163.66 , 127.74
4750 , 22198 , 39.39 , -35.8 , -3 , 14.25 , 13.601 , 3.453 , 164.32 , 127.08
4760 , 22249 , 39.10 , -35.8 , -3 , 14.24 , 13.542 , 3.464 , 165.10 , 126.30
4770 , 22287 , 38.89 , -35.9 , -3 , 14.23 , 13.500 , 3.472 , 165.69 , 125.71
4780 , 22338 , 38.60 , -36.2 , -3 , 14.22 , 13.474 , 3.491 , 166.47 , 124.93
4790 , 22382 , 38.36 , -36.4 , -3 , 14.21 , 13.425 , 3.500 , 167.14 , 124.26
4800 , 22423 , 38.13 , -36.5 , -3 , 14.20 , 13.351 , 3.502 , 167.77 , 123.63
4810 , 22470 , 37.87 , -36.5 , -3 , 14.19 , 13.337 , 3.522 , 168.49 , 122.91
4820 , 22509 , 37.66 , -36.5 , -3 , 14.18 , 13.297 , 3.531 , 169.08 , 122.32
4830 , 22557 , 37.40 , -36.5 , -3 , 14.17 , 13.230 , 3.538 , 169.80 , 121.60
4840 , 22599 , 37.17 , -36.6 , -3 , 14.17 , 13.138 , 3.534 , 170.44 , 120.96
4850 , 22642 , 36.94 , -36.7 , -3 , 14.15 , 13.059 , 3.535 , 171.07 , 120.32
4860 , 22688 , 36.70 , -36.7 , -3 , 14.14 , 12.876 , 3.509 , 171.75 , 119.65
4870 , 22728 , 36.49 , -36.8 , -3 , 14.13 , 12.700 , 3.481 , 172.34 , 119.06
4880 , 22780 , 36.21 , -36.9 , -3 , 14.13 , 12.497 , 3.451 , 173.08 , 118.32
4890 , 22818 , 36.01 , -37.0 , -3 , 14.12 , 12.331 , 3.424 , 173.63 , 117.77
4900 , 22865 , 35.77 , -37.0 , -3 , 14.12 , 12.078 , 3.377 , 174.28 , 117.12
4910 , 22912 , 35.53 , -36.9 , -3 , 14.10 , 11.776 , 3.314 , 174.92 , 116.48
4920 , 22954 , 35.31 , -36.8 , -3 , 14.10 , 11.620 , 3.290 , 175.48 , 115.92
4930 , 23002 , 35.07 , -36.7 , -3 , 14.09 , 11.418 , 3.256 , 176.10 , 115.29
4940 , 23045 , 34.85 , -36.6 , -3 , 14.08 , 11.341 , 3.254 , 176.67 , 114.73
4950 , 23095 , 34.60 , -36.7 , -3 , 14.07 , 11.179 , 3.231 , 177.31 , 114.09
4960 , 23141 , 34.37 , -36.8 , -3 , 14.06 , 10.847 , 3.156 , 177.89 , 113.51
4970 , 23181 , 34.17 , -37.0 , -3 , 14.05 , 10.585 , 3.098 , 178.38 , 113.02
4980 , 23240 , 33.88 , -37.2 , -3 , 14.04 , 10.412 , 3.073 , 179.08 , 112.31
4990 , 23280 , 33.69 , -37.3 , -3 , 14.03 , 10.167 , 3.018 , 179.55 , 111.84
5000 , 23324 , 33.47 , -37.3 , -3 , 14.02 , 10.069 , 3.008 , 180.07 , 111.33
5010 , 23375 , 33.23 , -37.2 , -3 , 14.00 , 10.009 , 3.012 , 180.65 , 110.75
5020 , 23416 , 33.03 , -37.2 , -3 , 14.00 , 9.985 , 3.023 , 181.12 , 110.28
5030 , 23464 , 32.80 , -37.1 , -3 , 13.99 , 9.936 , 3.029 , 181.67 , 109.73
5040 , 23509 , 32.59 , -37.0 , -3 , 13.98 , 9.899 , 3.038 , 182.18 , 109.22
5050 , 23552 , 32.39 , -37.1 , -3 , 13.97 , 9.848 , 3.041 , 182.66 , 108.74
5060 , 23603 , 32.15 , -37.1 , -3 , 13.97 , 9.759 , 3.036 , 183.23 , 108.17
5070 , 23641 , 31.97 , -37.1 , -3 , 13.96 , 9.662 , 3.022 , 183.65 , 107.75
5080 , 23691 , 31.74 , -37.1 , -3 , 13.95 , 9.606 , 3.026 , 184.20 , 107.20
5090 , 23741 , 31.51 , -37.0 , -3 , 13.94 , 9.592 , 3.044 , 184.75 , 106.65
5100 , 23785 , 31.31 , -36.9 , -3 , 13.94 , 9.603 , 3.067 , 185.23 , 106.17
5110 , 23832 , 31.10 , -36.7 , -3 , 13.92 , 9.582 , 3.081 , 185.75 , 105.65
5120 , 23877 , 30.90 , -36.5 , -3 , 13.92 , 9.536 , 3.086 , 186.23 , 105.16
5130 , 23925 , 30.69 , -36.3 , -3 , 13.91 , 9.580 , 3.122 , 186.76 , 104.64
5140 , 23964 , 30.51 , -36.4 , -3 , 13.91 , 9.580 , 3.139 , 187.18 , 104.22
5150 , 24013 , 30.30 , -36.5 , -3 , 13.89 , 9.621 , 3.175 , 187.72 , 103.68
5160 , 24059 , 30.10 , -36.5 , -3 , 13.89 , 9.731 , 3.233 , 188.22 , 103.18
5170 , 24101 , 29.91 , -36.5 , -3 , 13.88 , 9.796 , 3.275 , 188.70 , 102.70
5180 , 24151 , 29.70 , -36.6 , -3 , 13.87 , 9.866 , 3.322 , 189.26 , 102.14
5190 , 24195 , 29.51 , -36.6 , -3 , 13.86 , 9.906 , 3.356 , 189.75 , 101.65
5200 , 24238 , 29.33 , -36.7 , -3 , 13.86 , 9.860 , 3.362 , 190.24 , 101.16
5210 , 24289 , 29.11 , -36.7 , -3 , 13.84 , 9.877 , 3.393 , 190.81 , 100.59
5220 , 24336 , 28.92 , -36.6 , -3 , 13.83 , 9.854 , 3.408 , 191.34 , 100.06
5230 , 24378 , 28.74 , -36.5 , -3 , 13.82 , 9.829 , 3.420 , 191.81 , 99.59
5240 , 24422 , 28.56 , -36.3 , -3 , 13.82 , 9.767 , 3.419 , 192.29 , 99.10
5250 , 24465 , 28.39 , -36.2 , -3 , 13.82 , 9.750 , 3.435 , 192.77 , 98.62
5260 , 24514 , 28.19 , -36.1 , -3 , 13.80 , 9.677 , 3.433 , 193.32 , 98.08
5270 , 24556 , 28.01 , -36.0 , -3 , 13.79 , 9.623 , 3.435 , 193.78 , 97.62
5280 , 24606 , 27.81 , -35.9 , -3 , 13.78 , 9.577 , 3.443 , 194.32 , 97.08
5290 , 24650 , 27.64 , -35.8 , -3 , 13.78 , 9.552 , 3.456 , 194.80 , 96.59
5300 , 24697 , 27.45 , -35.6 , -3 , 13.78 , 9.489 , 3.457 , 195.32 , 96.08
5310 , 24746 , 27.26 , -35.5 , -3 , 13.77 , 9.410 , 3.452 , 195.84 , 95.56
5320 , 24790 , 27.09 , -35.5 , -3 , 13.76 , 9.421 , 3.478 , 196.31 , 95.09
5330 , 24838 , 26.90 , -35.5 , -3 , 13.75 , 9.386 , 3.489 , 196.82 , 94.58
5340 , 24887 , 26.71 , -35.5 , -3 , 13.75 , 9.326 , 3.491 , 197.34 , 94.06
5350 , 24939 , 26.51 , -35.6 , -3 , 13.74 , 9.287 , 3.503 , 197.88 , 93.51
5360 , 24987 , 26.33 , -35.7 , -3 , 13.74 , 9.232 , 3.506 , 198.40 , 93.00
5370 , 25038 , 26.14 , -35.6 , -3 , 13.72 , 9.169 , 3.508 , 198.93 , 92.47
5380 , 25084 , 25.97 , -35.5 , -3 , 13.71 , 9.140 , 3.520 , 199.40 , 92.00
5390 , 25136 , 25.77 , -35.3 , -3 , 13.71 , 9.049 , 3.511 , 199.94 , 91.46
5400 , 25179 , 25.61 , -35.1 , -3 , 13.71 , 8.969 , 3.501 , 200.38 , 91.02
5410 , 25229 , 25.43 , -35.0 , -3 , 13.69 , 8.897 , 3.499 , 200.89 , 90.51
5420 , 25279 , 25.25 , -34.9 , -3 , 13.69 , 8.832 , 3.498 , 201.38 , 90.02
5430 , 25328 , 25.07 , -34.9 , -3 , 13.69 , 8.806 , 3.513 , 201.88 , 89.52
5440 , 25380 , 24.89 , -34.8 , -3 , 13.67 , 8.812 , 3.541 , 202.39 , 89.00
5450 , 25420 , 24.74 , -34.7 , -3 , 13.66 , 8.881 , 3.589 , 202.80 , 88.60
5460 , 25475 , 24.55 , -34.6 , -3 , 13.66 , 8.919 , 3.633 , 203.35 , 88.05
5470 , 25517 , 24.40 , -34.6 , -3 , 13.65 , 8.937 , 3.663 , 203.78 , 87.62
5480 , 25563 , 24.24 , -34.5 , -3 , 13.64 , 8.978 , 3.704 , 204.23 , 87.16
5490 , 25616 , 24.06 , -34.5 , -3 , 13.65 , 9.042 , 3.758 , 204.78 , 86.62
5500 , 25658 , 23.91 , -34.2 , -3 , 13.64 , 9.059 , 3.788 , 205.21 , 86.19
5510 , 25704 , 23.76 , -33.9 , -3 , 13.62 , 9.153 , 3.853 , 205.68 , 85.72
5520 , 25751 , 23.60 , -33.7 , -3 , 13.63 , 9.164 , 3.883 , 206.16 , 85.24
5530 , 25795 , 23.45 , -33.5 , -3 , 13.63 , 9.264 , 3.950 , 206.62 , 84.77
5540 , 25845 , 23.29 , -33.2 , -3 , 13.63 , 9.345 , 4.013 , 207.14 , 84.26
5550 , 25886 , 23.15 , -33.1 , -3 , 13.63 , 9.413 , 4.066 , 207.57 , 83.83
5560 , 25936 , 22.99 , -33.1 , -3 , 13.64 , 9.554 , 4.156 , 208.11 , 83.29
5570 , 25979 , 22.84 , -33.2 , -3 , 13.64 , 9.592 , 4.199 , 208.58 , 82.82
5580 , 26028 , 22.69 , -33.1 , -3 , 13.63 , 9.599 , 4.232 , 209.10 , 82.30
5590 , 26072 , 22.54 , -33.1 , -3 , 13.64 , 9.672 , 4.291 , 209.58 , 81.82
5600 , 26125 , 22.38 , -33.0 , -3 , 13.65 , 9.739 , 4.353 , 210.15 , 81.25
5610 , 26169 , 22.23 , -33.1 , -3 , 13.65 , 9.771 , 4.395 , 210.64 , 80.76
5620 , 26225 , 22.06 , -33.2 , -3 , 13.66 , 9.765 , 4.427 , 211.25 , 80.14
5630 , 26262 , 21.94 , -33.2 , -3 , 13.66 , 9.792 , 4.463 , 211.66 , 79.74
5640 , 26321 , 21.76 , -33.3 , -3 , 13.66 , 9.661 , 4.440 , 212.31 , 79.09
5650 , 26364 , 21.63 , -33.3 , -3 , 13.67 , 9.573 , 4.427 , 212.77 , 78.63
5660 , 26419 , 21.46 , -33.2 , -3 , 13.68 , 9.613 , 4.480 , 213.36 , 78.04
5670 , 26466 , 21.31 , -32.9 , -3 , 13.68 , 9.589 , 4.499 , 213.87 , 77.53
5680 , 26520 , 21.15 , -32.8 , -3 , 13.68 , 9.617 , 4.547 , 214.45 , 76.95
5690 , 26559 , 21.03 , -32.8 , -3 , 13.68 , 9.607 , 4.567 , 214.87 , 76.53
5700 , 26623 , 20.84 , -32.7 , -3 , 13.67 , 9.504 , 4.560 , 215.56 , 75.84
5710 , 26662 , 20.73 , -32.6 , -3 , 13.67 , 9.505 , 4.585 , 215.97 , 75.43
5720 , 26715 , 20.57 , -32.4 , -3 , 13.67 , 9.436 , 4.587 , 216.54 , 74.86
5730 , 26761 , 20.44 , -32.3 , -3 , 13.67 , 9.421 , 4.610 , 217.03 , 74.37
5740 , 26814 , 20.29 , -32.0 , -3 , 13.66 , 9.340 , 4.604 , 217.58 , 73.82
5750 , 26869 , 20.13 , -31.6 , -3 , 13.64 , 9.287 , 4.614 , 218.15 , 73.25
5760 , 26914 , 20.00 , -31.5 , -3 , 13.63 , 9.206 , 4.603 , 218.62 , 72.78
5770 , 26970 , 19.84 , -31.3 , -3 , 13.64 , 9.151 , 4.612 , 219.19 , 72.21
5780 , 27017 , 19.71 , -31.2 , -3 , 13.63 , 9.009 , 4.570 , 219.66 , 71.74
5790 , 27073 , 19.56 , -31.1 , -3 , 13.62 , 8.968 , 4.586 , 220.22 , 71.18
5800 , 27119 , 19.43 , -31.0 , -3 , 13.61 , 8.893 , 4.577 , 220.69 , 70.71
5810 , 27171 , 19.29 , -31.0 , -3 , 13.61 , 8.834 , 4.580 , 221.20 , 70.20
5820 , 27219 , 19.16 , -30.8 , -3 , 13.61 , 8.728 , 4.556 , 221.67 , 69.73
5830 , 27265 , 19.03 , -30.7 , -3 , 13.60 , 8.640 , 4.540 , 222.11 , 69.29
5840 , 27320 , 18.89 , -30.6 , -3 , 13.60 , 8.574 , 4.540 , 222.64 , 68.76
5850 , 27374 , 18.74 , -30.6 , -3 , 13.61 , 8.512 , 4.541 , 223.15 , 68.25
5860 , 27424 , 18.61 , -30.6 , -3 , 13.62 , 8.461 , 4.546 , 223.62 , 67.78
5870 , 27478 , 18.47 , -30.6 , -3 , 13.63 , 8.367 , 4.530 , 224.12 , 67.27
5880 , 27527 , 18.34 , -30.6 , -3 , 13.64 , 8.297 , 4.523 , 224.58 , 66.81
5890 , 27573 , 18.23 , -30.5 , -3 , 13.65 , 8.222 , 4.511 , 225.00 , 66.39
5900 , 27635 , 18.07 , -30.4 , -3 , 13.65 , 8.142 , 4.507 , 225.57 , 65.83
5910 , 27676 , 17.96 , -30.3 , -3 , 13.67 , 8.093 , 4.506 , 225.94 , 65.46
5920 , 27724 , 17.84 , -30.3 , -3 , 13.68 , 8.034 , 4.503 , 226.36 , 65.04
5930 , 27781 , 17.70 , -30.2 , -3 , 13.68 , 7.991 , 4.515 , 226.87 , 64.53
5940 , 27836 , 17.56 , -30.1 , -3 , 13.70 , 7.983 , 4.545 , 227.36 , 64.04
5950 , 27885 , 17.44 , -30.2 , -3 , 13.70 , 7.934 , 4.549 , 227.79 , 63.61
5960 , 27937 , 17.32 , -30.3 , -3 , 13.71 , 7.900 , 4.562 , 228.25 , 63.15
5970 , 27990 , 17.19 , -30.4 , -3 , 13.71 , 7.838 , 4.560 , 228.71 , 62.69
5980 , 28044 , 17.06 , -30.5 , -3 , 13.70 , 7.786 , 4.565 , 229.18 , 62.22
5990 , 28089 , 16.95 , -30.5 , -3 , 13.70 , 7.708 , 4.547 , 229.56 , 61.83
6000 , 28140 , 16.83 , -30.4 , -3 , 13.69 , 7.616 , 4.526 , 230.00 , 61.40
6010 , 28200 , 16.69 , -30.3 , -3 , 13.69 , 7.589 , 4.548 , 230.51 , 60.89
6020 , 28249 , 16.57 , -30.3 , -3 , 13.68 , 7.538 , 4.549 , 230.92 , 60.48
6030 , 28298 , 16.46 , -30.3 , -3 , 13.68 , 7.547 , 4.586 , 231.33 , 60.06
6040 , 28354 , 16.33 , -30.3 , -3 , 13.67 , 7.473 , 4.576 , 231.80 , 59.60
6050 , 28399 , 16.23 , -30.3 , -3 , 13.65 , 7.420 , 4.573 , 232.17 , 59.23
6060 , 28454 , 16.10 , -30.1 , -3 , 13.64 , 7.365 , 4.574 , 232.62 , 58.77
6070 , 28510 , 15.98 , -29.9 , -3 , 13.63 , 7.304 , 4.572 , 233.07 , 58.32
6080 , 28558 , 15.87 , -29.7 , -3 , 13.62 , 7.271 , 4.583 , 233.47 , 57.93
6090 , 28607 , 15.76 , -29.6 , -3 , 13.61 , 7.222 , 4.584 , 233.86 , 57.54
6100 , 28656 , 15.65 , -29.5 , -3 , 13.59 , 7.183 , 4.590 , 234.25 , 57.15
6110 , 28705 , 15.54 , -29.6 , -3 , 13.59 , 7.168 , 4.612 , 234.64 , 56.76
6120 , 28758 , 15.43 , -29.6 , -3 , 13.59 , 7.103 , 4.604 , 235.05 , 56.34
6130 , 28797 , 15.34 , -29.7 , -3 , 13.58 , 7.045 , 4.592 , 235.37 , 56.03
6140 , 28851 , 15.23 , -29.7 , -3 , 13.58 , 7.011 , 4.604 , 235.78 , 55.62
6150 , 28899 , 15.13 , -29.7 , -3 , 13.56 , 6.978 , 4.614 , 236.16 , 55.24
6160 , 28945 , 15.03 , -29.5 , -3 , 13.56 , 6.929 , 4.611 , 236.51 , 54.89
6170 , 28992 , 14.93 , -29.3 , -3 , 13.55 , 6.968 , 4.667 , 236.87 , 54.52
6180 , 29042 , 14.82 , -29.2 , -3 , 13.55 , 6.936 , 4.678 , 237.26 , 54.14
6190 , 29086 , 14.73 , -29.1 , -3 , 13.55 , 6.892 , 4.678 , 237.59 , 53.80
6200 , 29137 , 14.63 , -29.1 , -3 , 13.54 , 6.849 , 4.682 , 237.98 , 53.42
6210 , 29182 , 14.54 , -29.0 , -3 , 13.53 , 6.801 , 4.679 , 238.32 , 53.08
6220 , 29236 , 14.43 , -29.0 , -3 , 13.53 , 6.756 , 4.682 , 238.72 , 52.68
6230 , 29275 , 14.35 , -28.8 , -3 , 13.52 , 6.669 , 4.647 , 239.01 , 52.39
6240 , 29325 , 14.25 , -28.5 , -3 , 13.52 , 6.633 , 4.655 , 239.38 , 52.02
6250 , 29379 , 14.14 , -28.2 , -3 , 13.50 , 6.624 , 4.684 , 239.77 , 51.63
6260 , 29426 , 14.05 , -28.0 , -3 , 13.49 , 6.554 , 4.665 , 240.11 , 51.28
6270 , 29473 , 13.96 , -27.9 , -3 , 13.49 , 6.562 , 4.702 , 240.46 , 50.94
6280 , 29529 , 13.85 , -27.9 , -3 , 13.47 , 6.581 , 4.752 , 240.86 , 50.54
6290 , 29577 , 13.76 , -27.9 , -3 , 13.47 , 6.567 , 4.774 , 241.21 , 50.19
6300 , 29622 , 13.67 , -27.8 , -3 , 13.46 , 6.592 , 4.821 , 241.53 , 49.87
6310 , 29675 , 13.57 , -27.7 , -3 , 13.45 , 6.481 , 4.776 , 241.91 , 49.49
6320 , 29713 , 13.50 , -27.5 , -3 , 13.45 , 6.404 , 4.744 , 242.18 , 49.22
6330 , 29766 , 13.40 , -27.5 , -3 , 13.44 , 6.382 , 4.762 , 242.55 , 48.85
6340 , 29820 , 13.30 , -27.5 , -3 , 13.44 , 6.349 , 4.774 , 242.93 , 48.47
6350 , 29874 , 13.20 , -27.6 , -3 , 13.44 , 6.320 , 4.788 , 243.31 , 48.09
6360 , 29921 , 13.11 , -27.7 , -3 , 13.43 , 6.302 , 4.806 , 243.63 , 47.77
6370 , 29963 , 13.04 , -27.9 , -3 , 13.42 , 6.208 , 4.762 , 243.92 , 47.48
6380 , 30020 , 12.93 , -27.9 , -3 , 13.42 , 6.171 , 4.772 , 244.31 , 47.09
6390 , 30063 , 12.86 , -27.7 , -3 , 13.41 , 6.139 , 4.775 , 244.60 , 46.80
6400 , 30116 , 12.76 , -27.4 , -3 , 13.40 , 6.100 , 4.780 , 244.96 , 46.44
6410 , 30151 , 12.70 , -27.2 , -3 , 13.40 , 6.056 , 4.769 , 245.19 , 46.21
6420 , 30200 , 12.61 , -27.1 , -3 , 13.40 , 5.997 , 4.754 , 245.51 , 45.88
6430 , 30257 , 12.51 , -26.9 , -3 , 13.39 , 5.973 , 4.773 , 245.89 , 45.51
6440 , 30307 , 12.43 , -26.7 , -3 , 13.39 , 5.991 , 4.821 , 246.21 , 45.18
6450 , 30360 , 12.34 , -26.6 , -3 , 13.38 , 5.926 , 4.803 , 246.56 , 44.84
6460 , 30399 , 12.27 , -26.5 , -3 , 13.38 , 5.891 , 4.801 , 246.81 , 44.59
6470 , 30451 , 12.18 , -26.4 , -3 , 13.37 , 5.865 , 4.814 , 247.14 , 44.25
6480 , 30500 , 12.10 , -26.3 , -3 , 13.36 , 5.809 , 4.801 , 247.46 , 43.94
6490 , 30543 , 12.03 , -26.2 , -3 , 13.36 , 5.773 , 4.799 , 247.73 , 43.67
6500 , 30595 , 11.94 , -26.0 , -3 , 13.36 , 5.733 , 4.801 , 248.06 , 43.34
6510 , 30641 , 11.87 , -26.0 , -3 , 13.35 , 5.730 , 4.829 , 248.35 , 43.05
6520 , 30682 , 11.80 , -26.0 , -3 , 13.34 , 5.670 , 4.805 , 248.60 , 42.80
6530 , 30735 , 11.71 , -26.1 , -3 , 13.34 , 5.587 , 4.770 , 248.93 , 42.47
6540 , 30778 , 11.64 , -26.2 , -3 , 13.34 , 5.527 , 4.747 , 249.19 , 42.21
6550 , 30836 , 11.55 , -26.2 , -3 , 13.33 , 5.505 , 4.766 , 249.54 , 41.86
6560 , 30883 , 11.48 , -26.2 , -3 , 13.33 , 5.454 , 4.753 , 249.82 , 41.58
6570 , 30931 , 11.40 , -26.1 , -3 , 13.33 , 5.398 , 4.735 , 250.10 , 41.30
6580 , 30985 , 11.31 , -25.9 , -3 , 13.33 , 5.386 , 4.760 , 250.42 , 40.97
6590 , 31022 , 11.26 , -25.7 , -3 , 13.33 , 5.323 , 4.729 , 250.64 , 40.76
6600 , 31059 , 11.20 , -25.6 , -3 , 13.33 , 5.295 , 4.728 , 250.85 , 40.55
6610 , 31114 , 11.11 , -25.5 , -3 , 13.33 , 5.277 , 4.748 , 251.17 , 40.23
6620 , 31152 , 11.06 , -25.4 , -3 , 13.33 , 5.247 , 4.745 , 251.39 , 40.01
6630 , 31200 , 10.98 , -25.2 , -3 , 13.33 , 5.210 , 4.743 , 251.66 , 39.74
6640 , 31256 , 10.90 , -25.0 , -3 , 13.33 , 5.173 , 4.746 , 251.97 , 39.42
6650 , 31294 , 10.84 , -24.8 , -3 , 13.34 , 5.138 , 4.739 , 252.19 , 39.21
6660 , 31323 , 10.80 , -24.7 , -3 , 13.32 , 5.093 , 4.716 , 252.35 , 39.05
6670 , 31371 , 10.73 , -24.6 , -3 , 13.33 , 5.070 , 4.726 , 252.61 , 38.78
6680 , 31419 , 10.66 , -24.4 , -3 , 13.33 , 5.046 , 4.735 , 252.88 , 38.52
6690 , 31468 , 10.59 , -24.3 , -3 , 13.33 , 5.008 , 4.731 , 253.15 , 38.25
6700 , 31527 , 10.50 , -24.2 , -3 , 13.31 , 4.984 , 4.747 , 253.47 , 37.93
6710 , 31574 , 10.43 , -24.1 , -3 , 13.31 , 4.932 , 4.727 , 253.72 , 37.68
6720 , 31607 , 10.39 , -24.1 , -3 , 13.31 , 4.886 , 4.704 , 253.89 , 37.50
6730 , 31667 , 10.30 , -24.1 , -3 , 13.31 , 4.870 , 4.728 , 254.21 , 37.19
6740 , 31718 , 10.23 , -24.2 , -3 , 13.31 , 4.852 , 4.744 , 254.48 , 36.92
6750 , 31786 , 10.13 , -24.2 , -3 , 13.31 , 4.818 , 4.755 , 254.84 , 36.56
6760 , 31810 , 10.10 , -24.2 , -3 , 13.31 , 4.816 , 4.768 , 254.96 , 36.44
6770 , 31872 , 10.01 , -24.1 , -3 , 13.31 , 4.777 , 4.770 , 255.28 , 36.11
6780 , 31910 , 9.96 , -23.8 , -3 , 13.30 , 4.712 , 4.730 , 255.48 , 35.92
6790 , 31956 , 9.90 , -23.6 , -3 , 13.31 , 4.656 , 4.703 , 255.71 , 35.69
6800 , 32030 , 9.80 , -23.3 , -3 , 13.31 , 4.623 , 4.718 , 256.08 , 35.31
6810 , 32058 , 9.76 , -22.9 , -3 , 13.31 , 4.659 , 4.772 , 256.22 , 35.17
6820 , 32105 , 9.70 , -22.6 , -3 , 13.31 , 4.602 , 4.744 , 256.46 , 34.94
6830 , 32170 , 9.61 , -22.5 , -3 , 13.31 , 4.532 , 4.713 , 256.78 , 34.62
6840 , 32210 , 9.56 , -22.5 , -3 , 13.32 , 4.491 , 4.696 , 256.97 , 34.43
6850 , 32258 , 9.50 , -22.5 , -3 , 13.31 , 4.461 , 4.696 , 257.20 , 34.20
6860 , 32322 , 9.42 , -22.5 , -3 , 13.33 , 4.428 , 4.702 , 257.51 , 33.89
6870 , 32355 , 9.38 , -22.4 , -3 , 13.33 , 4.400 , 4.693 , 257.67 , 33.73
6880 , 32414 , 9.30 , -22.3 , -3 , 13.33 , 4.406 , 4.738 , 257.94 , 33.45
6890 , 32448 , 9.26 , -22.2 , -3 , 13.33 , 4.343 , 4.692 , 258.10 , 33.29
6900 , 32493 , 9.20 , -22.1 , -3 , 13.33 , 4.362 , 4.741 , 258.32 , 33.08
6910 , 32562 , 9.11 , -22.0 , -3 , 13.34 , 4.333 , 4.754 , 258.64 , 32.76
6920 , 32583 , 9.09 , -22.0 , -3 , 13.34 , 4.298 , 4.730 , 258.74 , 32.66
6930 , 32654 , 9.00 , -22.1 , -3 , 13.34 , 4.265 , 4.738 , 259.07 , 32.33
6940 , 32678 , 8.97 , -22.0 , -3 , 13.35 , 4.251 , 4.739 , 259.17 , 32.23
6950 , 32736 , 8.90 , -22.0 , -3 , 13.36 , 4.232 , 4.755 , 259.44 , 31.96
6960 , 32792 , 8.83 , -22.2 , -3 , 13.36 , 4.194 , 4.748 , 259.69 , 31.71
6970 , 32819 , 8.80 , -22.4 , -3 , 13.37 , 4.137 , 4.701 , 259.81 , 31.58
6980 , 32893 , 8.71 , -22.4 , -3 , 13.37 , 4.073 , 4.675 , 260.14 , 31.26
6990 , 32915 , 8.69 , -22.4 , -3 , 13.37 , 4.040 , 4.652 , 260.24 , 31.16
7000 , 32988 , 8.60 , -22.2 , -3 , 13.37 , 4.010 , 4.663 , 260.55 , 30.85
7010 , 33009 , 8.58 , -22.1 , -3 , 13.38 , 3.997 , 4.661 , 260.64 , 30.75
7020 , 33074 , 8.50 , -22.0 , -3 , 13.38 , 4.033 , 4.745 , 260.92 , 30.48
7030 , 33088 , 8.48 , -21.9 , -3 , 13.39 , 4.066 , 4.793 , 260.98 , 30.41
7040 , 33161 , 8.40 , -21.7 , -3 , 13.40 , 3.971 , 4.727 , 261.30 , 30.10
7050 , 33173 , 8.39 , -21.6 , -3 , 13.41 , 3.916 , 4.670 , 261.35 , 30.05
7060 , 33249 , 8.30 , -21.5 , -3 , 13.42 , 3.834 , 4.619 , 261.66 , 29.73
7070 , 33264 , 8.28 , -21.3 , -3 , 13.43 , 3.797 , 4.584 , 261.73 , 29.67
7080 , 33338 , 8.20 , -21.1 , -3 , 13.44 , 3.828 , 4.668 , 262.03 , 29.37
7090 , 33338 , 8.20 , -20.9 , -3 , 13.44 , 3.764 , 4.590 , 262.03 , 29.37
7100 , 33413 , 8.12 , -20.7 , -3 , 13.46 , 3.693 , 4.550 , 262.33 , 29.07
7110 , 33428 , 8.10 , -20.5 , -3 , 13.47 , 3.762 , 4.644 , 262.39 , 29.01
7120 , 33497 , 8.02 , -20.2 , -3 , 13.48 , 3.705 , 4.617 , 262.66 , 28.73
7130 , 33520 , 8.00 , -19.9 , -3 , 13.49 , 3.608 , 4.510 , 262.75 , 28.64
7140 , 33598 , 7.92 , -19.6 , -3 , 13.49 , 3.668 , 4.633 , 263.06 , 28.34
7150 , 33613 , 7.90 , -19.4 , -3 , 13.50 , 3.635 , 4.601 , 263.12 , 28.28
7160 , 33667 , 7.84 , -19.4 , -3 , 13.50 , 3.579 , 4.564 , 263.32 , 28.08
7170 , 33708 , 7.80 , -19.4 , -3 , 13.51 , 3.587 , 4.598 , 263.48 , 27.92
7180 , 33756 , 7.75 , -19.4 , -3 , 13.50 , 3.545 , 4.574 , 263.66 , 27.74
7190 , 33804 , 7.70 , -19.4 , -3 , 13.50 , 3.469 , 4.505 , 263.84 , 27.56
7200 , 33852 , 7.65 , -19.4 , -3 , 13.51 , 3.470 , 4.535 , 264.02 , 27.38
