# ------------------------------------------------------------
#
# Flight name: V0206
# Station: Davis
# Launch Date: 14 February 2006
# Launch Time: 23:25:26
# 
# This file created: Thu May 03 11:59:25 2007
# 
# 
# ------------------------------------------------------------
# DATA COLUMNS
# Time (s)
# Height (m)
# Atmospheric Pressure (hPa)
# Atmospheric Temperature (°C)
# Relative Humidity (%)
# Box Temperature (°C)
# Ozone Partial Pressure (mPa)
# Ozone Mixing Ratio (ppmV)
# Accumulated Ozone to this Height (Dobson Units)
# Remaining Ozone above this Height (Dobson Units)
# 
# ------------------------------------------------------------
# 
# Integrated Ozone = 237.5 DU
# Extrapolated Ozone =  49.1 DU
# 
# Total Ozone = 286.6 DU
# 
# 
# ------------------------------------------------------------
0 , 18 , 979.23 , -3.3 , 33 , 26.61 , 1.896 , 0.019 , 0.00 , 286.55
10 , 57 , 974.34 , -3.0 , 34 , 26.65 , 1.931 , 0.020 , 0.08 , 286.47
20 , 111 , 967.71 , -3.0 , 34 , 26.68 , 1.898 , 0.020 , 0.18 , 286.37
30 , 153 , 962.59 , -3.4 , 34 , 26.68 , 1.898 , 0.020 , 0.26 , 286.29
40 , 195 , 957.51 , -3.7 , 35 , 26.66 , 1.912 , 0.020 , 0.34 , 286.21
50 , 239 , 952.18 , -4.1 , 36 , 26.63 , 1.921 , 0.020 , 0.42 , 286.13
60 , 283 , 946.90 , -4.5 , 37 , 26.60 , 1.903 , 0.020 , 0.51 , 286.04
70 , 324 , 941.90 , -4.9 , 37 , 26.56 , 1.899 , 0.020 , 0.59 , 285.97
80 , 369 , 936.59 , -5.2 , 37 , 26.56 , 1.903 , 0.020 , 0.67 , 285.88
90 , 417 , 930.80 , -5.7 , 38 , 26.54 , 1.893 , 0.020 , 0.76 , 285.79
100 , 465 , 925.20 , -6.0 , 38 , 26.51 , 1.906 , 0.021 , 0.85 , 285.70
110 , 517 , 919.07 , -6.4 , 38 , 26.50 , 1.900 , 0.021 , 0.95 , 285.60
120 , 572 , 912.59 , -6.9 , 39 , 26.47 , 1.889 , 0.021 , 1.06 , 285.49
130 , 635 , 905.17 , -7.5 , 40 , 26.45 , 1.908 , 0.021 , 1.18 , 285.37
140 , 694 , 898.37 , -8.1 , 41 , 26.44 , 1.887 , 0.021 , 1.29 , 285.26
150 , 751 , 891.83 , -8.6 , 43 , 26.42 , 1.873 , 0.021 , 1.40 , 285.15
160 , 806 , 885.47 , -9.2 , 44 , 26.38 , 1.870 , 0.021 , 1.51 , 285.04
170 , 868 , 878.41 , -9.8 , 46 , 26.35 , 1.848 , 0.021 , 1.63 , 284.92
180 , 930 , 871.31 , -10.3 , 48 , 26.32 , 1.839 , 0.021 , 1.74 , 284.81
190 , 989 , 864.73 , -10.9 , 49 , 26.28 , 1.832 , 0.021 , 1.85 , 284.70
200 , 1048 , 858.04 , -11.3 , 51 , 26.24 , 1.816 , 0.021 , 1.97 , 284.58
210 , 1113 , 850.77 , -11.8 , 54 , 26.21 , 1.796 , 0.021 , 2.09 , 284.46
220 , 1176 , 843.84 , -12.2 , 56 , 26.17 , 1.757 , 0.021 , 2.20 , 284.35
230 , 1230 , 837.94 , -12.7 , 57 , 26.13 , 1.741 , 0.021 , 2.30 , 284.25
240 , 1288 , 831.51 , -12.7 , 59 , 26.10 , 1.707 , 0.021 , 2.40 , 284.15
250 , 1358 , 823.93 , -12.4 , 57 , 26.05 , 1.678 , 0.020 , 2.53 , 284.02
260 , 1419 , 817.43 , -12.8 , 57 , 26.01 , 1.621 , 0.020 , 2.63 , 283.92
270 , 1474 , 811.53 , -13.1 , 57 , 25.94 , 1.576 , 0.019 , 2.72 , 283.83
280 , 1527 , 805.84 , -13.5 , 59 , 25.89 , 1.557 , 0.019 , 2.81 , 283.74
290 , 1580 , 800.26 , -13.8 , 61 , 25.81 , 1.514 , 0.019 , 2.89 , 283.66
300 , 1637 , 794.33 , -14.2 , 63 , 25.77 , 1.484 , 0.019 , 2.98 , 283.57
310 , 1694 , 788.37 , -14.5 , 65 , 25.73 , 1.461 , 0.019 , 3.07 , 283.48
320 , 1744 , 783.17 , -14.8 , 68 , 25.69 , 1.436 , 0.018 , 3.14 , 283.41
330 , 1794 , 778.03 , -15.1 , 71 , 25.64 , 1.408 , 0.018 , 3.22 , 283.33
340 , 1841 , 773.13 , -15.3 , 74 , 25.59 , 1.378 , 0.018 , 3.29 , 283.26
350 , 1891 , 768.10 , -15.5 , 77 , 25.55 , 1.362 , 0.018 , 3.36 , 283.19
360 , 1937 , 763.41 , -15.8 , 78 , 25.49 , 1.341 , 0.018 , 3.42 , 283.13
370 , 1978 , 759.27 , -16.1 , 79 , 25.45 , 1.334 , 0.018 , 3.48 , 283.07
380 , 2013 , 755.70 , -16.2 , 77 , 25.39 , 1.327 , 0.018 , 3.53 , 283.02
390 , 2050 , 752.00 , -16.1 , 73 , 25.33 , 1.334 , 0.018 , 3.58 , 282.97
400 , 2092 , 747.84 , -16.2 , 65 , 25.27 , 1.351 , 0.018 , 3.64 , 282.91
410 , 2142 , 742.94 , -15.5 , 32 , 25.21 , 1.372 , 0.018 , 3.71 , 282.84
420 , 2180 , 739.20 , -14.6 , 22 , 25.16 , 1.417 , 0.019 , 3.77 , 282.79
430 , 2228 , 734.50 , -14.2 , 21 , 25.10 , 1.461 , 0.020 , 3.84 , 282.71
440 , 2276 , 729.90 , -14.1 , 19 , 25.05 , 1.504 , 0.021 , 3.91 , 282.64
450 , 2330 , 724.65 , -14.4 , 19 , 24.99 , 1.507 , 0.021 , 4.00 , 282.55
460 , 2392 , 718.76 , -14.8 , 19 , 24.94 , 1.516 , 0.021 , 4.09 , 282.46
470 , 2443 , 713.90 , -14.9 , 18 , 24.91 , 1.534 , 0.021 , 4.18 , 282.37
480 , 2492 , 709.36 , -15.1 , 17 , 24.87 , 1.509 , 0.021 , 4.25 , 282.30
490 , 2543 , 704.54 , -15.4 , 18 , 24.81 , 1.517 , 0.022 , 4.33 , 282.22
500 , 2601 , 699.17 , -15.7 , 19 , 24.75 , 1.569 , 0.022 , 4.43 , 282.12
510 , 2666 , 693.13 , -16.1 , 19 , 24.70 , 1.629 , 0.023 , 4.54 , 282.01
520 , 2724 , 687.81 , -16.4 , 18 , 24.65 , 1.646 , 0.024 , 4.64 , 281.91
530 , 2774 , 683.22 , -16.5 , 16 , 24.59 , 1.650 , 0.024 , 4.72 , 281.83
540 , 2830 , 678.21 , -16.8 , 16 , 24.53 , 1.629 , 0.024 , 4.82 , 281.73
550 , 2884 , 673.33 , -17.3 , 17 , 24.48 , 1.595 , 0.024 , 4.91 , 281.64
560 , 2944 , 667.93 , -17.7 , 18 , 24.43 , 1.537 , 0.023 , 5.01 , 281.54
570 , 2998 , 663.12 , -18.1 , 19 , 24.38 , 1.511 , 0.023 , 5.10 , 281.45
580 , 3056 , 657.96 , -18.1 , 17 , 24.30 , 1.506 , 0.023 , 5.19 , 281.36
590 , 3115 , 652.80 , -18.5 , 17 , 24.26 , 1.510 , 0.023 , 5.28 , 281.27
600 , 3169 , 648.09 , -18.9 , 17 , 24.20 , 1.525 , 0.024 , 5.37 , 281.18
610 , 3221 , 643.56 , -19.1 , 16 , 24.15 , 1.566 , 0.024 , 5.46 , 281.09
620 , 3277 , 638.78 , -19.3 , 16 , 24.11 , 1.610 , 0.025 , 5.55 , 281.00
630 , 3330 , 634.18 , -19.3 , 18 , 24.07 , 1.665 , 0.026 , 5.64 , 280.91
640 , 3388 , 629.30 , -19.7 , 19 , 24.01 , 1.665 , 0.026 , 5.74 , 280.81
650 , 3441 , 624.77 , -20.0 , 20 , 23.95 , 1.641 , 0.026 , 5.84 , 280.71
660 , 3497 , 620.08 , -20.4 , 20 , 23.91 , 1.659 , 0.027 , 5.94 , 280.61
670 , 3556 , 615.17 , -20.7 , 20 , 23.85 , 1.704 , 0.028 , 6.04 , 280.51
680 , 3618 , 610.03 , -21.1 , 20 , 23.81 , 1.753 , 0.029 , 6.16 , 280.39
690 , 3691 , 603.98 , -21.5 , 20 , 23.74 , 1.813 , 0.030 , 6.30 , 280.25
700 , 3753 , 598.94 , -21.5 , 15 , 23.69 , 1.996 , 0.033 , 6.42 , 280.13
710 , 3811 , 594.29 , -21.8 , 14 , 23.64 , 2.211 , 0.037 , 6.55 , 280.00
720 , 3863 , 590.09 , -22.2 , 13 , 23.58 , 2.481 , 0.042 , 6.68 , 279.87
730 , 3914 , 585.99 , -22.3 , 11 , 23.52 , 2.568 , 0.044 , 6.82 , 279.73
740 , 3972 , 581.34 , -22.1 , 10 , 23.46 , 2.510 , 0.043 , 6.98 , 279.57
750 , 4035 , 576.45 , -21.8 , 9 , 23.41 , 2.275 , 0.039 , 7.14 , 279.41
760 , 4097 , 571.60 , -21.9 , 8 , 23.35 , 2.172 , 0.038 , 7.29 , 279.26
770 , 4150 , 567.50 , -22.3 , 8 , 23.29 , 2.124 , 0.037 , 7.41 , 279.14
780 , 4214 , 562.56 , -22.9 , 9 , 23.25 , 2.072 , 0.037 , 7.56 , 278.99
790 , 4277 , 557.70 , -23.4 , 8 , 23.19 , 2.066 , 0.037 , 7.70 , 278.85
800 , 4332 , 553.56 , -23.0 , 3 , 23.13 , 2.350 , 0.042 , 7.83 , 278.72
810 , 4385 , 549.55 , -22.0 , 5 , 23.08 , 2.834 , 0.052 , 7.98 , 278.57
830 , 4509 , 540.34 , -22.0 , 55 , 22.95 , 2.515 , 0.047 , 8.33 , 278.22
850 , 4634 , 531.22 , -22.5 , 7 , 22.84 , 2.164 , 0.041 , 8.65 , 277.90
860 , 4684 , 527.65 , -22.8 , 13 , 22.79 , 2.132 , 0.040 , 8.76 , 277.79
870 , 4744 , 523.36 , -23.1 , 26 , 22.74 , 2.115 , 0.040 , 8.90 , 277.65
880 , 4804 , 519.08 , -23.4 , 55 , 22.68 , 2.048 , 0.039 , 9.03 , 277.52
890 , 4856 , 515.37 , -23.5 , 67 , 22.65 , 1.905 , 0.037 , 9.15 , 277.41
900 , 4918 , 511.04 , -23.6 , 65 , 22.57 , 1.699 , 0.033 , 9.27 , 277.29
910 , 4974 , 507.10 , -23.9 , 64 , 22.53 , 1.591 , 0.031 , 9.37 , 277.18
920 , 5033 , 503.04 , -24.3 , 65 , 22.47 , 1.532 , 0.030 , 9.46 , 277.09
930 , 5093 , 498.94 , -24.8 , 67 , 22.42 , 1.492 , 0.030 , 9.56 , 276.99
940 , 5153 , 494.81 , -25.2 , 72 , 22.36 , 1.447 , 0.029 , 9.66 , 276.89
950 , 5207 , 491.13 , -25.3 , 72 , 22.31 , 1.356 , 0.028 , 9.74 , 276.81
960 , 5273 , 486.68 , -25.5 , 69 , 22.25 , 1.209 , 0.025 , 9.83 , 276.72
970 , 5328 , 483.00 , -25.8 , 66 , 22.19 , 1.136 , 0.024 , 9.90 , 276.65
980 , 5392 , 478.77 , -26.2 , 64 , 22.14 , 1.231 , 0.026 , 9.99 , 276.56
990 , 5443 , 475.41 , -26.5 , 63 , 22.07 , 1.384 , 0.029 , 10.06 , 276.49
1000 , 5497 , 471.86 , -26.7 , 61 , 22.02 , 1.427 , 0.030 , 10.14 , 276.41
1010 , 5550 , 468.39 , -27.1 , 61 , 21.96 , 1.430 , 0.031 , 10.23 , 276.33
1020 , 5604 , 464.91 , -27.5 , 62 , 21.90 , 1.445 , 0.031 , 10.31 , 276.24
1030 , 5665 , 460.98 , -28.0 , 64 , 21.85 , 1.488 , 0.032 , 10.41 , 276.14
1040 , 5722 , 457.34 , -28.4 , 65 , 21.80 , 1.499 , 0.033 , 10.50 , 276.05
1050 , 5775 , 453.94 , -28.8 , 67 , 21.74 , 1.470 , 0.032 , 10.59 , 275.96
1060 , 5828 , 450.57 , -29.2 , 67 , 21.68 , 1.419 , 0.031 , 10.67 , 275.88
1070 , 5883 , 447.13 , -29.6 , 67 , 21.63 , 1.334 , 0.030 , 10.76 , 275.79
1080 , 5939 , 443.64 , -30.1 , 70 , 21.57 , 1.272 , 0.029 , 10.84 , 275.71
1090 , 5993 , 440.30 , -30.5 , 71 , 21.52 , 1.259 , 0.029 , 10.91 , 275.64
1100 , 6053 , 436.56 , -30.9 , 69 , 21.46 , 1.241 , 0.028 , 11.00 , 275.55
1110 , 6109 , 433.15 , -31.3 , 66 , 21.41 , 1.232 , 0.028 , 11.07 , 275.48
1120 , 6169 , 429.50 , -31.8 , 65 , 21.35 , 1.224 , 0.029 , 11.16 , 275.39
1130 , 6225 , 426.10 , -32.3 , 64 , 21.28 , 1.209 , 0.028 , 11.23 , 275.32
1140 , 6280 , 422.74 , -32.8 , 63 , 21.22 , 1.195 , 0.028 , 11.31 , 275.24
1150 , 6335 , 419.44 , -33.2 , 62 , 21.17 , 1.176 , 0.028 , 11.38 , 275.17
1160 , 6391 , 416.12 , -33.6 , 65 , 21.12 , 1.184 , 0.028 , 11.45 , 275.10
1170 , 6449 , 412.69 , -34.0 , 71 , 21.05 , 1.217 , 0.029 , 11.53 , 275.02
1180 , 6511 , 409.07 , -34.3 , 70 , 20.98 , 1.222 , 0.030 , 11.62 , 274.93
1190 , 6569 , 405.67 , -34.8 , 69 , 20.90 , 1.172 , 0.029 , 11.70 , 274.85
1200 , 6632 , 402.06 , -35.2 , 65 , 20.83 , 1.082 , 0.027 , 11.78 , 274.77
1210 , 6688 , 398.79 , -35.6 , 62 , 20.77 , 1.053 , 0.026 , 11.84 , 274.71
1220 , 6743 , 395.65 , -36.0 , 60 , 20.71 , 1.085 , 0.027 , 11.91 , 274.64
1230 , 6802 , 392.33 , -36.4 , 58 , 20.65 , 1.197 , 0.031 , 11.99 , 274.56
1240 , 6861 , 388.97 , -36.9 , 55 , 20.59 , 1.300 , 0.033 , 12.07 , 274.48
1250 , 6927 , 385.30 , -37.3 , 44 , 20.52 , 1.352 , 0.035 , 12.17 , 274.38
1260 , 6986 , 382.00 , -37.6 , 36 , 20.46 , 1.355 , 0.035 , 12.26 , 274.29
1270 , 7046 , 378.72 , -38.0 , 32 , 20.39 , 1.346 , 0.036 , 12.36 , 274.20
1280 , 7108 , 375.28 , -38.6 , 36 , 20.33 , 1.342 , 0.036 , 12.45 , 274.10
1290 , 7167 , 372.07 , -39.1 , 42 , 20.27 , 1.336 , 0.036 , 12.54 , 274.01
1300 , 7226 , 368.87 , -39.4 , 42 , 20.20 , 1.309 , 0.035 , 12.63 , 273.92
1310 , 7290 , 365.43 , -39.9 , 41 , 20.13 , 1.299 , 0.036 , 12.73 , 273.82
1320 , 7349 , 362.29 , -40.4 , 39 , 20.06 , 1.304 , 0.036 , 12.82 , 273.73
1330 , 7408 , 359.17 , -40.9 , 40 , 20.01 , 1.314 , 0.037 , 12.91 , 273.64
1340 , 7469 , 355.96 , -41.4 , 43 , 19.95 , 1.314 , 0.037 , 13.00 , 273.55
1350 , 7531 , 352.75 , -41.7 , 41 , 19.88 , 1.307 , 0.037 , 13.09 , 273.46
1360 , 7596 , 349.37 , -42.2 , 39 , 19.83 , 1.305 , 0.037 , 13.19 , 273.36
1370 , 7656 , 346.29 , -42.6 , 36 , 19.76 , 1.297 , 0.037 , 13.28 , 273.27
1380 , 7718 , 343.10 , -43.1 , 37 , 19.71 , 1.277 , 0.037 , 13.38 , 273.17
1390 , 7776 , 340.17 , -43.7 , 41 , 19.66 , 1.265 , 0.037 , 13.46 , 273.09
1400 , 7845 , 336.67 , -44.3 , 44 , 19.60 , 1.256 , 0.037 , 13.57 , 272.98
1410 , 7900 , 333.93 , -44.8 , 47 , 19.54 , 1.251 , 0.037 , 13.65 , 272.90
1420 , 7963 , 330.77 , -45.3 , 49 , 19.48 , 1.232 , 0.037 , 13.74 , 272.81
1430 , 8022 , 327.85 , -45.8 , 50 , 19.42 , 1.213 , 0.037 , 13.83 , 272.72
1440 , 8089 , 324.56 , -46.4 , 49 , 19.35 , 1.175 , 0.036 , 13.92 , 272.63
1450 , 8155 , 321.37 , -46.9 , 48 , 19.30 , 1.158 , 0.036 , 14.01 , 272.54
1460 , 8214 , 318.50 , -47.4 , 49 , 19.24 , 1.156 , 0.036 , 14.09 , 272.46
1470 , 8277 , 315.46 , -47.9 , 49 , 19.18 , 1.165 , 0.037 , 14.18 , 272.37
1480 , 8341 , 312.43 , -48.4 , 49 , 19.12 , 1.179 , 0.038 , 14.27 , 272.28
1490 , 8403 , 309.51 , -49.1 , 49 , 19.06 , 1.184 , 0.038 , 14.36 , 272.19
1500 , 8465 , 306.60 , -49.6 , 51 , 19.00 , 1.173 , 0.038 , 14.45 , 272.10
1510 , 8528 , 303.65 , -50.2 , 53 , 18.93 , 1.149 , 0.038 , 14.54 , 272.02
1520 , 8591 , 300.73 , -50.7 , 54 , 18.87 , 1.129 , 0.038 , 14.62 , 271.93
1530 , 8665 , 297.31 , -51.4 , 54 , 18.80 , 1.117 , 0.038 , 14.72 , 271.83
1540 , 8727 , 294.47 , -51.9 , 52 , 18.75 , 1.070 , 0.036 , 14.81 , 271.74
1550 , 8809 , 290.78 , -52.4 , 48 , 18.68 , 1.014 , 0.035 , 14.91 , 271.64
1560 , 8862 , 288.40 , -52.9 , 46 , 18.62 , 0.984 , 0.034 , 14.98 , 271.58
1570 , 8915 , 286.03 , -53.2 , 46 , 18.54 , 0.958 , 0.033 , 15.04 , 271.51
1580 , 8986 , 282.89 , -53.7 , 44 , 18.47 , 0.942 , 0.033 , 15.12 , 271.43
1590 , 9060 , 279.67 , -54.3 , 44 , 18.39 , 0.912 , 0.033 , 15.20 , 271.35
1600 , 9123 , 276.92 , -54.7 , 44 , 18.32 , 0.884 , 0.032 , 15.28 , 271.28
1620 , 9254 , 271.28 , -55.9 , 45 , 18.17 , 0.787 , 0.029 , 15.41 , 271.14
1630 , 9313 , 268.75 , -56.4 , 45 , 18.13 , 0.749 , 0.028 , 15.47 , 271.08
1640 , 9387 , 265.63 , -57.1 , 45 , 18.05 , 0.732 , 0.028 , 15.54 , 271.02
1650 , 9455 , 262.79 , -57.7 , 45 , 17.99 , 0.736 , 0.028 , 15.60 , 270.95
1660 , 9528 , 259.77 , -58.1 , 44 , 17.92 , 0.763 , 0.029 , 15.67 , 270.88
1670 , 9577 , 257.77 , -58.4 , 43 , 17.87 , 0.792 , 0.031 , 15.71 , 270.84
1680 , 9639 , 255.23 , -58.8 , 43 , 17.81 , 0.893 , 0.035 , 15.78 , 270.77
1690 , 9694 , 253.00 , -59.1 , 44 , 17.75 , 0.996 , 0.039 , 15.84 , 270.71
1700 , 9745 , 250.95 , -59.4 , 44 , 17.65 , 1.083 , 0.043 , 15.91 , 270.64
1710 , 9800 , 248.73 , -59.6 , 44 , 17.57 , 1.140 , 0.046 , 15.99 , 270.56
1720 , 9852 , 246.70 , -59.7 , 44 , 17.50 , 1.222 , 0.050 , 16.07 , 270.48
1730 , 9901 , 244.76 , -60.0 , 44 , 17.44 , 1.263 , 0.052 , 16.14 , 270.41
1740 , 9965 , 242.26 , -60.0 , 45 , 17.40 , 1.294 , 0.053 , 16.25 , 270.30
1750 , 10025 , 239.96 , -60.0 , 45 , 17.34 , 1.436 , 0.060 , 16.35 , 270.20
1760 , 10081 , 237.82 , -59.3 , 45 , 17.30 , 1.677 , 0.071 , 16.46 , 270.09
1770 , 10138 , 235.64 , -58.5 , 44 , 17.25 , 1.971 , 0.084 , 16.59 , 269.96
1780 , 10183 , 233.98 , -57.6 , 43 , 17.20 , 2.315 , 0.099 , 16.71 , 269.84
1790 , 10218 , 232.67 , -57.6 , 41 , 17.15 , 2.773 , 0.119 , 16.82 , 269.73
1800 , 10258 , 231.22 , -57.1 , 37 , 17.11 , 3.391 , 0.147 , 16.98 , 269.57
1810 , 10317 , 229.07 , -55.6 , 32 , 17.07 , 3.892 , 0.170 , 17.25 , 269.31
1820 , 10379 , 226.84 , -55.1 , 28 , 17.03 , 4.389 , 0.193 , 17.56 , 268.99
1830 , 10433 , 224.96 , -55.1 , 22 , 16.98 , 4.730 , 0.210 , 17.86 , 268.69
1840 , 10477 , 223.39 , -55.1 , 18 , 16.93 , 4.926 , 0.221 , 18.13 , 268.42
1850 , 10515 , 222.07 , -55.2 , 16 , 16.89 , 5.040 , 0.227 , 18.36 , 268.19
1860 , 10564 , 220.38 , -55.1 , 13 , 16.85 , 5.175 , 0.235 , 18.67 , 267.88
1870 , 10603 , 219.01 , -54.6 , 11 , 16.80 , 5.239 , 0.239 , 18.93 , 267.62
1880 , 10646 , 217.57 , -53.8 , 9 , 16.77 , 5.385 , 0.248 , 19.21 , 267.35
1890 , 10682 , 216.34 , -52.9 , 8 , 16.75 , 5.472 , 0.253 , 19.45 , 267.10
1900 , 10728 , 214.81 , -52.4 , 6 , 16.71 , 5.422 , 0.252 , 19.75 , 266.80
1910 , 10769 , 213.46 , -51.9 , 5 , 16.69 , 5.361 , 0.251 , 20.02 , 266.53
1920 , 10808 , 212.17 , -51.5 , 4 , 16.65 , 5.320 , 0.251 , 20.28 , 266.27
1930 , 10845 , 210.97 , -51.0 , 3 , 16.62 , 5.322 , 0.252 , 20.52 , 266.04
1940 , 10884 , 209.70 , -50.4 , 2 , 16.60 , 5.355 , 0.255 , 20.77 , 265.78
1950 , 10925 , 208.40 , -49.8 , 2 , 16.58 , 5.368 , 0.258 , 21.03 , 265.52
1960 , 10966 , 207.09 , -49.5 , 1 , 16.55 , 5.261 , 0.254 , 21.30 , 265.25
1970 , 11006 , 205.82 , -49.4 , 1 , 16.52 , 5.119 , 0.249 , 21.55 , 265.00
1980 , 11045 , 204.60 , -49.5 , 1 , 16.50 , 4.940 , 0.241 , 21.78 , 264.77
1990 , 11089 , 203.25 , -49.5 , 1 , 16.47 , 4.700 , 0.231 , 22.04 , 264.51
2000 , 11113 , 202.50 , -49.4 , 1 , 16.45 , 4.575 , 0.226 , 22.17 , 264.38
2010 , 11166 , 200.86 , -49.2 , 0 , 16.42 , 4.363 , 0.217 , 22.46 , 264.09
2020 , 11203 , 199.73 , -49.3 , 0 , 16.40 , 4.301 , 0.215 , 22.65 , 263.90
2030 , 11244 , 198.50 , -49.1 , 0 , 16.37 , 4.253 , 0.214 , 22.86 , 263.69
2040 , 11285 , 197.25 , -49.2 , 0 , 16.33 , 4.251 , 0.216 , 23.07 , 263.48
2050 , 11320 , 196.20 , -49.2 , 0 , 16.31 , 4.243 , 0.216 , 23.25 , 263.30
2060 , 11370 , 194.70 , -49.2 , 0 , 16.29 , 4.321 , 0.222 , 23.51 , 263.04
2080 , 11445 , 192.50 , -48.9 , 0 , 16.23 , 4.354 , 0.226 , 23.90 , 262.65
2090 , 11500 , 190.90 , -48.5 , -1 , 16.19 , 4.373 , 0.229 , 24.19 , 262.36
2100 , 11532 , 189.97 , -48.9 , -1 , 16.17 , 4.375 , 0.230 , 24.36 , 262.19
2110 , 11570 , 188.86 , -49.1 , -1 , 16.14 , 4.356 , 0.231 , 24.56 , 261.99
2120 , 11609 , 187.74 , -49.1 , -1 , 16.11 , 4.368 , 0.233 , 24.76 , 261.79
2130 , 11642 , 186.82 , -49.0 , -1 , 16.09 , 4.384 , 0.235 , 24.93 , 261.62
2150 , 11724 , 184.50 , -48.0 , 0 , 16.04 , 4.523 , 0.245 , 25.37 , 261.18
2170 , 11805 , 182.26 , -47.1 , 0 , 15.97 , 4.796 , 0.263 , 25.82 , 260.73
2180 , 11832 , 181.50 , -47.0 , 0 , 15.95 , 4.892 , 0.270 , 25.98 , 260.57
2190 , 11890 , 179.92 , -47.0 , -1 , 15.93 , 5.014 , 0.279 , 26.32 , 260.23
2200 , 11922 , 179.04 , -47.0 , -1 , 15.90 , 5.057 , 0.282 , 26.52 , 260.03
2210 , 11962 , 177.97 , -47.2 , -1 , 15.87 , 5.073 , 0.285 , 26.76 , 259.79
2220 , 12001 , 176.93 , -47.2 , -1 , 15.86 , 5.103 , 0.288 , 26.99 , 259.56
2230 , 12042 , 175.84 , -47.5 , -1 , 15.85 , 5.112 , 0.291 , 27.24 , 259.31
2240 , 12086 , 174.67 , -47.5 , -1 , 15.83 , 5.147 , 0.295 , 27.51 , 259.04
2250 , 12130 , 173.52 , -47.4 , -1 , 15.80 , 5.177 , 0.298 , 27.78 , 258.77
2260 , 12191 , 171.90 , -47.0 , -2 , 15.77 , 5.048 , 0.294 , 28.16 , 258.39
2270 , 12210 , 171.42 , -46.8 , -2 , 15.77 , 5.000 , 0.292 , 28.27 , 258.28
2280 , 12270 , 169.87 , -46.7 , -1 , 15.74 , 4.927 , 0.290 , 28.63 , 257.92
2290 , 12300 , 169.10 , -46.6 , -1 , 15.74 , 4.915 , 0.291 , 28.80 , 257.75
2300 , 12336 , 168.18 , -46.6 , -2 , 15.72 , 4.921 , 0.293 , 29.01 , 257.54
2310 , 12374 , 167.23 , -46.9 , -2 , 15.71 , 4.956 , 0.296 , 29.23 , 257.32
2320 , 12413 , 166.24 , -47.0 , -2 , 15.70 , 4.983 , 0.300 , 29.47 , 257.08
2330 , 12454 , 165.22 , -47.0 , -2 , 15.68 , 4.964 , 0.300 , 29.71 , 256.84
2340 , 12493 , 164.26 , -47.1 , -2 , 15.67 , 4.952 , 0.301 , 29.94 , 256.61
2350 , 12534 , 163.23 , -47.1 , -2 , 15.65 , 4.884 , 0.299 , 30.18 , 256.37
2360 , 12577 , 162.19 , -47.2 , -2 , 15.64 , 4.807 , 0.296 , 30.43 , 256.12
2370 , 12615 , 161.26 , -47.2 , -2 , 15.63 , 4.783 , 0.297 , 30.64 , 255.91
2380 , 12655 , 160.27 , -47.0 , -2 , 15.61 , 4.774 , 0.298 , 30.88 , 255.68
2390 , 12695 , 159.30 , -47.0 , -2 , 15.60 , 4.773 , 0.300 , 31.10 , 255.45
2400 , 12737 , 158.30 , -47.1 , -2 , 15.58 , 4.671 , 0.295 , 31.34 , 255.21
2410 , 12777 , 157.36 , -47.4 , -2 , 15.57 , 4.578 , 0.291 , 31.56 , 254.99
2420 , 12818 , 156.38 , -47.4 , -2 , 15.55 , 4.485 , 0.287 , 31.78 , 254.77
2430 , 12859 , 155.40 , -47.4 , -2 , 15.53 , 4.411 , 0.284 , 32.00 , 254.55
2440 , 12902 , 154.40 , -47.5 , -2 , 15.52 , 4.414 , 0.286 , 32.22 , 254.33
2450 , 12940 , 153.51 , -47.3 , -2 , 15.50 , 4.703 , 0.306 , 32.43 , 254.12
2460 , 12977 , 152.65 , -47.0 , -2 , 15.48 , 4.955 , 0.325 , 32.65 , 253.90
2470 , 13016 , 151.76 , -46.6 , -2 , 15.46 , 5.165 , 0.340 , 32.88 , 253.67
2480 , 13054 , 150.89 , -46.4 , -2 , 15.45 , 5.226 , 0.346 , 33.12 , 253.43
2490 , 13093 , 150.01 , -46.4 , -2 , 15.43 , 5.304 , 0.354 , 33.36 , 253.19
2500 , 13130 , 149.17 , -46.4 , -2 , 15.41 , 5.242 , 0.351 , 33.59 , 252.96
2510 , 13173 , 148.22 , -46.5 , -2 , 15.39 , 5.092 , 0.344 , 33.85 , 252.70
2520 , 13212 , 147.35 , -46.7 , -2 , 15.37 , 5.067 , 0.344 , 34.09 , 252.46
2530 , 13254 , 146.41 , -46.7 , -2 , 15.34 , 5.130 , 0.350 , 34.35 , 252.21
2540 , 13290 , 145.62 , -46.6 , -2 , 15.33 , 5.195 , 0.357 , 34.57 , 251.98
2550 , 13327 , 144.80 , -46.6 , -2 , 15.30 , 5.255 , 0.363 , 34.80 , 251.75
2560 , 13367 , 143.94 , -46.7 , -2 , 15.28 , 5.323 , 0.370 , 35.05 , 251.50
2570 , 13405 , 143.11 , -46.7 , -2 , 15.26 , 5.385 , 0.376 , 35.29 , 251.26
2580 , 13446 , 142.23 , -46.5 , -2 , 15.24 , 5.412 , 0.380 , 35.55 , 251.00
2590 , 13483 , 141.44 , -46.5 , -2 , 15.22 , 5.437 , 0.384 , 35.79 , 250.76
2600 , 13523 , 140.58 , -46.6 , -2 , 15.19 , 5.486 , 0.390 , 36.06 , 250.49
2610 , 13562 , 139.77 , -46.6 , -2 , 15.17 , 5.556 , 0.398 , 36.31 , 250.24
2620 , 13603 , 138.90 , -46.6 , -2 , 15.15 , 5.607 , 0.404 , 36.58 , 249.97
2630 , 13638 , 138.19 , -46.5 , -2 , 15.13 , 5.653 , 0.409 , 36.81 , 249.74
2640 , 13674 , 137.43 , -46.5 , -2 , 15.10 , 5.702 , 0.415 , 37.06 , 249.49
2650 , 13711 , 136.66 , -46.5 , -2 , 15.07 , 5.792 , 0.424 , 37.31 , 249.24
2660 , 13751 , 135.85 , -46.5 , -2 , 15.05 , 5.856 , 0.431 , 37.59 , 248.96
2670 , 13785 , 135.14 , -46.5 , -2 , 15.03 , 5.835 , 0.432 , 37.83 , 248.72
2680 , 13823 , 134.37 , -46.5 , -2 , 15.01 , 5.879 , 0.438 , 38.09 , 248.46
2690 , 13862 , 133.58 , -46.6 , -2 , 14.98 , 5.997 , 0.449 , 38.37 , 248.18
2700 , 13902 , 132.78 , -46.7 , -2 , 14.96 , 6.172 , 0.465 , 38.66 , 247.89
2710 , 13944 , 131.94 , -46.6 , -2 , 14.94 , 6.262 , 0.475 , 38.97 , 247.58
2720 , 13980 , 131.24 , -46.6 , -2 , 14.90 , 6.325 , 0.482 , 39.23 , 247.32
2730 , 14035 , 130.15 , -46.5 , -3 , 14.88 , 6.366 , 0.489 , 39.65 , 246.90
2740 , 14059 , 129.69 , -46.5 , -3 , 14.86 , 6.295 , 0.485 , 39.83 , 246.72
2750 , 14097 , 128.93 , -46.6 , -3 , 14.83 , 6.261 , 0.486 , 40.12 , 246.43
2760 , 14135 , 128.20 , -46.5 , -3 , 14.81 , 6.250 , 0.488 , 40.40 , 246.15
2770 , 14173 , 127.47 , -46.5 , -3 , 14.78 , 6.213 , 0.487 , 40.68 , 245.87
2780 , 14217 , 126.63 , -46.4 , -3 , 14.75 , 6.220 , 0.491 , 41.00 , 245.55
2790 , 14254 , 125.92 , -46.3 , -3 , 14.74 , 6.180 , 0.491 , 41.28 , 245.27
2800 , 14296 , 125.12 , -46.3 , -3 , 14.70 , 6.148 , 0.491 , 41.59 , 244.96
2810 , 14333 , 124.43 , -46.3 , -3 , 14.69 , 6.158 , 0.495 , 41.86 , 244.69
2820 , 14371 , 123.71 , -46.2 , -3 , 14.66 , 6.145 , 0.497 , 42.14 , 244.41
2830 , 14410 , 123.00 , -46.3 , -3 , 14.63 , 6.162 , 0.501 , 42.42 , 244.13
2840 , 14446 , 122.33 , -46.3 , -3 , 14.61 , 6.207 , 0.507 , 42.69 , 243.86
2850 , 14486 , 121.60 , -46.3 , -3 , 14.59 , 6.340 , 0.521 , 42.98 , 243.57
2860 , 14521 , 120.97 , -46.2 , -3 , 14.57 , 6.410 , 0.530 , 43.24 , 243.31
2870 , 14562 , 120.22 , -46.4 , -3 , 14.54 , 6.403 , 0.533 , 43.56 , 242.99
2880 , 14600 , 119.53 , -46.5 , -3 , 14.52 , 6.388 , 0.534 , 43.85 , 242.70
2890 , 14638 , 118.85 , -46.6 , -3 , 14.50 , 6.348 , 0.534 , 44.14 , 242.42
2900 , 14681 , 118.08 , -46.5 , -3 , 14.48 , 6.330 , 0.536 , 44.46 , 242.09
2910 , 14717 , 117.44 , -46.2 , -3 , 14.45 , 6.402 , 0.545 , 44.73 , 241.82
2920 , 14757 , 116.73 , -46.2 , -3 , 14.43 , 6.517 , 0.558 , 45.04 , 241.51
2930 , 14798 , 116.02 , -46.3 , -3 , 14.41 , 6.644 , 0.573 , 45.36 , 241.19
2940 , 14835 , 115.37 , -46.3 , -3 , 14.39 , 6.735 , 0.584 , 45.66 , 240.90
2950 , 14872 , 114.73 , -46.3 , -3 , 14.36 , 6.845 , 0.597 , 45.95 , 240.60
2960 , 14911 , 114.06 , -46.4 , -3 , 14.34 , 6.911 , 0.606 , 46.27 , 240.28
2970 , 14948 , 113.42 , -46.2 , -3 , 14.32 , 6.980 , 0.615 , 46.58 , 239.97
2980 , 14986 , 112.78 , -46.1 , -3 , 14.30 , 7.111 , 0.631 , 46.89 , 239.66
2990 , 15022 , 112.17 , -46.0 , -3 , 14.28 , 7.563 , 0.674 , 47.21 , 239.34
3000 , 15062 , 111.50 , -45.8 , -3 , 14.25 , 7.898 , 0.708 , 47.57 , 238.98
3010 , 15098 , 110.90 , -45.6 , -3 , 14.24 , 8.244 , 0.743 , 47.92 , 238.63
3020 , 15133 , 110.32 , -45.5 , -3 , 14.21 , 8.480 , 0.769 , 48.27 , 238.28
3030 , 15171 , 109.69 , -45.5 , -3 , 14.19 , 8.584 , 0.783 , 48.65 , 237.90
3040 , 15208 , 109.09 , -45.2 , -3 , 14.16 , 8.398 , 0.770 , 49.02 , 237.53
3050 , 15245 , 108.48 , -45.2 , -3 , 14.16 , 8.248 , 0.760 , 49.38 , 237.17
3060 , 15284 , 107.85 , -45.2 , -3 , 14.14 , 8.071 , 0.748 , 49.76 , 236.79
3070 , 15321 , 107.25 , -45.1 , -3 , 14.11 , 7.842 , 0.731 , 50.11 , 236.44
3080 , 15366 , 106.53 , -45.0 , -3 , 14.09 , 7.950 , 0.746 , 50.53 , 236.02
3090 , 15405 , 105.91 , -44.8 , -3 , 14.07 , 7.941 , 0.750 , 50.89 , 235.66
3100 , 15440 , 105.35 , -44.9 , -3 , 14.05 , 7.919 , 0.752 , 51.23 , 235.32
3110 , 15485 , 104.65 , -44.8 , -3 , 14.03 , 7.891 , 0.754 , 51.64 , 234.91
3120 , 15520 , 104.10 , -44.8 , -3 , 14.02 , 7.876 , 0.757 , 51.97 , 234.58
3130 , 15556 , 103.53 , -44.8 , -3 , 14.01 , 7.890 , 0.762 , 52.31 , 234.24
3140 , 15602 , 102.83 , -44.9 , -3 , 13.99 , 7.872 , 0.766 , 52.74 , 233.81
3150 , 15644 , 102.18 , -44.8 , -3 , 13.98 , 7.864 , 0.770 , 53.13 , 233.42
3160 , 15684 , 101.58 , -44.6 , -3 , 13.97 , 7.855 , 0.773 , 53.50 , 233.06
3170 , 15725 , 100.95 , -44.5 , -3 , 13.96 , 7.950 , 0.788 , 53.88 , 232.67
3180 , 15769 , 100.30 , -44.4 , -3 , 13.95 , 8.126 , 0.810 , 54.29 , 232.26
3190 , 15811 , 99.67 , -44.5 , -3 , 13.95 , 8.165 , 0.819 , 54.70 , 231.85
3200 , 15849 , 99.10 , -44.6 , -3 , 13.94 , 8.228 , 0.830 , 55.07 , 231.48
3210 , 15886 , 98.55 , -44.8 , -3 , 13.93 , 8.273 , 0.840 , 55.43 , 231.12
3220 , 15934 , 97.85 , -45.0 , -3 , 13.92 , 8.380 , 0.856 , 55.90 , 230.65
3230 , 15971 , 97.31 , -45.2 , -3 , 13.89 , 8.486 , 0.872 , 56.26 , 230.29
3240 , 16008 , 96.77 , -45.3 , -3 , 13.88 , 8.546 , 0.883 , 56.64 , 229.91
3250 , 16052 , 96.13 , -45.3 , -3 , 13.86 , 8.753 , 0.911 , 57.09 , 229.46
3260 , 16093 , 95.55 , -45.3 , -3 , 13.83 , 8.999 , 0.942 , 57.52 , 229.03
3270 , 16135 , 94.94 , -45.5 , -3 , 13.82 , 9.208 , 0.970 , 57.98 , 228.57
3280 , 16174 , 94.39 , -45.5 , -3 , 13.78 , 9.489 , 1.005 , 58.41 , 228.14
3290 , 16208 , 93.92 , -45.5 , -3 , 13.76 , 9.696 , 1.032 , 58.79 , 227.76
3300 , 16254 , 93.27 , -45.4 , -3 , 13.73 , 9.839 , 1.055 , 59.32 , 227.23
3310 , 16288 , 92.79 , -45.3 , -3 , 13.71 , 9.996 , 1.077 , 59.73 , 226.82
3320 , 16327 , 92.25 , -45.2 , -3 , 13.69 , 10.181 , 1.104 , 60.19 , 226.36
3330 , 16366 , 91.71 , -45.1 , -3 , 13.67 , 10.415 , 1.136 , 60.66 , 225.89
3340 , 16405 , 91.19 , -45.1 , -3 , 13.64 , 10.748 , 1.179 , 61.15 , 225.41
3350 , 16446 , 90.62 , -44.9 , -3 , 13.61 , 11.178 , 1.234 , 61.68 , 224.87
3360 , 16485 , 90.10 , -44.7 , -3 , 13.60 , 11.392 , 1.264 , 62.20 , 224.35
3370 , 16524 , 89.57 , -44.6 , -3 , 13.57 , 11.670 , 1.303 , 62.74 , 223.81
3380 , 16562 , 89.06 , -44.6 , -3 , 13.55 , 11.975 , 1.345 , 63.27 , 223.28
3390 , 16599 , 88.57 , -44.5 , -3 , 13.53 , 12.069 , 1.363 , 63.79 , 222.76
3400 , 16639 , 88.05 , -44.6 , -3 , 13.51 , 12.153 , 1.380 , 64.35 , 222.20
3410 , 16675 , 87.57 , -44.6 , -3 , 13.49 , 12.299 , 1.404 , 64.88 , 221.67
3420 , 16712 , 87.09 , -44.5 , -3 , 13.47 , 12.414 , 1.426 , 65.42 , 221.13
3430 , 16752 , 86.57 , -44.4 , -3 , 13.44 , 12.614 , 1.457 , 66.01 , 220.54
3440 , 16790 , 86.08 , -44.2 , -3 , 13.43 , 12.704 , 1.476 , 66.57 , 219.98
3450 , 16829 , 85.58 , -44.0 , -3 , 13.40 , 12.842 , 1.500 , 67.16 , 219.39
3460 , 16871 , 85.04 , -44.0 , -3 , 13.39 , 12.893 , 1.516 , 67.80 , 218.75
3470 , 16911 , 84.54 , -43.9 , -3 , 13.37 , 13.004 , 1.538 , 68.40 , 218.15
3480 , 16947 , 84.09 , -43.8 , -3 , 13.36 , 13.024 , 1.549 , 68.96 , 217.59
3490 , 16985 , 83.62 , -43.8 , -3 , 13.35 , 13.043 , 1.560 , 69.54 , 217.02
3500 , 17023 , 83.14 , -43.7 , -3 , 13.34 , 13.037 , 1.568 , 70.12 , 216.43
3510 , 17062 , 82.66 , -43.6 , -3 , 13.32 , 12.987 , 1.571 , 70.72 , 215.83
3520 , 17101 , 82.18 , -43.6 , -3 , 13.31 , 13.049 , 1.588 , 71.31 , 215.24
3530 , 17142 , 81.69 , -43.5 , -3 , 13.30 , 13.061 , 1.599 , 71.94 , 214.61
3540 , 17185 , 81.17 , -43.6 , -3 , 13.29 , 13.090 , 1.613 , 72.60 , 213.95
3550 , 17225 , 80.68 , -43.6 , -3 , 13.29 , 13.098 , 1.623 , 73.22 , 213.33
3560 , 17264 , 80.22 , -43.7 , -3 , 13.28 , 13.033 , 1.625 , 73.81 , 212.74
3570 , 17309 , 79.67 , -43.7 , -3 , 13.27 , 13.032 , 1.636 , 74.51 , 212.04
3580 , 17346 , 79.23 , -43.7 , -3 , 13.27 , 13.095 , 1.653 , 75.08 , 211.47
3590 , 17389 , 78.73 , -43.8 , -3 , 13.26 , 13.043 , 1.657 , 75.74 , 210.81
3600 , 17430 , 78.26 , -44.0 , -3 , 13.25 , 12.962 , 1.656 , 76.36 , 210.19
3610 , 17468 , 77.82 , -44.1 , -3 , 13.24 , 12.870 , 1.654 , 76.93 , 209.62
3620 , 17510 , 77.33 , -44.1 , -3 , 13.22 , 12.810 , 1.657 , 77.57 , 208.98
3630 , 17553 , 76.83 , -44.0 , -3 , 13.21 , 12.767 , 1.662 , 78.22 , 208.33
3640 , 17589 , 76.42 , -44.0 , -3 , 13.20 , 12.778 , 1.672 , 78.76 , 207.79
3650 , 17630 , 75.95 , -43.9 , -3 , 13.18 , 12.825 , 1.689 , 79.39 , 207.17
3660 , 17673 , 75.47 , -43.9 , -3 , 13.16 , 12.869 , 1.705 , 80.03 , 206.52
3670 , 17706 , 75.10 , -43.9 , -3 , 13.16 , 12.863 , 1.713 , 80.53 , 206.02
3680 , 17751 , 74.60 , -43.9 , -3 , 13.14 , 12.932 , 1.734 , 81.21 , 205.34
3690 , 17784 , 74.23 , -43.8 , -3 , 13.11 , 12.987 , 1.750 , 81.72 , 204.83
3700 , 17822 , 73.81 , -43.7 , -3 , 13.09 , 13.083 , 1.772 , 82.29 , 204.26
3710 , 17866 , 73.33 , -43.8 , -3 , 13.07 , 13.092 , 1.785 , 82.97 , 203.58
3720 , 17902 , 72.94 , -44.0 , -3 , 13.05 , 13.114 , 1.798 , 83.52 , 203.03
3730 , 17942 , 72.50 , -43.9 , -3 , 13.02 , 13.106 , 1.808 , 84.15 , 202.40
3740 , 17981 , 72.08 , -43.8 , -3 , 13.00 , 13.188 , 1.830 , 84.75 , 201.80
3750 , 18018 , 71.68 , -43.6 , -3 , 12.97 , 13.212 , 1.843 , 85.33 , 201.22
3760 , 18061 , 71.23 , -43.5 , -3 , 12.95 , 13.244 , 1.859 , 85.99 , 200.56
3770 , 18100 , 70.82 , -43.3 , -3 , 12.93 , 13.243 , 1.870 , 86.60 , 199.95
3780 , 18140 , 70.40 , -43.0 , -3 , 12.91 , 13.404 , 1.904 , 87.22 , 199.33
3790 , 18181 , 69.97 , -42.7 , -3 , 12.89 , 13.517 , 1.932 , 87.87 , 198.68
3800 , 18217 , 69.60 , -42.6 , -3 , 12.87 , 13.592 , 1.953 , 88.44 , 198.11
3810 , 18266 , 69.10 , -42.5 , -3 , 12.85 , 13.700 , 1.983 , 89.21 , 197.34
3820 , 18302 , 68.73 , -42.4 , -3 , 12.83 , 13.776 , 2.004 , 89.79 , 196.76
3830 , 18346 , 68.28 , -42.4 , -3 , 12.81 , 13.775 , 2.017 , 90.50 , 196.05
3840 , 18384 , 67.90 , -42.5 , -3 , 12.79 , 13.754 , 2.026 , 91.12 , 195.43
3850 , 18430 , 67.44 , -42.5 , -3 , 12.77 , 13.828 , 2.050 , 91.85 , 194.70
3860 , 18471 , 67.03 , -42.5 , -3 , 12.74 , 13.780 , 2.056 , 92.52 , 194.03
3870 , 18514 , 66.60 , -42.5 , -3 , 12.71 , 13.864 , 2.082 , 93.22 , 193.33
3880 , 18557 , 66.18 , -42.5 , -3 , 12.68 , 13.871 , 2.096 , 93.91 , 192.64
3890 , 18599 , 65.77 , -42.5 , -3 , 12.65 , 13.848 , 2.105 , 94.59 , 191.96
3900 , 18639 , 65.39 , -42.6 , -3 , 12.62 , 13.789 , 2.109 , 95.23 , 191.32
3910 , 18679 , 65.00 , -42.6 , -3 , 12.59 , 13.770 , 2.119 , 95.88 , 190.67
3920 , 18725 , 64.55 , -42.6 , -3 , 12.56 , 13.650 , 2.115 , 96.63 , 189.92
3930 , 18766 , 64.17 , -42.6 , -3 , 12.53 , 13.370 , 2.084 , 97.26 , 189.29
3940 , 18812 , 63.73 , -42.6 , -3 , 12.51 , 13.419 , 2.106 , 97.99 , 188.56
3950 , 18857 , 63.30 , -42.6 , -3 , 12.48 , 13.318 , 2.104 , 98.70 , 187.85
3960 , 18894 , 62.96 , -42.6 , -3 , 12.46 , 13.305 , 2.113 , 99.27 , 187.28
3970 , 18932 , 62.60 , -42.5 , -3 , 12.43 , 13.259 , 2.118 , 99.87 , 186.68
3980 , 18976 , 62.20 , -42.5 , -3 , 12.40 , 13.269 , 2.133 , 100.54 , 186.01
3990 , 19016 , 61.83 , -42.4 , -3 , 12.37 , 13.232 , 2.140 , 101.16 , 185.39
4000 , 19057 , 61.46 , -42.6 , -3 , 12.35 , 13.298 , 2.164 , 101.80 , 184.76
4010 , 19098 , 61.08 , -42.7 , -3 , 12.32 , 13.435 , 2.200 , 102.44 , 184.11
4020 , 19137 , 60.73 , -42.7 , -3 , 12.30 , 13.510 , 2.224 , 103.05 , 183.50
4030 , 19178 , 60.37 , -42.8 , -3 , 12.26 , 13.630 , 2.258 , 103.70 , 182.85
4040 , 19220 , 59.99 , -42.8 , -3 , 12.24 , 13.733 , 2.289 , 104.38 , 182.17
4050 , 19260 , 59.63 , -42.7 , -3 , 12.22 , 13.818 , 2.317 , 105.02 , 181.53
4060 , 19298 , 59.30 , -42.7 , -3 , 12.19 , 13.873 , 2.339 , 105.63 , 180.92
4070 , 19339 , 58.94 , -42.7 , -3 , 12.17 , 13.856 , 2.351 , 106.30 , 180.25
4080 , 19376 , 58.62 , -42.6 , -3 , 12.14 , 13.873 , 2.367 , 106.90 , 179.65
4090 , 19424 , 58.20 , -42.5 , -3 , 12.11 , 13.909 , 2.390 , 107.68 , 178.87
4100 , 19465 , 57.85 , -42.4 , -3 , 12.09 , 13.951 , 2.412 , 108.35 , 178.20
4110 , 19506 , 57.50 , -42.3 , -3 , 12.08 , 13.879 , 2.414 , 109.01 , 177.54
4120 , 19546 , 57.16 , -42.4 , -3 , 12.05 , 13.984 , 2.446 , 109.67 , 176.88
4130 , 19590 , 56.79 , -42.4 , -3 , 12.02 , 13.854 , 2.440 , 110.39 , 176.16
4140 , 19630 , 56.46 , -42.3 , -3 , 12.00 , 13.834 , 2.450 , 111.02 , 175.53
4150 , 19665 , 56.16 , -42.3 , -3 , 11.99 , 13.757 , 2.450 , 111.60 , 174.95
4170 , 19766 , 55.33 , -42.4 , -3 , 11.94 , 13.779 , 2.491 , 113.22 , 173.33
4180 , 19797 , 55.07 , -42.4 , -3 , 11.92 , 13.717 , 2.491 , 113.72 , 172.83
4190 , 19840 , 54.73 , -42.4 , -3 , 11.91 , 13.631 , 2.491 , 114.40 , 172.15
4200 , 19883 , 54.38 , -42.4 , -3 , 11.88 , 13.573 , 2.496 , 115.08 , 171.47
4210 , 19924 , 54.05 , -42.5 , -3 , 11.86 , 13.456 , 2.490 , 115.73 , 170.82
4220 , 19966 , 53.71 , -42.7 , -3 , 11.84 , 13.408 , 2.496 , 116.39 , 170.16
4230 , 20010 , 53.37 , -42.8 , -3 , 11.82 , 13.322 , 2.496 , 117.08 , 169.47
4240 , 20047 , 53.07 , -42.7 , -3 , 11.80 , 13.159 , 2.480 , 117.66 , 168.89
4250 , 20089 , 52.74 , -42.6 , -3 , 11.78 , 12.886 , 2.443 , 118.29 , 168.26
4260 , 20129 , 52.43 , -42.5 , -3 , 11.77 , 12.639 , 2.410 , 118.89 , 167.66
4270 , 20172 , 52.10 , -42.4 , -3 , 11.75 , 12.592 , 2.417 , 119.52 , 167.03
4280 , 20211 , 51.80 , -42.2 , -3 , 11.73 , 12.537 , 2.420 , 120.10 , 166.46
4290 , 20255 , 51.46 , -42.0 , -3 , 11.71 , 12.464 , 2.422 , 120.75 , 165.81
4300 , 20296 , 51.15 , -41.9 , -3 , 11.69 , 12.484 , 2.441 , 121.34 , 165.21
4310 , 20339 , 50.83 , -41.8 , -3 , 11.66 , 12.468 , 2.453 , 121.96 , 164.59
4320 , 20378 , 50.53 , -41.9 , -3 , 11.65 , 12.387 , 2.451 , 122.53 , 164.02
4330 , 20419 , 50.23 , -42.0 , -3 , 11.64 , 12.087 , 2.406 , 123.12 , 163.43
4340 , 20460 , 49.93 , -41.9 , -3 , 11.61 , 11.646 , 2.333 , 123.68 , 162.87
4350 , 20502 , 49.62 , -41.8 , -3 , 11.60 , 11.360 , 2.290 , 124.25 , 162.30
4360 , 20542 , 49.33 , -41.8 , -3 , 11.58 , 11.168 , 2.264 , 124.76 , 161.79
4370 , 20580 , 49.05 , -41.6 , -3 , 11.57 , 11.002 , 2.243 , 125.26 , 161.29
4380 , 20629 , 48.70 , -41.3 , -3 , 11.55 , 10.931 , 2.245 , 125.88 , 160.67
4390 , 20671 , 48.40 , -41.2 , -3 , 11.53 , 11.154 , 2.304 , 126.42 , 160.13
4400 , 20718 , 48.07 , -41.2 , -3 , 11.51 , 10.989 , 2.286 , 127.02 , 159.53
4410 , 20759 , 47.77 , -41.2 , -3 , 11.50 , 10.793 , 2.259 , 127.55 , 159.00
4420 , 20800 , 47.48 , -41.2 , -3 , 11.48 , 10.518 , 2.215 , 128.06 , 158.49
4430 , 20845 , 47.17 , -41.0 , -3 , 11.47 , 10.247 , 2.172 , 128.60 , 157.95
4440 , 20889 , 46.87 , -41.1 , -3 , 11.44 , 10.072 , 2.149 , 129.11 , 157.44
4450 , 20928 , 46.60 , -41.0 , -3 , 11.42 , 9.937 , 2.132 , 129.57 , 156.98
4460 , 20968 , 46.33 , -40.9 , -3 , 11.41 , 9.760 , 2.107 , 130.02 , 156.53
4470 , 21016 , 46.00 , -40.9 , -3 , 11.40 , 9.597 , 2.086 , 130.57 , 155.98
4480 , 21064 , 45.68 , -40.8 , -3 , 11.38 , 9.713 , 2.126 , 131.10 , 155.45
4490 , 21110 , 45.37 , -40.6 , -3 , 11.36 , 10.160 , 2.239 , 131.63 , 154.92
4500 , 21151 , 45.10 , -40.6 , -3 , 11.35 , 10.366 , 2.298 , 132.12 , 154.43
4510 , 21192 , 44.83 , -40.4 , -3 , 11.33 , 10.396 , 2.319 , 132.61 , 153.94
4520 , 21237 , 44.53 , -40.4 , -3 , 11.32 , 10.225 , 2.296 , 133.16 , 153.39
4530 , 21283 , 44.23 , -40.4 , -3 , 11.31 , 9.997 , 2.260 , 133.69 , 152.86
4540 , 21328 , 43.94 , -40.2 , -3 , 11.29 , 9.822 , 2.235 , 134.20 , 152.35
4550 , 21370 , 43.67 , -40.0 , -3 , 11.27 , 9.753 , 2.233 , 134.68 , 151.87
4560 , 21419 , 43.36 , -40.0 , -3 , 11.26 , 9.633 , 2.222 , 135.23 , 151.32
4570 , 21457 , 43.12 , -40.1 , -3 , 11.24 , 9.540 , 2.213 , 135.66 , 150.89
4580 , 21505 , 42.82 , -40.2 , -3 , 11.23 , 9.472 , 2.212 , 136.18 , 150.37
4590 , 21546 , 42.56 , -40.3 , -3 , 11.21 , 9.430 , 2.216 , 136.63 , 149.92
4600 , 21592 , 42.27 , -40.5 , -3 , 11.20 , 9.329 , 2.207 , 137.13 , 149.42
4610 , 21636 , 42.00 , -40.7 , -3 , 11.18 , 9.285 , 2.211 , 137.60 , 148.95
4620 , 21675 , 41.76 , -40.9 , -3 , 11.16 , 9.208 , 2.205 , 138.03 , 148.52
4630 , 21717 , 41.50 , -41.0 , -3 , 11.14 , 9.164 , 2.208 , 138.48 , 148.07
4640 , 21764 , 41.22 , -41.2 , -3 , 11.13 , 9.095 , 2.207 , 138.97 , 147.58
4650 , 21802 , 40.98 , -41.2 , -3 , 11.11 , 9.011 , 2.199 , 139.37 , 147.18
4660 , 21846 , 40.72 , -41.3 , -3 , 11.10 , 9.061 , 2.225 , 139.83 , 146.72
4670 , 21888 , 40.47 , -41.2 , -3 , 11.08 , 9.110 , 2.251 , 140.27 , 146.28
4680 , 21931 , 40.21 , -41.2 , -3 , 11.07 , 9.240 , 2.298 , 140.74 , 145.82
4690 , 21970 , 39.98 , -41.0 , -3 , 11.04 , 9.552 , 2.389 , 141.16 , 145.39
4700 , 22014 , 39.73 , -40.9 , -3 , 11.03 , 9.741 , 2.452 , 141.65 , 144.90
4710 , 22053 , 39.50 , -40.9 , -3 , 11.01 , 9.957 , 2.521 , 142.10 , 144.45
4720 , 22102 , 39.22 , -40.8 , -3 , 11.01 , 10.082 , 2.571 , 142.67 , 143.88
4730 , 22145 , 38.97 , -40.6 , -3 , 10.98 , 10.386 , 2.665 , 143.18 , 143.37
4740 , 22188 , 38.72 , -40.4 , -3 , 10.96 , 10.678 , 2.758 , 143.71 , 142.84
4750 , 22227 , 38.50 , -40.3 , -3 , 10.95 , 10.741 , 2.790 , 144.19 , 142.36
4760 , 22276 , 38.23 , -40.2 , -3 , 10.93 , 10.815 , 2.829 , 144.79 , 141.76
4770 , 22322 , 37.97 , -40.1 , -3 , 10.91 , 10.970 , 2.889 , 145.39 , 141.17
4780 , 22363 , 37.74 , -39.9 , -3 , 10.89 , 10.869 , 2.880 , 145.89 , 140.66
4790 , 22410 , 37.48 , -39.8 , -3 , 10.89 , 10.957 , 2.923 , 146.49 , 140.06
4800 , 22459 , 37.21 , -39.7 , -3 , 10.87 , 11.081 , 2.978 , 147.12 , 139.43
4810 , 22501 , 36.99 , -39.8 , -3 , 10.86 , 11.307 , 3.057 , 147.66 , 138.89
4820 , 22554 , 36.70 , -40.0 , -3 , 10.84 , 11.489 , 3.130 , 148.36 , 138.19
4830 , 22591 , 36.50 , -40.1 , -3 , 10.82 , 11.549 , 3.164 , 148.85 , 137.70
4840 , 22638 , 36.25 , -40.1 , -3 , 10.81 , 11.662 , 3.217 , 149.48 , 137.07
4850 , 22685 , 36.00 , -40.2 , -3 , 10.79 , 11.677 , 3.244 , 150.12 , 136.43
4860 , 22726 , 35.79 , -40.3 , -3 , 10.78 , 11.710 , 3.272 , 150.67 , 135.88
4870 , 22774 , 35.53 , -40.1 , -3 , 10.77 , 11.852 , 3.335 , 151.33 , 135.22
4880 , 22822 , 35.29 , -40.0 , -3 , 10.75 , 12.048 , 3.415 , 151.99 , 134.56
4890 , 22867 , 35.06 , -39.8 , -3 , 10.73 , 12.230 , 3.489 , 152.61 , 133.94
4900 , 22921 , 34.78 , -39.7 , -3 , 10.72 , 12.348 , 3.550 , 153.38 , 133.17
4910 , 22963 , 34.57 , -39.6 , -3 , 10.71 , 12.485 , 3.612 , 153.98 , 132.57
4920 , 23009 , 34.33 , -39.5 , -3 , 10.69 , 12.611 , 3.673 , 154.66 , 131.90
4930 , 23059 , 34.08 , -39.4 , -3 , 10.68 , 12.908 , 3.787 , 155.39 , 131.16
4940 , 23102 , 33.87 , -39.3 , -3 , 10.66 , 13.162 , 3.886 , 156.03 , 130.52
4950 , 23148 , 33.64 , -39.3 , -3 , 10.65 , 13.411 , 3.986 , 156.74 , 129.81
4960 , 23191 , 33.43 , -39.3 , -3 , 10.65 , 13.605 , 4.069 , 157.41 , 129.14
4970 , 23236 , 33.21 , -39.2 , -3 , 10.64 , 13.815 , 4.159 , 158.12 , 128.43
4980 , 23280 , 33.00 , -39.3 , -3 , 10.63 , 13.921 , 4.218 , 158.83 , 127.72
4990 , 23332 , 32.75 , -39.6 , -3 , 10.61 , 13.977 , 4.268 , 159.67 , 126.88
5000 , 23376 , 32.54 , -39.7 , -3 , 10.60 , 13.919 , 4.278 , 160.37 , 126.18
5010 , 23427 , 32.30 , -39.9 , -3 , 10.59 , 13.970 , 4.325 , 161.19 , 125.36
5020 , 23469 , 32.10 , -39.9 , -3 , 10.58 , 14.053 , 4.378 , 161.88 , 124.67
5030 , 23512 , 31.90 , -40.0 , -3 , 10.57 , 14.042 , 4.402 , 162.57 , 123.98
5040 , 23555 , 31.70 , -40.0 , -3 , 10.56 , 13.983 , 4.411 , 163.26 , 123.29
5050 , 23601 , 31.49 , -40.1 , -3 , 10.55 , 13.911 , 4.418 , 164.01 , 122.54
5060 , 23648 , 31.27 , -40.2 , -3 , 10.54 , 13.865 , 4.434 , 164.76 , 121.79
5070 , 23707 , 31.00 , -40.1 , -3 , 10.52 , 13.730 , 4.429 , 165.71 , 120.84
5080 , 23742 , 30.84 , -39.9 , -3 , 10.52 , 13.514 , 4.382 , 166.26 , 120.29
5090 , 23777 , 30.68 , -39.8 , -3 , 10.50 , 13.262 , 4.322 , 166.80 , 119.75
5100 , 23834 , 30.43 , -39.7 , -3 , 10.49 , 13.186 , 4.333 , 167.67 , 118.88
5110 , 23878 , 30.23 , -39.6 , -3 , 10.49 , 12.920 , 4.273 , 168.34 , 118.21
5120 , 23924 , 30.03 , -39.5 , -3 , 10.48 , 12.653 , 4.214 , 169.02 , 117.53
5130 , 23967 , 29.84 , -39.5 , -3 , 10.47 , 12.415 , 4.160 , 169.64 , 116.92
5140 , 24005 , 29.68 , -39.6 , -3 , 10.47 , 12.319 , 4.151 , 170.19 , 116.36
5160 , 24104 , 29.25 , -39.7 , -3 , 10.45 , 11.870 , 4.058 , 171.56 , 114.99
5170 , 24149 , 29.06 , -39.4 , -3 , 10.44 , 11.821 , 4.068 , 172.17 , 114.38
5180 , 24193 , 28.87 , -39.2 , -3 , 10.44 , 11.759 , 4.073 , 172.78 , 113.77
5190 , 24230 , 28.72 , -39.0 , -3 , 10.42 , 11.824 , 4.118 , 173.28 , 113.27
5200 , 24278 , 28.52 , -38.9 , -3 , 10.42 , 11.773 , 4.128 , 173.93 , 112.62
5210 , 24323 , 28.33 , -38.9 , -3 , 10.41 , 11.766 , 4.154 , 174.54 , 112.01
5220 , 24367 , 28.15 , -38.9 , -3 , 10.41 , 11.737 , 4.169 , 175.13 , 111.42
5230 , 24407 , 27.99 , -38.7 , -3 , 10.40 , 11.862 , 4.239 , 175.67 , 110.88
5240 , 24461 , 27.77 , -38.5 , -3 , 10.40 , 12.167 , 4.382 , 176.42 , 110.13
5250 , 24497 , 27.62 , -38.2 , -3 , 10.39 , 12.481 , 4.519 , 176.94 , 109.62
5260 , 24552 , 27.40 , -38.0 , -3 , 10.38 , 12.604 , 4.600 , 177.73 , 108.82
5270 , 24595 , 27.23 , -37.9 , -3 , 10.38 , 12.769 , 4.689 , 178.36 , 108.20
5280 , 24636 , 27.07 , -38.0 , -3 , 10.36 , 12.870 , 4.755 , 178.96 , 107.59
5290 , 24679 , 26.90 , -37.8 , -3 , 10.36 , 13.115 , 4.875 , 179.59 , 106.96
5300 , 24723 , 26.73 , -37.5 , -3 , 10.36 , 13.209 , 4.942 , 180.26 , 106.29
5310 , 24765 , 26.57 , -37.4 , -3 , 10.36 , 13.203 , 4.970 , 180.89 , 105.66
5320 , 24813 , 26.38 , -37.3 , -3 , 10.36 , 13.342 , 5.057 , 181.61 , 104.94
5330 , 24861 , 26.20 , -37.0 , -3 , 10.35 , 13.177 , 5.029 , 182.34 , 104.21
5340 , 24906 , 26.03 , -36.8 , -3 , 10.34 , 13.191 , 5.068 , 183.03 , 103.52
5350 , 24958 , 25.83 , -36.8 , -3 , 10.34 , 13.082 , 5.064 , 183.81 , 102.74
5360 , 24998 , 25.69 , -36.8 , -3 , 10.34 , 12.942 , 5.039 , 184.40 , 102.15
5370 , 25040 , 25.53 , -36.7 , -3 , 10.35 , 12.845 , 5.032 , 185.02 , 101.53
5380 , 25084 , 25.37 , -36.8 , -3 , 10.34 , 12.950 , 5.105 , 185.67 , 100.88
5390 , 25134 , 25.19 , -36.9 , -3 , 10.36 , 12.856 , 5.104 , 186.40 , 100.15
5400 , 25181 , 25.02 , -36.9 , -3 , 10.37 , 12.658 , 5.060 , 187.08 , 99.48
5410 , 25213 , 24.90 , -36.7 , -3 , 10.38 , 12.559 , 5.044 , 187.54 , 99.01
5430 , 25330 , 24.48 , -37.0 , -3 , 10.40 , 12.374 , 5.054 , 189.20 , 97.35
5440 , 25372 , 24.33 , -37.2 , -3 , 10.42 , 12.423 , 5.105 , 189.80 , 96.75
5450 , 25422 , 24.16 , -37.4 , -3 , 10.43 , 12.291 , 5.088 , 190.51 , 96.04
5460 , 25471 , 23.99 , -37.5 , -3 , 10.44 , 12.204 , 5.088 , 191.20 , 95.35
5470 , 25520 , 23.82 , -37.7 , -3 , 10.46 , 12.210 , 5.127 , 191.88 , 94.67
5480 , 25573 , 23.63 , -37.8 , -3 , 10.48 , 11.896 , 5.033 , 192.62 , 93.94
5490 , 25622 , 23.47 , -37.9 , -3 , 10.50 , 12.046 , 5.133 , 193.28 , 93.27
5500 , 25677 , 23.28 , -38.2 , -3 , 10.52 , 11.729 , 5.038 , 194.03 , 92.52
5510 , 25713 , 23.16 , -38.4 , -3 , 10.54 , 11.660 , 5.035 , 194.52 , 92.03
5520 , 25756 , 23.01 , -38.7 , -3 , 10.56 , 11.609 , 5.044 , 195.09 , 91.46
5530 , 25805 , 22.85 , -38.9 , -3 , 10.57 , 11.637 , 5.093 , 195.75 , 90.80
5540 , 25846 , 22.71 , -38.9 , -3 , 10.58 , 11.637 , 5.123 , 196.29 , 90.26
5550 , 25886 , 22.58 , -38.8 , -3 , 10.58 , 11.539 , 5.110 , 196.82 , 89.73
5560 , 25941 , 22.40 , -38.6 , -3 , 10.59 , 11.433 , 5.104 , 197.56 , 88.99
5570 , 25988 , 22.25 , -38.5 , -3 , 10.59 , 11.348 , 5.100 , 198.17 , 88.38
5580 , 26034 , 22.10 , -38.3 , -3 , 10.58 , 11.288 , 5.108 , 198.77 , 87.78
5590 , 26079 , 21.96 , -38.1 , -3 , 10.57 , 11.242 , 5.120 , 199.35 , 87.20
5600 , 26118 , 21.83 , -37.9 , -3 , 10.56 , 11.136 , 5.100 , 199.85 , 86.70
5610 , 26170 , 21.67 , -37.4 , -3 , 10.54 , 11.125 , 5.134 , 200.52 , 86.03
5620 , 26210 , 21.54 , -37.1 , -3 , 10.52 , 11.192 , 5.195 , 201.02 , 85.53
5630 , 26261 , 21.38 , -36.8 , -3 , 10.51 , 11.204 , 5.240 , 201.68 , 84.87
5640 , 26305 , 21.25 , -36.5 , -3 , 10.48 , 11.192 , 5.267 , 202.23 , 84.32
5650 , 26348 , 21.12 , -36.2 , -3 , 10.47 , 11.212 , 5.310 , 202.79 , 83.76
5660 , 26398 , 20.97 , -36.0 , -3 , 10.45 , 11.130 , 5.308 , 203.42 , 83.13
5670 , 26439 , 20.84 , -36.0 , -3 , 10.43 , 11.090 , 5.321 , 203.94 , 82.61
5680 , 26481 , 20.72 , -36.0 , -3 , 10.41 , 11.094 , 5.355 , 204.47 , 82.08
5690 , 26535 , 20.56 , -36.1 , -3 , 10.39 , 11.020 , 5.360 , 205.14 , 81.41
5700 , 26573 , 20.44 , -36.3 , -3 , 10.38 , 10.941 , 5.352 , 205.63 , 80.92
5710 , 26622 , 20.30 , -36.5 , -3 , 10.34 , 10.921 , 5.380 , 206.23 , 80.32
5720 , 26673 , 20.15 , -36.7 , -3 , 10.33 , 10.876 , 5.397 , 206.87 , 79.68
5730 , 26713 , 20.03 , -37.0 , -3 , 10.30 , 10.825 , 5.404 , 207.37 , 79.18
5740 , 26777 , 19.85 , -37.1 , -3 , 10.28 , 10.759 , 5.420 , 208.15 , 78.40
5750 , 26809 , 19.76 , -37.0 , -3 , 10.26 , 10.684 , 5.408 , 208.55 , 78.00
5760 , 26865 , 19.60 , -37.0 , -3 , 10.24 , 10.595 , 5.406 , 209.22 , 77.33
5770 , 26915 , 19.46 , -36.8 , -3 , 10.22 , 10.517 , 5.405 , 209.83 , 76.72
5780 , 26956 , 19.34 , -36.7 , -3 , 10.20 , 10.519 , 5.438 , 210.32 , 76.24
5790 , 26995 , 19.23 , -36.8 , -3 , 10.18 , 10.459 , 5.438 , 210.79 , 75.76
5800 , 27055 , 19.07 , -36.7 , -3 , 10.17 , 10.337 , 5.421 , 211.50 , 75.05
5810 , 27098 , 18.95 , -36.5 , -3 , 10.14 , 10.255 , 5.412 , 212.00 , 74.55
5820 , 27147 , 18.82 , -36.3 , -3 , 10.12 , 10.093 , 5.364 , 212.57 , 73.99
5830 , 27195 , 18.69 , -36.2 , -3 , 10.10 , 10.036 , 5.371 , 213.12 , 73.43
5840 , 27238 , 18.57 , -36.1 , -3 , 10.09 , 9.935 , 5.350 , 213.60 , 72.95
5850 , 27283 , 18.45 , -36.2 , -3 , 10.08 , 9.867 , 5.348 , 214.12 , 72.43
5860 , 27329 , 18.33 , -36.3 , -3 , 10.06 , 9.806 , 5.350 , 214.63 , 71.92
5870 , 27378 , 18.20 , -36.4 , -3 , 10.03 , 9.758 , 5.362 , 215.17 , 71.38
5880 , 27422 , 18.08 , -36.3 , -3 , 10.01 , 9.664 , 5.344 , 215.67 , 70.89
5890 , 27471 , 17.96 , -36.2 , -3 , 10.00 , 9.579 , 5.334 , 216.20 , 70.35
5900 , 27512 , 17.85 , -35.9 , -3 , 9.98 , 9.502 , 5.323 , 216.65 , 69.90
5910 , 27554 , 17.74 , -35.5 , -3 , 9.96 , 9.527 , 5.370 , 217.10 , 69.45
5920 , 27594 , 17.64 , -35.3 , -3 , 9.95 , 9.398 , 5.327 , 217.52 , 69.03
5930 , 27650 , 17.50 , -35.2 , -3 , 9.94 , 9.315 , 5.323 , 218.12 , 68.43
5940 , 27696 , 17.39 , -35.1 , -3 , 9.92 , 8.986 , 5.168 , 218.60 , 67.96
5950 , 27744 , 17.27 , -35.1 , -3 , 9.90 , 8.952 , 5.185 , 219.08 , 67.47
5960 , 27787 , 17.16 , -35.1 , -3 , 9.88 , 8.878 , 5.174 , 219.52 , 67.03
5970 , 27835 , 17.04 , -35.1 , -3 , 9.87 , 8.749 , 5.134 , 219.99 , 66.56
5980 , 27880 , 16.93 , -35.2 , -3 , 9.86 , 8.667 , 5.118 , 220.44 , 66.11
5990 , 27923 , 16.83 , -35.1 , -3 , 9.85 , 8.578 , 5.097 , 220.86 , 65.69
6000 , 27976 , 16.70 , -35.1 , -3 , 9.84 , 8.472 , 5.073 , 221.38 , 65.18
6010 , 28032 , 16.57 , -35.2 , -3 , 9.81 , 8.412 , 5.078 , 221.91 , 64.64
6020 , 28081 , 16.45 , -35.3 , -3 , 9.81 , 8.298 , 5.045 , 222.38 , 64.18
6030 , 28131 , 16.33 , -35.3 , -3 , 9.79 , 8.265 , 5.060 , 222.84 , 63.71
6040 , 28174 , 16.23 , -35.2 , -3 , 9.77 , 8.178 , 5.038 , 223.24 , 63.31
6050 , 28231 , 16.10 , -35.2 , -3 , 9.76 , 8.098 , 5.030 , 223.77 , 62.78
6060 , 28293 , 15.96 , -35.2 , -3 , 9.75 , 8.030 , 5.032 , 224.34 , 62.21
6070 , 28340 , 15.85 , -35.3 , -3 , 9.74 , 7.963 , 5.024 , 224.76 , 61.79
6080 , 28381 , 15.76 , -35.5 , -3 , 9.73 , 7.899 , 5.013 , 225.13 , 61.42
6090 , 28431 , 15.64 , -35.7 , -3 , 9.71 , 7.811 , 4.993 , 225.58 , 60.97
6100 , 28486 , 15.52 , -35.9 , -3 , 9.70 , 7.745 , 4.991 , 226.06 , 60.49
6110 , 28540 , 15.40 , -35.9 , -3 , 9.71 , 7.660 , 4.974 , 226.54 , 60.01
6140 , 28695 , 15.06 , -35.4 , -3 , 9.67 , 7.493 , 4.975 , 227.87 , 58.68
6150 , 28736 , 14.97 , -35.3 , -3 , 9.66 , 7.459 , 4.982 , 228.22 , 58.33
6160 , 28777 , 14.88 , -35.3 , -3 , 9.66 , 7.408 , 4.978 , 228.57 , 57.99
6170 , 28832 , 14.77 , -35.4 , -3 , 9.65 , 7.330 , 4.964 , 229.02 , 57.53
6180 , 28872 , 14.68 , -35.4 , -3 , 9.64 , 7.339 , 4.998 , 229.35 , 57.20
6190 , 28911 , 14.60 , -35.5 , -3 , 9.64 , 7.278 , 4.985 , 229.68 , 56.87
6200 , 28978 , 14.46 , -35.4 , -3 , 9.63 , 7.134 , 4.933 , 230.23 , 56.32
6210 , 29014 , 14.39 , -35.4 , -3 , 9.62 , 7.103 , 4.938 , 230.52 , 56.03
6220 , 29068 , 14.27 , -35.5 , -3 , 9.62 , 7.107 , 4.978 , 230.95 , 55.60
6230 , 29112 , 14.18 , -35.6 , -3 , 9.60 , 6.994 , 4.931 , 231.31 , 55.24
6240 , 29153 , 14.10 , -35.6 , -3 , 9.60 , 6.978 , 4.949 , 231.63 , 54.92
6250 , 29213 , 13.98 , -35.5 , -3 , 9.59 , 6.828 , 4.884 , 232.10 , 54.45
6260 , 29260 , 13.89 , -35.5 , -3 , 9.59 , 6.816 , 4.909 , 232.46 , 54.09
6270 , 29317 , 13.77 , -35.6 , -3 , 9.58 , 6.780 , 4.923 , 232.91 , 53.64
6280 , 29362 , 13.68 , -35.6 , -3 , 9.58 , 6.792 , 4.964 , 233.25 , 53.30
6290 , 29405 , 13.60 , -35.5 , -3 , 9.58 , 6.671 , 4.905 , 233.57 , 52.98
6300 , 29449 , 13.51 , -35.2 , -3 , 9.56 , 6.645 , 4.917 , 233.91 , 52.64
6310 , 29490 , 13.43 , -34.9 , -3 , 9.56 , 6.623 , 4.930 , 234.22 , 52.33
6320 , 29551 , 13.32 , -34.8 , -3 , 9.56 , 6.544 , 4.914 , 234.67 , 51.88
6330 , 29595 , 13.23 , -34.6 , -3 , 9.56 , 6.554 , 4.952 , 235.00 , 51.55
6340 , 29639 , 13.15 , -34.3 , -3 , 9.55 , 6.535 , 4.970 , 235.32 , 51.23
6360 , 29773 , 12.90 , -33.7 , -3 , 9.55 , 6.290 , 4.876 , 236.30 , 50.25
6370 , 29792 , 12.87 , -33.7 , -3 , 9.54 , 6.312 , 4.906 , 236.42 , 50.13
6380 , 29839 , 12.78 , -33.8 , -3 , 9.53 , 6.277 , 4.912 , 236.76 , 49.79
6390 , 29883 , 12.70 , -33.7 , -3 , 9.53 , 6.179 , 4.865 , 237.07 , 49.48
6400 , 29938 , 12.60 , -33.6 , -3 , 9.53 , 6.221 , 4.937 , 237.46 , 49.09
