# ------------------------------------------------------------
#
# Flight name: V0306
# Station: Davis
# Launch Date: 14 March 2006
# Launch Time: 23:36:37
# 
# This file created: Thu May 03 10:03:36 2007
# 
# 
# ------------------------------------------------------------
# DATA COLUMNS
# Time (s)
# Height (m)
# Atmospheric Pressure (hPa)
# Atmospheric Temperature (°C)
# Relative Humidity (%)
# Box Temperature (°C)
# Ozone Partial Pressure (mPa)
# Ozone Mixing Ratio (ppmV)
# Accumulated Ozone to this Height (Dobson Units)
# Remaining Ozone above this Height (Dobson Units)
# 
# ------------------------------------------------------------
# 
# Integrated Ozone = 109.0 DU
# Extrapolated Ozone = 115.6 DU
# 
# Total Ozone = 224.6 DU
# 
# 
# ------------------------------------------------------------
0 , 18 , 985.78 , -11.8 , 36 , 23.53 , 2.035 , 0.021 , 0.00 , 224.63
10 , 69 , 979.21 , -12.6 , 40 , 23.35 , 2.170 , 0.022 , 0.11 , 224.52
20 , 124 , 972.15 , -12.8 , 39 , 23.02 , 2.149 , 0.022 , 0.23 , 224.40
30 , 182 , 964.81 , -12.8 , 37 , 22.65 , 2.165 , 0.022 , 0.36 , 224.27
40 , 239 , 957.57 , -12.6 , 37 , 22.26 , 2.190 , 0.023 , 0.49 , 224.14
50 , 292 , 950.96 , -12.7 , 37 , 21.83 , 2.220 , 0.023 , 0.61 , 224.02
60 , 347 , 944.10 , -13.1 , 39 , 21.33 , 2.238 , 0.024 , 0.74 , 223.89
70 , 398 , 937.76 , -13.5 , 40 , 20.84 , 2.235 , 0.024 , 0.86 , 223.77
80 , 446 , 931.84 , -13.9 , 42 , 20.46 , 2.191 , 0.024 , 0.97 , 223.66
90 , 494 , 926.03 , -14.3 , 46 , 20.22 , 2.168 , 0.023 , 1.08 , 223.55
100 , 556 , 918.51 , -14.8 , 64 , 19.97 , 2.127 , 0.023 , 1.22 , 223.42
110 , 607 , 912.34 , -15.2 , 69 , 19.82 , 2.106 , 0.023 , 1.33 , 223.30
120 , 662 , 905.72 , -15.5 , 75 , 19.63 , 2.101 , 0.023 , 1.45 , 223.18
130 , 720 , 898.76 , -16.0 , 80 , 19.44 , 2.101 , 0.023 , 1.58 , 223.05
140 , 773 , 892.37 , -16.3 , 85 , 19.27 , 2.083 , 0.023 , 1.70 , 222.94
150 , 824 , 886.40 , -16.6 , 89 , 19.14 , 2.083 , 0.023 , 1.81 , 222.83
160 , 885 , 879.21 , -16.8 , 95 , 19.00 , 2.069 , 0.024 , 1.94 , 222.69
170 , 943 , 872.49 , -16.8 , 98 , 18.82 , 2.046 , 0.023 , 2.06 , 222.57
180 , 997 , 866.17 , -17.1 , 98 , 18.58 , 2.031 , 0.023 , 2.18 , 222.45
190 , 1049 , 860.24 , -17.4 , 97 , 18.45 , 2.027 , 0.024 , 2.29 , 222.34
200 , 1105 , 853.76 , -17.8 , 97 , 18.35 , 2.014 , 0.024 , 2.41 , 222.22
210 , 1168 , 846.66 , -18.1 , 97 , 18.18 , 2.014 , 0.024 , 2.54 , 222.09
220 , 1223 , 840.40 , -18.5 , 98 , 18.01 , 1.992 , 0.024 , 2.66 , 221.97
230 , 1276 , 834.40 , -18.9 , 99 , 17.93 , 1.987 , 0.024 , 2.77 , 221.86
240 , 1339 , 827.46 , -19.1 , 99 , 17.76 , 1.948 , 0.024 , 2.90 , 221.73
250 , 1393 , 821.45 , -19.2 , 99 , 17.64 , 1.925 , 0.023 , 3.01 , 221.62
260 , 1455 , 814.59 , -19.7 , 98 , 17.52 , 1.894 , 0.023 , 3.14 , 221.49
270 , 1515 , 808.07 , -20.2 , 98 , 17.43 , 1.890 , 0.023 , 3.26 , 221.37
280 , 1567 , 802.44 , -20.6 , 97 , 17.34 , 1.876 , 0.023 , 3.37 , 221.27
290 , 1621 , 796.58 , -21.0 , 97 , 17.21 , 1.854 , 0.023 , 3.47 , 221.16
300 , 1676 , 790.68 , -21.5 , 96 , 17.09 , 1.832 , 0.023 , 3.58 , 221.05
310 , 1727 , 785.19 , -21.9 , 97 , 16.96 , 1.820 , 0.023 , 3.68 , 220.95
320 , 1780 , 779.53 , -22.3 , 96 , 16.78 , 1.805 , 0.023 , 3.79 , 220.85
330 , 1834 , 773.84 , -22.6 , 96 , 16.62 , 1.793 , 0.023 , 3.89 , 220.74
340 , 1887 , 768.25 , -23.2 , 95 , 16.44 , 1.786 , 0.023 , 3.99 , 220.64
350 , 1939 , 762.76 , -23.7 , 95 , 16.32 , 1.780 , 0.023 , 4.09 , 220.54
360 , 2002 , 756.25 , -20.6 , 93 , 16.18 , 1.776 , 0.023 , 4.21 , 220.42
370 , 2064 , 750.04 , -19.7 , 82 , 16.01 , 1.808 , 0.024 , 4.33 , 220.30
380 , 2116 , 744.71 , -19.8 , 81 , 15.93 , 1.825 , 0.025 , 4.43 , 220.20
390 , 2174 , 738.99 , -19.6 , 83 , 15.90 , 1.789 , 0.024 , 4.54 , 220.09
400 , 2234 , 733.05 , -19.5 , 87 , 15.81 , 1.712 , 0.023 , 4.65 , 219.98
410 , 2291 , 727.38 , -19.4 , 81 , 15.67 , 1.614 , 0.022 , 4.75 , 219.88
420 , 2349 , 721.80 , -19.5 , 67 , 15.60 , 1.594 , 0.022 , 4.85 , 219.78
430 , 2413 , 715.59 , -19.7 , 72 , 15.55 , 1.585 , 0.022 , 4.96 , 219.67
440 , 2473 , 709.82 , -19.9 , 70 , 15.45 , 1.522 , 0.021 , 5.06 , 219.57
450 , 2525 , 704.80 , -20.1 , 71 , 15.38 , 1.469 , 0.021 , 5.14 , 219.49
460 , 2578 , 699.83 , -20.2 , 70 , 15.31 , 1.424 , 0.020 , 5.22 , 219.41
470 , 2630 , 694.95 , -20.4 , 67 , 15.29 , 1.409 , 0.020 , 5.30 , 219.33
480 , 2699 , 688.43 , -20.7 , 65 , 15.21 , 1.381 , 0.020 , 5.41 , 219.23
490 , 2760 , 682.80 , -20.9 , 64 , 15.06 , 1.386 , 0.020 , 5.50 , 219.14
500 , 2828 , 676.52 , -21.2 , 64 , 14.93 , 1.380 , 0.020 , 5.60 , 219.03
510 , 2886 , 671.27 , -21.5 , 64 , 14.79 , 1.391 , 0.021 , 5.68 , 218.95
520 , 2945 , 665.89 , -21.9 , 64 , 14.71 , 1.394 , 0.021 , 5.77 , 218.86
530 , 3000 , 660.90 , -22.2 , 65 , 14.58 , 1.400 , 0.021 , 5.85 , 218.78
540 , 3051 , 656.31 , -22.1 , 65 , 14.47 , 1.382 , 0.021 , 5.93 , 218.70
550 , 3108 , 651.24 , -22.1 , 62 , 14.41 , 1.342 , 0.021 , 6.01 , 218.62
560 , 3167 , 646.05 , -22.3 , 61 , 14.31 , 1.299 , 0.020 , 6.10 , 218.53
570 , 3222 , 641.26 , -22.6 , 62 , 14.19 , 1.270 , 0.020 , 6.17 , 218.46
580 , 3281 , 636.14 , -23.0 , 62 , 14.10 , 1.275 , 0.020 , 6.25 , 218.38
590 , 3334 , 631.49 , -23.2 , 61 , 14.00 , 1.367 , 0.022 , 6.33 , 218.30
600 , 3400 , 625.85 , -23.3 , 60 , 13.90 , 1.447 , 0.023 , 6.43 , 218.20
610 , 3459 , 620.78 , -23.5 , 60 , 13.77 , 1.515 , 0.024 , 6.52 , 218.11
620 , 3526 , 615.16 , -23.6 , 59 , 13.61 , 1.535 , 0.025 , 6.63 , 218.00
630 , 3590 , 609.80 , -23.9 , 58 , 13.50 , 1.487 , 0.024 , 6.74 , 217.89
640 , 3646 , 605.09 , -24.2 , 57 , 13.41 , 1.430 , 0.024 , 6.83 , 217.80
650 , 3702 , 600.53 , -24.6 , 58 , 13.31 , 1.425 , 0.024 , 6.91 , 217.72
660 , 3765 , 595.29 , -25.1 , 58 , 13.21 , 1.418 , 0.024 , 7.01 , 217.62
670 , 3830 , 589.98 , -25.4 , 59 , 13.05 , 1.446 , 0.025 , 7.11 , 217.52
680 , 3884 , 585.66 , -25.7 , 60 , 12.94 , 1.441 , 0.025 , 7.20 , 217.44
690 , 3942 , 580.97 , -26.1 , 60 , 12.88 , 1.420 , 0.024 , 7.29 , 217.35
700 , 4001 , 576.26 , -26.4 , 61 , 12.80 , 1.399 , 0.024 , 7.38 , 217.25
710 , 4062 , 571.41 , -26.5 , 57 , 12.67 , 1.393 , 0.024 , 7.47 , 217.16
720 , 4123 , 566.58 , -26.7 , 56 , 12.56 , 1.427 , 0.025 , 7.56 , 217.07
730 , 4187 , 561.59 , -26.9 , 56 , 12.48 , 1.487 , 0.026 , 7.67 , 216.97
740 , 4243 , 557.24 , -27.3 , 61 , 12.34 , 1.587 , 0.028 , 7.76 , 216.87
750 , 4311 , 551.95 , -27.9 , 63 , 12.22 , 1.633 , 0.030 , 7.88 , 216.75
760 , 4375 , 547.08 , -28.4 , 65 , 12.10 , 1.671 , 0.031 , 8.00 , 216.63
770 , 4440 , 542.09 , -28.9 , 65 , 12.00 , 1.673 , 0.031 , 8.12 , 216.51
780 , 4504 , 537.33 , -29.3 , 63 , 11.88 , 1.633 , 0.030 , 8.23 , 216.40
790 , 4565 , 532.71 , -29.7 , 62 , 11.78 , 1.548 , 0.029 , 8.34 , 216.29
800 , 4630 , 527.86 , -30.1 , 58 , 11.65 , 1.458 , 0.028 , 8.45 , 216.18
810 , 4687 , 523.68 , -30.4 , 56 , 11.53 , 1.396 , 0.027 , 8.54 , 216.09
820 , 4753 , 518.83 , -30.8 , 56 , 11.45 , 1.318 , 0.025 , 8.64 , 215.99
830 , 4814 , 514.35 , -31.0 , 53 , 11.37 , 1.288 , 0.025 , 8.73 , 215.90
840 , 4884 , 509.30 , -31.0 , 45 , 11.26 , 1.287 , 0.025 , 8.83 , 215.80
850 , 4946 , 504.91 , -31.0 , 36 , 11.18 , 1.352 , 0.027 , 8.92 , 215.71
860 , 5007 , 500.59 , -31.1 , 31 , 11.14 , 1.360 , 0.027 , 9.01 , 215.62
870 , 5071 , 496.02 , -31.6 , 29 , 11.08 , 1.355 , 0.027 , 9.11 , 215.52
880 , 5136 , 491.49 , -31.9 , 28 , 10.99 , 1.360 , 0.028 , 9.21 , 215.42
890 , 5196 , 487.36 , -32.2 , 28 , 10.94 , 1.401 , 0.029 , 9.30 , 215.33
900 , 5261 , 482.89 , -32.5 , 27 , 10.93 , 1.470 , 0.030 , 9.40 , 215.23
910 , 5335 , 477.84 , -32.8 , 25 , 10.84 , 1.557 , 0.033 , 9.53 , 215.10
920 , 5402 , 473.27 , -33.2 , 23 , 10.67 , 1.706 , 0.036 , 9.65 , 214.98
930 , 5466 , 468.99 , -33.6 , 22 , 10.51 , 1.821 , 0.039 , 9.78 , 214.85
940 , 5532 , 464.61 , -34.0 , 21 , 10.41 , 1.915 , 0.041 , 9.92 , 214.71
950 , 5597 , 460.33 , -34.2 , 15 , 10.29 , 1.889 , 0.041 , 10.06 , 214.58
960 , 5667 , 455.69 , -34.6 , 10 , 10.15 , 1.728 , 0.038 , 10.20 , 214.43
970 , 5739 , 451.04 , -34.9 , 9 , 10.05 , 1.563 , 0.035 , 10.33 , 214.30
980 , 5808 , 446.59 , -35.4 , 9 , 9.93 , 1.449 , 0.032 , 10.45 , 214.18
990 , 5875 , 442.33 , -35.8 , 10 , 9.81 , 1.396 , 0.032 , 10.56 , 214.07
1000 , 5940 , 438.17 , -36.2 , 11 , 9.69 , 1.377 , 0.031 , 10.66 , 213.97
1010 , 6006 , 434.05 , -36.6 , 12 , 9.57 , 1.394 , 0.032 , 10.77 , 213.87
1020 , 6079 , 429.47 , -37.0 , 11 , 9.46 , 1.392 , 0.032 , 10.88 , 213.75
1030 , 6148 , 425.19 , -37.6 , 10 , 9.38 , 1.405 , 0.033 , 10.99 , 213.64
1040 , 6216 , 421.06 , -38.0 , 10 , 9.36 , 1.422 , 0.034 , 11.10 , 213.53
1050 , 6284 , 416.88 , -38.5 , 11 , 9.30 , 1.401 , 0.034 , 11.21 , 213.42
1060 , 6351 , 412.83 , -38.9 , 13 , 9.17 , 1.381 , 0.033 , 11.32 , 213.31
1070 , 6416 , 408.92 , -39.5 , 19 , 9.02 , 1.374 , 0.034 , 11.42 , 213.21
1080 , 6484 , 404.90 , -40.2 , 24 , 8.88 , 1.375 , 0.034 , 11.53 , 213.10
1090 , 6550 , 401.00 , -40.8 , 29 , 8.76 , 1.392 , 0.035 , 11.64 , 212.99
1100 , 6616 , 397.13 , -41.4 , 29 , 8.65 , 1.390 , 0.035 , 11.74 , 212.89
1110 , 6681 , 393.31 , -42.0 , 29 , 8.60 , 1.406 , 0.036 , 11.85 , 212.78
1120 , 6751 , 389.28 , -42.6 , 32 , 8.53 , 1.407 , 0.036 , 11.96 , 212.67
1130 , 6816 , 385.53 , -43.2 , 34 , 8.53 , 1.389 , 0.036 , 12.07 , 212.56
1140 , 6886 , 381.55 , -43.8 , 41 , 8.59 , 1.339 , 0.035 , 12.18 , 212.45
1150 , 6955 , 377.61 , -44.3 , 47 , 8.59 , 1.265 , 0.034 , 12.29 , 212.34
1160 , 7023 , 373.83 , -44.9 , 50 , 8.59 , 1.232 , 0.033 , 12.39 , 212.24
1170 , 7090 , 370.06 , -45.4 , 52 , 8.64 , 1.246 , 0.034 , 12.49 , 212.14
1180 , 7159 , 366.23 , -46.0 , 53 , 8.60 , 1.236 , 0.034 , 12.59 , 212.04
1190 , 7229 , 362.41 , -46.5 , 54 , 8.55 , 1.254 , 0.035 , 12.69 , 211.94
1200 , 7299 , 358.59 , -46.9 , 52 , 8.51 , 1.268 , 0.035 , 12.80 , 211.83
1210 , 7368 , 354.90 , -47.5 , 50 , 8.50 , 1.308 , 0.037 , 12.90 , 211.73
1220 , 7437 , 351.19 , -47.9 , 47 , 8.51 , 1.292 , 0.037 , 13.01 , 211.62
1230 , 7505 , 347.57 , -48.5 , 46 , 8.48 , 1.279 , 0.037 , 13.12 , 211.52
1240 , 7574 , 343.94 , -49.0 , 44 , 8.43 , 1.260 , 0.037 , 13.22 , 211.41
1250 , 7642 , 340.42 , -49.6 , 44 , 8.38 , 1.257 , 0.037 , 13.32 , 211.31
1260 , 7712 , 336.76 , -50.2 , 45 , 8.38 , 1.250 , 0.037 , 13.43 , 211.20
1270 , 7786 , 333.00 , -50.6 , 45 , 8.32 , 1.262 , 0.038 , 13.54 , 211.09
1280 , 7858 , 329.30 , -51.1 , 47 , 8.19 , 1.273 , 0.039 , 13.65 , 210.98
1290 , 7928 , 325.79 , -51.6 , 50 , 8.11 , 1.283 , 0.039 , 13.76 , 210.87
1300 , 8000 , 322.18 , -52.1 , 52 , 8.07 , 1.291 , 0.040 , 13.88 , 210.76
1310 , 8069 , 318.76 , -52.7 , 54 , 7.98 , 1.279 , 0.040 , 13.98 , 210.65
1320 , 8139 , 315.30 , -53.2 , 55 , 7.92 , 1.265 , 0.040 , 14.09 , 210.54
1330 , 8208 , 311.96 , -53.8 , 57 , 7.85 , 1.229 , 0.039 , 14.20 , 210.43
1340 , 8278 , 308.57 , -54.3 , 58 , 7.79 , 1.180 , 0.038 , 14.30 , 210.33
1350 , 8348 , 305.21 , -54.7 , 59 , 7.71 , 1.162 , 0.038 , 14.40 , 210.23
1360 , 8418 , 301.87 , -55.2 , 59 , 7.61 , 1.158 , 0.038 , 14.50 , 210.13
1370 , 8492 , 298.39 , -55.7 , 60 , 7.51 , 1.173 , 0.039 , 14.61 , 210.02
1380 , 8566 , 294.96 , -56.4 , 61 , 7.43 , 1.201 , 0.041 , 14.72 , 209.91
1390 , 8641 , 291.49 , -56.9 , 62 , 7.33 , 1.226 , 0.042 , 14.83 , 209.80
1400 , 8707 , 288.45 , -57.3 , 61 , 7.24 , 1.257 , 0.044 , 14.93 , 209.70
1410 , 8776 , 285.29 , -57.6 , 59 , 7.13 , 1.294 , 0.045 , 15.05 , 209.59
1420 , 8837 , 282.57 , -58.1 , 59 , 6.99 , 1.340 , 0.047 , 15.15 , 209.49
1430 , 8910 , 279.31 , -58.5 , 61 , 6.88 , 1.317 , 0.047 , 15.27 , 209.36
1440 , 8976 , 276.37 , -58.9 , 62 , 6.75 , 1.291 , 0.047 , 15.38 , 209.26
1450 , 9049 , 273.18 , -59.1 , 63 , 6.60 , 1.303 , 0.048 , 15.49 , 209.14
1460 , 9108 , 270.62 , -59.4 , 64 , 6.45 , 1.303 , 0.048 , 15.59 , 209.04
1470 , 9169 , 268.00 , -59.8 , 64 , 6.31 , 1.313 , 0.049 , 15.69 , 208.94
1480 , 9246 , 264.71 , -60.1 , 64 , 6.20 , 1.307 , 0.049 , 15.82 , 208.81
1490 , 9313 , 261.88 , -59.9 , 65 , 6.06 , 1.391 , 0.053 , 15.93 , 208.70
1500 , 9385 , 258.90 , -59.4 , 64 , 5.93 , 1.717 , 0.066 , 16.07 , 208.56
1510 , 9459 , 255.86 , -58.7 , 61 , 5.80 , 2.110 , 0.082 , 16.25 , 208.38
1520 , 9521 , 253.31 , -58.1 , 56 , 5.68 , 2.510 , 0.099 , 16.44 , 208.20
1530 , 9590 , 250.58 , -57.6 , 51 , 5.58 , 2.769 , 0.111 , 16.66 , 207.97
1540 , 9659 , 247.85 , -56.5 , 44 , 5.48 , 3.109 , 0.125 , 16.92 , 207.72
1550 , 9730 , 245.11 , -55.4 , 35 , 5.41 , 3.579 , 0.146 , 17.21 , 207.42
1560 , 9789 , 242.85 , -54.8 , 28 , 5.34 , 4.005 , 0.165 , 17.49 , 207.15
1570 , 9837 , 241.05 , -54.2 , 23 , 5.24 , 4.336 , 0.180 , 17.73 , 206.90
1580 , 9879 , 239.45 , -53.6 , 19 , 5.18 , 4.587 , 0.192 , 17.97 , 206.67
1590 , 9931 , 237.53 , -53.5 , 15 , 5.11 , 4.718 , 0.199 , 18.26 , 206.37
1600 , 10001 , 234.94 , -53.4 , 12 , 5.04 , 4.678 , 0.199 , 18.67 , 205.97
1610 , 10066 , 232.61 , -52.6 , 10 , 4.99 , 4.715 , 0.203 , 19.04 , 205.60
1620 , 10125 , 230.50 , -52.0 , 9 , 4.92 , 4.817 , 0.209 , 19.38 , 205.25
1630 , 10170 , 228.88 , -51.8 , 8 , 4.86 , 4.847 , 0.212 , 19.65 , 204.98
1640 , 10213 , 227.38 , -51.3 , 7 , 4.78 , 4.877 , 0.214 , 19.90 , 204.73
1650 , 10258 , 225.82 , -51.3 , 6 , 4.72 , 4.802 , 0.213 , 20.16 , 204.47
1660 , 10304 , 224.21 , -51.3 , 5 , 4.68 , 4.654 , 0.208 , 20.43 , 204.20
1670 , 10347 , 222.74 , -51.4 , 5 , 4.63 , 4.541 , 0.204 , 20.67 , 203.96
1680 , 10386 , 221.40 , -51.5 , 5 , 4.60 , 4.527 , 0.204 , 20.88 , 203.75
1690 , 10428 , 219.97 , -51.2 , 5 , 4.57 , 4.586 , 0.208 , 21.12 , 203.51
1700 , 10470 , 218.57 , -51.0 , 5 , 4.53 , 4.436 , 0.203 , 21.35 , 203.29
1710 , 10511 , 217.18 , -50.7 , 5 , 4.50 , 4.344 , 0.200 , 21.57 , 203.07
1720 , 10551 , 215.84 , -50.5 , 5 , 4.46 , 4.431 , 0.205 , 21.78 , 202.85
1730 , 10593 , 214.46 , -50.1 , 5 , 4.43 , 4.330 , 0.202 , 22.00 , 202.63
1740 , 10647 , 212.69 , -49.9 , 4 , 4.39 , 4.330 , 0.204 , 22.29 , 202.35
1750 , 10720 , 210.36 , -49.8 , 4 , 4.33 , 4.214 , 0.200 , 22.66 , 201.97
1760 , 10762 , 209.00 , -49.8 , 4 , 4.29 , 4.008 , 0.192 , 22.87 , 201.76
1770 , 10802 , 207.72 , -49.7 , 4 , 4.25 , 3.757 , 0.181 , 23.06 , 201.58
1780 , 10843 , 206.43 , -49.5 , 4 , 4.21 , 3.663 , 0.177 , 23.24 , 201.39
1790 , 10884 , 205.14 , -49.1 , 4 , 4.17 , 3.670 , 0.179 , 23.42 , 201.21
1800 , 10925 , 203.85 , -48.6 , 4 , 4.15 , 3.708 , 0.182 , 23.60 , 201.03
1810 , 10969 , 202.49 , -48.4 , 4 , 4.12 , 3.816 , 0.188 , 23.80 , 200.83
1820 , 11016 , 201.07 , -48.7 , 4 , 4.09 , 3.917 , 0.195 , 24.02 , 200.62
1830 , 11060 , 199.70 , -48.8 , 4 , 4.08 , 4.120 , 0.206 , 24.23 , 200.40
1840 , 11106 , 198.33 , -49.0 , 4 , 4.06 , 4.279 , 0.216 , 24.46 , 200.17
1850 , 11150 , 197.00 , -48.6 , 4 , 4.04 , 4.329 , 0.220 , 24.69 , 199.94
1860 , 11193 , 195.71 , -47.9 , 3 , 4.01 , 4.422 , 0.226 , 24.92 , 199.71
1870 , 11236 , 194.43 , -47.9 , 3 , 3.98 , 4.536 , 0.233 , 25.15 , 199.48
1880 , 11284 , 193.02 , -47.8 , 3 , 3.97 , 4.612 , 0.239 , 25.41 , 199.22
1890 , 11325 , 191.82 , -47.9 , 3 , 3.94 , 4.735 , 0.247 , 25.64 , 198.99
1900 , 11370 , 190.54 , -48.1 , 3 , 3.91 , 4.733 , 0.248 , 25.89 , 198.74
1910 , 11411 , 189.33 , -48.3 , 3 , 3.91 , 4.754 , 0.251 , 26.13 , 198.50
1920 , 11456 , 188.07 , -48.5 , 3 , 3.89 , 4.725 , 0.251 , 26.38 , 198.25
1930 , 11500 , 186.81 , -48.3 , 3 , 3.87 , 4.681 , 0.251 , 26.63 , 198.00
1940 , 11541 , 185.63 , -48.2 , 3 , 3.85 , 4.591 , 0.247 , 26.86 , 197.77
1950 , 11585 , 184.41 , -48.3 , 3 , 3.83 , 4.560 , 0.247 , 27.10 , 197.53
1960 , 11628 , 183.19 , -48.5 , 3 , 3.82 , 4.581 , 0.250 , 27.34 , 197.29
1970 , 11669 , 182.07 , -48.6 , 3 , 3.80 , 4.712 , 0.259 , 27.56 , 197.07
1980 , 11710 , 180.94 , -48.7 , 3 , 3.78 , 5.039 , 0.278 , 27.80 , 196.83
1990 , 11750 , 179.83 , -48.6 , 4 , 3.76 , 5.112 , 0.284 , 28.05 , 196.58
2000 , 11790 , 178.73 , -48.4 , 6 , 3.75 , 5.256 , 0.294 , 28.30 , 196.33
2010 , 11830 , 177.66 , -48.3 , 6 , 3.73 , 5.608 , 0.316 , 28.56 , 196.07
2020 , 11869 , 176.61 , -48.1 , 6 , 3.71 , 5.806 , 0.329 , 28.82 , 195.81
2030 , 11908 , 175.57 , -48.0 , 5 , 3.68 , 6.002 , 0.342 , 29.10 , 195.53
2040 , 11947 , 174.55 , -47.9 , 4 , 3.65 , 6.124 , 0.351 , 29.38 , 195.25
2050 , 11986 , 173.49 , -48.0 , 4 , 3.63 , 6.113 , 0.352 , 29.67 , 194.96
2060 , 12025 , 172.48 , -47.8 , 3 , 3.63 , 6.219 , 0.361 , 29.96 , 194.67
2070 , 12065 , 171.44 , -47.7 , 3 , 3.62 , 6.277 , 0.366 , 30.26 , 194.38
2080 , 12103 , 170.44 , -47.9 , 3 , 3.61 , 6.373 , 0.374 , 30.55 , 194.08
2090 , 12145 , 169.38 , -47.9 , 3 , 3.60 , 6.445 , 0.381 , 30.86 , 193.77
2100 , 12191 , 168.20 , -47.9 , 3 , 3.58 , 6.346 , 0.377 , 31.22 , 193.42
2110 , 12231 , 167.17 , -48.1 , 3 , 3.57 , 6.340 , 0.379 , 31.53 , 193.11
2120 , 12272 , 166.15 , -48.3 , 3 , 3.55 , 6.374 , 0.384 , 31.83 , 192.80
2130 , 12312 , 165.12 , -48.6 , 3 , 3.54 , 6.371 , 0.386 , 32.14 , 192.49
2140 , 12354 , 164.07 , -48.7 , 2 , 3.53 , 6.253 , 0.381 , 32.46 , 192.17
2150 , 12395 , 163.05 , -48.2 , 2 , 3.51 , 6.154 , 0.377 , 32.77 , 191.86
2160 , 12434 , 162.08 , -47.9 , 2 , 3.49 , 6.186 , 0.382 , 33.06 , 191.58
2170 , 12474 , 161.12 , -48.0 , 2 , 3.47 , 6.217 , 0.386 , 33.35 , 191.28
2180 , 12513 , 160.15 , -48.2 , 2 , 3.46 , 6.252 , 0.390 , 33.64 , 190.99
2190 , 12553 , 159.19 , -48.2 , 2 , 3.43 , 6.378 , 0.401 , 33.94 , 190.69
2200 , 12592 , 158.26 , -48.2 , 2 , 3.41 , 6.459 , 0.408 , 34.24 , 190.39
2210 , 12631 , 157.32 , -48.1 , 2 , 3.40 , 6.442 , 0.409 , 34.55 , 190.09
2220 , 12674 , 156.29 , -48.0 , 2 , 3.39 , 6.510 , 0.417 , 34.88 , 189.75
2230 , 12724 , 155.11 , -48.1 , 2 , 3.37 , 6.800 , 0.438 , 35.28 , 189.35
2240 , 12768 , 154.07 , -48.3 , 3 , 3.35 , 6.890 , 0.447 , 35.64 , 188.99
2250 , 12813 , 153.02 , -48.2 , 2 , 3.33 , 6.995 , 0.457 , 36.01 , 188.62
2260 , 12856 , 152.03 , -48.3 , 2 , 3.31 , 7.072 , 0.465 , 36.38 , 188.25
2270 , 12896 , 151.12 , -48.4 , 3 , 3.29 , 7.125 , 0.471 , 36.71 , 187.92
2280 , 12937 , 150.17 , -48.4 , 3 , 3.26 , 7.126 , 0.475 , 37.07 , 187.56
2290 , 12978 , 149.25 , -48.5 , 3 , 3.24 , 7.078 , 0.474 , 37.41 , 187.22
2300 , 13019 , 148.32 , -48.6 , 3 , 3.22 , 7.091 , 0.478 , 37.76 , 186.87
2310 , 13061 , 147.38 , -48.3 , 2 , 3.19 , 7.201 , 0.489 , 38.12 , 186.51
2320 , 13103 , 146.44 , -48.3 , 2 , 3.17 , 7.275 , 0.497 , 38.48 , 186.15
2330 , 13145 , 145.49 , -48.0 , 2 , 3.16 , 7.329 , 0.504 , 38.86 , 185.77
2340 , 13186 , 144.59 , -47.7 , 2 , 3.15 , 7.470 , 0.517 , 39.22 , 185.41
2350 , 13228 , 143.69 , -47.5 , 2 , 3.13 , 7.570 , 0.527 , 39.59 , 185.04
2360 , 13269 , 142.79 , -47.6 , 2 , 3.11 , 7.657 , 0.536 , 39.97 , 184.66
2370 , 13312 , 141.87 , -47.6 , 2 , 3.09 , 7.829 , 0.552 , 40.37 , 184.26
2380 , 13355 , 140.96 , -47.5 , 2 , 3.08 , 8.115 , 0.576 , 40.77 , 183.86
2390 , 13397 , 140.06 , -47.5 , 2 , 3.06 , 8.290 , 0.592 , 41.18 , 183.45
2400 , 13439 , 139.17 , -47.8 , 2 , 3.05 , 8.307 , 0.597 , 41.60 , 183.03
2410 , 13481 , 138.29 , -48.0 , 2 , 3.04 , 8.336 , 0.603 , 42.02 , 182.61
2420 , 13521 , 137.45 , -48.0 , 2 , 3.02 , 8.385 , 0.610 , 42.42 , 182.21
2430 , 13562 , 136.60 , -47.7 , 2 , 3.01 , 8.390 , 0.614 , 42.83 , 181.80
2440 , 13604 , 135.72 , -47.2 , 3 , 3.00 , 8.419 , 0.620 , 43.26 , 181.37
2450 , 13648 , 134.83 , -47.3 , 3 , 2.99 , 8.366 , 0.620 , 43.70 , 180.94
2460 , 13689 , 134.00 , -47.6 , 2 , 2.97 , 8.341 , 0.622 , 44.10 , 180.53
2470 , 13728 , 133.20 , -47.8 , 2 , 2.96 , 8.363 , 0.628 , 44.50 , 180.13
2480 , 13767 , 132.41 , -48.0 , 2 , 2.95 , 8.341 , 0.630 , 44.89 , 179.74
2490 , 13806 , 131.63 , -48.2 , 2 , 2.93 , 8.362 , 0.635 , 45.28 , 179.35
2500 , 13849 , 130.77 , -48.1 , 2 , 2.91 , 8.431 , 0.645 , 45.71 , 178.92
2510 , 13888 , 130.00 , -47.9 , 2 , 2.89 , 8.422 , 0.648 , 46.11 , 178.52
2520 , 13928 , 129.23 , -47.9 , 2 , 2.87 , 8.485 , 0.657 , 46.50 , 178.13
2530 , 13966 , 128.48 , -47.9 , 2 , 2.86 , 8.494 , 0.661 , 46.89 , 177.74
2540 , 14003 , 127.75 , -48.1 , 2 , 2.84 , 8.275 , 0.648 , 47.27 , 177.36
2550 , 14041 , 127.02 , -48.1 , 1 , 2.83 , 8.078 , 0.636 , 47.64 , 176.99
2560 , 14079 , 126.28 , -48.1 , 1 , 2.82 , 7.960 , 0.630 , 48.01 , 176.62
2570 , 14119 , 125.53 , -47.9 , 1 , 2.80 , 7.956 , 0.634 , 48.39 , 176.25
2580 , 14158 , 124.79 , -47.6 , 1 , 2.79 , 7.911 , 0.634 , 48.75 , 175.88
2590 , 14199 , 124.02 , -47.2 , 1 , 2.77 , 7.939 , 0.640 , 49.14 , 175.49
2600 , 14243 , 123.19 , -47.5 , 2 , 2.77 , 7.995 , 0.649 , 49.56 , 175.07
2610 , 14289 , 122.33 , -47.9 , 2 , 2.75 , 8.088 , 0.661 , 50.01 , 174.63
2620 , 14332 , 121.55 , -48.2 , 3 , 2.74 , 8.244 , 0.678 , 50.42 , 174.21
2630 , 14374 , 120.78 , -48.1 , 3 , 2.72 , 8.258 , 0.684 , 50.83 , 173.80
2640 , 14420 , 119.93 , -47.6 , 3 , 2.70 , 8.388 , 0.699 , 51.30 , 173.33
2650 , 14470 , 119.02 , -47.8 , 4 , 2.67 , 8.498 , 0.714 , 51.80 , 172.83
2660 , 14514 , 118.24 , -48.1 , 4 , 2.65 , 8.584 , 0.726 , 52.25 , 172.38
2670 , 14556 , 117.49 , -48.4 , 4 , 2.62 , 8.590 , 0.731 , 52.68 , 171.95
2680 , 14596 , 116.78 , -48.2 , 3 , 2.59 , 8.625 , 0.739 , 53.09 , 171.54
2690 , 14638 , 116.03 , -47.8 , 2 , 2.55 , 8.745 , 0.754 , 53.53 , 171.10
2700 , 14679 , 115.30 , -47.8 , 2 , 2.53 , 8.879 , 0.770 , 53.97 , 170.66
2710 , 14721 , 114.59 , -47.7 , 2 , 2.50 , 8.901 , 0.777 , 54.41 , 170.22
2720 , 14761 , 113.89 , -47.9 , 1 , 2.49 , 8.975 , 0.788 , 54.84 , 169.79
2730 , 14803 , 113.17 , -47.9 , 2 , 2.48 , 9.255 , 0.818 , 55.29 , 169.34
2740 , 14841 , 112.51 , -47.9 , 1 , 2.46 , 9.659 , 0.859 , 55.73 , 168.90
2750 , 14884 , 111.79 , -47.9 , 1 , 2.46 , 9.611 , 0.860 , 56.22 , 168.41
2760 , 14924 , 111.10 , -47.7 , 1 , 2.46 , 9.659 , 0.869 , 56.69 , 167.94
2770 , 14964 , 110.43 , -47.6 , 1 , 2.46 , 9.911 , 0.897 , 57.16 , 167.48
2780 , 15007 , 109.71 , -47.4 , 1 , 2.47 , 9.888 , 0.901 , 57.67 , 166.96
2790 , 15048 , 109.03 , -47.2 , 1 , 2.48 , 10.299 , 0.945 , 58.16 , 166.47
2800 , 15089 , 108.37 , -47.3 , 1 , 2.48 , 10.232 , 0.944 , 58.65 , 165.98
2810 , 15128 , 107.72 , -47.4 , 1 , 2.50 , 9.765 , 0.907 , 59.13 , 165.50
2820 , 15169 , 107.06 , -47.2 , 1 , 2.52 , 9.856 , 0.921 , 59.60 , 165.03
2830 , 15213 , 106.35 , -47.1 , 1 , 2.55 , 9.676 , 0.910 , 60.12 , 164.51
2840 , 15258 , 105.64 , -47.2 , 1 , 2.58 , 9.645 , 0.913 , 60.63 , 164.00
2850 , 15299 , 104.97 , -47.5 , 2 , 2.61 , 9.786 , 0.932 , 61.12 , 163.52
2860 , 15339 , 104.34 , -47.6 , 2 , 2.63 , 9.910 , 0.950 , 61.59 , 163.04
2870 , 15381 , 103.68 , -47.8 , 2 , 2.65 , 10.234 , 0.987 , 62.09 , 162.54
2880 , 15421 , 103.05 , -48.2 , 1 , 2.65 , 10.344 , 1.004 , 62.58 , 162.05
2890 , 15461 , 102.43 , -48.4 , 2 , 2.66 , 10.490 , 1.024 , 63.08 , 161.55
2900 , 15501 , 101.81 , -48.4 , 2 , 2.65 , 10.586 , 1.040 , 63.59 , 161.04
2910 , 15541 , 101.20 , -48.3 , 1 , 2.66 , 10.376 , 1.025 , 64.08 , 160.55
2920 , 15579 , 100.61 , -48.2 , 1 , 2.64 , 10.282 , 1.022 , 64.56 , 160.07
2930 , 15619 , 100.00 , -48.4 , 1 , 2.65 , 10.022 , 1.002 , 65.05 , 159.59
2940 , 15659 , 99.40 , -48.6 , 1 , 2.64 , 9.806 , 0.987 , 65.52 , 159.11
2950 , 15698 , 98.81 , -48.5 , 1 , 2.62 , 9.751 , 0.987 , 65.98 , 158.65
2960 , 15738 , 98.20 , -48.5 , 1 , 2.62 , 10.051 , 1.023 , 66.46 , 158.17
2970 , 15779 , 97.59 , -48.8 , 1 , 2.61 , 10.902 , 1.117 , 66.97 , 157.66
2980 , 15821 , 96.98 , -48.8 , 1 , 2.61 , 10.807 , 1.114 , 67.51 , 157.12
2990 , 15861 , 96.39 , -48.7 , 1 , 2.60 , 10.752 , 1.116 , 68.03 , 156.60
3000 , 15902 , 95.79 , -48.7 , 1 , 2.59 , 10.792 , 1.127 , 68.56 , 156.07
3010 , 15943 , 95.19 , -48.9 , 1 , 2.58 , 10.819 , 1.137 , 69.10 , 155.53
3020 , 15984 , 94.60 , -49.1 , 1 , 2.57 , 10.811 , 1.143 , 69.63 , 155.00
3030 , 16024 , 94.02 , -49.0 , 1 , 2.56 , 10.915 , 1.161 , 70.16 , 154.47
3040 , 16065 , 93.43 , -48.9 , 1 , 2.56 , 11.102 , 1.188 , 70.70 , 153.93
3050 , 16105 , 92.86 , -48.8 , 1 , 2.56 , 11.254 , 1.212 , 71.24 , 153.39
3060 , 16145 , 92.30 , -48.8 , 1 , 2.57 , 11.465 , 1.242 , 71.78 , 152.85
3070 , 16186 , 91.72 , -48.7 , 1 , 2.58 , 11.570 , 1.261 , 72.36 , 152.28
3080 , 16228 , 91.14 , -48.5 , 1 , 2.59 , 11.752 , 1.289 , 72.94 , 151.69
3090 , 16269 , 90.58 , -48.3 , 1 , 2.59 , 11.764 , 1.299 , 73.51 , 151.12
3100 , 16309 , 90.02 , -48.0 , 1 , 2.60 , 11.820 , 1.313 , 74.09 , 150.54
3110 , 16351 , 89.46 , -47.8 , 0 , 2.59 , 12.051 , 1.347 , 74.68 , 149.96
3120 , 16390 , 88.93 , -47.6 , 0 , 2.59 , 12.408 , 1.395 , 75.26 , 149.38
3130 , 16431 , 88.38 , -47.4 , 1 , 2.59 , 12.858 , 1.455 , 75.88 , 148.76
3140 , 16472 , 87.84 , -47.4 , 1 , 2.57 , 13.316 , 1.516 , 76.51 , 148.13
3150 , 16512 , 87.31 , -47.4 , 1 , 2.57 , 13.541 , 1.551 , 77.15 , 147.49
3160 , 16551 , 86.79 , -47.3 , 1 , 2.55 , 13.667 , 1.575 , 77.79 , 146.84
3170 , 16591 , 86.26 , -47.2 , 1 , 2.54 , 13.824 , 1.603 , 78.45 , 146.19
3180 , 16632 , 85.73 , -47.1 , 1 , 2.53 , 13.954 , 1.628 , 79.12 , 145.51
3190 , 16670 , 85.24 , -47.2 , 1 , 2.51 , 14.096 , 1.654 , 79.76 , 144.87
3200 , 16708 , 84.75 , -47.1 , 1 , 2.48 , 14.194 , 1.675 , 80.40 , 144.23
3210 , 16747 , 84.26 , -47.0 , 1 , 2.46 , 14.231 , 1.689 , 81.06 , 143.57
3220 , 16786 , 83.76 , -47.2 , 1 , 2.43 , 14.130 , 1.687 , 81.72 , 142.92
3230 , 16825 , 83.27 , -47.2 , 1 , 2.40 , 14.238 , 1.710 , 82.38 , 142.25
3240 , 16863 , 82.79 , -47.2 , 1 , 2.37 , 14.187 , 1.714 , 83.03 , 141.60
3250 , 16902 , 82.30 , -47.3 , 1 , 2.33 , 14.516 , 1.764 , 83.69 , 140.94
3260 , 16941 , 81.82 , -47.4 , 1 , 2.31 , 14.625 , 1.787 , 84.37 , 140.27
3270 , 16979 , 81.35 , -47.4 , 1 , 2.28 , 14.585 , 1.793 , 85.04 , 139.59
3280 , 17018 , 80.88 , -47.3 , 1 , 2.25 , 14.547 , 1.799 , 85.71 , 138.92
3290 , 17057 , 80.40 , -47.3 , 1 , 2.21 , 14.513 , 1.805 , 86.39 , 138.24
3300 , 17096 , 79.92 , -47.3 , 1 , 2.19 , 14.545 , 1.820 , 87.07 , 137.56
3310 , 17136 , 79.44 , -47.4 , 1 , 2.16 , 14.514 , 1.827 , 87.76 , 136.87
3320 , 17176 , 78.97 , -47.4 , 1 , 2.13 , 14.558 , 1.844 , 88.45 , 136.18
3330 , 17215 , 78.50 , -47.6 , 1 , 2.09 , 14.649 , 1.866 , 89.13 , 135.50
3340 , 17255 , 78.02 , -47.7 , 0 , 2.06 , 14.684 , 1.882 , 89.84 , 134.79
3350 , 17294 , 77.56 , -47.4 , 0 , 2.03 , 14.540 , 1.875 , 90.52 , 134.11
3360 , 17336 , 77.08 , -47.2 , 0 , 2.00 , 14.575 , 1.891 , 91.24 , 133.39
3370 , 17376 , 76.61 , -47.3 , 0 , 1.98 , 14.460 , 1.888 , 91.93 , 132.70
3380 , 17418 , 76.12 , -47.2 , 0 , 1.95 , 14.238 , 1.870 , 92.66 , 131.97
3390 , 17458 , 75.67 , -47.2 , 0 , 1.93 , 14.216 , 1.879 , 93.33 , 131.30
3400 , 17498 , 75.21 , -47.4 , 0 , 1.90 , 14.181 , 1.885 , 94.01 , 130.62
3410 , 17540 , 74.73 , -47.4 , 0 , 1.88 , 14.298 , 1.913 , 94.74 , 129.89
3420 , 17581 , 74.27 , -47.6 , 0 , 1.86 , 14.663 , 1.974 , 95.43 , 129.20
3430 , 17622 , 73.81 , -47.6 , 0 , 1.84 , 15.160 , 2.054 , 96.17 , 128.46
3440 , 17663 , 73.35 , -47.6 , 0 , 1.83 , 15.186 , 2.070 , 96.92 , 127.71
3450 , 17705 , 72.89 , -47.5 , 0 , 1.80 , 15.066 , 2.067 , 97.67 , 126.96
3460 , 17745 , 72.45 , -47.4 , 0 , 1.79 , 14.979 , 2.068 , 98.39 , 126.24
3470 , 17784 , 72.02 , -47.4 , 0 , 1.77 , 14.931 , 2.073 , 99.09 , 125.54
3480 , 17825 , 71.58 , -47.3 , 0 , 1.75 , 14.918 , 2.084 , 99.81 , 124.82
3490 , 17865 , 71.14 , -47.2 , 0 , 1.74 , 15.019 , 2.111 , 100.54 , 124.09
3500 , 17906 , 70.71 , -47.4 , 0 , 1.73 , 14.892 , 2.106 , 101.26 , 123.37
3510 , 17946 , 70.28 , -47.6 , 0 , 1.71 , 14.762 , 2.101 , 101.97 , 122.66
3520 , 17985 , 69.86 , -47.4 , 0 , 1.69 , 14.806 , 2.119 , 102.67 , 121.96
3530 , 18026 , 69.43 , -47.2 , 0 , 1.69 , 14.821 , 2.135 , 103.38 , 121.25
3540 , 18065 , 69.03 , -47.1 , 0 , 1.67 , 14.682 , 2.127 , 104.07 , 120.57
3550 , 18105 , 68.61 , -46.9 , 0 , 1.66 , 14.658 , 2.137 , 104.77 , 119.86
3560 , 18145 , 68.19 , -46.9 , 0 , 1.65 , 14.553 , 2.134 , 105.47 , 119.16
3570 , 18184 , 67.79 , -46.7 , 0 , 1.64 , 14.474 , 2.135 , 106.15 , 118.48
3580 , 18225 , 67.37 , -46.8 , 0 , 1.62 , 14.300 , 2.122 , 106.85 , 117.78
3590 , 18268 , 66.94 , -46.7 , 0 , 1.61 , 14.290 , 2.135 , 107.58 , 117.05
3600 , 18312 , 66.50 , -46.7 , 0 , 1.60 , 14.464 , 2.175 , 108.33 , 116.31
3610 , 18353 , 66.08 , -46.7 , 0 , 1.57 , 14.646 , 2.216 , 109.05 , 115.58
