# ------------------------------------------------------------
#
# Flight name: V0506
# Station: Davis
# Launch Date: 18 May 2006
# Launch Time: 23:38:24
# 
# This file created: Thu May 03 10:11:47 2007
# 
# 
# ------------------------------------------------------------
# DATA COLUMNS
# Time (s)
# Height (m)
# Atmospheric Pressure (hPa)
# Atmospheric Temperature (°C)
# Relative Humidity (%)
# Box Temperature (°C)
# Ozone Partial Pressure (mPa)
# Ozone Mixing Ratio (ppmV)
# Accumulated Ozone to this Height (Dobson Units)
# Remaining Ozone above this Height (Dobson Units)
# 
# ------------------------------------------------------------
# 
# Integrated Ozone =  99.4 DU
# Extrapolated Ozone = 132.8 DU
# 
# Total Ozone = 232.2 DU
# 
# 
# ------------------------------------------------------------
0 , 18 , 978.93 , -26.9 , 29 , 21.42 , 2.190 , 0.022 , 0.00 , 232.23
10 , 56 , 973.71 , -26.6 , 39 , 21.40 , 2.439 , 0.025 , 0.10 , 232.13
20 , 100 , 967.81 , -26.8 , 41 , 21.33 , 2.574 , 0.027 , 0.22 , 232.01
30 , 143 , 962.04 , -27.1 , 42 , 21.12 , 2.651 , 0.028 , 0.34 , 231.89
40 , 186 , 956.32 , -27.4 , 43 , 20.86 , 2.709 , 0.028 , 0.47 , 231.76
50 , 226 , 950.97 , -27.8 , 43 , 20.70 , 2.750 , 0.029 , 0.59 , 231.64
60 , 268 , 945.41 , -28.1 , 44 , 20.53 , 2.776 , 0.029 , 0.72 , 231.51
70 , 311 , 939.83 , -28.5 , 45 , 20.35 , 2.789 , 0.030 , 0.85 , 231.38
80 , 352 , 934.46 , -28.9 , 45 , 20.21 , 2.801 , 0.030 , 0.97 , 231.25
90 , 395 , 928.78 , -29.1 , 45 , 19.98 , 2.796 , 0.030 , 1.11 , 231.12
100 , 437 , 923.36 , -29.4 , 43 , 19.88 , 2.785 , 0.030 , 1.24 , 230.99
110 , 476 , 918.37 , -29.5 , 41 , 19.75 , 2.769 , 0.030 , 1.35 , 230.87
120 , 516 , 913.17 , -29.7 , 39 , 19.56 , 2.744 , 0.030 , 1.48 , 230.75
130 , 560 , 907.56 , -30.1 , 39 , 19.40 , 2.737 , 0.030 , 1.61 , 230.61
140 , 603 , 902.09 , -30.5 , 40 , 19.28 , 2.726 , 0.030 , 1.74 , 230.48
150 , 647 , 896.52 , -30.6 , 40 , 19.12 , 2.717 , 0.030 , 1.87 , 230.35
160 , 691 , 891.02 , -30.4 , 37 , 18.99 , 2.717 , 0.030 , 2.01 , 230.22
170 , 735 , 885.43 , -30.9 , 36 , 18.87 , 2.697 , 0.030 , 2.14 , 230.09
180 , 780 , 879.87 , -30.9 , 37 , 18.71 , 2.686 , 0.031 , 2.28 , 229.95
190 , 824 , 874.44 , -30.3 , 34 , 18.58 , 2.663 , 0.030 , 2.41 , 229.82
200 , 867 , 869.19 , -30.2 , 31 , 18.48 , 2.649 , 0.030 , 2.53 , 229.69
210 , 909 , 864.04 , -30.4 , 30 , 18.38 , 2.635 , 0.030 , 2.66 , 229.57
220 , 955 , 858.48 , -30.6 , 30 , 18.30 , 2.606 , 0.030 , 2.79 , 229.44
230 , 1002 , 852.82 , -30.9 , 30 , 18.21 , 2.596 , 0.030 , 2.93 , 229.30
240 , 1049 , 847.15 , -31.3 , 30 , 18.11 , 2.586 , 0.031 , 3.06 , 229.16
250 , 1096 , 841.54 , -31.6 , 31 , 17.99 , 2.569 , 0.031 , 3.20 , 229.03
260 , 1142 , 836.15 , -32.0 , 32 , 17.83 , 2.549 , 0.030 , 3.33 , 228.90
270 , 1186 , 830.87 , -32.3 , 32 , 17.70 , 2.532 , 0.030 , 3.45 , 228.77
280 , 1234 , 825.24 , -32.6 , 33 , 17.59 , 2.509 , 0.030 , 3.59 , 228.64
290 , 1283 , 819.61 , -31.1 , 34 , 17.50 , 2.508 , 0.031 , 3.72 , 228.50
300 , 1330 , 814.19 , -29.0 , 32 , 17.41 , 2.492 , 0.031 , 3.86 , 228.37
310 , 1374 , 809.13 , -28.7 , 31 , 17.27 , 2.473 , 0.031 , 3.98 , 228.25
320 , 1418 , 804.22 , -28.1 , 36 , 17.17 , 2.455 , 0.031 , 4.10 , 228.13
330 , 1479 , 797.48 , -26.6 , 63 , 17.09 , 2.416 , 0.030 , 4.26 , 227.97
340 , 1516 , 793.33 , -26.4 , 61 , 17.06 , 2.409 , 0.030 , 4.36 , 227.87
350 , 1567 , 787.80 , -26.2 , 60 , 17.02 , 2.398 , 0.030 , 4.49 , 227.74
360 , 1618 , 782.25 , -26.4 , 59 , 16.90 , 2.385 , 0.030 , 4.62 , 227.60
370 , 1667 , 776.96 , -26.4 , 59 , 16.80 , 2.371 , 0.031 , 4.75 , 227.48
380 , 1714 , 771.92 , -26.4 , 57 , 16.68 , 2.359 , 0.031 , 4.87 , 227.35
390 , 1763 , 766.73 , -25.8 , 42 , 16.58 , 2.379 , 0.031 , 5.00 , 227.23
400 , 1812 , 761.51 , -25.6 , 32 , 16.50 , 2.341 , 0.031 , 5.13 , 227.10
410 , 1858 , 756.69 , -25.5 , 31 , 16.46 , 2.310 , 0.031 , 5.24 , 226.98
420 , 1900 , 752.36 , -25.8 , 35 , 16.43 , 2.296 , 0.031 , 5.35 , 226.88
430 , 1954 , 746.79 , -25.1 , 22 , 16.39 , 2.296 , 0.031 , 5.48 , 226.75
440 , 2003 , 741.77 , -25.1 , 13 , 16.32 , 2.306 , 0.031 , 5.60 , 226.62
450 , 2052 , 736.78 , -25.5 , 12 , 16.24 , 2.308 , 0.031 , 5.73 , 226.50
460 , 2102 , 731.73 , -25.3 , 12 , 16.13 , 2.293 , 0.031 , 5.85 , 226.38
470 , 2149 , 726.92 , -25.4 , 15 , 16.06 , 2.281 , 0.031 , 5.97 , 226.26
480 , 2197 , 722.11 , -25.7 , 16 , 15.97 , 2.316 , 0.032 , 6.09 , 226.14
490 , 2249 , 716.96 , -26.0 , 16 , 15.89 , 2.331 , 0.033 , 6.22 , 226.00
500 , 2302 , 711.77 , -26.3 , 17 , 15.82 , 2.336 , 0.033 , 6.36 , 225.87
510 , 2353 , 706.71 , -26.4 , 17 , 15.76 , 2.325 , 0.033 , 6.49 , 225.74
520 , 2403 , 701.82 , -26.8 , 18 , 15.69 , 2.303 , 0.033 , 6.61 , 225.61
530 , 2457 , 696.64 , -27.1 , 17 , 15.66 , 2.254 , 0.032 , 6.75 , 225.48
540 , 2508 , 691.68 , -27.0 , 18 , 15.62 , 2.208 , 0.032 , 6.87 , 225.35
550 , 2555 , 687.23 , -27.2 , 20 , 15.56 , 2.203 , 0.032 , 6.98 , 225.24
560 , 2605 , 682.49 , -27.5 , 23 , 15.48 , 2.236 , 0.033 , 7.11 , 225.12
570 , 2654 , 677.86 , -27.8 , 23 , 15.40 , 2.272 , 0.034 , 7.23 , 225.00
580 , 2705 , 673.05 , -27.9 , 22 , 15.31 , 2.296 , 0.034 , 7.36 , 224.87
590 , 2754 , 668.43 , -27.7 , 16 , 15.22 , 2.257 , 0.034 , 7.48 , 224.75
600 , 2805 , 663.70 , -28.0 , 13 , 15.16 , 2.188 , 0.033 , 7.60 , 224.62
610 , 2856 , 658.98 , -28.4 , 13 , 15.09 , 2.139 , 0.032 , 7.73 , 224.50
620 , 2905 , 654.50 , -28.6 , 12 , 15.03 , 2.092 , 0.032 , 7.84 , 224.39
630 , 2957 , 649.80 , -28.7 , 12 , 14.96 , 2.066 , 0.032 , 7.96 , 224.27
640 , 3008 , 645.17 , -29.1 , 12 , 14.89 , 2.048 , 0.032 , 8.07 , 224.15
650 , 3057 , 640.78 , -29.2 , 11 , 14.82 , 2.059 , 0.032 , 8.18 , 224.04
660 , 3104 , 636.51 , -29.4 , 11 , 14.75 , 2.056 , 0.032 , 8.29 , 223.93
670 , 3152 , 632.23 , -29.7 , 10 , 14.70 , 2.060 , 0.033 , 8.40 , 223.82
680 , 3201 , 627.90 , -30.0 , 10 , 14.65 , 2.059 , 0.033 , 8.51 , 223.71
690 , 3255 , 623.18 , -30.2 , 9 , 14.58 , 2.052 , 0.033 , 8.64 , 223.59
700 , 3307 , 618.65 , -30.4 , 8 , 14.51 , 2.027 , 0.033 , 8.75 , 223.47
710 , 3353 , 614.63 , -30.7 , 8 , 14.45 , 2.022 , 0.033 , 8.86 , 223.37
720 , 3409 , 609.79 , -30.9 , 8 , 14.40 , 2.002 , 0.033 , 8.98 , 223.24
730 , 3462 , 605.28 , -31.1 , 7 , 14.36 , 2.001 , 0.033 , 9.10 , 223.13
740 , 3513 , 600.92 , -31.3 , 7 , 14.26 , 1.995 , 0.033 , 9.21 , 223.01
750 , 3563 , 596.70 , -31.6 , 7 , 14.19 , 1.987 , 0.033 , 9.33 , 222.90
760 , 3611 , 592.65 , -32.0 , 7 , 14.10 , 1.969 , 0.033 , 9.43 , 222.79
770 , 3664 , 588.27 , -32.1 , 7 , 14.02 , 1.954 , 0.033 , 9.55 , 222.68
780 , 3716 , 583.90 , -32.3 , 6 , 13.97 , 1.950 , 0.033 , 9.66 , 222.56
790 , 3768 , 579.64 , -32.4 , 6 , 13.95 , 1.951 , 0.034 , 9.77 , 222.45
800 , 3824 , 575.01 , -32.8 , 5 , 13.93 , 1.922 , 0.033 , 9.90 , 222.33
810 , 3871 , 571.17 , -33.1 , 5 , 13.88 , 1.910 , 0.033 , 10.00 , 222.23
820 , 3919 , 567.31 , -33.5 , 5 , 13.80 , 1.885 , 0.033 , 10.10 , 222.13
830 , 3965 , 563.61 , -33.8 , 5 , 13.73 , 1.880 , 0.033 , 10.20 , 222.03
840 , 4012 , 559.78 , -34.0 , 5 , 13.65 , 1.866 , 0.033 , 10.30 , 221.93
850 , 4065 , 555.60 , -34.2 , 4 , 13.61 , 1.872 , 0.034 , 10.41 , 221.82
860 , 4119 , 551.32 , -34.4 , 5 , 13.57 , 1.954 , 0.035 , 10.53 , 221.70
870 , 4168 , 547.46 , -34.5 , 5 , 13.53 , 2.063 , 0.038 , 10.64 , 221.59
880 , 4226 , 542.91 , -34.8 , 5 , 13.45 , 2.117 , 0.039 , 10.77 , 221.45
890 , 4282 , 538.59 , -35.0 , 5 , 13.40 , 2.121 , 0.039 , 10.91 , 221.32
900 , 4333 , 534.66 , -35.3 , 5 , 13.37 , 2.113 , 0.040 , 11.03 , 221.20
910 , 4387 , 530.52 , -35.6 , 5 , 13.30 , 2.048 , 0.039 , 11.16 , 221.07
920 , 4440 , 526.52 , -36.0 , 5 , 13.27 , 1.949 , 0.037 , 11.28 , 220.95
930 , 4490 , 522.75 , -36.3 , 5 , 13.18 , 1.862 , 0.036 , 11.39 , 220.84
940 , 4543 , 518.74 , -36.3 , 5 , 13.10 , 1.833 , 0.035 , 11.50 , 220.73
950 , 4601 , 514.44 , -36.5 , 5 , 13.07 , 1.798 , 0.035 , 11.62 , 220.61
960 , 4660 , 510.05 , -36.9 , 5 , 13.07 , 1.777 , 0.035 , 11.74 , 220.49
970 , 4714 , 506.09 , -37.3 , 5 , 13.08 , 1.756 , 0.035 , 11.85 , 220.38
980 , 4765 , 502.35 , -37.6 , 5 , 13.01 , 1.750 , 0.035 , 11.95 , 220.28
990 , 4817 , 498.57 , -38.0 , 6 , 12.95 , 1.756 , 0.035 , 12.05 , 220.17
1000 , 4874 , 494.43 , -38.4 , 6 , 12.91 , 1.748 , 0.035 , 12.17 , 220.06
1010 , 4925 , 490.82 , -38.6 , 6 , 12.85 , 1.748 , 0.036 , 12.27 , 219.96
1020 , 4970 , 487.57 , -38.6 , 5 , 12.83 , 1.752 , 0.036 , 12.36 , 219.86
1030 , 5020 , 484.08 , -38.8 , 5 , 12.80 , 1.759 , 0.036 , 12.46 , 219.76
1040 , 5073 , 480.33 , -39.0 , 4 , 12.77 , 1.779 , 0.037 , 12.57 , 219.66
1050 , 5127 , 476.54 , -39.3 , 4 , 12.74 , 1.779 , 0.037 , 12.68 , 219.54
1060 , 5179 , 472.96 , -39.6 , 4 , 12.71 , 1.774 , 0.038 , 12.79 , 219.44
1070 , 5229 , 469.53 , -39.8 , 4 , 12.66 , 1.748 , 0.037 , 12.89 , 219.34
1080 , 5276 , 466.30 , -40.1 , 6 , 12.61 , 1.720 , 0.037 , 12.98 , 219.24
1090 , 5324 , 463.00 , -40.4 , 8 , 12.52 , 1.687 , 0.036 , 13.08 , 219.15
1100 , 5380 , 459.24 , -40.9 , 10 , 12.49 , 1.650 , 0.036 , 13.19 , 219.04
1110 , 5431 , 455.76 , -41.1 , 11 , 12.45 , 1.605 , 0.035 , 13.28 , 218.94
1120 , 5494 , 451.56 , -41.4 , 10 , 12.42 , 1.585 , 0.035 , 13.40 , 218.83
1130 , 5563 , 447.02 , -41.8 , 10 , 12.35 , 1.543 , 0.035 , 13.52 , 218.70
1140 , 5624 , 442.96 , -42.0 , 9 , 12.29 , 1.521 , 0.034 , 13.63 , 218.59
1150 , 5673 , 439.79 , -42.3 , 7 , 12.22 , 1.503 , 0.034 , 13.72 , 218.51
1160 , 5731 , 436.03 , -42.7 , 6 , 12.14 , 1.470 , 0.034 , 13.82 , 218.41
1170 , 5792 , 432.08 , -43.3 , 6 , 12.05 , 1.453 , 0.034 , 13.93 , 218.30
1180 , 5846 , 428.65 , -43.7 , 6 , 11.99 , 1.448 , 0.034 , 14.02 , 218.21
1190 , 5905 , 424.89 , -44.1 , 6 , 11.93 , 1.430 , 0.034 , 14.12 , 218.11
1200 , 5960 , 421.44 , -44.4 , 6 , 11.89 , 1.412 , 0.034 , 14.21 , 218.02
1210 , 6018 , 417.77 , -44.6 , 6 , 11.84 , 1.438 , 0.034 , 14.31 , 217.92
1220 , 6076 , 414.16 , -44.7 , 5 , 11.79 , 1.579 , 0.038 , 14.41 , 217.82
1230 , 6139 , 410.27 , -44.9 , 5 , 11.73 , 1.845 , 0.045 , 14.54 , 217.69
1240 , 6201 , 406.48 , -45.5 , 5 , 11.66 , 1.996 , 0.049 , 14.68 , 217.55
1250 , 6270 , 402.27 , -45.9 , 5 , 11.59 , 2.004 , 0.050 , 14.84 , 217.38
1260 , 6332 , 398.55 , -46.3 , 8 , 11.55 , 1.917 , 0.048 , 14.99 , 217.24
1270 , 6394 , 394.88 , -46.8 , 16 , 11.48 , 1.791 , 0.045 , 15.12 , 217.10
1280 , 6454 , 391.29 , -47.1 , 33 , 11.47 , 1.691 , 0.043 , 15.25 , 216.98
1290 , 6513 , 387.80 , -47.7 , 51 , 11.42 , 1.572 , 0.041 , 15.36 , 216.86
1300 , 6564 , 384.83 , -48.1 , 64 , 11.31 , 1.476 , 0.038 , 15.46 , 216.77
1310 , 6618 , 381.67 , -48.5 , 69 , 11.21 , 1.410 , 0.037 , 15.55 , 216.68
1320 , 6671 , 378.63 , -49.0 , 72 , 11.11 , 1.367 , 0.036 , 15.64 , 216.59
1330 , 6727 , 375.39 , -49.4 , 74 , 11.03 , 1.335 , 0.036 , 15.73 , 216.50
1340 , 6787 , 371.98 , -49.6 , 71 , 10.96 , 1.317 , 0.035 , 15.82 , 216.40
1350 , 6842 , 368.86 , -49.8 , 66 , 10.91 , 1.305 , 0.035 , 15.91 , 216.32
1360 , 6898 , 365.73 , -50.3 , 63 , 10.84 , 1.297 , 0.035 , 16.00 , 216.23
1370 , 6955 , 362.54 , -50.8 , 65 , 10.74 , 1.260 , 0.035 , 16.09 , 216.14
1380 , 7009 , 359.52 , -51.2 , 68 , 10.65 , 1.246 , 0.035 , 16.17 , 216.06
1390 , 7065 , 356.43 , -51.6 , 69 , 10.62 , 1.225 , 0.034 , 16.25 , 215.97
1400 , 7124 , 353.23 , -52.0 , 69 , 10.54 , 1.197 , 0.034 , 16.34 , 215.89
1410 , 7181 , 350.12 , -52.4 , 68 , 10.44 , 1.195 , 0.034 , 16.42 , 215.80
1420 , 7239 , 346.99 , -52.8 , 67 , 10.36 , 1.191 , 0.034 , 16.51 , 215.72
1430 , 7292 , 344.16 , -53.3 , 65 , 10.30 , 1.192 , 0.035 , 16.59 , 215.64
1440 , 7343 , 341.40 , -53.8 , 63 , 10.24 , 1.183 , 0.035 , 16.66 , 215.57
1450 , 7400 , 338.37 , -54.3 , 63 , 10.18 , 1.176 , 0.035 , 16.74 , 215.48
1460 , 7456 , 335.43 , -54.8 , 63 , 10.11 , 1.165 , 0.035 , 16.82 , 215.40
1470 , 7518 , 332.21 , -55.4 , 63 , 10.05 , 1.152 , 0.035 , 16.91 , 215.31
1480 , 7577 , 329.14 , -55.9 , 63 , 9.99 , 1.148 , 0.035 , 17.00 , 215.23
1490 , 7633 , 326.24 , -56.4 , 62 , 9.93 , 1.144 , 0.035 , 17.08 , 215.15
1500 , 7697 , 322.97 , -56.9 , 62 , 9.87 , 1.130 , 0.035 , 17.17 , 215.06
1510 , 7754 , 320.08 , -57.4 , 61 , 9.81 , 1.133 , 0.035 , 17.25 , 214.98
1520 , 7817 , 316.88 , -57.9 , 60 , 9.70 , 1.117 , 0.035 , 17.34 , 214.89
1530 , 7881 , 313.70 , -58.4 , 60 , 9.65 , 1.109 , 0.035 , 17.43 , 214.80
1540 , 7935 , 311.02 , -58.9 , 60 , 9.60 , 1.094 , 0.035 , 17.50 , 214.73
1550 , 7995 , 308.05 , -59.3 , 60 , 9.53 , 1.074 , 0.035 , 17.58 , 214.64
1560 , 8059 , 304.89 , -59.9 , 60 , 9.48 , 1.062 , 0.035 , 17.67 , 214.56
1570 , 8109 , 302.46 , -60.3 , 60 , 9.44 , 1.069 , 0.035 , 17.74 , 214.49
1580 , 8166 , 299.72 , -60.7 , 60 , 9.40 , 1.051 , 0.035 , 17.81 , 214.41
1590 , 8230 , 296.65 , -61.2 , 60 , 9.33 , 1.026 , 0.035 , 17.90 , 214.33
1600 , 8286 , 293.95 , -61.6 , 59 , 9.25 , 1.031 , 0.035 , 17.97 , 214.26
1610 , 8346 , 291.12 , -62.2 , 59 , 9.18 , 1.020 , 0.035 , 18.05 , 214.18
1620 , 8414 , 287.93 , -62.7 , 58 , 9.13 , 1.006 , 0.035 , 18.14 , 214.09
1630 , 8473 , 285.20 , -63.2 , 57 , 9.08 , 0.988 , 0.035 , 18.21 , 214.01
1640 , 8526 , 282.71 , -63.7 , 56 , 9.00 , 0.981 , 0.035 , 18.28 , 213.95
1650 , 8580 , 280.25 , -64.2 , 55 , 8.91 , 0.960 , 0.034 , 18.35 , 213.88
1660 , 8636 , 277.71 , -64.7 , 55 , 8.84 , 0.965 , 0.035 , 18.42 , 213.81
1670 , 8692 , 275.15 , -65.1 , 55 , 8.78 , 0.981 , 0.036 , 18.49 , 213.74
1680 , 8744 , 272.80 , -65.6 , 55 , 8.69 , 0.995 , 0.036 , 18.55 , 213.67
1690 , 8810 , 269.85 , -65.8 , 55 , 8.60 , 1.096 , 0.041 , 18.64 , 213.58
1700 , 8869 , 267.25 , -65.6 , 56 , 8.55 , 1.333 , 0.050 , 18.74 , 213.49
1710 , 8929 , 264.61 , -65.5 , 58 , 8.48 , 1.545 , 0.058 , 18.85 , 213.38
1720 , 8991 , 261.96 , -65.5 , 58 , 8.42 , 1.757 , 0.067 , 18.98 , 213.25
1730 , 9049 , 259.47 , -65.6 , 59 , 8.37 , 1.954 , 0.075 , 19.12 , 213.11
1740 , 9106 , 257.03 , -66.0 , 60 , 8.31 , 2.090 , 0.081 , 19.27 , 212.95
1750 , 9158 , 254.84 , -66.3 , 60 , 8.23 , 2.274 , 0.089 , 19.42 , 212.81
1760 , 9205 , 252.86 , -66.7 , 60 , 8.19 , 2.478 , 0.098 , 19.56 , 212.66
1770 , 9241 , 251.38 , -66.8 , 60 , 8.17 , 2.654 , 0.106 , 19.68 , 212.54
1780 , 9275 , 249.94 , -66.5 , 59 , 8.18 , 2.829 , 0.113 , 19.81 , 212.42
1790 , 9314 , 248.34 , -66.3 , 59 , 8.17 , 2.972 , 0.120 , 19.96 , 212.27
1800 , 9354 , 246.70 , -66.4 , 58 , 8.18 , 3.020 , 0.122 , 20.11 , 212.11
1810 , 9394 , 245.07 , -66.4 , 58 , 8.18 , 3.037 , 0.124 , 20.27 , 211.96
1820 , 9430 , 243.62 , -66.3 , 57 , 8.17 , 3.098 , 0.127 , 20.41 , 211.81
1830 , 9490 , 241.24 , -65.2 , 56 , 8.15 , 3.197 , 0.133 , 20.66 , 211.57
1840 , 9548 , 238.95 , -64.9 , 53 , 8.08 , 3.426 , 0.143 , 20.91 , 211.32
1850 , 9600 , 236.93 , -64.9 , 51 , 8.05 , 3.609 , 0.152 , 21.14 , 211.08
1860 , 9632 , 235.67 , -64.7 , 48 , 8.03 , 3.739 , 0.159 , 21.30 , 210.93
1870 , 9667 , 234.31 , -64.6 , 45 , 8.02 , 3.942 , 0.168 , 21.47 , 210.75
1880 , 9703 , 232.97 , -64.3 , 42 , 8.02 , 4.140 , 0.178 , 21.66 , 210.57
1890 , 9741 , 231.51 , -64.2 , 40 , 8.00 , 4.252 , 0.184 , 21.86 , 210.36
1900 , 9780 , 230.02 , -63.7 , 37 , 7.98 , 4.376 , 0.190 , 22.08 , 210.14
1910 , 9822 , 228.46 , -63.2 , 34 , 7.95 , 4.525 , 0.198 , 22.32 , 209.90
1920 , 9864 , 226.90 , -62.8 , 31 , 7.94 , 4.696 , 0.207 , 22.57 , 209.66
1930 , 9908 , 225.30 , -62.4 , 28 , 7.93 , 4.852 , 0.215 , 22.84 , 209.39
1940 , 9978 , 222.77 , -62.2 , 25 , 7.89 , 4.905 , 0.220 , 23.27 , 208.95
1950 , 10047 , 220.28 , -62.8 , 23 , 7.82 , 4.878 , 0.221 , 23.71 , 208.52
1960 , 10101 , 218.36 , -63.0 , 21 , 7.76 , 4.857 , 0.222 , 24.04 , 208.18
1970 , 10168 , 215.98 , -63.3 , 20 , 7.71 , 4.833 , 0.224 , 24.46 , 207.76
1980 , 10237 , 213.58 , -63.7 , 18 , 7.67 , 4.906 , 0.230 , 24.89 , 207.33
1990 , 10281 , 212.05 , -63.9 , 17 , 7.64 , 4.971 , 0.234 , 25.17 , 207.05
2000 , 10313 , 210.95 , -63.3 , 15 , 7.62 , 5.119 , 0.243 , 25.38 , 206.85
2010 , 10348 , 209.73 , -63.5 , 14 , 7.58 , 5.221 , 0.249 , 25.62 , 206.61
2020 , 10381 , 208.60 , -63.1 , 13 , 7.55 , 5.327 , 0.255 , 25.84 , 206.39
2030 , 10412 , 207.58 , -62.1 , 12 , 7.52 , 5.366 , 0.259 , 26.05 , 206.18
2040 , 10442 , 206.56 , -61.5 , 11 , 7.50 , 5.327 , 0.258 , 26.26 , 205.97
2050 , 10472 , 205.56 , -61.4 , 10 , 7.48 , 5.386 , 0.262 , 26.46 , 205.77
2060 , 10504 , 204.51 , -61.3 , 10 , 7.44 , 5.476 , 0.268 , 26.68 , 205.55
2070 , 10535 , 203.49 , -61.0 , 9 , 7.41 , 5.475 , 0.269 , 26.90 , 205.33
2080 , 10569 , 202.38 , -60.8 , 8 , 7.39 , 5.444 , 0.269 , 27.13 , 205.09
2090 , 10604 , 201.26 , -60.8 , 7 , 7.35 , 5.364 , 0.267 , 27.37 , 204.86
2100 , 10641 , 200.06 , -60.7 , 7 , 7.33 , 5.359 , 0.268 , 27.62 , 204.60
2110 , 10678 , 198.87 , -60.7 , 6 , 7.30 , 5.321 , 0.268 , 27.87 , 204.35
2120 , 10715 , 197.70 , -60.9 , 6 , 7.28 , 5.212 , 0.264 , 28.12 , 204.11
2130 , 10752 , 196.51 , -60.9 , 5 , 7.25 , 5.121 , 0.261 , 28.37 , 203.86
2140 , 10788 , 195.39 , -60.6 , 5 , 7.22 , 5.000 , 0.256 , 28.59 , 203.63
2150 , 10828 , 194.12 , -60.4 , 5 , 7.18 , 4.933 , 0.254 , 28.85 , 203.38
2160 , 10868 , 192.89 , -60.3 , 4 , 7.14 , 4.974 , 0.258 , 29.10 , 203.13
2170 , 10922 , 191.22 , -60.6 , 4 , 7.10 , 5.039 , 0.264 , 29.44 , 202.79
2180 , 10985 , 189.29 , -61.0 , 4 , 7.06 , 5.143 , 0.272 , 29.85 , 202.38
2190 , 11036 , 187.73 , -61.5 , 4 , 7.01 , 5.173 , 0.276 , 30.18 , 202.04
2200 , 11072 , 186.66 , -61.9 , 3 , 6.97 , 5.284 , 0.283 , 30.42 , 201.81
2210 , 11107 , 185.58 , -62.1 , 3 , 6.93 , 5.244 , 0.283 , 30.66 , 201.57
2220 , 11141 , 184.58 , -62.2 , 3 , 6.89 , 5.223 , 0.283 , 30.88 , 201.34
2230 , 11189 , 183.16 , -62.0 , 3 , 6.84 , 5.194 , 0.284 , 31.20 , 201.02
2240 , 11252 , 181.29 , -62.0 , 3 , 6.79 , 5.255 , 0.290 , 31.63 , 200.60
2250 , 11297 , 179.99 , -61.2 , 3 , 6.74 , 5.358 , 0.298 , 31.93 , 200.30
2260 , 11332 , 178.95 , -61.1 , 3 , 6.70 , 5.634 , 0.315 , 32.18 , 200.05
2270 , 11370 , 177.87 , -61.4 , 3 , 6.66 , 5.820 , 0.327 , 32.45 , 199.77
2280 , 11409 , 176.76 , -61.7 , 3 , 6.62 , 5.936 , 0.336 , 32.74 , 199.48
2290 , 11447 , 175.67 , -62.0 , 3 , 6.56 , 5.996 , 0.341 , 33.03 , 199.19
2300 , 11490 , 174.44 , -62.4 , 3 , 6.50 , 6.466 , 0.371 , 33.38 , 198.85
2310 , 11541 , 173.02 , -62.7 , 3 , 6.44 , 6.616 , 0.382 , 33.80 , 198.43
2320 , 11574 , 172.10 , -62.5 , 2 , 6.40 , 6.570 , 0.382 , 34.08 , 198.15
2330 , 11609 , 171.11 , -62.5 , 2 , 6.36 , 6.508 , 0.380 , 34.38 , 197.85
2340 , 11646 , 170.09 , -62.3 , 2 , 6.32 , 6.497 , 0.382 , 34.68 , 197.54
2350 , 11681 , 169.13 , -62.2 , 2 , 6.29 , 6.505 , 0.385 , 34.97 , 197.25
2360 , 11716 , 168.18 , -62.0 , 2 , 6.28 , 6.737 , 0.401 , 35.27 , 196.96
2370 , 11755 , 167.12 , -61.7 , 2 , 6.26 , 6.925 , 0.414 , 35.61 , 196.62
2380 , 11794 , 166.08 , -61.9 , 2 , 6.24 , 7.003 , 0.422 , 35.95 , 196.27
2390 , 11831 , 165.09 , -62.1 , 2 , 6.22 , 7.113 , 0.431 , 36.29 , 195.94
2400 , 11868 , 164.09 , -62.1 , 2 , 6.19 , 7.138 , 0.435 , 36.63 , 195.60
2410 , 11907 , 163.07 , -61.7 , 2 , 6.18 , 7.303 , 0.448 , 36.98 , 195.24
2420 , 11947 , 162.01 , -61.9 , 2 , 6.19 , 7.473 , 0.461 , 37.36 , 194.86
2430 , 11985 , 161.02 , -62.1 , 2 , 6.18 , 7.784 , 0.483 , 37.73 , 194.49
2440 , 12024 , 160.00 , -62.0 , 2 , 6.15 , 8.072 , 0.504 , 38.13 , 194.10
2450 , 12063 , 159.01 , -62.0 , 2 , 6.12 , 8.044 , 0.506 , 38.52 , 193.70
2460 , 12101 , 158.03 , -61.9 , 2 , 6.08 , 8.010 , 0.507 , 38.91 , 193.31
2470 , 12139 , 157.05 , -62.1 , 2 , 6.05 , 8.103 , 0.516 , 39.31 , 192.92
2480 , 12181 , 155.98 , -62.5 , 2 , 6.02 , 8.145 , 0.522 , 39.75 , 192.48
2490 , 12222 , 154.95 , -62.7 , 2 , 6.00 , 8.253 , 0.533 , 40.18 , 192.05
2500 , 12263 , 153.92 , -62.8 , 2 , 6.00 , 8.247 , 0.536 , 40.61 , 191.62
2510 , 12303 , 152.93 , -63.0 , 2 , 6.01 , 8.365 , 0.547 , 41.04 , 191.19
2520 , 12341 , 151.98 , -63.1 , 2 , 6.01 , 8.410 , 0.553 , 41.45 , 190.78
2530 , 12380 , 151.04 , -63.2 , 2 , 6.01 , 8.583 , 0.568 , 41.86 , 190.36
2540 , 12416 , 150.14 , -63.4 , 2 , 6.00 , 8.864 , 0.590 , 42.27 , 189.95
2550 , 12453 , 149.24 , -63.0 , 2 , 5.98 , 9.154 , 0.613 , 42.70 , 189.52
2560 , 12493 , 148.27 , -62.8 , 2 , 5.95 , 9.391 , 0.633 , 43.18 , 189.05
2570 , 12528 , 147.44 , -62.7 , 2 , 5.92 , 9.331 , 0.633 , 43.59 , 188.63
2580 , 12560 , 146.67 , -62.6 , 2 , 5.89 , 9.213 , 0.628 , 43.98 , 188.25
2590 , 12595 , 145.83 , -62.6 , 2 , 5.85 , 9.245 , 0.634 , 44.39 , 187.83
2600 , 12629 , 145.04 , -62.8 , 2 , 5.83 , 9.340 , 0.644 , 44.80 , 187.43
2610 , 12662 , 144.25 , -62.9 , 2 , 5.81 , 9.618 , 0.667 , 45.20 , 187.03
2620 , 12697 , 143.45 , -62.9 , 2 , 5.79 , 9.761 , 0.680 , 45.63 , 186.60
2630 , 12732 , 142.64 , -62.8 , 2 , 5.77 , 9.811 , 0.688 , 46.07 , 186.16
2640 , 12765 , 141.87 , -63.0 , 2 , 5.73 , 9.792 , 0.690 , 46.49 , 185.74
2650 , 12798 , 141.12 , -63.2 , 2 , 5.69 , 9.639 , 0.683 , 46.89 , 185.34
2660 , 12830 , 140.37 , -63.4 , 2 , 5.63 , 9.436 , 0.672 , 47.29 , 184.93
2670 , 12866 , 139.55 , -63.5 , 2 , 5.57 , 9.382 , 0.672 , 47.73 , 184.50
2680 , 12902 , 138.75 , -63.3 , 2 , 5.52 , 9.507 , 0.685 , 48.16 , 184.07
2690 , 12935 , 137.99 , -63.3 , 2 , 5.47 , 9.683 , 0.702 , 48.57 , 183.65
2700 , 12968 , 137.25 , -63.5 , 2 , 5.42 , 9.890 , 0.721 , 48.99 , 183.24
2710 , 13001 , 136.52 , -63.5 , 2 , 5.38 , 10.170 , 0.745 , 49.41 , 182.82
2720 , 13034 , 135.78 , -63.4 , 2 , 5.34 , 10.318 , 0.760 , 49.85 , 182.38
2730 , 13068 , 135.04 , -63.5 , 2 , 5.31 , 10.445 , 0.773 , 50.30 , 181.93
2740 , 13100 , 134.33 , -63.5 , 2 , 5.27 , 10.540 , 0.785 , 50.73 , 181.49
2750 , 13132 , 133.64 , -63.4 , 2 , 5.23 , 10.672 , 0.799 , 51.16 , 181.06
2760 , 13164 , 132.94 , -63.0 , 2 , 5.21 , 10.901 , 0.820 , 51.61 , 180.62
2770 , 13198 , 132.21 , -62.9 , 2 , 5.19 , 11.099 , 0.840 , 52.09 , 180.14
2780 , 13231 , 131.49 , -63.0 , 2 , 5.17 , 11.419 , 0.868 , 52.57 , 179.66
2790 , 13266 , 130.76 , -62.9 , 2 , 5.14 , 11.640 , 0.890 , 53.08 , 179.14
2800 , 13300 , 130.03 , -63.0 , 2 , 5.11 , 11.842 , 0.911 , 53.60 , 178.63
2810 , 13336 , 129.29 , -63.3 , 2 , 5.08 , 11.964 , 0.925 , 54.14 , 178.09
2820 , 13373 , 128.51 , -63.5 , 2 , 5.04 , 12.084 , 0.940 , 54.71 , 177.52
2830 , 13407 , 127.78 , -63.7 , 2 , 4.99 , 11.979 , 0.937 , 55.25 , 176.98
2840 , 13442 , 127.07 , -63.9 , 2 , 4.95 , 12.121 , 0.954 , 55.78 , 176.45
2850 , 13480 , 126.28 , -64.0 , 2 , 4.91 , 12.158 , 0.963 , 56.38 , 175.85
2860 , 13515 , 125.57 , -64.3 , 2 , 4.87 , 12.044 , 0.959 , 56.92 , 175.31
2870 , 13548 , 124.88 , -64.4 , 2 , 4.84 , 11.992 , 0.960 , 57.44 , 174.78
2880 , 13582 , 124.19 , -64.5 , 2 , 4.82 , 11.934 , 0.961 , 57.96 , 174.27
2890 , 13616 , 123.50 , -64.5 , 2 , 4.79 , 11.722 , 0.949 , 58.48 , 173.74
2900 , 13651 , 122.79 , -64.4 , 2 , 4.75 , 11.575 , 0.943 , 59.01 , 173.22
2910 , 13688 , 122.05 , -64.4 , 2 , 4.71 , 11.507 , 0.943 , 59.56 , 172.66
2920 , 13723 , 121.36 , -64.5 , 2 , 4.66 , 11.408 , 0.940 , 60.08 , 172.15
2930 , 13759 , 120.63 , -64.8 , 2 , 4.60 , 11.293 , 0.936 , 60.61 , 171.61
2940 , 13799 , 119.85 , -64.8 , 2 , 4.54 , 11.215 , 0.936 , 61.19 , 171.03
2950 , 13835 , 119.14 , -65.0 , 2 , 4.48 , 11.112 , 0.933 , 61.71 , 170.51
2960 , 13873 , 118.40 , -65.3 , 2 , 4.42 , 11.508 , 0.972 , 62.27 , 169.96
2970 , 13909 , 117.72 , -65.2 , 2 , 4.36 , 11.359 , 0.965 , 62.80 , 169.43
2980 , 13943 , 117.06 , -65.1 , 2 , 4.31 , 11.138 , 0.952 , 63.29 , 168.94
2990 , 13978 , 116.38 , -65.3 , 2 , 4.25 , 10.807 , 0.929 , 63.79 , 168.43
3000 , 14013 , 115.71 , -65.3 , 2 , 4.20 , 10.327 , 0.893 , 64.28 , 167.95
3010 , 14048 , 115.05 , -65.3 , 2 , 4.14 , 9.904 , 0.861 , 64.73 , 167.49
3020 , 14083 , 114.39 , -65.5 , 2 , 4.10 , 9.474 , 0.828 , 65.17 , 167.05
3030 , 14119 , 113.71 , -65.5 , 2 , 4.05 , 9.170 , 0.806 , 65.61 , 166.62
3040 , 14155 , 113.04 , -65.4 , 2 , 4.00 , 8.902 , 0.787 , 66.03 , 166.19
3050 , 14191 , 112.37 , -65.3 , 2 , 3.95 , 8.645 , 0.769 , 66.45 , 165.78
3060 , 14228 , 111.70 , -65.4 , 2 , 3.91 , 8.347 , 0.747 , 66.84 , 165.38
3070 , 14263 , 111.05 , -65.5 , 2 , 3.86 , 8.155 , 0.734 , 67.23 , 165.00
3080 , 14302 , 110.35 , -65.5 , 2 , 3.81 , 7.988 , 0.724 , 67.63 , 164.60
3090 , 14346 , 109.55 , -65.0 , 2 , 3.76 , 8.003 , 0.731 , 68.09 , 164.14
3100 , 14385 , 108.84 , -65.0 , 2 , 3.71 , 8.232 , 0.756 , 68.50 , 163.72
3110 , 14421 , 108.20 , -65.1 , 2 , 3.66 , 8.656 , 0.800 , 68.90 , 163.33
3120 , 14459 , 107.54 , -65.1 , 2 , 3.62 , 9.004 , 0.837 , 69.32 , 162.90
3130 , 14495 , 106.89 , -65.2 , 2 , 3.56 , 9.595 , 0.898 , 69.77 , 162.46
3140 , 14532 , 106.25 , -65.1 , 2 , 3.50 , 10.155 , 0.956 , 70.24 , 161.99
3150 , 14571 , 105.58 , -64.4 , 2 , 3.43 , 10.693 , 1.013 , 70.76 , 161.47
3160 , 14609 , 104.92 , -64.4 , 2 , 3.37 , 11.412 , 1.088 , 71.30 , 160.92
3170 , 14649 , 104.23 , -64.5 , 2 , 3.31 , 11.769 , 1.129 , 71.91 , 160.32
3180 , 14689 , 103.56 , -64.9 , 2 , 3.25 , 12.200 , 1.178 , 72.52 , 159.71
3190 , 14730 , 102.85 , -65.0 , 2 , 3.19 , 12.375 , 1.203 , 73.18 , 159.05
3200 , 14774 , 102.12 , -65.3 , 2 , 3.12 , 12.592 , 1.233 , 73.89 , 158.34
3210 , 14814 , 101.44 , -65.5 , 2 , 3.07 , 12.835 , 1.265 , 74.55 , 157.67
3220 , 14856 , 100.76 , -65.6 , 2 , 3.01 , 13.152 , 1.305 , 75.25 , 156.98
3230 , 14895 , 100.10 , -65.8 , 2 , 2.96 , 13.433 , 1.342 , 75.94 , 156.29
3240 , 14934 , 99.47 , -65.8 , 2 , 2.90 , 13.816 , 1.389 , 76.62 , 155.61
3250 , 14973 , 98.82 , -66.1 , 2 , 2.85 , 14.206 , 1.438 , 77.34 , 154.89
3260 , 15013 , 98.18 , -66.1 , 2 , 2.80 , 14.503 , 1.477 , 78.08 , 154.15
3270 , 15053 , 97.53 , -66.2 , 2 , 2.75 , 14.837 , 1.521 , 78.85 , 153.38
3280 , 15097 , 96.82 , -66.3 , 2 , 2.70 , 16.502 , 1.704 , 79.75 , 152.47
3290 , 15132 , 96.26 , -66.5 , 2 , 2.65 , 16.990 , 1.765 , 80.51 , 151.71
3300 , 15172 , 95.63 , -66.6 , 2 , 2.61 , 17.107 , 1.789 , 81.39 , 150.84
3310 , 15212 , 95.00 , -66.7 , 2 , 2.56 , 17.168 , 1.807 , 82.30 , 149.93
3320 , 15254 , 94.34 , -66.7 , 2 , 2.52 , 17.200 , 1.823 , 83.24 , 148.99
3330 , 15296 , 93.69 , -66.9 , 2 , 2.47 , 17.273 , 1.844 , 84.18 , 148.05
3340 , 15337 , 93.06 , -66.9 , 2 , 2.43 , 17.380 , 1.868 , 85.11 , 147.12
3350 , 15378 , 92.43 , -67.0 , 2 , 2.39 , 17.366 , 1.879 , 86.04 , 146.19
3360 , 15419 , 91.81 , -67.0 , 2 , 2.35 , 17.361 , 1.891 , 86.96 , 145.27
3370 , 15459 , 91.19 , -67.0 , 2 , 2.31 , 17.350 , 1.903 , 87.89 , 144.34
3380 , 15498 , 90.60 , -67.2 , 2 , 2.26 , 17.270 , 1.906 , 88.76 , 143.46
3390 , 15539 , 89.99 , -67.4 , 2 , 2.21 , 17.234 , 1.915 , 89.69 , 142.54
3400 , 15581 , 89.37 , -67.7 , 2 , 2.16 , 17.004 , 1.903 , 90.63 , 141.60
3410 , 15619 , 88.81 , -68.1 , 2 , 2.12 , 17.105 , 1.926 , 91.48 , 140.75
3420 , 15658 , 88.23 , -68.4 , 2 , 2.07 , 17.040 , 1.931 , 92.36 , 139.87
3430 , 15695 , 87.69 , -68.7 , 2 , 2.02 , 16.982 , 1.937 , 93.18 , 139.05
3440 , 15727 , 87.21 , -68.7 , 2 , 1.97 , 16.997 , 1.949 , 93.91 , 138.31
3450 , 15764 , 86.67 , -68.6 , 2 , 1.93 , 16.895 , 1.949 , 94.74 , 137.49
3460 , 15799 , 86.17 , -68.7 , 2 , 1.89 , 16.850 , 1.955 , 95.51 , 136.71
3470 , 15836 , 85.64 , -68.8 , 2 , 1.84 , 16.964 , 1.981 , 96.34 , 135.89
3480 , 15872 , 85.13 , -69.0 , 2 , 1.81 , 16.799 , 1.974 , 97.14 , 135.09
3490 , 15907 , 84.63 , -69.2 , 2 , 1.76 , 16.815 , 1.987 , 97.91 , 134.32
3500 , 15939 , 84.17 , -69.1 , 2 , 1.72 , 16.762 , 1.991 , 98.63 , 133.60
3510 , 15974 , 83.68 , -69.0 , 2 , 1.68 , 16.829 , 2.011 , 99.41 , 132.82
