# ------------------------------------------------------------
#
# Flight name: V0806
# Station: Davis
# Launch Date: 12 June 2006
# Launch Time: 23:23:41
# 
# This file created: Thu May 03 10:21:52 2007
# 
# 
# ------------------------------------------------------------
# DATA COLUMNS
# Time (s)
# Height (m)
# Atmospheric Pressure (hPa)
# Atmospheric Temperature (°C)
# Relative Humidity (%)
# Box Temperature (°C)
# Ozone Partial Pressure (mPa)
# Ozone Mixing Ratio (ppmV)
# Accumulated Ozone to this Height (Dobson Units)
# Remaining Ozone above this Height (Dobson Units)
# 
# ------------------------------------------------------------
# 
# Integrated Ozone = 140.8 DU
# Extrapolated Ozone = 112.3 DU
# 
# Total Ozone = 253.2 DU
# 
# 
# ------------------------------------------------------------
0 , 18 , 982.78 , -16.0 , 36 , 22.91 , 2.424 , 0.025 , 0.00 , 253.16
10 , 56 , 977.73 , -15.6 , 33 , 22.90 , 2.754 , 0.028 , 0.11 , 253.05
20 , 102 , 971.86 , -15.8 , 32 , 22.84 , 2.837 , 0.029 , 0.24 , 252.92
30 , 151 , 965.51 , -16.2 , 32 , 22.78 , 2.846 , 0.029 , 0.39 , 252.77
40 , 197 , 959.59 , -16.6 , 32 , 22.68 , 2.803 , 0.029 , 0.52 , 252.64
50 , 247 , 953.29 , -17.1 , 33 , 22.51 , 2.840 , 0.030 , 0.67 , 252.49
60 , 293 , 947.44 , -17.6 , 34 , 22.33 , 2.895 , 0.031 , 0.81 , 252.35
70 , 343 , 941.04 , -18.0 , 34 , 22.17 , 2.898 , 0.031 , 0.96 , 252.19
80 , 393 , 934.87 , -18.2 , 31 , 22.02 , 2.886 , 0.031 , 1.11 , 252.04
90 , 440 , 928.91 , -18.5 , 30 , 21.93 , 2.887 , 0.031 , 1.26 , 251.90
100 , 492 , 922.53 , -18.9 , 29 , 21.84 , 2.860 , 0.031 , 1.42 , 251.74
110 , 542 , 916.30 , -19.4 , 30 , 21.77 , 2.861 , 0.031 , 1.57 , 251.59
120 , 594 , 909.94 , -19.9 , 31 , 21.68 , 2.862 , 0.031 , 1.73 , 251.43
130 , 644 , 903.72 , -20.2 , 32 , 21.60 , 2.849 , 0.032 , 1.88 , 251.28
140 , 673 , 900.22 , -20.4 , 34 , 21.56 , 2.819 , 0.031 , 1.97 , 251.19
150 , 727 , 893.71 , -20.6 , 35 , 21.46 , 2.829 , 0.032 , 2.13 , 251.03
160 , 795 , 885.49 , -20.7 , 31 , 21.34 , 2.811 , 0.032 , 2.33 , 250.82
170 , 847 , 879.34 , -21.1 , 31 , 21.26 , 2.782 , 0.032 , 2.49 , 250.67
180 , 901 , 872.84 , -21.6 , 32 , 21.17 , 2.760 , 0.032 , 2.65 , 250.51
190 , 957 , 866.25 , -22.2 , 33 , 21.09 , 2.736 , 0.032 , 2.81 , 250.34
200 , 1015 , 859.41 , -22.6 , 33 , 21.01 , 2.729 , 0.032 , 2.99 , 250.17
210 , 1072 , 852.74 , -22.7 , 32 , 20.93 , 2.725 , 0.032 , 3.15 , 250.00
220 , 1105 , 848.91 , -22.8 , 31 , 20.90 , 2.706 , 0.032 , 3.25 , 249.91
230 , 1197 , 838.34 , -23.1 , 30 , 20.75 , 2.666 , 0.032 , 3.52 , 249.64
240 , 1256 , 831.59 , -23.2 , 30 , 20.68 , 2.630 , 0.032 , 3.68 , 249.47
250 , 1320 , 824.44 , -23.7 , 30 , 20.61 , 2.604 , 0.032 , 3.86 , 249.29
260 , 1379 , 817.76 , -24.3 , 31 , 20.52 , 2.591 , 0.032 , 4.03 , 249.13
270 , 1443 , 810.63 , -24.8 , 32 , 20.48 , 2.582 , 0.032 , 4.21 , 248.95
280 , 1502 , 804.07 , -24.9 , 32 , 20.40 , 2.547 , 0.032 , 4.37 , 248.79
290 , 1556 , 798.08 , -24.9 , 31 , 20.31 , 2.524 , 0.032 , 4.52 , 248.64
300 , 1614 , 791.68 , -25.4 , 32 , 20.20 , 2.519 , 0.032 , 4.68 , 248.48
310 , 1673 , 785.26 , -25.6 , 32 , 20.11 , 2.487 , 0.032 , 4.84 , 248.31
320 , 1733 , 778.86 , -26.0 , 33 , 20.02 , 2.474 , 0.032 , 5.00 , 248.15
330 , 1794 , 772.30 , -26.4 , 33 , 19.96 , 2.435 , 0.032 , 5.17 , 247.99
340 , 1850 , 766.27 , -26.7 , 34 , 19.89 , 2.432 , 0.032 , 5.32 , 247.84
350 , 1888 , 762.29 , -26.9 , 34 , 19.84 , 2.423 , 0.032 , 5.42 , 247.74
360 , 1971 , 753.53 , -27.7 , 36 , 19.72 , 2.396 , 0.032 , 5.64 , 247.52
370 , 2019 , 748.49 , -27.9 , 37 , 19.63 , 2.374 , 0.032 , 5.76 , 247.39
380 , 2073 , 742.96 , -27.6 , 37 , 19.54 , 2.364 , 0.032 , 5.90 , 247.26
390 , 2127 , 737.40 , -23.1 , 32 , 19.46 , 2.353 , 0.032 , 6.04 , 247.12
400 , 2169 , 733.24 , -21.3 , 25 , 19.41 , 2.341 , 0.032 , 6.15 , 247.01
410 , 2198 , 730.37 , -21.1 , 23 , 19.37 , 2.318 , 0.032 , 6.22 , 246.94
420 , 2267 , 723.55 , -21.0 , 21 , 19.30 , 2.297 , 0.032 , 6.39 , 246.77
430 , 2322 , 718.14 , -21.3 , 22 , 19.26 , 2.290 , 0.032 , 6.53 , 246.63
440 , 2370 , 713.45 , -21.3 , 21 , 19.20 , 2.304 , 0.032 , 6.64 , 246.51
450 , 2414 , 709.25 , -21.4 , 20 , 19.14 , 2.314 , 0.033 , 6.75 , 246.41
460 , 2462 , 704.60 , -21.7 , 20 , 19.12 , 2.338 , 0.033 , 6.87 , 246.28
470 , 2496 , 701.36 , -21.9 , 20 , 19.09 , 2.314 , 0.033 , 6.96 , 246.20
480 , 2572 , 694.14 , -22.2 , 19 , 19.03 , 2.335 , 0.034 , 7.15 , 246.01
490 , 2617 , 689.92 , -22.4 , 19 , 18.97 , 2.295 , 0.033 , 7.26 , 245.90
500 , 2673 , 684.73 , -22.7 , 18 , 18.94 , 2.299 , 0.034 , 7.40 , 245.76
510 , 2727 , 679.70 , -22.8 , 18 , 18.90 , 2.288 , 0.034 , 7.53 , 245.63
520 , 2780 , 674.75 , -23.0 , 18 , 18.88 , 2.285 , 0.034 , 7.66 , 245.50
530 , 2811 , 671.92 , -23.3 , 18 , 18.86 , 2.264 , 0.034 , 7.74 , 245.42
540 , 2892 , 664.54 , -24.1 , 19 , 18.79 , 2.254 , 0.034 , 7.93 , 245.22
550 , 2937 , 660.40 , -24.5 , 20 , 18.76 , 2.226 , 0.034 , 8.04 , 245.11
560 , 2985 , 656.05 , -25.0 , 21 , 18.69 , 2.232 , 0.034 , 8.16 , 245.00
570 , 3038 , 651.32 , -25.5 , 21 , 18.61 , 2.185 , 0.034 , 8.29 , 244.87
580 , 3089 , 646.77 , -25.9 , 22 , 18.55 , 2.174 , 0.034 , 8.41 , 244.75
590 , 3146 , 641.64 , -26.4 , 23 , 18.51 , 2.140 , 0.033 , 8.54 , 244.62
600 , 3208 , 636.17 , -26.7 , 23 , 18.44 , 2.109 , 0.033 , 8.69 , 244.47
610 , 3269 , 630.81 , -26.8 , 22 , 18.40 , 2.084 , 0.033 , 8.83 , 244.33
620 , 3325 , 625.91 , -27.0 , 21 , 18.37 , 2.042 , 0.033 , 8.95 , 244.20
630 , 3386 , 620.67 , -27.2 , 20 , 18.31 , 2.001 , 0.032 , 9.09 , 244.07
640 , 3442 , 615.79 , -27.3 , 19 , 18.26 , 1.970 , 0.032 , 9.21 , 243.95
650 , 3491 , 611.66 , -27.4 , 17 , 18.21 , 1.910 , 0.031 , 9.31 , 243.84
660 , 3555 , 606.20 , -27.4 , 17 , 18.16 , 1.874 , 0.031 , 9.45 , 243.71
670 , 3612 , 601.44 , -27.6 , 16 , 18.13 , 1.841 , 0.031 , 9.56 , 243.59
680 , 3676 , 596.15 , -28.0 , 16 , 18.11 , 1.837 , 0.031 , 9.69 , 243.47
690 , 3733 , 591.37 , -28.4 , 17 , 18.05 , 1.813 , 0.031 , 9.81 , 243.35
700 , 3791 , 586.59 , -28.8 , 17 , 18.02 , 1.816 , 0.031 , 9.92 , 243.23
710 , 3843 , 582.37 , -29.2 , 19 , 17.96 , 1.801 , 0.031 , 10.03 , 243.13
720 , 3897 , 577.96 , -29.5 , 20 , 17.92 , 1.772 , 0.031 , 10.13 , 243.02
730 , 3955 , 573.29 , -29.8 , 20 , 17.88 , 1.725 , 0.030 , 10.25 , 242.91
740 , 4003 , 569.41 , -29.8 , 17 , 17.85 , 1.704 , 0.030 , 10.34 , 242.82
750 , 4058 , 565.10 , -30.0 , 15 , 17.84 , 1.707 , 0.030 , 10.44 , 242.72
760 , 4112 , 560.78 , -30.4 , 15 , 17.81 , 1.710 , 0.030 , 10.54 , 242.61
770 , 4170 , 556.21 , -30.9 , 15 , 17.77 , 1.701 , 0.031 , 10.65 , 242.50
780 , 4228 , 551.72 , -31.3 , 15 , 17.78 , 1.701 , 0.031 , 10.76 , 242.40
790 , 4284 , 547.35 , -31.8 , 15 , 17.74 , 1.718 , 0.031 , 10.87 , 242.29
800 , 4340 , 543.03 , -32.4 , 16 , 17.67 , 1.709 , 0.031 , 10.98 , 242.18
810 , 4397 , 538.62 , -32.8 , 17 , 17.59 , 1.705 , 0.032 , 11.09 , 242.07
820 , 4456 , 534.15 , -33.3 , 17 , 17.53 , 1.692 , 0.032 , 11.20 , 241.96
830 , 4513 , 529.84 , -33.8 , 18 , 17.46 , 1.674 , 0.032 , 11.31 , 241.85
840 , 4574 , 525.23 , -34.3 , 19 , 17.45 , 1.645 , 0.031 , 11.42 , 241.74
850 , 4636 , 520.59 , -34.7 , 19 , 17.45 , 1.627 , 0.031 , 11.53 , 241.62
860 , 4701 , 515.77 , -35.1 , 17 , 17.40 , 1.610 , 0.031 , 11.65 , 241.50
870 , 4761 , 511.34 , -35.6 , 15 , 17.35 , 1.600 , 0.031 , 11.76 , 241.39
880 , 4821 , 506.92 , -36.1 , 15 , 17.32 , 1.568 , 0.031 , 11.87 , 241.29
890 , 4882 , 502.46 , -36.5 , 14 , 17.29 , 1.549 , 0.031 , 11.98 , 241.18
900 , 4944 , 498.01 , -37.0 , 14 , 17.25 , 1.538 , 0.031 , 12.09 , 241.07
910 , 5003 , 493.76 , -37.5 , 15 , 17.16 , 1.528 , 0.031 , 12.19 , 240.97
920 , 5068 , 489.09 , -37.9 , 15 , 17.09 , 1.501 , 0.031 , 12.31 , 240.85
930 , 5133 , 484.49 , -38.4 , 15 , 17.02 , 1.506 , 0.031 , 12.42 , 240.74
940 , 5196 , 480.09 , -38.9 , 14 , 16.92 , 1.497 , 0.031 , 12.53 , 240.63
950 , 5258 , 475.76 , -39.4 , 13 , 16.85 , 1.496 , 0.031 , 12.63 , 240.52
960 , 5318 , 471.62 , -39.9 , 12 , 16.78 , 1.485 , 0.031 , 12.74 , 240.42
970 , 5380 , 467.35 , -40.5 , 12 , 16.75 , 1.486 , 0.032 , 12.84 , 240.32
980 , 5439 , 463.33 , -41.1 , 12 , 16.71 , 1.499 , 0.032 , 12.94 , 240.21
990 , 5506 , 458.75 , -41.7 , 13 , 16.64 , 1.494 , 0.033 , 13.06 , 240.10
1000 , 5567 , 454.61 , -42.3 , 15 , 16.55 , 1.464 , 0.032 , 13.17 , 239.99
1010 , 5627 , 450.61 , -42.8 , 17 , 16.49 , 1.440 , 0.032 , 13.27 , 239.89
1020 , 5686 , 446.67 , -43.3 , 18 , 16.44 , 1.422 , 0.032 , 13.37 , 239.79
1030 , 5746 , 442.69 , -43.8 , 20 , 16.41 , 1.403 , 0.032 , 13.47 , 239.69
1040 , 5811 , 438.43 , -44.4 , 22 , 16.42 , 1.386 , 0.032 , 13.57 , 239.58
1050 , 5876 , 434.23 , -45.0 , 27 , 16.39 , 1.362 , 0.031 , 13.68 , 239.48
1060 , 5937 , 430.28 , -45.3 , 33 , 16.31 , 1.355 , 0.032 , 13.78 , 239.38
1070 , 6003 , 426.04 , -45.6 , 36 , 16.23 , 1.344 , 0.032 , 13.88 , 239.28
1080 , 6064 , 422.15 , -46.1 , 39 , 16.15 , 1.344 , 0.032 , 13.98 , 239.18
1090 , 6123 , 418.37 , -46.5 , 43 , 16.06 , 1.333 , 0.032 , 14.07 , 239.08
1100 , 6182 , 414.68 , -46.9 , 42 , 15.98 , 1.308 , 0.032 , 14.17 , 238.99
1110 , 6240 , 411.09 , -47.3 , 34 , 15.93 , 1.289 , 0.031 , 14.26 , 238.90
1120 , 6299 , 407.44 , -47.6 , 29 , 15.86 , 1.299 , 0.032 , 14.35 , 238.81
1130 , 6357 , 403.84 , -47.8 , 29 , 15.77 , 1.282 , 0.032 , 14.44 , 238.72
1140 , 6418 , 400.15 , -48.3 , 33 , 15.69 , 1.258 , 0.031 , 14.53 , 238.63
1150 , 6483 , 396.19 , -48.8 , 36 , 15.62 , 1.246 , 0.031 , 14.63 , 238.53
1160 , 6536 , 392.97 , -49.3 , 37 , 15.55 , 1.218 , 0.031 , 14.71 , 238.45
1170 , 6589 , 389.80 , -49.7 , 36 , 15.49 , 1.202 , 0.031 , 14.78 , 238.37
1180 , 6649 , 386.28 , -50.2 , 31 , 15.44 , 1.201 , 0.031 , 14.87 , 238.29
1190 , 6707 , 382.85 , -50.7 , 26 , 15.39 , 1.193 , 0.031 , 14.95 , 238.20
1200 , 6762 , 379.64 , -51.2 , 23 , 15.33 , 1.191 , 0.031 , 15.03 , 238.12
1210 , 6813 , 376.67 , -51.6 , 22 , 15.24 , 1.192 , 0.032 , 15.11 , 238.05
1220 , 6867 , 373.51 , -51.8 , 20 , 15.18 , 1.203 , 0.032 , 15.19 , 237.97
1230 , 6920 , 370.48 , -52.2 , 19 , 15.10 , 1.193 , 0.032 , 15.26 , 237.89
1240 , 6972 , 367.51 , -52.7 , 20 , 15.01 , 1.168 , 0.032 , 15.34 , 237.82
1250 , 7022 , 364.66 , -53.2 , 22 , 14.93 , 1.151 , 0.032 , 15.41 , 237.75
1260 , 7073 , 361.79 , -53.6 , 24 , 14.82 , 1.133 , 0.031 , 15.48 , 237.68
1270 , 7133 , 358.45 , -54.0 , 26 , 14.74 , 1.111 , 0.031 , 15.56 , 237.59
1280 , 7187 , 355.44 , -54.3 , 29 , 14.66 , 1.092 , 0.031 , 15.64 , 237.52
1290 , 7240 , 352.48 , -54.6 , 30 , 14.58 , 1.081 , 0.031 , 15.71 , 237.45
1300 , 7294 , 349.54 , -55.1 , 31 , 14.50 , 1.070 , 0.031 , 15.78 , 237.38
1310 , 7353 , 346.32 , -55.6 , 32 , 14.42 , 1.051 , 0.030 , 15.86 , 237.30
1320 , 7411 , 343.16 , -56.0 , 32 , 14.34 , 1.051 , 0.031 , 15.93 , 237.22
1330 , 7465 , 340.27 , -56.4 , 32 , 14.25 , 1.042 , 0.031 , 16.00 , 237.15
1340 , 7529 , 336.82 , -57.0 , 32 , 14.17 , 1.030 , 0.031 , 16.09 , 237.07
1350 , 7590 , 333.61 , -57.4 , 32 , 14.08 , 1.029 , 0.031 , 16.16 , 236.99
1360 , 7657 , 330.07 , -58.0 , 31 , 13.99 , 1.015 , 0.031 , 16.25 , 236.91
1370 , 7719 , 326.81 , -58.5 , 30 , 13.92 , 1.015 , 0.031 , 16.33 , 236.83
1380 , 7783 , 323.52 , -59.0 , 28 , 13.85 , 1.018 , 0.031 , 16.41 , 236.75
1390 , 7845 , 320.34 , -59.4 , 27 , 13.80 , 1.046 , 0.033 , 16.49 , 236.67
1400 , 7909 , 317.09 , -59.8 , 27 , 13.75 , 1.100 , 0.035 , 16.58 , 236.58
1410 , 7973 , 313.85 , -60.3 , 27 , 13.70 , 1.176 , 0.037 , 16.67 , 236.49
1420 , 8040 , 310.47 , -60.3 , 26 , 13.62 , 1.319 , 0.042 , 16.78 , 236.38
1430 , 8111 , 306.96 , -60.5 , 26 , 13.59 , 1.551 , 0.051 , 16.91 , 236.25
1440 , 8180 , 303.58 , -61.0 , 25 , 13.52 , 1.808 , 0.060 , 17.05 , 236.11
1450 , 8255 , 299.93 , -61.4 , 25 , 13.47 , 2.005 , 0.067 , 17.23 , 235.92
1460 , 8321 , 296.76 , -61.8 , 25 , 13.42 , 2.125 , 0.072 , 17.41 , 235.75
1470 , 8381 , 293.89 , -62.2 , 25 , 13.37 , 2.180 , 0.074 , 17.57 , 235.59
1480 , 8450 , 290.62 , -62.6 , 25 , 13.28 , 2.214 , 0.076 , 17.77 , 235.39
1490 , 8508 , 287.89 , -62.8 , 25 , 13.22 , 2.290 , 0.080 , 17.93 , 235.22
1500 , 8569 , 285.04 , -63.2 , 25 , 13.18 , 2.309 , 0.081 , 18.11 , 235.04
1510 , 8641 , 281.73 , -63.8 , 26 , 13.12 , 2.302 , 0.082 , 18.33 , 234.83
1520 , 8704 , 278.83 , -64.2 , 26 , 13.07 , 2.316 , 0.083 , 18.52 , 234.64
1530 , 8767 , 275.99 , -64.7 , 27 , 13.02 , 2.257 , 0.082 , 18.70 , 234.46
1540 , 8838 , 272.78 , -65.1 , 28 , 12.91 , 2.163 , 0.079 , 18.90 , 234.25
1550 , 8905 , 269.78 , -65.6 , 29 , 12.82 , 2.098 , 0.078 , 19.09 , 234.07
1560 , 8963 , 267.24 , -65.7 , 29 , 12.77 , 2.065 , 0.077 , 19.25 , 233.91
1570 , 9021 , 264.69 , -65.8 , 29 , 12.71 , 2.030 , 0.077 , 19.40 , 233.76
1580 , 9074 , 262.38 , -66.0 , 30 , 12.62 , 2.076 , 0.079 , 19.54 , 233.62
1590 , 9132 , 259.86 , -66.1 , 30 , 12.55 , 2.162 , 0.083 , 19.70 , 233.45
1600 , 9190 , 257.42 , -66.0 , 30 , 12.49 , 2.244 , 0.087 , 19.87 , 233.29
1610 , 9230 , 255.72 , -66.1 , 30 , 12.42 , 2.289 , 0.090 , 19.99 , 233.17
1620 , 9270 , 254.04 , -66.4 , 30 , 12.38 , 2.240 , 0.088 , 20.10 , 233.05
1630 , 9307 , 252.48 , -66.6 , 31 , 12.32 , 2.190 , 0.087 , 20.21 , 232.95
1640 , 9361 , 250.24 , -66.1 , 32 , 12.28 , 2.162 , 0.086 , 20.36 , 232.79
1650 , 9436 , 247.18 , -66.2 , 32 , 12.21 , 2.208 , 0.089 , 20.58 , 232.58
1660 , 9496 , 244.73 , -66.5 , 33 , 12.15 , 2.254 , 0.092 , 20.75 , 232.40
1670 , 9530 , 243.36 , -66.7 , 33 , 12.09 , 2.291 , 0.094 , 20.85 , 232.30
1680 , 9560 , 242.14 , -66.9 , 33 , 12.03 , 2.303 , 0.095 , 20.94 , 232.21
1690 , 9600 , 240.56 , -67.0 , 34 , 11.96 , 2.321 , 0.096 , 21.06 , 232.09
1700 , 9649 , 238.60 , -67.0 , 34 , 11.88 , 2.365 , 0.099 , 21.21 , 231.94
1710 , 9706 , 236.34 , -67.2 , 34 , 11.82 , 2.362 , 0.100 , 21.39 , 231.77
1720 , 9765 , 234.04 , -67.7 , 33 , 11.73 , 2.176 , 0.093 , 21.57 , 231.59
1730 , 9820 , 231.92 , -68.2 , 33 , 11.64 , 1.897 , 0.082 , 21.71 , 231.44
1740 , 9860 , 230.37 , -68.5 , 33 , 11.56 , 1.653 , 0.072 , 21.81 , 231.35
1750 , 9910 , 228.44 , -68.6 , 33 , 11.50 , 1.492 , 0.065 , 21.91 , 231.25
1760 , 9952 , 226.85 , -68.8 , 33 , 11.43 , 1.431 , 0.063 , 21.99 , 231.16
1770 , 9987 , 225.53 , -68.9 , 32 , 11.38 , 1.434 , 0.064 , 22.06 , 231.10
1780 , 10022 , 224.21 , -69.1 , 32 , 11.33 , 1.424 , 0.064 , 22.13 , 231.03
1790 , 10055 , 222.97 , -69.3 , 31 , 11.28 , 1.412 , 0.063 , 22.19 , 230.97
1800 , 10090 , 221.68 , -69.2 , 31 , 11.22 , 1.435 , 0.065 , 22.25 , 230.91
1810 , 10136 , 219.99 , -69.3 , 31 , 11.17 , 1.494 , 0.068 , 22.34 , 230.82
1820 , 10192 , 217.91 , -69.7 , 31 , 11.09 , 1.560 , 0.072 , 22.46 , 230.70
1830 , 10238 , 216.26 , -69.8 , 31 , 11.02 , 1.652 , 0.076 , 22.55 , 230.61
1840 , 10288 , 214.42 , -69.7 , 31 , 10.97 , 1.829 , 0.085 , 22.67 , 230.49
1850 , 10345 , 212.39 , -69.4 , 30 , 10.90 , 2.086 , 0.098 , 22.82 , 230.34
1860 , 10406 , 210.23 , -68.6 , 30 , 10.83 , 2.434 , 0.116 , 23.00 , 230.16
1870 , 10460 , 208.36 , -68.8 , 29 , 10.74 , 2.814 , 0.135 , 23.18 , 229.97
1880 , 10514 , 206.48 , -68.7 , 28 , 10.67 , 3.151 , 0.153 , 23.40 , 229.76
1890 , 10582 , 204.15 , -68.5 , 27 , 10.60 , 3.496 , 0.171 , 23.69 , 229.46
1900 , 10634 , 202.38 , -68.8 , 26 , 10.53 , 3.804 , 0.188 , 23.94 , 229.21
1910 , 10689 , 200.52 , -68.9 , 25 , 10.48 , 4.074 , 0.203 , 24.23 , 228.92
1920 , 10735 , 198.97 , -69.0 , 24 , 10.42 , 4.295 , 0.216 , 24.49 , 228.67
1930 , 10793 , 197.06 , -69.5 , 23 , 10.36 , 4.450 , 0.226 , 24.82 , 228.34
1940 , 10845 , 195.34 , -70.0 , 23 , 10.31 , 4.536 , 0.232 , 25.13 , 228.03
1950 , 10907 , 193.32 , -70.5 , 22 , 10.26 , 4.540 , 0.235 , 25.50 , 227.65
1960 , 10956 , 191.73 , -70.7 , 22 , 10.19 , 4.602 , 0.240 , 25.80 , 227.36
1970 , 11002 , 190.24 , -70.6 , 21 , 10.14 , 4.660 , 0.245 , 26.09 , 227.07
1980 , 11052 , 188.64 , -70.9 , 21 , 10.07 , 4.692 , 0.249 , 26.40 , 226.76
1990 , 11111 , 186.76 , -71.1 , 21 , 10.00 , 4.741 , 0.254 , 26.77 , 226.39
2000 , 11175 , 184.78 , -71.3 , 20 , 9.95 , 4.821 , 0.261 , 27.17 , 225.98
2010 , 11225 , 183.21 , -71.7 , 20 , 9.90 , 4.807 , 0.262 , 27.50 , 225.66
2020 , 11266 , 181.93 , -71.2 , 20 , 9.84 , 4.823 , 0.265 , 27.76 , 225.39
2030 , 11305 , 180.74 , -71.0 , 19 , 9.78 , 4.977 , 0.275 , 28.02 , 225.14
2040 , 11342 , 179.63 , -70.6 , 19 , 9.72 , 5.114 , 0.285 , 28.26 , 224.89
2050 , 11378 , 178.54 , -69.3 , 18 , 9.68 , 5.195 , 0.291 , 28.51 , 224.65
2060 , 11415 , 177.42 , -68.9 , 18 , 9.62 , 5.293 , 0.298 , 28.77 , 224.39
2070 , 11455 , 176.24 , -68.9 , 17 , 9.58 , 5.353 , 0.304 , 29.05 , 224.11
2080 , 11497 , 175.00 , -69.2 , 16 , 9.54 , 5.387 , 0.308 , 29.35 , 223.81
2090 , 11543 , 173.68 , -69.3 , 16 , 9.50 , 5.428 , 0.313 , 29.67 , 223.48
2100 , 11587 , 172.39 , -69.3 , 15 , 9.45 , 5.433 , 0.315 , 29.99 , 223.16
2110 , 11631 , 171.11 , -69.5 , 15 , 9.40 , 5.428 , 0.317 , 30.31 , 222.85
2120 , 11678 , 169.78 , -69.8 , 14 , 9.35 , 5.442 , 0.321 , 30.65 , 222.51
2130 , 11726 , 168.43 , -70.1 , 14 , 9.30 , 5.435 , 0.323 , 30.99 , 222.17
2140 , 11778 , 166.95 , -70.5 , 13 , 9.25 , 5.418 , 0.325 , 31.37 , 221.79
2150 , 11836 , 165.33 , -70.8 , 13 , 9.21 , 5.391 , 0.326 , 31.78 , 221.37
2160 , 11911 , 163.25 , -71.1 , 13 , 9.16 , 5.402 , 0.331 , 32.32 , 220.83
2170 , 12010 , 160.53 , -71.3 , 13 , 9.11 , 5.351 , 0.333 , 33.04 , 220.12
2180 , 12091 , 158.34 , -71.7 , 13 , 9.05 , 5.300 , 0.335 , 33.61 , 219.54
2190 , 12142 , 156.98 , -71.9 , 13 , 8.98 , 5.305 , 0.338 , 33.97 , 219.18
2200 , 12214 , 155.07 , -72.4 , 12 , 8.91 , 5.319 , 0.343 , 34.49 , 218.67
2210 , 12282 , 153.29 , -72.6 , 12 , 8.84 , 5.285 , 0.345 , 34.97 , 218.19
2220 , 12330 , 152.05 , -72.3 , 12 , 8.78 , 5.290 , 0.348 , 35.31 , 217.85
2230 , 12378 , 150.79 , -72.6 , 12 , 8.71 , 5.290 , 0.351 , 35.66 , 217.50
2240 , 12419 , 149.74 , -72.5 , 12 , 8.65 , 5.332 , 0.356 , 35.95 , 217.21
2250 , 12462 , 148.66 , -72.5 , 12 , 8.58 , 5.336 , 0.359 , 36.26 , 216.90
2260 , 12504 , 147.59 , -72.6 , 12 , 8.52 , 5.420 , 0.367 , 36.56 , 216.60
2270 , 12548 , 146.50 , -72.9 , 12 , 8.45 , 5.459 , 0.373 , 36.88 , 216.28
2280 , 12590 , 145.46 , -73.1 , 12 , 8.40 , 5.529 , 0.380 , 37.19 , 215.97
2290 , 12635 , 144.34 , -72.3 , 12 , 8.35 , 5.625 , 0.390 , 37.53 , 215.63
2300 , 12676 , 143.33 , -72.0 , 12 , 8.30 , 5.758 , 0.402 , 37.84 , 215.31
2310 , 12717 , 142.35 , -72.2 , 12 , 8.26 , 5.870 , 0.412 , 38.16 , 215.00
2320 , 12756 , 141.40 , -72.4 , 12 , 8.21 , 5.932 , 0.419 , 38.47 , 214.69
2330 , 12792 , 140.53 , -72.7 , 12 , 8.16 , 6.015 , 0.428 , 38.76 , 214.40
2340 , 12827 , 139.70 , -72.9 , 11 , 8.11 , 6.106 , 0.437 , 39.05 , 214.11
2350 , 12864 , 138.81 , -73.1 , 11 , 8.07 , 6.180 , 0.445 , 39.36 , 213.80
2360 , 12899 , 137.99 , -73.0 , 11 , 8.03 , 6.213 , 0.450 , 39.65 , 213.51
2370 , 12935 , 137.15 , -72.8 , 11 , 7.98 , 6.310 , 0.460 , 39.95 , 213.21
2380 , 12972 , 136.29 , -72.7 , 11 , 7.94 , 6.484 , 0.476 , 40.27 , 212.89
2390 , 13011 , 135.39 , -72.9 , 11 , 7.89 , 6.708 , 0.495 , 40.61 , 212.55
2400 , 13046 , 134.58 , -73.1 , 11 , 7.85 , 6.831 , 0.508 , 40.93 , 212.23
2410 , 13079 , 133.83 , -73.1 , 11 , 7.80 , 6.942 , 0.519 , 41.23 , 211.92
2420 , 13117 , 132.96 , -73.3 , 11 , 7.75 , 7.037 , 0.529 , 41.60 , 211.56
2430 , 13153 , 132.14 , -73.5 , 11 , 7.70 , 7.079 , 0.536 , 41.94 , 211.22
2440 , 13190 , 131.30 , -73.5 , 11 , 7.66 , 7.139 , 0.544 , 42.29 , 210.86
2450 , 13226 , 130.50 , -72.7 , 11 , 7.61 , 7.228 , 0.554 , 42.64 , 210.52
2460 , 13263 , 129.68 , -72.5 , 11 , 7.56 , 7.334 , 0.566 , 43.01 , 210.15
2470 , 13301 , 128.83 , -72.6 , 11 , 7.52 , 7.482 , 0.581 , 43.39 , 209.77
2480 , 13341 , 127.96 , -72.7 , 11 , 7.48 , 7.599 , 0.594 , 43.79 , 209.36
2490 , 13391 , 126.87 , -72.5 , 11 , 7.44 , 7.753 , 0.611 , 44.31 , 208.85
2500 , 13458 , 125.44 , -72.2 , 11 , 7.39 , 7.999 , 0.638 , 45.01 , 208.14
2510 , 13515 , 124.23 , -72.5 , 11 , 7.34 , 8.327 , 0.670 , 45.64 , 207.52
2520 , 13573 , 123.00 , -72.8 , 10 , 7.29 , 8.546 , 0.695 , 46.30 , 206.86
2530 , 13614 , 122.14 , -73.2 , 10 , 7.23 , 8.698 , 0.712 , 46.78 , 206.38
2540 , 13655 , 121.29 , -73.6 , 10 , 7.18 , 8.814 , 0.727 , 47.26 , 205.90
2550 , 13699 , 120.38 , -74.0 , 10 , 7.12 , 8.886 , 0.738 , 47.79 , 205.37
2560 , 13744 , 119.46 , -74.4 , 10 , 7.07 , 8.913 , 0.746 , 48.33 , 204.83
2570 , 13786 , 118.61 , -74.7 , 10 , 7.01 , 8.967 , 0.756 , 48.83 , 204.33
2580 , 13828 , 117.74 , -75.0 , 10 , 6.95 , 9.016 , 0.766 , 49.35 , 203.81
2590 , 13871 , 116.88 , -75.3 , 11 , 6.90 , 9.064 , 0.776 , 49.88 , 203.28
2600 , 13910 , 116.09 , -75.3 , 11 , 6.84 , 9.023 , 0.777 , 50.36 , 202.80
2610 , 13950 , 115.29 , -75.4 , 11 , 6.78 , 9.164 , 0.795 , 50.86 , 202.30
2620 , 13988 , 114.53 , -75.7 , 11 , 6.73 , 9.346 , 0.816 , 51.34 , 201.82
2630 , 14027 , 113.77 , -76.0 , 11 , 6.68 , 9.469 , 0.832 , 51.84 , 201.32
2640 , 14065 , 113.02 , -76.2 , 11 , 6.63 , 9.687 , 0.857 , 52.33 , 200.82
2650 , 14102 , 112.30 , -76.4 , 11 , 6.58 , 9.771 , 0.870 , 52.82 , 200.33
2660 , 14138 , 111.59 , -76.2 , 11 , 6.53 , 9.919 , 0.889 , 53.32 , 199.84
2670 , 14176 , 110.87 , -75.9 , 11 , 6.48 , 10.037 , 0.905 , 53.83 , 199.33
2680 , 14213 , 110.16 , -76.0 , 11 , 6.43 , 10.156 , 0.922 , 54.34 , 198.82
2690 , 14247 , 109.51 , -75.9 , 11 , 6.39 , 10.206 , 0.932 , 54.81 , 198.34
2700 , 14280 , 108.88 , -75.9 , 12 , 6.35 , 10.200 , 0.937 , 55.28 , 197.87
2710 , 14315 , 108.23 , -75.6 , 12 , 6.31 , 10.407 , 0.962 , 55.76 , 197.39
2720 , 14350 , 107.57 , -75.7 , 12 , 6.26 , 10.620 , 0.987 , 56.27 , 196.89
2730 , 14385 , 106.93 , -75.5 , 12 , 6.22 , 10.906 , 1.020 , 56.78 , 196.38
2740 , 14420 , 106.27 , -75.6 , 12 , 6.18 , 11.103 , 1.045 , 57.32 , 195.84
2750 , 14458 , 105.58 , -75.9 , 12 , 6.13 , 11.350 , 1.075 , 57.89 , 195.26
2760 , 14494 , 104.92 , -75.9 , 12 , 6.08 , 11.542 , 1.100 , 58.46 , 194.70
2770 , 14530 , 104.28 , -75.9 , 12 , 6.04 , 11.898 , 1.141 , 59.03 , 194.13
2780 , 14565 , 103.65 , -75.9 , 12 , 5.99 , 12.353 , 1.192 , 59.61 , 193.55
2790 , 14600 , 103.02 , -75.8 , 12 , 5.95 , 12.767 , 1.239 , 60.21 , 192.95
2800 , 14637 , 102.35 , -75.6 , 12 , 5.91 , 13.411 , 1.310 , 60.88 , 192.27
2810 , 14675 , 101.68 , -75.7 , 12 , 5.86 , 13.832 , 1.360 , 61.59 , 191.57
2820 , 14715 , 100.98 , -76.1 , 12 , 5.82 , 14.186 , 1.405 , 62.35 , 190.80
2830 , 14754 , 100.31 , -76.1 , 12 , 5.77 , 14.673 , 1.463 , 63.12 , 190.04
2840 , 14793 , 99.63 , -76.1 , 13 , 5.73 , 14.931 , 1.499 , 63.90 , 189.25
2850 , 14832 , 98.97 , -76.2 , 13 , 5.69 , 15.142 , 1.530 , 64.70 , 188.45
2860 , 14871 , 98.28 , -76.5 , 13 , 5.64 , 15.281 , 1.555 , 65.53 , 187.63
2870 , 14911 , 97.61 , -76.7 , 13 , 5.60 , 15.491 , 1.587 , 66.37 , 186.79
2880 , 14951 , 96.94 , -76.9 , 13 , 5.55 , 15.598 , 1.609 , 67.21 , 185.95
2890 , 14990 , 96.29 , -77.1 , 13 , 5.50 , 15.998 , 1.661 , 68.06 , 185.10
2900 , 15028 , 95.64 , -77.0 , 13 , 5.46 , 15.904 , 1.663 , 68.90 , 184.25
2910 , 15068 , 94.97 , -77.1 , 13 , 5.41 , 15.944 , 1.679 , 69.79 , 183.37
2920 , 15108 , 94.31 , -77.3 , 13 , 5.36 , 15.977 , 1.694 , 70.66 , 182.49
2930 , 15148 , 93.66 , -77.4 , 13 , 5.31 , 15.890 , 1.696 , 71.53 , 181.62
2940 , 15187 , 93.02 , -77.4 , 13 , 5.27 , 15.879 , 1.707 , 72.39 , 180.77
2950 , 15229 , 92.35 , -77.3 , 14 , 5.22 , 15.736 , 1.704 , 73.29 , 179.86
2960 , 15269 , 91.71 , -77.4 , 14 , 5.17 , 15.758 , 1.718 , 74.16 , 178.99
2970 , 15308 , 91.08 , -77.7 , 14 , 5.12 , 15.637 , 1.717 , 75.02 , 178.14
2980 , 15346 , 90.47 , -77.9 , 14 , 5.07 , 15.501 , 1.713 , 75.84 , 177.32
2990 , 15385 , 89.86 , -77.9 , 14 , 5.02 , 15.740 , 1.752 , 76.67 , 176.48
3000 , 15424 , 89.26 , -78.1 , 14 , 4.98 , 15.651 , 1.753 , 77.51 , 175.65
3010 , 15464 , 88.63 , -78.0 , 14 , 4.92 , 15.591 , 1.759 , 78.38 , 174.78
3020 , 15503 , 88.03 , -77.8 , 14 , 4.88 , 15.756 , 1.790 , 79.22 , 173.94
3030 , 15544 , 87.40 , -77.7 , 14 , 4.83 , 15.742 , 1.801 , 80.11 , 173.05
3040 , 15584 , 86.78 , -77.9 , 14 , 4.78 , 15.772 , 1.817 , 80.99 , 172.17
3050 , 15625 , 86.18 , -77.9 , 14 , 4.73 , 16.000 , 1.857 , 81.87 , 171.28
3060 , 15664 , 85.58 , -78.2 , 15 , 4.68 , 16.098 , 1.881 , 82.74 , 170.41
3070 , 15702 , 85.02 , -78.2 , 15 , 4.64 , 16.229 , 1.909 , 83.59 , 169.57
3080 , 15742 , 84.42 , -78.1 , 15 , 4.58 , 16.349 , 1.937 , 84.50 , 168.66
3090 , 15783 , 83.82 , -78.3 , 15 , 4.53 , 16.273 , 1.942 , 85.42 , 167.74
3100 , 15824 , 83.22 , -78.3 , 15 , 4.48 , 16.460 , 1.978 , 86.35 , 166.81
3110 , 15865 , 82.61 , -78.4 , 15 , 4.44 , 16.527 , 2.001 , 87.30 , 165.86
3120 , 15906 , 82.02 , -78.5 , 15 , 4.39 , 16.764 , 2.044 , 88.24 , 164.92
3130 , 15948 , 81.43 , -78.8 , 15 , 4.36 , 16.721 , 2.053 , 89.20 , 163.96
3140 , 15989 , 80.84 , -79.1 , 15 , 4.31 , 16.765 , 2.074 , 90.16 , 163.00
3150 , 16027 , 80.30 , -79.1 , 15 , 4.27 , 16.715 , 2.082 , 91.04 , 162.11
3160 , 16067 , 79.74 , -79.2 , 15 , 4.22 , 16.588 , 2.080 , 91.96 , 161.20
3170 , 16107 , 79.17 , -79.3 , 15 , 4.18 , 16.670 , 2.105 , 92.90 , 160.26
3180 , 16147 , 78.63 , -79.4 , 15 , 4.13 , 16.692 , 2.123 , 93.82 , 159.34
3190 , 16185 , 78.09 , -79.2 , 15 , 4.08 , 16.601 , 2.126 , 94.71 , 158.45
3200 , 16223 , 77.57 , -79.2 , 16 , 4.04 , 16.544 , 2.133 , 95.59 , 157.57
3210 , 16263 , 77.02 , -79.2 , 16 , 3.99 , 16.498 , 2.142 , 96.51 , 156.65
3220 , 16304 , 76.48 , -79.1 , 16 , 3.94 , 16.440 , 2.150 , 97.43 , 155.73
3230 , 16343 , 75.95 , -79.1 , 16 , 3.89 , 16.346 , 2.152 , 98.33 , 154.83
3240 , 16383 , 75.42 , -79.2 , 16 , 3.83 , 16.448 , 2.181 , 99.23 , 153.93
3250 , 16423 , 74.90 , -79.2 , 16 , 3.78 , 16.442 , 2.195 , 100.14 , 153.02
3260 , 16460 , 74.40 , -79.3 , 16 , 3.73 , 16.407 , 2.205 , 101.00 , 152.16
3270 , 16498 , 73.91 , -79.2 , 16 , 3.68 , 16.077 , 2.175 , 101.85 , 151.31
3280 , 16534 , 73.43 , -79.0 , 16 , 3.63 , 15.887 , 2.163 , 102.66 , 150.49
3290 , 16573 , 72.93 , -79.2 , 16 , 3.59 , 15.851 , 2.173 , 103.52 , 149.63
3300 , 16610 , 72.46 , -79.4 , 16 , 3.54 , 15.743 , 2.173 , 104.33 , 148.83
3310 , 16645 , 72.01 , -79.6 , 16 , 3.49 , 15.703 , 2.181 , 105.10 , 148.06
3320 , 16682 , 71.55 , -79.6 , 16 , 3.44 , 15.590 , 2.179 , 105.89 , 147.27
3330 , 16720 , 71.07 , -79.9 , 17 , 3.39 , 15.504 , 2.182 , 106.72 , 146.44
3340 , 16757 , 70.60 , -80.0 , 17 , 3.34 , 15.518 , 2.198 , 107.53 , 145.63
3350 , 16794 , 70.15 , -80.0 , 17 , 3.30 , 15.372 , 2.191 , 108.32 , 144.84
3360 , 16832 , 69.68 , -80.0 , 17 , 3.26 , 15.294 , 2.195 , 109.12 , 144.03
3370 , 16872 , 69.19 , -80.1 , 17 , 3.22 , 15.015 , 2.170 , 109.97 , 143.18
3380 , 16911 , 68.71 , -80.1 , 17 , 3.20 , 14.750 , 2.147 , 110.79 , 142.37
3390 , 16950 , 68.24 , -80.1 , 17 , 3.17 , 14.679 , 2.151 , 111.58 , 141.57
3400 , 16990 , 67.76 , -80.1 , 17 , 3.16 , 14.816 , 2.187 , 112.41 , 140.75
3410 , 17028 , 67.30 , -80.3 , 17 , 3.15 , 14.711 , 2.186 , 113.20 , 139.96
3420 , 17068 , 66.82 , -80.3 , 17 , 3.13 , 14.845 , 2.222 , 114.03 , 139.12
3430 , 17108 , 66.35 , -80.4 , 17 , 3.12 , 14.951 , 2.253 , 114.86 , 138.30
3440 , 17146 , 65.90 , -80.5 , 17 , 3.11 , 14.993 , 2.275 , 115.66 , 137.50
3450 , 17185 , 65.45 , -80.5 , 17 , 3.09 , 14.879 , 2.273 , 116.47 , 136.69
3460 , 17227 , 64.97 , -80.5 , 17 , 3.07 , 15.025 , 2.313 , 117.35 , 135.81
3470 , 17267 , 64.51 , -80.6 , 17 , 3.06 , 15.187 , 2.354 , 118.19 , 134.97
3480 , 17310 , 64.01 , -80.6 , 17 , 3.06 , 15.368 , 2.401 , 119.12 , 134.03
3490 , 17352 , 63.54 , -80.8 , 17 , 3.05 , 15.279 , 2.405 , 120.02 , 133.14
3500 , 17393 , 63.08 , -80.8 , 17 , 3.04 , 15.027 , 2.382 , 120.88 , 132.27
3510 , 17436 , 62.60 , -80.7 , 18 , 3.03 , 15.049 , 2.404 , 121.79 , 131.37
3520 , 17479 , 62.13 , -80.9 , 18 , 3.01 , 14.935 , 2.404 , 122.69 , 130.47
3530 , 17520 , 61.67 , -81.1 , 18 , 2.98 , 14.798 , 2.400 , 123.56 , 129.60
3540 , 17562 , 61.21 , -81.1 , 18 , 2.94 , 14.788 , 2.416 , 124.43 , 128.73
3550 , 17605 , 60.75 , -81.2 , 18 , 2.89 , 14.853 , 2.445 , 125.33 , 127.83
3560 , 17648 , 60.28 , -81.3 , 18 , 2.83 , 15.170 , 2.516 , 126.23 , 126.93
3570 , 17688 , 59.85 , -81.4 , 18 , 2.77 , 15.369 , 2.568 , 127.10 , 126.06
3580 , 17730 , 59.41 , -81.4 , 18 , 2.72 , 15.300 , 2.575 , 128.00 , 125.16
3590 , 17771 , 58.98 , -81.6 , 18 , 2.65 , 15.163 , 2.571 , 128.87 , 124.29
3600 , 17810 , 58.57 , -81.2 , 18 , 2.59 , 14.984 , 2.559 , 129.71 , 123.45
3610 , 17852 , 58.13 , -80.9 , 18 , 2.53 , 15.105 , 2.598 , 130.59 , 122.57
3620 , 17894 , 57.70 , -81.3 , 18 , 2.46 , 15.065 , 2.611 , 131.48 , 121.68
3630 , 17936 , 57.27 , -81.6 , 18 , 2.40 , 15.105 , 2.637 , 132.36 , 120.80
3640 , 17981 , 56.81 , -82.1 , 18 , 2.33 , 14.939 , 2.629 , 133.31 , 119.84
3650 , 18026 , 56.35 , -82.5 , 18 , 2.27 , 14.926 , 2.649 , 134.27 , 118.89
3660 , 18064 , 55.97 , -82.9 , 18 , 2.20 , 14.934 , 2.668 , 135.07 , 118.08
3670 , 18104 , 55.57 , -83.2 , 18 , 2.14 , 14.751 , 2.654 , 135.91 , 117.25
3680 , 18143 , 55.18 , -83.5 , 18 , 2.07 , 14.650 , 2.655 , 136.73 , 116.43
3690 , 18181 , 54.81 , -83.7 , 18 , 2.00 , 14.624 , 2.668 , 137.51 , 115.64
3700 , 18221 , 54.41 , -83.6 , 18 , 1.94 , 14.467 , 2.659 , 138.34 , 114.81
3710 , 18261 , 54.02 , -83.8 , 19 , 1.87 , 14.405 , 2.667 , 139.17 , 113.98
3720 , 18301 , 53.63 , -83.9 , 19 , 1.82 , 14.369 , 2.679 , 139.99 , 113.17
3730 , 18343 , 53.23 , -83.8 , 19 , 1.76 , 14.232 , 2.674 , 140.84 , 112.32
