# ------------------------------------------------------------
#
# Flight name: V1806
# Station: Davis
# Launch Date: 26 August 2006
# Launch Time: 23:23:26
# 
# This file created: Thu May 03 10:56:32 2007
# 
# 
# ------------------------------------------------------------
# DATA COLUMNS
# Time (s)
# Height (m)
# Atmospheric Pressure (hPa)
# Atmospheric Temperature (°C)
# Relative Humidity (%)
# Box Temperature (°C)
# Ozone Partial Pressure (mPa)
# Ozone Mixing Ratio (ppmV)
# Accumulated Ozone to this Height (Dobson Units)
# Remaining Ozone above this Height (Dobson Units)
# 
# ------------------------------------------------------------
# 
# Integrated Ozone = 160.8 DU
# Extrapolated Ozone =  27.5 DU
# 
# Total Ozone = 188.3 DU
# 
# 
# ------------------------------------------------------------
0 , 18 , 989.10 , -6.6 , 43 , 32.52 , 2.732 , 0.028 , 0.00 , 188.28
10 , 58 , 983.92 , -6.9 , 48 , 32.49 , 2.875 , 0.029 , 0.12 , 188.16
20 , 103 , 978.28 , -7.1 , 48 , 32.46 , 2.865 , 0.029 , 0.25 , 188.03
30 , 148 , 972.67 , -7.4 , 49 , 32.43 , 2.874 , 0.030 , 0.38 , 187.90
40 , 194 , 966.94 , -7.8 , 50 , 32.40 , 2.864 , 0.030 , 0.51 , 187.77
50 , 241 , 961.15 , -8.1 , 50 , 32.37 , 2.918 , 0.030 , 0.65 , 187.63
60 , 288 , 955.35 , -8.5 , 51 , 32.35 , 2.829 , 0.030 , 0.78 , 187.49
70 , 331 , 950.05 , -8.9 , 53 , 32.31 , 2.806 , 0.030 , 0.91 , 187.37
80 , 370 , 945.23 , -9.2 , 54 , 32.30 , 2.852 , 0.030 , 1.02 , 187.26
90 , 421 , 939.06 , -9.7 , 55 , 32.29 , 2.804 , 0.030 , 1.17 , 187.11
100 , 471 , 932.95 , -10.2 , 57 , 32.26 , 2.760 , 0.030 , 1.31 , 186.97
110 , 521 , 926.96 , -10.6 , 58 , 32.20 , 2.765 , 0.030 , 1.45 , 186.83
120 , 574 , 920.51 , -11.0 , 60 , 32.18 , 2.744 , 0.030 , 1.60 , 186.67
130 , 619 , 915.14 , -11.3 , 61 , 32.18 , 2.745 , 0.030 , 1.73 , 186.55
140 , 667 , 909.39 , -11.7 , 63 , 32.16 , 2.723 , 0.030 , 1.87 , 186.41
150 , 713 , 903.93 , -12.1 , 65 , 32.13 , 2.720 , 0.030 , 2.00 , 186.28
160 , 763 , 898.09 , -12.6 , 67 , 32.06 , 2.698 , 0.030 , 2.13 , 186.14
170 , 818 , 891.68 , -13.1 , 69 , 31.99 , 2.689 , 0.030 , 2.29 , 185.99
180 , 874 , 885.12 , -13.6 , 71 , 31.93 , 2.662 , 0.030 , 2.44 , 185.84
190 , 931 , 878.47 , -14.3 , 74 , 31.88 , 2.632 , 0.030 , 2.60 , 185.68
200 , 980 , 872.79 , -14.6 , 77 , 31.86 , 2.642 , 0.030 , 2.73 , 185.54
210 , 1033 , 866.75 , -15.1 , 80 , 31.83 , 2.624 , 0.030 , 2.88 , 185.40
220 , 1078 , 861.54 , -15.5 , 83 , 31.79 , 2.619 , 0.030 , 3.00 , 185.27
230 , 1125 , 856.25 , -16.0 , 86 , 31.77 , 2.588 , 0.030 , 3.13 , 185.15
240 , 1167 , 851.40 , -16.3 , 88 , 31.75 , 2.585 , 0.030 , 3.25 , 185.03
250 , 1211 , 846.46 , -16.6 , 90 , 31.73 , 2.554 , 0.030 , 3.36 , 184.91
260 , 1253 , 841.74 , -16.6 , 92 , 31.67 , 2.565 , 0.030 , 3.48 , 184.80
270 , 1302 , 836.27 , -17.0 , 93 , 31.62 , 1.895 , 0.023 , 3.59 , 184.69
280 , 1352 , 830.74 , -17.4 , 95 , 31.58 , 2.098 , 0.025 , 3.70 , 184.58
290 , 1407 , 824.62 , -17.8 , 97 , 31.52 , 2.267 , 0.027 , 3.82 , 184.45
300 , 1454 , 819.47 , -17.5 , 95 , 31.45 , 2.401 , 0.029 , 3.94 , 184.34
310 , 1496 , 814.95 , -17.3 , 92 , 31.42 , 2.426 , 0.030 , 4.04 , 184.23
320 , 1539 , 810.27 , -17.3 , 89 , 31.39 , 2.364 , 0.029 , 4.15 , 184.12
330 , 1579 , 805.97 , -17.4 , 86 , 31.36 , 2.337 , 0.029 , 4.25 , 184.03
340 , 1619 , 801.68 , -17.5 , 84 , 31.35 , 2.328 , 0.029 , 4.35 , 183.93
350 , 1667 , 796.54 , -17.8 , 84 , 31.31 , 2.278 , 0.029 , 4.47 , 183.81
360 , 1710 , 791.94 , -18.0 , 84 , 31.25 , 2.271 , 0.029 , 4.57 , 183.71
370 , 1758 , 786.89 , -18.3 , 84 , 31.21 , 2.237 , 0.028 , 4.69 , 183.59
380 , 1804 , 782.07 , -18.6 , 84 , 31.16 , 2.238 , 0.029 , 4.79 , 183.48
390 , 1852 , 777.02 , -18.8 , 83 , 31.12 , 2.247 , 0.029 , 4.91 , 183.37
400 , 1900 , 772.03 , -19.0 , 83 , 31.10 , 2.234 , 0.029 , 5.02 , 183.26
410 , 1945 , 767.31 , -19.2 , 82 , 31.09 , 2.225 , 0.029 , 5.13 , 183.15
420 , 1991 , 762.61 , -19.5 , 81 , 31.08 , 2.223 , 0.029 , 5.24 , 183.04
430 , 2038 , 757.82 , -19.8 , 80 , 31.07 , 2.226 , 0.029 , 5.35 , 182.93
440 , 2085 , 753.06 , -20.1 , 80 , 31.05 , 2.229 , 0.030 , 5.46 , 182.82
450 , 2136 , 747.87 , -20.5 , 79 , 31.02 , 2.206 , 0.029 , 5.58 , 182.70
460 , 2183 , 743.08 , -20.9 , 77 , 30.97 , 2.191 , 0.029 , 5.69 , 182.59
470 , 2231 , 738.28 , -21.3 , 76 , 30.95 , 2.205 , 0.030 , 5.80 , 182.47
480 , 2282 , 733.26 , -21.6 , 75 , 30.92 , 2.179 , 0.030 , 5.92 , 182.36
490 , 2323 , 729.14 , -21.9 , 74 , 30.88 , 2.160 , 0.030 , 6.02 , 182.26
500 , 2367 , 724.79 , -22.3 , 74 , 30.85 , 2.152 , 0.030 , 6.12 , 182.16
510 , 2414 , 720.18 , -22.6 , 73 , 30.81 , 2.119 , 0.029 , 6.23 , 182.05
520 , 2459 , 715.78 , -23.0 , 73 , 30.77 , 2.115 , 0.030 , 6.33 , 181.95
530 , 2506 , 711.16 , -23.4 , 73 , 30.75 , 2.117 , 0.030 , 6.44 , 181.84
540 , 2553 , 706.58 , -23.8 , 74 , 30.73 , 2.082 , 0.029 , 6.55 , 181.73
550 , 2598 , 702.25 , -24.1 , 74 , 30.70 , 2.062 , 0.029 , 6.65 , 181.63
560 , 2645 , 697.80 , -24.5 , 73 , 30.66 , 2.028 , 0.029 , 6.75 , 181.53
570 , 2691 , 693.40 , -24.9 , 74 , 30.60 , 2.010 , 0.029 , 6.85 , 181.43
580 , 2732 , 689.43 , -25.3 , 75 , 30.56 , 1.996 , 0.029 , 6.94 , 181.34
590 , 2775 , 685.37 , -25.7 , 77 , 30.50 , 1.987 , 0.029 , 7.03 , 181.24
600 , 2824 , 680.77 , -26.1 , 77 , 30.46 , 1.968 , 0.029 , 7.14 , 181.14
610 , 2871 , 676.34 , -26.5 , 78 , 30.40 , 1.962 , 0.029 , 7.24 , 181.04
620 , 2922 , 671.56 , -26.9 , 77 , 30.36 , 1.943 , 0.029 , 7.35 , 180.93
630 , 2966 , 667.48 , -27.3 , 78 , 30.33 , 1.905 , 0.029 , 7.44 , 180.84
640 , 3009 , 663.51 , -27.7 , 81 , 30.30 , 1.916 , 0.029 , 7.53 , 180.75
650 , 3053 , 659.42 , -28.1 , 82 , 30.28 , 1.916 , 0.029 , 7.62 , 180.65
660 , 3098 , 655.35 , -28.5 , 81 , 30.24 , 1.902 , 0.029 , 7.72 , 180.56
670 , 3155 , 650.14 , -29.0 , 84 , 30.16 , 1.875 , 0.029 , 7.84 , 180.44
680 , 3202 , 645.89 , -29.4 , 85 , 30.11 , 1.890 , 0.029 , 7.93 , 180.34
690 , 3248 , 641.72 , -29.7 , 81 , 30.10 , 1.872 , 0.029 , 8.03 , 180.25
700 , 3294 , 637.63 , -30.0 , 77 , 30.07 , 1.853 , 0.029 , 8.12 , 180.15
710 , 3342 , 633.32 , -30.3 , 74 , 29.99 , 1.859 , 0.029 , 8.22 , 180.05
720 , 3404 , 627.79 , -30.8 , 73 , 29.89 , 1.847 , 0.029 , 8.35 , 179.93
730 , 3456 , 623.22 , -31.3 , 73 , 29.85 , 1.859 , 0.030 , 8.46 , 179.82
740 , 3505 , 618.92 , -31.7 , 73 , 29.83 , 1.859 , 0.030 , 8.56 , 179.72
750 , 3556 , 614.45 , -32.2 , 72 , 29.82 , 1.855 , 0.030 , 8.67 , 179.61
760 , 3605 , 610.23 , -32.6 , 72 , 29.79 , 1.844 , 0.030 , 8.77 , 179.51
770 , 3652 , 606.13 , -33.1 , 74 , 29.74 , 1.839 , 0.030 , 8.87 , 179.41
780 , 3710 , 601.16 , -33.6 , 76 , 29.70 , 1.819 , 0.030 , 8.98 , 179.29
790 , 3783 , 594.92 , -33.8 , 76 , 29.64 , 1.800 , 0.030 , 9.13 , 179.14
800 , 3841 , 590.04 , -32.6 , 76 , 29.58 , 1.846 , 0.031 , 9.25 , 179.03
810 , 3892 , 585.75 , -32.5 , 73 , 29.56 , 1.862 , 0.032 , 9.36 , 178.92
820 , 3944 , 581.47 , -32.8 , 70 , 29.53 , 1.844 , 0.032 , 9.47 , 178.81
830 , 3992 , 577.47 , -33.1 , 68 , 29.50 , 1.803 , 0.031 , 9.57 , 178.71
840 , 4047 , 572.95 , -33.7 , 68 , 29.46 , 1.774 , 0.031 , 9.68 , 178.60
850 , 4099 , 568.76 , -34.1 , 68 , 29.43 , 1.729 , 0.030 , 9.78 , 178.50
860 , 4150 , 564.64 , -34.6 , 67 , 29.40 , 1.700 , 0.030 , 9.88 , 178.40
870 , 4202 , 560.39 , -35.0 , 65 , 29.37 , 1.664 , 0.030 , 9.98 , 178.30
880 , 4247 , 556.81 , -35.1 , 64 , 29.35 , 1.640 , 0.029 , 10.06 , 178.22
890 , 4292 , 553.25 , -35.2 , 62 , 29.32 , 1.647 , 0.030 , 10.14 , 178.14
900 , 4334 , 549.90 , -35.5 , 61 , 29.28 , 1.628 , 0.030 , 10.22 , 178.06
910 , 4374 , 546.79 , -35.7 , 60 , 29.21 , 1.622 , 0.030 , 10.29 , 177.98
920 , 4427 , 542.58 , -36.1 , 58 , 29.17 , 1.611 , 0.030 , 10.39 , 177.89
930 , 4486 , 538.03 , -36.5 , 59 , 29.10 , 1.614 , 0.030 , 10.50 , 177.78
940 , 4529 , 534.65 , -36.7 , 57 , 29.03 , 1.601 , 0.030 , 10.58 , 177.70
950 , 4575 , 531.16 , -37.0 , 53 , 28.98 , 1.588 , 0.030 , 10.66 , 177.62
960 , 4624 , 527.40 , -37.2 , 52 , 28.92 , 1.583 , 0.030 , 10.75 , 177.53
970 , 4670 , 523.87 , -37.4 , 52 , 28.88 , 1.593 , 0.030 , 10.84 , 177.44
980 , 4720 , 520.08 , -37.8 , 52 , 28.87 , 1.594 , 0.031 , 10.93 , 177.35
990 , 4775 , 515.97 , -38.2 , 52 , 28.84 , 1.583 , 0.031 , 11.03 , 177.25
1000 , 4830 , 511.87 , -38.5 , 53 , 28.79 , 1.558 , 0.030 , 11.13 , 177.15
1010 , 4878 , 508.24 , -38.8 , 51 , 28.75 , 1.527 , 0.030 , 11.21 , 177.07
1020 , 4936 , 503.96 , -39.4 , 51 , 28.70 , 1.493 , 0.030 , 11.31 , 176.97
1030 , 4986 , 500.29 , -39.8 , 53 , 28.65 , 1.474 , 0.029 , 11.40 , 176.88
1040 , 5036 , 496.64 , -40.3 , 55 , 28.60 , 1.465 , 0.029 , 11.48 , 176.80
1050 , 5092 , 492.55 , -40.8 , 54 , 28.57 , 1.439 , 0.029 , 11.58 , 176.70
1060 , 5153 , 488.18 , -41.3 , 52 , 28.54 , 1.469 , 0.030 , 11.68 , 176.60
1070 , 5215 , 483.77 , -41.9 , 51 , 28.50 , 1.446 , 0.030 , 11.78 , 176.49
1080 , 5269 , 479.88 , -42.4 , 51 , 28.47 , 1.420 , 0.030 , 11.88 , 176.40
1090 , 5327 , 475.76 , -42.9 , 51 , 28.43 , 1.394 , 0.029 , 11.97 , 176.31
1100 , 5377 , 472.30 , -43.2 , 52 , 28.39 , 1.379 , 0.029 , 12.05 , 176.23
1110 , 5430 , 468.56 , -43.7 , 52 , 28.34 , 1.361 , 0.029 , 12.14 , 176.14
1120 , 5482 , 464.95 , -44.2 , 54 , 28.30 , 1.341 , 0.029 , 12.22 , 176.06
1130 , 5535 , 461.29 , -44.6 , 55 , 28.26 , 1.324 , 0.029 , 12.30 , 175.98
1140 , 5590 , 457.52 , -45.1 , 56 , 28.22 , 1.320 , 0.029 , 12.39 , 175.89
1150 , 5653 , 453.21 , -45.7 , 58 , 28.16 , 1.304 , 0.029 , 12.49 , 175.79
1160 , 5706 , 449.58 , -46.1 , 60 , 28.09 , 1.299 , 0.029 , 12.57 , 175.71
1170 , 5758 , 446.11 , -46.4 , 58 , 28.04 , 1.279 , 0.029 , 12.65 , 175.63
1180 , 5813 , 442.43 , -46.8 , 53 , 28.00 , 1.283 , 0.029 , 12.73 , 175.55
1190 , 5864 , 438.98 , -47.2 , 49 , 27.96 , 1.278 , 0.029 , 12.81 , 175.47
1200 , 5926 , 434.94 , -47.6 , 47 , 27.93 , 1.264 , 0.029 , 12.90 , 175.37
1210 , 5981 , 431.29 , -47.7 , 45 , 27.90 , 1.268 , 0.029 , 12.99 , 175.29
1220 , 6042 , 427.35 , -48.2 , 43 , 27.86 , 1.267 , 0.030 , 13.08 , 175.20
1230 , 6100 , 423.61 , -48.7 , 43 , 27.81 , 1.273 , 0.030 , 13.17 , 175.11
1240 , 6156 , 419.99 , -49.3 , 44 , 27.77 , 1.256 , 0.030 , 13.25 , 175.02
1250 , 6215 , 416.20 , -49.8 , 45 , 27.73 , 1.242 , 0.030 , 13.34 , 174.94
1260 , 6274 , 412.50 , -50.4 , 47 , 27.69 , 1.237 , 0.030 , 13.43 , 174.85
1270 , 6334 , 408.67 , -50.9 , 49 , 27.64 , 1.222 , 0.030 , 13.52 , 174.76
1280 , 6386 , 405.41 , -51.4 , 52 , 27.59 , 1.211 , 0.030 , 13.60 , 174.68
1290 , 6444 , 401.79 , -51.9 , 55 , 27.55 , 1.203 , 0.030 , 13.68 , 174.60
1300 , 6501 , 398.30 , -52.4 , 57 , 27.50 , 1.182 , 0.030 , 13.76 , 174.51
1310 , 6552 , 395.14 , -52.8 , 57 , 27.45 , 1.214 , 0.031 , 13.84 , 174.44
1320 , 6607 , 391.78 , -53.1 , 55 , 27.39 , 1.202 , 0.031 , 13.92 , 174.36
1330 , 6665 , 388.26 , -53.6 , 52 , 27.32 , 1.196 , 0.031 , 14.01 , 174.27
1340 , 6718 , 385.07 , -54.0 , 52 , 27.27 , 1.181 , 0.031 , 14.08 , 174.19
1350 , 6770 , 381.98 , -54.4 , 53 , 27.22 , 1.163 , 0.030 , 14.16 , 174.12
1360 , 6819 , 379.06 , -54.8 , 52 , 27.19 , 1.152 , 0.030 , 14.23 , 174.05
1370 , 6873 , 375.90 , -55.0 , 51 , 27.16 , 1.145 , 0.030 , 14.30 , 173.97
1380 , 6932 , 372.41 , -55.3 , 48 , 27.11 , 1.149 , 0.031 , 14.39 , 173.89
1390 , 6991 , 368.98 , -55.7 , 45 , 27.06 , 1.154 , 0.031 , 14.47 , 173.80
1400 , 7044 , 365.94 , -56.2 , 43 , 27.01 , 1.134 , 0.031 , 14.55 , 173.73
1410 , 7101 , 362.67 , -56.6 , 41 , 26.95 , 1.138 , 0.031 , 14.63 , 173.65
1420 , 7165 , 359.01 , -56.9 , 38 , 26.89 , 1.146 , 0.032 , 14.72 , 173.56
1430 , 7227 , 355.52 , -57.0 , 36 , 26.83 , 1.184 , 0.033 , 14.81 , 173.47
1440 , 7289 , 352.02 , -57.5 , 34 , 26.78 , 1.209 , 0.034 , 14.90 , 173.37
1450 , 7358 , 348.19 , -58.1 , 33 , 26.73 , 1.212 , 0.035 , 15.01 , 173.27
1460 , 7406 , 345.58 , -58.5 , 33 , 26.68 , 1.212 , 0.035 , 15.08 , 173.20
1470 , 7449 , 343.20 , -58.9 , 33 , 26.64 , 1.226 , 0.036 , 15.15 , 173.13
1480 , 7500 , 340.38 , -59.3 , 33 , 26.60 , 1.233 , 0.036 , 15.23 , 173.05
1490 , 7572 , 336.50 , -59.7 , 33 , 26.54 , 1.234 , 0.037 , 15.34 , 172.94
1500 , 7642 , 332.78 , -59.6 , 33 , 26.47 , 1.242 , 0.037 , 15.45 , 172.83
1510 , 7708 , 329.25 , -59.2 , 31 , 26.36 , 1.301 , 0.040 , 15.55 , 172.72
1520 , 7769 , 326.07 , -59.3 , 30 , 26.27 , 1.344 , 0.041 , 15.65 , 172.62
1530 , 7826 , 323.14 , -59.6 , 28 , 26.22 , 1.356 , 0.042 , 15.75 , 172.53
1540 , 7870 , 320.85 , -59.7 , 26 , 26.17 , 1.375 , 0.043 , 15.83 , 172.45
1550 , 7927 , 317.94 , -60.1 , 25 , 26.12 , 1.365 , 0.043 , 15.93 , 172.35
1560 , 7981 , 315.21 , -60.6 , 24 , 26.08 , 1.353 , 0.043 , 16.02 , 172.26
1570 , 8036 , 312.41 , -61.1 , 23 , 26.03 , 1.329 , 0.043 , 16.11 , 172.17
1580 , 8084 , 310.01 , -61.4 , 23 , 25.99 , 1.295 , 0.042 , 16.19 , 172.09
1590 , 8138 , 307.29 , -62.0 , 23 , 25.94 , 1.277 , 0.042 , 16.28 , 172.00
1600 , 8198 , 304.35 , -62.5 , 23 , 25.88 , 1.229 , 0.040 , 16.38 , 171.90
1610 , 8257 , 301.44 , -63.0 , 23 , 25.83 , 1.201 , 0.040 , 16.47 , 171.81
1620 , 8316 , 298.54 , -63.4 , 23 , 25.77 , 1.154 , 0.039 , 16.56 , 171.72
1630 , 8372 , 295.86 , -63.7 , 23 , 25.72 , 1.086 , 0.037 , 16.64 , 171.64
1640 , 8424 , 293.33 , -63.8 , 22 , 25.66 , 1.039 , 0.035 , 16.71 , 171.57
1650 , 8478 , 290.76 , -63.9 , 21 , 25.61 , 0.984 , 0.034 , 16.78 , 171.50
1660 , 8520 , 288.76 , -64.2 , 19 , 25.55 , 0.960 , 0.033 , 16.83 , 171.44
1670 , 8557 , 287.02 , -64.6 , 18 , 25.50 , 0.958 , 0.033 , 16.88 , 171.40
1680 , 8597 , 285.18 , -64.9 , 19 , 25.44 , 0.941 , 0.033 , 16.93 , 171.35
1690 , 8636 , 283.33 , -65.3 , 19 , 25.40 , 0.929 , 0.033 , 16.98 , 171.30
1700 , 8677 , 281.45 , -65.6 , 19 , 25.34 , 0.909 , 0.032 , 17.02 , 171.25
1710 , 8721 , 279.40 , -66.0 , 19 , 25.29 , 0.910 , 0.033 , 17.08 , 171.20
1720 , 8774 , 276.99 , -66.4 , 19 , 25.24 , 0.937 , 0.034 , 17.14 , 171.14
1730 , 8814 , 275.17 , -66.6 , 19 , 25.18 , 0.969 , 0.035 , 17.19 , 171.09
1740 , 8849 , 273.57 , -66.6 , 18 , 25.13 , 0.857 , 0.031 , 17.23 , 171.05
1750 , 8886 , 271.90 , -66.6 , 18 , 25.07 , 0.964 , 0.035 , 17.28 , 171.00
1760 , 8924 , 270.17 , -66.8 , 18 , 25.02 , 0.951 , 0.035 , 17.32 , 170.95
1770 , 8961 , 268.53 , -67.0 , 18 , 24.97 , 0.963 , 0.036 , 17.37 , 170.91
1780 , 8997 , 266.94 , -67.1 , 18 , 24.92 , 1.026 , 0.038 , 17.42 , 170.86
1790 , 9035 , 265.25 , -67.4 , 18 , 24.86 , 1.074 , 0.040 , 17.47 , 170.81
1800 , 9074 , 263.55 , -67.6 , 19 , 24.81 , 1.117 , 0.042 , 17.52 , 170.75
1810 , 9125 , 261.33 , -67.8 , 19 , 24.75 , 1.126 , 0.043 , 17.60 , 170.68
1820 , 9181 , 258.90 , -67.8 , 18 , 24.69 , 1.018 , 0.039 , 17.68 , 170.60
1830 , 9236 , 256.53 , -68.2 , 18 , 24.63 , 0.958 , 0.037 , 17.75 , 170.53
1840 , 9278 , 254.76 , -68.4 , 18 , 24.56 , 0.919 , 0.036 , 17.80 , 170.48
1850 , 9314 , 253.24 , -68.7 , 17 , 24.51 , 0.875 , 0.035 , 17.84 , 170.43
1860 , 9344 , 251.94 , -68.9 , 17 , 24.45 , 0.840 , 0.033 , 17.88 , 170.40
1870 , 9377 , 250.59 , -69.2 , 17 , 24.39 , 0.830 , 0.033 , 17.91 , 170.36
1880 , 9417 , 248.91 , -69.4 , 17 , 24.33 , 0.848 , 0.034 , 17.96 , 170.32
1890 , 9473 , 246.55 , -69.7 , 16 , 24.27 , 0.917 , 0.037 , 18.03 , 170.25
1900 , 9508 , 245.13 , -69.9 , 17 , 24.21 , 1.020 , 0.042 , 18.07 , 170.21
1910 , 9539 , 243.84 , -70.0 , 17 , 24.15 , 1.083 , 0.044 , 18.11 , 170.17
1920 , 9574 , 242.41 , -70.2 , 17 , 24.09 , 1.233 , 0.051 , 18.17 , 170.11
1930 , 9607 , 241.08 , -70.4 , 17 , 24.03 , 1.380 , 0.057 , 18.22 , 170.05
1940 , 9640 , 239.72 , -70.6 , 17 , 23.97 , 1.443 , 0.060 , 18.29 , 169.99
1950 , 9682 , 238.04 , -70.7 , 18 , 23.91 , 1.479 , 0.062 , 18.37 , 169.91
1960 , 9738 , 235.80 , -70.9 , 18 , 23.84 , 1.494 , 0.063 , 18.48 , 169.80
1970 , 9777 , 234.27 , -71.1 , 18 , 23.78 , 1.494 , 0.064 , 18.56 , 169.72
1980 , 9812 , 232.88 , -71.0 , 18 , 23.72 , 1.552 , 0.067 , 18.63 , 169.65
1990 , 9845 , 231.58 , -71.1 , 18 , 23.66 , 1.665 , 0.072 , 18.70 , 169.58
2000 , 9879 , 230.23 , -71.4 , 18 , 23.59 , 1.738 , 0.076 , 18.78 , 169.50
2010 , 9922 , 228.57 , -71.6 , 19 , 23.53 , 1.798 , 0.079 , 18.88 , 169.40
2020 , 9972 , 226.65 , -71.7 , 19 , 23.47 , 1.908 , 0.084 , 19.00 , 169.28
2030 , 10014 , 225.02 , -72.0 , 19 , 23.41 , 2.029 , 0.090 , 19.11 , 169.17
2040 , 10054 , 223.49 , -72.2 , 19 , 23.34 , 2.115 , 0.095 , 19.22 , 169.05
2050 , 10106 , 221.55 , -72.4 , 19 , 23.28 , 2.166 , 0.098 , 19.37 , 168.91
2060 , 10163 , 219.41 , -72.6 , 19 , 23.21 , 2.226 , 0.101 , 19.54 , 168.74
2070 , 10209 , 217.67 , -72.5 , 20 , 23.14 , 2.313 , 0.106 , 19.68 , 168.60
2080 , 10250 , 216.18 , -72.2 , 20 , 23.08 , 2.432 , 0.112 , 19.81 , 168.47
2090 , 10292 , 214.64 , -72.4 , 20 , 23.02 , 2.535 , 0.118 , 19.95 , 168.33
2100 , 10332 , 213.19 , -72.5 , 20 , 22.95 , 2.648 , 0.124 , 20.09 , 168.19
2110 , 10371 , 211.76 , -72.8 , 20 , 22.89 , 2.740 , 0.129 , 20.23 , 168.05
2120 , 10410 , 210.37 , -73.0 , 20 , 22.82 , 2.792 , 0.133 , 20.38 , 167.90
2130 , 10450 , 208.92 , -73.2 , 21 , 22.76 , 2.869 , 0.137 , 20.53 , 167.75
2140 , 10493 , 207.40 , -73.4 , 21 , 22.70 , 2.909 , 0.140 , 20.70 , 167.58
2150 , 10557 , 205.13 , -73.6 , 21 , 22.63 , 2.973 , 0.145 , 20.95 , 167.33
2160 , 10613 , 203.20 , -73.3 , 21 , 22.56 , 3.082 , 0.152 , 21.18 , 167.10
2170 , 10650 , 201.89 , -73.3 , 20 , 22.50 , 3.199 , 0.158 , 21.34 , 166.94
2180 , 10689 , 200.57 , -72.9 , 20 , 22.44 , 3.344 , 0.167 , 21.51 , 166.77
2190 , 10730 , 199.18 , -72.8 , 20 , 22.37 , 3.506 , 0.176 , 21.70 , 166.58
2200 , 10782 , 197.43 , -72.4 , 19 , 22.30 , 3.684 , 0.187 , 21.95 , 166.33
2210 , 10820 , 196.15 , -72.1 , 19 , 22.24 , 3.919 , 0.200 , 22.14 , 166.14
2220 , 10856 , 194.95 , -72.1 , 19 , 22.17 , 4.139 , 0.212 , 22.34 , 165.94
2230 , 10893 , 193.73 , -72.4 , 18 , 22.10 , 4.287 , 0.221 , 22.55 , 165.73
2240 , 10931 , 192.49 , -72.6 , 18 , 22.03 , 4.371 , 0.227 , 22.77 , 165.51
2250 , 10983 , 190.77 , -72.6 , 18 , 21.97 , 4.455 , 0.234 , 23.08 , 165.20
2260 , 11041 , 188.91 , -73.1 , 18 , 21.90 , 4.587 , 0.243 , 23.43 , 164.85
2270 , 11093 , 187.23 , -73.6 , 18 , 21.83 , 4.617 , 0.247 , 23.75 , 164.53
2280 , 11140 , 185.72 , -74.0 , 18 , 21.76 , 4.676 , 0.252 , 24.05 , 164.23
2290 , 11176 , 184.57 , -74.2 , 18 , 21.70 , 4.707 , 0.255 , 24.28 , 164.00
2300 , 11211 , 183.46 , -74.5 , 18 , 21.63 , 4.688 , 0.256 , 24.50 , 163.78
2310 , 11250 , 182.26 , -74.8 , 18 , 21.56 , 4.701 , 0.258 , 24.75 , 163.53
2320 , 11287 , 181.10 , -74.8 , 18 , 21.50 , 4.692 , 0.259 , 24.98 , 163.29
2330 , 11322 , 180.01 , -74.9 , 18 , 21.43 , 4.738 , 0.263 , 25.21 , 163.07
2340 , 11357 , 178.92 , -74.9 , 18 , 21.36 , 4.779 , 0.267 , 25.44 , 162.84
2350 , 11393 , 177.83 , -74.8 , 19 , 21.30 , 4.819 , 0.271 , 25.67 , 162.61
2360 , 11429 , 176.72 , -75.0 , 19 , 21.23 , 4.825 , 0.273 , 25.90 , 162.37
2370 , 11463 , 175.69 , -75.0 , 19 , 21.16 , 4.875 , 0.277 , 26.13 , 162.15
2380 , 11498 , 174.61 , -75.0 , 19 , 21.10 , 4.957 , 0.284 , 26.37 , 161.91
2390 , 11534 , 173.54 , -75.1 , 19 , 21.03 , 4.968 , 0.286 , 26.61 , 161.67
2400 , 11570 , 172.47 , -75.1 , 19 , 20.97 , 5.010 , 0.291 , 26.85 , 161.42
2410 , 11606 , 171.39 , -75.2 , 19 , 20.90 , 5.024 , 0.293 , 27.10 , 161.18
2420 , 11644 , 170.26 , -75.3 , 19 , 20.84 , 5.071 , 0.298 , 27.36 , 160.91
2430 , 11683 , 169.14 , -75.2 , 19 , 20.77 , 5.128 , 0.303 , 27.63 , 160.65
2440 , 11719 , 168.07 , -75.3 , 19 , 20.71 , 5.212 , 0.310 , 27.89 , 160.39
2450 , 11758 , 166.96 , -75.5 , 20 , 20.64 , 5.237 , 0.314 , 28.16 , 160.12
2460 , 11796 , 165.87 , -75.5 , 20 , 20.57 , 5.239 , 0.316 , 28.43 , 159.84
2470 , 11835 , 164.74 , -75.6 , 20 , 20.51 , 5.256 , 0.319 , 28.72 , 159.56
2480 , 11874 , 163.66 , -75.5 , 20 , 20.44 , 5.238 , 0.320 , 28.99 , 159.29
2490 , 11911 , 162.60 , -75.4 , 20 , 20.37 , 5.321 , 0.327 , 29.26 , 159.02
2500 , 11948 , 161.56 , -75.4 , 20 , 20.31 , 5.352 , 0.331 , 29.53 , 158.75
2510 , 11983 , 160.59 , -75.6 , 20 , 20.24 , 5.381 , 0.335 , 29.79 , 158.49
2520 , 12021 , 159.54 , -75.7 , 20 , 20.18 , 5.433 , 0.341 , 30.06 , 158.21
2530 , 12057 , 158.53 , -75.9 , 20 , 20.11 , 5.451 , 0.344 , 30.34 , 157.94
2540 , 12093 , 157.55 , -76.0 , 20 , 20.05 , 5.464 , 0.347 , 30.60 , 157.67
2550 , 12129 , 156.58 , -76.1 , 20 , 19.98 , 5.539 , 0.354 , 30.87 , 157.41
2560 , 12164 , 155.62 , -76.4 , 20 , 19.92 , 5.508 , 0.354 , 31.14 , 157.14
2570 , 12198 , 154.71 , -76.5 , 20 , 19.86 , 5.489 , 0.355 , 31.39 , 156.88
2580 , 12233 , 153.79 , -76.6 , 20 , 19.80 , 5.464 , 0.355 , 31.65 , 156.62
2590 , 12268 , 152.84 , -76.5 , 20 , 19.74 , 5.442 , 0.356 , 31.92 , 156.36
2600 , 12306 , 151.84 , -76.5 , 19 , 19.67 , 5.470 , 0.360 , 32.20 , 156.08
2610 , 12343 , 150.87 , -76.6 , 19 , 19.61 , 5.465 , 0.362 , 32.48 , 155.80
2620 , 12379 , 149.93 , -76.8 , 19 , 19.55 , 5.498 , 0.367 , 32.75 , 155.53
2630 , 12418 , 148.92 , -76.9 , 19 , 19.49 , 5.528 , 0.371 , 33.04 , 155.23
2640 , 12461 , 147.79 , -76.6 , 19 , 19.43 , 5.494 , 0.372 , 33.37 , 154.90
2650 , 12499 , 146.83 , -76.8 , 19 , 19.36 , 5.636 , 0.384 , 33.66 , 154.62
2660 , 12535 , 145.90 , -77.0 , 19 , 19.30 , 5.620 , 0.385 , 33.94 , 154.34
2670 , 12573 , 144.94 , -77.2 , 19 , 19.24 , 5.646 , 0.390 , 34.24 , 154.04
2680 , 12610 , 144.03 , -77.4 , 18 , 19.18 , 5.590 , 0.388 , 34.52 , 153.76
2690 , 12645 , 143.13 , -77.5 , 18 , 19.12 , 5.555 , 0.388 , 34.79 , 153.49
2700 , 12681 , 142.23 , -77.5 , 18 , 19.06 , 5.514 , 0.388 , 35.07 , 153.21
2710 , 12716 , 141.36 , -77.5 , 18 , 18.99 , 5.545 , 0.392 , 35.33 , 152.94
2720 , 12753 , 140.46 , -77.5 , 18 , 18.93 , 5.564 , 0.396 , 35.61 , 152.67
2730 , 12791 , 139.54 , -77.5 , 18 , 18.88 , 5.631 , 0.404 , 35.90 , 152.37
2740 , 12829 , 138.61 , -77.7 , 18 , 18.81 , 5.753 , 0.415 , 36.21 , 152.07
2750 , 12866 , 137.72 , -77.8 , 18 , 18.75 , 5.804 , 0.421 , 36.50 , 151.78
2760 , 12903 , 136.82 , -77.9 , 18 , 18.69 , 5.877 , 0.430 , 36.80 , 151.48
2770 , 12940 , 135.94 , -78.1 , 18 , 18.64 , 6.005 , 0.442 , 37.10 , 151.18
2780 , 12980 , 135.00 , -78.3 , 18 , 18.58 , 6.079 , 0.450 , 37.44 , 150.84
2790 , 13034 , 133.74 , -78.2 , 18 , 18.52 , 6.213 , 0.465 , 37.89 , 150.39
2800 , 13078 , 132.70 , -78.3 , 18 , 18.45 , 6.265 , 0.472 , 38.27 , 150.00
2810 , 13119 , 131.75 , -78.6 , 18 , 18.39 , 6.205 , 0.471 , 38.63 , 149.65
2820 , 13158 , 130.85 , -78.9 , 18 , 18.33 , 6.101 , 0.466 , 38.96 , 149.32
2830 , 13197 , 129.95 , -79.1 , 18 , 18.28 , 5.957 , 0.458 , 39.29 , 148.99
2840 , 13238 , 129.02 , -79.1 , 18 , 18.22 , 5.986 , 0.464 , 39.63 , 148.65
2850 , 13277 , 128.14 , -79.3 , 18 , 18.17 , 6.030 , 0.471 , 39.95 , 148.33
2860 , 13313 , 127.32 , -79.3 , 18 , 18.11 , 6.127 , 0.481 , 40.26 , 148.02
2870 , 13352 , 126.46 , -79.3 , 19 , 18.05 , 6.147 , 0.486 , 40.59 , 147.69
2880 , 13390 , 125.61 , -79.4 , 19 , 17.99 , 6.345 , 0.505 , 40.92 , 147.36
2890 , 13427 , 124.79 , -79.5 , 19 , 17.94 , 6.618 , 0.530 , 41.26 , 147.02
2900 , 13464 , 123.97 , -79.5 , 19 , 17.88 , 6.913 , 0.558 , 41.61 , 146.67
2910 , 13504 , 123.11 , -79.7 , 19 , 17.83 , 7.116 , 0.578 , 41.99 , 146.29
2920 , 13542 , 122.28 , -79.9 , 19 , 17.77 , 7.228 , 0.591 , 42.38 , 145.90
2930 , 13579 , 121.48 , -79.9 , 19 , 17.71 , 7.294 , 0.600 , 42.75 , 145.53
2940 , 13618 , 120.66 , -79.8 , 19 , 17.66 , 7.322 , 0.607 , 43.14 , 145.14
2950 , 13654 , 119.88 , -79.5 , 19 , 17.60 , 7.630 , 0.636 , 43.52 , 144.76
2960 , 13690 , 119.12 , -79.5 , 19 , 17.55 , 7.957 , 0.668 , 43.92 , 144.36
2970 , 13726 , 118.37 , -79.4 , 19 , 17.49 , 8.258 , 0.698 , 44.32 , 143.96
2980 , 13762 , 117.63 , -79.4 , 19 , 17.44 , 8.465 , 0.720 , 44.74 , 143.54
2990 , 13796 , 116.91 , -79.5 , 19 , 17.38 , 8.597 , 0.735 , 45.14 , 143.13
3000 , 13832 , 116.18 , -79.4 , 19 , 17.32 , 8.592 , 0.740 , 45.57 , 142.71
3010 , 13874 , 115.32 , -79.5 , 19 , 17.27 , 8.386 , 0.727 , 46.07 , 142.21
3020 , 13913 , 114.54 , -79.7 , 19 , 17.21 , 8.326 , 0.727 , 46.52 , 141.76
3030 , 13948 , 113.82 , -79.7 , 19 , 17.15 , 8.332 , 0.732 , 46.93 , 141.35
3040 , 13984 , 113.10 , -79.8 , 19 , 17.10 , 7.966 , 0.704 , 47.34 , 140.94
3050 , 14022 , 112.34 , -79.8 , 19 , 17.04 , 7.781 , 0.693 , 47.76 , 140.52
3060 , 14059 , 111.62 , -79.7 , 19 , 16.98 , 7.701 , 0.690 , 48.15 , 140.13
3070 , 14098 , 110.84 , -79.8 , 19 , 16.93 , 7.559 , 0.682 , 48.57 , 139.71
3080 , 14139 , 110.05 , -80.1 , 19 , 16.87 , 7.600 , 0.691 , 49.00 , 139.28
3090 , 14178 , 109.29 , -80.5 , 20 , 16.81 , 7.560 , 0.692 , 49.41 , 138.86
3100 , 14216 , 108.55 , -80.5 , 19 , 16.75 , 7.559 , 0.696 , 49.82 , 138.46
3110 , 14256 , 107.79 , -80.6 , 20 , 16.69 , 7.633 , 0.708 , 50.24 , 138.03
3120 , 14296 , 107.02 , -80.7 , 20 , 16.64 , 7.776 , 0.727 , 50.68 , 137.60
3130 , 14337 , 106.25 , -80.9 , 20 , 16.58 , 7.781 , 0.732 , 51.12 , 137.16
3140 , 14378 , 105.47 , -80.8 , 20 , 16.52 , 7.620 , 0.722 , 51.57 , 136.71
3150 , 14419 , 104.71 , -80.9 , 20 , 16.46 , 7.798 , 0.745 , 52.01 , 136.27
3160 , 14461 , 103.93 , -81.1 , 20 , 16.40 , 7.704 , 0.741 , 52.47 , 135.81
3170 , 14503 , 103.17 , -80.9 , 20 , 16.34 , 7.635 , 0.740 , 52.91 , 135.37
3180 , 14544 , 102.41 , -81.0 , 20 , 16.29 , 7.850 , 0.767 , 53.37 , 134.91
3190 , 14587 , 101.64 , -81.1 , 20 , 16.23 , 8.090 , 0.796 , 53.84 , 134.44
3200 , 14628 , 100.89 , -81.2 , 20 , 16.17 , 8.263 , 0.819 , 54.31 , 133.96
3210 , 14669 , 100.16 , -81.2 , 20 , 16.11 , 8.321 , 0.831 , 54.79 , 133.48
3220 , 14710 , 99.43 , -81.1 , 20 , 16.05 , 7.944 , 0.799 , 55.26 , 133.02
3230 , 14749 , 98.74 , -81.0 , 20 , 15.99 , 7.430 , 0.753 , 55.68 , 132.59
3240 , 14789 , 98.04 , -81.1 , 20 , 15.93 , 7.351 , 0.750 , 56.10 , 132.18
3250 , 14829 , 97.36 , -81.3 , 20 , 15.88 , 7.458 , 0.766 , 56.51 , 131.77
3260 , 14868 , 96.68 , -81.5 , 20 , 15.81 , 7.511 , 0.777 , 56.92 , 131.36
3270 , 14907 , 96.01 , -81.6 , 20 , 15.75 , 7.552 , 0.787 , 57.33 , 130.95
3280 , 14946 , 95.35 , -81.5 , 20 , 15.69 , 7.492 , 0.786 , 57.74 , 130.53
3290 , 14984 , 94.69 , -81.3 , 20 , 15.63 , 6.916 , 0.730 , 58.14 , 130.14
3300 , 15023 , 94.04 , -81.4 , 20 , 15.58 , 6.469 , 0.688 , 58.50 , 129.78
3310 , 15063 , 93.38 , -81.4 , 20 , 15.52 , 6.196 , 0.664 , 58.85 , 129.42
3320 , 15100 , 92.76 , -81.6 , 20 , 15.46 , 6.162 , 0.664 , 59.18 , 129.10
3330 , 15139 , 92.12 , -81.6 , 20 , 15.40 , 6.243 , 0.678 , 59.51 , 128.76
3340 , 15178 , 91.49 , -81.6 , 20 , 15.34 , 6.382 , 0.698 , 59.86 , 128.42
3350 , 15216 , 90.86 , -81.6 , 20 , 15.28 , 6.536 , 0.719 , 60.21 , 128.07
3360 , 15256 , 90.22 , -81.7 , 20 , 15.22 , 6.557 , 0.727 , 60.58 , 127.70
3370 , 15295 , 89.58 , -81.7 , 20 , 15.16 , 6.564 , 0.733 , 60.94 , 127.33
3380 , 15335 , 88.95 , -81.7 , 20 , 15.11 , 6.680 , 0.751 , 61.31 , 126.97
3390 , 15374 , 88.33 , -81.7 , 20 , 15.05 , 6.857 , 0.776 , 61.69 , 126.59
3400 , 15414 , 87.71 , -81.7 , 20 , 14.99 , 6.999 , 0.798 , 62.07 , 126.21
3410 , 15453 , 87.10 , -81.7 , 20 , 14.93 , 7.051 , 0.810 , 62.46 , 125.82
3420 , 15490 , 86.52 , -81.5 , 20 , 14.88 , 7.189 , 0.831 , 62.83 , 125.45
3430 , 15529 , 85.93 , -81.5 , 20 , 14.82 , 7.439 , 0.866 , 63.23 , 125.05
3440 , 15568 , 85.33 , -81.6 , 20 , 14.76 , 7.764 , 0.910 , 63.65 , 124.63
3450 , 15605 , 84.78 , -81.7 , 20 , 14.70 , 8.015 , 0.945 , 64.06 , 124.22
3460 , 15642 , 84.21 , -81.9 , 20 , 14.65 , 8.144 , 0.967 , 64.49 , 123.79
3470 , 15683 , 83.60 , -81.9 , 20 , 14.59 , 8.235 , 0.985 , 64.95 , 123.32
3480 , 15722 , 83.01 , -82.1 , 20 , 14.53 , 8.390 , 1.011 , 65.42 , 122.86
3490 , 15762 , 82.42 , -82.2 , 20 , 14.47 , 8.527 , 1.035 , 65.89 , 122.39
3500 , 15799 , 81.87 , -82.3 , 20 , 14.41 , 8.571 , 1.047 , 66.34 , 121.94
3510 , 15838 , 81.31 , -82.3 , 20 , 14.36 , 8.558 , 1.053 , 66.81 , 121.47
3520 , 15878 , 80.74 , -82.3 , 20 , 14.30 , 8.620 , 1.068 , 67.29 , 120.99
3530 , 15918 , 80.15 , -82.5 , 20 , 14.24 , 8.712 , 1.087 , 67.79 , 120.49
3540 , 15959 , 79.56 , -82.6 , 20 , 14.19 , 8.756 , 1.100 , 68.29 , 119.98
3550 , 16001 , 78.97 , -82.6 , 20 , 14.13 , 8.796 , 1.114 , 68.81 , 119.47
3560 , 16042 , 78.39 , -82.8 , 20 , 14.07 , 8.776 , 1.120 , 69.32 , 118.96
3570 , 16083 , 77.82 , -82.9 , 20 , 14.01 , 8.762 , 1.126 , 69.83 , 118.45
3580 , 16123 , 77.26 , -83.0 , 20 , 13.96 , 8.728 , 1.130 , 70.32 , 117.95
3590 , 16165 , 76.68 , -82.9 , 20 , 13.89 , 8.722 , 1.138 , 70.85 , 117.43
3600 , 16206 , 76.12 , -82.7 , 20 , 13.84 , 8.785 , 1.154 , 71.35 , 116.93
3610 , 16245 , 75.58 , -82.8 , 20 , 13.78 , 8.880 , 1.175 , 71.85 , 116.43
3620 , 16288 , 75.01 , -82.7 , 20 , 13.73 , 8.912 , 1.188 , 72.38 , 115.90
3630 , 16331 , 74.43 , -82.5 , 20 , 13.67 , 9.005 , 1.210 , 72.93 , 115.35
3640 , 16375 , 73.84 , -82.7 , 20 , 13.61 , 9.073 , 1.229 , 73.49 , 114.78
3650 , 16419 , 73.26 , -83.1 , 20 , 13.55 , 9.137 , 1.247 , 74.06 , 114.22
3660 , 16463 , 72.69 , -83.0 , 20 , 13.50 , 9.125 , 1.255 , 74.63 , 113.65
3670 , 16509 , 72.09 , -82.9 , 20 , 13.44 , 9.051 , 1.255 , 75.22 , 113.06
3680 , 16554 , 71.51 , -83.2 , 20 , 13.38 , 9.023 , 1.262 , 75.80 , 112.48
3690 , 16600 , 70.92 , -83.5 , 20 , 13.32 , 8.980 , 1.266 , 76.39 , 111.89
3700 , 16645 , 70.34 , -83.7 , 20 , 13.27 , 8.865 , 1.260 , 76.96 , 111.32
3710 , 16690 , 69.78 , -83.7 , 20 , 13.21 , 8.795 , 1.260 , 77.52 , 110.76
3720 , 16736 , 69.21 , -83.9 , 20 , 13.15 , 8.766 , 1.267 , 78.09 , 110.19
3730 , 16779 , 68.67 , -84.2 , 20 , 13.09 , 8.753 , 1.275 , 78.63 , 109.65
3740 , 16822 , 68.13 , -84.3 , 20 , 13.03 , 8.763 , 1.286 , 79.18 , 109.10
3750 , 16866 , 67.60 , -84.2 , 20 , 12.98 , 8.757 , 1.295 , 79.72 , 108.56
3760 , 16909 , 67.07 , -83.7 , 19 , 12.92 , 8.693 , 1.296 , 80.26 , 108.02
3770 , 16950 , 66.57 , -83.7 , 19 , 12.86 , 8.539 , 1.283 , 80.76 , 107.52
3780 , 16992 , 66.07 , -83.4 , 19 , 12.80 , 8.312 , 1.258 , 81.26 , 107.02
3790 , 17034 , 65.58 , -83.2 , 19 , 12.75 , 8.081 , 1.232 , 81.75 , 106.53
3800 , 17075 , 65.09 , -83.0 , 19 , 12.69 , 8.022 , 1.232 , 82.22 , 106.06
3810 , 17117 , 64.61 , -82.9 , 19 , 12.63 , 7.985 , 1.236 , 82.69 , 105.59
3820 , 17157 , 64.14 , -83.2 , 19 , 12.57 , 7.916 , 1.234 , 83.15 , 105.13
3830 , 17198 , 63.68 , -83.5 , 19 , 12.52 , 7.901 , 1.241 , 83.60 , 104.67
3840 , 17235 , 63.25 , -83.8 , 19 , 12.46 , 7.916 , 1.252 , 84.02 , 104.25
3850 , 17273 , 62.81 , -83.6 , 19 , 12.40 , 7.970 , 1.269 , 84.46 , 103.82
3860 , 17312 , 62.38 , -83.1 , 19 , 12.35 , 8.038 , 1.289 , 84.90 , 103.38
3870 , 17351 , 61.94 , -83.0 , 19 , 12.29 , 7.988 , 1.290 , 85.34 , 102.94
3880 , 17389 , 61.52 , -83.1 , 19 , 12.24 , 7.922 , 1.288 , 85.77 , 102.51
3890 , 17426 , 61.11 , -83.2 , 19 , 12.18 , 7.957 , 1.302 , 86.19 , 102.09
3900 , 17466 , 60.67 , -83.4 , 19 , 12.13 , 7.908 , 1.304 , 86.64 , 101.64
3910 , 17504 , 60.26 , -83.3 , 19 , 12.07 , 7.952 , 1.320 , 87.07 , 101.21
3920 , 17542 , 59.85 , -83.1 , 19 , 12.01 , 8.057 , 1.346 , 87.49 , 100.78
3930 , 17582 , 59.42 , -83.2 , 19 , 11.96 , 8.178 , 1.376 , 87.96 , 100.32
3940 , 17620 , 59.02 , -83.4 , 19 , 11.90 , 8.376 , 1.419 , 88.40 , 99.88
3950 , 17660 , 58.59 , -83.5 , 19 , 11.85 , 8.580 , 1.464 , 88.89 , 99.39
3960 , 17700 , 58.17 , -83.6 , 19 , 11.79 , 8.734 , 1.502 , 89.38 , 98.90
3970 , 17742 , 57.73 , -83.7 , 19 , 11.73 , 8.818 , 1.527 , 89.90 , 98.38
3980 , 17784 , 57.30 , -83.4 , 18 , 11.68 , 9.019 , 1.574 , 90.43 , 97.84
3990 , 17826 , 56.87 , -83.2 , 18 , 11.62 , 9.331 , 1.641 , 90.98 , 97.30
4000 , 17868 , 56.44 , -83.2 , 18 , 11.57 , 9.631 , 1.706 , 91.55 , 96.73
4010 , 17911 , 56.00 , -83.2 , 18 , 11.51 , 9.822 , 1.754 , 92.14 , 96.13
4020 , 17955 , 55.56 , -83.2 , 18 , 11.46 , 9.845 , 1.772 , 92.75 , 95.53
4030 , 17997 , 55.14 , -83.4 , 18 , 11.40 , 9.900 , 1.795 , 93.35 , 94.93
4040 , 18039 , 54.73 , -83.6 , 18 , 11.34 , 9.983 , 1.824 , 93.94 , 94.34
4050 , 18081 , 54.31 , -83.9 , 18 , 11.29 , 9.932 , 1.829 , 94.54 , 93.74
4060 , 18125 , 53.88 , -83.9 , 18 , 11.23 , 9.734 , 1.807 , 95.16 , 93.12
4070 , 18169 , 53.46 , -83.9 , 18 , 11.18 , 9.508 , 1.779 , 95.76 , 92.52
4080 , 18213 , 53.03 , -84.1 , 18 , 11.12 , 9.287 , 1.751 , 96.35 , 91.93
4090 , 18255 , 52.63 , -84.0 , 18 , 11.06 , 9.083 , 1.726 , 96.90 , 91.38
4100 , 18298 , 52.22 , -83.8 , 18 , 11.01 , 8.785 , 1.682 , 97.44 , 90.83
4110 , 18344 , 51.80 , -83.7 , 18 , 10.96 , 8.758 , 1.691 , 98.01 , 90.27
4120 , 18389 , 51.38 , -83.9 , 18 , 10.90 , 8.742 , 1.702 , 98.57 , 89.70
4130 , 18434 , 50.96 , -84.1 , 18 , 10.85 , 8.736 , 1.714 , 99.14 , 89.14
4140 , 18480 , 50.54 , -84.3 , 18 , 10.79 , 8.478 , 1.677 , 99.70 , 88.58
4150 , 18523 , 50.15 , -84.4 , 18 , 10.74 , 8.116 , 1.618 , 100.21 , 88.07
4160 , 18565 , 49.77 , -84.5 , 18 , 10.68 , 7.855 , 1.578 , 100.69 , 87.59
4170 , 18607 , 49.39 , -84.8 , 18 , 10.62 , 7.818 , 1.583 , 101.16 , 87.12
4180 , 18649 , 49.02 , -85.0 , 18 , 10.57 , 7.834 , 1.598 , 101.63 , 86.65
4190 , 18691 , 48.65 , -85.0 , 18 , 10.52 , 7.938 , 1.632 , 102.10 , 86.18
4200 , 18731 , 48.29 , -85.0 , 18 , 10.46 , 8.004 , 1.658 , 102.57 , 85.71
4210 , 18770 , 47.95 , -85.0 , 18 , 10.42 , 8.050 , 1.679 , 103.01 , 85.27
4220 , 18810 , 47.60 , -85.2 , 18 , 10.37 , 8.023 , 1.685 , 103.47 , 84.81
4230 , 18850 , 47.26 , -85.3 , 18 , 10.33 , 7.988 , 1.690 , 103.93 , 84.35
4240 , 18889 , 46.93 , -85.3 , 18 , 10.29 , 7.844 , 1.671 , 104.37 , 83.91
4250 , 18929 , 46.58 , -85.4 , 18 , 10.25 , 7.769 , 1.668 , 104.82 , 83.46
4260 , 18968 , 46.25 , -85.5 , 18 , 10.21 , 7.652 , 1.655 , 105.26 , 83.02
4270 , 19008 , 45.92 , -85.6 , 18 , 10.17 , 7.396 , 1.611 , 105.68 , 82.60
4280 , 19049 , 45.58 , -85.7 , 18 , 10.13 , 7.178 , 1.575 , 106.11 , 82.17
4290 , 19088 , 45.25 , -85.8 , 18 , 10.09 , 7.022 , 1.552 , 106.52 , 81.76
4300 , 19130 , 44.91 , -85.9 , 18 , 10.05 , 6.924 , 1.542 , 106.93 , 81.35
4310 , 19169 , 44.59 , -86.0 , 18 , 10.00 , 6.904 , 1.548 , 107.32 , 80.95
4320 , 19208 , 44.27 , -86.0 , 18 , 9.97 , 6.832 , 1.543 , 107.72 , 80.56
4330 , 19250 , 43.94 , -85.9 , 18 , 9.93 , 6.721 , 1.530 , 108.12 , 80.16
4340 , 19292 , 43.60 , -85.8 , 18 , 9.88 , 6.658 , 1.527 , 108.52 , 79.76
4350 , 19334 , 43.27 , -85.8 , 18 , 9.84 , 6.590 , 1.523 , 108.93 , 79.35
4360 , 19376 , 42.94 , -85.8 , 18 , 9.80 , 6.589 , 1.535 , 109.33 , 78.95
4370 , 19419 , 42.60 , -85.7 , 18 , 9.76 , 6.634 , 1.557 , 109.73 , 78.54
4380 , 19461 , 42.27 , -85.6 , 18 , 9.72 , 6.770 , 1.602 , 110.14 , 78.14
4390 , 19503 , 41.95 , -85.7 , 18 , 9.68 , 6.857 , 1.634 , 110.55 , 77.73
4400 , 19545 , 41.63 , -85.6 , 18 , 9.64 , 6.860 , 1.648 , 110.97 , 77.31
4410 , 19587 , 41.32 , -85.6 , 18 , 9.59 , 6.831 , 1.653 , 111.38 , 76.90
4420 , 19628 , 41.01 , -85.5 , 18 , 9.55 , 6.701 , 1.634 , 111.78 , 76.50
4430 , 19669 , 40.70 , -85.6 , 18 , 9.50 , 6.569 , 1.614 , 112.17 , 76.11
4440 , 19710 , 40.40 , -85.8 , 18 , 9.46 , 6.483 , 1.605 , 112.55 , 75.72
4450 , 19749 , 40.11 , -86.1 , 18 , 9.42 , 6.462 , 1.611 , 112.92 , 75.36
4460 , 19789 , 39.83 , -86.2 , 18 , 9.37 , 6.396 , 1.606 , 113.28 , 75.00
4470 , 19827 , 39.55 , -86.2 , 18 , 9.33 , 6.330 , 1.601 , 113.64 , 74.64
4480 , 19865 , 39.28 , -86.4 , 18 , 9.28 , 6.312 , 1.607 , 113.98 , 74.30
4490 , 19902 , 39.01 , -86.5 , 18 , 9.24 , 6.253 , 1.603 , 114.31 , 73.96
4500 , 19937 , 38.76 , -86.4 , 18 , 9.19 , 6.200 , 1.600 , 114.63 , 73.65
4510 , 19971 , 38.52 , -86.5 , 18 , 9.15 , 6.195 , 1.608 , 114.94 , 73.34
4520 , 20003 , 38.30 , -86.6 , 18 , 9.10 , 6.161 , 1.609 , 115.22 , 73.06
4530 , 20037 , 38.05 , -86.5 , 18 , 9.05 , 6.191 , 1.627 , 115.53 , 72.75
4540 , 20070 , 37.83 , -86.2 , 18 , 9.00 , 6.152 , 1.626 , 115.82 , 72.46
4550 , 20102 , 37.61 , -86.1 , 18 , 8.95 , 6.070 , 1.614 , 116.10 , 72.17
4560 , 20134 , 37.39 , -86.1 , 18 , 8.89 , 6.014 , 1.609 , 116.38 , 71.90
4570 , 20165 , 37.18 , -86.0 , 18 , 8.84 , 6.014 , 1.618 , 116.65 , 71.63
4580 , 20195 , 36.97 , -85.9 , 18 , 8.79 , 6.030 , 1.631 , 116.91 , 71.37
4590 , 20227 , 36.76 , -85.4 , 18 , 8.73 , 6.041 , 1.643 , 117.19 , 71.09
4600 , 20259 , 36.55 , -85.0 , 18 , 8.68 , 6.014 , 1.646 , 117.46 , 70.81
4610 , 20292 , 36.33 , -85.0 , 19 , 8.62 , 6.027 , 1.659 , 117.74 , 70.53
4620 , 20325 , 36.11 , -85.0 , 19 , 8.56 , 5.898 , 1.633 , 118.03 , 70.25
4630 , 20359 , 35.89 , -84.6 , 19 , 8.51 , 5.726 , 1.595 , 118.31 , 69.96
4640 , 20394 , 35.66 , -84.6 , 19 , 8.45 , 5.651 , 1.585 , 118.59 , 69.68
4650 , 20430 , 35.43 , -84.5 , 19 , 8.39 , 5.672 , 1.601 , 118.89 , 69.39
4660 , 20466 , 35.20 , -84.3 , 19 , 8.34 , 5.664 , 1.609 , 119.18 , 69.10
4670 , 20504 , 34.96 , -84.1 , 19 , 8.28 , 5.656 , 1.618 , 119.49 , 68.79
4680 , 20546 , 34.70 , -84.1 , 19 , 8.22 , 5.641 , 1.626 , 119.82 , 68.45
4690 , 20585 , 34.45 , -84.1 , 19 , 8.16 , 5.666 , 1.645 , 120.14 , 68.14
4700 , 20629 , 34.18 , -83.9 , 19 , 8.10 , 5.627 , 1.646 , 120.49 , 67.78
4710 , 20672 , 33.91 , -84.0 , 19 , 8.04 , 5.591 , 1.649 , 120.84 , 67.44
4720 , 20717 , 33.64 , -84.2 , 19 , 7.99 , 5.524 , 1.642 , 121.19 , 67.09
4730 , 20762 , 33.36 , -84.3 , 19 , 7.93 , 5.418 , 1.624 , 121.55 , 66.73
4740 , 20808 , 33.09 , -84.2 , 19 , 7.88 , 5.337 , 1.613 , 121.90 , 66.38
4750 , 20857 , 32.80 , -83.9 , 19 , 7.82 , 5.243 , 1.599 , 122.27 , 66.01
4760 , 20907 , 32.51 , -83.7 , 19 , 7.76 , 5.178 , 1.593 , 122.64 , 65.64
4770 , 20956 , 32.22 , -83.5 , 19 , 7.71 , 5.106 , 1.585 , 123.00 , 65.28
4780 , 21005 , 31.94 , -83.5 , 19 , 7.65 , 5.112 , 1.601 , 123.35 , 64.93
4790 , 21055 , 31.65 , -83.6 , 19 , 7.60 , 5.146 , 1.626 , 123.72 , 64.56
4800 , 21104 , 31.37 , -83.8 , 19 , 7.54 , 5.201 , 1.658 , 124.08 , 64.20
4810 , 21152 , 31.10 , -83.9 , 19 , 7.49 , 5.310 , 1.707 , 124.44 , 63.84
4820 , 21195 , 30.86 , -83.7 , 18 , 7.44 , 5.401 , 1.750 , 124.77 , 63.51
4830 , 21239 , 30.61 , -83.7 , 18 , 7.38 , 5.482 , 1.791 , 125.11 , 63.17
4840 , 21283 , 30.37 , -83.6 , 18 , 7.32 , 5.532 , 1.821 , 125.45 , 62.82
4850 , 21326 , 30.14 , -83.6 , 18 , 7.27 , 5.557 , 1.844 , 125.79 , 62.49
4860 , 21369 , 29.90 , -83.6 , 18 , 7.22 , 5.567 , 1.862 , 126.13 , 62.14
4870 , 21411 , 29.68 , -83.6 , 18 , 7.17 , 5.564 , 1.875 , 126.47 , 61.81
4880 , 21452 , 29.46 , -83.5 , 18 , 7.12 , 5.560 , 1.887 , 126.79 , 61.49
4890 , 21492 , 29.25 , -83.5 , 18 , 7.06 , 5.552 , 1.898 , 127.10 , 61.18
4900 , 21532 , 29.04 , -83.4 , 18 , 7.01 , 5.534 , 1.906 , 127.42 , 60.86
4910 , 21571 , 28.84 , -83.3 , 18 , 6.96 , 5.509 , 1.911 , 127.73 , 60.55
4920 , 21612 , 28.62 , -83.4 , 18 , 6.91 , 5.491 , 1.918 , 128.05 , 60.23
4930 , 21652 , 28.42 , -83.4 , 18 , 6.86 , 5.486 , 1.930 , 128.36 , 59.92
4940 , 21694 , 28.20 , -83.6 , 18 , 6.81 , 5.463 , 1.937 , 128.69 , 59.59
4950 , 21739 , 27.98 , -83.9 , 18 , 6.75 , 5.436 , 1.943 , 129.04 , 59.24
4960 , 21786 , 27.74 , -84.0 , 18 , 6.70 , 5.413 , 1.951 , 129.40 , 58.88
4970 , 21832 , 27.51 , -84.2 , 18 , 6.65 , 5.405 , 1.965 , 129.75 , 58.52
4980 , 21882 , 27.26 , -84.5 , 18 , 6.61 , 5.366 , 1.968 , 130.14 , 58.14
4990 , 21933 , 27.01 , -84.8 , 18 , 6.55 , 5.368 , 1.987 , 130.53 , 57.75
5000 , 21985 , 26.76 , -84.9 , 18 , 6.50 , 5.312 , 1.985 , 130.92 , 57.36
5010 , 22035 , 26.52 , -84.8 , 18 , 6.45 , 5.329 , 2.009 , 131.30 , 56.97
5020 , 22087 , 26.27 , -84.9 , 18 , 6.40 , 5.316 , 2.024 , 131.70 , 56.57
5030 , 22138 , 26.02 , -85.1 , 18 , 6.35 , 5.309 , 2.040 , 132.09 , 56.18
5040 , 22191 , 25.78 , -85.4 , 18 , 6.31 , 5.288 , 2.051 , 132.49 , 55.79
5050 , 22244 , 25.53 , -85.5 , 18 , 6.26 , 5.268 , 2.063 , 132.89 , 55.38
5060 , 22297 , 25.28 , -85.9 , 18 , 6.21 , 5.224 , 2.066 , 133.30 , 54.98
5070 , 22351 , 25.03 , -86.1 , 17 , 6.17 , 5.230 , 2.089 , 133.70 , 54.57
5080 , 22403 , 24.80 , -86.1 , 17 , 6.11 , 5.189 , 2.092 , 134.09 , 54.19
5090 , 22451 , 24.58 , -85.9 , 17 , 6.07 , 5.208 , 2.118 , 134.45 , 53.83
5100 , 22500 , 24.36 , -86.1 , 17 , 6.02 , 5.195 , 2.132 , 134.82 , 53.46
5110 , 22548 , 24.15 , -85.8 , 17 , 5.97 , 5.163 , 2.138 , 135.17 , 53.10
5120 , 22595 , 23.94 , -85.6 , 17 , 5.92 , 5.182 , 2.164 , 135.53 , 52.75
5130 , 22642 , 23.74 , -85.3 , 17 , 5.87 , 5.148 , 2.168 , 135.88 , 52.40
5140 , 22686 , 23.55 , -85.4 , 17 , 5.82 , 5.077 , 2.156 , 136.20 , 52.08
5150 , 22728 , 23.38 , -85.6 , 17 , 5.77 , 4.931 , 2.110 , 136.50 , 51.78
5160 , 22768 , 23.20 , -85.5 , 17 , 5.71 , 4.797 , 2.067 , 136.78 , 51.50
5170 , 22807 , 23.04 , -85.1 , 17 , 5.67 , 4.642 , 2.015 , 137.04 , 51.24
5180 , 22846 , 22.88 , -84.7 , 17 , 5.63 , 4.565 , 1.996 , 137.30 , 50.98
5190 , 22882 , 22.73 , -84.6 , 17 , 5.58 , 4.559 , 2.006 , 137.54 , 50.74
5200 , 22918 , 22.58 , -84.7 , 18 , 5.53 , 4.494 , 1.990 , 137.77 , 50.51
5210 , 22954 , 22.44 , -84.8 , 18 , 5.48 , 4.458 , 1.987 , 138.00 , 50.28
5220 , 22984 , 22.31 , -84.7 , 18 , 5.44 , 4.432 , 1.986 , 138.19 , 50.09
5230 , 23018 , 22.17 , -84.1 , 17 , 5.40 , 4.419 , 1.993 , 138.41 , 49.87
5240 , 23055 , 22.03 , -83.5 , 17 , 5.36 , 4.426 , 2.010 , 138.64 , 49.64
5250 , 23095 , 21.87 , -83.1 , 17 , 5.33 , 4.467 , 2.043 , 138.89 , 49.39
5260 , 23133 , 21.72 , -82.8 , 17 , 5.30 , 4.469 , 2.058 , 139.13 , 49.15
5270 , 23176 , 21.56 , -82.3 , 17 , 5.27 , 4.402 , 2.042 , 139.40 , 48.88
5280 , 23222 , 21.38 , -82.3 , 18 , 5.24 , 4.460 , 2.086 , 139.69 , 48.59
5290 , 23270 , 21.19 , -82.2 , 18 , 5.21 , 4.452 , 2.101 , 139.99 , 48.28
5300 , 23318 , 21.01 , -82.0 , 18 , 5.19 , 4.427 , 2.107 , 140.29 , 47.99
5310 , 23367 , 20.83 , -82.0 , 18 , 5.16 , 4.456 , 2.139 , 140.60 , 47.68
5320 , 23418 , 20.64 , -81.8 , 17 , 5.13 , 4.475 , 2.168 , 140.92 , 47.36
5330 , 23468 , 20.46 , -81.4 , 17 , 5.11 , 4.551 , 2.224 , 141.23 , 47.04
5340 , 23517 , 20.28 , -81.2 , 17 , 5.07 , 4.585 , 2.261 , 141.55 , 46.73
5350 , 23564 , 20.11 , -81.0 , 17 , 5.04 , 4.684 , 2.329 , 141.86 , 46.42
5360 , 23612 , 19.94 , -80.9 , 17 , 5.01 , 4.731 , 2.372 , 142.17 , 46.11
5370 , 23658 , 19.78 , -80.7 , 17 , 4.97 , 4.765 , 2.409 , 142.48 , 45.80
5380 , 23697 , 19.64 , -80.4 , 17 , 4.94 , 4.831 , 2.460 , 142.74 , 45.54
5390 , 23738 , 19.50 , -80.1 , 17 , 4.90 , 4.878 , 2.501 , 143.02 , 45.26
5400 , 23779 , 19.36 , -79.9 , 17 , 4.86 , 4.905 , 2.534 , 143.30 , 44.97
5410 , 23818 , 19.23 , -79.4 , 17 , 4.82 , 4.930 , 2.564 , 143.56 , 44.71
5420 , 23856 , 19.10 , -79.1 , 17 , 4.78 , 4.979 , 2.607 , 143.83 , 44.45
5430 , 23895 , 18.97 , -78.9 , 17 , 4.74 , 5.009 , 2.641 , 144.10 , 44.17
5440 , 23932 , 18.84 , -78.8 , 17 , 4.70 , 5.041 , 2.675 , 144.36 , 43.92
5450 , 23974 , 18.71 , -79.0 , 17 , 4.65 , 5.068 , 2.709 , 144.65 , 43.63
5460 , 24014 , 18.58 , -78.9 , 17 , 4.60 , 5.113 , 2.752 , 144.93 , 43.35
5470 , 24056 , 18.44 , -78.8 , 16 , 4.56 , 5.142 , 2.789 , 145.24 , 43.04
5480 , 24098 , 18.30 , -78.8 , 16 , 4.51 , 5.186 , 2.834 , 145.54 , 42.74
5490 , 24143 , 18.16 , -78.6 , 16 , 4.45 , 5.192 , 2.860 , 145.86 , 42.42
5500 , 24191 , 18.01 , -78.4 , 16 , 4.41 , 5.175 , 2.874 , 146.20 , 42.08
5510 , 24242 , 17.85 , -78.3 , 16 , 4.36 , 5.173 , 2.898 , 146.57 , 41.71
5520 , 24294 , 17.68 , -78.4 , 16 , 4.31 , 5.144 , 2.909 , 146.94 , 41.34
5530 , 24348 , 17.52 , -78.4 , 16 , 4.27 , 5.149 , 2.939 , 147.32 , 40.95
5540 , 24405 , 17.34 , -77.8 , 15 , 4.22 , 5.119 , 2.951 , 147.73 , 40.55
5550 , 24463 , 17.17 , -77.7 , 15 , 4.18 , 5.114 , 2.979 , 148.14 , 40.14
5560 , 24523 , 16.99 , -78.0 , 15 , 4.13 , 5.105 , 3.005 , 148.56 , 39.72
5570 , 24581 , 16.82 , -77.9 , 15 , 4.09 , 5.062 , 3.010 , 148.97 , 39.31
5580 , 24640 , 16.64 , -78.1 , 15 , 4.05 , 5.031 , 3.023 , 149.38 , 38.90
5590 , 24695 , 16.48 , -78.4 , 15 , 4.01 , 4.975 , 3.018 , 149.76 , 38.52
5600 , 24751 , 16.32 , -78.4 , 15 , 3.98 , 4.935 , 3.024 , 150.15 , 38.13
5610 , 24806 , 16.17 , -78.4 , 15 , 3.96 , 4.900 , 3.031 , 150.52 , 37.76
5620 , 24854 , 16.03 , -78.3 , 14 , 3.92 , 4.851 , 3.026 , 150.85 , 37.43
5630 , 24902 , 15.90 , -78.1 , 14 , 3.89 , 4.803 , 3.021 , 151.17 , 37.11
5640 , 24948 , 15.77 , -77.8 , 14 , 3.86 , 4.794 , 3.040 , 151.47 , 36.81
5650 , 24988 , 15.66 , -77.6 , 14 , 3.84 , 4.731 , 3.022 , 151.73 , 36.54
5660 , 25033 , 15.54 , -77.0 , 14 , 3.81 , 4.717 , 3.036 , 152.02 , 36.26
5670 , 25075 , 15.42 , -77.0 , 14 , 3.78 , 4.680 , 3.035 , 152.30 , 35.98
5680 , 25115 , 15.32 , -77.2 , 14 , 3.75 , 4.665 , 3.046 , 152.55 , 35.73
5690 , 25154 , 15.21 , -77.1 , 13 , 3.72 , 4.635 , 3.047 , 152.80 , 35.48
5700 , 25192 , 15.11 , -76.6 , 13 , 3.68 , 4.620 , 3.057 , 153.05 , 35.23
5710 , 25230 , 15.01 , -76.5 , 13 , 3.65 , 4.623 , 3.079 , 153.29 , 34.99
5720 , 25271 , 14.91 , -76.6 , 13 , 3.62 , 4.587 , 3.077 , 153.54 , 34.74
5730 , 25311 , 14.80 , -76.6 , 13 , 3.58 , 4.542 , 3.068 , 153.79 , 34.48
5740 , 25353 , 14.70 , -76.5 , 13 , 3.54 , 4.488 , 3.054 , 154.05 , 34.22
5750 , 25397 , 14.59 , -76.3 , 12 , 3.50 , 4.449 , 3.051 , 154.32 , 33.96
5760 , 25441 , 14.47 , -76.1 , 12 , 3.46 , 4.415 , 3.050 , 154.59 , 33.69
5770 , 25487 , 14.36 , -76.1 , 12 , 3.41 , 4.343 , 3.025 , 154.86 , 33.41
5780 , 25533 , 14.24 , -76.3 , 12 , 3.36 , 4.312 , 3.027 , 155.14 , 33.14
5790 , 25581 , 14.13 , -76.1 , 12 , 3.31 , 4.253 , 3.011 , 155.42 , 32.86
5800 , 25629 , 14.01 , -75.6 , 12 , 3.25 , 4.247 , 3.032 , 155.70 , 32.58
5810 , 25677 , 13.89 , -75.6 , 11 , 3.20 , 4.195 , 3.019 , 155.98 , 32.30
5820 , 25726 , 13.77 , -75.9 , 11 , 3.14 , 4.162 , 3.022 , 156.26 , 32.02
5830 , 25775 , 13.66 , -75.9 , 11 , 3.08 , 4.139 , 3.030 , 156.53 , 31.75
5840 , 25822 , 13.55 , -76.0 , 11 , 3.02 , 4.092 , 3.020 , 156.80 , 31.48
5850 , 25866 , 13.44 , -75.8 , 11 , 2.96 , 4.054 , 3.015 , 157.04 , 31.23
5860 , 25912 , 13.34 , -75.7 , 11 , 2.90 , 4.014 , 3.009 , 157.30 , 30.98
5870 , 25955 , 13.24 , -75.5 , 11 , 2.83 , 4.006 , 3.026 , 157.53 , 30.75
5880 , 25998 , 13.14 , -75.0 , 10 , 2.77 , 3.996 , 3.040 , 157.77 , 30.51
5890 , 26036 , 13.06 , -74.6 , 10 , 2.71 , 3.953 , 3.028 , 157.97 , 30.31
5900 , 26073 , 12.97 , -74.2 , 10 , 2.66 , 3.898 , 3.005 , 158.17 , 30.11
5910 , 26107 , 12.90 , -74.0 , 10 , 2.60 , 3.891 , 3.017 , 158.35 , 29.93
5920 , 26138 , 12.83 , -73.9 , 10 , 2.54 , 3.858 , 3.007 , 158.51 , 29.77
5930 , 26166 , 12.77 , -73.7 , 10 , 2.48 , 3.822 , 2.993 , 158.65 , 29.62
5940 , 26195 , 12.71 , -73.5 , 9 , 2.43 , 3.809 , 2.998 , 158.80 , 29.47
5950 , 26219 , 12.65 , -73.1 , 9 , 2.37 , 3.761 , 2.973 , 158.93 , 29.35
5960 , 26241 , 12.61 , -72.9 , 9 , 2.32 , 3.730 , 2.959 , 159.04 , 29.24
5970 , 26265 , 12.55 , -72.4 , 9 , 2.26 , 3.714 , 2.958 , 159.16 , 29.12
5980 , 26289 , 12.50 , -71.9 , 9 , 2.20 , 3.686 , 2.948 , 159.28 , 29.00
5990 , 26314 , 12.45 , -71.7 , 8 , 2.15 , 3.661 , 2.940 , 159.40 , 28.88
6000 , 26337 , 12.40 , -70.8 , 8 , 2.10 , 3.665 , 2.956 , 159.52 , 28.76
6010 , 26362 , 12.35 , -70.2 , 8 , 2.05 , 3.631 , 2.940 , 159.63 , 28.64
6020 , 26390 , 12.29 , -69.6 , 8 , 2.00 , 3.602 , 2.931 , 159.77 , 28.51
6030 , 26420 , 12.23 , -69.2 , 7 , 1.94 , 3.567 , 2.917 , 159.91 , 28.37
6040 , 26455 , 12.16 , -68.9 , 7 , 1.90 , 3.559 , 2.927 , 160.08 , 28.20
6050 , 26488 , 12.09 , -68.6 , 7 , 1.85 , 3.515 , 2.906 , 160.23 , 28.05
6060 , 26527 , 12.01 , -68.7 , 7 , 1.81 , 3.499 , 2.913 , 160.41 , 27.87
6070 , 26567 , 11.93 , -68.8 , 7 , 1.76 , 3.507 , 2.939 , 160.60 , 27.68
6080 , 26613 , 11.84 , -68.9 , 6 , 1.72 , 3.481 , 2.939 , 160.81 , 27.47
