# ------------------------------------------------------------
#
# Flight name: V1506
# Station: Davis
# Launch Date: 04 August 2006
# Launch Time: 23:25:46
# 
# This file created: Thu May 03 10:52:19 2007
# 
# 
# ------------------------------------------------------------
# DATA COLUMNS
# Time (s)
# Height (m)
# Atmospheric Pressure (hPa)
# Atmospheric Temperature (°C)
# Relative Humidity (%)
# Box Temperature (°C)
# Ozone Partial Pressure (mPa)
# Ozone Mixing Ratio (ppmV)
# Accumulated Ozone to this Height (Dobson Units)
# Remaining Ozone above this Height (Dobson Units)
# 
# ------------------------------------------------------------
# 
# Integrated Ozone = 205.8 DU
# Extrapolated Ozone =  19.5 DU
# 
# Total Ozone = 225.3 DU
# 
# 
# ------------------------------------------------------------
0 , 18 , 987.67 , -10.6 , 40 , 32.75 , 2.899 , 0.029 , 0.00 , 225.30
10 , 56 , 982.73 , -10.2 , 37 , 32.78 , 3.092 , 0.031 , 0.12 , 225.18
20 , 98 , 977.47 , -9.2 , 31 , 32.81 , 3.076 , 0.031 , 0.25 , 225.05
30 , 143 , 971.74 , -8.9 , 27 , 32.82 , 3.068 , 0.032 , 0.39 , 224.90
40 , 188 , 966.12 , -9.0 , 26 , 32.82 , 3.096 , 0.032 , 0.53 , 224.76
50 , 232 , 960.59 , -9.1 , 25 , 32.84 , 3.129 , 0.033 , 0.67 , 224.62
60 , 269 , 956.04 , -9.4 , 25 , 32.84 , 3.126 , 0.033 , 0.79 , 224.50
70 , 312 , 950.65 , -9.8 , 25 , 32.83 , 3.146 , 0.033 , 0.93 , 224.37
80 , 359 , 944.98 , -10.2 , 25 , 32.81 , 3.139 , 0.033 , 1.08 , 224.22
90 , 404 , 939.45 , -10.7 , 26 , 32.79 , 3.110 , 0.033 , 1.22 , 224.07
100 , 441 , 934.88 , -11.1 , 26 , 32.80 , 3.087 , 0.033 , 1.34 , 223.95
110 , 486 , 929.49 , -11.5 , 27 , 32.80 , 3.061 , 0.033 , 1.48 , 223.81
120 , 532 , 923.83 , -12.0 , 28 , 32.79 , 3.061 , 0.033 , 1.63 , 223.66
130 , 573 , 918.98 , -12.3 , 29 , 32.78 , 3.049 , 0.033 , 1.76 , 223.54
140 , 616 , 913.80 , -12.7 , 29 , 32.77 , 3.042 , 0.033 , 1.89 , 223.40
150 , 662 , 908.24 , -12.8 , 28 , 32.76 , 3.033 , 0.033 , 2.04 , 223.26
160 , 715 , 901.96 , -12.8 , 26 , 32.73 , 3.009 , 0.033 , 2.21 , 223.09
170 , 762 , 896.42 , -12.9 , 24 , 32.71 , 3.008 , 0.034 , 2.35 , 222.94
180 , 810 , 890.81 , -13.1 , 22 , 32.68 , 2.976 , 0.033 , 2.50 , 222.80
190 , 856 , 885.42 , -13.1 , 21 , 32.66 , 2.963 , 0.033 , 2.64 , 222.65
200 , 906 , 879.59 , -12.3 , 16 , 32.62 , 2.913 , 0.033 , 2.80 , 222.50
210 , 954 , 874.18 , -12.4 , 16 , 32.60 , 2.932 , 0.034 , 2.94 , 222.36
220 , 1004 , 868.36 , -12.9 , 16 , 32.57 , 2.901 , 0.033 , 3.09 , 222.20
230 , 1051 , 863.12 , -13.2 , 16 , 32.56 , 2.918 , 0.034 , 3.23 , 222.07
240 , 1103 , 857.19 , -13.6 , 17 , 32.52 , 2.887 , 0.034 , 3.39 , 221.91
250 , 1151 , 851.74 , -13.9 , 17 , 32.49 , 2.861 , 0.034 , 3.53 , 221.76
260 , 1194 , 846.99 , -14.1 , 17 , 32.48 , 2.865 , 0.034 , 3.66 , 221.64
270 , 1241 , 841.77 , -14.4 , 17 , 32.49 , 2.840 , 0.034 , 3.80 , 221.50
280 , 1287 , 836.69 , -14.8 , 18 , 32.47 , 2.819 , 0.034 , 3.93 , 221.36
290 , 1330 , 831.89 , -15.2 , 19 , 32.47 , 2.820 , 0.034 , 4.06 , 221.23
300 , 1379 , 826.48 , -15.6 , 20 , 32.43 , 2.813 , 0.034 , 4.21 , 221.09
310 , 1435 , 820.42 , -15.9 , 19 , 32.37 , 2.780 , 0.034 , 4.37 , 220.93
320 , 1491 , 814.30 , -16.2 , 18 , 32.33 , 2.761 , 0.034 , 4.53 , 220.76
330 , 1542 , 808.82 , -16.0 , 17 , 32.30 , 2.739 , 0.034 , 4.68 , 220.62
340 , 1593 , 803.32 , -15.5 , 15 , 32.29 , 2.726 , 0.034 , 4.83 , 220.47
350 , 1644 , 797.92 , -14.3 , 16 , 32.27 , 2.703 , 0.034 , 4.97 , 220.32
360 , 1691 , 792.99 , -13.8 , 23 , 32.26 , 2.697 , 0.034 , 5.10 , 220.19
370 , 1744 , 787.48 , -13.7 , 26 , 32.27 , 2.696 , 0.034 , 5.25 , 220.04
380 , 1794 , 782.29 , -14.1 , 25 , 32.25 , 2.700 , 0.035 , 5.39 , 219.90
390 , 1850 , 776.59 , -14.5 , 22 , 32.21 , 2.673 , 0.034 , 5.55 , 219.75
400 , 1906 , 770.87 , -14.7 , 23 , 32.17 , 2.658 , 0.034 , 5.70 , 219.59
410 , 1956 , 765.79 , -14.7 , 39 , 32.12 , 2.655 , 0.035 , 5.84 , 219.45
420 , 2014 , 759.94 , -14.9 , 57 , 32.08 , 2.637 , 0.035 , 6.00 , 219.29
430 , 2066 , 754.70 , -15.1 , 57 , 32.06 , 2.619 , 0.035 , 6.15 , 219.15
440 , 2123 , 749.05 , -15.6 , 53 , 32.02 , 2.601 , 0.035 , 6.30 , 219.00
450 , 2174 , 744.02 , -16.0 , 42 , 32.01 , 2.597 , 0.035 , 6.44 , 218.86
460 , 2230 , 738.51 , -16.5 , 45 , 32.01 , 2.567 , 0.035 , 6.59 , 218.71
470 , 2281 , 733.52 , -16.7 , 36 , 32.01 , 2.542 , 0.035 , 6.73 , 218.57
480 , 2333 , 728.42 , -17.1 , 49 , 31.99 , 2.546 , 0.035 , 6.87 , 218.43
490 , 2382 , 723.65 , -17.5 , 50 , 31.95 , 2.528 , 0.035 , 7.00 , 218.30
500 , 2448 , 717.31 , -17.7 , 65 , 31.91 , 2.522 , 0.035 , 7.17 , 218.12
510 , 2524 , 710.06 , -18.1 , 84 , 31.92 , 2.478 , 0.035 , 7.37 , 217.92
520 , 2574 , 705.29 , -18.4 , 85 , 31.92 , 2.475 , 0.035 , 7.51 , 217.79
530 , 2625 , 700.48 , -18.8 , 86 , 31.90 , 2.480 , 0.035 , 7.64 , 217.66
540 , 2670 , 696.31 , -19.0 , 85 , 31.88 , 2.470 , 0.035 , 7.76 , 217.54
550 , 2719 , 691.68 , -19.3 , 83 , 31.84 , 2.452 , 0.035 , 7.89 , 217.41
560 , 2773 , 686.72 , -19.3 , 76 , 31.80 , 2.423 , 0.035 , 8.02 , 217.27
570 , 2826 , 681.81 , -19.6 , 70 , 31.76 , 2.417 , 0.035 , 8.16 , 217.13
580 , 2881 , 676.80 , -19.9 , 59 , 31.72 , 2.396 , 0.035 , 8.30 , 216.99
590 , 2935 , 671.91 , -20.4 , 59 , 31.71 , 2.368 , 0.035 , 8.44 , 216.86
600 , 2982 , 667.66 , -20.8 , 60 , 31.71 , 2.365 , 0.035 , 8.56 , 216.74
610 , 3027 , 663.54 , -21.1 , 66 , 31.70 , 2.349 , 0.035 , 8.67 , 216.62
620 , 3073 , 659.43 , -21.0 , 80 , 31.69 , 2.332 , 0.035 , 8.79 , 216.51
630 , 3125 , 654.80 , -21.0 , 86 , 31.68 , 2.320 , 0.035 , 8.92 , 216.38
640 , 3177 , 650.21 , -21.2 , 87 , 31.65 , 2.303 , 0.035 , 9.04 , 216.25
650 , 3230 , 645.60 , -21.4 , 89 , 31.61 , 2.297 , 0.036 , 9.17 , 216.12
660 , 3281 , 641.10 , -21.8 , 90 , 31.56 , 2.264 , 0.035 , 9.30 , 216.00
670 , 3337 , 636.23 , -22.3 , 93 , 31.53 , 2.222 , 0.035 , 9.43 , 215.86
680 , 3391 , 631.58 , -22.8 , 96 , 31.49 , 2.187 , 0.035 , 9.56 , 215.73
690 , 3442 , 627.24 , -22.2 , 91 , 31.46 , 2.167 , 0.035 , 9.68 , 215.62
700 , 3492 , 622.92 , -22.1 , 83 , 31.43 , 2.111 , 0.034 , 9.80 , 215.50
710 , 3543 , 618.68 , -22.4 , 80 , 31.42 , 2.081 , 0.034 , 9.91 , 215.39
720 , 3603 , 613.57 , -22.9 , 81 , 31.38 , 2.035 , 0.033 , 10.04 , 215.25
730 , 3657 , 609.13 , -23.3 , 82 , 31.37 , 2.025 , 0.033 , 10.16 , 215.14
740 , 3712 , 604.53 , -23.9 , 85 , 31.32 , 2.005 , 0.033 , 10.28 , 215.02
750 , 3773 , 599.53 , -24.4 , 88 , 31.28 , 1.966 , 0.033 , 10.41 , 214.89
760 , 3832 , 594.65 , -24.8 , 90 , 31.25 , 1.961 , 0.033 , 10.54 , 214.76
770 , 3887 , 590.16 , -24.9 , 88 , 31.21 , 1.939 , 0.033 , 10.65 , 214.64
780 , 3938 , 586.03 , -25.0 , 85 , 31.16 , 1.905 , 0.033 , 10.76 , 214.54
790 , 3992 , 581.72 , -25.3 , 83 , 31.17 , 1.893 , 0.033 , 10.87 , 214.42
800 , 4055 , 576.67 , -25.8 , 82 , 31.14 , 1.882 , 0.033 , 11.00 , 214.29
810 , 4113 , 572.04 , -26.3 , 83 , 31.09 , 1.864 , 0.033 , 11.12 , 214.18
820 , 4171 , 567.51 , -26.9 , 85 , 31.05 , 1.838 , 0.032 , 11.24 , 214.06
830 , 4223 , 563.37 , -27.3 , 87 , 31.03 , 1.858 , 0.033 , 11.34 , 213.95
840 , 4271 , 559.66 , -27.7 , 88 , 31.00 , 1.864 , 0.033 , 11.44 , 213.86
850 , 4323 , 555.60 , -28.2 , 89 , 31.00 , 1.862 , 0.034 , 11.55 , 213.75
860 , 4376 , 551.54 , -28.7 , 91 , 30.97 , 1.884 , 0.034 , 11.66 , 213.64
870 , 4443 , 546.36 , -29.2 , 90 , 30.96 , 1.879 , 0.034 , 11.80 , 213.50
880 , 4503 , 541.81 , -29.6 , 88 , 30.94 , 1.871 , 0.035 , 11.92 , 213.38
890 , 4549 , 538.36 , -30.0 , 86 , 30.92 , 1.872 , 0.035 , 12.01 , 213.28
900 , 4597 , 534.69 , -30.4 , 89 , 30.91 , 1.873 , 0.035 , 12.12 , 213.18
910 , 4650 , 530.74 , -30.9 , 91 , 30.88 , 1.875 , 0.035 , 12.22 , 213.07
920 , 4702 , 526.84 , -31.3 , 91 , 30.85 , 1.866 , 0.035 , 12.33 , 212.96
930 , 4756 , 522.81 , -31.8 , 92 , 30.79 , 1.842 , 0.035 , 12.45 , 212.85
940 , 4822 , 517.94 , -32.2 , 91 , 30.74 , 1.792 , 0.035 , 12.58 , 212.72
950 , 4879 , 513.78 , -32.4 , 81 , 30.71 , 1.786 , 0.035 , 12.69 , 212.60
960 , 4929 , 510.20 , -32.8 , 77 , 30.69 , 1.772 , 0.035 , 12.79 , 212.50
970 , 4981 , 506.38 , -33.3 , 76 , 30.65 , 1.749 , 0.035 , 12.90 , 212.40
980 , 5037 , 502.36 , -33.7 , 78 , 30.63 , 1.739 , 0.035 , 13.01 , 212.29
990 , 5091 , 498.54 , -34.1 , 77 , 30.59 , 1.711 , 0.034 , 13.11 , 212.19
1000 , 5141 , 494.99 , -34.5 , 75 , 30.54 , 1.711 , 0.035 , 13.21 , 212.09
1010 , 5202 , 490.67 , -35.0 , 74 , 30.51 , 1.673 , 0.034 , 13.32 , 211.97
1020 , 5257 , 486.83 , -35.5 , 74 , 30.48 , 1.661 , 0.034 , 13.43 , 211.87
1030 , 5304 , 483.50 , -35.9 , 75 , 30.45 , 1.648 , 0.034 , 13.52 , 211.78
1040 , 5351 , 480.26 , -36.3 , 74 , 30.42 , 1.630 , 0.034 , 13.60 , 211.69
1050 , 5413 , 475.99 , -36.8 , 73 , 30.40 , 1.599 , 0.034 , 13.72 , 211.58
1060 , 5471 , 471.98 , -37.2 , 72 , 30.36 , 1.588 , 0.034 , 13.82 , 211.47
1070 , 5524 , 468.38 , -37.7 , 71 , 30.32 , 1.562 , 0.033 , 13.92 , 211.38
1080 , 5572 , 465.12 , -38.1 , 72 , 30.29 , 1.551 , 0.033 , 14.00 , 211.29
1090 , 5619 , 461.99 , -38.5 , 72 , 30.26 , 1.541 , 0.033 , 14.09 , 211.21
1100 , 5670 , 458.53 , -38.8 , 70 , 30.23 , 1.549 , 0.034 , 14.18 , 211.12
1110 , 5735 , 454.24 , -39.2 , 68 , 30.19 , 1.550 , 0.034 , 14.29 , 211.00
1120 , 5795 , 450.24 , -39.6 , 66 , 30.16 , 1.554 , 0.035 , 14.40 , 210.89
1130 , 5843 , 447.11 , -40.1 , 65 , 30.12 , 1.557 , 0.035 , 14.49 , 210.81
1140 , 5887 , 444.26 , -40.4 , 66 , 30.09 , 1.561 , 0.035 , 14.57 , 210.73
1150 , 5939 , 440.83 , -40.9 , 69 , 30.07 , 1.575 , 0.036 , 14.66 , 210.63
1160 , 5994 , 437.30 , -41.3 , 72 , 30.03 , 1.574 , 0.036 , 14.76 , 210.53
1170 , 6041 , 434.28 , -41.6 , 74 , 29.99 , 1.571 , 0.036 , 14.85 , 210.45
1180 , 6099 , 430.60 , -42.1 , 76 , 29.96 , 1.549 , 0.036 , 14.95 , 210.34
1190 , 6148 , 427.45 , -42.4 , 77 , 29.93 , 1.555 , 0.036 , 15.04 , 210.25
1200 , 6198 , 424.30 , -42.7 , 75 , 29.89 , 1.564 , 0.037 , 15.13 , 210.16
1210 , 6261 , 420.34 , -43.1 , 73 , 29.85 , 1.567 , 0.037 , 15.25 , 210.05
1220 , 6318 , 416.81 , -43.5 , 70 , 29.81 , 1.584 , 0.038 , 15.35 , 209.94
1230 , 6379 , 413.06 , -43.9 , 69 , 29.76 , 1.572 , 0.038 , 15.47 , 209.83
1240 , 6440 , 409.30 , -44.4 , 69 , 29.70 , 1.538 , 0.038 , 15.58 , 209.72
1250 , 6501 , 405.58 , -44.8 , 68 , 29.66 , 1.551 , 0.038 , 15.69 , 209.61
1260 , 6550 , 402.60 , -45.0 , 65 , 29.62 , 1.633 , 0.041 , 15.78 , 209.51
1270 , 6597 , 399.83 , -45.4 , 64 , 29.57 , 1.630 , 0.041 , 15.87 , 209.42
1280 , 6640 , 397.25 , -45.7 , 65 , 29.54 , 1.610 , 0.041 , 15.96 , 209.34
1290 , 6697 , 393.84 , -46.1 , 65 , 29.51 , 1.509 , 0.038 , 16.06 , 209.23
1300 , 6741 , 391.25 , -46.5 , 64 , 29.47 , 1.422 , 0.036 , 16.14 , 209.16
1310 , 6788 , 388.51 , -46.9 , 65 , 29.44 , 1.367 , 0.035 , 16.21 , 209.08
1320 , 6846 , 385.10 , -47.5 , 65 , 29.39 , 1.330 , 0.035 , 16.31 , 208.99
1330 , 6904 , 381.73 , -48.0 , 66 , 29.33 , 1.306 , 0.034 , 16.40 , 208.90
1340 , 6955 , 378.74 , -48.4 , 66 , 29.29 , 1.289 , 0.034 , 16.48 , 208.82
1350 , 7014 , 375.37 , -48.9 , 65 , 29.25 , 1.275 , 0.034 , 16.57 , 208.72
1360 , 7064 , 372.55 , -49.3 , 66 , 29.21 , 1.260 , 0.034 , 16.65 , 208.65
1370 , 7113 , 369.73 , -49.8 , 65 , 29.16 , 1.234 , 0.033 , 16.72 , 208.57
1380 , 7162 , 367.00 , -50.2 , 66 , 29.13 , 1.229 , 0.033 , 16.79 , 208.50
1390 , 7210 , 364.33 , -50.6 , 66 , 29.07 , 1.212 , 0.033 , 16.86 , 208.43
1400 , 7250 , 362.06 , -51.0 , 67 , 29.04 , 1.210 , 0.033 , 16.92 , 208.37
1410 , 7298 , 359.42 , -51.4 , 67 , 29.00 , 1.206 , 0.034 , 16.99 , 208.30
1420 , 7341 , 357.04 , -51.8 , 67 , 28.95 , 1.210 , 0.034 , 17.06 , 208.24
1430 , 7390 , 354.32 , -52.2 , 67 , 28.91 , 1.200 , 0.034 , 17.13 , 208.17
1440 , 7437 , 351.76 , -52.6 , 66 , 28.87 , 1.196 , 0.034 , 17.20 , 208.10
1450 , 7487 , 349.05 , -53.0 , 67 , 28.82 , 1.204 , 0.034 , 17.27 , 208.02
1460 , 7533 , 346.55 , -53.4 , 66 , 28.78 , 1.198 , 0.035 , 17.34 , 207.96
1470 , 7585 , 343.80 , -53.8 , 66 , 28.73 , 1.214 , 0.035 , 17.42 , 207.88
1480 , 7647 , 340.46 , -54.3 , 65 , 28.68 , 1.260 , 0.037 , 17.51 , 207.79
1490 , 7698 , 337.76 , -54.7 , 65 , 28.63 , 1.295 , 0.038 , 17.59 , 207.71
1500 , 7746 , 335.26 , -55.2 , 66 , 28.58 , 1.244 , 0.037 , 17.67 , 207.63
1510 , 7785 , 333.19 , -55.5 , 67 , 28.54 , 1.204 , 0.036 , 17.72 , 207.57
1520 , 7829 , 330.90 , -55.8 , 67 , 28.49 , 1.165 , 0.035 , 17.79 , 207.51
1530 , 7872 , 328.69 , -56.2 , 66 , 28.45 , 1.145 , 0.035 , 17.85 , 207.45
1540 , 7921 , 326.15 , -56.5 , 65 , 28.40 , 1.115 , 0.034 , 17.92 , 207.38
1550 , 7968 , 323.74 , -56.9 , 64 , 28.35 , 1.123 , 0.035 , 17.99 , 207.31
1560 , 8017 , 321.23 , -57.3 , 63 , 28.30 , 1.123 , 0.035 , 18.05 , 207.24
1570 , 8066 , 318.74 , -57.6 , 63 , 28.26 , 1.118 , 0.035 , 18.12 , 207.17
1580 , 8116 , 316.22 , -58.0 , 64 , 28.20 , 1.113 , 0.035 , 18.19 , 207.10
1590 , 8159 , 314.05 , -58.4 , 64 , 28.15 , 1.114 , 0.035 , 18.25 , 207.04
1600 , 8203 , 311.89 , -58.7 , 63 , 28.11 , 1.126 , 0.036 , 18.31 , 206.98
1610 , 8254 , 309.36 , -59.1 , 63 , 28.05 , 1.127 , 0.036 , 18.39 , 206.91
1620 , 8305 , 306.83 , -59.5 , 63 , 27.99 , 1.129 , 0.037 , 18.46 , 206.84
1630 , 8370 , 303.69 , -60.1 , 63 , 27.94 , 1.125 , 0.037 , 18.55 , 206.74
1640 , 8428 , 300.86 , -60.6 , 65 , 27.88 , 1.119 , 0.037 , 18.63 , 206.66
1650 , 8472 , 298.72 , -61.0 , 65 , 27.83 , 1.120 , 0.037 , 18.70 , 206.60
1660 , 8516 , 296.61 , -61.3 , 66 , 27.78 , 1.117 , 0.038 , 18.76 , 206.54
1670 , 8563 , 294.37 , -61.7 , 66 , 27.71 , 1.122 , 0.038 , 18.83 , 206.47
1680 , 8604 , 292.42 , -62.0 , 66 , 27.66 , 1.126 , 0.039 , 18.89 , 206.41
1690 , 8645 , 290.52 , -62.3 , 66 , 27.62 , 1.139 , 0.039 , 18.94 , 206.35
1700 , 8684 , 288.65 , -62.5 , 66 , 27.57 , 1.142 , 0.040 , 19.00 , 206.29
1710 , 8725 , 286.76 , -62.8 , 65 , 27.52 , 1.144 , 0.040 , 19.06 , 206.23
1720 , 8764 , 284.94 , -63.1 , 65 , 27.46 , 1.148 , 0.040 , 19.12 , 206.18
1730 , 8804 , 283.08 , -63.4 , 65 , 27.41 , 1.167 , 0.041 , 19.18 , 206.12
1740 , 8847 , 281.14 , -63.8 , 65 , 27.36 , 1.148 , 0.041 , 19.24 , 206.05
1750 , 8892 , 279.07 , -64.2 , 65 , 27.30 , 1.132 , 0.041 , 19.31 , 205.99
1760 , 8935 , 277.09 , -64.5 , 65 , 27.25 , 1.109 , 0.040 , 19.37 , 205.92
1770 , 8975 , 275.28 , -64.9 , 65 , 27.19 , 1.097 , 0.040 , 19.43 , 205.87
1780 , 9020 , 273.26 , -65.2 , 65 , 27.13 , 1.080 , 0.040 , 19.49 , 205.80
1790 , 9063 , 271.36 , -65.5 , 65 , 27.08 , 1.062 , 0.039 , 19.55 , 205.75
1800 , 9101 , 269.64 , -65.9 , 65 , 27.03 , 1.025 , 0.038 , 19.60 , 205.69
1810 , 9141 , 267.88 , -66.1 , 65 , 26.98 , 0.986 , 0.037 , 19.65 , 205.64
1820 , 9182 , 266.07 , -66.4 , 64 , 26.92 , 0.930 , 0.035 , 19.71 , 205.59
1830 , 9222 , 264.31 , -66.7 , 64 , 26.87 , 0.885 , 0.033 , 19.75 , 205.54
1840 , 9261 , 262.61 , -67.0 , 63 , 26.81 , 0.851 , 0.032 , 19.80 , 205.50
1850 , 9302 , 260.81 , -67.4 , 63 , 26.75 , 0.828 , 0.032 , 19.84 , 205.45
1860 , 9344 , 259.03 , -67.7 , 63 , 26.70 , 0.809 , 0.031 , 19.89 , 205.41
1870 , 9385 , 257.26 , -68.1 , 56 , 26.64 , 0.806 , 0.031 , 19.93 , 205.36
1880 , 9421 , 255.73 , -68.4 , 54 , 26.59 , 0.811 , 0.032 , 19.97 , 205.33
1890 , 9463 , 253.95 , -68.8 , 54 , 26.54 , 0.810 , 0.032 , 20.01 , 205.28
1900 , 9504 , 252.20 , -69.1 , 54 , 26.48 , 0.822 , 0.033 , 20.06 , 205.24
1910 , 9543 , 250.56 , -69.5 , 55 , 26.42 , 0.825 , 0.033 , 20.10 , 205.20
1920 , 9582 , 248.90 , -69.8 , 55 , 26.36 , 0.841 , 0.034 , 20.14 , 205.15
1930 , 9619 , 247.35 , -70.0 , 55 , 26.30 , 0.857 , 0.035 , 20.19 , 205.11
1940 , 9658 , 245.75 , -70.3 , 55 , 26.25 , 0.873 , 0.036 , 20.23 , 205.07
1950 , 9698 , 244.12 , -70.6 , 55 , 26.19 , 0.904 , 0.037 , 20.28 , 205.02
1960 , 9738 , 242.45 , -70.9 , 55 , 26.12 , 0.923 , 0.038 , 20.33 , 204.97
1970 , 9781 , 240.71 , -71.3 , 55 , 26.07 , 0.942 , 0.039 , 20.38 , 204.92
1980 , 9822 , 239.04 , -71.6 , 55 , 26.01 , 0.955 , 0.040 , 20.43 , 204.86
1990 , 9861 , 237.47 , -72.0 , 55 , 25.94 , 0.959 , 0.040 , 20.48 , 204.81
2000 , 9901 , 235.86 , -72.3 , 56 , 25.87 , 0.953 , 0.040 , 20.53 , 204.76
2010 , 9941 , 234.26 , -72.7 , 56 , 25.81 , 0.958 , 0.041 , 20.58 , 204.71
2020 , 9980 , 232.72 , -72.9 , 56 , 25.76 , 0.964 , 0.041 , 20.63 , 204.66
2030 , 10018 , 231.21 , -73.2 , 56 , 25.70 , 0.966 , 0.042 , 20.68 , 204.61
2040 , 10058 , 229.61 , -73.4 , 56 , 25.63 , 0.971 , 0.042 , 20.74 , 204.56
2050 , 10099 , 228.01 , -73.5 , 56 , 25.57 , 0.966 , 0.042 , 20.79 , 204.51
2060 , 10139 , 226.44 , -73.7 , 55 , 25.51 , 0.971 , 0.043 , 20.84 , 204.45
2070 , 10175 , 225.08 , -74.0 , 55 , 25.44 , 0.976 , 0.043 , 20.89 , 204.41
2080 , 10211 , 223.66 , -74.3 , 55 , 25.38 , 0.966 , 0.043 , 20.94 , 204.36
2090 , 10249 , 222.21 , -74.6 , 55 , 25.31 , 0.965 , 0.043 , 20.99 , 204.31
2100 , 10287 , 220.76 , -74.8 , 55 , 25.25 , 0.956 , 0.043 , 21.04 , 204.26
2110 , 10326 , 219.30 , -75.1 , 55 , 25.19 , 0.942 , 0.043 , 21.09 , 204.21
2120 , 10366 , 217.79 , -75.4 , 55 , 25.13 , 0.919 , 0.042 , 21.14 , 204.16
2130 , 10411 , 216.09 , -75.8 , 55 , 25.06 , 0.897 , 0.041 , 21.19 , 204.10
2140 , 10451 , 214.62 , -76.1 , 55 , 25.00 , 0.872 , 0.041 , 21.24 , 204.05
2150 , 10488 , 213.24 , -76.2 , 55 , 24.94 , 0.857 , 0.040 , 21.29 , 204.01
2160 , 10525 , 211.85 , -76.4 , 55 , 24.88 , 0.794 , 0.037 , 21.33 , 203.97
2170 , 10566 , 210.35 , -76.7 , 55 , 24.81 , 0.765 , 0.036 , 21.37 , 203.92
2180 , 10605 , 208.93 , -77.0 , 55 , 24.75 , 0.770 , 0.037 , 21.41 , 203.88
2190 , 10647 , 207.42 , -77.2 , 56 , 24.69 , 0.812 , 0.039 , 21.46 , 203.84
2200 , 10688 , 205.93 , -77.4 , 56 , 24.62 , 0.882 , 0.043 , 21.51 , 203.79
2210 , 10730 , 204.43 , -77.5 , 56 , 24.55 , 0.908 , 0.044 , 21.56 , 203.74
2220 , 10769 , 203.04 , -77.5 , 56 , 24.49 , 0.932 , 0.046 , 21.61 , 203.69
2230 , 10808 , 201.67 , -77.6 , 56 , 24.42 , 0.891 , 0.044 , 21.66 , 203.64
2240 , 10848 , 200.26 , -77.7 , 56 , 24.36 , 0.996 , 0.050 , 21.71 , 203.59
2250 , 10890 , 198.81 , -77.9 , 56 , 24.29 , 1.103 , 0.055 , 21.77 , 203.53
2260 , 10929 , 197.43 , -77.8 , 56 , 24.22 , 1.389 , 0.070 , 21.84 , 203.46
2270 , 10970 , 196.02 , -77.9 , 56 , 24.15 , 1.673 , 0.085 , 21.92 , 203.37
2280 , 11011 , 194.62 , -78.0 , 56 , 24.08 , 1.753 , 0.090 , 22.02 , 203.28
2290 , 11052 , 193.25 , -78.0 , 56 , 24.02 , 1.784 , 0.092 , 22.12 , 203.18
2300 , 11092 , 191.89 , -77.9 , 56 , 23.95 , 1.850 , 0.096 , 22.22 , 203.08
2310 , 11131 , 190.60 , -77.6 , 56 , 23.88 , 2.055 , 0.108 , 22.32 , 202.97
2320 , 11176 , 189.09 , -77.4 , 56 , 23.81 , 2.462 , 0.130 , 22.47 , 202.83
2330 , 11230 , 187.31 , -77.7 , 56 , 23.75 , 2.836 , 0.151 , 22.66 , 202.63
2340 , 11288 , 185.44 , -77.9 , 56 , 23.68 , 3.037 , 0.164 , 22.90 , 202.40
2350 , 11333 , 183.98 , -77.8 , 56 , 23.61 , 3.121 , 0.170 , 23.09 , 202.21
2360 , 11371 , 182.74 , -77.8 , 56 , 23.54 , 3.166 , 0.173 , 23.26 , 202.04
2370 , 11409 , 181.55 , -78.0 , 56 , 23.46 , 3.216 , 0.177 , 23.42 , 201.87
2380 , 11447 , 180.33 , -78.0 , 56 , 23.39 , 3.247 , 0.180 , 23.59 , 201.70
2390 , 11485 , 179.15 , -78.2 , 56 , 23.31 , 3.267 , 0.182 , 23.76 , 201.54
2400 , 11520 , 178.05 , -78.2 , 56 , 23.25 , 3.304 , 0.186 , 23.92 , 201.37
2410 , 11555 , 176.96 , -78.0 , 56 , 23.19 , 3.294 , 0.186 , 24.08 , 201.21
2420 , 11591 , 175.85 , -78.1 , 56 , 23.11 , 3.159 , 0.180 , 24.24 , 201.05
2430 , 11628 , 174.71 , -78.2 , 56 , 23.04 , 3.017 , 0.173 , 24.40 , 200.90
2440 , 11664 , 173.61 , -78.4 , 55 , 22.97 , 2.901 , 0.167 , 24.55 , 200.75
2450 , 11700 , 172.53 , -78.5 , 55 , 22.90 , 2.859 , 0.166 , 24.69 , 200.61
2460 , 11737 , 171.42 , -78.6 , 55 , 22.83 , 2.910 , 0.170 , 24.84 , 200.46
2470 , 11774 , 170.31 , -78.6 , 55 , 22.76 , 3.008 , 0.177 , 24.99 , 200.31
2480 , 11808 , 169.27 , -78.4 , 55 , 22.69 , 3.186 , 0.188 , 25.14 , 200.16
2490 , 11843 , 168.24 , -78.0 , 55 , 22.62 , 3.441 , 0.205 , 25.30 , 200.00
2500 , 11878 , 167.23 , -77.8 , 55 , 22.55 , 3.727 , 0.223 , 25.47 , 199.83
2510 , 11915 , 166.15 , -77.7 , 55 , 22.48 , 3.997 , 0.241 , 25.67 , 199.63
2520 , 11954 , 165.00 , -77.9 , 55 , 22.41 , 4.321 , 0.262 , 25.89 , 199.40
2530 , 11991 , 163.94 , -78.2 , 55 , 22.33 , 4.479 , 0.273 , 26.12 , 199.18
2540 , 12029 , 162.86 , -78.3 , 55 , 22.25 , 4.624 , 0.284 , 26.35 , 198.94
2550 , 12069 , 161.73 , -78.4 , 55 , 22.18 , 4.702 , 0.291 , 26.61 , 198.69
2560 , 12110 , 160.55 , -78.3 , 55 , 22.10 , 4.687 , 0.292 , 26.88 , 198.41
2570 , 12155 , 159.30 , -78.1 , 55 , 22.03 , 4.613 , 0.290 , 27.17 , 198.13
2580 , 12201 , 158.01 , -78.3 , 55 , 21.96 , 4.631 , 0.293 , 27.46 , 197.83
2590 , 12241 , 156.92 , -78.5 , 55 , 21.90 , 4.528 , 0.289 , 27.72 , 197.58
2600 , 12277 , 155.91 , -78.7 , 55 , 21.83 , 4.545 , 0.291 , 27.95 , 197.35
2610 , 12319 , 154.78 , -78.9 , 55 , 21.76 , 4.533 , 0.293 , 28.21 , 197.09
2620 , 12358 , 153.71 , -78.9 , 55 , 21.70 , 4.552 , 0.296 , 28.45 , 196.84
2630 , 12397 , 152.68 , -79.1 , 55 , 21.64 , 4.701 , 0.308 , 28.70 , 196.59
2640 , 12438 , 151.57 , -79.1 , 55 , 21.58 , 4.839 , 0.319 , 28.97 , 196.32
2650 , 12476 , 150.56 , -79.2 , 55 , 21.52 , 5.030 , 0.334 , 29.24 , 196.06
2660 , 12513 , 149.59 , -79.4 , 55 , 21.46 , 5.146 , 0.344 , 29.49 , 195.80
2670 , 12548 , 148.65 , -79.6 , 55 , 21.40 , 5.243 , 0.353 , 29.75 , 195.54
2680 , 12586 , 147.67 , -79.6 , 54 , 21.34 , 5.289 , 0.358 , 30.03 , 195.27
2690 , 12625 , 146.65 , -79.4 , 54 , 21.27 , 5.367 , 0.366 , 30.32 , 194.97
2700 , 12668 , 145.56 , -79.1 , 54 , 21.20 , 5.468 , 0.376 , 30.64 , 194.66
2710 , 12709 , 144.51 , -79.2 , 54 , 21.13 , 5.584 , 0.386 , 30.96 , 194.34
2720 , 12747 , 143.53 , -79.3 , 54 , 21.07 , 5.606 , 0.391 , 31.26 , 194.04
2730 , 12786 , 142.55 , -79.4 , 54 , 21.00 , 5.584 , 0.392 , 31.56 , 193.74
2740 , 12822 , 141.64 , -79.5 , 54 , 20.94 , 5.670 , 0.400 , 31.84 , 193.45
2750 , 12858 , 140.75 , -79.6 , 54 , 20.88 , 5.638 , 0.401 , 32.12 , 193.17
2760 , 12892 , 139.91 , -79.6 , 54 , 20.82 , 5.611 , 0.401 , 32.39 , 192.91
2770 , 12927 , 139.06 , -79.6 , 54 , 20.75 , 5.570 , 0.401 , 32.66 , 192.64
2780 , 12963 , 138.17 , -79.6 , 54 , 20.69 , 5.492 , 0.397 , 32.94 , 192.36
2790 , 13001 , 137.26 , -79.7 , 53 , 20.62 , 5.435 , 0.396 , 33.22 , 192.07
2800 , 13036 , 136.41 , -79.9 , 53 , 20.56 , 5.383 , 0.395 , 33.49 , 191.81
2810 , 13071 , 135.57 , -80.0 , 53 , 20.49 , 5.364 , 0.396 , 33.75 , 191.54
2820 , 13108 , 134.68 , -80.1 , 53 , 20.42 , 5.366 , 0.398 , 34.03 , 191.27
2830 , 13144 , 133.81 , -80.2 , 53 , 20.35 , 5.357 , 0.400 , 34.30 , 190.99
2840 , 13180 , 132.98 , -80.1 , 53 , 20.29 , 5.367 , 0.404 , 34.57 , 190.73
2850 , 13217 , 132.10 , -80.0 , 53 , 20.22 , 5.321 , 0.403 , 34.85 , 190.45
2860 , 13254 , 131.24 , -80.1 , 53 , 20.16 , 5.264 , 0.401 , 35.12 , 190.17
2870 , 13289 , 130.43 , -80.0 , 53 , 20.09 , 5.294 , 0.406 , 35.38 , 189.92
2880 , 13326 , 129.58 , -80.0 , 53 , 20.02 , 5.395 , 0.416 , 35.65 , 189.64
2890 , 13364 , 128.72 , -79.8 , 53 , 19.95 , 5.732 , 0.445 , 35.95 , 189.35
2900 , 13402 , 127.84 , -79.8 , 53 , 19.89 , 5.877 , 0.460 , 36.26 , 189.04
2910 , 13440 , 127.00 , -79.9 , 53 , 19.83 , 5.641 , 0.444 , 36.56 , 188.74
2920 , 13477 , 126.17 , -80.1 , 52 , 19.76 , 5.239 , 0.415 , 36.84 , 188.46
2930 , 13513 , 125.36 , -80.1 , 52 , 19.71 , 4.845 , 0.386 , 37.10 , 188.20
2940 , 13550 , 124.56 , -80.4 , 52 , 19.64 , 4.606 , 0.370 , 37.34 , 187.96
2950 , 13589 , 123.70 , -80.4 , 52 , 19.57 , 4.457 , 0.360 , 37.58 , 187.71
2960 , 13627 , 122.85 , -80.6 , 52 , 19.50 , 4.503 , 0.367 , 37.83 , 187.47
2970 , 13664 , 122.05 , -80.7 , 51 , 19.44 , 4.728 , 0.387 , 38.07 , 187.23
2980 , 13703 , 121.20 , -80.6 , 51 , 19.39 , 5.026 , 0.415 , 38.33 , 186.96
2990 , 13742 , 120.38 , -80.4 , 51 , 19.32 , 6.047 , 0.502 , 38.63 , 186.66
3000 , 13780 , 119.56 , -80.2 , 51 , 19.27 , 7.406 , 0.619 , 38.99 , 186.30
3010 , 13819 , 118.75 , -80.2 , 51 , 19.20 , 8.279 , 0.697 , 39.42 , 185.88
3020 , 13857 , 117.95 , -80.3 , 51 , 19.13 , 8.454 , 0.717 , 39.86 , 185.43
3030 , 13896 , 117.13 , -80.1 , 51 , 19.08 , 8.644 , 0.738 , 40.33 , 184.96
3040 , 13936 , 116.31 , -80.0 , 50 , 19.02 , 9.046 , 0.778 , 40.82 , 184.47
3050 , 13973 , 115.55 , -79.8 , 50 , 18.96 , 9.603 , 0.831 , 41.30 , 183.99
3060 , 14012 , 114.76 , -79.7 , 50 , 18.89 , 10.165 , 0.886 , 41.84 , 183.46
3070 , 14054 , 113.92 , -79.8 , 50 , 18.83 , 10.641 , 0.934 , 42.44 , 182.86
3080 , 14093 , 113.13 , -80.0 , 50 , 18.77 , 10.962 , 0.969 , 43.03 , 182.26
3090 , 14130 , 112.39 , -80.0 , 49 , 18.71 , 11.179 , 0.995 , 43.61 , 181.69
3100 , 14169 , 111.63 , -79.8 , 49 , 18.65 , 11.267 , 1.009 , 44.21 , 181.08
3110 , 14207 , 110.88 , -79.8 , 49 , 18.59 , 11.447 , 1.032 , 44.82 , 180.48
3120 , 14245 , 110.13 , -79.9 , 48 , 18.52 , 11.685 , 1.061 , 45.44 , 179.86
3130 , 14284 , 109.37 , -80.0 , 48 , 18.46 , 11.941 , 1.092 , 46.08 , 179.21
3140 , 14322 , 108.63 , -80.1 , 48 , 18.40 , 12.446 , 1.146 , 46.73 , 178.57
3150 , 14361 , 107.90 , -80.0 , 48 , 18.34 , 12.837 , 1.190 , 47.41 , 177.89
3160 , 14399 , 107.17 , -80.3 , 47 , 18.28 , 13.257 , 1.237 , 48.10 , 177.19
3170 , 14436 , 106.47 , -80.3 , 47 , 18.22 , 13.439 , 1.262 , 48.80 , 176.50
3180 , 14474 , 105.76 , -80.2 , 47 , 18.16 , 13.622 , 1.288 , 49.50 , 175.79
3190 , 14512 , 105.05 , -80.2 , 47 , 18.10 , 13.789 , 1.313 , 50.24 , 175.05
3200 , 14551 , 104.32 , -80.3 , 46 , 18.04 , 13.894 , 1.332 , 51.00 , 174.29
3210 , 14591 , 103.59 , -80.3 , 46 , 17.98 , 14.012 , 1.353 , 51.77 , 173.52
3220 , 14629 , 102.89 , -80.5 , 46 , 17.91 , 13.945 , 1.355 , 52.52 , 172.77
3230 , 14669 , 102.17 , -80.6 , 46 , 17.85 , 13.851 , 1.356 , 53.30 , 172.00
3240 , 14708 , 101.46 , -80.6 , 45 , 17.79 , 13.649 , 1.345 , 54.04 , 171.25
3250 , 14748 , 100.75 , -80.8 , 45 , 17.73 , 13.512 , 1.341 , 54.80 , 170.49
3260 , 14784 , 100.10 , -80.9 , 45 , 17.66 , 13.369 , 1.336 , 55.49 , 169.80
3270 , 14823 , 99.41 , -81.1 , 45 , 17.61 , 13.224 , 1.330 , 56.21 , 169.09
3280 , 14863 , 98.70 , -81.2 , 45 , 17.55 , 13.102 , 1.327 , 56.95 , 168.34
3290 , 14904 , 97.98 , -81.2 , 44 , 17.50 , 12.976 , 1.324 , 57.71 , 167.59
3300 , 14945 , 97.27 , -81.2 , 44 , 17.44 , 12.949 , 1.331 , 58.46 , 166.84
3310 , 14985 , 96.58 , -81.2 , 44 , 17.38 , 13.026 , 1.349 , 59.18 , 166.11
3320 , 15028 , 95.84 , -81.0 , 44 , 17.32 , 13.114 , 1.368 , 59.97 , 165.32
3330 , 15073 , 95.08 , -81.1 , 44 , 17.26 , 13.167 , 1.385 , 60.80 , 164.49
3340 , 15119 , 94.32 , -81.3 , 44 , 17.20 , 13.068 , 1.386 , 61.64 , 163.66
3350 , 15159 , 93.64 , -81.6 , 43 , 17.15 , 13.181 , 1.408 , 62.38 , 162.92
3360 , 15198 , 92.98 , -81.7 , 43 , 17.09 , 13.120 , 1.411 , 63.12 , 162.18
3370 , 15238 , 92.32 , -81.6 , 43 , 17.02 , 13.093 , 1.418 , 63.85 , 161.44
3380 , 15280 , 91.64 , -81.5 , 43 , 16.97 , 13.369 , 1.459 , 64.63 , 160.67
3390 , 15321 , 90.96 , -81.4 , 43 , 16.91 , 13.592 , 1.494 , 65.41 , 159.88
3400 , 15361 , 90.33 , -81.3 , 42 , 16.85 , 13.915 , 1.540 , 66.17 , 159.12
3410 , 15400 , 89.69 , -81.4 , 42 , 16.79 , 14.180 , 1.581 , 66.96 , 158.34
3420 , 15440 , 89.06 , -81.6 , 42 , 16.73 , 14.369 , 1.613 , 67.76 , 157.54
3430 , 15480 , 88.43 , -81.6 , 42 , 16.67 , 14.479 , 1.637 , 68.57 , 156.73
3440 , 15519 , 87.81 , -81.7 , 42 , 16.61 , 14.553 , 1.657 , 69.37 , 155.93
3450 , 15558 , 87.21 , -81.7 , 42 , 16.56 , 14.675 , 1.683 , 70.16 , 155.14
3460 , 15596 , 86.62 , -81.8 , 41 , 16.50 , 14.720 , 1.699 , 70.95 , 154.35
3470 , 15633 , 86.04 , -81.6 , 41 , 16.43 , 14.874 , 1.729 , 71.73 , 153.57
3480 , 15671 , 85.47 , -81.2 , 41 , 16.37 , 15.076 , 1.764 , 72.52 , 152.78
3490 , 15707 , 84.91 , -81.1 , 41 , 16.31 , 15.312 , 1.803 , 73.30 , 152.00
3500 , 15745 , 84.35 , -81.1 , 41 , 16.25 , 15.422 , 1.828 , 74.12 , 151.18
3510 , 15783 , 83.78 , -81.1 , 40 , 16.18 , 15.374 , 1.835 , 74.93 , 150.37
3520 , 15821 , 83.21 , -80.8 , 40 , 16.12 , 15.393 , 1.850 , 75.76 , 149.54
3530 , 15858 , 82.68 , -80.8 , 40 , 16.06 , 15.388 , 1.861 , 76.55 , 148.75
3540 , 15896 , 82.11 , -81.2 , 40 , 16.00 , 15.213 , 1.853 , 77.37 , 147.92
3550 , 15933 , 81.57 , -81.0 , 40 , 15.94 , 15.051 , 1.845 , 78.16 , 147.14
3560 , 15968 , 81.07 , -81.0 , 40 , 15.89 , 14.903 , 1.838 , 78.89 , 146.40
3570 , 16006 , 80.53 , -81.0 , 39 , 15.83 , 14.679 , 1.823 , 79.67 , 145.63
3580 , 16043 , 79.99 , -81.0 , 39 , 15.77 , 14.423 , 1.803 , 80.44 , 144.86
3590 , 16080 , 79.48 , -80.6 , 39 , 15.71 , 13.805 , 1.737 , 81.16 , 144.14
3600 , 16119 , 78.92 , -80.8 , 39 , 15.66 , 13.296 , 1.685 , 81.91 , 143.39
3610 , 16158 , 78.38 , -81.1 , 39 , 15.61 , 12.763 , 1.628 , 82.61 , 142.68
3620 , 16197 , 77.83 , -81.4 , 39 , 15.56 , 12.301 , 1.580 , 83.31 , 141.99
3630 , 16236 , 77.29 , -81.7 , 39 , 15.49 , 11.947 , 1.546 , 83.97 , 141.32
3640 , 16274 , 76.77 , -81.7 , 39 , 15.44 , 11.681 , 1.522 , 84.61 , 140.69
3650 , 16316 , 76.21 , -81.7 , 38 , 15.38 , 11.689 , 1.534 , 85.28 , 140.01
3660 , 16356 , 75.65 , -81.9 , 38 , 15.31 , 11.697 , 1.546 , 85.96 , 139.34
3670 , 16398 , 75.10 , -81.7 , 38 , 15.25 , 11.634 , 1.549 , 86.64 , 138.66
3680 , 16439 , 74.54 , -81.9 , 38 , 15.20 , 11.634 , 1.561 , 87.32 , 137.98
3690 , 16481 , 74.00 , -82.2 , 38 , 15.14 , 11.586 , 1.566 , 87.99 , 137.30
3700 , 16522 , 73.44 , -82.2 , 38 , 15.08 , 11.602 , 1.580 , 88.68 , 136.62
3710 , 16564 , 72.90 , -82.4 , 38 , 15.02 , 11.744 , 1.611 , 89.37 , 135.93
3720 , 16606 , 72.35 , -82.5 , 38 , 14.96 , 11.957 , 1.653 , 90.07 , 135.22
3730 , 16649 , 71.80 , -82.4 , 38 , 14.90 , 12.031 , 1.676 , 90.79 , 134.50
3740 , 16691 , 71.26 , -82.5 , 38 , 14.83 , 12.067 , 1.693 , 91.51 , 133.79
3750 , 16732 , 70.73 , -82.7 , 38 , 14.77 , 12.094 , 1.710 , 92.22 , 133.08
3760 , 16774 , 70.21 , -82.7 , 38 , 14.71 , 12.071 , 1.719 , 92.93 , 132.37
3770 , 16817 , 69.67 , -82.8 , 38 , 14.66 , 11.967 , 1.718 , 93.67 , 131.63
3780 , 16859 , 69.14 , -82.7 , 38 , 14.60 , 12.146 , 1.757 , 94.39 , 130.91
3790 , 16900 , 68.63 , -82.7 , 38 , 14.54 , 12.434 , 1.812 , 95.10 , 130.20
3800 , 16944 , 68.10 , -82.9 , 38 , 14.49 , 12.647 , 1.857 , 95.87 , 129.42
3810 , 16978 , 67.68 , -83.0 , 38 , 14.43 , 12.754 , 1.884 , 96.50 , 128.80
3820 , 17016 , 67.22 , -83.0 , 38 , 14.38 , 13.007 , 1.935 , 97.19 , 128.10
3830 , 17055 , 66.76 , -83.0 , 38 , 14.32 , 13.216 , 1.980 , 97.90 , 127.40
3840 , 17094 , 66.29 , -83.1 , 38 , 14.27 , 13.342 , 2.013 , 98.63 , 126.66
3850 , 17128 , 65.89 , -83.0 , 38 , 14.22 , 13.219 , 2.006 , 99.28 , 126.02
3860 , 17172 , 65.36 , -83.0 , 38 , 14.16 , 12.852 , 1.966 , 100.10 , 125.20
3870 , 17213 , 64.88 , -83.1 , 38 , 14.10 , 12.804 , 1.974 , 100.85 , 124.45
3880 , 17243 , 64.53 , -83.1 , 38 , 14.06 , 12.792 , 1.982 , 101.39 , 123.91
3890 , 17280 , 64.11 , -82.8 , 38 , 14.00 , 12.860 , 2.006 , 102.06 , 123.24
3900 , 17317 , 63.68 , -82.9 , 38 , 13.95 , 12.839 , 2.016 , 102.73 , 122.56
3910 , 17354 , 63.27 , -83.2 , 38 , 13.90 , 12.740 , 2.014 , 103.40 , 121.90
3920 , 17386 , 62.90 , -83.2 , 38 , 13.85 , 12.473 , 1.983 , 103.98 , 121.32
3930 , 17435 , 62.35 , -83.3 , 38 , 13.78 , 11.794 , 1.892 , 104.82 , 120.47
3940 , 17466 , 62.00 , -83.2 , 38 , 13.74 , 11.157 , 1.799 , 105.32 , 119.98
3950 , 17505 , 61.57 , -83.4 , 38 , 13.69 , 10.603 , 1.722 , 105.92 , 119.37
3960 , 17544 , 61.13 , -83.6 , 38 , 13.63 , 10.173 , 1.664 , 106.51 , 118.78
3970 , 17585 , 60.68 , -83.6 , 38 , 13.58 , 9.913 , 1.633 , 107.09 , 118.21
3980 , 17622 , 60.28 , -83.5 , 38 , 13.53 , 9.777 , 1.622 , 107.61 , 117.68
3990 , 17678 , 59.68 , -83.4 , 38 , 13.45 , 9.912 , 1.661 , 108.39 , 116.91
4000 , 17711 , 59.33 , -83.4 , 38 , 13.41 , 10.121 , 1.706 , 108.86 , 116.44
4010 , 17754 , 58.86 , -83.5 , 38 , 13.35 , 10.327 , 1.754 , 109.49 , 115.81
4020 , 17800 , 58.38 , -83.5 , 38 , 13.30 , 10.223 , 1.751 , 110.16 , 115.14
4030 , 17843 , 57.93 , -83.6 , 38 , 13.24 , 9.870 , 1.704 , 110.77 , 114.53
4040 , 17881 , 57.54 , -83.6 , 38 , 13.19 , 9.595 , 1.668 , 111.29 , 114.00
4050 , 17935 , 56.98 , -83.6 , 38 , 13.12 , 9.468 , 1.662 , 112.02 , 113.27
4060 , 17982 , 56.50 , -83.4 , 38 , 13.07 , 9.375 , 1.659 , 112.66 , 112.64
4070 , 18016 , 56.16 , -83.4 , 38 , 13.01 , 9.416 , 1.677 , 113.11 , 112.19
4080 , 18059 , 55.72 , -83.6 , 38 , 12.96 , 9.526 , 1.710 , 113.70 , 111.60
4090 , 18101 , 55.29 , -83.9 , 38 , 12.90 , 9.625 , 1.741 , 114.27 , 111.03
4100 , 18142 , 54.89 , -84.0 , 38 , 12.85 , 9.697 , 1.767 , 114.83 , 110.47
4110 , 18178 , 54.53 , -84.0 , 38 , 12.80 , 9.708 , 1.780 , 115.33 , 109.97
4120 , 18233 , 53.99 , -84.2 , 38 , 12.73 , 9.732 , 1.802 , 116.09 , 109.21
4130 , 18265 , 53.68 , -84.3 , 38 , 12.68 , 9.775 , 1.821 , 116.54 , 108.76
4140 , 18304 , 53.31 , -84.6 , 38 , 12.63 , 9.806 , 1.840 , 117.08 , 108.22
4150 , 18341 , 52.95 , -84.7 , 38 , 12.57 , 9.806 , 1.852 , 117.60 , 107.70
4160 , 18378 , 52.60 , -84.7 , 38 , 12.51 , 9.828 , 1.869 , 118.11 , 107.18
4170 , 18412 , 52.28 , -84.6 , 38 , 12.46 , 10.009 , 1.915 , 118.59 , 106.70
4180 , 18460 , 51.82 , -84.5 , 38 , 12.39 , 10.184 , 1.965 , 119.30 , 105.99
4190 , 18490 , 51.54 , -84.4 , 38 , 12.34 , 10.250 , 1.989 , 119.73 , 105.57
4200 , 18524 , 51.22 , -84.3 , 38 , 12.29 , 10.314 , 2.013 , 120.23 , 105.07
4210 , 18559 , 50.90 , -84.4 , 38 , 12.23 , 10.370 , 2.038 , 120.75 , 104.54
4220 , 18595 , 50.57 , -84.4 , 38 , 12.18 , 10.341 , 2.045 , 121.28 , 104.02
4230 , 18628 , 50.26 , -84.4 , 38 , 12.13 , 10.283 , 2.046 , 121.77 , 103.53
4240 , 18676 , 49.84 , -84.3 , 37 , 12.05 , 10.177 , 2.042 , 122.46 , 102.83
4250 , 18704 , 49.58 , -84.4 , 37 , 12.01 , 10.115 , 2.040 , 122.88 , 102.42
4260 , 18740 , 49.26 , -84.1 , 37 , 11.96 , 10.055 , 2.041 , 123.39 , 101.91
4270 , 18776 , 48.94 , -83.7 , 37 , 11.90 , 10.039 , 2.051 , 123.91 , 101.38
4280 , 18813 , 48.61 , -83.9 , 37 , 11.84 , 10.019 , 2.061 , 124.44 , 100.85
4290 , 18852 , 48.27 , -84.1 , 37 , 11.79 , 10.074 , 2.087 , 125.00 , 100.30
4300 , 18893 , 47.92 , -84.0 , 37 , 11.74 , 10.124 , 2.113 , 125.58 , 99.72
4310 , 18934 , 47.57 , -84.0 , 37 , 11.68 , 10.169 , 2.138 , 126.17 , 99.12
4320 , 18974 , 47.22 , -83.8 , 37 , 11.63 , 10.092 , 2.137 , 126.76 , 98.54
4330 , 19015 , 46.87 , -84.0 , 37 , 11.57 , 10.109 , 2.157 , 127.34 , 97.95
4340 , 19058 , 46.51 , -84.2 , 37 , 11.53 , 10.031 , 2.157 , 127.97 , 97.33
4350 , 19103 , 46.13 , -84.5 , 37 , 11.48 , 9.989 , 2.165 , 128.61 , 96.69
4360 , 19148 , 45.75 , -84.9 , 37 , 11.45 , 9.914 , 2.167 , 129.25 , 96.04
4370 , 19192 , 45.39 , -85.0 , 36 , 11.41 , 9.734 , 2.144 , 129.87 , 95.42
4380 , 19238 , 45.02 , -84.5 , 36 , 11.37 , 9.548 , 2.121 , 130.50 , 94.79
4390 , 19284 , 44.65 , -84.7 , 36 , 11.33 , 9.350 , 2.094 , 131.12 , 94.18
4400 , 19329 , 44.28 , -84.9 , 36 , 11.30 , 9.191 , 2.076 , 131.72 , 93.58
4410 , 19374 , 43.92 , -85.2 , 36 , 11.26 , 9.106 , 2.073 , 132.31 , 92.98
4420 , 19419 , 43.57 , -85.2 , 36 , 11.22 , 9.017 , 2.070 , 132.89 , 92.41
4430 , 19463 , 43.22 , -85.2 , 36 , 11.18 , 8.962 , 2.074 , 133.46 , 91.83
4440 , 19506 , 42.88 , -85.4 , 36 , 11.14 , 8.916 , 2.080 , 134.02 , 91.28
4450 , 19550 , 42.54 , -85.6 , 36 , 11.10 , 8.879 , 2.087 , 134.58 , 90.72
4460 , 19592 , 42.22 , -85.4 , 36 , 11.06 , 8.844 , 2.095 , 135.11 , 90.19
4470 , 19634 , 41.89 , -85.4 , 36 , 11.02 , 8.803 , 2.101 , 135.64 , 89.65
4480 , 19673 , 41.59 , -85.5 , 36 , 10.97 , 8.805 , 2.117 , 136.14 , 89.16
4490 , 19713 , 41.29 , -85.8 , 36 , 10.92 , 8.768 , 2.123 , 136.64 , 88.65
4500 , 19753 , 41.00 , -85.7 , 36 , 10.87 , 8.729 , 2.129 , 137.14 , 88.16
4510 , 19792 , 40.70 , -85.7 , 36 , 10.82 , 8.682 , 2.133 , 137.63 , 87.67
4520 , 19828 , 40.43 , -85.7 , 36 , 10.77 , 8.662 , 2.142 , 138.09 , 87.21
4530 , 19866 , 40.15 , -85.8 , 36 , 10.71 , 8.612 , 2.145 , 138.56 , 86.74
4540 , 19904 , 39.88 , -85.7 , 35 , 10.66 , 8.572 , 2.149 , 139.02 , 86.27
4550 , 19942 , 39.60 , -85.7 , 35 , 10.60 , 8.487 , 2.143 , 139.49 , 85.81
4560 , 19980 , 39.33 , -85.8 , 35 , 10.55 , 8.494 , 2.160 , 139.96 , 85.34
4570 , 20019 , 39.05 , -85.7 , 35 , 10.49 , 8.467 , 2.168 , 140.43 , 84.86
4580 , 20058 , 38.78 , -85.6 , 35 , 10.44 , 8.486 , 2.189 , 140.91 , 84.39
4590 , 20099 , 38.49 , -85.6 , 35 , 10.38 , 8.522 , 2.214 , 141.41 , 83.88
4600 , 20142 , 38.19 , -85.8 , 35 , 10.33 , 8.535 , 2.235 , 141.93 , 83.37
4610 , 20186 , 37.88 , -85.8 , 35 , 10.27 , 8.512 , 2.247 , 142.47 , 82.82
4620 , 20230 , 37.58 , -85.9 , 35 , 10.21 , 8.473 , 2.255 , 143.01 , 82.29
4630 , 20276 , 37.26 , -86.1 , 35 , 10.16 , 8.416 , 2.258 , 143.58 , 81.72
4640 , 20324 , 36.94 , -85.8 , 35 , 10.10 , 8.364 , 2.264 , 144.15 , 81.15
4650 , 20372 , 36.62 , -85.8 , 35 , 10.05 , 8.292 , 2.264 , 144.72 , 80.57
4660 , 20421 , 36.29 , -86.0 , 35 , 9.99 , 8.277 , 2.281 , 145.31 , 79.98
4670 , 20473 , 35.95 , -86.0 , 35 , 9.94 , 8.208 , 2.283 , 145.93 , 79.37
4680 , 20524 , 35.62 , -86.1 , 35 , 9.89 , 8.210 , 2.305 , 146.53 , 78.77
4690 , 20578 , 35.27 , -85.8 , 35 , 9.84 , 8.101 , 2.297 , 147.17 , 78.13
4700 , 20631 , 34.93 , -86.2 , 35 , 9.78 , 8.061 , 2.308 , 147.78 , 77.51
4710 , 20686 , 34.58 , -86.6 , 35 , 9.73 , 7.972 , 2.306 , 148.42 , 76.87
4720 , 20741 , 34.23 , -86.7 , 34 , 9.68 , 7.917 , 2.313 , 149.05 , 76.25
4730 , 20792 , 33.91 , -86.9 , 34 , 9.63 , 7.861 , 2.318 , 149.63 , 75.67
4740 , 20844 , 33.59 , -87.3 , 34 , 9.58 , 7.786 , 2.318 , 150.22 , 75.07
4750 , 20894 , 33.28 , -87.6 , 34 , 9.52 , 7.728 , 2.322 , 150.78 , 74.51
4760 , 20943 , 32.98 , -87.7 , 34 , 9.47 , 7.702 , 2.335 , 151.34 , 73.96
4770 , 20989 , 32.71 , -87.8 , 34 , 9.42 , 7.653 , 2.340 , 151.85 , 73.45
4780 , 21034 , 32.44 , -87.8 , 34 , 9.36 , 7.565 , 2.332 , 152.35 , 72.95
4790 , 21077 , 32.18 , -87.7 , 34 , 9.31 , 7.501 , 2.331 , 152.82 , 72.48
4800 , 21119 , 31.93 , -87.5 , 34 , 9.26 , 7.393 , 2.315 , 153.28 , 72.02
4810 , 21159 , 31.70 , -86.9 , 34 , 9.21 , 7.417 , 2.340 , 153.71 , 71.59
4820 , 21196 , 31.48 , -86.9 , 34 , 9.16 , 7.367 , 2.340 , 154.10 , 71.20
4830 , 21235 , 31.26 , -86.9 , 34 , 9.11 , 7.330 , 2.345 , 154.51 , 70.79
4840 , 21270 , 31.06 , -86.6 , 34 , 9.05 , 7.318 , 2.356 , 154.88 , 70.41
4850 , 21307 , 30.85 , -86.4 , 34 , 9.00 , 7.290 , 2.363 , 155.27 , 70.02
4860 , 21343 , 30.65 , -86.3 , 34 , 8.95 , 7.250 , 2.365 , 155.65 , 69.65
4870 , 21379 , 30.45 , -86.5 , 34 , 8.90 , 7.242 , 2.379 , 156.03 , 69.27
4880 , 21417 , 30.23 , -86.6 , 34 , 8.85 , 7.173 , 2.372 , 156.43 , 68.87
4890 , 21455 , 30.02 , -86.6 , 34 , 8.80 , 7.116 , 2.370 , 156.82 , 68.48
4900 , 21495 , 29.81 , -86.5 , 34 , 8.75 , 7.069 , 2.371 , 157.22 , 68.07
4910 , 21537 , 29.58 , -86.0 , 34 , 8.70 , 7.012 , 2.371 , 157.66 , 67.64
4920 , 21581 , 29.34 , -85.7 , 34 , 8.65 , 6.995 , 2.384 , 158.09 , 67.20
4930 , 21627 , 29.09 , -85.5 , 34 , 8.59 , 6.950 , 2.389 , 158.56 , 66.73
4940 , 21675 , 28.84 , -85.8 , 34 , 8.54 , 6.920 , 2.399 , 159.04 , 66.26
4950 , 21721 , 28.60 , -86.0 , 34 , 8.50 , 6.905 , 2.414 , 159.50 , 65.80
4960 , 21771 , 28.34 , -86.0 , 34 , 8.45 , 6.884 , 2.429 , 159.99 , 65.31
4970 , 21818 , 28.10 , -86.0 , 34 , 8.40 , 6.873 , 2.446 , 160.46 , 64.84
4980 , 21865 , 27.86 , -86.2 , 34 , 8.35 , 6.857 , 2.462 , 160.93 , 64.37
4990 , 21915 , 27.61 , -86.4 , 34 , 8.30 , 6.829 , 2.474 , 161.41 , 63.88
5000 , 21965 , 27.35 , -86.3 , 34 , 8.25 , 6.788 , 2.481 , 161.91 , 63.38
5010 , 22015 , 27.11 , -86.1 , 33 , 8.21 , 6.732 , 2.484 , 162.40 , 62.90
5020 , 22067 , 26.85 , -86.1 , 33 , 8.16 , 6.686 , 2.490 , 162.90 , 62.40
5030 , 22118 , 26.60 , -86.2 , 33 , 8.11 , 6.592 , 2.478 , 163.39 , 61.91
5040 , 22166 , 26.37 , -86.0 , 33 , 8.06 , 6.546 , 2.483 , 163.84 , 61.45
5050 , 22214 , 26.14 , -86.0 , 33 , 8.02 , 6.476 , 2.478 , 164.29 , 61.00
5060 , 22262 , 25.91 , -85.9 , 33 , 7.97 , 6.421 , 2.478 , 164.73 , 60.56
5070 , 22307 , 25.70 , -86.0 , 33 , 7.93 , 6.397 , 2.489 , 165.15 , 60.14
5080 , 22351 , 25.49 , -85.7 , 33 , 7.88 , 6.375 , 2.500 , 165.56 , 59.74
5090 , 22393 , 25.30 , -85.3 , 33 , 7.84 , 6.389 , 2.526 , 165.95 , 59.35
5100 , 22434 , 25.11 , -85.1 , 33 , 7.80 , 6.441 , 2.565 , 166.32 , 58.97
5110 , 22477 , 24.92 , -85.1 , 33 , 7.76 , 6.509 , 2.612 , 166.71 , 58.58
5120 , 22516 , 24.74 , -85.4 , 33 , 7.73 , 6.554 , 2.649 , 167.09 , 58.21
5130 , 22557 , 24.55 , -85.6 , 33 , 7.71 , 6.626 , 2.699 , 167.48 , 57.82
5140 , 22597 , 24.38 , -85.6 , 33 , 7.68 , 6.670 , 2.736 , 167.85 , 57.45
5150 , 22637 , 24.20 , -85.7 , 33 , 7.67 , 6.688 , 2.764 , 168.24 , 57.06
5160 , 22679 , 24.01 , -85.8 , 33 , 7.65 , 6.654 , 2.771 , 168.64 , 56.65
5170 , 22720 , 23.84 , -85.6 , 33 , 7.63 , 6.620 , 2.777 , 169.03 , 56.26
5180 , 22763 , 23.65 , -84.9 , 32 , 7.61 , 6.663 , 2.817 , 169.44 , 55.86
5190 , 22804 , 23.48 , -84.5 , 32 , 7.59 , 6.646 , 2.831 , 169.84 , 55.46
5200 , 22847 , 23.30 , -84.4 , 33 , 7.57 , 6.612 , 2.838 , 170.24 , 55.06
5210 , 22891 , 23.11 , -84.6 , 33 , 7.55 , 6.562 , 2.840 , 170.66 , 54.64
5220 , 22936 , 22.92 , -84.9 , 33 , 7.53 , 6.478 , 2.826 , 171.07 , 54.22
5230 , 22985 , 22.72 , -84.8 , 32 , 7.51 , 6.453 , 2.841 , 171.53 , 53.77
5240 , 23033 , 22.52 , -84.7 , 32 , 7.48 , 6.446 , 2.862 , 171.97 , 53.32
5250 , 23081 , 22.33 , -84.5 , 32 , 7.46 , 6.481 , 2.903 , 172.41 , 52.88
5260 , 23131 , 22.13 , -84.7 , 32 , 7.43 , 6.442 , 2.912 , 172.87 , 52.42
5270 , 23185 , 21.91 , -85.0 , 32 , 7.41 , 6.468 , 2.952 , 173.37 , 51.92
5280 , 23238 , 21.70 , -85.1 , 32 , 7.38 , 6.401 , 2.950 , 173.87 , 51.43
5290 , 23288 , 21.50 , -85.1 , 32 , 7.35 , 6.257 , 2.910 , 174.32 , 50.98
5300 , 23342 , 21.29 , -85.3 , 32 , 7.32 , 6.237 , 2.929 , 174.80 , 50.49
5310 , 23392 , 21.10 , -85.2 , 32 , 7.28 , 6.280 , 2.976 , 175.25 , 50.04
5320 , 23442 , 20.91 , -84.9 , 31 , 7.24 , 6.272 , 2.999 , 175.70 , 49.60
5330 , 23487 , 20.74 , -85.1 , 31 , 7.19 , 6.227 , 3.002 , 176.10 , 49.19
5340 , 23530 , 20.58 , -85.4 , 31 , 7.15 , 6.218 , 3.022 , 176.49 , 48.81
5350 , 23574 , 20.41 , -85.5 , 31 , 7.12 , 6.186 , 3.030 , 176.88 , 48.42
5360 , 23614 , 20.27 , -85.8 , 31 , 7.08 , 6.124 , 3.022 , 177.23 , 48.06
5370 , 23659 , 20.10 , -85.7 , 31 , 7.05 , 6.058 , 3.013 , 177.62 , 47.67
5380 , 23701 , 19.95 , -85.5 , 31 , 7.01 , 5.981 , 2.999 , 177.99 , 47.30
5390 , 23746 , 19.79 , -85.3 , 31 , 6.98 , 5.914 , 2.989 , 178.37 , 46.92
5400 , 23788 , 19.63 , -85.2 , 31 , 6.94 , 5.829 , 2.969 , 178.73 , 46.56
5410 , 23830 , 19.49 , -85.1 , 31 , 6.90 , 5.741 , 2.946 , 179.08 , 46.22
5420 , 23869 , 19.35 , -84.6 , 31 , 6.86 , 5.666 , 2.928 , 179.39 , 45.90
5430 , 23909 , 19.21 , -84.4 , 31 , 6.82 , 5.571 , 2.901 , 179.72 , 45.58
5440 , 23953 , 19.06 , -84.5 , 31 , 6.78 , 5.475 , 2.873 , 180.06 , 45.23
5450 , 23996 , 18.91 , -84.5 , 31 , 6.76 , 5.404 , 2.858 , 180.40 , 44.90
5460 , 24043 , 18.75 , -84.7 , 31 , 6.73 , 5.325 , 2.841 , 180.76 , 44.53
5470 , 24091 , 18.58 , -84.9 , 30 , 6.70 , 5.259 , 2.830 , 181.13 , 44.17
5480 , 24143 , 18.41 , -84.9 , 30 , 6.67 , 5.160 , 2.803 , 181.51 , 43.78
5490 , 24195 , 18.24 , -84.2 , 30 , 6.64 , 5.094 , 2.793 , 181.89 , 43.40
5500 , 24247 , 18.07 , -84.1 , 30 , 6.59 , 5.023 , 2.780 , 182.27 , 43.03
5510 , 24304 , 17.88 , -84.3 , 30 , 6.54 , 4.948 , 2.767 , 182.67 , 42.63
5520 , 24358 , 17.71 , -84.1 , 30 , 6.48 , 4.860 , 2.745 , 183.05 , 42.24
5530 , 24409 , 17.55 , -83.6 , 30 , 6.43 , 4.770 , 2.719 , 183.40 , 41.90
5540 , 24456 , 17.40 , -83.7 , 30 , 6.38 , 4.696 , 2.699 , 183.72 , 41.58
5550 , 24507 , 17.24 , -84.0 , 30 , 6.33 , 4.662 , 2.704 , 184.06 , 41.24
5560 , 24555 , 17.09 , -84.2 , 30 , 6.28 , 4.648 , 2.720 , 184.38 , 40.92
5570 , 24606 , 16.93 , -84.6 , 30 , 6.23 , 4.604 , 2.719 , 184.71 , 40.59
5580 , 24650 , 16.80 , -84.4 , 29 , 6.17 , 4.563 , 2.717 , 185.00 , 40.29
5590 , 24692 , 16.67 , -83.9 , 29 , 6.11 , 4.532 , 2.718 , 185.27 , 40.02
5600 , 24732 , 16.55 , -83.6 , 29 , 6.05 , 4.516 , 2.728 , 185.53 , 39.76
5610 , 24769 , 16.44 , -83.2 , 29 , 5.99 , 4.483 , 2.727 , 185.77 , 39.53
5620 , 24804 , 16.34 , -83.2 , 29 , 5.92 , 4.446 , 2.721 , 185.99 , 39.31
5630 , 24839 , 16.24 , -83.4 , 29 , 5.86 , 4.410 , 2.717 , 186.21 , 39.08
5640 , 24873 , 16.14 , -83.5 , 29 , 5.80 , 4.387 , 2.719 , 186.42 , 38.88
5650 , 24904 , 16.05 , -83.1 , 29 , 5.74 , 4.333 , 2.700 , 186.62 , 38.68
5660 , 24933 , 15.96 , -83.1 , 29 , 5.68 , 4.305 , 2.697 , 186.79 , 38.50
5670 , 24961 , 15.88 , -82.7 , 28 , 5.62 , 4.303 , 2.709 , 186.96 , 38.33
5680 , 24992 , 15.80 , -82.3 , 28 , 5.56 , 4.274 , 2.706 , 187.15 , 38.14
5690 , 25024 , 15.70 , -81.9 , 28 , 5.50 , 4.246 , 2.704 , 187.34 , 37.95
5700 , 25061 , 15.60 , -82.0 , 28 , 5.44 , 4.239 , 2.717 , 187.56 , 37.73
5710 , 25099 , 15.50 , -82.2 , 28 , 5.38 , 4.204 , 2.713 , 187.79 , 37.51
5720 , 25138 , 15.39 , -82.2 , 28 , 5.32 , 4.167 , 2.708 , 188.02 , 37.27
5730 , 25182 , 15.27 , -81.8 , 28 , 5.26 , 4.172 , 2.732 , 188.28 , 37.02
5740 , 25226 , 15.15 , -81.6 , 28 , 5.21 , 4.191 , 2.767 , 188.54 , 36.76
5750 , 25273 , 15.02 , -81.8 , 28 , 5.15 , 4.168 , 2.775 , 188.82 , 36.48
5760 , 25322 , 14.89 , -81.7 , 28 , 5.10 , 4.148 , 2.785 , 189.10 , 36.20
5770 , 25373 , 14.76 , -81.5 , 27 , 5.04 , 4.143 , 2.808 , 189.40 , 35.90
5780 , 25423 , 14.63 , -81.5 , 27 , 4.98 , 4.144 , 2.834 , 189.69 , 35.60
5790 , 25472 , 14.50 , -81.7 , 27 , 4.93 , 4.156 , 2.867 , 189.98 , 35.32
5800 , 25519 , 14.38 , -81.3 , 27 , 4.88 , 4.126 , 2.870 , 190.25 , 35.04
5810 , 25568 , 14.25 , -81.0 , 27 , 4.82 , 4.128 , 2.896 , 190.54 , 34.76
5820 , 25614 , 14.14 , -80.8 , 27 , 4.77 , 4.118 , 2.913 , 190.80 , 34.49
5830 , 25658 , 14.02 , -80.2 , 26 , 4.72 , 4.093 , 2.919 , 191.06 , 34.24
5840 , 25699 , 13.93 , -79.5 , 26 , 4.67 , 4.095 , 2.941 , 191.29 , 34.01
5850 , 25739 , 13.83 , -79.5 , 26 , 4.62 , 4.067 , 2.941 , 191.51 , 33.78
5860 , 25776 , 13.74 , -79.5 , 26 , 4.57 , 4.043 , 2.943 , 191.72 , 33.57
5870 , 25813 , 13.65 , -79.6 , 26 , 4.52 , 4.005 , 2.935 , 191.93 , 33.36
5880 , 25850 , 13.56 , -79.1 , 26 , 4.47 , 3.976 , 2.932 , 192.14 , 33.16
5890 , 25888 , 13.47 , -78.5 , 25 , 4.42 , 3.940 , 2.925 , 192.35 , 32.95
5900 , 25924 , 13.38 , -77.9 , 25 , 4.38 , 3.833 , 2.864 , 192.54 , 32.76
5910 , 25963 , 13.29 , -77.3 , 25 , 4.33 , 3.709 , 2.790 , 192.74 , 32.55
5920 , 26006 , 13.19 , -76.8 , 25 , 4.28 , 3.840 , 2.910 , 192.97 , 32.33
5930 , 26047 , 13.10 , -76.9 , 25 , 4.24 , 3.921 , 2.993 , 193.18 , 32.11
5940 , 26095 , 12.99 , -76.9 , 24 , 4.19 , 3.933 , 3.028 , 193.45 , 31.85
5950 , 26142 , 12.89 , -76.5 , 24 , 4.15 , 3.937 , 3.055 , 193.70 , 31.60
5960 , 26190 , 12.78 , -76.4 , 24 , 4.11 , 3.913 , 3.062 , 193.95 , 31.34
5970 , 26240 , 12.67 , -76.2 , 23 , 4.06 , 3.889 , 3.070 , 194.22 , 31.08
5980 , 26288 , 12.56 , -76.2 , 23 , 4.02 , 3.860 , 3.073 , 194.48 , 30.82
5990 , 26340 , 12.45 , -76.4 , 23 , 3.98 , 3.842 , 3.086 , 194.75 , 30.54
6000 , 26397 , 12.33 , -76.8 , 23 , 3.93 , 3.814 , 3.094 , 195.05 , 30.25
6010 , 26449 , 12.22 , -77.2 , 23 , 3.89 , 3.789 , 3.102 , 195.32 , 29.98
6020 , 26503 , 12.10 , -77.1 , 22 , 3.85 , 3.751 , 3.099 , 195.60 , 29.69
6030 , 26554 , 11.99 , -77.2 , 22 , 3.80 , 3.710 , 3.093 , 195.86 , 29.43
6040 , 26602 , 11.89 , -77.1 , 22 , 3.76 , 3.666 , 3.082 , 196.11 , 29.19
6050 , 26654 , 11.79 , -77.0 , 21 , 3.72 , 3.640 , 3.088 , 196.37 , 28.93
6060 , 26705 , 11.68 , -76.9 , 21 , 3.68 , 3.606 , 3.086 , 196.62 , 28.67
6070 , 26751 , 11.59 , -76.9 , 21 , 3.63 , 3.585 , 3.093 , 196.85 , 28.45
6080 , 26797 , 11.50 , -77.0 , 20 , 3.59 , 3.552 , 3.089 , 197.08 , 28.22
6090 , 26842 , 11.41 , -76.9 , 20 , 3.55 , 3.529 , 3.094 , 197.30 , 28.00
6100 , 26884 , 11.32 , -77.1 , 20 , 3.51 , 3.489 , 3.081 , 197.50 , 27.80
6110 , 26929 , 11.24 , -77.0 , 20 , 3.47 , 3.466 , 3.084 , 197.71 , 27.58
6120 , 26969 , 11.16 , -77.2 , 19 , 3.43 , 3.427 , 3.071 , 197.90 , 27.39
6130 , 27007 , 11.08 , -77.4 , 19 , 3.39 , 3.405 , 3.072 , 198.08 , 27.21
6140 , 27048 , 11.01 , -77.5 , 19 , 3.35 , 3.380 , 3.071 , 198.27 , 27.02
6150 , 27085 , 10.93 , -77.6 , 19 , 3.30 , 3.360 , 3.073 , 198.45 , 26.85
6160 , 27121 , 10.86 , -77.5 , 19 , 3.26 , 3.313 , 3.049 , 198.61 , 26.68
6170 , 27161 , 10.79 , -77.2 , 18 , 3.23 , 3.297 , 3.055 , 198.79 , 26.51
6180 , 27199 , 10.72 , -77.1 , 18 , 3.19 , 3.248 , 3.030 , 198.96 , 26.34
6190 , 27238 , 10.65 , -76.9 , 18 , 3.15 , 3.219 , 3.023 , 199.14 , 26.16
6200 , 27280 , 10.57 , -77.2 , 18 , 3.11 , 3.204 , 3.031 , 199.32 , 25.97
6210 , 27319 , 10.50 , -77.5 , 18 , 3.07 , 3.174 , 3.024 , 199.49 , 25.80
6220 , 27360 , 10.42 , -77.7 , 17 , 3.03 , 3.134 , 3.007 , 199.67 , 25.62
6230 , 27406 , 10.34 , -77.5 , 17 , 2.99 , 3.105 , 3.003 , 199.87 , 25.43
6240 , 27454 , 10.25 , -77.2 , 17 , 2.95 , 3.073 , 2.997 , 200.07 , 25.22
6250 , 27501 , 10.17 , -76.1 , 16 , 2.92 , 3.053 , 3.002 , 200.27 , 25.02
6260 , 27553 , 10.08 , -75.8 , 16 , 2.88 , 3.043 , 3.020 , 200.49 , 24.81
6270 , 27607 , 9.98 , -75.8 , 16 , 2.84 , 3.017 , 3.022 , 200.71 , 24.58
6280 , 27659 , 9.89 , -76.1 , 16 , 2.80 , 2.983 , 3.015 , 200.93 , 24.37
6290 , 27712 , 9.80 , -76.2 , 16 , 2.77 , 2.956 , 3.015 , 201.14 , 24.16
6300 , 27767 , 9.71 , -76.3 , 16 , 2.73 , 2.941 , 3.028 , 201.36 , 23.93
6310 , 27829 , 9.61 , -76.4 , 16 , 2.69 , 2.893 , 3.011 , 201.61 , 23.69
6320 , 27880 , 9.52 , -76.5 , 15 , 2.66 , 2.863 , 3.006 , 201.81 , 23.49
6330 , 27931 , 9.44 , -76.8 , 15 , 2.62 , 2.832 , 3.001 , 202.01 , 23.29
6340 , 27984 , 9.35 , -77.1 , 15 , 2.58 , 2.809 , 3.004 , 202.21 , 23.08
6350 , 28032 , 9.27 , -77.4 , 15 , 2.55 , 2.796 , 3.015 , 202.40 , 22.89
6360 , 28078 , 9.20 , -77.6 , 15 , 2.51 , 2.767 , 3.008 , 202.58 , 22.72
6370 , 28118 , 9.14 , -77.3 , 14 , 2.47 , 2.729 , 2.987 , 202.73 , 22.57
6380 , 28156 , 9.07 , -76.6 , 14 , 2.43 , 2.707 , 2.983 , 202.87 , 22.43
6390 , 28190 , 9.02 , -76.1 , 14 , 2.40 , 2.689 , 2.981 , 203.00 , 22.30
6400 , 28221 , 8.97 , -76.2 , 14 , 2.36 , 2.691 , 2.999 , 203.11 , 22.19
6410 , 28249 , 8.93 , -76.1 , 14 , 2.33 , 2.681 , 3.002 , 203.21 , 22.08
6420 , 28281 , 8.88 , -76.3 , 14 , 2.29 , 2.669 , 3.006 , 203.33 , 21.97
6430 , 28308 , 8.84 , -76.1 , 13 , 2.26 , 2.642 , 2.989 , 203.43 , 21.87
6440 , 28339 , 8.79 , -75.5 , 13 , 2.22 , 2.615 , 2.975 , 203.54 , 21.76
6450 , 28369 , 8.75 , -75.4 , 13 , 2.18 , 2.600 , 2.972 , 203.64 , 21.65
6460 , 28400 , 8.70 , -74.7 , 13 , 2.14 , 2.571 , 2.955 , 203.75 , 21.54
6470 , 28435 , 8.65 , -74.2 , 12 , 2.11 , 2.516 , 2.910 , 203.88 , 21.42
6480 , 28471 , 8.59 , -74.2 , 12 , 2.07 , 2.497 , 2.906 , 204.00 , 21.30
6490 , 28511 , 8.54 , -74.4 , 12 , 2.03 , 2.488 , 2.915 , 204.13 , 21.16
6500 , 28555 , 8.47 , -74.0 , 12 , 1.98 , 2.447 , 2.888 , 204.28 , 21.01
6510 , 28594 , 8.41 , -73.6 , 12 , 1.95 , 2.429 , 2.886 , 204.41 , 20.88
6520 , 28643 , 8.34 , -73.6 , 12 , 1.91 , 2.421 , 2.901 , 204.57 , 20.73
6530 , 28687 , 8.28 , -73.6 , 11 , 1.87 , 2.384 , 2.879 , 204.71 , 20.58
6540 , 28731 , 8.22 , -73.3 , 11 , 1.84 , 2.353 , 2.862 , 204.85 , 20.44
6550 , 28783 , 8.15 , -72.8 , 11 , 1.80 , 2.344 , 2.878 , 205.02 , 20.28
6560 , 28828 , 8.09 , -72.6 , 11 , 1.77 , 2.558 , 3.164 , 205.17 , 20.13
6570 , 28880 , 8.01 , -72.4 , 10 , 1.75 , 2.632 , 3.284 , 205.35 , 19.95
6580 , 28928 , 7.95 , -72.3 , 10 , 1.74 , 2.585 , 3.253 , 205.52 , 19.78
6590 , 28970 , 7.89 , -72.1 , 10 , 1.74 , 2.527 , 3.201 , 205.66 , 19.64
6600 , 29015 , 7.83 , -72.2 , 10 , 1.74 , 2.469 , 3.153 , 205.81 , 19.49
