# ------------------------------------------------------------
#
# Flight name: V2506
# Station: Davis
# Launch Date: 20 October 2006
# Launch Time: 23:27:16
# 
# This file created: Thu May 03 11:18:40 2007
# 
# 
# ------------------------------------------------------------
# DATA COLUMNS
# Time (s)
# Height (m)
# Atmospheric Pressure (hPa)
# Atmospheric Temperature (°C)
# Relative Humidity (%)
# Box Temperature (°C)
# Ozone Partial Pressure (mPa)
# Ozone Mixing Ratio (ppmV)
# Accumulated Ozone to this Height (Dobson Units)
# Remaining Ozone above this Height (Dobson Units)
# 
# ------------------------------------------------------------
# 
# Integrated Ozone =  96.2 DU
# Extrapolated Ozone =  28.2 DU
# 
# Total Ozone = 124.4 DU
# 
# 
# ------------------------------------------------------------
0 , 18 , 966.16 , -14.1 , 67 , 35.85 , 2.219 , 0.023 , 0.00 , 124.41
10 , 67 , 959.91 , -14.7 , 80 , 35.85 , 2.129 , 0.022 , 0.11 , 124.30
20 , 125 , 952.51 , -15.3 , 84 , 35.80 , 2.099 , 0.022 , 0.24 , 124.17
30 , 183 , 945.29 , -15.7 , 84 , 35.70 , 2.176 , 0.023 , 0.37 , 124.04
40 , 236 , 938.58 , -16.1 , 85 , 35.62 , 2.178 , 0.023 , 0.49 , 123.92
50 , 304 , 930.14 , -16.7 , 88 , 35.55 , 2.154 , 0.023 , 0.65 , 123.77
60 , 363 , 922.83 , -17.1 , 90 , 35.47 , 2.151 , 0.023 , 0.78 , 123.63
70 , 423 , 915.51 , -16.9 , 84 , 35.39 , 2.111 , 0.023 , 0.91 , 123.50
80 , 475 , 909.20 , -16.3 , 78 , 35.29 , 2.083 , 0.023 , 1.03 , 123.38
90 , 527 , 902.99 , -16.4 , 76 , 35.19 , 2.014 , 0.022 , 1.14 , 123.27
100 , 578 , 896.83 , -16.8 , 76 , 35.13 , 1.988 , 0.022 , 1.25 , 123.17
110 , 632 , 890.39 , -17.2 , 77 , 35.01 , 1.976 , 0.022 , 1.36 , 123.05
120 , 690 , 883.59 , -17.6 , 76 , 34.88 , 1.946 , 0.022 , 1.48 , 122.93
130 , 746 , 876.95 , -18.0 , 75 , 34.77 , 1.942 , 0.022 , 1.59 , 122.82
140 , 802 , 870.37 , -18.5 , 75 , 34.70 , 1.924 , 0.022 , 1.71 , 122.70
150 , 866 , 862.95 , -19.1 , 75 , 34.62 , 1.907 , 0.022 , 1.84 , 122.57
160 , 920 , 856.65 , -19.6 , 77 , 34.47 , 1.909 , 0.022 , 1.95 , 122.46
170 , 973 , 850.66 , -20.1 , 79 , 34.37 , 1.869 , 0.022 , 2.05 , 122.36
180 , 1026 , 844.58 , -20.6 , 82 , 34.27 , 1.876 , 0.022 , 2.16 , 122.25
190 , 1076 , 838.79 , -21.1 , 85 , 34.16 , 1.871 , 0.022 , 2.26 , 122.15
200 , 1128 , 832.91 , -21.6 , 87 , 34.08 , 1.848 , 0.022 , 2.36 , 122.05
210 , 1180 , 827.09 , -22.1 , 90 , 33.98 , 1.842 , 0.022 , 2.47 , 121.95
220 , 1237 , 820.74 , -22.6 , 91 , 33.87 , 1.842 , 0.022 , 2.58 , 121.83
230 , 1291 , 814.69 , -23.0 , 96 , 33.77 , 1.808 , 0.022 , 2.69 , 121.73
240 , 1337 , 809.55 , -23.0 , 98 , 33.68 , 1.837 , 0.023 , 2.78 , 121.64
250 , 1391 , 803.63 , -21.9 , 95 , 33.59 , 1.755 , 0.022 , 2.88 , 121.53
260 , 1444 , 797.83 , -21.5 , 93 , 33.51 , 1.618 , 0.020 , 2.98 , 121.44
270 , 1493 , 792.60 , -21.8 , 94 , 33.43 , 1.579 , 0.020 , 3.06 , 121.35
280 , 1541 , 787.46 , -21.9 , 97 , 33.35 , 1.547 , 0.020 , 3.14 , 121.27
290 , 1599 , 781.19 , -22.3 , 100 , 33.26 , 1.535 , 0.020 , 3.24 , 121.18
300 , 1662 , 774.61 , -22.8 , 100 , 33.24 , 1.508 , 0.019 , 3.34 , 121.07
310 , 1720 , 768.48 , -23.2 , 101 , 33.21 , 1.483 , 0.019 , 3.43 , 120.98
320 , 1779 , 762.27 , -23.5 , 101 , 33.16 , 1.499 , 0.020 , 3.53 , 120.88
330 , 1834 , 756.53 , -24.0 , 102 , 33.08 , 1.474 , 0.019 , 3.62 , 120.80
340 , 1889 , 750.86 , -24.4 , 102 , 32.99 , 1.470 , 0.020 , 3.70 , 120.71
350 , 1937 , 745.90 , -24.7 , 102 , 32.94 , 1.471 , 0.020 , 3.78 , 120.63
360 , 1987 , 740.83 , -25.0 , 102 , 32.88 , 1.474 , 0.020 , 3.86 , 120.55
370 , 2037 , 735.75 , -25.2 , 98 , 32.82 , 1.527 , 0.021 , 3.94 , 120.47
380 , 2094 , 730.04 , -25.0 , 51 , 32.75 , 1.747 , 0.024 , 4.04 , 120.37
390 , 2129 , 726.49 , -24.7 , 29 , 32.71 , 1.859 , 0.026 , 4.11 , 120.30
400 , 2177 , 721.69 , -24.2 , 15 , 32.63 , 1.976 , 0.027 , 4.21 , 120.20
410 , 2225 , 716.94 , -24.4 , 13 , 32.57 , 1.998 , 0.028 , 4.32 , 120.10
420 , 2277 , 711.86 , -24.7 , 9 , 32.53 , 2.010 , 0.028 , 4.43 , 119.98
430 , 2338 , 705.95 , -25.1 , 8 , 32.46 , 2.021 , 0.029 , 4.56 , 119.85
440 , 2382 , 701.63 , -25.4 , 7 , 32.39 , 1.988 , 0.028 , 4.66 , 119.75
450 , 2422 , 697.77 , -25.6 , 7 , 32.34 , 2.015 , 0.029 , 4.74 , 119.67
460 , 2465 , 693.69 , -25.9 , 7 , 32.29 , 1.988 , 0.029 , 4.84 , 119.58
470 , 2503 , 689.99 , -26.2 , 7 , 32.25 , 1.975 , 0.029 , 4.92 , 119.49
480 , 2544 , 686.12 , -26.5 , 8 , 32.23 , 1.929 , 0.028 , 5.01 , 119.40
490 , 2584 , 682.32 , -26.7 , 9 , 32.21 , 1.903 , 0.028 , 5.09 , 119.32
500 , 2623 , 678.64 , -26.9 , 10 , 32.16 , 1.896 , 0.028 , 5.17 , 119.24
510 , 2666 , 674.64 , -27.2 , 10 , 32.11 , 1.859 , 0.028 , 5.26 , 119.15
520 , 2703 , 671.10 , -27.3 , 8 , 32.09 , 1.920 , 0.029 , 5.34 , 119.07
530 , 2745 , 667.23 , -27.5 , 8 , 32.06 , 1.975 , 0.030 , 5.43 , 118.98
540 , 2794 , 662.73 , -27.9 , 8 , 32.04 , 1.968 , 0.030 , 5.53 , 118.88
550 , 2831 , 659.26 , -28.2 , 8 , 32.03 , 1.976 , 0.030 , 5.61 , 118.80
560 , 2871 , 655.60 , -28.5 , 9 , 32.02 , 1.937 , 0.030 , 5.70 , 118.71
570 , 2915 , 651.63 , -28.8 , 9 , 32.00 , 1.940 , 0.030 , 5.79 , 118.62
580 , 2955 , 647.94 , -29.0 , 11 , 31.97 , 1.941 , 0.030 , 5.88 , 118.53
590 , 2999 , 644.03 , -29.3 , 11 , 31.91 , 1.930 , 0.030 , 5.97 , 118.44
600 , 3037 , 640.57 , -29.6 , 10 , 31.87 , 1.928 , 0.030 , 6.06 , 118.36
610 , 3077 , 637.02 , -29.9 , 8 , 31.83 , 1.924 , 0.030 , 6.14 , 118.27
620 , 3125 , 632.74 , -29.7 , 6 , 31.78 , 1.931 , 0.031 , 6.24 , 118.17
630 , 3175 , 628.32 , -29.6 , 18 , 31.76 , 1.825 , 0.029 , 6.35 , 118.07
640 , 3220 , 624.30 , -29.9 , 26 , 31.76 , 1.733 , 0.028 , 6.44 , 117.98
650 , 3264 , 620.52 , -30.2 , 30 , 31.74 , 1.657 , 0.027 , 6.52 , 117.90
660 , 3318 , 615.76 , -30.6 , 33 , 31.69 , 1.590 , 0.026 , 6.62 , 117.80
670 , 3383 , 610.16 , -31.2 , 37 , 31.62 , 1.576 , 0.026 , 6.73 , 117.68
680 , 3428 , 606.28 , -31.5 , 39 , 31.58 , 1.583 , 0.026 , 6.81 , 117.60
690 , 3479 , 601.97 , -31.9 , 41 , 31.55 , 1.545 , 0.026 , 6.90 , 117.51
700 , 3520 , 598.47 , -32.1 , 44 , 31.51 , 1.523 , 0.025 , 6.97 , 117.44
710 , 3560 , 595.06 , -32.4 , 47 , 31.47 , 1.494 , 0.025 , 7.04 , 117.38
720 , 3597 , 591.98 , -32.7 , 50 , 31.47 , 1.486 , 0.025 , 7.10 , 117.32
730 , 3641 , 588.27 , -33.0 , 53 , 31.47 , 1.442 , 0.025 , 7.17 , 117.24
740 , 3683 , 584.72 , -33.3 , 57 , 31.45 , 1.431 , 0.024 , 7.24 , 117.17
750 , 3728 , 581.01 , -33.5 , 58 , 31.43 , 1.461 , 0.025 , 7.31 , 117.10
760 , 3778 , 576.85 , -33.9 , 57 , 31.37 , 1.456 , 0.025 , 7.39 , 117.02
770 , 3823 , 573.21 , -34.2 , 59 , 31.33 , 1.446 , 0.025 , 7.47 , 116.95
780 , 3874 , 569.04 , -34.6 , 61 , 31.30 , 1.447 , 0.025 , 7.55 , 116.86
790 , 3928 , 564.62 , -35.0 , 63 , 31.26 , 1.406 , 0.025 , 7.64 , 116.77
800 , 3975 , 560.86 , -35.3 , 62 , 31.22 , 1.339 , 0.024 , 7.71 , 116.70
810 , 4023 , 556.98 , -35.6 , 61 , 31.21 , 1.296 , 0.023 , 7.78 , 116.63
820 , 4077 , 552.69 , -36.0 , 61 , 31.18 , 1.281 , 0.023 , 7.86 , 116.55
830 , 4125 , 548.89 , -36.3 , 60 , 31.15 , 1.309 , 0.024 , 7.93 , 116.48
840 , 4169 , 545.41 , -36.7 , 59 , 31.13 , 1.328 , 0.024 , 8.00 , 116.41
850 , 4221 , 541.30 , -37.2 , 60 , 31.11 , 1.313 , 0.024 , 8.08 , 116.34
860 , 4275 , 537.08 , -37.6 , 60 , 31.08 , 1.309 , 0.024 , 8.16 , 116.26
870 , 4322 , 533.43 , -38.0 , 59 , 31.04 , 1.326 , 0.025 , 8.23 , 116.18
880 , 4363 , 530.27 , -38.4 , 60 , 31.04 , 1.315 , 0.025 , 8.29 , 116.12
890 , 4415 , 526.24 , -38.8 , 62 , 31.06 , 1.282 , 0.024 , 8.37 , 116.04
900 , 4461 , 522.77 , -39.2 , 62 , 31.04 , 1.276 , 0.024 , 8.44 , 115.98
910 , 4510 , 519.04 , -39.5 , 64 , 31.01 , 1.294 , 0.025 , 8.51 , 115.90
920 , 4563 , 514.98 , -39.9 , 65 , 30.97 , 1.290 , 0.025 , 8.59 , 115.82
930 , 4614 , 511.14 , -40.2 , 65 , 30.95 , 1.280 , 0.025 , 8.66 , 115.75
940 , 4658 , 507.90 , -40.5 , 64 , 30.92 , 1.289 , 0.025 , 8.73 , 115.68
950 , 4701 , 504.70 , -40.8 , 64 , 30.91 , 1.286 , 0.025 , 8.79 , 115.62
960 , 4746 , 501.35 , -41.1 , 64 , 30.90 , 1.253 , 0.025 , 8.86 , 115.55
970 , 4795 , 497.72 , -41.6 , 63 , 30.88 , 1.236 , 0.025 , 8.93 , 115.48
980 , 4841 , 494.37 , -41.9 , 62 , 30.87 , 1.220 , 0.025 , 9.00 , 115.42
990 , 4883 , 491.33 , -42.2 , 60 , 30.85 , 1.231 , 0.025 , 9.06 , 115.36
1000 , 4928 , 488.06 , -42.5 , 57 , 30.84 , 1.232 , 0.025 , 9.12 , 115.29
1010 , 4995 , 483.20 , -43.0 , 53 , 30.79 , 1.184 , 0.025 , 9.22 , 115.20
1020 , 5041 , 479.96 , -43.3 , 49 , 30.76 , 1.176 , 0.025 , 9.28 , 115.13
1030 , 5087 , 476.68 , -43.7 , 47 , 30.76 , 1.168 , 0.024 , 9.34 , 115.07
1040 , 5127 , 473.82 , -44.0 , 46 , 30.75 , 1.187 , 0.025 , 9.40 , 115.01
1050 , 5176 , 470.39 , -44.4 , 45 , 30.75 , 1.203 , 0.026 , 9.47 , 114.95
1060 , 5227 , 466.83 , -44.8 , 44 , 30.70 , 1.189 , 0.025 , 9.54 , 114.87
1070 , 5272 , 463.68 , -45.1 , 40 , 30.67 , 1.168 , 0.025 , 9.60 , 114.81
1080 , 5314 , 460.79 , -45.3 , 29 , 30.67 , 1.190 , 0.026 , 9.66 , 114.75
1090 , 5363 , 457.37 , -45.6 , 27 , 30.64 , 1.185 , 0.026 , 9.73 , 114.68
1100 , 5412 , 454.00 , -46.0 , 28 , 30.62 , 1.145 , 0.025 , 9.80 , 114.62
1110 , 5461 , 450.69 , -46.5 , 30 , 30.57 , 1.101 , 0.024 , 9.86 , 114.55
1120 , 5513 , 447.19 , -46.9 , 38 , 30.54 , 1.055 , 0.024 , 9.93 , 114.48
1130 , 5560 , 444.02 , -47.3 , 44 , 30.50 , 1.033 , 0.023 , 9.99 , 114.43
1140 , 5606 , 440.92 , -47.8 , 46 , 30.47 , 1.021 , 0.023 , 10.04 , 114.37
1150 , 5653 , 437.77 , -48.2 , 50 , 30.45 , 1.016 , 0.023 , 10.10 , 114.31
1160 , 5702 , 434.52 , -48.5 , 54 , 30.42 , 0.997 , 0.023 , 10.16 , 114.25
1170 , 5747 , 431.58 , -48.9 , 59 , 30.38 , 0.969 , 0.022 , 10.21 , 114.20
1180 , 5789 , 428.81 , -49.3 , 61 , 30.35 , 0.958 , 0.022 , 10.26 , 114.15
1190 , 5838 , 425.60 , -49.7 , 62 , 30.32 , 0.931 , 0.022 , 10.32 , 114.09
1200 , 5882 , 422.75 , -50.1 , 63 , 30.30 , 0.921 , 0.022 , 10.37 , 114.05
1210 , 5927 , 419.86 , -50.5 , 63 , 30.28 , 0.920 , 0.022 , 10.42 , 114.00
1220 , 5980 , 416.45 , -51.0 , 63 , 30.25 , 0.904 , 0.022 , 10.48 , 113.94
1230 , 6026 , 413.54 , -51.4 , 62 , 30.21 , 0.920 , 0.022 , 10.53 , 113.89
1240 , 6072 , 410.59 , -51.8 , 62 , 30.18 , 0.902 , 0.022 , 10.58 , 113.83
1250 , 6114 , 407.94 , -52.2 , 61 , 30.16 , 0.897 , 0.022 , 10.62 , 113.79
1260 , 6158 , 405.16 , -52.6 , 61 , 30.13 , 0.901 , 0.022 , 10.67 , 113.74
1270 , 6209 , 401.96 , -53.1 , 61 , 30.09 , 0.891 , 0.022 , 10.73 , 113.68
1280 , 6257 , 399.01 , -53.6 , 61 , 30.05 , 0.867 , 0.022 , 10.78 , 113.63
1290 , 6300 , 396.36 , -54.0 , 61 , 30.03 , 0.879 , 0.022 , 10.83 , 113.59
1300 , 6350 , 393.24 , -54.4 , 60 , 30.01 , 0.866 , 0.022 , 10.88 , 113.53
1310 , 6390 , 390.79 , -54.8 , 60 , 29.98 , 0.865 , 0.022 , 10.92 , 113.49
1320 , 6437 , 387.96 , -55.2 , 60 , 29.95 , 0.853 , 0.022 , 10.97 , 113.44
1330 , 6482 , 385.23 , -55.6 , 59 , 29.92 , 0.858 , 0.022 , 11.02 , 113.39
1340 , 6524 , 382.68 , -56.0 , 59 , 29.89 , 0.859 , 0.022 , 11.06 , 113.35
1350 , 6577 , 379.48 , -56.4 , 59 , 29.87 , 0.869 , 0.023 , 11.12 , 113.29
1360 , 6628 , 376.44 , -56.8 , 58 , 29.83 , 0.854 , 0.023 , 11.18 , 113.24
1370 , 6677 , 373.54 , -57.2 , 58 , 29.79 , 0.862 , 0.023 , 11.23 , 113.18
1380 , 6720 , 370.98 , -57.6 , 57 , 29.76 , 0.864 , 0.023 , 11.28 , 113.14
1390 , 6779 , 367.58 , -58.0 , 57 , 29.72 , 0.854 , 0.023 , 11.34 , 113.07
1400 , 6828 , 364.70 , -58.3 , 57 , 29.68 , 0.838 , 0.023 , 11.39 , 113.02
1410 , 6870 , 362.25 , -58.6 , 58 , 29.65 , 0.830 , 0.023 , 11.43 , 112.98
1420 , 6915 , 359.70 , -58.8 , 58 , 29.63 , 0.843 , 0.023 , 11.48 , 112.93
1430 , 6957 , 357.30 , -58.9 , 59 , 29.60 , 0.919 , 0.026 , 11.53 , 112.88
1440 , 7011 , 354.25 , -59.0 , 59 , 29.55 , 1.016 , 0.029 , 11.59 , 112.82
1450 , 7057 , 351.63 , -59.2 , 59 , 29.52 , 1.046 , 0.030 , 11.65 , 112.76
1460 , 7110 , 348.64 , -59.4 , 59 , 29.49 , 1.025 , 0.029 , 11.72 , 112.69
1470 , 7159 , 345.93 , -59.7 , 58 , 29.45 , 0.963 , 0.028 , 11.78 , 112.63
1480 , 7209 , 343.17 , -60.1 , 58 , 29.41 , 0.949 , 0.028 , 11.85 , 112.57
1490 , 7265 , 340.12 , -60.5 , 57 , 29.37 , 0.923 , 0.027 , 11.91 , 112.50
1500 , 7317 , 337.27 , -60.9 , 57 , 29.32 , 0.908 , 0.027 , 11.97 , 112.44
1510 , 7366 , 334.60 , -61.4 , 57 , 29.28 , 0.894 , 0.027 , 12.03 , 112.38
1520 , 7416 , 331.93 , -61.7 , 57 , 29.26 , 0.886 , 0.027 , 12.08 , 112.33
1530 , 7463 , 329.44 , -62.2 , 57 , 29.22 , 0.841 , 0.026 , 12.14 , 112.28
1540 , 7512 , 326.79 , -62.6 , 56 , 29.18 , 0.848 , 0.026 , 12.19 , 112.22
1550 , 7565 , 324.03 , -63.0 , 56 , 29.13 , 0.794 , 0.025 , 12.24 , 112.17
1560 , 7609 , 321.71 , -63.4 , 55 , 29.09 , 0.758 , 0.024 , 12.29 , 112.12
1570 , 7650 , 319.54 , -63.8 , 55 , 29.05 , 0.726 , 0.023 , 12.33 , 112.08
1580 , 7686 , 317.66 , -64.1 , 54 , 29.02 , 0.708 , 0.022 , 12.36 , 112.05
1590 , 7724 , 315.74 , -64.3 , 54 , 29.00 , 0.697 , 0.022 , 12.40 , 112.02
1600 , 7765 , 313.60 , -64.5 , 54 , 28.96 , 0.707 , 0.023 , 12.43 , 111.98
1610 , 7808 , 311.43 , -64.7 , 53 , 28.92 , 0.715 , 0.023 , 12.47 , 111.94
1620 , 7858 , 308.85 , -64.9 , 53 , 28.87 , 0.725 , 0.023 , 12.52 , 111.89
1630 , 7909 , 306.28 , -65.2 , 56 , 28.83 , 0.776 , 0.025 , 12.57 , 111.84
1640 , 7958 , 303.82 , -65.5 , 57 , 28.78 , 0.838 , 0.028 , 12.62 , 111.79
1650 , 8004 , 301.54 , -65.9 , 56 , 28.74 , 0.904 , 0.030 , 12.67 , 111.74
1660 , 8064 , 298.57 , -66.3 , 56 , 28.70 , 0.938 , 0.031 , 12.74 , 111.67
1670 , 8118 , 295.90 , -66.8 , 55 , 28.63 , 0.949 , 0.032 , 12.81 , 111.60
1680 , 8174 , 293.18 , -67.3 , 54 , 28.56 , 0.965 , 0.033 , 12.88 , 111.53
1690 , 8230 , 290.49 , -67.4 , 53 , 28.47 , 1.066 , 0.037 , 12.95 , 111.46
1700 , 8285 , 287.81 , -67.6 , 54 , 28.40 , 1.151 , 0.040 , 13.04 , 111.38
1710 , 8343 , 285.07 , -68.0 , 56 , 28.32 , 1.196 , 0.042 , 13.12 , 111.29
1720 , 8400 , 282.36 , -68.2 , 58 , 28.27 , 1.243 , 0.044 , 13.22 , 111.20
1730 , 8459 , 279.59 , -68.5 , 59 , 28.22 , 1.285 , 0.046 , 13.31 , 111.10
1740 , 8516 , 276.97 , -68.7 , 59 , 28.15 , 1.273 , 0.046 , 13.41 , 111.00
1750 , 8563 , 274.78 , -68.8 , 59 , 28.13 , 1.299 , 0.047 , 13.49 , 110.92
1760 , 8609 , 272.67 , -68.8 , 59 , 28.10 , 1.345 , 0.049 , 13.57 , 110.84
1770 , 8655 , 270.61 , -68.9 , 59 , 28.08 , 1.366 , 0.050 , 13.65 , 110.76
1780 , 8705 , 268.34 , -69.0 , 58 , 28.04 , 1.452 , 0.054 , 13.75 , 110.67
1790 , 8762 , 265.79 , -69.1 , 57 , 28.01 , 1.517 , 0.057 , 13.86 , 110.56
1800 , 8817 , 263.37 , -69.3 , 56 , 27.96 , 1.502 , 0.057 , 13.97 , 110.45
1810 , 8857 , 261.61 , -69.4 , 56 , 27.91 , 1.441 , 0.055 , 14.04 , 110.37
1820 , 8900 , 259.72 , -69.6 , 56 , 27.88 , 1.449 , 0.056 , 14.13 , 110.29
1830 , 8947 , 257.66 , -69.6 , 55 , 27.85 , 1.522 , 0.059 , 14.22 , 110.19
1840 , 9002 , 255.30 , -69.8 , 54 , 27.81 , 1.551 , 0.061 , 14.33 , 110.08
1850 , 9056 , 253.00 , -69.9 , 53 , 27.76 , 1.562 , 0.062 , 14.44 , 109.97
1860 , 9107 , 250.83 , -69.8 , 52 , 27.71 , 1.580 , 0.063 , 14.55 , 109.86
1870 , 9155 , 248.82 , -70.1 , 51 , 27.67 , 1.611 , 0.065 , 14.65 , 109.76
1880 , 9202 , 246.86 , -70.3 , 50 , 27.64 , 1.649 , 0.067 , 14.75 , 109.66
1890 , 9249 , 244.91 , -70.5 , 49 , 27.60 , 1.685 , 0.069 , 14.86 , 109.56
1900 , 9299 , 242.84 , -70.7 , 48 , 27.56 , 1.712 , 0.071 , 14.97 , 109.44
1910 , 9354 , 240.61 , -70.9 , 47 , 27.51 , 1.748 , 0.073 , 15.10 , 109.32
1920 , 9402 , 238.66 , -71.0 , 47 , 27.45 , 1.759 , 0.074 , 15.21 , 109.20
1930 , 9443 , 237.01 , -71.2 , 47 , 27.41 , 1.842 , 0.078 , 15.31 , 109.10
1940 , 9484 , 235.37 , -71.2 , 46 , 27.37 , 1.900 , 0.081 , 15.41 , 109.00
1950 , 9527 , 233.68 , -71.1 , 45 , 27.32 , 2.028 , 0.087 , 15.52 , 108.89
1960 , 9573 , 231.88 , -71.3 , 45 , 27.28 , 2.153 , 0.093 , 15.65 , 108.76
1970 , 9617 , 230.15 , -71.3 , 44 , 27.23 , 2.220 , 0.096 , 15.78 , 108.63
1980 , 9661 , 228.44 , -71.2 , 43 , 27.19 , 2.297 , 0.101 , 15.91 , 108.50
1990 , 9710 , 226.57 , -71.3 , 43 , 27.15 , 2.352 , 0.104 , 16.06 , 108.35
2000 , 9758 , 224.73 , -71.4 , 43 , 27.10 , 2.395 , 0.107 , 16.22 , 108.20
2010 , 9800 , 223.11 , -71.6 , 42 , 27.06 , 2.432 , 0.109 , 16.35 , 108.06
2020 , 9844 , 221.46 , -71.5 , 41 , 27.01 , 2.555 , 0.115 , 16.50 , 107.91
2030 , 9891 , 219.69 , -71.6 , 41 , 26.95 , 2.677 , 0.122 , 16.67 , 107.75
2040 , 9939 , 217.95 , -71.7 , 40 , 26.91 , 2.718 , 0.125 , 16.83 , 107.58
2050 , 9986 , 216.20 , -71.8 , 39 , 26.86 , 2.710 , 0.125 , 17.01 , 107.41
2060 , 10035 , 214.40 , -71.7 , 38 , 26.81 , 2.567 , 0.120 , 17.18 , 107.23
2070 , 10083 , 212.66 , -71.9 , 37 , 26.76 , 2.338 , 0.110 , 17.34 , 107.07
2080 , 10131 , 210.96 , -72.2 , 37 , 26.70 , 2.315 , 0.110 , 17.49 , 106.93
2090 , 10177 , 209.31 , -72.4 , 36 , 26.65 , 2.314 , 0.111 , 17.63 , 106.78
2100 , 10225 , 207.60 , -72.5 , 35 , 26.59 , 2.491 , 0.120 , 17.79 , 106.63
2110 , 10272 , 205.95 , -72.7 , 35 , 26.55 , 2.693 , 0.131 , 17.95 , 106.46
2120 , 10322 , 204.18 , -72.8 , 35 , 26.51 , 2.890 , 0.142 , 18.14 , 106.27
2130 , 10374 , 202.39 , -73.0 , 34 , 26.47 , 3.056 , 0.151 , 18.35 , 106.07
2140 , 10425 , 200.65 , -73.1 , 34 , 26.42 , 3.172 , 0.158 , 18.56 , 105.86
2150 , 10475 , 198.94 , -73.4 , 34 , 26.37 , 3.222 , 0.162 , 18.77 , 105.64
2160 , 10522 , 197.33 , -73.5 , 34 , 26.31 , 3.235 , 0.164 , 18.98 , 105.43
2170 , 10576 , 195.51 , -73.6 , 34 , 26.26 , 3.316 , 0.170 , 19.22 , 105.19
2180 , 10627 , 193.81 , -73.6 , 34 , 26.21 , 3.386 , 0.175 , 19.45 , 104.96
2190 , 10676 , 192.18 , -73.5 , 34 , 26.16 , 3.434 , 0.179 , 19.68 , 104.74
2200 , 10728 , 190.49 , -73.9 , 34 , 26.11 , 3.467 , 0.182 , 19.92 , 104.49
2210 , 10777 , 188.90 , -74.0 , 34 , 26.07 , 3.508 , 0.186 , 20.15 , 104.26
2220 , 10824 , 187.40 , -74.2 , 33 , 26.02 , 3.465 , 0.185 , 20.37 , 104.04
2230 , 10869 , 185.95 , -74.2 , 33 , 25.97 , 3.454 , 0.186 , 20.58 , 103.83
2240 , 10916 , 184.45 , -74.0 , 33 , 25.92 , 3.530 , 0.191 , 20.80 , 103.61
2250 , 10964 , 182.95 , -73.9 , 33 , 25.87 , 3.552 , 0.194 , 21.03 , 103.38
2260 , 11009 , 181.53 , -74.0 , 32 , 25.82 , 3.612 , 0.199 , 21.25 , 103.16
2270 , 11057 , 180.04 , -74.0 , 32 , 25.76 , 3.687 , 0.205 , 21.49 , 102.92
2280 , 11099 , 178.75 , -74.0 , 32 , 25.71 , 3.684 , 0.206 , 21.70 , 102.71
2290 , 11138 , 177.57 , -74.1 , 31 , 25.66 , 3.740 , 0.211 , 21.89 , 102.52
2300 , 11176 , 176.40 , -74.3 , 30 , 25.61 , 3.807 , 0.216 , 22.09 , 102.32
2310 , 11213 , 175.28 , -74.4 , 30 , 25.56 , 3.842 , 0.219 , 22.28 , 102.13
2320 , 11251 , 174.15 , -74.4 , 29 , 25.51 , 3.816 , 0.219 , 22.48 , 101.93
2330 , 11287 , 173.08 , -74.4 , 29 , 25.45 , 3.774 , 0.218 , 22.66 , 101.75
2340 , 11322 , 172.03 , -74.5 , 28 , 25.39 , 3.756 , 0.218 , 22.84 , 101.57
2350 , 11358 , 170.95 , -74.4 , 27 , 25.34 , 3.725 , 0.218 , 23.03 , 101.38
2360 , 11395 , 169.90 , -74.5 , 27 , 25.28 , 3.668 , 0.216 , 23.21 , 101.20
2370 , 11430 , 168.87 , -74.4 , 26 , 25.24 , 3.659 , 0.217 , 23.38 , 101.03
2380 , 11464 , 167.87 , -74.4 , 26 , 25.18 , 3.625 , 0.216 , 23.55 , 100.86
2390 , 11500 , 166.84 , -74.4 , 25 , 25.13 , 3.569 , 0.214 , 23.73 , 100.68
2400 , 11535 , 165.84 , -74.4 , 25 , 25.08 , 3.567 , 0.215 , 23.90 , 100.51
2410 , 11573 , 164.78 , -74.4 , 24 , 25.03 , 3.551 , 0.216 , 24.08 , 100.33
2420 , 11611 , 163.68 , -74.2 , 24 , 24.98 , 3.568 , 0.218 , 24.27 , 100.15
2430 , 11650 , 162.60 , -74.2 , 23 , 24.92 , 3.575 , 0.220 , 24.45 , 99.96
2440 , 11685 , 161.64 , -74.3 , 23 , 24.87 , 3.545 , 0.219 , 24.62 , 99.79
2450 , 11720 , 160.66 , -74.2 , 22 , 24.83 , 3.522 , 0.219 , 24.79 , 99.62
2460 , 11757 , 159.64 , -74.2 , 22 , 24.78 , 3.491 , 0.219 , 24.97 , 99.45
2470 , 11797 , 158.54 , -74.3 , 22 , 24.72 , 3.411 , 0.215 , 25.16 , 99.26
2480 , 11835 , 157.51 , -74.5 , 21 , 24.67 , 3.321 , 0.211 , 25.33 , 99.09
2490 , 11872 , 156.51 , -74.6 , 21 , 24.61 , 3.240 , 0.207 , 25.49 , 98.92
2500 , 11912 , 155.44 , -74.6 , 21 , 24.56 , 3.185 , 0.205 , 25.67 , 98.75
2510 , 11951 , 154.39 , -74.9 , 20 , 24.52 , 3.137 , 0.203 , 25.83 , 98.58
2520 , 11990 , 153.36 , -75.1 , 20 , 24.47 , 3.091 , 0.202 , 26.00 , 98.41
2530 , 12030 , 152.30 , -75.3 , 20 , 24.41 , 3.038 , 0.199 , 26.17 , 98.24
2540 , 12073 , 151.19 , -75.7 , 19 , 24.36 , 2.995 , 0.198 , 26.34 , 98.07
2550 , 12113 , 150.13 , -75.8 , 19 , 24.31 , 2.976 , 0.198 , 26.51 , 97.90
2560 , 12155 , 149.06 , -75.7 , 19 , 24.26 , 2.933 , 0.197 , 26.68 , 97.74
2570 , 12196 , 148.01 , -76.0 , 19 , 24.21 , 2.869 , 0.194 , 26.84 , 97.58
2580 , 12236 , 146.97 , -76.4 , 19 , 24.16 , 2.813 , 0.191 , 26.99 , 97.42
2590 , 12276 , 145.95 , -76.5 , 18 , 24.11 , 2.751 , 0.188 , 27.15 , 97.27
2600 , 12313 , 145.01 , -76.6 , 18 , 24.05 , 2.727 , 0.188 , 27.29 , 97.13
2610 , 12349 , 144.11 , -76.7 , 18 , 24.00 , 2.714 , 0.188 , 27.42 , 96.99
2620 , 12386 , 143.21 , -76.4 , 18 , 23.94 , 2.646 , 0.185 , 27.55 , 96.86
2630 , 12422 , 142.31 , -76.4 , 19 , 23.90 , 2.529 , 0.178 , 27.68 , 96.73
2640 , 12460 , 141.38 , -76.2 , 18 , 23.84 , 2.330 , 0.165 , 27.81 , 96.60
2650 , 12499 , 140.42 , -76.1 , 18 , 23.79 , 2.147 , 0.153 , 27.93 , 96.48
2660 , 12536 , 139.50 , -76.1 , 18 , 23.74 , 1.998 , 0.143 , 28.04 , 96.38
2670 , 12573 , 138.61 , -76.2 , 18 , 23.69 , 1.932 , 0.139 , 28.13 , 96.28
2680 , 12609 , 137.77 , -76.4 , 18 , 23.65 , 1.877 , 0.136 , 28.23 , 96.19
2690 , 12645 , 136.91 , -76.6 , 17 , 23.59 , 1.795 , 0.131 , 28.32 , 96.10
2700 , 12680 , 136.07 , -76.7 , 17 , 23.54 , 1.759 , 0.129 , 28.40 , 96.01
2710 , 12715 , 135.24 , -76.5 , 17 , 23.50 , 1.716 , 0.127 , 28.49 , 95.93
2720 , 12751 , 134.41 , -76.3 , 17 , 23.45 , 1.697 , 0.126 , 28.57 , 95.84
2730 , 12789 , 133.52 , -76.4 , 17 , 23.40 , 1.784 , 0.134 , 28.66 , 95.75
2740 , 12827 , 132.65 , -76.3 , 17 , 23.34 , 1.746 , 0.132 , 28.75 , 95.66
2750 , 12864 , 131.80 , -76.2 , 16 , 23.29 , 1.547 , 0.117 , 28.84 , 95.58
2760 , 12897 , 131.04 , -76.6 , 16 , 23.25 , 1.448 , 0.110 , 28.90 , 95.51
2770 , 12934 , 130.20 , -76.8 , 16 , 23.20 , 1.400 , 0.107 , 28.98 , 95.44
2780 , 12972 , 129.34 , -76.8 , 16 , 23.16 , 1.341 , 0.104 , 29.05 , 95.36
2790 , 13012 , 128.44 , -76.7 , 16 , 23.11 , 1.347 , 0.105 , 29.12 , 95.29
2800 , 13051 , 127.58 , -76.9 , 16 , 23.07 , 1.346 , 0.105 , 29.19 , 95.22
2810 , 13090 , 126.71 , -77.1 , 16 , 23.03 , 1.367 , 0.108 , 29.27 , 95.15
2820 , 13132 , 125.79 , -77.2 , 16 , 23.00 , 1.361 , 0.108 , 29.35 , 95.07
2830 , 13175 , 124.84 , -77.4 , 16 , 22.96 , 1.330 , 0.107 , 29.43 , 94.99
2840 , 13220 , 123.88 , -77.5 , 16 , 22.91 , 1.228 , 0.099 , 29.50 , 94.91
2850 , 13260 , 123.01 , -77.6 , 16 , 22.87 , 1.080 , 0.088 , 29.57 , 94.84
2860 , 13302 , 122.10 , -77.7 , 15 , 22.83 , 0.933 , 0.076 , 29.63 , 94.79
2870 , 13346 , 121.17 , -77.7 , 15 , 22.79 , 0.832 , 0.069 , 29.68 , 94.73
2880 , 13389 , 120.27 , -77.8 , 15 , 22.75 , 0.756 , 0.063 , 29.73 , 94.69
2890 , 13432 , 119.36 , -77.9 , 15 , 22.70 , 0.727 , 0.061 , 29.77 , 94.64
2900 , 13476 , 118.46 , -78.0 , 15 , 22.66 , 0.693 , 0.058 , 29.81 , 94.60
2910 , 13518 , 117.58 , -78.3 , 15 , 22.62 , 0.627 , 0.053 , 29.85 , 94.56
2920 , 13559 , 116.74 , -78.4 , 15 , 22.58 , 0.562 , 0.048 , 29.89 , 94.53
2930 , 13597 , 115.96 , -78.5 , 15 , 22.54 , 0.497 , 0.043 , 29.91 , 94.50
2940 , 13635 , 115.19 , -78.5 , 15 , 22.49 , 0.449 , 0.039 , 29.94 , 94.47
2950 , 13678 , 114.33 , -78.6 , 14 , 22.45 , 0.412 , 0.036 , 29.96 , 94.45
2960 , 13719 , 113.51 , -78.8 , 14 , 22.40 , 0.383 , 0.034 , 29.99 , 94.43
2970 , 13756 , 112.76 , -78.9 , 14 , 22.35 , 0.355 , 0.031 , 30.01 , 94.41
2980 , 13795 , 112.00 , -78.8 , 14 , 22.31 , 0.343 , 0.031 , 30.02 , 94.39
2990 , 13833 , 111.26 , -79.1 , 14 , 22.26 , 0.336 , 0.030 , 30.04 , 94.37
3000 , 13871 , 110.52 , -79.0 , 14 , 22.21 , 0.339 , 0.031 , 30.06 , 94.35
3010 , 13907 , 109.82 , -78.8 , 14 , 22.17 , 0.385 , 0.035 , 30.08 , 94.33
3020 , 13946 , 109.07 , -78.7 , 14 , 22.11 , 0.407 , 0.037 , 30.10 , 94.31
3030 , 13985 , 108.32 , -79.0 , 14 , 22.07 , 0.394 , 0.036 , 30.12 , 94.29
3040 , 14026 , 107.53 , -79.0 , 14 , 22.02 , 0.363 , 0.034 , 30.14 , 94.27
3050 , 14066 , 106.78 , -79.2 , 14 , 21.97 , 0.330 , 0.031 , 30.16 , 94.25
3060 , 14102 , 106.10 , -79.0 , 14 , 21.92 , 0.296 , 0.028 , 30.18 , 94.23
3070 , 14138 , 105.43 , -79.2 , 14 , 21.88 , 0.259 , 0.025 , 30.19 , 94.22
3080 , 14176 , 104.73 , -79.4 , 14 , 21.83 , 0.210 , 0.020 , 30.20 , 94.21
3090 , 14213 , 104.05 , -79.2 , 14 , 21.78 , 0.144 , 0.014 , 30.21 , 94.20
3100 , 14252 , 103.34 , -79.4 , 14 , 21.73 , 0.102 , 0.010 , 30.22 , 94.19
3110 , 14292 , 102.62 , -79.5 , 14 , 21.68 , 0.082 , 0.008 , 30.23 , 94.19
3120 , 14330 , 101.93 , -79.4 , 14 , 21.63 , 0.081 , 0.008 , 30.23 , 94.18
3130 , 14371 , 101.19 , -79.5 , 14 , 21.58 , 0.073 , 0.007 , 30.23 , 94.18
3140 , 14410 , 100.50 , -79.6 , 14 , 21.53 , 0.065 , 0.006 , 30.24 , 94.17
3150 , 14451 , 99.78 , -79.5 , 14 , 21.48 , 0.060 , 0.006 , 30.24 , 94.17
3160 , 14493 , 99.04 , -79.5 , 14 , 21.43 , 0.051 , 0.005 , 30.25 , 94.17
3170 , 14535 , 98.32 , -79.6 , 13 , 21.38 , 0.045 , 0.005 , 30.25 , 94.16
3180 , 14577 , 97.59 , -79.7 , 13 , 21.33 , 0.034 , 0.004 , 30.25 , 94.16
3190 , 14618 , 96.88 , -79.5 , 13 , 21.28 , 0.027 , 0.003 , 30.25 , 94.16
3200 , 14660 , 96.16 , -79.7 , 13 , 21.23 , 0.026 , 0.003 , 30.25 , 94.16
3210 , 14706 , 95.38 , -79.6 , 13 , 21.18 , 0.036 , 0.004 , 30.26 , 94.16
3220 , 14754 , 94.58 , -79.5 , 13 , 21.13 , 0.033 , 0.004 , 30.26 , 94.15
3230 , 14801 , 93.81 , -79.2 , 13 , 21.07 , 0.030 , 0.003 , 30.26 , 94.15
3240 , 14841 , 93.14 , -79.3 , 13 , 21.02 , 0.029 , 0.003 , 30.26 , 94.15
3250 , 14882 , 92.47 , -79.5 , 13 , 20.97 , 0.025 , 0.003 , 30.26 , 94.15
3260 , 14923 , 91.81 , -79.6 , 13 , 20.92 , 0.023 , 0.002 , 30.26 , 94.15
3270 , 14963 , 91.15 , -79.2 , 13 , 20.87 , 0.022 , 0.002 , 30.27 , 94.15
3280 , 15004 , 90.50 , -79.4 , 13 , 20.82 , 0.026 , 0.003 , 30.27 , 94.15
3290 , 15043 , 89.88 , -79.3 , 13 , 20.78 , 0.029 , 0.003 , 30.27 , 94.14
3300 , 15080 , 89.29 , -79.4 , 12 , 20.72 , 0.032 , 0.004 , 30.27 , 94.14
3310 , 15118 , 88.70 , -79.1 , 12 , 20.68 , 0.040 , 0.005 , 30.27 , 94.14
3320 , 15156 , 88.12 , -78.9 , 12 , 20.63 , 0.045 , 0.005 , 30.27 , 94.14
3330 , 15192 , 87.55 , -78.9 , 12 , 20.58 , 0.049 , 0.006 , 30.28 , 94.14
3340 , 15230 , 86.98 , -79.0 , 12 , 20.53 , 0.052 , 0.006 , 30.28 , 94.13
3350 , 15266 , 86.43 , -79.0 , 12 , 20.48 , 0.051 , 0.006 , 30.28 , 94.13
3360 , 15304 , 85.85 , -79.0 , 12 , 20.43 , 0.047 , 0.005 , 30.28 , 94.13
3370 , 15342 , 85.28 , -79.0 , 11 , 20.37 , 0.045 , 0.005 , 30.29 , 94.13
3380 , 15379 , 84.72 , -78.9 , 11 , 20.33 , 0.047 , 0.006 , 30.29 , 94.12
3390 , 15418 , 84.15 , -78.3 , 11 , 20.28 , 0.043 , 0.005 , 30.29 , 94.12
3400 , 15458 , 83.55 , -78.3 , 11 , 20.22 , 0.044 , 0.005 , 30.29 , 94.12
3410 , 15498 , 82.98 , -78.5 , 11 , 20.17 , 0.047 , 0.006 , 30.30 , 94.12
3420 , 15539 , 82.38 , -78.4 , 11 , 20.13 , 0.041 , 0.005 , 30.30 , 94.11
3430 , 15580 , 81.78 , -78.7 , 11 , 20.08 , 0.044 , 0.005 , 30.30 , 94.11
3440 , 15622 , 81.18 , -78.8 , 11 , 20.03 , 0.042 , 0.005 , 30.30 , 94.11
3450 , 15667 , 80.55 , -78.7 , 11 , 19.98 , 0.042 , 0.005 , 30.31 , 94.11
3460 , 15711 , 79.93 , -78.1 , 10 , 19.93 , 0.041 , 0.005 , 30.31 , 94.10
3470 , 15756 , 79.30 , -78.1 , 10 , 19.89 , 0.036 , 0.004 , 30.31 , 94.10
3480 , 15801 , 78.67 , -78.1 , 10 , 19.84 , 0.026 , 0.003 , 30.31 , 94.10
3490 , 15848 , 78.03 , -78.5 , 10 , 19.79 , 0.017 , 0.002 , 30.31 , 94.10
3500 , 15895 , 77.38 , -78.9 , 10 , 19.74 , 0.010 , 0.001 , 30.32 , 94.10
3510 , 15943 , 76.74 , -78.7 , 10 , 19.70 , 0.005 , 0.001 , 30.32 , 94.10
3520 , 15988 , 76.13 , -78.7 , 10 , 19.65 , 0.003 , 0.000 , 30.32 , 94.10
3530 , 16034 , 75.52 , -78.6 , 10 , 19.61 , 0.006 , 0.001 , 30.32 , 94.10
3540 , 16081 , 74.90 , -78.7 , 10 , 19.56 , 0.008 , 0.001 , 30.32 , 94.10
3550 , 16130 , 74.26 , -78.7 , 9 , 19.52 , 0.009 , 0.001 , 30.32 , 94.09
3560 , 16179 , 73.62 , -78.9 , 9 , 19.47 , 0.010 , 0.001 , 30.32 , 94.09
3570 , 16228 , 72.99 , -79.1 , 9 , 19.42 , 0.012 , 0.002 , 30.32 , 94.09
3580 , 16274 , 72.40 , -79.2 , 9 , 19.37 , 0.011 , 0.001 , 30.32 , 94.09
3590 , 16319 , 71.83 , -79.0 , 9 , 19.33 , 0.012 , 0.002 , 30.32 , 94.09
3600 , 16363 , 71.28 , -79.0 , 9 , 19.28 , 0.011 , 0.002 , 30.32 , 94.09
3610 , 16407 , 70.73 , -79.1 , 9 , 19.23 , 0.011 , 0.002 , 30.32 , 94.09
3620 , 16449 , 70.20 , -79.5 , 9 , 19.19 , 0.012 , 0.002 , 30.32 , 94.09
3630 , 16492 , 69.67 , -79.7 , 9 , 19.14 , 0.014 , 0.002 , 30.32 , 94.09
3640 , 16535 , 69.14 , -79.8 , 9 , 19.09 , 0.017 , 0.002 , 30.32 , 94.09
3650 , 16579 , 68.61 , -79.8 , 9 , 19.05 , 0.008 , 0.001 , 30.33 , 94.09
3660 , 16622 , 68.09 , -79.9 , 9 , 19.00 , 0.009 , 0.001 , 30.33 , 94.09
3670 , 16666 , 67.57 , -80.1 , 9 , 18.95 , 0.011 , 0.002 , 30.33 , 94.09
3680 , 16707 , 67.07 , -80.3 , 9 , 18.91 , 0.008 , 0.001 , 30.33 , 94.09
3690 , 16749 , 66.58 , -80.5 , 9 , 18.86 , 0.006 , 0.001 , 30.33 , 94.09
3700 , 16792 , 66.07 , -80.5 , 9 , 18.82 , -0.003 , -0.000 , 30.33 , 94.09
3710 , 16833 , 65.60 , -80.6 , 9 , 18.77 , 0.005 , 0.001 , 30.33 , 94.09
3720 , 16872 , 65.14 , -80.8 , 9 , 18.72 , -0.006 , -0.001 , 30.33 , 94.09
3730 , 16911 , 64.68 , -80.8 , 9 , 18.68 , -0.017 , -0.003 , 30.33 , 94.09
3740 , 16949 , 64.26 , -81.1 , 9 , 18.63 , -0.022 , -0.003 , 30.33 , 94.09
3750 , 16985 , 63.84 , -80.9 , 9 , 18.59 , -0.024 , -0.004 , 30.32 , 94.09
3760 , 17022 , 63.43 , -80.9 , 9 , 18.55 , -0.020 , -0.003 , 30.32 , 94.09
3770 , 17058 , 63.02 , -80.2 , 9 , 18.50 , 0.006 , 0.001 , 30.32 , 94.09
3780 , 17095 , 62.61 , -79.5 , 9 , 18.46 , 0.067 , 0.011 , 30.32 , 94.09
3790 , 17132 , 62.20 , -79.4 , 9 , 18.42 , 0.113 , 0.018 , 30.33 , 94.08
3800 , 17167 , 61.82 , -79.3 , 9 , 18.37 , 0.142 , 0.023 , 30.34 , 94.08
3810 , 17202 , 61.44 , -79.4 , 9 , 18.33 , 0.160 , 0.026 , 30.34 , 94.07
3820 , 17238 , 61.05 , -79.4 , 9 , 18.29 , 0.168 , 0.028 , 30.35 , 94.06
3830 , 17275 , 60.65 , -79.6 , 9 , 18.24 , 0.178 , 0.029 , 30.36 , 94.05
3840 , 17312 , 60.26 , -79.3 , 9 , 18.20 , 0.186 , 0.031 , 30.37 , 94.04
3850 , 17351 , 59.85 , -79.4 , 9 , 18.16 , 0.206 , 0.034 , 30.38 , 94.03
3860 , 17391 , 59.42 , -79.2 , 9 , 18.11 , 0.215 , 0.036 , 30.39 , 94.02
3870 , 17433 , 58.99 , -79.0 , 9 , 18.07 , 0.236 , 0.040 , 30.41 , 94.01
3880 , 17475 , 58.55 , -79.3 , 9 , 18.02 , 0.248 , 0.042 , 30.42 , 93.99
3890 , 17520 , 58.09 , -79.4 , 9 , 17.98 , 0.247 , 0.043 , 30.43 , 93.98
3900 , 17563 , 57.65 , -79.4 , 9 , 17.94 , 0.246 , 0.043 , 30.45 , 93.96
3910 , 17607 , 57.21 , -79.3 , 9 , 17.89 , 0.241 , 0.042 , 30.46 , 93.95
3920 , 17653 , 56.75 , -79.3 , 8 , 17.85 , 0.236 , 0.042 , 30.48 , 93.93
3930 , 17699 , 56.28 , -79.4 , 8 , 17.81 , 0.254 , 0.045 , 30.50 , 93.92
3940 , 17748 , 55.81 , -79.0 , 8 , 17.76 , 0.260 , 0.047 , 30.51 , 93.90
3950 , 17794 , 55.35 , -79.1 , 8 , 17.72 , 0.248 , 0.045 , 30.53 , 93.88
3960 , 17844 , 54.87 , -79.2 , 8 , 17.68 , 0.232 , 0.042 , 30.55 , 93.87
3970 , 17889 , 54.43 , -79.3 , 8 , 17.63 , 0.207 , 0.038 , 30.56 , 93.85
3980 , 17936 , 53.99 , -79.5 , 8 , 17.59 , 0.192 , 0.036 , 30.57 , 93.84
3990 , 17985 , 53.52 , -79.2 , 8 , 17.55 , 0.160 , 0.030 , 30.58 , 93.83
4000 , 18034 , 53.06 , -79.0 , 8 , 17.50 , 0.123 , 0.023 , 30.59 , 93.82
4010 , 18081 , 52.62 , -78.8 , 8 , 17.46 , 0.083 , 0.016 , 30.60 , 93.81
4020 , 18130 , 52.18 , -79.0 , 8 , 17.41 , 0.055 , 0.011 , 30.61 , 93.81
4030 , 18177 , 51.74 , -79.3 , 8 , 17.37 , 0.036 , 0.007 , 30.61 , 93.80
4040 , 18226 , 51.30 , -79.1 , 8 , 17.33 , 0.029 , 0.006 , 30.61 , 93.80
4050 , 18269 , 50.91 , -78.8 , 8 , 17.29 , 0.024 , 0.005 , 30.61 , 93.80
4060 , 18309 , 50.55 , -78.6 , 7 , 17.25 , 0.028 , 0.006 , 30.61 , 93.80
4070 , 18348 , 50.21 , -78.5 , 7 , 17.21 , 0.044 , 0.009 , 30.62 , 93.80
4080 , 18384 , 49.89 , -78.5 , 7 , 17.17 , 0.064 , 0.013 , 30.62 , 93.79
4090 , 18422 , 49.56 , -78.3 , 7 , 17.13 , 0.087 , 0.018 , 30.62 , 93.79
4100 , 18458 , 49.25 , -78.1 , 7 , 17.09 , 0.112 , 0.023 , 30.63 , 93.79
4110 , 18494 , 48.94 , -78.3 , 7 , 17.05 , 0.138 , 0.028 , 30.63 , 93.78
4120 , 18530 , 48.63 , -78.5 , 7 , 17.01 , 0.162 , 0.033 , 30.64 , 93.77
4130 , 18569 , 48.30 , -78.1 , 7 , 16.97 , 0.203 , 0.042 , 30.65 , 93.76
4140 , 18607 , 47.98 , -78.2 , 7 , 16.93 , 0.259 , 0.054 , 30.66 , 93.75
4150 , 18646 , 47.65 , -78.1 , 7 , 16.90 , 0.293 , 0.062 , 30.68 , 93.73
4160 , 18686 , 47.33 , -78.1 , 7 , 16.86 , 0.309 , 0.065 , 30.69 , 93.72
4170 , 18725 , 47.00 , -78.1 , 7 , 16.82 , 0.306 , 0.065 , 30.71 , 93.70
4180 , 18765 , 46.67 , -78.4 , 7 , 16.78 , 0.308 , 0.066 , 30.73 , 93.68
4190 , 18805 , 46.35 , -78.3 , 6 , 16.74 , 0.313 , 0.067 , 30.75 , 93.67
4200 , 18845 , 46.02 , -77.7 , 6 , 16.70 , 0.307 , 0.067 , 30.76 , 93.65
4210 , 18885 , 45.70 , -77.5 , 6 , 16.67 , 0.295 , 0.065 , 30.78 , 93.63
4220 , 18926 , 45.38 , -77.4 , 6 , 16.63 , 0.295 , 0.065 , 30.80 , 93.62
4230 , 18965 , 45.07 , -76.8 , 6 , 16.59 , 0.312 , 0.069 , 30.81 , 93.60
4240 , 19002 , 44.78 , -77.0 , 6 , 16.56 , 0.336 , 0.075 , 30.83 , 93.58
4250 , 19040 , 44.48 , -76.9 , 6 , 16.51 , 0.356 , 0.080 , 30.85 , 93.57
4260 , 19077 , 44.20 , -76.5 , 6 , 16.48 , 0.381 , 0.086 , 30.87 , 93.55
4270 , 19117 , 43.89 , -75.9 , 6 , 16.44 , 0.420 , 0.096 , 30.89 , 93.53
4280 , 19156 , 43.60 , -76.1 , 6 , 16.40 , 0.445 , 0.102 , 30.91 , 93.50
4290 , 19194 , 43.31 , -76.2 , 6 , 16.37 , 0.448 , 0.103 , 30.93 , 93.48
4300 , 19229 , 43.05 , -76.5 , 6 , 16.33 , 0.471 , 0.109 , 30.96 , 93.46
4310 , 19263 , 42.80 , -75.7 , 5 , 16.29 , 0.492 , 0.115 , 30.98 , 93.43
4320 , 19297 , 42.54 , -75.3 , 5 , 16.25 , 0.509 , 0.120 , 31.00 , 93.41
4330 , 19331 , 42.30 , -75.2 , 5 , 16.22 , 0.514 , 0.121 , 31.02 , 93.39
4340 , 19364 , 42.06 , -75.1 , 5 , 16.18 , 0.525 , 0.125 , 31.05 , 93.36
4350 , 19396 , 41.82 , -74.4 , 5 , 16.14 , 0.549 , 0.131 , 31.07 , 93.34
4360 , 19430 , 41.58 , -74.0 , 5 , 16.11 , 0.611 , 0.147 , 31.10 , 93.31
4370 , 19465 , 41.33 , -73.9 , 5 , 16.07 , 0.657 , 0.159 , 31.13 , 93.28
4380 , 19499 , 41.09 , -73.9 , 5 , 16.03 , 0.702 , 0.171 , 31.16 , 93.25
4390 , 19533 , 40.85 , -74.1 , 5 , 16.00 , 0.746 , 0.183 , 31.19 , 93.22
4400 , 19568 , 40.61 , -73.7 , 4 , 15.96 , 0.845 , 0.208 , 31.23 , 93.18
4410 , 19601 , 40.38 , -73.6 , 4 , 15.92 , 0.993 , 0.246 , 31.27 , 93.14
4420 , 19635 , 40.15 , -73.1 , 4 , 15.89 , 1.181 , 0.294 , 31.32 , 93.09
4430 , 19668 , 39.92 , -73.2 , 4 , 15.85 , 1.395 , 0.349 , 31.38 , 93.03
4440 , 19703 , 39.68 , -73.3 , 4 , 15.82 , 1.571 , 0.396 , 31.45 , 92.96
4450 , 19738 , 39.44 , -73.2 , 4 , 15.78 , 1.699 , 0.431 , 31.53 , 92.89
4460 , 19774 , 39.20 , -73.2 , 4 , 15.74 , 1.834 , 0.468 , 31.61 , 92.80
4470 , 19812 , 38.95 , -73.4 , 4 , 15.71 , 1.915 , 0.492 , 31.71 , 92.70
4480 , 19851 , 38.69 , -73.6 , 4 , 15.68 , 1.960 , 0.507 , 31.81 , 92.60
4490 , 19891 , 38.43 , -73.5 , 3 , 15.64 , 2.129 , 0.554 , 31.92 , 92.49
4500 , 19932 , 38.16 , -73.0 , 3 , 15.60 , 2.548 , 0.668 , 32.05 , 92.36
4510 , 19973 , 37.89 , -72.4 , 3 , 15.57 , 3.138 , 0.828 , 32.21 , 92.20
4520 , 20016 , 37.62 , -72.0 , 3 , 15.53 , 3.470 , 0.922 , 32.40 , 92.02
4530 , 20060 , 37.34 , -71.6 , 3 , 15.50 , 3.652 , 0.978 , 32.61 , 91.81
4540 , 20103 , 37.07 , -71.2 , 3 , 15.46 , 3.722 , 1.004 , 32.82 , 91.59
4550 , 20146 , 36.80 , -70.9 , 3 , 15.43 , 3.714 , 1.009 , 33.03 , 91.38
4560 , 20189 , 36.53 , -70.8 , 3 , 15.40 , 3.696 , 1.012 , 33.24 , 91.17
4570 , 20233 , 36.26 , -70.9 , 3 , 15.36 , 3.609 , 0.995 , 33.46 , 90.95
4580 , 20279 , 35.98 , -70.3 , 3 , 15.33 , 3.571 , 0.993 , 33.68 , 90.73
4590 , 20324 , 35.71 , -70.5 , 3 , 15.29 , 3.314 , 0.928 , 33.89 , 90.53
4600 , 20366 , 35.46 , -70.5 , 3 , 15.26 , 3.295 , 0.929 , 34.07 , 90.34
4610 , 20412 , 35.19 , -70.7 , 3 , 15.23 , 3.224 , 0.916 , 34.27 , 90.15
4620 , 20457 , 34.92 , -71.0 , 3 , 15.20 , 3.239 , 0.928 , 34.46 , 89.95
4630 , 20504 , 34.64 , -71.0 , 2 , 15.16 , 3.248 , 0.938 , 34.67 , 89.75
4640 , 20552 , 34.36 , -71.3 , 2 , 15.13 , 3.228 , 0.939 , 34.87 , 89.54
4650 , 20598 , 34.10 , -71.0 , 2 , 15.10 , 3.308 , 0.970 , 35.07 , 89.34
4660 , 20644 , 33.83 , -70.8 , 2 , 15.07 , 3.359 , 0.993 , 35.28 , 89.14
4670 , 20687 , 33.58 , -71.0 , 2 , 15.03 , 3.390 , 1.009 , 35.47 , 88.94
4680 , 20736 , 33.31 , -71.0 , 2 , 15.00 , 3.395 , 1.019 , 35.69 , 88.72
4690 , 20783 , 33.04 , -70.4 , 2 , 14.97 , 3.459 , 1.047 , 35.91 , 88.50
4700 , 20828 , 32.79 , -69.7 , 2 , 14.94 , 3.679 , 1.122 , 36.12 , 88.29
4710 , 20873 , 32.55 , -69.7 , 2 , 14.91 , 3.796 , 1.166 , 36.35 , 88.07
4720 , 20917 , 32.31 , -69.5 , 2 , 14.88 , 3.899 , 1.207 , 36.57 , 87.84
4730 , 20961 , 32.07 , -69.1 , 2 , 14.85 , 3.993 , 1.245 , 36.80 , 87.61
4740 , 21005 , 31.83 , -68.7 , 2 , 14.82 , 4.073 , 1.280 , 37.03 , 87.38
4750 , 21048 , 31.61 , -68.3 , 2 , 14.79 , 4.145 , 1.311 , 37.27 , 87.15
4760 , 21093 , 31.37 , -67.6 , 2 , 14.76 , 4.290 , 1.367 , 37.51 , 86.90
4770 , 21133 , 31.17 , -67.6 , 2 , 14.73 , 4.294 , 1.378 , 37.74 , 86.68
4780 , 21173 , 30.96 , -67.8 , 2 , 14.71 , 4.231 , 1.367 , 37.96 , 86.45
4790 , 21218 , 30.73 , -68.0 , 2 , 14.68 , 4.211 , 1.370 , 38.22 , 86.20
4800 , 21260 , 30.51 , -68.2 , 2 , 14.65 , 4.153 , 1.361 , 38.44 , 85.97
4810 , 21303 , 30.29 , -68.2 , 2 , 14.62 , 4.097 , 1.353 , 38.68 , 85.73
4820 , 21344 , 30.09 , -68.0 , 2 , 14.59 , 4.106 , 1.365 , 38.90 , 85.51
4830 , 21385 , 29.88 , -67.7 , 2 , 14.56 , 4.078 , 1.365 , 39.12 , 85.29
4840 , 21427 , 29.68 , -67.4 , 2 , 14.53 , 4.076 , 1.373 , 39.34 , 85.07
4850 , 21467 , 29.48 , -67.4 , 2 , 14.50 , 4.071 , 1.381 , 39.56 , 84.86
4860 , 21506 , 29.29 , -67.2 , 2 , 14.47 , 4.218 , 1.440 , 39.77 , 84.64
4870 , 21544 , 29.10 , -67.0 , 2 , 14.45 , 4.274 , 1.469 , 39.98 , 84.43
4880 , 21580 , 28.93 , -66.7 , 2 , 14.42 , 4.187 , 1.447 , 40.18 , 84.23
4890 , 21616 , 28.76 , -66.4 , 1 , 14.39 , 4.360 , 1.516 , 40.38 , 84.03
4900 , 21649 , 28.61 , -65.7 , 1 , 14.36 , 4.700 , 1.643 , 40.57 , 83.84
4910 , 21681 , 28.45 , -65.7 , 1 , 14.33 , 5.113 , 1.797 , 40.78 , 83.63
4920 , 21713 , 28.30 , -65.2 , 1 , 14.30 , 5.501 , 1.943 , 41.00 , 83.41
4930 , 21746 , 28.15 , -64.1 , 1 , 14.27 , 5.956 , 2.116 , 41.25 , 83.17
4940 , 21780 , 28.00 , -63.5 , 1 , 14.25 , 6.247 , 2.232 , 41.51 , 82.90
4950 , 21816 , 27.83 , -62.8 , 1 , 14.22 , 6.462 , 2.322 , 41.80 , 82.61
4960 , 21853 , 27.67 , -62.2 , 1 , 14.20 , 6.587 , 2.381 , 42.11 , 82.30
4970 , 21894 , 27.48 , -61.8 , 1 , 14.17 , 6.732 , 2.449 , 42.46 , 81.95
4980 , 21936 , 27.30 , -61.2 , 1 , 14.15 , 6.809 , 2.494 , 42.82 , 81.59
4990 , 21984 , 27.09 , -61.0 , 1 , 14.12 , 6.875 , 2.538 , 43.24 , 81.17
5000 , 22027 , 26.90 , -60.6 , 1 , 14.10 , 6.934 , 2.577 , 43.62 , 80.80
5010 , 22075 , 26.69 , -59.9 , 1 , 14.07 , 7.008 , 2.625 , 44.04 , 80.37
5020 , 22125 , 26.48 , -59.4 , 1 , 14.05 , 7.085 , 2.676 , 44.49 , 79.93
5030 , 22177 , 26.26 , -59.3 , 1 , 14.02 , 7.126 , 2.714 , 44.96 , 79.46
5040 , 22228 , 26.05 , -59.3 , 1 , 14.00 , 7.152 , 2.746 , 45.41 , 79.00
5050 , 22284 , 25.82 , -59.7 , 1 , 13.97 , 7.149 , 2.769 , 45.92 , 78.49
5060 , 22344 , 25.57 , -60.2 , 1 , 13.95 , 7.098 , 2.776 , 46.46 , 77.95
5070 , 22399 , 25.35 , -60.7 , 1 , 13.93 , 7.052 , 2.782 , 46.95 , 77.46
5080 , 22452 , 25.13 , -61.0 , 1 , 13.91 , 7.011 , 2.790 , 47.42 , 76.99
5090 , 22512 , 24.89 , -61.0 , 1 , 13.88 , 6.968 , 2.800 , 47.95 , 76.46
5100 , 22566 , 24.67 , -61.1 , 1 , 13.86 , 6.963 , 2.822 , 48.44 , 75.97
5110 , 22620 , 24.46 , -60.8 , 1 , 13.84 , 6.889 , 2.817 , 48.91 , 75.50
5120 , 22674 , 24.25 , -60.5 , 1 , 13.81 , 6.860 , 2.829 , 49.38 , 75.03
5130 , 22723 , 24.06 , -60.5 , 1 , 13.79 , 6.856 , 2.850 , 49.80 , 74.61
5140 , 22770 , 23.88 , -60.1 , 1 , 13.77 , 6.847 , 2.868 , 50.22 , 74.19
5150 , 22813 , 23.71 , -59.7 , 1 , 13.75 , 6.814 , 2.874 , 50.59 , 73.82
5160 , 22855 , 23.55 , -59.8 , 1 , 13.73 , 6.793 , 2.884 , 50.95 , 73.46
5170 , 22895 , 23.41 , -59.5 , 1 , 13.71 , 6.729 , 2.875 , 51.29 , 73.13
5180 , 22932 , 23.26 , -59.0 , 1 , 13.69 , 6.694 , 2.877 , 51.61 , 72.81
5190 , 22971 , 23.12 , -58.5 , 1 , 13.67 , 6.672 , 2.886 , 51.93 , 72.48
5200 , 23009 , 22.98 , -58.3 , 1 , 13.66 , 6.619 , 2.880 , 52.25 , 72.16
5210 , 23046 , 22.85 , -57.8 , 1 , 13.65 , 6.579 , 2.880 , 52.56 , 71.86
5220 , 23090 , 22.69 , -57.9 , 1 , 13.63 , 6.537 , 2.881 , 52.91 , 71.50
5230 , 23136 , 22.53 , -57.7 , 1 , 13.63 , 6.503 , 2.887 , 53.29 , 71.13
5240 , 23179 , 22.37 , -57.4 , 1 , 13.62 , 6.473 , 2.893 , 53.64 , 70.78
5250 , 23229 , 22.20 , -57.1 , 1 , 13.61 , 6.437 , 2.900 , 54.04 , 70.37
5260 , 23274 , 22.04 , -57.3 , 1 , 13.60 , 6.393 , 2.901 , 54.40 , 70.01
5270 , 23326 , 21.86 , -57.7 , 1 , 13.59 , 6.351 , 2.905 , 54.81 , 69.60
5280 , 23381 , 21.67 , -57.3 , 1 , 13.58 , 6.319 , 2.916 , 55.25 , 69.16
5290 , 23430 , 21.50 , -56.9 , 1 , 13.58 , 6.296 , 2.928 , 55.64 , 68.78
5300 , 23480 , 21.33 , -56.4 , 1 , 13.57 , 6.279 , 2.944 , 56.03 , 68.38
5310 , 23529 , 21.17 , -56.2 , 1 , 13.57 , 6.259 , 2.957 , 56.41 , 68.00
5320 , 23582 , 20.99 , -56.3 , 1 , 13.57 , 6.199 , 2.953 , 56.82 , 67.59
5330 , 23631 , 20.83 , -55.9 , 1 , 13.56 , 6.143 , 2.949 , 57.20 , 67.22
5340 , 23679 , 20.67 , -55.7 , 1 , 13.57 , 6.094 , 2.948 , 57.56 , 66.85
5350 , 23724 , 20.53 , -55.5 , 1 , 13.57 , 6.026 , 2.936 , 57.90 , 66.51
5360 , 23763 , 20.40 , -55.2 , 1 , 13.57 , 5.990 , 2.936 , 58.19 , 66.22
5370 , 23803 , 20.28 , -55.2 , 1 , 13.57 , 5.965 , 2.942 , 58.48 , 65.93
5380 , 23838 , 20.16 , -55.1 , 1 , 13.57 , 5.908 , 2.930 , 58.74 , 65.67
5390 , 23872 , 20.06 , -54.9 , 1 , 13.57 , 5.895 , 2.939 , 58.99 , 65.42
5400 , 23906 , 19.95 , -54.7 , 1 , 13.57 , 5.839 , 2.927 , 59.24 , 65.18
5410 , 23938 , 19.85 , -53.8 , 1 , 13.57 , 5.831 , 2.937 , 59.47 , 64.95
5420 , 23971 , 19.75 , -53.4 , 1 , 13.57 , 5.837 , 2.956 , 59.70 , 64.71
5430 , 24002 , 19.66 , -53.1 , 1 , 13.56 , 5.864 , 2.983 , 59.92 , 64.49
5440 , 24035 , 19.56 , -52.3 , 1 , 13.56 , 5.883 , 3.008 , 60.16 , 64.25
5450 , 24071 , 19.44 , -52.1 , 1 , 13.55 , 5.893 , 3.030 , 60.42 , 63.99
5460 , 24109 , 19.33 , -51.3 , 1 , 13.54 , 5.915 , 3.060 , 60.70 , 63.72
5470 , 24151 , 19.21 , -51.1 , 1 , 13.53 , 5.911 , 3.078 , 60.99 , 63.42
5480 , 24195 , 19.08 , -50.6 , 1 , 13.52 , 5.876 , 3.080 , 61.31 , 63.10
5490 , 24243 , 18.94 , -50.6 , 1 , 13.50 , 5.862 , 3.095 , 61.65 , 62.76
5500 , 24289 , 18.80 , -50.5 , 1 , 13.50 , 5.869 , 3.121 , 61.98 , 62.43
5510 , 24342 , 18.65 , -50.0 , 1 , 13.47 , 5.718 , 3.065 , 62.35 , 62.07
5520 , 24393 , 18.51 , -49.9 , 1 , 13.46 , 5.733 , 3.097 , 62.70 , 61.71
5530 , 24452 , 18.34 , -49.8 , 1 , 13.44 , 5.726 , 3.122 , 63.11 , 61.30
5540 , 24511 , 18.18 , -49.6 , 1 , 13.42 , 5.694 , 3.133 , 63.52 , 60.89
5550 , 24560 , 18.04 , -49.3 , 1 , 13.40 , 5.663 , 3.139 , 63.85 , 60.56
5560 , 24621 , 17.88 , -49.5 , 1 , 13.38 , 5.602 , 3.134 , 64.26 , 60.15
5570 , 24691 , 17.68 , -49.9 , 1 , 13.36 , 5.541 , 3.133 , 64.74 , 59.67
5580 , 24751 , 17.52 , -49.9 , 1 , 13.34 , 5.492 , 3.134 , 65.14 , 59.28
5590 , 24818 , 17.34 , -50.0 , 1 , 13.31 , 5.423 , 3.126 , 65.58 , 58.84
5600 , 24886 , 17.16 , -50.0 , 1 , 13.29 , 5.430 , 3.164 , 66.02 , 58.39
5610 , 24948 , 17.00 , -50.4 , 1 , 13.27 , 5.399 , 3.176 , 66.43 , 57.98
5620 , 25020 , 16.82 , -49.8 , 1 , 13.24 , 5.401 , 3.212 , 66.90 , 57.52
5630 , 25078 , 16.67 , -49.8 , 1 , 13.22 , 5.397 , 3.238 , 67.28 , 57.13
5640 , 25136 , 16.52 , -50.1 , 1 , 13.20 , 5.375 , 3.254 , 67.66 , 56.76
5650 , 25196 , 16.37 , -49.5 , 1 , 13.18 , 5.401 , 3.300 , 68.05 , 56.37
5660 , 25253 , 16.23 , -48.8 , 1 , 13.16 , 5.389 , 3.321 , 68.41 , 56.00
5670 , 25297 , 16.12 , -49.1 , 1 , 13.15 , 5.366 , 3.330 , 68.70 , 55.71
5680 , 25356 , 15.97 , -48.0 , 1 , 13.13 , 5.361 , 3.357 , 69.08 , 55.33
5690 , 25409 , 15.85 , -47.9 , 1 , 13.11 , 5.347 , 3.374 , 69.42 , 55.00
5700 , 25455 , 15.74 , -47.4 , 1 , 13.09 , 5.296 , 3.365 , 69.71 , 54.70
5710 , 25498 , 15.63 , -46.8 , 1 , 13.07 , 5.312 , 3.398 , 69.99 , 54.43
5720 , 25544 , 15.53 , -46.9 , 1 , 13.06 , 5.294 , 3.410 , 70.27 , 54.14
5730 , 25577 , 15.45 , -46.4 , 1 , 13.04 , 5.282 , 3.419 , 70.49 , 53.93
5740 , 25618 , 15.35 , -46.1 , 1 , 13.03 , 5.266 , 3.430 , 70.74 , 53.67
5750 , 25658 , 15.26 , -45.7 , 1 , 13.01 , 5.234 , 3.430 , 70.99 , 53.42
5760 , 25696 , 15.18 , -44.8 , 1 , 12.99 , 5.203 , 3.428 , 71.22 , 53.19
5770 , 25742 , 15.07 , -44.5 , 1 , 12.97 , 5.218 , 3.463 , 71.51 , 52.90
5780 , 25790 , 14.96 , -45.0 , 1 , 12.95 , 5.215 , 3.486 , 71.80 , 52.61
5790 , 25840 , 14.85 , -44.7 , 1 , 12.93 , 5.240 , 3.528 , 72.11 , 52.30
5800 , 25893 , 14.74 , -44.3 , 1 , 12.91 , 5.200 , 3.529 , 72.43 , 51.98
5810 , 25951 , 14.61 , -44.4 , 1 , 12.88 , 5.166 , 3.537 , 72.79 , 51.62
5820 , 26013 , 14.47 , -44.5 , 1 , 12.86 , 5.169 , 3.572 , 73.17 , 51.24
5830 , 26072 , 14.35 , -44.6 , 1 , 12.84 , 5.192 , 3.619 , 73.53 , 50.88
5840 , 26134 , 14.21 , -43.7 , 1 , 12.82 , 5.127 , 3.607 , 73.91 , 50.51
5850 , 26196 , 14.08 , -43.7 , 1 , 12.80 , 5.127 , 3.640 , 74.28 , 50.14
5860 , 26260 , 13.95 , -43.0 , 1 , 12.77 , 5.107 , 3.661 , 74.67 , 49.75
5870 , 26315 , 13.84 , -43.8 , 1 , 12.75 , 5.075 , 3.668 , 74.99 , 49.42
5880 , 26374 , 13.72 , -42.5 , 1 , 12.73 , 5.010 , 3.653 , 75.34 , 49.07
5890 , 26422 , 13.62 , -42.8 , 1 , 12.71 , 5.022 , 3.688 , 75.62 , 48.79
5900 , 26476 , 13.51 , -42.7 , 1 , 12.69 , 4.972 , 3.681 , 75.94 , 48.48
5910 , 26526 , 13.41 , -42.5 , 1 , 12.67 , 4.955 , 3.695 , 76.23 , 48.18
5920 , 26564 , 13.33 , -42.4 , 1 , 12.65 , 4.947 , 3.710 , 76.45 , 47.96
5930 , 26608 , 13.25 , -41.8 , 1 , 12.63 , 4.959 , 3.743 , 76.70 , 47.71
5940 , 26647 , 13.17 , -42.1 , 1 , 12.61 , 4.880 , 3.705 , 76.93 , 47.49
5950 , 26686 , 13.10 , -41.5 , 1 , 12.59 , 4.875 , 3.722 , 77.15 , 47.27
5960 , 26728 , 13.02 , -40.8 , 1 , 12.57 , 4.879 , 3.748 , 77.39 , 47.03
5970 , 26768 , 12.94 , -40.3 , 1 , 12.55 , 4.891 , 3.780 , 77.61 , 46.80
5980 , 26805 , 12.87 , -39.9 , 1 , 12.54 , 4.877 , 3.789 , 77.82 , 46.59
5990 , 26850 , 12.78 , -40.3 , 1 , 12.52 , 4.912 , 3.842 , 78.08 , 46.33
6000 , 26887 , 12.72 , -39.6 , 1 , 12.51 , 4.877 , 3.836 , 78.29 , 46.12
6010 , 26935 , 12.63 , -39.6 , 1 , 12.49 , 4.843 , 3.835 , 78.55 , 45.86
6020 , 26977 , 12.55 , -38.5 , 1 , 12.48 , 4.926 , 3.925 , 78.79 , 45.62
6030 , 27024 , 12.46 , -39.3 , 1 , 12.46 , 4.846 , 3.888 , 79.06 , 45.35
6040 , 27071 , 12.38 , -39.2 , 1 , 12.45 , 4.847 , 3.915 , 79.32 , 45.10
6050 , 27121 , 12.29 , -38.3 , 1 , 12.43 , 4.832 , 3.932 , 79.60 , 44.82
6060 , 27168 , 12.20 , -38.8 , 1 , 12.41 , 4.845 , 3.970 , 79.86 , 44.55
6070 , 27206 , 12.14 , -38.5 , 1 , 12.40 , 4.890 , 4.029 , 80.07 , 44.34
6080 , 27272 , 12.02 , -37.9 , 1 , 12.38 , 4.838 , 4.025 , 80.44 , 43.97
6090 , 27322 , 11.93 , -37.9 , 1 , 12.36 , 4.859 , 4.072 , 80.72 , 43.69
6100 , 27378 , 11.84 , -36.3 , 1 , 12.35 , 4.898 , 4.137 , 81.03 , 43.39
6110 , 27425 , 11.76 , -37.3 , 1 , 12.33 , 4.933 , 4.195 , 81.29 , 43.12
6120 , 27477 , 11.67 , -36.8 , 1 , 12.32 , 4.960 , 4.250 , 81.59 , 42.83
6130 , 27520 , 11.60 , -36.4 , 1 , 12.31 , 5.028 , 4.335 , 81.83 , 42.58
6140 , 27580 , 11.50 , -35.0 , 1 , 12.30 , 5.092 , 4.428 , 82.17 , 42.24
6150 , 27625 , 11.42 , -34.8 , 1 , 12.28 , 5.126 , 4.487 , 82.44 , 41.98
6160 , 27678 , 11.34 , -34.7 , 1 , 12.27 , 5.133 , 4.527 , 82.74 , 41.67
6170 , 27726 , 11.26 , -34.8 , 1 , 12.26 , 5.151 , 4.575 , 83.02 , 41.39
6180 , 27784 , 11.17 , -33.7 , 1 , 12.25 , 5.127 , 4.591 , 83.36 , 41.05
6190 , 27834 , 11.09 , -33.0 , 1 , 12.23 , 5.138 , 4.634 , 83.65 , 40.76
6200 , 27900 , 10.98 , -32.9 , 1 , 12.22 , 5.079 , 4.624 , 84.03 , 40.39
6210 , 27969 , 10.88 , -33.3 , 1 , 12.20 , 5.069 , 4.660 , 84.42 , 39.99
6220 , 28036 , 10.77 , -32.5 , 1 , 12.19 , 5.061 , 4.698 , 84.80 , 39.61
6230 , 28093 , 10.69 , -32.4 , 1 , 12.18 , 5.040 , 4.716 , 85.12 , 39.29
6240 , 28149 , 10.60 , -32.5 , 1 , 12.16 , 4.987 , 4.703 , 85.44 , 38.98
6250 , 28217 , 10.50 , -31.7 , 1 , 12.15 , 4.960 , 4.724 , 85.82 , 38.60
6260 , 28269 , 10.42 , -31.6 , 1 , 12.14 , 4.951 , 4.750 , 86.10 , 38.31
6270 , 28337 , 10.32 , -30.8 , 1 , 12.13 , 4.935 , 4.780 , 86.48 , 37.94
6280 , 28390 , 10.25 , -30.9 , 1 , 12.13 , 4.795 , 4.680 , 86.76 , 37.65
6290 , 28442 , 10.17 , -30.3 , 1 , 12.12 , 4.754 , 4.674 , 87.04 , 37.37
6300 , 28489 , 10.11 , -30.4 , 1 , 12.13 , 4.799 , 4.749 , 87.29 , 37.13
6310 , 28541 , 10.03 , -30.2 , 1 , 12.13 , 4.754 , 4.739 , 87.56 , 36.85
6320 , 28589 , 9.96 , -29.2 , 1 , 12.13 , 4.770 , 4.787 , 87.82 , 36.59
6330 , 28637 , 9.90 , -28.6 , 1 , 12.13 , 4.870 , 4.921 , 88.07 , 36.34
6340 , 28678 , 9.84 , -28.2 , 1 , 12.13 , 4.815 , 4.893 , 88.29 , 36.12
6350 , 28730 , 9.77 , -28.2 , 1 , 12.14 , 4.790 , 4.902 , 88.57 , 35.84
6360 , 28772 , 9.71 , -27.9 , 1 , 12.14 , 4.739 , 4.880 , 88.79 , 35.62
6370 , 28808 , 9.66 , -28.1 , 1 , 12.14 , 4.774 , 4.940 , 88.98 , 35.44
6380 , 28849 , 9.61 , -27.5 , 1 , 12.14 , 4.704 , 4.895 , 89.19 , 35.23
6390 , 28885 , 9.56 , -27.3 , 1 , 12.13 , 4.715 , 4.931 , 89.37 , 35.04
6400 , 28927 , 9.51 , -26.5 , 1 , 12.13 , 4.712 , 4.957 , 89.59 , 34.82
6410 , 28968 , 9.45 , -26.6 , 1 , 12.12 , 4.729 , 5.003 , 89.80 , 34.61
6420 , 29015 , 9.39 , -25.8 , 1 , 12.11 , 4.671 , 4.973 , 90.04 , 34.37
6430 , 29062 , 9.33 , -25.2 , 1 , 12.10 , 4.652 , 4.986 , 90.28 , 34.13
6440 , 29107 , 9.27 , -24.8 , 1 , 12.10 , 4.686 , 5.054 , 90.51 , 33.90
6450 , 29154 , 9.21 , -24.1 , 1 , 12.09 , 4.620 , 5.015 , 90.75 , 33.66
6460 , 29204 , 9.15 , -24.2 , 1 , 12.10 , 4.593 , 5.020 , 91.00 , 33.42
6470 , 29254 , 9.09 , -24.5 , 1 , 12.10 , 4.576 , 5.035 , 91.25 , 33.17
6480 , 29307 , 9.02 , -24.3 , 1 , 12.11 , 4.499 , 4.987 , 91.50 , 32.91
6490 , 29366 , 8.95 , -24.2 , 1 , 12.12 , 4.466 , 4.991 , 91.79 , 32.62
6500 , 29420 , 8.88 , -24.5 , 1 , 12.13 , 4.393 , 4.945 , 92.05 , 32.36
6510 , 29503 , 8.78 , -24.6 , 1 , 12.15 , 4.353 , 4.956 , 92.44 , 31.97
6520 , 29559 , 8.72 , -24.3 , 1 , 12.16 , 4.299 , 4.933 , 92.71 , 31.71
6530 , 29615 , 8.65 , -24.2 , 1 , 12.17 , 4.274 , 4.942 , 92.97 , 31.44
6540 , 29669 , 8.59 , -24.0 , 1 , 12.18 , 4.253 , 4.954 , 93.21 , 31.20
6550 , 29723 , 8.52 , -24.1 , 1 , 12.18 , 4.192 , 4.919 , 93.46 , 30.95
6560 , 29781 , 8.45 , -24.3 , 1 , 12.19 , 4.142 , 4.899 , 93.72 , 30.69
6570 , 29828 , 8.40 , -24.0 , 1 , 12.19 , 4.038 , 4.807 , 93.93 , 30.48
6580 , 29889 , 8.33 , -23.8 , 1 , 12.19 , 3.919 , 4.705 , 94.19 , 30.22
6590 , 29927 , 8.29 , -23.1 , 1 , 12.18 , 3.975 , 4.797 , 94.36 , 30.06
6600 , 29979 , 8.23 , -22.2 , 1 , 12.18 , 3.975 , 4.831 , 94.58 , 29.84
6610 , 30014 , 8.19 , -22.0 , 1 , 12.19 , 3.937 , 4.807 , 94.73 , 29.68
6620 , 30045 , 8.15 , -21.7 , 1 , 12.19 , 3.933 , 4.823 , 94.86 , 29.55
6630 , 30090 , 8.10 , -21.7 , 1 , 12.20 , 3.886 , 4.794 , 95.04 , 29.37
6640 , 30122 , 8.07 , -21.2 , 1 , 12.20 , 3.835 , 4.752 , 95.18 , 29.24
6650 , 30158 , 8.03 , -19.9 , 1 , 12.21 , 3.862 , 4.809 , 95.33 , 29.08
6660 , 30192 , 7.99 , -20.6 , 1 , 12.21 , 3.750 , 4.691 , 95.46 , 28.95
6670 , 30231 , 7.95 , -19.5 , 1 , 12.20 , 3.801 , 4.780 , 95.62 , 28.79
6680 , 30265 , 7.91 , -18.6 , 1 , 12.19 , 3.821 , 4.828 , 95.76 , 28.65
6690 , 30298 , 7.88 , -18.2 , 1 , 12.18 , 3.778 , 4.794 , 95.89 , 28.52
6700 , 30340 , 7.84 , -17.5 , 1 , 12.17 , 3.637 , 4.641 , 96.05 , 28.36
6710 , 30379 , 7.80 , -16.5 , 1 , 12.16 , 3.574 , 4.585 , 96.20 , 28.21
