# ------------------------------------------------------------
#
# Flight name: V2706
# Station: Davis
# Launch Date: 21 December 2006
# Launch Time: 11:22:34
# 
# This file created: Thu May 03 11:21:50 2007
# 
# 
# ------------------------------------------------------------
# DATA COLUMNS
# Time (s)
# Height (m)
# Atmospheric Pressure (hPa)
# Atmospheric Temperature (°C)
# Relative Humidity (%)
# Box Temperature (°C)
# Ozone Partial Pressure (mPa)
# Ozone Mixing Ratio (ppmV)
# Accumulated Ozone to this Height (Dobson Units)
# Remaining Ozone above this Height (Dobson Units)
# 
# ------------------------------------------------------------
# 
# Integrated Ozone = 252.0 DU
# Extrapolated Ozone =  44.2 DU
# 
# Total Ozone = 296.2 DU
# 
# 
# ------------------------------------------------------------
0 , 18 , 982.78 , -1.1 , 53 , 28.02 , 1.114 , 0.011 , 0.00 , 296.17
10 , 64 , 977.04 , -2.5 , 66 , 28.01 , 1.152 , 0.012 , 0.05 , 296.12
20 , 122 , 969.92 , -3.0 , 71 , 28.06 , 1.149 , 0.012 , 0.12 , 296.05
30 , 179 , 963.01 , -3.5 , 75 , 28.09 , 1.192 , 0.012 , 0.18 , 295.98
40 , 237 , 955.95 , -4.1 , 77 , 28.10 , 1.214 , 0.013 , 0.25 , 295.91
50 , 292 , 949.28 , -4.6 , 77 , 28.11 , 1.250 , 0.013 , 0.32 , 295.85
60 , 366 , 940.32 , -5.1 , 65 , 28.09 , 1.260 , 0.013 , 0.42 , 295.75
70 , 419 , 934.09 , -5.6 , 67 , 28.05 , 1.283 , 0.014 , 0.48 , 295.69
80 , 472 , 927.77 , -6.0 , 69 , 28.04 , 1.293 , 0.014 , 0.55 , 295.62
90 , 524 , 921.63 , -6.4 , 72 , 28.01 , 1.313 , 0.014 , 0.62 , 295.55
100 , 579 , 915.18 , -6.8 , 71 , 28.00 , 1.321 , 0.014 , 0.69 , 295.48
110 , 633 , 908.87 , -7.3 , 73 , 27.99 , 1.325 , 0.015 , 0.77 , 295.40
120 , 693 , 901.85 , -7.8 , 77 , 27.97 , 1.326 , 0.015 , 0.85 , 295.32
130 , 750 , 895.19 , -8.3 , 76 , 27.93 , 1.309 , 0.015 , 0.92 , 295.25
140 , 806 , 888.78 , -8.8 , 84 , 27.91 , 1.310 , 0.015 , 1.00 , 295.17
150 , 857 , 882.93 , -9.2 , 84 , 27.89 , 1.302 , 0.015 , 1.07 , 295.10
160 , 920 , 875.83 , -9.6 , 77 , 27.86 , 1.297 , 0.015 , 1.15 , 295.02
170 , 974 , 869.72 , -10.0 , 85 , 27.85 , 1.305 , 0.015 , 1.22 , 294.95
180 , 1040 , 862.27 , -10.3 , 87 , 27.82 , 1.300 , 0.015 , 1.31 , 294.86
190 , 1096 , 856.01 , -10.7 , 87 , 27.80 , 1.293 , 0.015 , 1.38 , 294.79
200 , 1149 , 850.18 , -11.2 , 87 , 27.77 , 1.287 , 0.015 , 1.45 , 294.72
210 , 1203 , 844.22 , -11.6 , 88 , 27.73 , 1.278 , 0.015 , 1.52 , 294.64
220 , 1265 , 837.37 , -11.9 , 87 , 27.70 , 1.277 , 0.015 , 1.61 , 294.56
230 , 1319 , 831.49 , -12.2 , 83 , 27.67 , 1.260 , 0.015 , 1.68 , 294.49
240 , 1368 , 826.18 , -12.5 , 79 , 27.66 , 1.261 , 0.015 , 1.74 , 294.43
250 , 1419 , 820.61 , -12.9 , 78 , 27.63 , 1.251 , 0.015 , 1.81 , 294.36
260 , 1472 , 815.02 , -13.3 , 76 , 27.61 , 1.256 , 0.015 , 1.88 , 294.29
270 , 1530 , 808.78 , -13.9 , 77 , 27.58 , 1.248 , 0.015 , 1.95 , 294.22
280 , 1586 , 802.81 , -14.4 , 80 , 27.57 , 1.240 , 0.015 , 2.02 , 294.14
290 , 1645 , 796.63 , -14.9 , 84 , 27.54 , 1.227 , 0.015 , 2.10 , 294.07
300 , 1702 , 790.61 , -15.2 , 81 , 27.51 , 1.219 , 0.015 , 2.17 , 294.00
310 , 1757 , 784.88 , -15.6 , 79 , 27.51 , 1.213 , 0.015 , 2.24 , 293.93
320 , 1811 , 779.32 , -16.0 , 74 , 27.46 , 1.190 , 0.015 , 2.31 , 293.86
330 , 1860 , 774.20 , -16.4 , 70 , 27.43 , 1.202 , 0.016 , 2.37 , 293.80
340 , 1911 , 768.94 , -16.7 , 67 , 27.41 , 1.258 , 0.016 , 2.44 , 293.73
350 , 1966 , 763.38 , -17.2 , 70 , 27.39 , 1.257 , 0.016 , 2.51 , 293.66
360 , 2027 , 757.19 , -17.8 , 74 , 27.35 , 1.233 , 0.016 , 2.59 , 293.58
370 , 2084 , 751.39 , -18.4 , 76 , 27.32 , 1.218 , 0.016 , 2.67 , 293.50
380 , 2143 , 745.48 , -18.9 , 77 , 27.29 , 1.177 , 0.016 , 2.74 , 293.43
390 , 2200 , 739.80 , -19.4 , 79 , 27.27 , 1.173 , 0.016 , 2.81 , 293.36
400 , 2260 , 733.82 , -19.9 , 81 , 27.25 , 1.156 , 0.016 , 2.89 , 293.28
410 , 2319 , 728.03 , -20.4 , 83 , 27.25 , 1.118 , 0.015 , 2.96 , 293.21
420 , 2376 , 722.41 , -20.9 , 86 , 27.21 , 1.095 , 0.015 , 3.02 , 293.15
430 , 2427 , 717.46 , -21.2 , 90 , 27.18 , 1.088 , 0.015 , 3.08 , 293.09
440 , 2477 , 712.67 , -21.4 , 92 , 27.17 , 1.076 , 0.015 , 3.14 , 293.03
450 , 2533 , 707.26 , -21.7 , 92 , 27.13 , 1.071 , 0.015 , 3.21 , 292.96
460 , 2589 , 701.91 , -21.9 , 83 , 27.11 , 1.091 , 0.016 , 3.27 , 292.90
470 , 2636 , 697.41 , -22.0 , 72 , 27.10 , 1.129 , 0.016 , 3.33 , 292.84
480 , 2684 , 692.82 , -22.1 , 66 , 27.08 , 1.149 , 0.017 , 3.39 , 292.78
490 , 2727 , 688.84 , -22.1 , 64 , 27.04 , 1.190 , 0.017 , 3.44 , 292.73
500 , 2775 , 684.30 , -21.8 , 66 , 26.99 , 1.230 , 0.018 , 3.50 , 292.67
510 , 2816 , 680.53 , -21.6 , 67 , 26.95 , 1.263 , 0.019 , 3.56 , 292.61
520 , 2857 , 676.74 , -21.8 , 66 , 26.94 , 1.220 , 0.018 , 3.61 , 292.56
530 , 2905 , 672.39 , -21.9 , 65 , 26.90 , 1.147 , 0.017 , 3.67 , 292.50
540 , 2956 , 667.72 , -22.1 , 65 , 26.86 , 1.108 , 0.017 , 3.73 , 292.44
550 , 3013 , 662.53 , -22.5 , 66 , 26.84 , 1.110 , 0.017 , 3.80 , 292.37
560 , 3055 , 658.74 , -22.7 , 66 , 26.84 , 1.108 , 0.017 , 3.85 , 292.32
570 , 3105 , 654.33 , -22.7 , 65 , 26.83 , 1.119 , 0.017 , 3.91 , 292.26
580 , 3155 , 649.80 , -22.9 , 66 , 26.81 , 1.111 , 0.017 , 3.97 , 292.20
590 , 3198 , 646.05 , -23.2 , 66 , 26.79 , 1.117 , 0.017 , 4.02 , 292.15
600 , 3243 , 642.04 , -23.3 , 66 , 26.77 , 1.142 , 0.018 , 4.08 , 292.09
610 , 3291 , 637.92 , -23.5 , 65 , 26.75 , 1.128 , 0.018 , 4.14 , 292.03
620 , 3345 , 633.16 , -23.8 , 66 , 26.69 , 1.092 , 0.017 , 4.20 , 291.97
630 , 3396 , 628.77 , -24.1 , 67 , 26.68 , 1.061 , 0.017 , 4.26 , 291.91
640 , 3442 , 624.81 , -24.4 , 67 , 26.65 , 1.059 , 0.017 , 4.31 , 291.86
650 , 3490 , 620.74 , -24.8 , 68 , 26.64 , 1.044 , 0.017 , 4.37 , 291.80
660 , 3538 , 616.64 , -25.1 , 67 , 26.61 , 1.046 , 0.017 , 4.42 , 291.75
670 , 3587 , 612.45 , -25.5 , 68 , 26.60 , 1.034 , 0.017 , 4.48 , 291.69
680 , 3636 , 608.35 , -25.9 , 69 , 26.61 , 1.030 , 0.017 , 4.53 , 291.64
690 , 3687 , 604.08 , -26.3 , 70 , 26.59 , 0.994 , 0.016 , 4.59 , 291.58
700 , 3728 , 600.61 , -26.5 , 72 , 26.57 , 0.979 , 0.016 , 4.63 , 291.54
710 , 3773 , 596.95 , -26.8 , 70 , 26.54 , 0.926 , 0.016 , 4.68 , 291.49
720 , 3813 , 593.62 , -27.0 , 68 , 26.52 , 0.870 , 0.015 , 4.72 , 291.45
730 , 3854 , 590.22 , -27.3 , 69 , 26.51 , 0.826 , 0.014 , 4.76 , 291.41
740 , 3894 , 586.99 , -27.6 , 68 , 26.50 , 0.799 , 0.014 , 4.79 , 291.38
750 , 3934 , 583.68 , -28.0 , 68 , 26.48 , 0.782 , 0.013 , 4.83 , 291.34
760 , 3978 , 580.11 , -28.3 , 71 , 26.47 , 0.798 , 0.014 , 4.87 , 291.30
770 , 4022 , 576.59 , -28.5 , 71 , 26.44 , 0.779 , 0.014 , 4.90 , 291.26
780 , 4065 , 573.15 , -28.8 , 70 , 26.43 , 0.766 , 0.013 , 4.94 , 291.23
790 , 4109 , 569.61 , -29.2 , 69 , 26.42 , 0.757 , 0.013 , 4.98 , 291.19
800 , 4152 , 566.21 , -29.4 , 71 , 26.39 , 0.762 , 0.013 , 5.01 , 291.16
810 , 4202 , 562.21 , -29.7 , 70 , 26.36 , 0.780 , 0.014 , 5.06 , 291.11
820 , 4263 , 557.45 , -30.1 , 66 , 26.33 , 0.867 , 0.016 , 5.11 , 291.06
830 , 4320 , 553.04 , -30.5 , 65 , 26.30 , 0.914 , 0.017 , 5.17 , 291.00
840 , 4377 , 548.54 , -31.1 , 68 , 26.28 , 0.957 , 0.017 , 5.23 , 290.94
850 , 4438 , 543.90 , -31.6 , 71 , 26.26 , 0.977 , 0.018 , 5.29 , 290.88
860 , 4493 , 539.63 , -32.1 , 73 , 26.24 , 0.990 , 0.018 , 5.35 , 290.81
870 , 4544 , 535.77 , -32.5 , 75 , 26.23 , 0.982 , 0.018 , 5.41 , 290.76
880 , 4587 , 532.52 , -32.8 , 77 , 26.21 , 0.980 , 0.018 , 5.46 , 290.71
890 , 4632 , 529.10 , -33.2 , 78 , 26.19 , 0.975 , 0.018 , 5.51 , 290.66
900 , 4671 , 526.18 , -33.4 , 72 , 26.18 , 1.017 , 0.019 , 5.55 , 290.62
910 , 4722 , 522.33 , -33.6 , 65 , 26.16 , 1.072 , 0.021 , 5.61 , 290.56
920 , 4765 , 519.16 , -33.6 , 51 , 26.13 , 1.146 , 0.022 , 5.66 , 290.50
930 , 4814 , 515.53 , -33.7 , 45 , 26.11 , 1.197 , 0.023 , 5.73 , 290.44
940 , 4874 , 511.14 , -34.1 , 53 , 26.10 , 1.242 , 0.024 , 5.81 , 290.36
950 , 4925 , 507.46 , -34.4 , 59 , 26.07 , 1.226 , 0.024 , 5.88 , 290.29
960 , 4966 , 504.48 , -34.7 , 60 , 26.06 , 1.206 , 0.024 , 5.94 , 290.23
970 , 5009 , 501.40 , -35.0 , 60 , 26.03 , 1.153 , 0.023 , 6.00 , 290.17
980 , 5050 , 498.44 , -35.3 , 60 , 26.00 , 1.134 , 0.023 , 6.05 , 290.12
990 , 5097 , 495.05 , -35.7 , 61 , 25.97 , 1.150 , 0.023 , 6.11 , 290.06
1000 , 5140 , 492.02 , -35.9 , 62 , 25.95 , 1.166 , 0.024 , 6.17 , 290.00
1010 , 5181 , 489.13 , -36.2 , 60 , 25.94 , 1.177 , 0.024 , 6.22 , 289.95
1020 , 5223 , 486.16 , -36.4 , 57 , 25.91 , 1.187 , 0.024 , 6.28 , 289.89
1030 , 5273 , 482.70 , -36.8 , 57 , 25.88 , 1.224 , 0.025 , 6.35 , 289.82
1040 , 5327 , 478.88 , -37.2 , 58 , 25.85 , 1.211 , 0.025 , 6.42 , 289.75
1050 , 5373 , 475.75 , -37.4 , 57 , 25.84 , 1.189 , 0.025 , 6.48 , 289.68
1060 , 5415 , 472.85 , -37.7 , 57 , 25.82 , 1.156 , 0.024 , 6.54 , 289.63
1070 , 5454 , 470.17 , -37.9 , 55 , 25.80 , 1.143 , 0.024 , 6.59 , 289.58
1080 , 5499 , 467.11 , -38.1 , 54 , 25.79 , 1.120 , 0.024 , 6.65 , 289.52
1090 , 5549 , 463.74 , -38.5 , 54 , 25.77 , 1.099 , 0.024 , 6.71 , 289.46
1100 , 5588 , 461.10 , -38.8 , 52 , 25.75 , 1.122 , 0.024 , 6.76 , 289.41
1110 , 5636 , 457.88 , -39.1 , 52 , 25.72 , 1.120 , 0.024 , 6.83 , 289.34
1120 , 5684 , 454.71 , -39.4 , 52 , 25.69 , 1.089 , 0.024 , 6.89 , 289.28
1130 , 5729 , 451.73 , -39.7 , 52 , 25.65 , 1.053 , 0.023 , 6.94 , 289.23
1140 , 5776 , 448.63 , -40.1 , 54 , 25.62 , 1.004 , 0.022 , 7.00 , 289.17
1150 , 5828 , 445.22 , -40.5 , 55 , 25.60 , 0.972 , 0.022 , 7.06 , 289.11
1160 , 5880 , 441.78 , -40.9 , 57 , 25.57 , 0.991 , 0.022 , 7.12 , 289.05
1170 , 5929 , 438.64 , -41.2 , 57 , 25.53 , 1.009 , 0.023 , 7.17 , 289.00
1180 , 5970 , 435.96 , -41.5 , 58 , 25.50 , 1.095 , 0.025 , 7.22 , 288.94
1190 , 6016 , 433.07 , -41.8 , 56 , 25.49 , 1.173 , 0.027 , 7.28 , 288.88
1200 , 6070 , 429.63 , -42.1 , 54 , 25.45 , 1.219 , 0.028 , 7.36 , 288.81
1210 , 6114 , 426.80 , -42.4 , 53 , 25.43 , 1.236 , 0.029 , 7.42 , 288.75
1220 , 6158 , 424.06 , -42.7 , 52 , 25.41 , 1.248 , 0.029 , 7.49 , 288.68
1230 , 6209 , 420.87 , -43.1 , 50 , 25.38 , 1.222 , 0.029 , 7.56 , 288.61
1240 , 6270 , 417.05 , -43.5 , 50 , 25.35 , 1.157 , 0.028 , 7.65 , 288.52
1250 , 6321 , 413.88 , -43.8 , 51 , 25.32 , 1.096 , 0.026 , 7.71 , 288.46
1260 , 6367 , 411.07 , -44.1 , 51 , 25.29 , 1.048 , 0.025 , 7.77 , 288.40
1270 , 6409 , 408.51 , -44.5 , 51 , 25.25 , 1.027 , 0.025 , 7.82 , 288.35
1280 , 6462 , 405.25 , -45.0 , 52 , 25.22 , 1.005 , 0.025 , 7.89 , 288.28
1290 , 6512 , 402.21 , -45.3 , 54 , 25.19 , 0.954 , 0.024 , 7.95 , 288.22
1300 , 6561 , 399.32 , -45.6 , 54 , 25.16 , 0.919 , 0.023 , 8.00 , 288.17
1310 , 6601 , 396.92 , -45.9 , 53 , 25.12 , 0.887 , 0.022 , 8.04 , 288.13
1320 , 6640 , 394.60 , -46.2 , 52 , 25.10 , 0.857 , 0.022 , 8.08 , 288.09
1330 , 6679 , 392.24 , -46.5 , 52 , 25.08 , 0.900 , 0.023 , 8.12 , 288.05
1340 , 6726 , 389.49 , -46.8 , 53 , 25.05 , 0.889 , 0.023 , 8.17 , 288.00
1350 , 6773 , 386.76 , -47.3 , 54 , 25.01 , 0.870 , 0.022 , 8.22 , 287.95
1360 , 6818 , 384.09 , -47.7 , 55 , 24.98 , 0.861 , 0.022 , 8.27 , 287.90
1370 , 6864 , 381.43 , -48.1 , 54 , 24.96 , 0.835 , 0.022 , 8.32 , 287.85
1380 , 6918 , 378.35 , -48.4 , 53 , 24.92 , 0.830 , 0.022 , 8.37 , 287.80
1390 , 6955 , 376.20 , -48.8 , 54 , 24.89 , 0.823 , 0.022 , 8.41 , 287.76
1400 , 6994 , 373.95 , -49.1 , 54 , 24.85 , 0.813 , 0.022 , 8.44 , 287.72
1410 , 7031 , 371.86 , -49.4 , 54 , 24.82 , 0.834 , 0.022 , 8.48 , 287.69
1420 , 7076 , 369.32 , -49.7 , 54 , 24.78 , 0.868 , 0.024 , 8.53 , 287.64
1430 , 7129 , 366.36 , -50.0 , 54 , 24.73 , 0.824 , 0.022 , 8.58 , 287.59
1440 , 7167 , 364.19 , -50.4 , 54 , 24.68 , 0.810 , 0.022 , 8.62 , 287.55
1450 , 7211 , 361.76 , -50.8 , 56 , 24.63 , 0.790 , 0.022 , 8.66 , 287.51
1460 , 7249 , 359.65 , -51.1 , 56 , 24.61 , 0.763 , 0.021 , 8.70 , 287.47
1470 , 7297 , 357.02 , -51.5 , 55 , 24.58 , 0.759 , 0.021 , 8.74 , 287.43
1480 , 7351 , 354.05 , -52.0 , 53 , 24.55 , 0.767 , 0.022 , 8.79 , 287.38
1490 , 7403 , 351.19 , -52.4 , 53 , 24.52 , 0.758 , 0.022 , 8.84 , 287.33
1500 , 7457 , 348.29 , -52.9 , 54 , 24.48 , 0.737 , 0.021 , 8.89 , 287.28
1510 , 7506 , 345.65 , -53.4 , 56 , 24.45 , 0.776 , 0.022 , 8.93 , 287.23
1520 , 7568 , 342.32 , -53.7 , 57 , 24.41 , 0.888 , 0.026 , 9.00 , 287.17
1530 , 7617 , 339.73 , -53.8 , 50 , 24.36 , 1.176 , 0.035 , 9.06 , 287.11
1540 , 7654 , 337.78 , -54.0 , 43 , 24.32 , 1.456 , 0.043 , 9.12 , 287.05
1550 , 7695 , 335.60 , -54.1 , 37 , 24.29 , 1.675 , 0.050 , 9.20 , 286.97
1560 , 7735 , 333.53 , -54.2 , 35 , 24.27 , 1.914 , 0.057 , 9.29 , 286.88
1570 , 7804 , 329.93 , -54.7 , 40 , 24.22 , 1.729 , 0.052 , 9.44 , 286.73
1580 , 7835 , 328.37 , -54.9 , 43 , 24.19 , 1.579 , 0.048 , 9.51 , 286.66
1590 , 7885 , 325.77 , -55.4 , 46 , 24.14 , 1.404 , 0.043 , 9.60 , 286.57
1600 , 7934 , 323.30 , -55.8 , 49 , 24.10 , 1.340 , 0.041 , 9.68 , 286.49
1610 , 7979 , 321.03 , -56.1 , 49 , 24.04 , 1.274 , 0.040 , 9.75 , 286.41
1620 , 8023 , 318.79 , -56.3 , 46 , 24.01 , 1.378 , 0.043 , 9.83 , 286.34
1630 , 8077 , 316.08 , -56.7 , 43 , 23.97 , 1.616 , 0.051 , 9.93 , 286.24
1640 , 8131 , 313.40 , -57.0 , 39 , 23.93 , 1.867 , 0.060 , 10.05 , 286.12
1650 , 8179 , 311.05 , -57.1 , 37 , 23.88 , 2.013 , 0.065 , 10.16 , 286.01
1660 , 8239 , 308.11 , -57.4 , 37 , 23.84 , 2.092 , 0.068 , 10.31 , 285.85
1670 , 8291 , 305.57 , -57.8 , 36 , 23.80 , 2.105 , 0.069 , 10.45 , 285.72
1680 , 8339 , 303.25 , -58.1 , 33 , 23.76 , 2.248 , 0.074 , 10.58 , 285.59
1690 , 8391 , 300.74 , -58.3 , 30 , 23.72 , 2.355 , 0.078 , 10.73 , 285.44
1700 , 8439 , 298.47 , -58.4 , 28 , 23.67 , 2.426 , 0.081 , 10.88 , 285.29
1710 , 8480 , 296.51 , -58.6 , 27 , 23.63 , 2.565 , 0.087 , 11.01 , 285.16
1720 , 8521 , 294.61 , -58.8 , 26 , 23.59 , 2.649 , 0.090 , 11.14 , 285.03
1730 , 8568 , 292.42 , -59.0 , 27 , 23.52 , 2.648 , 0.091 , 11.29 , 284.87
1740 , 8629 , 289.55 , -59.2 , 27 , 23.43 , 2.617 , 0.090 , 11.50 , 284.67
1750 , 8688 , 286.86 , -59.6 , 29 , 23.29 , 2.326 , 0.081 , 11.68 , 284.49
1760 , 8730 , 284.95 , -59.8 , 32 , 23.27 , 2.157 , 0.076 , 11.80 , 284.37
1770 , 8773 , 282.96 , -59.8 , 32 , 23.25 , 2.176 , 0.077 , 11.92 , 284.25
1780 , 8830 , 280.39 , -59.7 , 31 , 23.23 , 2.375 , 0.085 , 12.08 , 284.09
1790 , 8889 , 277.79 , -59.7 , 31 , 23.19 , 2.325 , 0.084 , 12.26 , 283.91
1800 , 8929 , 276.00 , -59.7 , 30 , 23.16 , 2.468 , 0.089 , 12.38 , 283.79
1810 , 8978 , 273.85 , -59.9 , 30 , 23.11 , 2.666 , 0.097 , 12.54 , 283.63
1820 , 9051 , 270.64 , -59.4 , 25 , 23.05 , 2.874 , 0.106 , 12.79 , 283.37
1830 , 9081 , 269.35 , -59.6 , 23 , 23.03 , 2.971 , 0.110 , 12.90 , 283.26
1840 , 9123 , 267.58 , -59.6 , 20 , 23.00 , 3.023 , 0.113 , 13.06 , 283.11
1850 , 9161 , 265.92 , -59.7 , 17 , 22.95 , 2.998 , 0.113 , 13.21 , 282.96
1860 , 9199 , 264.31 , -59.7 , 16 , 22.93 , 3.063 , 0.116 , 13.35 , 282.82
1870 , 9239 , 262.64 , -59.8 , 15 , 22.89 , 3.117 , 0.119 , 13.51 , 282.66
1880 , 9276 , 261.09 , -59.9 , 14 , 22.86 , 3.193 , 0.122 , 13.66 , 282.51
1890 , 9313 , 259.56 , -60.0 , 13 , 22.83 , 3.244 , 0.125 , 13.81 , 282.36
1900 , 9351 , 257.96 , -59.8 , 12 , 22.80 , 3.308 , 0.128 , 13.96 , 282.20
1910 , 9388 , 256.43 , -59.6 , 12 , 22.77 , 3.442 , 0.134 , 14.12 , 282.05
1920 , 9428 , 254.82 , -59.4 , 11 , 22.74 , 3.537 , 0.139 , 14.30 , 281.87
1930 , 9465 , 253.29 , -59.2 , 10 , 22.69 , 3.606 , 0.142 , 14.47 , 281.70
1940 , 9502 , 251.80 , -59.3 , 10 , 22.66 , 3.723 , 0.148 , 14.64 , 281.53
1950 , 9539 , 250.31 , -59.2 , 10 , 22.63 , 3.917 , 0.156 , 14.82 , 281.35
1960 , 9577 , 248.82 , -59.1 , 10 , 22.59 , 4.000 , 0.161 , 15.00 , 281.17
1970 , 9618 , 247.19 , -58.8 , 9 , 22.56 , 4.006 , 0.162 , 15.21 , 280.96
1980 , 9659 , 245.59 , -58.8 , 9 , 22.52 , 4.223 , 0.172 , 15.42 , 280.75
1990 , 9698 , 244.08 , -59.1 , 9 , 22.49 , 4.329 , 0.177 , 15.63 , 280.54
2000 , 9735 , 242.64 , -59.0 , 9 , 22.45 , 4.343 , 0.179 , 15.83 , 280.34
2010 , 9774 , 241.10 , -58.8 , 8 , 22.42 , 4.461 , 0.185 , 16.05 , 280.12
2020 , 9814 , 239.59 , -58.9 , 8 , 22.37 , 4.558 , 0.190 , 16.28 , 279.89
2030 , 9855 , 238.03 , -59.1 , 8 , 22.32 , 4.572 , 0.192 , 16.51 , 279.66
2040 , 9900 , 236.33 , -59.2 , 8 , 22.30 , 4.561 , 0.193 , 16.77 , 279.40
2050 , 9955 , 234.27 , -59.3 , 8 , 22.25 , 4.620 , 0.197 , 17.09 , 279.08
2060 , 10004 , 232.42 , -59.4 , 8 , 22.21 , 4.607 , 0.198 , 17.38 , 278.79
2070 , 10047 , 230.85 , -59.7 , 9 , 22.17 , 4.471 , 0.194 , 17.62 , 278.55
2080 , 10087 , 229.35 , -59.6 , 9 , 22.14 , 4.408 , 0.192 , 17.85 , 278.32
2090 , 10128 , 227.86 , -59.6 , 9 , 22.11 , 4.485 , 0.197 , 18.08 , 278.09
2100 , 10171 , 226.29 , -59.5 , 9 , 22.06 , 4.554 , 0.201 , 18.32 , 277.85
2110 , 10214 , 224.74 , -59.3 , 8 , 22.01 , 4.591 , 0.204 , 18.57 , 277.60
2120 , 10261 , 223.09 , -59.3 , 7 , 21.97 , 4.615 , 0.207 , 18.84 , 277.33
2130 , 10315 , 221.15 , -59.1 , 6 , 21.92 , 4.757 , 0.215 , 19.16 , 277.01
2140 , 10367 , 219.35 , -58.9 , 6 , 21.86 , 4.815 , 0.220 , 19.47 , 276.70
2150 , 10412 , 217.75 , -58.8 , 5 , 21.78 , 4.707 , 0.216 , 19.75 , 276.42
2160 , 10456 , 216.26 , -58.7 , 4 , 21.74 , 4.623 , 0.214 , 20.00 , 276.17
2170 , 10493 , 214.95 , -58.6 , 4 , 21.72 , 4.645 , 0.216 , 20.22 , 275.95
2180 , 10532 , 213.62 , -58.5 , 4 , 21.70 , 4.701 , 0.220 , 20.45 , 275.72
2190 , 10574 , 212.21 , -58.4 , 3 , 21.66 , 4.791 , 0.226 , 20.70 , 275.47
2200 , 10616 , 210.79 , -58.5 , 3 , 21.62 , 4.744 , 0.225 , 20.95 , 275.22
2210 , 10656 , 209.48 , -58.6 , 3 , 21.59 , 4.682 , 0.224 , 21.18 , 274.99
2220 , 10694 , 208.19 , -58.6 , 3 , 21.55 , 4.638 , 0.223 , 21.41 , 274.76
2230 , 10735 , 206.86 , -58.4 , 3 , 21.52 , 4.693 , 0.227 , 21.64 , 274.52
2240 , 10773 , 205.60 , -58.3 , 3 , 21.48 , 4.689 , 0.228 , 21.87 , 274.30
2250 , 10812 , 204.32 , -58.3 , 3 , 21.45 , 4.650 , 0.228 , 22.10 , 274.07
2260 , 10850 , 203.11 , -58.3 , 3 , 21.41 , 4.638 , 0.228 , 22.32 , 273.85
2270 , 10888 , 201.88 , -58.3 , 3 , 21.37 , 4.558 , 0.226 , 22.54 , 273.63
2280 , 10924 , 200.71 , -58.1 , 3 , 21.34 , 4.600 , 0.229 , 22.75 , 273.42
2290 , 10962 , 199.53 , -57.9 , 2 , 21.30 , 4.532 , 0.227 , 22.96 , 273.21
2300 , 10998 , 198.37 , -57.7 , 2 , 21.27 , 4.483 , 0.226 , 23.17 , 273.00
2310 , 11034 , 197.24 , -57.7 , 2 , 21.23 , 4.539 , 0.230 , 23.37 , 272.80
2320 , 11071 , 196.08 , -57.6 , 2 , 21.20 , 4.495 , 0.229 , 23.58 , 272.59
2330 , 11109 , 194.92 , -57.6 , 2 , 21.17 , 4.443 , 0.228 , 23.79 , 272.38
2340 , 11147 , 193.76 , -57.7 , 2 , 21.13 , 4.382 , 0.226 , 24.00 , 272.17
2350 , 11184 , 192.61 , -57.7 , 1 , 21.09 , 4.316 , 0.224 , 24.20 , 271.96
2360 , 11222 , 191.46 , -57.8 , 1 , 21.06 , 4.315 , 0.225 , 24.41 , 271.76
2370 , 11261 , 190.29 , -58.0 , 1 , 21.03 , 4.391 , 0.231 , 24.62 , 271.55
2380 , 11298 , 189.16 , -58.2 , 1 , 21.00 , 4.409 , 0.233 , 24.83 , 271.34
2390 , 11338 , 187.98 , -58.1 , 1 , 20.96 , 4.375 , 0.233 , 25.04 , 271.13
2400 , 11377 , 186.81 , -58.0 , 1 , 20.92 , 4.286 , 0.229 , 25.26 , 270.91
2410 , 11415 , 185.69 , -57.9 , 1 , 20.89 , 4.239 , 0.228 , 25.46 , 270.71
2420 , 11451 , 184.61 , -57.3 , 1 , 20.85 , 4.187 , 0.227 , 25.65 , 270.52
2430 , 11488 , 183.55 , -57.1 , 1 , 20.82 , 4.105 , 0.224 , 25.84 , 270.33
2440 , 11527 , 182.42 , -57.0 , 1 , 20.79 , 4.013 , 0.220 , 26.04 , 270.13
2450 , 11565 , 181.32 , -57.0 , 0 , 20.75 , 3.929 , 0.217 , 26.23 , 269.94
2460 , 11604 , 180.21 , -56.9 , 0 , 20.72 , 3.953 , 0.219 , 26.42 , 269.75
2470 , 11642 , 179.13 , -56.9 , 0 , 20.69 , 4.031 , 0.225 , 26.61 , 269.56
2480 , 11681 , 178.04 , -56.9 , 0 , 20.65 , 4.040 , 0.227 , 26.80 , 269.37
2490 , 11718 , 176.98 , -57.1 , 0 , 20.62 , 3.906 , 0.221 , 26.99 , 269.18
2500 , 11758 , 175.88 , -57.0 , 0 , 20.59 , 3.848 , 0.219 , 27.18 , 268.99
2510 , 11797 , 174.80 , -57.0 , 0 , 20.56 , 3.650 , 0.209 , 27.36 , 268.81
2520 , 11834 , 173.77 , -57.1 , 0 , 20.52 , 3.481 , 0.200 , 27.53 , 268.64
2530 , 11872 , 172.75 , -57.2 , 0 , 20.49 , 3.517 , 0.204 , 27.69 , 268.48
2540 , 11911 , 171.68 , -57.2 , 0 , 20.47 , 3.692 , 0.215 , 27.87 , 268.30
2550 , 11948 , 170.67 , -57.2 , 0 , 20.43 , 3.781 , 0.222 , 28.04 , 268.13
2560 , 11987 , 169.63 , -57.0 , 0 , 20.40 , 3.854 , 0.227 , 28.23 , 267.94
2570 , 12028 , 168.54 , -57.1 , 0 , 20.37 , 3.841 , 0.228 , 28.42 , 267.75
2580 , 12067 , 167.48 , -56.9 , 0 , 20.34 , 3.841 , 0.229 , 28.61 , 267.56
2590 , 12107 , 166.44 , -56.8 , 0 , 20.30 , 3.732 , 0.224 , 28.80 , 267.37
2600 , 12147 , 165.40 , -56.9 , 0 , 20.27 , 3.474 , 0.210 , 28.98 , 267.19
2610 , 12184 , 164.43 , -57.0 , 0 , 20.24 , 3.228 , 0.196 , 29.13 , 267.04
2620 , 12222 , 163.44 , -57.1 , 0 , 20.21 , 3.066 , 0.188 , 29.28 , 266.89
2630 , 12259 , 162.50 , -57.3 , 0 , 20.18 , 3.016 , 0.186 , 29.42 , 266.75
2640 , 12296 , 161.53 , -57.4 , 0 , 20.15 , 2.968 , 0.184 , 29.56 , 266.61
2650 , 12336 , 160.50 , -57.4 , 0 , 20.12 , 2.967 , 0.185 , 29.71 , 266.46
2660 , 12376 , 159.51 , -57.1 , 0 , 20.09 , 2.966 , 0.186 , 29.86 , 266.31
2670 , 12418 , 158.45 , -57.2 , 0 , 20.06 , 3.016 , 0.190 , 30.02 , 266.15
2680 , 12459 , 157.44 , -57.2 , 0 , 20.03 , 3.034 , 0.193 , 30.17 , 266.00
2690 , 12497 , 156.48 , -57.1 , 0 , 20.00 , 3.051 , 0.195 , 30.32 , 265.85
2700 , 12536 , 155.51 , -57.2 , 0 , 19.97 , 3.062 , 0.197 , 30.46 , 265.70
2710 , 12573 , 154.61 , -57.2 , 0 , 19.95 , 3.075 , 0.199 , 30.61 , 265.56
2720 , 12611 , 153.68 , -57.1 , 0 , 19.92 , 3.116 , 0.203 , 30.75 , 265.42
2730 , 12649 , 152.76 , -57.0 , 0 , 19.89 , 3.322 , 0.217 , 30.91 , 265.26
2740 , 12688 , 151.83 , -57.1 , 0 , 19.86 , 3.438 , 0.226 , 31.07 , 265.10
2750 , 12726 , 150.92 , -57.2 , 0 , 19.83 , 3.550 , 0.235 , 31.23 , 264.93
2760 , 12763 , 150.03 , -57.1 , 0 , 19.80 , 3.619 , 0.241 , 31.40 , 264.77
2770 , 12802 , 149.12 , -57.2 , 0 , 19.78 , 3.515 , 0.236 , 31.57 , 264.60
2780 , 12839 , 148.25 , -56.9 , 0 , 19.75 , 3.420 , 0.231 , 31.73 , 264.44
2790 , 12874 , 147.41 , -56.9 , 0 , 19.72 , 3.401 , 0.231 , 31.88 , 264.28
2800 , 12910 , 146.59 , -56.7 , 0 , 19.69 , 3.495 , 0.238 , 32.04 , 264.13
2810 , 12947 , 145.74 , -56.5 , 0 , 19.66 , 3.597 , 0.247 , 32.20 , 263.97
2820 , 12985 , 144.87 , -56.4 , 0 , 19.64 , 3.773 , 0.260 , 32.37 , 263.80
2830 , 13024 , 143.98 , -56.1 , 0 , 19.61 , 3.999 , 0.278 , 32.56 , 263.61
2840 , 13061 , 143.14 , -56.0 , 0 , 19.59 , 4.126 , 0.288 , 32.75 , 263.42
2850 , 13099 , 142.29 , -56.0 , 0 , 19.56 , 4.049 , 0.285 , 32.94 , 263.23
2860 , 13134 , 141.50 , -56.0 , 0 , 19.54 , 3.947 , 0.279 , 33.12 , 263.05
2870 , 13171 , 140.69 , -56.0 , 0 , 19.51 , 3.722 , 0.265 , 33.29 , 262.88
2880 , 13210 , 139.83 , -55.9 , 0 , 19.49 , 3.675 , 0.263 , 33.47 , 262.70
2890 , 13249 , 138.98 , -55.9 , 0 , 19.46 , 3.615 , 0.260 , 33.65 , 262.52
2900 , 13288 , 138.11 , -55.9 , 0 , 19.44 , 3.603 , 0.261 , 33.83 , 262.34
2910 , 13328 , 137.25 , -56.1 , 0 , 19.41 , 3.555 , 0.259 , 34.00 , 262.17
2920 , 13368 , 136.40 , -56.3 , 0 , 19.39 , 3.406 , 0.250 , 34.17 , 262.00
2930 , 13407 , 135.55 , -56.4 , 0 , 19.36 , 3.196 , 0.236 , 34.34 , 261.83
2940 , 13447 , 134.70 , -56.3 , 0 , 19.33 , 3.247 , 0.241 , 34.50 , 261.67
2950 , 13487 , 133.85 , -56.1 , 0 , 19.30 , 3.290 , 0.246 , 34.66 , 261.51
2960 , 13529 , 132.99 , -56.0 , 0 , 19.27 , 3.309 , 0.249 , 34.83 , 261.34
2970 , 13569 , 132.13 , -56.1 , 0 , 19.25 , 3.307 , 0.250 , 35.00 , 261.17
2980 , 13611 , 131.27 , -56.1 , 0 , 19.22 , 3.264 , 0.249 , 35.16 , 261.00
2990 , 13650 , 130.46 , -56.0 , 0 , 19.19 , 3.339 , 0.256 , 35.33 , 260.84
3000 , 13689 , 129.66 , -55.6 , 0 , 19.17 , 3.313 , 0.256 , 35.49 , 260.68
3010 , 13728 , 128.87 , -55.2 , 0 , 19.14 , 3.231 , 0.251 , 35.65 , 260.52
3020 , 13768 , 128.08 , -55.1 , 0 , 19.11 , 3.162 , 0.247 , 35.80 , 260.37
3030 , 13807 , 127.30 , -55.1 , 0 , 19.09 , 3.132 , 0.246 , 35.95 , 260.22
3040 , 13847 , 126.51 , -55.1 , 0 , 19.07 , 3.162 , 0.250 , 36.11 , 260.06
3050 , 13887 , 125.71 , -55.1 , 0 , 19.04 , 3.214 , 0.256 , 36.27 , 259.90
3060 , 13925 , 124.97 , -55.1 , 0 , 19.01 , 3.425 , 0.274 , 36.42 , 259.75
3070 , 13964 , 124.21 , -54.9 , 0 , 18.99 , 3.786 , 0.305 , 36.59 , 259.57
3080 , 14001 , 123.48 , -54.7 , 0 , 18.96 , 4.091 , 0.331 , 36.78 , 259.39
3090 , 14041 , 122.71 , -54.5 , 0 , 18.93 , 4.143 , 0.338 , 36.98 , 259.19
3100 , 14081 , 121.94 , -54.6 , 0 , 18.91 , 4.110 , 0.337 , 37.19 , 258.98
3110 , 14123 , 121.16 , -54.6 , 0 , 18.89 , 4.116 , 0.340 , 37.39 , 258.77
3120 , 14162 , 120.42 , -54.6 , 0 , 18.86 , 4.043 , 0.336 , 37.59 , 258.58
3130 , 14200 , 119.70 , -54.3 , 0 , 18.84 , 3.724 , 0.311 , 37.78 , 258.39
3140 , 14239 , 118.97 , -54.4 , 0 , 18.81 , 3.384 , 0.284 , 37.95 , 258.22
3150 , 14278 , 118.26 , -54.3 , 0 , 18.79 , 3.146 , 0.266 , 38.10 , 258.07
3160 , 14317 , 117.53 , -54.4 , 0 , 18.77 , 2.905 , 0.247 , 38.25 , 257.92
3170 , 14358 , 116.79 , -54.5 , 0 , 18.75 , 2.708 , 0.232 , 38.39 , 257.78
3180 , 14397 , 116.07 , -54.3 , 0 , 18.72 , 2.601 , 0.224 , 38.52 , 257.65
3190 , 14435 , 115.38 , -54.2 , 0 , 18.70 , 2.601 , 0.225 , 38.64 , 257.53
3200 , 14475 , 114.67 , -54.1 , 0 , 18.67 , 2.644 , 0.231 , 38.77 , 257.40
3210 , 14514 , 113.97 , -53.8 , 0 , 18.65 , 2.678 , 0.235 , 38.90 , 257.27
3220 , 14553 , 113.28 , -53.7 , 0 , 18.63 , 2.690 , 0.237 , 39.03 , 257.14
3230 , 14595 , 112.55 , -53.6 , 0 , 18.61 , 2.704 , 0.240 , 39.16 , 257.00
3240 , 14636 , 111.83 , -53.6 , 0 , 18.59 , 2.632 , 0.235 , 39.30 , 256.87
3250 , 14676 , 111.14 , -53.4 , 0 , 18.56 , 2.583 , 0.232 , 39.43 , 256.74
3260 , 14716 , 110.45 , -52.9 , 0 , 18.54 , 2.542 , 0.230 , 39.55 , 256.62
3270 , 14756 , 109.76 , -52.8 , 0 , 18.52 , 2.516 , 0.229 , 39.68 , 256.49
3280 , 14796 , 109.08 , -52.5 , 0 , 18.49 , 2.478 , 0.227 , 39.80 , 256.37
3290 , 14837 , 108.40 , -52.4 , 0 , 18.47 , 2.449 , 0.226 , 39.92 , 256.25
3300 , 14877 , 107.74 , -52.0 , 0 , 18.45 , 2.456 , 0.228 , 40.04 , 256.13
3310 , 14915 , 107.11 , -52.1 , 0 , 18.43 , 2.514 , 0.235 , 40.16 , 256.01
3320 , 14953 , 106.47 , -51.9 , 0 , 18.41 , 2.563 , 0.241 , 40.27 , 255.90
3330 , 14993 , 105.82 , -51.8 , 0 , 18.39 , 2.653 , 0.251 , 40.40 , 255.77
3340 , 15030 , 105.21 , -51.4 , 0 , 18.37 , 2.746 , 0.261 , 40.52 , 255.65
3350 , 15070 , 104.57 , -51.5 , 0 , 18.34 , 2.836 , 0.271 , 40.66 , 255.51
3360 , 15110 , 103.93 , -51.5 , 0 , 18.33 , 2.863 , 0.276 , 40.80 , 255.37
3370 , 15150 , 103.29 , -51.4 , 0 , 18.30 , 2.898 , 0.281 , 40.94 , 255.23
3380 , 15191 , 102.65 , -51.1 , 0 , 18.29 , 3.038 , 0.296 , 41.08 , 255.09
3390 , 15230 , 102.02 , -50.6 , 0 , 18.27 , 3.235 , 0.317 , 41.23 , 254.94
3400 , 15269 , 101.41 , -50.6 , 0 , 18.24 , 3.371 , 0.332 , 41.39 , 254.78
3410 , 15311 , 100.77 , -50.3 , 0 , 18.22 , 3.492 , 0.347 , 41.56 , 254.61
3420 , 15352 , 100.14 , -49.9 , 0 , 18.21 , 3.717 , 0.371 , 41.74 , 254.43
3430 , 15392 , 99.52 , -49.6 , 0 , 18.18 , 3.743 , 0.376 , 41.92 , 254.25
3440 , 15435 , 98.87 , -49.4 , 0 , 18.16 , 3.451 , 0.349 , 42.11 , 254.06
3450 , 15475 , 98.27 , -49.0 , 0 , 18.14 , 3.210 , 0.327 , 42.27 , 253.90
3460 , 15514 , 97.69 , -48.6 , 0 , 18.12 , 3.125 , 0.320 , 42.42 , 253.75
3470 , 15554 , 97.10 , -48.2 , 0 , 18.11 , 3.084 , 0.318 , 42.56 , 253.60
3480 , 15594 , 96.51 , -47.8 , 0 , 18.09 , 2.893 , 0.300 , 42.71 , 253.46
3490 , 15633 , 95.93 , -47.7 , 0 , 18.07 , 2.703 , 0.282 , 42.84 , 253.33
3500 , 15673 , 95.37 , -47.4 , 0 , 18.05 , 2.604 , 0.273 , 42.97 , 253.20
3510 , 15712 , 94.80 , -47.3 , 0 , 18.03 , 2.520 , 0.266 , 43.09 , 253.08
3520 , 15754 , 94.21 , -47.2 , 0 , 18.01 , 2.485 , 0.264 , 43.21 , 252.96
3530 , 15793 , 93.65 , -47.0 , 0 , 18.00 , 2.487 , 0.266 , 43.33 , 252.84
3540 , 15834 , 93.07 , -46.6 , 0 , 17.98 , 2.552 , 0.274 , 43.45 , 252.72
3550 , 15875 , 92.49 , -46.6 , 0 , 17.96 , 2.516 , 0.272 , 43.58 , 252.59
3560 , 15917 , 91.91 , -46.6 , 0 , 17.95 , 2.507 , 0.273 , 43.70 , 252.47
3570 , 15960 , 91.32 , -46.8 , 0 , 17.93 , 2.544 , 0.279 , 43.83 , 252.34
3580 , 15999 , 90.78 , -46.8 , 0 , 17.92 , 2.715 , 0.299 , 43.95 , 252.22
3590 , 16038 , 90.25 , -46.5 , 0 , 17.90 , 3.023 , 0.335 , 44.08 , 252.09
3600 , 16078 , 89.70 , -46.0 , 0 , 17.88 , 3.229 , 0.360 , 44.23 , 251.94
3610 , 16118 , 89.17 , -45.8 , 0 , 17.86 , 3.381 , 0.379 , 44.39 , 251.78
3620 , 16160 , 88.61 , -45.7 , 0 , 17.85 , 3.329 , 0.376 , 44.56 , 251.61
3630 , 16202 , 88.05 , -45.6 , 0 , 17.84 , 3.261 , 0.370 , 44.72 , 251.45
3640 , 16243 , 87.51 , -45.3 , 0 , 17.82 , 3.131 , 0.358 , 44.88 , 251.29
3650 , 16285 , 86.96 , -44.8 , 0 , 17.80 , 3.031 , 0.349 , 45.03 , 251.14
3660 , 16329 , 86.40 , -44.8 , 0 , 17.79 , 3.013 , 0.349 , 45.18 , 250.99
3670 , 16371 , 85.85 , -44.6 , 0 , 17.78 , 3.100 , 0.361 , 45.34 , 250.83
3680 , 16415 , 85.29 , -44.2 , 0 , 17.77 , 3.259 , 0.382 , 45.50 , 250.67
3690 , 16457 , 84.75 , -44.1 , 0 , 17.75 , 3.430 , 0.405 , 45.67 , 250.50
3700 , 16498 , 84.23 , -43.8 , 0 , 17.74 , 3.527 , 0.419 , 45.84 , 250.33
3710 , 16539 , 83.72 , -43.3 , 0 , 17.73 , 3.597 , 0.430 , 46.01 , 250.16
3720 , 16579 , 83.23 , -42.9 , 0 , 17.72 , 3.700 , 0.445 , 46.18 , 249.99
3730 , 16618 , 82.75 , -42.7 , 0 , 17.70 , 3.761 , 0.454 , 46.35 , 249.82
3740 , 16657 , 82.27 , -42.4 , 0 , 17.69 , 3.750 , 0.456 , 46.52 , 249.65
3750 , 16696 , 81.80 , -41.9 , 0 , 17.68 , 3.747 , 0.458 , 46.69 , 249.48
3760 , 16734 , 81.35 , -41.3 , 0 , 17.66 , 3.815 , 0.469 , 46.86 , 249.31
3770 , 16774 , 80.87 , -41.0 , 0 , 17.65 , 3.950 , 0.488 , 47.04 , 249.13
3780 , 16814 , 80.39 , -40.6 , 0 , 17.64 , 4.096 , 0.510 , 47.23 , 248.94
3790 , 16855 , 79.91 , -40.3 , 0 , 17.63 , 4.206 , 0.526 , 47.42 , 248.75
3800 , 16895 , 79.44 , -40.1 , 0 , 17.62 , 4.381 , 0.552 , 47.62 , 248.55
3810 , 16935 , 78.97 , -40.3 , 0 , 17.60 , 4.531 , 0.574 , 47.83 , 248.34
3820 , 16978 , 78.48 , -40.3 , 0 , 17.59 , 4.641 , 0.591 , 48.06 , 248.11
3830 , 17021 , 77.99 , -40.4 , 0 , 17.58 , 4.745 , 0.608 , 48.29 , 247.88
3840 , 17063 , 77.51 , -40.4 , 0 , 17.57 , 4.858 , 0.627 , 48.52 , 247.65
3850 , 17104 , 77.04 , -40.3 , 0 , 17.55 , 4.997 , 0.649 , 48.76 , 247.41
3860 , 17147 , 76.56 , -40.0 , 0 , 17.54 , 5.123 , 0.669 , 49.01 , 247.16
3870 , 17189 , 76.09 , -40.0 , 0 , 17.53 , 5.248 , 0.690 , 49.26 , 246.91
3880 , 17231 , 75.62 , -40.0 , 0 , 17.52 , 5.282 , 0.698 , 49.51 , 246.65
3890 , 17274 , 75.15 , -39.8 , 0 , 17.51 , 5.282 , 0.703 , 49.78 , 246.39
3900 , 17317 , 74.68 , -39.7 , 0 , 17.50 , 5.358 , 0.717 , 50.04 , 246.13
3910 , 17359 , 74.22 , -39.6 , 0 , 17.49 , 5.550 , 0.748 , 50.31 , 245.86
3920 , 17401 , 73.76 , -39.3 , 0 , 17.48 , 5.707 , 0.774 , 50.58 , 245.59
3930 , 17442 , 73.32 , -39.1 , 0 , 17.47 , 5.978 , 0.815 , 50.86 , 245.31
3940 , 17485 , 72.87 , -38.8 , 0 , 17.46 , 6.345 , 0.871 , 51.16 , 245.01
3950 , 17526 , 72.43 , -38.5 , 0 , 17.45 , 6.743 , 0.931 , 51.47 , 244.70
3960 , 17567 , 72.00 , -37.8 , 0 , 17.44 , 7.140 , 0.992 , 51.79 , 244.38
3970 , 17609 , 71.56 , -37.6 , 0 , 17.44 , 7.616 , 1.064 , 52.15 , 244.02
3980 , 17650 , 71.14 , -37.5 , 0 , 17.43 , 7.932 , 1.115 , 52.52 , 243.65
3990 , 17692 , 70.70 , -37.7 , 0 , 17.42 , 8.264 , 1.169 , 52.91 , 243.26
4000 , 17734 , 70.27 , -37.2 , 0 , 17.41 , 8.760 , 1.247 , 53.32 , 242.85
4010 , 17775 , 69.86 , -36.7 , 0 , 17.40 , 9.435 , 1.351 , 53.74 , 242.43
4020 , 17816 , 69.45 , -36.5 , 0 , 17.39 , 10.012 , 1.442 , 54.20 , 241.97
4030 , 17856 , 69.05 , -36.4 , 0 , 17.38 , 10.581 , 1.532 , 54.67 , 241.50
4040 , 17895 , 68.66 , -35.9 , 0 , 17.38 , 11.121 , 1.620 , 55.15 , 241.02
4050 , 17936 , 68.26 , -35.6 , 0 , 17.36 , 11.412 , 1.672 , 55.67 , 240.50
4060 , 17977 , 67.86 , -35.2 , 0 , 17.36 , 11.588 , 1.708 , 56.20 , 239.97
4070 , 18017 , 67.47 , -34.7 , 0 , 17.35 , 11.808 , 1.750 , 56.73 , 239.44
4080 , 18057 , 67.08 , -34.5 , 0 , 17.34 , 12.296 , 1.833 , 57.28 , 238.89
4090 , 18099 , 66.68 , -34.5 , 0 , 17.33 , 12.936 , 1.940 , 57.88 , 238.29
4100 , 18142 , 66.27 , -34.7 , 0 , 17.32 , 13.564 , 2.047 , 58.52 , 237.65
4110 , 18182 , 65.89 , -34.8 , 0 , 17.32 , 14.152 , 2.148 , 59.15 , 237.02
4120 , 18224 , 65.50 , -34.6 , 0 , 17.31 , 14.702 , 2.245 , 59.83 , 236.33
4130 , 18267 , 65.10 , -34.6 , 0 , 17.31 , 15.314 , 2.352 , 60.55 , 235.62
4140 , 18310 , 64.70 , -34.5 , 0 , 17.30 , 15.855 , 2.450 , 61.31 , 234.86
4150 , 18351 , 64.32 , -34.4 , 0 , 17.29 , 16.411 , 2.552 , 62.07 , 234.10
4160 , 18395 , 63.92 , -34.1 , 0 , 17.29 , 16.721 , 2.616 , 62.88 , 233.29
4170 , 18437 , 63.53 , -33.9 , 0 , 17.28 , 16.950 , 2.668 , 63.68 , 232.49
4180 , 18479 , 63.15 , -34.1 , 0 , 17.28 , 16.997 , 2.691 , 64.49 , 231.68
4190 , 18522 , 62.77 , -34.0 , 0 , 17.28 , 17.128 , 2.729 , 65.31 , 230.86
4200 , 18565 , 62.38 , -33.8 , 0 , 17.27 , 17.161 , 2.751 , 66.15 , 230.02
4210 , 18607 , 62.01 , -33.6 , 0 , 17.27 , 17.215 , 2.776 , 66.96 , 229.20
4220 , 18649 , 61.64 , -33.2 , 0 , 17.26 , 17.146 , 2.781 , 67.76 , 228.41
4230 , 18691 , 61.27 , -33.1 , 0 , 17.26 , 17.150 , 2.799 , 68.58 , 227.59
4240 , 18734 , 60.90 , -33.1 , 0 , 17.26 , 17.285 , 2.838 , 69.41 , 226.76
4250 , 18775 , 60.54 , -32.6 , 0 , 17.26 , 17.416 , 2.877 , 70.22 , 225.95
4260 , 18817 , 60.18 , -32.1 , 0 , 17.25 , 17.667 , 2.936 , 71.03 , 225.14
4270 , 18861 , 59.81 , -31.9 , 0 , 17.25 , 17.905 , 2.994 , 71.91 , 224.26
4280 , 18903 , 59.46 , -31.9 , 0 , 17.25 , 18.085 , 3.042 , 72.75 , 223.42
4290 , 18945 , 59.10 , -32.1 , 0 , 17.25 , 18.141 , 3.069 , 73.60 , 222.57
4300 , 18987 , 58.75 , -32.1 , 0 , 17.25 , 18.370 , 3.127 , 74.46 , 221.71
4310 , 19029 , 58.40 , -32.2 , 0 , 17.24 , 18.503 , 3.168 , 75.33 , 220.84
4320 , 19072 , 58.05 , -32.5 , 0 , 17.24 , 18.503 , 3.187 , 76.21 , 219.96
4330 , 19113 , 57.71 , -32.7 , 0 , 17.24 , 18.477 , 3.202 , 77.08 , 219.09
4340 , 19156 , 57.36 , -33.0 , 0 , 17.24 , 18.351 , 3.199 , 77.95 , 218.22
4350 , 19198 , 57.02 , -33.2 , 0 , 17.24 , 18.358 , 3.220 , 78.83 , 217.34
4360 , 19240 , 56.68 , -33.2 , 0 , 17.24 , 18.380 , 3.243 , 79.68 , 216.48
4370 , 19282 , 56.34 , -33.4 , 0 , 17.24 , 18.410 , 3.268 , 80.56 , 215.61
4380 , 19326 , 55.99 , -33.6 , 0 , 17.24 , 18.320 , 3.272 , 81.46 , 214.71
4390 , 19366 , 55.67 , -33.7 , 0 , 17.24 , 18.302 , 3.288 , 82.30 , 213.87
4400 , 19412 , 55.30 , -34.0 , 0 , 17.25 , 18.261 , 3.302 , 83.25 , 212.92
4410 , 19460 , 54.93 , -34.3 , 0 , 17.25 , 18.158 , 3.306 , 84.22 , 211.95
4420 , 19507 , 54.56 , -34.6 , 0 , 17.25 , 18.126 , 3.322 , 85.18 , 210.98
4430 , 19552 , 54.21 , -35.0 , 0 , 17.25 , 18.053 , 3.330 , 86.11 , 210.06
4440 , 19595 , 53.88 , -35.3 , 0 , 17.25 , 18.031 , 3.347 , 86.99 , 209.18
4450 , 19636 , 53.55 , -35.7 , 0 , 17.25 , 17.885 , 3.340 , 87.83 , 208.34
4460 , 19680 , 53.22 , -36.0 , 0 , 17.25 , 17.804 , 3.346 , 88.72 , 207.45
4470 , 19724 , 52.88 , -36.4 , 0 , 17.26 , 17.746 , 3.356 , 89.60 , 206.56
4480 , 19768 , 52.54 , -36.7 , 0 , 17.26 , 17.658 , 3.361 , 90.50 , 205.67
4490 , 19814 , 52.20 , -37.0 , 0 , 17.26 , 17.618 , 3.375 , 91.41 , 204.76
4500 , 19859 , 51.86 , -37.3 , 0 , 17.26 , 17.538 , 3.382 , 92.32 , 203.85
4510 , 19902 , 51.53 , -37.6 , 0 , 17.26 , 17.390 , 3.374 , 93.19 , 202.98
4520 , 19948 , 51.20 , -37.7 , 0 , 17.26 , 17.270 , 3.373 , 94.09 , 202.08
4530 , 19991 , 50.87 , -37.9 , 0 , 17.26 , 17.217 , 3.384 , 94.95 , 201.22
4540 , 20037 , 50.54 , -37.7 , 0 , 17.27 , 17.177 , 3.399 , 95.85 , 200.32
4550 , 20080 , 50.22 , -37.4 , 0 , 17.27 , 17.231 , 3.431 , 96.69 , 199.47
4560 , 20125 , 49.90 , -37.4 , 0 , 17.27 , 17.329 , 3.473 , 97.59 , 198.58
4570 , 20171 , 49.56 , -37.5 , 0 , 17.27 , 17.356 , 3.502 , 98.50 , 197.67
4580 , 20218 , 49.23 , -37.2 , 0 , 17.28 , 17.428 , 3.540 , 99.44 , 196.73
4590 , 20262 , 48.92 , -36.4 , 0 , 17.28 , 17.451 , 3.567 , 100.31 , 195.86
4600 , 20307 , 48.60 , -36.0 , 0 , 17.27 , 17.583 , 3.618 , 101.21 , 194.96
4610 , 20352 , 48.29 , -36.0 , 0 , 17.28 , 17.648 , 3.655 , 102.11 , 194.06
4620 , 20398 , 47.97 , -35.8 , 0 , 17.28 , 17.696 , 3.689 , 103.02 , 193.15
4630 , 20443 , 47.66 , -35.3 , 0 , 17.28 , 17.724 , 3.719 , 103.93 , 192.24
4640 , 20487 , 47.36 , -34.5 , 0 , 17.28 , 17.725 , 3.743 , 104.82 , 191.35
4650 , 20532 , 47.06 , -33.7 , 0 , 17.28 , 17.839 , 3.791 , 105.72 , 190.45
4660 , 20577 , 46.75 , -33.5 , 0 , 17.28 , 17.971 , 3.844 , 106.63 , 189.54
4670 , 20624 , 46.44 , -33.2 , 0 , 17.28 , 18.201 , 3.919 , 107.58 , 188.58
4680 , 20668 , 46.15 , -33.1 , 0 , 17.28 , 18.307 , 3.967 , 108.48 , 187.69
4690 , 20713 , 45.86 , -33.2 , 0 , 17.28 , 18.278 , 3.986 , 109.42 , 186.75
4700 , 20759 , 45.56 , -33.2 , 0 , 17.29 , 18.314 , 4.020 , 110.36 , 185.81
4710 , 20803 , 45.28 , -32.7 , 0 , 17.28 , 18.312 , 4.045 , 111.26 , 184.91
4720 , 20848 , 44.98 , -32.7 , 0 , 17.29 , 18.289 , 4.066 , 112.19 , 183.98
4730 , 20893 , 44.70 , -32.9 , 0 , 17.29 , 18.309 , 4.096 , 113.10 , 183.07
4740 , 20937 , 44.42 , -33.2 , 0 , 17.29 , 18.323 , 4.125 , 114.02 , 182.15
4750 , 20982 , 44.14 , -33.5 , 0 , 17.29 , 18.241 , 4.133 , 114.93 , 181.23
4760 , 21026 , 43.86 , -33.7 , 0 , 17.29 , 18.287 , 4.169 , 115.84 , 180.33
4770 , 21070 , 43.59 , -33.7 , 0 , 17.29 , 18.238 , 4.184 , 116.74 , 179.43
4780 , 21115 , 43.31 , -33.9 , 0 , 17.29 , 18.232 , 4.210 , 117.67 , 178.50
4790 , 21160 , 43.03 , -33.9 , 0 , 17.29 , 18.206 , 4.231 , 118.60 , 177.57
4800 , 21206 , 42.75 , -34.1 , 0 , 17.29 , 18.207 , 4.260 , 119.55 , 176.62
4810 , 21252 , 42.47 , -34.3 , 0 , 17.29 , 18.234 , 4.294 , 120.48 , 175.69
4820 , 21298 , 42.19 , -34.3 , 0 , 17.29 , 18.134 , 4.298 , 121.42 , 174.75
4830 , 21342 , 41.92 , -34.3 , 0 , 17.29 , 18.034 , 4.302 , 122.33 , 173.84
4840 , 21387 , 41.66 , -34.3 , 0 , 17.29 , 18.014 , 4.324 , 123.24 , 172.93
4850 , 21432 , 41.39 , -34.4 , 0 , 17.29 , 17.895 , 4.324 , 124.16 , 172.01
4860 , 21478 , 41.11 , -34.5 , 0 , 17.29 , 17.826 , 4.336 , 125.09 , 171.08
4870 , 21523 , 40.85 , -34.8 , 0 , 17.29 , 17.844 , 4.368 , 125.99 , 170.18
4880 , 21568 , 40.59 , -35.0 , 0 , 17.29 , 17.824 , 4.391 , 126.90 , 169.27
4890 , 21612 , 40.33 , -35.1 , 0 , 17.29 , 17.761 , 4.403 , 127.78 , 168.39
4900 , 21657 , 40.07 , -35.1 , 0 , 17.29 , 17.722 , 4.422 , 128.69 , 167.48
4910 , 21702 , 39.82 , -35.1 , 0 , 17.30 , 17.494 , 4.394 , 129.58 , 166.59
4920 , 21746 , 39.57 , -35.4 , 0 , 17.29 , 17.099 , 4.321 , 130.44 , 165.73
4930 , 21792 , 39.31 , -35.3 , 0 , 17.29 , 16.707 , 4.251 , 131.33 , 164.84
4940 , 21840 , 39.03 , -35.4 , 0 , 17.29 , 15.932 , 4.082 , 132.23 , 163.94
4950 , 21886 , 38.78 , -35.5 , 0 , 17.30 , 15.414 , 3.975 , 133.03 , 163.14
4960 , 21931 , 38.53 , -35.2 , 0 , 17.30 , 15.245 , 3.957 , 133.82 , 162.35
4970 , 21978 , 38.27 , -35.4 , 0 , 17.30 , 15.364 , 4.015 , 134.63 , 161.54
4980 , 22023 , 38.02 , -35.6 , 0 , 17.30 , 15.457 , 4.065 , 135.42 , 160.75
4990 , 22069 , 37.77 , -35.6 , 0 , 17.31 , 15.409 , 4.080 , 136.23 , 159.94
5000 , 22116 , 37.52 , -35.9 , 0 , 17.31 , 15.199 , 4.051 , 137.04 , 159.13
5010 , 22162 , 37.27 , -35.6 , 0 , 17.31 , 14.817 , 3.975 , 137.82 , 158.35
5020 , 22208 , 37.02 , -35.2 , 0 , 17.32 , 14.328 , 3.870 , 138.59 , 157.58
5030 , 22254 , 36.78 , -34.5 , 0 , 17.32 , 13.742 , 3.736 , 139.32 , 156.85
5040 , 22299 , 36.55 , -33.6 , 0 , 17.33 , 13.352 , 3.654 , 140.00 , 156.17
5050 , 22342 , 36.32 , -33.3 , 0 , 17.33 , 13.254 , 3.649 , 140.65 , 155.52
5060 , 22387 , 36.09 , -33.6 , 0 , 17.33 , 13.269 , 3.677 , 141.32 , 154.85
5070 , 22432 , 35.86 , -33.6 , 0 , 17.33 , 13.347 , 3.722 , 141.99 , 154.18
5080 , 22476 , 35.64 , -33.1 , 0 , 17.33 , 13.542 , 3.800 , 142.65 , 153.52
5090 , 22519 , 35.42 , -32.4 , 0 , 17.34 , 13.978 , 3.947 , 143.33 , 152.84
5100 , 22563 , 35.19 , -32.1 , 0 , 17.34 , 14.474 , 4.113 , 144.03 , 152.14
5110 , 22611 , 34.96 , -32.0 , 0 , 17.35 , 14.756 , 4.221 , 144.80 , 151.37
5120 , 22658 , 34.73 , -31.8 , 0 , 17.35 , 15.194 , 4.375 , 145.59 , 150.58
5130 , 22707 , 34.49 , -31.7 , 0 , 17.35 , 15.737 , 4.563 , 146.43 , 149.74
5140 , 22754 , 34.26 , -31.8 , 0 , 17.35 , 16.063 , 4.689 , 147.27 , 148.90
5150 , 22801 , 34.03 , -31.9 , 0 , 17.36 , 16.234 , 4.771 , 148.13 , 148.04
5160 , 22849 , 33.80 , -32.2 , 0 , 17.36 , 16.320 , 4.828 , 148.99 , 147.17
5170 , 22895 , 33.58 , -32.5 , 0 , 17.36 , 16.296 , 4.853 , 149.84 , 146.33
5180 , 22943 , 33.35 , -32.8 , 0 , 17.37 , 16.295 , 4.886 , 150.72 , 145.45
5190 , 22990 , 33.13 , -32.8 , 0 , 17.37 , 16.286 , 4.916 , 151.58 , 144.59
5200 , 23039 , 32.90 , -32.8 , 0 , 17.37 , 16.281 , 4.949 , 152.47 , 143.70
5210 , 23086 , 32.68 , -32.6 , 0 , 17.38 , 16.191 , 4.954 , 153.32 , 142.84
5220 , 23135 , 32.45 , -32.6 , 0 , 17.38 , 16.071 , 4.952 , 154.22 , 141.95
5230 , 23182 , 32.24 , -32.5 , 0 , 17.39 , 16.065 , 4.983 , 155.06 , 141.11
5240 , 23226 , 32.03 , -32.3 , 0 , 17.39 , 16.016 , 5.000 , 155.85 , 140.31
5250 , 23272 , 31.83 , -32.2 , 0 , 17.39 , 15.984 , 5.022 , 156.67 , 139.50
5260 , 23316 , 31.63 , -32.3 , 0 , 17.39 , 15.941 , 5.039 , 157.45 , 138.72
5270 , 23361 , 31.43 , -31.9 , 0 , 17.39 , 15.863 , 5.047 , 158.26 , 137.91
5280 , 23408 , 31.22 , -32.0 , 0 , 17.40 , 15.813 , 5.065 , 159.09 , 137.08
5290 , 23453 , 31.02 , -32.1 , 0 , 17.40 , 15.759 , 5.079 , 159.87 , 136.30
5300 , 23496 , 30.83 , -31.9 , 0 , 17.41 , 15.719 , 5.098 , 160.64 , 135.53
5310 , 23543 , 30.63 , -32.0 , 0 , 17.41 , 15.676 , 5.117 , 161.46 , 134.71
5320 , 23587 , 30.44 , -31.9 , 0 , 17.41 , 15.619 , 5.132 , 162.24 , 133.93
5330 , 23632 , 30.25 , -32.1 , 0 , 17.41 , 15.527 , 5.134 , 163.02 , 133.15
5340 , 23677 , 30.05 , -31.9 , 0 , 17.41 , 15.401 , 5.125 , 163.80 , 132.37
5350 , 23722 , 29.86 , -31.6 , 0 , 17.41 , 15.249 , 5.106 , 164.57 , 131.60
5360 , 23767 , 29.67 , -31.5 , 0 , 17.42 , 15.017 , 5.061 , 165.33 , 130.84
5370 , 23813 , 29.48 , -31.5 , 0 , 17.42 , 14.854 , 5.038 , 166.09 , 130.08
5380 , 23859 , 29.29 , -31.7 , 0 , 17.42 , 14.739 , 5.032 , 166.86 , 129.31
5390 , 23904 , 29.10 , -31.7 , 0 , 17.42 , 14.615 , 5.022 , 167.59 , 128.58
5400 , 23952 , 28.91 , -31.7 , 0 , 17.43 , 14.543 , 5.031 , 168.37 , 127.80
5410 , 23999 , 28.72 , -31.7 , 0 , 17.43 , 14.463 , 5.037 , 169.13 , 127.04
5420 , 24046 , 28.52 , -31.8 , 0 , 17.43 , 14.345 , 5.029 , 169.89 , 126.28
5430 , 24093 , 28.34 , -31.9 , 0 , 17.43 , 14.113 , 4.981 , 170.64 , 125.53
5440 , 24141 , 28.15 , -31.9 , 0 , 17.43 , 13.834 , 4.915 , 171.38 , 124.79
5450 , 24190 , 27.95 , -31.7 , 0 , 17.43 , 13.543 , 4.846 , 172.14 , 124.03
5460 , 24237 , 27.77 , -31.4 , 0 , 17.44 , 13.478 , 4.854 , 172.84 , 123.33
5470 , 24283 , 27.59 , -31.2 , 0 , 17.44 , 13.925 , 5.048 , 173.54 , 122.62
5480 , 24333 , 27.39 , -31.1 , 0 , 17.44 , 14.463 , 5.280 , 174.34 , 121.83
5490 , 24380 , 27.21 , -31.2 , 0 , 17.45 , 14.744 , 5.419 , 175.10 , 121.07
5500 , 24428 , 27.02 , -31.3 , 0 , 17.45 , 14.826 , 5.486 , 175.89 , 120.27
5510 , 24478 , 26.83 , -31.5 , 0 , 17.45 , 14.665 , 5.465 , 176.72 , 119.45
5520 , 24527 , 26.65 , -31.6 , 0 , 17.45 , 14.707 , 5.519 , 177.52 , 118.65
5530 , 24579 , 26.46 , -31.5 , 0 , 17.45 , 14.627 , 5.529 , 178.36 , 117.81
5540 , 24626 , 26.28 , -31.7 , 0 , 17.46 , 14.458 , 5.502 , 179.13 , 117.04
5550 , 24673 , 26.10 , -31.9 , 0 , 17.46 , 14.321 , 5.486 , 179.89 , 116.28
5560 , 24722 , 25.92 , -31.9 , 0 , 17.46 , 14.196 , 5.476 , 180.68 , 115.49
5570 , 24769 , 25.75 , -32.3 , 0 , 17.47 , 14.083 , 5.469 , 181.42 , 114.75
5580 , 24819 , 25.57 , -32.7 , 0 , 17.47 , 13.937 , 5.450 , 182.19 , 113.98
5590 , 24866 , 25.40 , -32.4 , 0 , 17.48 , 13.917 , 5.479 , 182.93 , 113.24
5600 , 24915 , 25.23 , -32.4 , 0 , 17.48 , 14.082 , 5.583 , 183.70 , 112.47
5610 , 24963 , 25.06 , -32.2 , 0 , 17.48 , 14.052 , 5.608 , 184.45 , 111.72
5620 , 25010 , 24.89 , -32.3 , 0 , 17.49 , 13.855 , 5.567 , 185.19 , 110.98
5630 , 25058 , 24.72 , -32.1 , 0 , 17.49 , 13.657 , 5.525 , 185.93 , 110.24
5640 , 25105 , 24.55 , -31.8 , 0 , 17.49 , 13.235 , 5.390 , 186.64 , 109.53
5650 , 25153 , 24.39 , -31.6 , 0 , 17.50 , 13.046 , 5.349 , 187.34 , 108.83
5660 , 25202 , 24.22 , -31.1 , 0 , 17.50 , 13.094 , 5.407 , 188.06 , 108.11
5670 , 25250 , 24.06 , -30.7 , 0 , 17.50 , 13.223 , 5.497 , 188.76 , 107.41
5680 , 25299 , 23.89 , -30.7 , 0 , 17.51 , 13.263 , 5.552 , 189.48 , 106.69
5690 , 25347 , 23.73 , -30.6 , 0 , 17.51 , 13.256 , 5.586 , 190.18 , 105.99
5700 , 25395 , 23.57 , -30.6 , 0 , 17.51 , 13.231 , 5.614 , 190.89 , 105.28
5710 , 25443 , 23.41 , -30.7 , 0 , 17.51 , 13.140 , 5.613 , 191.59 , 104.58
5720 , 25489 , 23.26 , -30.5 , 0 , 17.51 , 13.077 , 5.622 , 192.26 , 103.91
5730 , 25538 , 23.10 , -30.4 , 0 , 17.52 , 13.059 , 5.653 , 192.97 , 103.20
5740 , 25586 , 22.94 , -30.3 , 0 , 17.52 , 13.034 , 5.681 , 193.67 , 102.50
5750 , 25636 , 22.78 , -30.3 , 0 , 17.53 , 12.984 , 5.699 , 194.39 , 101.78
5760 , 25684 , 22.63 , -30.2 , 0 , 17.53 , 12.864 , 5.684 , 195.08 , 101.09
5770 , 25733 , 22.47 , -30.1 , 0 , 17.53 , 12.703 , 5.652 , 195.78 , 100.39
5780 , 25781 , 22.32 , -30.2 , 0 , 17.53 , 12.542 , 5.618 , 196.45 , 99.72
5790 , 25831 , 22.17 , -30.4 , 0 , 17.53 , 12.397 , 5.592 , 197.14 , 99.03
5800 , 25882 , 22.01 , -30.4 , 0 , 17.54 , 12.146 , 5.519 , 197.83 , 98.34
5810 , 25930 , 21.86 , -30.6 , 0 , 17.54 , 12.046 , 5.511 , 198.49 , 97.68
5820 , 25979 , 21.71 , -30.9 , 0 , 17.54 , 11.826 , 5.448 , 199.14 , 97.03
5830 , 26028 , 21.56 , -30.6 , 0 , 17.54 , 11.709 , 5.431 , 199.78 , 96.39
5840 , 26080 , 21.40 , -30.8 , 0 , 17.54 , 11.829 , 5.526 , 200.45 , 95.72
5850 , 26131 , 21.25 , -30.9 , 0 , 17.54 , 11.694 , 5.503 , 201.12 , 95.05
5860 , 26180 , 21.10 , -31.0 , 0 , 17.54 , 11.559 , 5.477 , 201.76 , 94.41
5870 , 26228 , 20.96 , -30.6 , 0 , 17.54 , 11.421 , 5.449 , 202.37 , 93.80
5880 , 26278 , 20.81 , -30.5 , 0 , 17.55 , 11.228 , 5.394 , 202.99 , 93.17
5890 , 26326 , 20.67 , -30.5 , 0 , 17.55 , 11.060 , 5.350 , 203.60 , 92.57
5900 , 26375 , 20.53 , -30.4 , 0 , 17.55 , 10.954 , 5.335 , 204.20 , 91.97
5910 , 26421 , 20.40 , -30.0 , 0 , 17.56 , 10.853 , 5.320 , 204.75 , 91.41
5920 , 26470 , 20.26 , -29.8 , 0 , 17.56 , 10.786 , 5.324 , 205.34 , 90.83
5930 , 26518 , 20.12 , -29.7 , 0 , 17.56 , 10.717 , 5.326 , 205.91 , 90.26
5940 , 26566 , 19.99 , -29.5 , 0 , 17.57 , 10.596 , 5.302 , 206.48 , 89.69
5950 , 26615 , 19.85 , -29.7 , 0 , 17.57 , 10.540 , 5.309 , 207.05 , 89.12
5960 , 26661 , 19.72 , -30.0 , 0 , 17.57 , 10.431 , 5.289 , 207.58 , 88.59
5970 , 26712 , 19.58 , -30.1 , 0 , 17.57 , 10.307 , 5.264 , 208.17 , 88.00
5980 , 26760 , 19.45 , -30.0 , 0 , 17.57 , 10.204 , 5.246 , 208.72 , 87.45
5990 , 26806 , 19.33 , -30.2 , 0 , 17.58 , 10.106 , 5.229 , 209.23 , 86.94
6000 , 26855 , 19.19 , -30.4 , 0 , 17.58 , 10.040 , 5.231 , 209.78 , 86.39
6010 , 26903 , 19.06 , -30.5 , 0 , 17.58 , 9.956 , 5.222 , 210.31 , 85.86
6020 , 26951 , 18.94 , -30.3 , 0 , 17.59 , 9.861 , 5.207 , 210.84 , 85.33
6030 , 26997 , 18.81 , -30.3 , 0 , 17.59 , 9.785 , 5.202 , 211.35 , 84.82
6040 , 27051 , 18.67 , -30.4 , 0 , 17.59 , 9.728 , 5.210 , 211.92 , 84.24
6050 , 27097 , 18.55 , -30.4 , 0 , 17.60 , 9.641 , 5.197 , 212.42 , 83.75
6060 , 27149 , 18.41 , -30.5 , 0 , 17.59 , 9.587 , 5.206 , 212.98 , 83.19
6070 , 27200 , 18.28 , -30.5 , 0 , 17.60 , 9.502 , 5.197 , 213.52 , 82.65
6080 , 27250 , 18.16 , -30.3 , 0 , 17.60 , 9.280 , 5.111 , 214.04 , 82.13
6090 , 27296 , 18.04 , -30.3 , 0 , 17.60 , 9.220 , 5.111 , 214.51 , 81.66
6100 , 27347 , 17.91 , -30.6 , 0 , 17.61 , 9.262 , 5.172 , 215.04 , 81.13
6110 , 27397 , 17.78 , -30.5 , 0 , 17.61 , 9.370 , 5.269 , 215.56 , 80.61
6120 , 27444 , 17.67 , -30.3 , 0 , 17.61 , 9.486 , 5.370 , 216.05 , 80.12
6130 , 27493 , 17.54 , -30.2 , 0 , 17.61 , 9.548 , 5.442 , 216.57 , 79.60
6140 , 27545 , 17.42 , -30.1 , 0 , 17.62 , 9.659 , 5.546 , 217.12 , 79.05
6150 , 27597 , 17.29 , -30.0 , 0 , 17.62 , 9.649 , 5.581 , 217.68 , 78.49
6160 , 27648 , 17.17 , -29.9 , 0 , 17.62 , 9.503 , 5.536 , 218.22 , 77.95
6170 , 27698 , 17.05 , -29.8 , 0 , 17.62 , 9.347 , 5.483 , 218.74 , 77.43
6180 , 27747 , 16.93 , -29.4 , 0 , 17.62 , 9.303 , 5.496 , 219.25 , 76.92
6190 , 27799 , 16.81 , -29.4 , 0 , 17.63 , 9.247 , 5.501 , 219.77 , 76.40
6200 , 27850 , 16.69 , -29.6 , 0 , 17.63 , 9.148 , 5.483 , 220.30 , 75.87
6210 , 27899 , 16.57 , -29.5 , 0 , 17.63 , 9.112 , 5.498 , 220.79 , 75.38
6220 , 27951 , 16.45 , -29.3 , 0 , 17.64 , 8.985 , 5.461 , 221.32 , 74.85
6230 , 27999 , 16.34 , -29.1 , 0 , 17.64 , 8.961 , 5.483 , 221.79 , 74.38
6240 , 28050 , 16.23 , -29.3 , 0 , 17.65 , 8.940 , 5.509 , 222.29 , 73.88
6250 , 28099 , 16.12 , -28.9 , 0 , 17.65 , 8.941 , 5.548 , 222.77 , 73.40
6260 , 28144 , 16.01 , -29.0 , 0 , 17.65 , 8.983 , 5.610 , 223.23 , 72.94
6270 , 28199 , 15.89 , -28.6 , 0 , 17.66 , 8.984 , 5.653 , 223.77 , 72.40
6280 , 28244 , 15.79 , -28.6 , 0 , 17.67 , 8.948 , 5.666 , 224.22 , 71.95
6290 , 28290 , 15.69 , -28.6 , 0 , 17.67 , 8.977 , 5.721 , 224.67 , 71.50
6300 , 28335 , 15.59 , -28.3 , 0 , 17.67 , 8.723 , 5.595 , 225.11 , 71.06
6310 , 28383 , 15.49 , -28.3 , 0 , 17.68 , 8.752 , 5.651 , 225.56 , 70.60
6320 , 28431 , 15.38 , -28.4 , 0 , 17.68 , 8.965 , 5.828 , 226.04 , 70.13
6330 , 28476 , 15.29 , -28.2 , 0 , 17.69 , 8.859 , 5.794 , 226.48 , 69.69
6340 , 28524 , 15.19 , -28.1 , 0 , 17.69 , 8.735 , 5.752 , 226.95 , 69.22
6350 , 28571 , 15.09 , -28.1 , 0 , 17.70 , 8.535 , 5.657 , 227.39 , 68.78
6360 , 28620 , 14.99 , -28.5 , 0 , 17.70 , 8.464 , 5.649 , 227.85 , 68.32
6370 , 28665 , 14.89 , -28.2 , 0 , 17.70 , 8.375 , 5.624 , 228.26 , 67.90
6380 , 28715 , 14.79 , -28.4 , 0 , 17.71 , 8.281 , 5.600 , 228.72 , 67.45
6390 , 28764 , 14.69 , -28.2 , 0 , 17.71 , 8.219 , 5.596 , 229.17 , 67.00
6400 , 28812 , 14.59 , -28.0 , 0 , 17.71 , 8.216 , 5.631 , 229.60 , 66.57
6410 , 28860 , 14.49 , -28.3 , 0 , 17.72 , 8.207 , 5.663 , 230.03 , 66.14
6420 , 28907 , 14.40 , -28.3 , 0 , 17.72 , 8.126 , 5.644 , 230.46 , 65.71
6430 , 28956 , 14.30 , -28.0 , 0 , 17.73 , 8.086 , 5.655 , 230.89 , 65.28
6440 , 29011 , 14.19 , -27.8 , 0 , 17.73 , 8.017 , 5.650 , 231.38 , 64.79
6450 , 29060 , 14.09 , -27.2 , 0 , 17.73 , 7.987 , 5.668 , 231.81 , 64.36
6460 , 29115 , 13.99 , -27.4 , 0 , 17.74 , 7.898 , 5.647 , 232.29 , 63.88
6470 , 29165 , 13.89 , -27.6 , 0 , 17.74 , 7.862 , 5.660 , 232.72 , 63.45
6480 , 29215 , 13.79 , -27.5 , 0 , 17.75 , 7.752 , 5.621 , 233.15 , 63.01
6490 , 29263 , 13.70 , -27.6 , 0 , 17.75 , 7.765 , 5.668 , 233.56 , 62.61
6500 , 29316 , 13.60 , -27.4 , 0 , 17.75 , 7.766 , 5.710 , 234.01 , 62.15
6510 , 29365 , 13.51 , -27.3 , 0 , 17.75 , 7.751 , 5.738 , 234.43 , 61.73
6520 , 29412 , 13.42 , -27.4 , 0 , 17.75 , 7.600 , 5.664 , 234.83 , 61.34
6530 , 29464 , 13.32 , -26.9 , 0 , 17.75 , 7.655 , 5.745 , 235.26 , 60.91
6540 , 29512 , 13.24 , -26.7 , 0 , 17.76 , 7.540 , 5.697 , 235.66 , 60.51
6550 , 29563 , 13.14 , -27.1 , 0 , 17.76 , 7.507 , 5.713 , 236.08 , 60.09
6560 , 29616 , 13.04 , -27.0 , 0 , 17.76 , 7.463 , 5.721 , 236.52 , 59.65
6570 , 29667 , 12.95 , -26.9 , 0 , 17.76 , 7.383 , 5.700 , 236.93 , 59.24
6580 , 29716 , 12.87 , -26.9 , 0 , 17.76 , 7.320 , 5.689 , 237.32 , 58.85
6590 , 29768 , 12.77 , -26.5 , 0 , 17.76 , 7.309 , 5.722 , 237.74 , 58.43
6600 , 29817 , 12.69 , -26.6 , 0 , 17.77 , 7.228 , 5.697 , 238.13 , 58.04
6610 , 29866 , 12.60 , -26.1 , 0 , 17.76 , 7.252 , 5.755 , 238.52 , 57.65
6620 , 29908 , 12.53 , -26.6 , 0 , 17.76 , 7.239 , 5.778 , 238.85 , 57.32
6630 , 29961 , 12.44 , -26.4 , 0 , 17.76 , 7.166 , 5.762 , 239.26 , 56.91
6640 , 30010 , 12.35 , -26.3 , 0 , 17.77 , 7.079 , 5.731 , 239.64 , 56.52
6650 , 30052 , 12.28 , -26.3 , 0 , 17.77 , 7.004 , 5.703 , 239.97 , 56.20
6660 , 30102 , 12.20 , -25.8 , 0 , 17.77 , 7.096 , 5.818 , 240.36 , 55.81
6670 , 30147 , 12.12 , -26.2 , 0 , 17.76 , 7.108 , 5.865 , 240.71 , 55.46
6680 , 30197 , 12.04 , -25.6 , 0 , 17.77 , 7.106 , 5.904 , 241.09 , 55.08
6690 , 30241 , 11.96 , -25.8 , 0 , 17.77 , 7.023 , 5.870 , 241.43 , 54.74
6700 , 30290 , 11.88 , -25.7 , 0 , 17.77 , 7.037 , 5.921 , 241.80 , 54.37
6710 , 30339 , 11.80 , -25.5 , 0 , 17.77 , 7.007 , 5.936 , 242.18 , 53.99
6720 , 30384 , 11.73 , -25.5 , 0 , 17.77 , 6.979 , 5.950 , 242.52 , 53.64
6730 , 30433 , 11.65 , -25.6 , 0 , 17.77 , 7.049 , 6.050 , 242.90 , 53.27
6740 , 30476 , 11.58 , -25.7 , 0 , 17.77 , 6.887 , 5.946 , 243.22 , 52.95
6750 , 30529 , 11.50 , -25.6 , 0 , 17.77 , 6.770 , 5.888 , 243.62 , 52.55
6760 , 30571 , 11.43 , -25.1 , 0 , 17.76 , 6.699 , 5.860 , 243.93 , 52.24
6770 , 30623 , 11.35 , -25.5 , 0 , 17.77 , 6.628 , 5.840 , 244.31 , 51.86
6780 , 30672 , 11.27 , -25.2 , 0 , 17.77 , 6.558 , 5.817 , 244.65 , 51.52
6790 , 30719 , 11.20 , -24.5 , 0 , 17.76 , 6.469 , 5.776 , 244.99 , 51.18
6800 , 30767 , 11.13 , -24.4 , 0 , 17.76 , 6.410 , 5.761 , 245.32 , 50.85
6810 , 30813 , 11.06 , -24.8 , 0 , 17.76 , 6.403 , 5.790 , 245.64 , 50.53
6820 , 30861 , 10.98 , -24.7 , 0 , 17.76 , 6.353 , 5.784 , 245.98 , 50.19
6830 , 30914 , 10.90 , -24.6 , 0 , 17.76 , 6.332 , 5.807 , 246.34 , 49.83
6840 , 30957 , 10.84 , -24.4 , 0 , 17.76 , 6.274 , 5.788 , 246.63 , 49.54
6850 , 31004 , 10.77 , -24.3 , 0 , 17.75 , 6.201 , 5.757 , 246.95 , 49.22
6860 , 31063 , 10.68 , -24.4 , 0 , 17.75 , 6.131 , 5.738 , 247.34 , 48.83
6870 , 31100 , 10.63 , -24.6 , 0 , 17.75 , 6.125 , 5.762 , 247.59 , 48.58
6880 , 31151 , 10.56 , -24.4 , 0 , 17.75 , 6.088 , 5.767 , 247.93 , 48.24
6890 , 31191 , 10.50 , -24.6 , 0 , 17.75 , 6.017 , 5.731 , 248.19 , 47.98
6900 , 31243 , 10.42 , -24.1 , 0 , 17.75 , 5.969 , 5.727 , 248.53 , 47.64
6910 , 31289 , 10.36 , -23.6 , 0 , 17.74 , 5.970 , 5.764 , 248.83 , 47.34
6920 , 31333 , 10.30 , -23.5 , 0 , 17.74 , 5.915 , 5.746 , 249.11 , 47.06
6930 , 31380 , 10.23 , -23.4 , 0 , 17.74 , 5.875 , 5.743 , 249.41 , 46.76
6940 , 31422 , 10.17 , -23.0 , 0 , 17.74 , 5.876 , 5.777 , 249.67 , 46.50
6950 , 31480 , 10.09 , -22.7 , 0 , 17.73 , 5.833 , 5.781 , 250.04 , 46.13
6960 , 31517 , 10.04 , -22.7 , 0 , 17.73 , 5.814 , 5.791 , 250.27 , 45.90
6970 , 31568 , 9.97 , -22.9 , 0 , 17.72 , 5.781 , 5.798 , 250.59 , 45.58
6980 , 31612 , 9.91 , -22.5 , 0 , 17.72 , 5.752 , 5.805 , 250.86 , 45.31
6990 , 31657 , 9.85 , -22.5 , 0 , 17.72 , 5.730 , 5.817 , 251.14 , 45.03
7000 , 31703 , 9.79 , -22.5 , 0 , 17.72 , 5.688 , 5.811 , 251.42 , 44.75
7010 , 31744 , 9.73 , -22.5 , 0 , 17.71 , 5.658 , 5.813 , 251.67 , 44.49
7020 , 31792 , 9.67 , -21.9 , 0 , 17.71 , 5.601 , 5.793 , 251.96 , 44.21
