# ------------------------------------------------------------
#
# Flight name: V0307
# Station: Davis
# Launch Date: 14 March 2007
# Launch Time: 11:57:42
# 
# This file created: Thu Jun 28 17:02:48 2007
# 
# 
# ------------------------------------------------------------
# DATA COLUMNS
# Time (s)
# Height (m)
# Atmospheric Pressure (hPa)
# Atmospheric Temperature (°C)
# Relative Humidity (%)
# Box Temperature (°C)
# Ozone Partial Pressure (mPa)
# Ozone Mixing Ratio (ppmV)
# Accumulated Ozone to this Height (Dobson Units)
# Remaining Ozone above this Height (Dobson Units)
# 
# ------------------------------------------------------------
# 
# Integrated Ozone =  62.2 DU
# Extrapolated Ozone =  67.9 DU
# 
# Total Ozone = 130.1 DU
# 
# 
# ------------------------------------------------------------
19 , 18 , 980.89 , -4.1 , 40 , 29.03 , 1.781 , 0.018 , 0.00 , 130.13
25 , 44 , 977.57 , -4.3 , 41 , 29.07 , 1.785 , 0.018 , 0.05 , 130.08
35 , 90 , 971.90 , -4.7 , 44 , 29.09 , 1.797 , 0.018 , 0.13 , 130.00
45 , 136 , 966.18 , -5.2 , 45 , 29.05 , 1.783 , 0.018 , 0.21 , 129.91
55 , 179 , 961.00 , -5.6 , 46 , 29.00 , 1.815 , 0.019 , 0.29 , 129.84
65 , 228 , 954.97 , -6.1 , 46 , 28.97 , 1.846 , 0.019 , 0.38 , 129.75
74 , 273 , 949.48 , -6.5 , 48 , 28.92 , 1.847 , 0.019 , 0.46 , 129.66
89 , 349 , 940.22 , -7.2 , 47 , 28.86 , 1.833 , 0.019 , 0.61 , 129.52
94 , 373 , 937.34 , -7.5 , 49 , 28.86 , 1.820 , 0.019 , 0.65 , 129.48
110 , 481 , 924.48 , -8.3 , 49 , 28.80 , 1.804 , 0.020 , 0.85 , 129.28
116 , 516 , 920.26 , -8.7 , 50 , 28.74 , 1.801 , 0.020 , 0.91 , 129.21
125 , 575 , 913.26 , -9.2 , 52 , 28.66 , 1.807 , 0.020 , 1.02 , 129.11
131 , 606 , 909.67 , -9.6 , 53 , 28.62 , 1.821 , 0.020 , 1.08 , 129.05
181 , 899 , 875.61 , -12.5 , 64 , 28.40 , 1.791 , 0.020 , 1.62 , 128.50
187 , 934 , 871.55 , -12.8 , 65 , 28.36 , 1.784 , 0.020 , 1.69 , 128.44
234 , 1178 , 844.01 , -15.0 , 76 , 28.10 , 1.739 , 0.021 , 2.13 , 127.99
241 , 1205 , 841.02 , -15.3 , 77 , 28.06 , 1.730 , 0.021 , 2.18 , 127.94
249 , 1240 , 837.09 , -15.7 , 79 , 28.01 , 1.727 , 0.021 , 2.25 , 127.88
294 , 1449 , 814.11 , -17.0 , 83 , 27.75 , 1.699 , 0.021 , 2.62 , 127.50
301 , 1483 , 810.46 , -17.1 , 82 , 27.71 , 1.677 , 0.021 , 2.68 , 127.44
309 , 1529 , 805.55 , -17.0 , 82 , 27.65 , 1.658 , 0.021 , 2.76 , 127.36
355 , 1760 , 781.17 , -14.8 , 58 , 27.33 , 1.503 , 0.019 , 3.15 , 126.98
362 , 1796 , 777.53 , -15.0 , 58 , 27.31 , 1.503 , 0.019 , 3.20 , 126.93
369 , 1830 , 774.03 , -15.1 , 57 , 27.25 , 1.497 , 0.019 , 3.26 , 126.87
415 , 2033 , 753.38 , -16.4 , 50 , 26.98 , 1.465 , 0.019 , 3.57 , 126.56
422 , 2064 , 750.36 , -16.7 , 50 , 26.94 , 1.479 , 0.020 , 3.62 , 126.51
429 , 2108 , 745.93 , -17.1 , 51 , 26.92 , 1.468 , 0.020 , 3.69 , 126.44
475 , 2312 , 725.83 , -18.5 , 46 , 26.73 , 1.446 , 0.020 , 4.00 , 126.13
478 , 2326 , 724.50 , -18.6 , 46 , 26.70 , 1.457 , 0.020 , 4.02 , 126.11
533 , 2607 , 697.55 , -20.9 , 46 , 26.38 , 1.371 , 0.020 , 4.45 , 125.68
539 , 2632 , 695.22 , -21.1 , 45 , 26.34 , 1.367 , 0.020 , 4.48 , 125.65
549 , 2682 , 690.54 , -21.5 , 43 , 26.29 , 1.363 , 0.020 , 4.55 , 125.57
555 , 2714 , 687.56 , -21.8 , 44 , 26.29 , 1.372 , 0.020 , 4.60 , 125.53
599 , 2940 , 666.66 , -23.6 , 38 , 26.06 , 1.339 , 0.020 , 4.93 , 125.20
606 , 2974 , 663.60 , -23.9 , 38 , 26.03 , 1.329 , 0.020 , 4.98 , 125.15
616 , 3026 , 658.82 , -24.5 , 39 , 25.97 , 1.308 , 0.020 , 5.05 , 125.07
621 , 3059 , 655.89 , -24.8 , 40 , 25.94 , 1.269 , 0.019 , 5.10 , 125.03
665 , 3270 , 637.01 , -26.7 , 49 , 25.83 , 1.260 , 0.020 , 5.39 , 124.74
672 , 3308 , 633.66 , -27.1 , 49 , 25.77 , 1.258 , 0.020 , 5.44 , 124.68
682 , 3367 , 628.49 , -27.5 , 47 , 25.71 , 1.254 , 0.020 , 5.53 , 124.60
730 , 3640 , 604.96 , -30.0 , 48 , 25.45 , 1.203 , 0.020 , 5.90 , 124.23
737 , 3684 , 601.24 , -30.3 , 48 , 25.40 , 1.202 , 0.020 , 5.95 , 124.17
747 , 3734 , 597.06 , -30.7 , 47 , 25.35 , 1.186 , 0.020 , 6.02 , 124.11
754 , 3774 , 593.65 , -31.1 , 47 , 25.29 , 1.169 , 0.020 , 6.07 , 124.05
799 , 4023 , 573.07 , -33.2 , 40 , 25.05 , 1.130 , 0.020 , 6.39 , 123.73
806 , 4053 , 570.68 , -33.5 , 39 , 25.05 , 1.139 , 0.020 , 6.43 , 123.70
816 , 4109 , 566.14 , -33.9 , 39 , 25.03 , 1.131 , 0.020 , 6.50 , 123.63
824 , 4154 , 562.47 , -34.3 , 40 , 25.02 , 1.119 , 0.020 , 6.56 , 123.57
870 , 4378 , 544.68 , -36.1 , 37 , 24.75 , 1.145 , 0.021 , 6.85 , 123.28
877 , 4416 , 541.73 , -36.4 , 37 , 24.71 , 1.120 , 0.021 , 6.90 , 123.23
886 , 4459 , 538.33 , -36.8 , 37 , 24.66 , 1.130 , 0.021 , 6.95 , 123.18
894 , 4496 , 535.45 , -37.1 , 37 , 24.63 , 1.131 , 0.021 , 7.00 , 123.13
940 , 4754 , 515.73 , -39.2 , 36 , 24.46 , 1.162 , 0.023 , 7.34 , 122.79
947 , 4784 , 513.53 , -39.3 , 36 , 24.45 , 1.161 , 0.023 , 7.38 , 122.75
957 , 4829 , 510.11 , -39.7 , 36 , 24.43 , 1.166 , 0.023 , 7.44 , 122.69
964 , 4868 , 507.21 , -39.9 , 37 , 24.39 , 1.183 , 0.023 , 7.49 , 122.64
1010 , 5110 , 489.52 , -41.9 , 37 , 24.22 , 1.046 , 0.021 , 7.80 , 122.32
1017 , 5155 , 486.27 , -42.2 , 38 , 24.19 , 1.041 , 0.021 , 7.86 , 122.27
1027 , 5212 , 482.14 , -42.7 , 40 , 24.14 , 1.066 , 0.022 , 7.93 , 122.20
1037 , 5263 , 478.51 , -43.2 , 41 , 24.08 , 1.051 , 0.022 , 7.99 , 122.13
1047 , 5311 , 475.12 , -43.4 , 41 , 24.02 , 1.041 , 0.022 , 8.05 , 122.08
1057 , 5362 , 471.51 , -43.8 , 40 , 23.98 , 1.056 , 0.022 , 8.11 , 122.01
1067 , 5410 , 468.18 , -44.2 , 40 , 23.92 , 1.065 , 0.023 , 8.17 , 121.95
1115 , 5652 , 451.47 , -46.2 , 47 , 23.78 , 1.169 , 0.026 , 8.49 , 121.63
1122 , 5690 , 448.92 , -46.5 , 48 , 23.74 , 1.181 , 0.026 , 8.55 , 121.58
1132 , 5729 , 446.25 , -46.7 , 50 , 23.72 , 1.201 , 0.027 , 8.60 , 121.52
1142 , 5771 , 443.47 , -46.7 , 49 , 23.73 , 1.209 , 0.027 , 8.66 , 121.46
1152 , 5820 , 440.22 , -46.7 , 47 , 23.72 , 1.229 , 0.028 , 8.73 , 121.39
1162 , 5882 , 436.09 , -46.4 , 43 , 23.68 , 1.265 , 0.029 , 8.83 , 121.30
1172 , 5944 , 432.08 , -46.6 , 40 , 23.61 , 1.325 , 0.031 , 8.92 , 121.21
1182 , 6002 , 428.31 , -46.8 , 37 , 23.55 , 1.375 , 0.032 , 9.01 , 121.11
1191 , 6056 , 424.81 , -46.9 , 35 , 23.51 , 1.420 , 0.033 , 9.10 , 121.02
1199 , 6094 , 422.35 , -47.1 , 34 , 23.49 , 1.458 , 0.035 , 9.17 , 120.96
1245 , 6312 , 408.63 , -48.2 , 34 , 23.36 , 1.650 , 0.040 , 9.58 , 120.55
1253 , 6345 , 406.59 , -48.1 , 33 , 23.32 , 1.709 , 0.042 , 9.64 , 120.49
1263 , 6392 , 403.72 , -48.2 , 32 , 23.31 , 1.774 , 0.044 , 9.74 , 120.39
1273 , 6458 , 399.70 , -48.7 , 31 , 23.29 , 1.831 , 0.046 , 9.88 , 120.25
1283 , 6512 , 396.40 , -49.1 , 30 , 23.24 , 1.923 , 0.049 , 10.00 , 120.12
1293 , 6563 , 393.36 , -49.5 , 30 , 23.20 , 1.930 , 0.049 , 10.12 , 120.01
1303 , 6615 , 390.21 , -50.0 , 30 , 23.17 , 1.930 , 0.049 , 10.24 , 119.88
1313 , 6665 , 387.27 , -50.3 , 30 , 23.17 , 1.900 , 0.049 , 10.36 , 119.77
1323 , 6720 , 383.97 , -50.9 , 30 , 23.13 , 1.877 , 0.049 , 10.49 , 119.64
1333 , 6780 , 380.47 , -51.3 , 31 , 23.08 , 1.846 , 0.049 , 10.62 , 119.51
1343 , 6832 , 377.43 , -51.8 , 32 , 23.04 , 1.802 , 0.048 , 10.74 , 119.39
1353 , 6876 , 374.87 , -52.1 , 32 , 23.04 , 1.775 , 0.047 , 10.83 , 119.30
1363 , 6932 , 371.62 , -52.3 , 33 , 23.02 , 1.756 , 0.047 , 10.95 , 119.17
1373 , 6985 , 368.59 , -52.6 , 34 , 22.98 , 1.790 , 0.049 , 11.07 , 119.06
1383 , 7027 , 366.24 , -53.0 , 35 , 22.98 , 1.851 , 0.051 , 11.16 , 118.97
1390 , 7055 , 364.61 , -53.2 , 36 , 22.99 , 1.883 , 0.052 , 11.23 , 118.90
1432 , 7217 , 355.56 , -53.6 , 34 , 22.95 , 1.812 , 0.051 , 11.59 , 118.54
1438 , 7237 , 354.43 , -53.4 , 34 , 22.95 , 1.840 , 0.052 , 11.64 , 118.49
1448 , 7280 , 352.09 , -53.0 , 33 , 22.93 , 1.970 , 0.056 , 11.74 , 118.39
1458 , 7336 , 349.04 , -52.9 , 33 , 22.87 , 2.189 , 0.063 , 11.88 , 118.25
1468 , 7389 , 346.19 , -53.0 , 33 , 22.80 , 2.374 , 0.069 , 12.03 , 118.10
1478 , 7431 , 343.94 , -53.1 , 32 , 22.80 , 2.506 , 0.073 , 12.15 , 117.97
1488 , 7472 , 341.77 , -53.4 , 32 , 22.80 , 2.571 , 0.075 , 12.28 , 117.85
1497 , 7508 , 339.86 , -53.5 , 32 , 22.78 , 2.616 , 0.077 , 12.39 , 117.73
1507 , 7546 , 337.87 , -53.8 , 31 , 22.77 , 2.683 , 0.079 , 12.52 , 117.61
1517 , 7584 , 335.85 , -54.0 , 32 , 22.76 , 2.713 , 0.081 , 12.65 , 117.48
1527 , 7622 , 333.84 , -54.2 , 32 , 22.74 , 2.654 , 0.080 , 12.77 , 117.36
1537 , 7666 , 331.58 , -54.2 , 32 , 22.71 , 2.576 , 0.078 , 12.91 , 117.22
1547 , 7715 , 329.04 , -53.9 , 32 , 22.67 , 2.443 , 0.074 , 13.06 , 117.06
1557 , 7752 , 327.17 , -53.9 , 33 , 22.64 , 2.256 , 0.069 , 13.17 , 116.96
1567 , 7790 , 325.22 , -53.8 , 33 , 22.63 , 2.199 , 0.068 , 13.28 , 116.85
1577 , 7828 , 323.30 , -53.8 , 31 , 22.61 , 2.473 , 0.076 , 13.38 , 116.74
1582 , 7849 , 322.27 , -53.9 , 30 , 22.60 , 2.722 , 0.084 , 13.45 , 116.68
1622 , 8000 , 314.75 , -53.6 , 19 , 22.50 , 4.256 , 0.135 , 14.10 , 116.03
1628 , 8021 , 313.76 , -53.6 , 18 , 22.48 , 4.364 , 0.139 , 14.21 , 115.92
1638 , 8057 , 312.00 , -53.4 , 16 , 22.45 , 4.573 , 0.147 , 14.41 , 115.72
1648 , 8095 , 310.13 , -53.1 , 15 , 22.41 , 4.658 , 0.150 , 14.62 , 115.50
1658 , 8135 , 308.22 , -53.2 , 14 , 22.39 , 4.681 , 0.152 , 14.85 , 115.28
1668 , 8171 , 306.50 , -52.7 , 13 , 22.38 , 4.759 , 0.155 , 15.06 , 115.07
1678 , 8207 , 304.83 , -52.2 , 11 , 22.35 , 4.879 , 0.160 , 15.27 , 114.86
1688 , 8246 , 303.00 , -52.0 , 10 , 22.32 , 5.031 , 0.166 , 15.50 , 114.62
1698 , 8290 , 300.92 , -52.1 , 9 , 22.29 , 5.069 , 0.168 , 15.78 , 114.35
1708 , 8327 , 299.23 , -52.1 , 8 , 22.26 , 5.082 , 0.170 , 16.00 , 114.12
1718 , 8364 , 297.51 , -51.9 , 7 , 22.25 , 5.178 , 0.174 , 16.24 , 113.89
1728 , 8406 , 295.58 , -51.8 , 6 , 22.22 , 5.194 , 0.176 , 16.50 , 113.62
1738 , 8446 , 293.79 , -51.7 , 6 , 22.17 , 5.308 , 0.181 , 16.76 , 113.37
1748 , 8485 , 292.00 , -51.0 , 5 , 22.12 , 5.369 , 0.184 , 17.01 , 113.11
1758 , 8527 , 290.13 , -50.3 , 4 , 22.07 , 5.432 , 0.187 , 17.29 , 112.84
1768 , 8569 , 288.28 , -50.1 , 3 , 22.02 , 5.463 , 0.190 , 17.56 , 112.57
1814 , 8752 , 280.34 , -49.1 , 1 , 21.85 , 5.624 , 0.201 , 18.78 , 111.34
1822 , 8779 , 279.17 , -48.9 , 1 , 21.82 , 5.622 , 0.201 , 18.97 , 111.16
1832 , 8817 , 277.55 , -48.7 , 1 , 21.79 , 5.609 , 0.202 , 19.23 , 110.90
1842 , 8854 , 275.98 , -48.6 , 1 , 21.74 , 5.604 , 0.203 , 19.48 , 110.65
1852 , 8891 , 274.47 , -48.5 , 0 , 21.71 , 5.567 , 0.203 , 19.72 , 110.41
1862 , 8928 , 272.91 , -48.3 , 0 , 21.67 , 5.666 , 0.208 , 19.97 , 110.16
1872 , 8966 , 271.34 , -48.2 , 0 , 21.63 , 5.702 , 0.210 , 20.23 , 109.90
1882 , 9002 , 269.85 , -48.2 , 0 , 21.59 , 5.697 , 0.211 , 20.48 , 109.65
1892 , 9037 , 268.41 , -48.0 , 0 , 21.55 , 5.698 , 0.212 , 20.72 , 109.41
1900 , 9068 , 267.18 , -48.1 , 0 , 21.52 , 5.648 , 0.211 , 20.93 , 109.20
1942 , 9226 , 260.83 , -47.7 , 0 , 21.35 , 5.667 , 0.217 , 22.00 , 108.13
1948 , 9246 , 260.04 , -47.8 , 0 , 21.33 , 5.661 , 0.218 , 22.14 , 107.99
1958 , 9284 , 258.56 , -47.7 , 0 , 21.30 , 5.653 , 0.219 , 22.39 , 107.74
1968 , 9322 , 257.09 , -47.7 , 0 , 21.26 , 5.656 , 0.220 , 22.64 , 107.48
1978 , 9359 , 255.65 , -47.5 , 0 , 21.24 , 5.668 , 0.222 , 22.89 , 107.23
1988 , 9396 , 254.22 , -47.4 , 0 , 21.21 , 5.611 , 0.221 , 23.15 , 106.98
1998 , 9434 , 252.74 , -47.3 , 0 , 21.18 , 5.594 , 0.221 , 23.40 , 106.72
2008 , 9474 , 251.23 , -47.2 , 0 , 21.15 , 5.489 , 0.218 , 23.66 , 106.46
2018 , 9513 , 249.76 , -46.8 , 0 , 21.12 , 5.491 , 0.220 , 23.92 , 106.21
2028 , 9552 , 248.30 , -46.6 , 0 , 21.09 , 5.455 , 0.220 , 24.17 , 105.96
2033 , 9574 , 247.46 , -46.6 , 0 , 21.07 , 5.398 , 0.218 , 24.32 , 105.81
2073 , 9727 , 241.84 , -46.0 , 0 , 20.92 , 5.165 , 0.214 , 25.27 , 104.85
2079 , 9749 , 241.04 , -46.0 , 0 , 20.90 , 5.109 , 0.212 , 25.41 , 104.72
2089 , 9789 , 239.58 , -46.0 , 0 , 20.85 , 5.225 , 0.218 , 25.66 , 104.47
2099 , 9834 , 237.97 , -45.9 , 0 , 20.81 , 5.349 , 0.225 , 25.94 , 104.19
2108 , 9882 , 236.25 , -46.1 , 0 , 20.77 , 5.331 , 0.226 , 26.24 , 103.88
2118 , 9924 , 234.76 , -46.4 , 0 , 20.73 , 5.258 , 0.224 , 26.51 , 103.62
2128 , 9964 , 233.36 , -46.7 , 0 , 20.69 , 5.284 , 0.226 , 26.76 , 103.37
2138 , 10003 , 231.99 , -46.8 , 0 , 20.64 , 5.311 , 0.229 , 27.00 , 103.12
2148 , 10040 , 230.70 , -46.6 , 0 , 20.59 , 5.302 , 0.230 , 27.24 , 102.89
2158 , 10078 , 229.38 , -46.4 , 0 , 20.55 , 5.281 , 0.230 , 27.48 , 102.65
2163 , 10098 , 228.68 , -46.4 , 0 , 20.53 , 5.244 , 0.229 , 27.60 , 102.52
2202 , 10243 , 223.75 , -45.8 , 0 , 20.35 , 5.287 , 0.236 , 28.51 , 101.62
2209 , 10266 , 222.96 , -45.8 , 0 , 20.32 , 5.270 , 0.236 , 28.66 , 101.47
2219 , 10302 , 221.76 , -45.9 , 0 , 20.28 , 5.239 , 0.236 , 28.88 , 101.25
2229 , 10340 , 220.53 , -45.9 , 0 , 20.24 , 5.143 , 0.233 , 29.11 , 101.02
2239 , 10374 , 219.40 , -45.5 , 0 , 20.19 , 5.028 , 0.229 , 29.31 , 100.81
2249 , 10409 , 218.25 , -45.2 , 0 , 20.15 , 4.873 , 0.223 , 29.52 , 100.61
2259 , 10444 , 217.09 , -45.3 , 0 , 20.11 , 4.925 , 0.227 , 29.73 , 100.40
2268 , 10478 , 215.98 , -45.2 , 0 , 20.07 , 4.736 , 0.219 , 29.92 , 100.21
2278 , 10514 , 214.84 , -45.3 , 0 , 20.02 , 4.703 , 0.219 , 30.12 , 100.01
2288 , 10552 , 213.61 , -45.4 , 0 , 19.98 , 4.868 , 0.228 , 30.34 , 99.79
2297 , 10587 , 212.50 , -45.4 , 0 , 19.93 , 4.924 , 0.232 , 30.54 , 99.59
2307 , 10623 , 211.35 , -45.3 , 0 , 19.89 , 4.998 , 0.236 , 30.75 , 99.38
2317 , 10659 , 210.20 , -45.3 , 0 , 19.85 , 5.058 , 0.241 , 30.97 , 99.16
2327 , 10702 , 208.87 , -45.4 , 0 , 19.80 , 5.012 , 0.240 , 31.22 , 98.91
2337 , 10741 , 207.63 , -45.5 , 0 , 19.76 , 4.977 , 0.240 , 31.45 , 98.68
2347 , 10779 , 206.46 , -45.5 , 0 , 19.72 , 4.970 , 0.241 , 31.68 , 98.45
2357 , 10817 , 205.28 , -45.5 , 0 , 19.67 , 4.956 , 0.241 , 31.90 , 98.23
2367 , 10856 , 204.08 , -45.5 , 0 , 19.64 , 4.913 , 0.241 , 32.13 , 98.00
2377 , 10895 , 202.91 , -45.4 , 0 , 19.60 , 4.885 , 0.241 , 32.35 , 97.78
2387 , 10934 , 201.72 , -45.6 , 0 , 19.56 , 4.819 , 0.239 , 32.57 , 97.55
2397 , 10971 , 200.59 , -45.7 , 0 , 19.52 , 4.777 , 0.238 , 32.79 , 97.34
2407 , 11009 , 199.45 , -45.8 , 0 , 19.49 , 4.697 , 0.235 , 33.00 , 97.13
2416 , 11045 , 198.38 , -45.8 , 0 , 19.46 , 4.573 , 0.231 , 33.20 , 96.93
2426 , 11081 , 197.31 , -45.9 , 0 , 19.42 , 4.450 , 0.226 , 33.39 , 96.74
2436 , 11121 , 196.13 , -45.9 , 0 , 19.38 , 4.463 , 0.228 , 33.60 , 96.53
2446 , 11158 , 195.03 , -46.0 , 0 , 19.35 , 4.447 , 0.228 , 33.80 , 96.33
2456 , 11196 , 193.94 , -45.9 , 0 , 19.31 , 4.269 , 0.220 , 33.99 , 96.14
2466 , 11232 , 192.89 , -45.7 , 0 , 19.28 , 4.204 , 0.218 , 34.17 , 95.95
2476 , 11269 , 191.81 , -45.7 , 0 , 19.24 , 4.237 , 0.221 , 34.36 , 95.77
2486 , 11307 , 190.73 , -45.5 , 0 , 19.20 , 4.298 , 0.225 , 34.55 , 95.58
2496 , 11343 , 189.71 , -45.5 , 0 , 19.17 , 4.312 , 0.227 , 34.73 , 95.39
2506 , 11379 , 188.68 , -45.4 , 0 , 19.14 , 4.311 , 0.228 , 34.92 , 95.21
2516 , 11414 , 187.69 , -45.3 , 0 , 19.10 , 4.252 , 0.227 , 35.09 , 95.03
2526 , 11449 , 186.69 , -45.3 , 0 , 19.06 , 4.200 , 0.225 , 35.27 , 94.85
2536 , 11486 , 185.67 , -45.3 , 0 , 19.03 , 4.249 , 0.229 , 35.46 , 94.67
2546 , 11523 , 184.64 , -45.4 , 0 , 19.00 , 4.299 , 0.233 , 35.64 , 94.48
2555 , 11559 , 183.64 , -45.5 , 0 , 18.96 , 4.310 , 0.235 , 35.83 , 94.30
2565 , 11594 , 182.68 , -45.7 , 0 , 18.94 , 4.362 , 0.239 , 36.01 , 94.12
2575 , 11630 , 181.69 , -45.8 , 0 , 18.90 , 4.389 , 0.242 , 36.20 , 93.93
2585 , 11667 , 180.68 , -45.9 , 0 , 18.86 , 4.440 , 0.246 , 36.39 , 93.74
2595 , 11703 , 179.70 , -45.8 , 0 , 18.83 , 4.585 , 0.255 , 36.58 , 93.55
2605 , 11740 , 178.71 , -45.9 , 0 , 18.80 , 4.664 , 0.261 , 36.79 , 93.34
2615 , 11777 , 177.71 , -45.8 , 0 , 18.77 , 4.765 , 0.268 , 36.99 , 93.14
2625 , 11815 , 176.72 , -45.9 , 0 , 18.73 , 4.919 , 0.278 , 37.21 , 92.92
2635 , 11851 , 175.75 , -45.8 , 0 , 18.70 , 5.029 , 0.286 , 37.42 , 92.70
2645 , 11888 , 174.79 , -45.8 , 0 , 18.66 , 5.044 , 0.289 , 37.64 , 92.49
2655 , 11928 , 173.75 , -45.8 , 0 , 18.63 , 5.006 , 0.288 , 37.88 , 92.25
2665 , 11966 , 172.75 , -45.9 , 0 , 18.60 , 5.064 , 0.293 , 38.11 , 92.02
2675 , 12004 , 171.76 , -46.0 , 0 , 18.57 , 4.978 , 0.290 , 38.33 , 91.79
2685 , 12044 , 170.74 , -46.1 , 0 , 18.53 , 5.035 , 0.295 , 38.57 , 91.56
2695 , 12083 , 169.73 , -46.0 , 0 , 18.50 , 5.101 , 0.301 , 38.81 , 91.32
2705 , 12123 , 168.71 , -46.0 , 0 , 18.47 , 5.089 , 0.302 , 39.05 , 91.08
2715 , 12163 , 167.70 , -46.1 , 0 , 18.44 , 5.004 , 0.298 , 39.29 , 90.84
2724 , 12201 , 166.76 , -46.0 , 0 , 18.41 , 5.073 , 0.304 , 39.51 , 90.62
2733 , 12238 , 165.83 , -46.1 , 0 , 18.38 , 4.975 , 0.300 , 39.73 , 90.39
2743 , 12277 , 164.86 , -46.0 , 0 , 18.35 , 5.002 , 0.303 , 39.96 , 90.16
2753 , 12317 , 163.85 , -46.1 , 0 , 18.33 , 4.901 , 0.299 , 40.20 , 89.92
2763 , 12360 , 162.81 , -46.1 , 0 , 18.30 , 4.901 , 0.301 , 40.45 , 89.68
2773 , 12401 , 161.80 , -46.1 , 0 , 18.27 , 5.056 , 0.312 , 40.69 , 89.43
2783 , 12438 , 160.90 , -46.1 , 0 , 18.24 , 5.046 , 0.314 , 40.92 , 89.21
2793 , 12476 , 159.98 , -46.2 , 0 , 18.22 , 5.059 , 0.316 , 41.15 , 88.98
2803 , 12514 , 159.07 , -46.2 , 0 , 18.19 , 5.107 , 0.321 , 41.37 , 88.75
2813 , 12552 , 158.17 , -46.3 , 0 , 18.16 , 5.129 , 0.324 , 41.61 , 88.52
2823 , 12590 , 157.26 , -46.3 , 0 , 18.13 , 5.175 , 0.329 , 41.84 , 88.29
2833 , 12629 , 156.36 , -46.3 , 0 , 18.10 , 5.253 , 0.336 , 42.08 , 88.05
2843 , 12665 , 155.50 , -46.3 , 0 , 18.08 , 5.223 , 0.336 , 42.30 , 87.82
2853 , 12701 , 154.65 , -46.1 , 0 , 18.04 , 5.211 , 0.337 , 42.53 , 87.60
2863 , 12738 , 153.81 , -45.9 , 0 , 18.02 , 5.203 , 0.338 , 42.75 , 87.37
2873 , 12774 , 152.98 , -45.7 , 0 , 17.99 , 5.159 , 0.337 , 42.97 , 87.15
2883 , 12809 , 152.18 , -45.6 , 0 , 17.95 , 5.230 , 0.344 , 43.19 , 86.94
2893 , 12843 , 151.39 , -45.8 , 0 , 17.92 , 5.254 , 0.347 , 43.41 , 86.72
2903 , 12879 , 150.58 , -46.0 , 0 , 17.89 , 5.209 , 0.346 , 43.63 , 86.50
2913 , 12915 , 149.77 , -46.1 , 0 , 17.86 , 5.193 , 0.347 , 43.85 , 86.28
2923 , 12950 , 148.99 , -46.1 , 0 , 17.83 , 5.159 , 0.346 , 44.06 , 86.07
2933 , 12987 , 148.15 , -46.1 , 0 , 17.80 , 5.264 , 0.355 , 44.29 , 85.84
2943 , 13023 , 147.34 , -46.1 , 0 , 17.77 , 5.372 , 0.365 , 44.52 , 85.60
2953 , 13061 , 146.50 , -46.1 , 0 , 17.73 , 5.333 , 0.364 , 44.76 , 85.36
2963 , 13099 , 145.68 , -45.9 , 0 , 17.70 , 5.360 , 0.368 , 45.00 , 85.12
2973 , 13138 , 144.82 , -45.9 , 0 , 17.67 , 5.474 , 0.378 , 45.25 , 84.87
2983 , 13178 , 143.95 , -45.9 , 0 , 17.63 , 5.341 , 0.371 , 45.51 , 84.62
2993 , 13217 , 143.12 , -45.8 , 0 , 17.60 , 5.512 , 0.385 , 45.76 , 84.37
3003 , 13257 , 142.26 , -45.8 , 0 , 17.57 , 5.995 , 0.421 , 46.03 , 84.09
3013 , 13298 , 141.39 , -45.7 , 0 , 17.54 , 6.102 , 0.432 , 46.33 , 83.80
3022 , 13335 , 140.60 , -45.7 , 0 , 17.51 , 6.142 , 0.437 , 46.60 , 83.53
3032 , 13371 , 139.83 , -45.8 , 0 , 17.48 , 6.177 , 0.442 , 46.86 , 83.26
3042 , 13412 , 138.99 , -45.8 , 0 , 17.45 , 6.385 , 0.459 , 47.16 , 82.96
3052 , 13451 , 138.18 , -45.8 , 0 , 17.42 , 6.476 , 0.469 , 47.46 , 82.67
3062 , 13490 , 137.37 , -45.8 , 0 , 17.38 , 6.558 , 0.477 , 47.76 , 82.37
3072 , 13530 , 136.55 , -45.8 , 0 , 17.36 , 6.646 , 0.487 , 48.07 , 82.05
3081 , 13567 , 135.79 , -46.0 , 0 , 17.32 , 6.495 , 0.478 , 48.36 , 81.76
3091 , 13605 , 135.00 , -45.9 , 0 , 17.29 , 6.412 , 0.475 , 48.66 , 81.47
3101 , 13641 , 134.28 , -45.9 , 0 , 17.26 , 6.448 , 0.480 , 48.93 , 81.20
3111 , 13679 , 133.51 , -45.8 , 0 , 17.23 , 6.506 , 0.487 , 49.23 , 80.90
3121 , 13717 , 132.75 , -45.8 , 0 , 17.20 , 6.571 , 0.495 , 49.52 , 80.61
3131 , 13754 , 132.02 , -45.9 , 0 , 17.17 , 6.759 , 0.512 , 49.81 , 80.32
3141 , 13791 , 131.29 , -45.9 , 0 , 17.14 , 6.816 , 0.519 , 50.11 , 80.02
3151 , 13828 , 130.57 , -45.9 , 0 , 17.11 , 6.788 , 0.520 , 50.40 , 79.72
3161 , 13863 , 129.88 , -45.9 , 0 , 17.08 , 6.889 , 0.530 , 50.69 , 79.44
3171 , 13898 , 129.20 , -45.8 , 0 , 17.05 , 7.129 , 0.552 , 50.98 , 79.15
3181 , 13933 , 128.51 , -45.7 , 0 , 17.02 , 7.112 , 0.553 , 51.28 , 78.85
3191 , 13968 , 127.83 , -45.7 , 0 , 16.99 , 7.202 , 0.563 , 51.58 , 78.55
3201 , 14004 , 127.15 , -45.6 , 0 , 16.96 , 7.183 , 0.565 , 51.88 , 78.24
3211 , 14040 , 126.46 , -45.6 , 0 , 16.93 , 7.197 , 0.569 , 52.19 , 77.94
3221 , 14074 , 125.81 , -45.7 , 0 , 16.90 , 7.322 , 0.582 , 52.48 , 77.64
3231 , 14109 , 125.17 , -45.6 , 0 , 16.87 , 7.351 , 0.587 , 52.78 , 77.35
3239 , 14138 , 124.62 , -45.5 , 0 , 16.85 , 7.313 , 0.587 , 53.04 , 77.09
3249 , 14173 , 123.97 , -45.4 , 0 , 16.82 , 7.321 , 0.591 , 53.34 , 76.79
3259 , 14208 , 123.32 , -45.3 , 0 , 16.79 , 7.480 , 0.607 , 53.64 , 76.48
3268 , 14236 , 122.81 , -45.2 , 0 , 16.77 , 7.589 , 0.618 , 53.89 , 76.23
3278 , 14271 , 122.16 , -45.2 , 0 , 16.74 , 7.578 , 0.620 , 54.21 , 75.92
3288 , 14307 , 121.50 , -45.3 , 0 , 16.71 , 7.802 , 0.642 , 54.54 , 75.59
3298 , 14345 , 120.81 , -45.4 , 0 , 16.68 , 7.956 , 0.659 , 54.89 , 75.24
3308 , 14382 , 120.14 , -45.4 , 0 , 16.65 , 8.000 , 0.666 , 55.24 , 74.88
3319 , 14428 , 119.32 , -45.5 , 0 , 16.62 , 8.234 , 0.690 , 55.68 , 74.45
3328 , 14460 , 118.74 , -45.6 , 0 , 16.60 , 8.364 , 0.704 , 56.00 , 74.13
3337 , 14498 , 118.06 , -45.5 , 0 , 16.57 , 8.655 , 0.733 , 56.38 , 73.74
3347 , 14537 , 117.38 , -45.4 , 0 , 16.54 , 8.681 , 0.740 , 56.78 , 73.35
3357 , 14577 , 116.68 , -45.1 , 0 , 16.51 , 8.881 , 0.761 , 57.20 , 72.93
3367 , 14616 , 116.00 , -44.9 , 0 , 16.49 , 9.201 , 0.793 , 57.61 , 72.52
3377 , 14656 , 115.31 , -44.9 , 0 , 16.45 , 9.253 , 0.802 , 58.05 , 72.08
3387 , 14695 , 114.64 , -44.9 , 0 , 16.42 , 9.254 , 0.807 , 58.47 , 71.66
3397 , 14735 , 113.95 , -45.0 , 0 , 16.40 , 9.176 , 0.805 , 58.91 , 71.22
3407 , 14775 , 113.26 , -45.2 , 0 , 16.37 , 9.287 , 0.820 , 59.35 , 70.78
3417 , 14814 , 112.60 , -45.2 , 0 , 16.34 , 9.212 , 0.818 , 59.78 , 70.35
3427 , 14854 , 111.93 , -45.1 , 0 , 16.31 , 8.917 , 0.797 , 60.21 , 69.92
3437 , 14894 , 111.27 , -45.1 , 0 , 16.28 , 8.775 , 0.789 , 60.62 , 69.50
3447 , 14934 , 110.61 , -45.3 , 0 , 16.26 , 8.572 , 0.775 , 61.03 , 69.10
3457 , 14972 , 109.97 , -45.2 , 0 , 16.23 , 8.628 , 0.785 , 61.42 , 68.71
3467 , 15009 , 109.36 , -45.2 , 0 , 16.20 , 8.595 , 0.786 , 61.80 , 68.33
3477 , 15047 , 108.74 , -45.4 , 0 , 16.17 , 8.609 , 0.792 , 62.18 , 67.94
