# ------------------------------------------------------------
#
# Flight name: V0807
# Station: Davis
# Launch Date: 14 June 2007
# Launch Time: 11:33:48
# 
# This file created: Thu Jun 28 17:15:20 2007
# 
# 
# ------------------------------------------------------------
# DATA COLUMNS
# Time (s)
# Height (m)
# Atmospheric Pressure (hPa)
# Atmospheric Temperature (°C)
# Relative Humidity (%)
# Box Temperature (°C)
# Ozone Partial Pressure (mPa)
# Ozone Mixing Ratio (ppmV)
# Accumulated Ozone to this Height (Dobson Units)
# Remaining Ozone above this Height (Dobson Units)
# 
# ------------------------------------------------------------
# 
# Integrated Ozone = 262.6 DU
# Extrapolated Ozone =  18.7 DU
# 
# Total Ozone = 281.3 DU
# 
# 
# ------------------------------------------------------------
0 , 18 , 994.07 , -13.2 , 32 , 31.96 , 2.126 , 0.021 , 0.00 , 281.32
10 , 50 , 989.90 , -12.7 , 35 , 32.02 , 2.615 , 0.026 , 0.08 , 281.24
20 , 95 , 983.95 , -12.8 , 35 , 32.01 , 2.859 , 0.029 , 0.21 , 281.11
30 , 147 , 977.30 , -13.2 , 36 , 31.99 , 3.029 , 0.031 , 0.37 , 280.96
40 , 206 , 969.79 , -13.6 , 36 , 31.99 , 3.171 , 0.033 , 0.56 , 280.77
50 , 263 , 962.57 , -13.7 , 35 , 32.06 , 3.321 , 0.035 , 0.75 , 280.58
60 , 320 , 955.27 , -13.7 , 34 , 32.13 , 3.366 , 0.035 , 0.95 , 280.38
70 , 372 , 948.79 , -13.9 , 35 , 32.19 , 3.400 , 0.036 , 1.13 , 280.19
80 , 424 , 942.29 , -14.1 , 36 , 32.24 , 3.440 , 0.037 , 1.31 , 280.01
90 , 475 , 936.00 , -13.9 , 33 , 32.29 , 3.428 , 0.037 , 1.50 , 279.83
100 , 524 , 930.03 , -13.7 , 29 , 32.32 , 3.409 , 0.037 , 1.67 , 279.65
110 , 577 , 923.57 , -14.0 , 28 , 32.35 , 3.405 , 0.037 , 1.86 , 279.47
120 , 627 , 917.39 , -14.2 , 29 , 32.35 , 3.365 , 0.037 , 2.04 , 279.29
130 , 677 , 911.40 , -14.5 , 31 , 32.31 , 3.388 , 0.037 , 2.21 , 279.11
140 , 721 , 906.18 , -14.8 , 31 , 32.34 , 3.327 , 0.037 , 2.36 , 278.96
150 , 768 , 900.53 , -15.2 , 32 , 32.32 , 3.306 , 0.037 , 2.53 , 278.80
160 , 822 , 894.06 , -15.6 , 32 , 32.24 , 3.295 , 0.037 , 2.71 , 278.61
170 , 874 , 887.99 , -16.0 , 32 , 32.19 , 3.270 , 0.037 , 2.89 , 278.43
180 , 928 , 881.60 , -16.4 , 32 , 32.15 , 3.240 , 0.037 , 3.08 , 278.25
190 , 981 , 875.41 , -16.7 , 31 , 32.11 , 3.240 , 0.037 , 3.26 , 278.07
200 , 1029 , 869.83 , -16.3 , 31 , 32.14 , 3.212 , 0.037 , 3.42 , 277.90
210 , 1080 , 863.91 , -15.2 , 33 , 32.06 , 3.173 , 0.037 , 3.59 , 277.73
220 , 1132 , 858.04 , -13.8 , 41 , 31.95 , 3.161 , 0.037 , 3.76 , 277.56
230 , 1187 , 851.88 , -13.9 , 47 , 31.92 , 3.147 , 0.037 , 3.94 , 277.38
239 , 1235 , 846.47 , -14.2 , 52 , 31.88 , 3.094 , 0.037 , 4.10 , 277.23
249 , 1285 , 840.96 , -14.6 , 54 , 31.81 , 3.137 , 0.037 , 4.26 , 277.07
259 , 1334 , 835.49 , -14.6 , 74 , 31.85 , 3.110 , 0.037 , 4.42 , 276.90
269 , 1386 , 829.72 , -14.8 , 82 , 31.87 , 2.995 , 0.036 , 4.59 , 276.74
279 , 1439 , 824.00 , -14.8 , 80 , 31.84 , 2.952 , 0.036 , 4.75 , 276.58
289 , 1495 , 817.93 , -14.9 , 79 , 31.81 , 2.899 , 0.035 , 4.92 , 276.40
298 , 1545 , 812.49 , -15.1 , 71 , 31.80 , 2.906 , 0.036 , 5.07 , 276.25
309 , 1599 , 806.71 , -15.2 , 61 , 31.78 , 2.919 , 0.036 , 5.24 , 276.09
319 , 1651 , 801.23 , -15.3 , 49 , 31.77 , 2.908 , 0.036 , 5.39 , 275.93
328 , 1705 , 795.50 , -15.3 , 43 , 31.68 , 2.904 , 0.037 , 5.56 , 275.77
338 , 1757 , 790.05 , -15.4 , 39 , 31.66 , 2.883 , 0.036 , 5.71 , 275.61
348 , 1806 , 784.91 , -15.8 , 42 , 31.66 , 2.845 , 0.036 , 5.86 , 275.46
358 , 1861 , 779.21 , -16.3 , 47 , 31.59 , 2.870 , 0.037 , 6.03 , 275.30
368 , 1917 , 773.45 , -16.8 , 52 , 31.56 , 2.854 , 0.037 , 6.19 , 275.13
378 , 1971 , 767.85 , -17.1 , 57 , 31.57 , 2.778 , 0.036 , 6.36 , 274.97
388 , 2018 , 763.04 , -17.4 , 59 , 31.59 , 2.751 , 0.036 , 6.49 , 274.83
398 , 2070 , 757.76 , -17.6 , 58 , 31.52 , 2.747 , 0.036 , 6.64 , 274.68
408 , 2124 , 752.29 , -17.8 , 57 , 31.47 , 2.736 , 0.036 , 6.80 , 274.52
418 , 2177 , 747.02 , -18.2 , 55 , 31.45 , 2.717 , 0.036 , 6.95 , 274.37
428 , 2230 , 741.72 , -18.5 , 55 , 31.45 , 2.704 , 0.036 , 7.10 , 274.22
437 , 2282 , 736.51 , -18.8 , 58 , 31.44 , 2.707 , 0.037 , 7.25 , 274.07
447 , 2333 , 731.53 , -19.1 , 59 , 31.44 , 2.698 , 0.037 , 7.40 , 273.93
457 , 2383 , 726.62 , -19.3 , 57 , 31.44 , 2.644 , 0.036 , 7.54 , 273.78
467 , 2435 , 721.52 , -19.5 , 53 , 31.43 , 2.627 , 0.036 , 7.69 , 273.64
477 , 2487 , 716.56 , -19.8 , 50 , 31.43 , 2.603 , 0.036 , 7.83 , 273.49
487 , 2537 , 711.69 , -20.1 , 46 , 31.42 , 2.654 , 0.037 , 7.97 , 273.35
497 , 2592 , 706.42 , -20.4 , 35 , 31.44 , 2.677 , 0.038 , 8.13 , 273.20
507 , 2647 , 701.25 , -20.8 , 33 , 31.42 , 2.654 , 0.038 , 8.28 , 273.04
517 , 2700 , 696.16 , -21.2 , 38 , 31.42 , 2.614 , 0.038 , 8.43 , 272.89
527 , 2755 , 690.97 , -21.4 , 46 , 31.38 , 2.616 , 0.038 , 8.59 , 272.74
536 , 2804 , 686.47 , -21.6 , 50 , 31.35 , 2.660 , 0.039 , 8.72 , 272.60
546 , 2851 , 682.07 , -21.6 , 50 , 31.35 , 2.654 , 0.039 , 8.86 , 272.47
556 , 2902 , 677.38 , -21.5 , 46 , 31.34 , 2.628 , 0.039 , 9.00 , 272.32
566 , 2955 , 672.50 , -21.8 , 44 , 31.31 , 2.648 , 0.039 , 9.15 , 272.17
576 , 3010 , 667.51 , -22.1 , 44 , 31.32 , 2.657 , 0.040 , 9.31 , 272.01
586 , 3065 , 662.52 , -22.4 , 43 , 31.35 , 2.656 , 0.040 , 9.47 , 271.86
596 , 3120 , 657.55 , -22.7 , 42 , 31.39 , 2.705 , 0.041 , 9.63 , 271.70
606 , 3182 , 652.03 , -23.1 , 42 , 31.41 , 2.643 , 0.041 , 9.80 , 271.52
616 , 3236 , 647.20 , -23.4 , 39 , 31.44 , 2.594 , 0.040 , 9.96 , 271.37
626 , 3291 , 642.34 , -23.7 , 38 , 31.47 , 2.530 , 0.039 , 10.11 , 271.21
636 , 3351 , 637.12 , -24.1 , 36 , 31.48 , 2.552 , 0.040 , 10.27 , 271.05
646 , 3402 , 632.68 , -24.4 , 34 , 31.49 , 2.515 , 0.040 , 10.41 , 270.91
656 , 3459 , 627.76 , -24.8 , 31 , 31.50 , 2.486 , 0.040 , 10.57 , 270.76
665 , 3515 , 622.93 , -25.2 , 30 , 31.51 , 2.460 , 0.039 , 10.72 , 270.61
675 , 3572 , 618.01 , -25.7 , 30 , 31.51 , 2.446 , 0.040 , 10.87 , 270.45
685 , 3633 , 612.89 , -26.1 , 29 , 31.52 , 2.406 , 0.039 , 11.03 , 270.29
695 , 3687 , 608.32 , -26.4 , 25 , 31.54 , 2.382 , 0.039 , 11.17 , 270.15
705 , 3743 , 603.58 , -26.8 , 20 , 31.54 , 2.357 , 0.039 , 11.32 , 270.01
715 , 3801 , 598.75 , -27.3 , 19 , 31.53 , 2.345 , 0.039 , 11.47 , 269.86
725 , 3856 , 594.17 , -27.8 , 20 , 31.54 , 2.329 , 0.039 , 11.61 , 269.71
735 , 3912 , 589.55 , -28.3 , 20 , 31.54 , 2.326 , 0.039 , 11.75 , 269.57
745 , 3969 , 584.90 , -28.7 , 20 , 31.54 , 2.322 , 0.040 , 11.90 , 269.43
755 , 4025 , 580.37 , -29.1 , 20 , 31.54 , 2.294 , 0.040 , 12.04 , 269.28
765 , 4089 , 575.14 , -29.5 , 20 , 31.53 , 2.294 , 0.040 , 12.20 , 269.12
775 , 4146 , 570.57 , -29.7 , 17 , 31.53 , 2.294 , 0.040 , 12.35 , 268.98
785 , 4200 , 566.24 , -29.7 , 12 , 31.50 , 2.270 , 0.040 , 12.48 , 268.84
795 , 4254 , 561.98 , -29.9 , 11 , 31.49 , 2.277 , 0.041 , 12.62 , 268.70
805 , 4313 , 557.32 , -30.4 , 12 , 31.49 , 2.246 , 0.040 , 12.77 , 268.56
815 , 4374 , 552.59 , -30.8 , 11 , 31.47 , 2.195 , 0.040 , 12.92 , 268.41
825 , 4433 , 548.03 , -31.1 , 10 , 31.40 , 2.220 , 0.041 , 13.06 , 268.26
835 , 4489 , 543.70 , -31.5 , 12 , 31.33 , 2.229 , 0.041 , 13.20 , 268.12
844 , 4547 , 539.21 , -31.9 , 13 , 31.30 , 2.215 , 0.041 , 13.35 , 267.98
854 , 4602 , 535.09 , -32.3 , 14 , 31.28 , 2.120 , 0.040 , 13.48 , 267.85
864 , 4662 , 530.50 , -32.7 , 13 , 31.22 , 2.083 , 0.039 , 13.62 , 267.70
874 , 4721 , 526.08 , -33.3 , 14 , 31.17 , 2.041 , 0.039 , 13.76 , 267.57
884 , 4787 , 521.19 , -33.8 , 15 , 31.11 , 2.050 , 0.039 , 13.91 , 267.42
893 , 4848 , 516.60 , -34.4 , 16 , 31.05 , 2.007 , 0.039 , 14.05 , 267.27
903 , 4903 , 512.56 , -34.9 , 17 , 30.99 , 1.981 , 0.039 , 14.17 , 267.15
913 , 4958 , 508.53 , -35.3 , 18 , 30.93 , 1.935 , 0.038 , 14.30 , 267.03
923 , 5014 , 504.47 , -35.8 , 21 , 30.90 , 1.926 , 0.038 , 14.42 , 266.91
933 , 5074 , 500.16 , -36.4 , 24 , 30.85 , 1.896 , 0.038 , 14.55 , 266.78
943 , 5136 , 495.70 , -36.9 , 28 , 30.81 , 1.894 , 0.038 , 14.68 , 266.64
953 , 5194 , 491.56 , -37.3 , 28 , 30.78 , 1.888 , 0.038 , 14.81 , 266.52
963 , 5249 , 487.65 , -37.6 , 25 , 30.75 , 1.830 , 0.038 , 14.92 , 266.40
973 , 5303 , 483.80 , -38.0 , 26 , 30.70 , 1.836 , 0.038 , 15.04 , 266.29
983 , 5357 , 480.05 , -38.4 , 28 , 30.64 , 1.845 , 0.038 , 15.15 , 266.17
993 , 5411 , 476.27 , -38.7 , 28 , 30.60 , 1.829 , 0.038 , 15.27 , 266.06
1003 , 5463 , 472.66 , -39.0 , 27 , 30.56 , 1.810 , 0.038 , 15.37 , 265.95
1013 , 5514 , 469.19 , -39.3 , 28 , 30.52 , 1.808 , 0.039 , 15.48 , 265.84
1023 , 5567 , 465.58 , -39.8 , 29 , 30.48 , 1.811 , 0.039 , 15.59 , 265.73
1033 , 5618 , 462.11 , -40.2 , 30 , 30.43 , 1.786 , 0.039 , 15.70 , 265.63
1043 , 5673 , 458.39 , -40.6 , 28 , 30.39 , 1.784 , 0.039 , 15.81 , 265.51
1053 , 5728 , 454.67 , -41.1 , 26 , 30.34 , 1.755 , 0.039 , 15.92 , 265.40
1063 , 5787 , 450.76 , -41.6 , 25 , 30.28 , 1.713 , 0.038 , 16.04 , 265.28
1073 , 5846 , 446.83 , -42.1 , 26 , 30.23 , 1.737 , 0.039 , 16.16 , 265.16
1083 , 5906 , 442.86 , -42.6 , 28 , 30.21 , 1.727 , 0.039 , 16.28 , 265.04
1093 , 5964 , 439.06 , -43.1 , 32 , 30.19 , 1.699 , 0.039 , 16.40 , 264.92
1103 , 6023 , 435.24 , -43.7 , 33 , 30.15 , 1.683 , 0.039 , 16.52 , 264.81
1113 , 6088 , 431.03 , -44.2 , 33 , 30.13 , 1.638 , 0.038 , 16.64 , 264.68
1123 , 6154 , 426.79 , -44.7 , 32 , 30.09 , 1.619 , 0.038 , 16.77 , 264.55
1132 , 6211 , 423.17 , -45.3 , 34 , 30.03 , 1.644 , 0.039 , 16.88 , 264.44
1142 , 6268 , 419.60 , -45.8 , 36 , 30.01 , 1.606 , 0.038 , 16.99 , 264.33
1152 , 6328 , 415.79 , -46.4 , 38 , 29.97 , 1.578 , 0.038 , 17.10 , 264.22
1162 , 6382 , 412.47 , -46.9 , 40 , 29.95 , 1.573 , 0.038 , 17.20 , 264.12
1172 , 6438 , 408.94 , -47.4 , 43 , 29.93 , 1.558 , 0.038 , 17.31 , 264.01
1182 , 6498 , 405.24 , -47.8 , 44 , 29.89 , 1.552 , 0.038 , 17.42 , 263.90
1192 , 6560 , 401.48 , -48.1 , 44 , 29.83 , 1.533 , 0.038 , 17.53 , 263.79
1202 , 6625 , 397.52 , -48.5 , 42 , 29.77 , 1.528 , 0.038 , 17.65 , 263.67
1212 , 6691 , 393.57 , -48.9 , 40 , 29.72 , 1.530 , 0.039 , 17.78 , 263.55
1222 , 6754 , 389.82 , -49.3 , 38 , 29.67 , 1.522 , 0.039 , 17.89 , 263.43
1232 , 6815 , 386.15 , -49.2 , 36 , 29.61 , 1.506 , 0.039 , 18.00 , 263.32
1242 , 6874 , 382.73 , -49.1 , 32 , 29.55 , 1.542 , 0.040 , 18.11 , 263.21
1252 , 6931 , 379.42 , -49.4 , 32 , 29.50 , 1.553 , 0.041 , 18.22 , 263.11
1262 , 6996 , 375.66 , -49.7 , 33 , 29.44 , 1.532 , 0.041 , 18.34 , 262.99
1272 , 7053 , 372.38 , -49.8 , 35 , 29.38 , 1.534 , 0.041 , 18.44 , 262.88
1282 , 7113 , 369.00 , -50.3 , 33 , 29.34 , 1.565 , 0.042 , 18.56 , 262.77
1292 , 7166 , 365.99 , -50.8 , 31 , 29.31 , 1.568 , 0.043 , 18.66 , 262.67
1302 , 7219 , 363.04 , -51.2 , 29 , 29.27 , 1.595 , 0.044 , 18.76 , 262.57
1312 , 7279 , 359.70 , -51.8 , 29 , 29.23 , 1.601 , 0.045 , 18.87 , 262.45
1322 , 7343 , 356.14 , -52.4 , 29 , 29.19 , 1.604 , 0.045 , 19.00 , 262.32
1332 , 7406 , 352.71 , -52.8 , 28 , 29.15 , 1.626 , 0.046 , 19.12 , 262.20
1342 , 7461 , 349.72 , -53.1 , 26 , 29.13 , 1.679 , 0.048 , 19.23 , 262.09
1352 , 7510 , 347.05 , -53.4 , 25 , 29.09 , 1.694 , 0.049 , 19.34 , 261.99
1362 , 7558 , 344.47 , -53.6 , 25 , 29.05 , 1.704 , 0.049 , 19.44 , 261.89
1372 , 7608 , 341.79 , -54.0 , 24 , 29.00 , 1.724 , 0.050 , 19.54 , 261.78
1382 , 7664 , 338.81 , -54.4 , 23 , 28.95 , 1.782 , 0.053 , 19.66 , 261.66
1392 , 7722 , 335.78 , -54.8 , 23 , 28.90 , 1.879 , 0.056 , 19.79 , 261.53
1402 , 7769 , 333.28 , -55.2 , 22 , 28.87 , 1.912 , 0.057 , 19.90 , 261.42
1412 , 7812 , 331.07 , -55.4 , 23 , 28.83 , 1.903 , 0.057 , 20.00 , 261.32
1422 , 7854 , 328.86 , -55.6 , 23 , 28.77 , 1.870 , 0.057 , 20.10 , 261.22
1432 , 7914 , 325.77 , -55.8 , 22 , 28.72 , 1.911 , 0.059 , 20.25 , 261.08
1442 , 7977 , 322.59 , -56.1 , 22 , 28.67 , 1.944 , 0.060 , 20.39 , 260.93
1451 , 8046 , 319.08 , -56.6 , 23 , 28.64 , 1.983 , 0.062 , 20.56 , 260.76
1461 , 8101 , 316.33 , -57.0 , 23 , 28.61 , 2.015 , 0.064 , 20.70 , 260.62
1471 , 8147 , 314.04 , -57.0 , 22 , 28.58 , 2.104 , 0.067 , 20.82 , 260.50
1481 , 8199 , 311.48 , -57.2 , 20 , 28.54 , 2.262 , 0.073 , 20.96 , 260.36
1491 , 8250 , 308.95 , -57.4 , 19 , 28.51 , 2.380 , 0.077 , 21.11 , 260.21
1501 , 8299 , 306.58 , -57.4 , 18 , 28.46 , 2.550 , 0.083 , 21.26 , 260.06
1511 , 8349 , 304.14 , -57.2 , 17 , 28.42 , 2.746 , 0.090 , 21.43 , 259.90
1521 , 8403 , 301.58 , -57.1 , 15 , 28.37 , 2.946 , 0.098 , 21.62 , 259.71
1531 , 8466 , 298.57 , -56.9 , 14 , 28.32 , 3.167 , 0.106 , 21.86 , 259.47
1541 , 8534 , 295.39 , -57.0 , 12 , 28.27 , 3.371 , 0.114 , 22.13 , 259.19
1551 , 8585 , 293.02 , -57.4 , 12 , 28.22 , 3.535 , 0.121 , 22.35 , 258.97
1561 , 8630 , 290.92 , -57.6 , 11 , 28.18 , 3.641 , 0.125 , 22.56 , 258.77
1571 , 8683 , 288.52 , -58.0 , 11 , 28.13 , 3.760 , 0.130 , 22.80 , 258.52
1581 , 8731 , 286.32 , -58.3 , 10 , 28.08 , 3.789 , 0.132 , 23.03 , 258.30
1591 , 8780 , 284.11 , -58.6 , 10 , 28.03 , 3.796 , 0.134 , 23.26 , 258.06
1601 , 8830 , 281.83 , -58.9 , 10 , 27.98 , 3.795 , 0.135 , 23.50 , 257.82
1611 , 8880 , 279.59 , -59.1 , 10 , 27.93 , 3.907 , 0.140 , 23.74 , 257.58
1621 , 8929 , 277.40 , -59.1 , 10 , 27.88 , 3.974 , 0.143 , 23.99 , 257.34
1631 , 8985 , 274.95 , -58.9 , 10 , 27.83 , 4.106 , 0.149 , 24.27 , 257.05
1641 , 9049 , 272.18 , -59.0 , 9 , 27.78 , 4.241 , 0.156 , 24.60 , 256.72
1651 , 9111 , 269.49 , -59.2 , 9 , 27.73 , 4.321 , 0.160 , 24.94 , 256.38
1661 , 9162 , 267.27 , -59.5 , 9 , 27.68 , 4.220 , 0.158 , 25.22 , 256.11
1671 , 9203 , 265.52 , -59.7 , 9 , 27.62 , 4.193 , 0.158 , 25.44 , 255.89
1681 , 9250 , 263.55 , -59.9 , 9 , 27.56 , 4.071 , 0.154 , 25.68 , 255.64
1691 , 9304 , 261.29 , -59.9 , 10 , 27.50 , 3.671 , 0.140 , 25.94 , 255.38
1701 , 9358 , 259.04 , -60.1 , 12 , 27.44 , 3.462 , 0.134 , 26.19 , 255.14
1711 , 9415 , 256.69 , -60.4 , 13 , 27.39 , 3.338 , 0.130 , 26.43 , 254.89
1721 , 9459 , 254.86 , -60.7 , 13 , 27.33 , 3.281 , 0.129 , 26.62 , 254.71
1731 , 9502 , 253.10 , -60.9 , 14 , 27.27 , 3.265 , 0.129 , 26.80 , 254.53
1740 , 9548 , 251.22 , -60.8 , 14 , 27.22 , 3.334 , 0.133 , 26.99 , 254.33
1750 , 9600 , 249.15 , -60.5 , 15 , 27.17 , 3.391 , 0.136 , 27.21 , 254.11
1760 , 9652 , 247.08 , -60.3 , 15 , 27.12 , 3.430 , 0.139 , 27.43 , 253.89
1770 , 9701 , 245.14 , -60.2 , 14 , 27.07 , 3.509 , 0.143 , 27.65 , 253.67
1780 , 9759 , 242.89 , -60.4 , 14 , 27.01 , 3.632 , 0.150 , 27.91 , 253.41
1790 , 9815 , 240.71 , -60.0 , 13 , 26.97 , 3.882 , 0.161 , 28.18 , 253.15
1800 , 9877 , 238.32 , -59.8 , 11 , 26.90 , 4.241 , 0.178 , 28.50 , 252.83
1810 , 9936 , 236.08 , -59.9 , 10 , 26.84 , 4.455 , 0.189 , 28.82 , 252.50
1820 , 10005 , 233.47 , -60.1 , 9 , 26.77 , 4.680 , 0.200 , 29.22 , 252.10
1830 , 10063 , 231.31 , -59.9 , 8 , 26.72 , 4.921 , 0.213 , 29.57 , 251.75
1840 , 10115 , 229.38 , -59.6 , 8 , 26.66 , 5.152 , 0.225 , 29.91 , 251.42
1850 , 10173 , 227.29 , -59.7 , 7 , 26.60 , 5.315 , 0.234 , 30.28 , 251.04
1860 , 10232 , 225.15 , -59.1 , 6 , 26.54 , 5.405 , 0.240 , 30.69 , 250.64
1870 , 10293 , 222.99 , -58.8 , 6 , 26.48 , 5.484 , 0.246 , 31.10 , 250.22
1880 , 10354 , 220.83 , -58.7 , 5 , 26.42 , 5.519 , 0.250 , 31.52 , 249.80
1890 , 10412 , 218.77 , -58.7 , 5 , 26.37 , 5.636 , 0.258 , 31.94 , 249.39
1900 , 10472 , 216.70 , -58.8 , 4 , 26.32 , 5.675 , 0.262 , 32.36 , 248.96
1910 , 10533 , 214.59 , -58.9 , 4 , 26.26 , 5.678 , 0.265 , 32.80 , 248.53
1920 , 10595 , 212.50 , -58.8 , 3 , 26.20 , 5.780 , 0.272 , 33.24 , 248.08
1930 , 10650 , 210.63 , -58.7 , 3 , 26.14 , 5.831 , 0.277 , 33.65 , 247.68
1940 , 10704 , 208.85 , -58.7 , 3 , 26.08 , 5.758 , 0.276 , 34.03 , 247.29
1950 , 10760 , 206.98 , -58.6 , 3 , 26.03 , 5.510 , 0.266 , 34.43 , 246.89
1960 , 10820 , 205.01 , -58.3 , 3 , 25.98 , 5.223 , 0.255 , 34.84 , 246.49
1970 , 10879 , 203.11 , -58.3 , 3 , 25.91 , 5.300 , 0.261 , 35.22 , 246.10
1980 , 10939 , 201.18 , -58.3 , 3 , 25.86 , 5.550 , 0.276 , 35.63 , 245.69
1990 , 10993 , 199.45 , -57.7 , 2 , 25.80 , 5.785 , 0.290 , 36.02 , 245.30
2000 , 11047 , 197.74 , -57.7 , 2 , 25.74 , 5.654 , 0.286 , 36.41 , 244.91
2010 , 11112 , 195.72 , -57.5 , 2 , 25.69 , 5.047 , 0.258 , 36.84 , 244.48
2020 , 11170 , 193.93 , -58.0 , 2 , 25.64 , 4.880 , 0.252 , 37.20 , 244.12
2030 , 11227 , 192.19 , -58.2 , 2 , 25.58 , 5.179 , 0.269 , 37.56 , 243.76
2040 , 11275 , 190.72 , -58.3 , 2 , 25.53 , 5.437 , 0.285 , 37.88 , 243.44
2050 , 11329 , 189.08 , -58.4 , 2 , 25.48 , 5.178 , 0.274 , 38.24 , 243.08
2059 , 11382 , 187.51 , -58.8 , 2 , 25.42 , 4.556 , 0.243 , 38.56 , 242.76
2069 , 11439 , 185.80 , -59.2 , 2 , 25.37 , 4.071 , 0.219 , 38.88 , 242.45
2079 , 11490 , 184.30 , -59.7 , 2 , 25.32 , 3.753 , 0.204 , 39.13 , 242.20
2089 , 11537 , 182.91 , -59.9 , 2 , 25.26 , 3.527 , 0.193 , 39.34 , 241.98
2099 , 11585 , 181.52 , -59.3 , 2 , 25.20 , 3.470 , 0.191 , 39.55 , 241.77
2109 , 11633 , 180.13 , -59.2 , 2 , 25.14 , 3.492 , 0.194 , 39.76 , 241.56
2119 , 11682 , 178.73 , -59.3 , 2 , 25.09 , 3.501 , 0.196 , 39.98 , 241.34
2129 , 11732 , 177.30 , -59.6 , 2 , 25.04 , 3.496 , 0.197 , 40.20 , 241.12
2139 , 11783 , 175.87 , -59.6 , 2 , 24.99 , 3.517 , 0.200 , 40.43 , 240.90
2149 , 11837 , 174.34 , -59.6 , 2 , 24.93 , 3.492 , 0.200 , 40.67 , 240.66
2159 , 11888 , 172.94 , -59.7 , 1 , 24.88 , 3.438 , 0.199 , 40.89 , 240.44
2169 , 11938 , 171.57 , -59.2 , 1 , 24.83 , 3.490 , 0.203 , 41.11 , 240.22
2179 , 11987 , 170.22 , -58.9 , 1 , 24.77 , 3.451 , 0.203 , 41.32 , 240.00
2189 , 12042 , 168.73 , -58.8 , 1 , 24.71 , 3.599 , 0.213 , 41.57 , 239.76
2199 , 12098 , 167.22 , -59.0 , 1 , 24.65 , 3.744 , 0.224 , 41.83 , 239.50
2209 , 12153 , 165.77 , -59.3 , 1 , 24.60 , 3.856 , 0.233 , 42.09 , 239.24
2219 , 12210 , 164.26 , -59.8 , 1 , 24.55 , 3.886 , 0.237 , 42.37 , 238.96
2229 , 12267 , 162.77 , -60.0 , 1 , 24.50 , 3.980 , 0.244 , 42.65 , 238.67
2239 , 12326 , 161.24 , -60.4 , 1 , 24.44 , 4.020 , 0.249 , 42.95 , 238.38
2249 , 12383 , 159.78 , -60.6 , 1 , 24.38 , 4.057 , 0.254 , 43.24 , 238.08
2259 , 12441 , 158.30 , -60.8 , 1 , 24.32 , 3.937 , 0.249 , 43.53 , 237.79
2269 , 12500 , 156.79 , -61.1 , 1 , 24.27 , 3.842 , 0.245 , 43.83 , 237.50
2279 , 12554 , 155.43 , -61.3 , 1 , 24.22 , 3.693 , 0.238 , 44.09 , 237.24
2289 , 12606 , 154.14 , -61.6 , 1 , 24.16 , 3.566 , 0.231 , 44.32 , 237.00
2299 , 12657 , 152.87 , -61.7 , 1 , 24.10 , 3.448 , 0.226 , 44.55 , 236.77
2309 , 12707 , 151.65 , -61.9 , 1 , 24.05 , 3.282 , 0.216 , 44.77 , 236.56
2319 , 12755 , 150.46 , -62.1 , 1 , 24.00 , 3.144 , 0.209 , 44.97 , 236.36
2329 , 12805 , 149.26 , -61.8 , 1 , 23.94 , 3.011 , 0.202 , 45.16 , 236.16
2339 , 12854 , 148.07 , -61.7 , 1 , 23.89 , 3.057 , 0.206 , 45.35 , 235.97
2349 , 12902 , 146.93 , -61.8 , 1 , 23.83 , 3.174 , 0.216 , 45.54 , 235.78
2358 , 12946 , 145.89 , -62.1 , 1 , 23.78 , 3.173 , 0.217 , 45.72 , 235.60
2368 , 12989 , 144.87 , -62.1 , 1 , 23.73 , 3.084 , 0.213 , 45.89 , 235.43
2378 , 13036 , 143.79 , -62.3 , 1 , 23.67 , 2.925 , 0.203 , 46.07 , 235.25
2388 , 13075 , 142.87 , -62.6 , 1 , 23.62 , 2.785 , 0.195 , 46.22 , 235.11
2398 , 13116 , 141.92 , -62.9 , 1 , 23.57 , 2.734 , 0.193 , 46.36 , 234.96
2408 , 13157 , 140.98 , -63.2 , 1 , 23.52 , 2.693 , 0.191 , 46.50 , 234.82
2418 , 13201 , 139.97 , -62.8 , 1 , 23.47 , 2.929 , 0.209 , 46.66 , 234.66
2428 , 13243 , 139.02 , -62.5 , 1 , 23.42 , 4.000 , 0.288 , 46.85 , 234.48
2438 , 13284 , 138.10 , -62.4 , 1 , 23.36 , 5.087 , 0.368 , 47.09 , 234.24
2448 , 13325 , 137.19 , -62.6 , 1 , 23.31 , 5.646 , 0.412 , 47.37 , 233.96
2458 , 13365 , 136.29 , -62.6 , 1 , 23.26 , 5.939 , 0.436 , 47.67 , 233.66
2468 , 13405 , 135.42 , -62.8 , 1 , 23.21 , 6.275 , 0.463 , 47.98 , 233.35
2478 , 13446 , 134.52 , -63.0 , 1 , 23.16 , 6.503 , 0.483 , 48.31 , 233.01
2488 , 13486 , 133.65 , -63.1 , 1 , 23.10 , 6.759 , 0.506 , 48.65 , 232.67
2498 , 13527 , 132.76 , -63.1 , 1 , 23.05 , 6.974 , 0.525 , 49.01 , 232.31
2508 , 13569 , 131.86 , -63.3 , 1 , 23.01 , 7.429 , 0.563 , 49.40 , 231.92
2518 , 13610 , 130.97 , -63.4 , 1 , 22.95 , 7.836 , 0.598 , 49.81 , 231.51
2528 , 13649 , 130.16 , -63.5 , 1 , 22.90 , 8.600 , 0.661 , 50.21 , 231.11
2538 , 13690 , 129.28 , -63.7 , 1 , 22.85 , 9.057 , 0.701 , 50.68 , 230.64
2548 , 13729 , 128.46 , -63.6 , 1 , 22.80 , 9.253 , 0.720 , 51.14 , 230.18
2558 , 13767 , 127.66 , -63.4 , 1 , 22.74 , 9.170 , 0.718 , 51.60 , 229.73
2568 , 13805 , 126.89 , -63.3 , 1 , 22.69 , 9.327 , 0.735 , 52.04 , 229.28
2578 , 13844 , 126.09 , -63.4 , 1 , 22.64 , 9.533 , 0.756 , 52.51 , 228.81
2588 , 13885 , 125.25 , -63.5 , 1 , 22.59 , 9.245 , 0.738 , 53.01 , 228.32
2598 , 13924 , 124.45 , -63.5 , 1 , 22.54 , 8.598 , 0.691 , 53.46 , 227.87
2608 , 13965 , 123.62 , -63.5 , 1 , 22.49 , 7.972 , 0.645 , 53.89 , 227.43
2618 , 14004 , 122.83 , -63.6 , 1 , 22.43 , 7.698 , 0.627 , 54.29 , 227.03
2628 , 14043 , 122.05 , -63.4 , 1 , 22.37 , 7.560 , 0.619 , 54.68 , 226.65
2638 , 14085 , 121.23 , -63.4 , 1 , 22.32 , 7.549 , 0.623 , 55.08 , 226.25
2648 , 14124 , 120.45 , -63.3 , 1 , 22.26 , 7.682 , 0.638 , 55.46 , 225.86
2658 , 14171 , 119.54 , -63.2 , 1 , 22.21 , 8.320 , 0.696 , 55.94 , 225.38
2667 , 14215 , 118.68 , -63.3 , 1 , 22.16 , 8.975 , 0.756 , 56.44 , 224.89
2677 , 14254 , 117.93 , -63.0 , 1 , 22.10 , 9.427 , 0.799 , 56.89 , 224.43
2687 , 14294 , 117.17 , -62.8 , 1 , 22.05 , 10.196 , 0.870 , 57.40 , 223.93
2697 , 14333 , 116.43 , -63.0 , 1 , 22.00 , 10.179 , 0.874 , 57.90 , 223.42
2707 , 14372 , 115.69 , -63.2 , 1 , 21.94 , 9.645 , 0.834 , 58.40 , 222.92
2717 , 14412 , 114.95 , -63.4 , 1 , 21.89 , 8.925 , 0.776 , 58.88 , 222.45
2727 , 14452 , 114.20 , -63.3 , 1 , 21.83 , 8.200 , 0.718 , 59.32 , 222.01
2737 , 14490 , 113.48 , -63.3 , 1 , 21.78 , 7.711 , 0.679 , 59.71 , 221.61
2747 , 14532 , 112.73 , -63.5 , 1 , 21.73 , 7.282 , 0.646 , 60.11 , 221.22
2757 , 14573 , 111.97 , -63.7 , 1 , 21.67 , 7.251 , 0.648 , 60.50 , 220.83
2767 , 14614 , 111.23 , -63.5 , 1 , 21.61 , 7.129 , 0.641 , 60.87 , 220.45
2777 , 14656 , 110.45 , -63.6 , 1 , 21.56 , 6.685 , 0.605 , 61.25 , 220.07
2787 , 14697 , 109.72 , -63.4 , 1 , 21.51 , 6.447 , 0.588 , 61.60 , 219.73
2797 , 14737 , 109.01 , -63.3 , 1 , 21.45 , 6.726 , 0.617 , 61.94 , 219.39
2807 , 14782 , 108.22 , -63.3 , 1 , 21.40 , 7.621 , 0.704 , 62.34 , 218.98
2817 , 14828 , 107.41 , -63.7 , 1 , 21.34 , 8.439 , 0.786 , 62.82 , 218.50
2827 , 14875 , 106.59 , -64.2 , 1 , 21.29 , 8.876 , 0.833 , 63.35 , 217.97
2837 , 14921 , 105.80 , -64.2 , 1 , 21.24 , 8.968 , 0.848 , 63.87 , 217.45
2847 , 14964 , 105.06 , -64.1 , 1 , 21.18 , 9.180 , 0.874 , 64.38 , 216.95
2857 , 15005 , 104.35 , -64.2 , 1 , 21.12 , 9.451 , 0.906 , 64.87 , 216.45
2867 , 15045 , 103.66 , -64.0 , 1 , 21.07 , 9.758 , 0.941 , 65.37 , 215.95
2877 , 15086 , 102.99 , -64.0 , 1 , 21.01 , 10.199 , 0.990 , 65.89 , 215.43
2887 , 15126 , 102.31 , -64.1 , 1 , 20.96 , 10.363 , 1.013 , 66.42 , 214.90
2897 , 15168 , 101.60 , -64.2 , 1 , 20.90 , 10.208 , 1.005 , 66.99 , 214.33
2907 , 15212 , 100.87 , -64.3 , 1 , 20.85 , 9.990 , 0.990 , 67.56 , 213.76
2917 , 15255 , 100.18 , -64.3 , 1 , 20.79 , 9.763 , 0.975 , 68.10 , 213.22
2927 , 15297 , 99.48 , -64.0 , 1 , 20.74 , 9.381 , 0.943 , 68.63 , 212.70
2937 , 15340 , 98.79 , -64.1 , 1 , 20.68 , 8.906 , 0.902 , 69.13 , 212.19
2947 , 15383 , 98.10 , -64.1 , 1 , 20.63 , 8.547 , 0.871 , 69.61 , 211.71
2957 , 15425 , 97.43 , -64.4 , 1 , 20.57 , 8.292 , 0.851 , 70.07 , 211.25
2967 , 15464 , 96.80 , -64.6 , 1 , 20.52 , 8.094 , 0.836 , 70.49 , 210.84
2976 , 15501 , 96.22 , -64.7 , 1 , 20.47 , 8.028 , 0.834 , 70.87 , 210.45
2986 , 15537 , 95.65 , -64.9 , 1 , 20.41 , 7.909 , 0.827 , 71.25 , 210.08
2996 , 15575 , 95.05 , -65.0 , 1 , 20.35 , 7.968 , 0.838 , 71.64 , 209.69
3006 , 15613 , 94.47 , -64.7 , 1 , 20.30 , 8.230 , 0.871 , 72.03 , 209.29
3016 , 15653 , 93.85 , -64.7 , 1 , 20.24 , 8.446 , 0.900 , 72.46 , 208.86
3026 , 15693 , 93.23 , -64.9 , 1 , 20.18 , 8.403 , 0.901 , 72.90 , 208.42
3036 , 15734 , 92.62 , -65.0 , 1 , 20.13 , 8.267 , 0.893 , 73.34 , 207.99
3046 , 15777 , 91.97 , -65.2 , 1 , 20.07 , 8.366 , 0.910 , 73.80 , 207.52
3056 , 15821 , 91.30 , -65.5 , 1 , 20.01 , 8.627 , 0.945 , 74.28 , 207.04
3066 , 15863 , 90.66 , -65.8 , 1 , 19.96 , 8.836 , 0.975 , 74.77 , 206.55
3076 , 15906 , 90.03 , -66.0 , 1 , 19.91 , 9.070 , 1.007 , 75.26 , 206.06
3086 , 15950 , 89.37 , -66.2 , 1 , 19.85 , 9.248 , 1.035 , 75.79 , 205.53
3096 , 15993 , 88.75 , -66.3 , 1 , 19.80 , 9.344 , 1.053 , 76.31 , 205.01
3106 , 16037 , 88.11 , -66.2 , 1 , 19.74 , 9.235 , 1.048 , 76.84 , 204.48
3116 , 16079 , 87.49 , -66.0 , 1 , 19.69 , 9.172 , 1.048 , 77.35 , 203.97
3126 , 16122 , 86.87 , -65.9 , 1 , 19.64 , 9.185 , 1.057 , 77.87 , 203.46
3136 , 16164 , 86.27 , -65.8 , 1 , 19.58 , 9.374 , 1.087 , 78.37 , 202.95
3146 , 16209 , 85.64 , -66.1 , 1 , 19.53 , 9.522 , 1.112 , 78.92 , 202.41
3156 , 16251 , 85.05 , -66.2 , 1 , 19.48 , 9.537 , 1.121 , 79.44 , 201.88
3166 , 16294 , 84.45 , -66.2 , 1 , 19.42 , 9.839 , 1.165 , 79.99 , 201.34
3176 , 16336 , 83.86 , -66.3 , 1 , 19.37 , 10.083 , 1.202 , 80.54 , 200.79
3186 , 16379 , 83.27 , -66.6 , 1 , 19.31 , 10.252 , 1.231 , 81.10 , 200.22
3196 , 16423 , 82.66 , -66.9 , 1 , 19.26 , 10.341 , 1.251 , 81.69 , 199.63
3206 , 16469 , 82.04 , -67.1 , 1 , 19.21 , 10.287 , 1.254 , 82.31 , 199.01
3216 , 16514 , 81.43 , -67.2 , 1 , 19.16 , 10.337 , 1.269 , 82.92 , 198.40
3226 , 16559 , 80.83 , -67.3 , 1 , 19.11 , 10.365 , 1.282 , 83.52 , 197.80
3236 , 16604 , 80.22 , -67.5 , 1 , 19.05 , 10.374 , 1.293 , 84.14 , 197.19
3246 , 16647 , 79.65 , -67.5 , 1 , 18.99 , 10.646 , 1.337 , 84.73 , 196.59
3256 , 16690 , 79.09 , -67.5 , 1 , 18.94 , 10.794 , 1.365 , 85.33 , 195.99
3266 , 16731 , 78.55 , -67.6 , 1 , 18.89 , 10.996 , 1.400 , 85.92 , 195.40
3276 , 16775 , 77.97 , -67.5 , 1 , 18.84 , 11.069 , 1.420 , 86.56 , 194.76
3285 , 16815 , 77.46 , -67.7 , 1 , 18.79 , 11.133 , 1.437 , 87.14 , 194.18
3295 , 16854 , 76.96 , -67.4 , 1 , 18.74 , 11.087 , 1.441 , 87.71 , 193.61
3305 , 16898 , 76.40 , -67.5 , 1 , 18.69 , 11.025 , 1.443 , 88.35 , 192.98
3315 , 16940 , 75.86 , -67.4 , 1 , 18.64 , 11.030 , 1.454 , 88.96 , 192.36
3325 , 16984 , 75.31 , -67.5 , 1 , 18.59 , 11.098 , 1.474 , 89.59 , 191.73
3335 , 17027 , 74.78 , -67.7 , 1 , 18.54 , 11.109 , 1.486 , 90.22 , 191.11
3345 , 17069 , 74.26 , -67.8 , 1 , 18.49 , 11.125 , 1.498 , 90.83 , 190.49
3355 , 17112 , 73.72 , -68.0 , 1 , 18.44 , 11.149 , 1.512 , 91.47 , 189.86
3365 , 17154 , 73.21 , -68.3 , 1 , 18.38 , 11.118 , 1.519 , 92.08 , 189.24
3375 , 17197 , 72.68 , -68.6 , 1 , 18.33 , 11.127 , 1.531 , 92.71 , 188.61
3385 , 17242 , 72.14 , -68.8 , 1 , 18.28 , 11.125 , 1.542 , 93.37 , 187.95
3395 , 17288 , 71.59 , -69.2 , 1 , 18.23 , 11.075 , 1.547 , 94.04 , 187.28
3405 , 17334 , 71.04 , -69.6 , 1 , 18.18 , 11.102 , 1.563 , 94.72 , 186.60
3415 , 17380 , 70.49 , -69.8 , 1 , 18.13 , 11.073 , 1.571 , 95.39 , 185.93
3425 , 17423 , 69.98 , -69.9 , 1 , 18.08 , 11.011 , 1.573 , 96.02 , 185.30
3435 , 17466 , 69.48 , -69.8 , 2 , 18.03 , 11.079 , 1.595 , 96.66 , 184.67
3445 , 17507 , 69.01 , -70.1 , 2 , 17.98 , 11.069 , 1.604 , 97.25 , 184.07
3455 , 17548 , 68.54 , -70.4 , 2 , 17.93 , 11.033 , 1.610 , 97.85 , 183.47
3465 , 17589 , 68.05 , -70.5 , 2 , 17.88 , 10.926 , 1.606 , 98.46 , 182.86
3475 , 17630 , 67.59 , -70.6 , 2 , 17.83 , 10.971 , 1.623 , 99.05 , 182.27
3485 , 17670 , 67.14 , -70.7 , 2 , 17.78 , 11.037 , 1.644 , 99.64 , 181.69
3495 , 17711 , 66.68 , -70.8 , 2 , 17.73 , 11.052 , 1.658 , 100.23 , 181.09
3505 , 17751 , 66.23 , -70.7 , 2 , 17.68 , 11.201 , 1.691 , 100.83 , 180.49
3515 , 17790 , 65.79 , -70.9 , 2 , 17.63 , 11.284 , 1.715 , 101.42 , 179.91
3525 , 17831 , 65.34 , -70.8 , 2 , 17.58 , 11.343 , 1.736 , 102.04 , 179.29
3535 , 17874 , 64.87 , -71.0 , 2 , 17.53 , 11.501 , 1.773 , 102.69 , 178.64
3545 , 17915 , 64.41 , -71.2 , 2 , 17.47 , 11.373 , 1.766 , 103.33 , 178.00
3555 , 17958 , 63.95 , -71.1 , 2 , 17.43 , 11.550 , 1.806 , 103.97 , 177.35
3565 , 18001 , 63.49 , -71.2 , 2 , 17.38 , 11.541 , 1.818 , 104.63 , 176.69
3575 , 18043 , 63.03 , -71.3 , 2 , 17.33 , 11.599 , 1.840 , 105.29 , 176.03
3585 , 18087 , 62.56 , -71.6 , 2 , 17.28 , 11.705 , 1.871 , 105.97 , 175.35
3594 , 18129 , 62.12 , -71.9 , 2 , 17.23 , 11.911 , 1.917 , 106.63 , 174.69
3604 , 18173 , 61.66 , -71.9 , 2 , 17.18 , 11.977 , 1.942 , 107.34 , 173.99
3614 , 18219 , 61.18 , -71.7 , 2 , 17.13 , 12.195 , 1.993 , 108.08 , 173.24
3624 , 18266 , 60.69 , -71.9 , 2 , 17.08 , 12.570 , 2.071 , 108.87 , 172.45
3634 , 18314 , 60.21 , -72.1 , 2 , 17.03 , 12.753 , 2.118 , 109.67 , 171.65
3644 , 18362 , 59.71 , -72.1 , 2 , 16.98 , 12.916 , 2.163 , 110.51 , 170.82
3654 , 18411 , 59.22 , -72.0 , 2 , 16.93 , 13.080 , 2.209 , 111.36 , 169.97
3664 , 18461 , 58.72 , -72.2 , 2 , 16.88 , 13.357 , 2.275 , 112.24 , 169.09
3674 , 18512 , 58.21 , -72.4 , 2 , 16.83 , 13.729 , 2.359 , 113.18 , 168.14
3684 , 18563 , 57.70 , -72.7 , 2 , 16.78 , 14.133 , 2.449 , 114.13 , 167.19
3694 , 18614 , 57.21 , -72.8 , 2 , 16.74 , 14.638 , 2.559 , 115.11 , 166.21
3704 , 18666 , 56.70 , -72.7 , 2 , 16.69 , 14.900 , 2.628 , 116.14 , 165.18
3714 , 18717 , 56.21 , -72.7 , 2 , 16.64 , 15.274 , 2.717 , 117.19 , 164.14
3724 , 18769 , 55.71 , -72.9 , 2 , 16.59 , 15.529 , 2.787 , 118.27 , 163.06
3734 , 18819 , 55.24 , -73.2 , 2 , 16.54 , 15.426 , 2.792 , 119.29 , 162.03
3744 , 18867 , 54.79 , -73.5 , 3 , 16.49 , 15.609 , 2.849 , 120.31 , 161.01
3754 , 18915 , 54.34 , -73.7 , 3 , 16.44 , 15.824 , 2.912 , 121.33 , 159.99
3764 , 18964 , 53.89 , -73.7 , 3 , 16.39 , 15.627 , 2.900 , 122.37 , 158.95
3774 , 19010 , 53.46 , -73.8 , 3 , 16.34 , 15.597 , 2.917 , 123.34 , 157.99
3784 , 19056 , 53.05 , -74.2 , 3 , 16.29 , 15.532 , 2.928 , 124.30 , 157.02
3794 , 19101 , 52.63 , -74.4 , 3 , 16.24 , 15.537 , 2.952 , 125.26 , 156.07
3804 , 19144 , 52.25 , -74.5 , 3 , 16.19 , 15.661 , 2.997 , 126.17 , 155.16
3814 , 19188 , 51.85 , -74.7 , 3 , 16.14 , 15.837 , 3.054 , 127.11 , 154.21
3824 , 19230 , 51.48 , -74.6 , 3 , 16.09 , 15.752 , 3.060 , 128.02 , 153.31
3834 , 19274 , 51.10 , -74.7 , 3 , 16.04 , 15.650 , 3.063 , 128.94 , 152.39
3844 , 19317 , 50.71 , -74.5 , 3 , 15.99 , 15.643 , 3.085 , 129.87 , 151.46
3854 , 19360 , 50.34 , -74.2 , 3 , 15.94 , 16.045 , 3.187 , 130.80 , 150.53
3864 , 19403 , 49.97 , -74.2 , 3 , 15.89 , 16.240 , 3.250 , 131.72 , 149.60
3874 , 19445 , 49.61 , -74.5 , 3 , 15.83 , 16.183 , 3.262 , 132.65 , 148.67
3884 , 19486 , 49.26 , -74.5 , 3 , 15.78 , 15.940 , 3.236 , 133.55 , 147.78
3894 , 19526 , 48.93 , -74.4 , 3 , 15.73 , 16.052 , 3.281 , 134.41 , 146.91
3903 , 19565 , 48.60 , -74.5 , 3 , 15.68 , 16.272 , 3.348 , 135.27 , 146.06
3913 , 19605 , 48.26 , -74.5 , 3 , 15.63 , 16.063 , 3.328 , 136.15 , 145.18
3922 , 19646 , 47.93 , -74.2 , 3 , 15.59 , 15.902 , 3.318 , 137.03 , 144.29
3932 , 19684 , 47.62 , -74.4 , 3 , 15.54 , 15.842 , 3.327 , 137.84 , 143.48
3942 , 19724 , 47.29 , -74.5 , 3 , 15.48 , 15.653 , 3.310 , 138.70 , 142.62
3952 , 19765 , 46.96 , -74.3 , 3 , 15.43 , 15.697 , 3.343 , 139.58 , 141.75
3962 , 19808 , 46.61 , -74.1 , 3 , 15.37 , 15.860 , 3.403 , 140.50 , 140.83
3972 , 19851 , 46.27 , -74.1 , 3 , 15.32 , 15.892 , 3.435 , 141.43 , 139.90
3982 , 19897 , 45.90 , -74.0 , 3 , 15.27 , 16.045 , 3.495 , 142.42 , 138.91
3992 , 19943 , 45.54 , -74.1 , 3 , 15.22 , 15.796 , 3.469 , 143.41 , 137.91
4002 , 19989 , 45.18 , -73.9 , 3 , 15.16 , 15.718 , 3.479 , 144.39 , 136.93
4012 , 20035 , 44.83 , -74.0 , 3 , 15.11 , 15.795 , 3.523 , 145.37 , 135.95
4022 , 20082 , 44.47 , -74.0 , 3 , 15.06 , 15.533 , 3.493 , 146.36 , 134.96
4032 , 20132 , 44.09 , -74.1 , 3 , 15.00 , 15.510 , 3.518 , 147.42 , 133.90
4042 , 20184 , 43.70 , -74.5 , 3 , 14.95 , 15.267 , 3.494 , 148.50 , 132.82
4052 , 20236 , 43.31 , -75.0 , 3 , 14.90 , 15.294 , 3.531 , 149.58 , 131.74
4062 , 20285 , 42.94 , -75.2 , 3 , 14.84 , 15.171 , 3.533 , 150.61 , 130.72
4072 , 20337 , 42.56 , -75.0 , 3 , 14.79 , 14.796 , 3.476 , 151.66 , 129.66
4082 , 20388 , 42.19 , -74.6 , 3 , 14.74 , 14.834 , 3.516 , 152.69 , 128.64
4092 , 20439 , 41.82 , -74.2 , 3 , 14.69 , 14.856 , 3.552 , 153.72 , 127.61
4102 , 20492 , 41.44 , -74.1 , 3 , 14.63 , 15.156 , 3.657 , 154.80 , 126.53
4112 , 20544 , 41.07 , -74.4 , 4 , 14.58 , 14.770 , 3.596 , 155.84 , 125.48
4122 , 20594 , 40.72 , -74.7 , 4 , 14.52 , 14.550 , 3.573 , 156.85 , 124.47
4132 , 20645 , 40.36 , -74.6 , 4 , 14.47 , 14.402 , 3.568 , 157.85 , 123.48
4142 , 20695 , 40.02 , -74.6 , 4 , 14.41 , 14.923 , 3.729 , 158.85 , 122.48
4152 , 20745 , 39.68 , -74.9 , 4 , 14.36 , 14.899 , 3.755 , 159.85 , 121.48
4162 , 20793 , 39.35 , -75.1 , 4 , 14.31 , 14.594 , 3.709 , 160.82 , 120.50
4172 , 20842 , 39.01 , -75.3 , 4 , 14.27 , 14.753 , 3.781 , 161.81 , 119.52
4182 , 20890 , 38.69 , -75.6 , 4 , 14.21 , 14.363 , 3.712 , 162.76 , 118.57
4192 , 20937 , 38.38 , -75.8 , 4 , 14.16 , 14.903 , 3.883 , 163.69 , 117.63
4202 , 20985 , 38.06 , -75.7 , 4 , 14.11 , 14.517 , 3.814 , 164.66 , 116.66
4211 , 21031 , 37.76 , -75.7 , 4 , 14.06 , 14.100 , 3.733 , 165.54 , 115.78
4221 , 21077 , 37.46 , -76.1 , 4 , 14.01 , 14.137 , 3.773 , 166.43 , 114.89
4231 , 21124 , 37.16 , -76.4 , 4 , 13.96 , 14.141 , 3.806 , 167.35 , 113.97
4241 , 21172 , 36.85 , -76.4 , 4 , 13.91 , 14.077 , 3.820 , 168.28 , 113.05
4251 , 21218 , 36.56 , -76.5 , 4 , 13.86 , 14.283 , 3.907 , 169.17 , 112.16
4261 , 21265 , 36.26 , -76.9 , 4 , 13.81 , 14.803 , 4.082 , 170.11 , 111.22
4271 , 21313 , 35.96 , -77.0 , 4 , 13.76 , 14.091 , 3.918 , 171.06 , 110.27
4281 , 21359 , 35.67 , -77.0 , 4 , 13.71 , 13.520 , 3.790 , 171.93 , 109.39
4291 , 21405 , 35.39 , -77.2 , 4 , 13.66 , 13.974 , 3.949 , 172.80 , 108.52
4301 , 21451 , 35.10 , -77.4 , 4 , 13.61 , 13.882 , 3.955 , 173.69 , 107.63
4311 , 21498 , 34.82 , -77.4 , 4 , 13.56 , 13.833 , 3.973 , 174.58 , 106.74
4321 , 21545 , 34.53 , -77.4 , 4 , 13.51 , 13.385 , 3.876 , 175.47 , 105.86
4331 , 21591 , 34.26 , -77.6 , 4 , 13.46 , 13.848 , 4.043 , 176.33 , 104.99
4341 , 21639 , 33.97 , -77.5 , 4 , 13.41 , 13.565 , 3.993 , 177.23 , 104.10
4351 , 21686 , 33.69 , -77.3 , 4 , 13.36 , 13.255 , 3.934 , 178.11 , 103.22
4361 , 21733 , 33.42 , -77.1 , 4 , 13.31 , 13.372 , 4.001 , 178.96 , 102.36
4371 , 21781 , 33.14 , -77.2 , 4 , 13.25 , 12.569 , 3.793 , 179.81 , 101.51
4381 , 21826 , 32.88 , -77.3 , 4 , 13.20 , 12.731 , 3.872 , 180.61 , 100.71
4391 , 21874 , 32.61 , -76.9 , 4 , 13.15 , 13.214 , 4.052 , 181.45 , 99.87
4401 , 21923 , 32.33 , -76.6 , 4 , 13.11 , 13.129 , 4.061 , 182.35 , 98.97
4411 , 21972 , 32.06 , -76.7 , 4 , 13.06 , 12.722 , 3.969 , 183.21 , 98.11
4421 , 22022 , 31.78 , -77.0 , 4 , 13.01 , 13.491 , 4.245 , 184.11 , 97.21
4431 , 22072 , 31.50 , -77.2 , 4 , 12.96 , 13.169 , 4.181 , 185.03 , 96.29
4441 , 22123 , 31.22 , -77.5 , 4 , 12.91 , 12.424 , 3.979 , 185.93 , 95.39
4451 , 22173 , 30.95 , -77.6 , 4 , 12.86 , 12.610 , 4.074 , 186.79 , 94.53
4461 , 22224 , 30.68 , -77.5 , 4 , 12.81 , 12.917 , 4.210 , 187.69 , 93.64
4471 , 22273 , 30.42 , -77.3 , 4 , 12.76 , 12.475 , 4.101 , 188.54 , 92.78
4481 , 22321 , 30.16 , -77.0 , 4 , 12.71 , 12.381 , 4.105 , 189.36 , 91.96
4491 , 22370 , 29.90 , -77.0 , 4 , 12.66 , 12.394 , 4.145 , 190.21 , 91.12
4501 , 22418 , 29.66 , -77.2 , 4 , 12.60 , 12.311 , 4.151 , 191.02 , 90.30
4511 , 22469 , 29.39 , -77.2 , 4 , 12.56 , 12.250 , 4.168 , 191.88 , 89.44
4520 , 22516 , 29.15 , -77.0 , 4 , 12.51 , 12.168 , 4.174 , 192.67 , 88.65
4530 , 22562 , 28.92 , -77.3 , 4 , 12.47 , 12.052 , 4.167 , 193.44 , 87.88
4540 , 22611 , 28.67 , -77.7 , 4 , 12.42 , 11.951 , 4.168 , 194.25 , 87.07
4550 , 22661 , 28.42 , -77.7 , 4 , 12.37 , 11.800 , 4.151 , 195.07 , 86.26
4560 , 22708 , 28.19 , -77.8 , 4 , 12.33 , 11.706 , 4.152 , 195.83 , 85.49
4570 , 22755 , 27.96 , -77.7 , 4 , 12.28 , 11.680 , 4.177 , 196.58 , 84.74
4580 , 22802 , 27.73 , -77.7 , 4 , 12.23 , 11.577 , 4.174 , 197.33 , 83.99
4590 , 22848 , 27.51 , -77.6 , 4 , 12.18 , 11.480 , 4.173 , 198.07 , 83.25
4600 , 22895 , 27.29 , -77.5 , 4 , 12.14 , 11.301 , 4.142 , 198.81 , 82.51
4610 , 22942 , 27.06 , -77.5 , 4 , 12.09 , 11.243 , 4.154 , 199.54 , 81.78
4620 , 22987 , 26.85 , -77.4 , 4 , 12.04 , 11.209 , 4.175 , 200.24 , 81.08
4630 , 23033 , 26.64 , -77.5 , 4 , 11.99 , 11.216 , 4.211 , 200.94 , 80.38
4640 , 23078 , 26.43 , -77.6 , 4 , 11.95 , 11.139 , 4.215 , 201.63 , 79.69
4650 , 23125 , 26.21 , -77.5 , 4 , 11.91 , 11.081 , 4.228 , 202.36 , 78.96
4660 , 23173 , 25.99 , -77.1 , 4 , 11.86 , 11.002 , 4.232 , 203.08 , 78.24
4670 , 23219 , 25.79 , -76.9 , 4 , 11.82 , 11.002 , 4.266 , 203.78 , 77.54
4680 , 23268 , 25.57 , -77.0 , 4 , 11.78 , 11.016 , 4.309 , 204.52 , 76.80
4690 , 23318 , 25.35 , -76.9 , 4 , 11.73 , 10.945 , 4.318 , 205.28 , 76.05
4700 , 23367 , 25.13 , -76.3 , 4 , 11.69 , 10.817 , 4.304 , 206.01 , 75.32
4710 , 23416 , 24.92 , -76.2 , 4 , 11.64 , 10.696 , 4.292 , 206.73 , 74.59
4720 , 23468 , 24.70 , -76.6 , 4 , 11.60 , 10.542 , 4.269 , 207.48 , 73.84
4730 , 23519 , 24.48 , -76.9 , 4 , 11.56 , 10.409 , 4.253 , 208.22 , 73.10
4740 , 23571 , 24.25 , -77.1 , 4 , 11.52 , 10.212 , 4.210 , 208.96 , 72.36
4750 , 23624 , 24.03 , -77.0 , 4 , 11.48 , 10.121 , 4.212 , 209.71 , 71.62
4760 , 23675 , 23.82 , -77.1 , 4 , 11.44 , 9.982 , 4.191 , 210.41 , 70.91
4770 , 23726 , 23.61 , -77.4 , 4 , 11.40 , 9.844 , 4.170 , 211.10 , 70.23
4780 , 23776 , 23.40 , -77.5 , 4 , 11.35 , 9.767 , 4.173 , 211.78 , 69.54
4790 , 23827 , 23.20 , -77.8 , 4 , 11.31 , 9.703 , 4.183 , 212.46 , 68.86
4800 , 23877 , 22.99 , -77.9 , 4 , 11.28 , 9.599 , 4.175 , 213.13 , 68.20
4810 , 23925 , 22.80 , -78.0 , 4 , 11.23 , 9.562 , 4.194 , 213.77 , 67.56
4820 , 23972 , 22.61 , -77.9 , 4 , 11.19 , 9.507 , 4.204 , 214.38 , 66.94
4829 , 24018 , 22.43 , -78.0 , 4 , 11.16 , 9.402 , 4.191 , 214.98 , 66.34
4838 , 24062 , 22.26 , -77.7 , 4 , 11.12 , 9.303 , 4.179 , 215.55 , 65.78
4847 , 24105 , 22.09 , -77.5 , 4 , 11.08 , 9.229 , 4.177 , 216.10 , 65.23
4856 , 24149 , 21.92 , -77.7 , 4 , 11.04 , 9.104 , 4.153 , 216.66 , 64.66
4866 , 24194 , 21.75 , -77.6 , 4 , 11.00 , 8.985 , 4.131 , 217.22 , 64.10
4876 , 24243 , 21.57 , -77.6 , 4 , 10.96 , 8.876 , 4.115 , 217.82 , 63.50
4886 , 24292 , 21.38 , -77.8 , 4 , 10.93 , 8.707 , 4.072 , 218.42 , 62.90
4896 , 24341 , 21.20 , -77.7 , 4 , 10.89 , 8.559 , 4.037 , 219.00 , 62.32
4906 , 24392 , 21.01 , -77.4 , 4 , 10.84 , 8.365 , 3.980 , 219.59 , 61.73
4916 , 24441 , 20.84 , -77.2 , 4 , 10.81 , 8.236 , 3.953 , 220.15 , 61.17
4926 , 24493 , 20.65 , -76.9 , 4 , 10.77 , 8.100 , 3.924 , 220.74 , 60.58
4936 , 24544 , 20.47 , -76.8 , 4 , 10.72 , 7.983 , 3.901 , 221.30 , 60.03
4946 , 24594 , 20.29 , -76.4 , 4 , 10.69 , 7.909 , 3.899 , 221.85 , 59.48
4956 , 24645 , 20.11 , -76.4 , 4 , 10.65 , 7.847 , 3.903 , 222.40 , 58.92
4966 , 24700 , 19.92 , -76.4 , 4 , 10.61 , 7.802 , 3.917 , 222.98 , 58.34
4976 , 24752 , 19.74 , -76.5 , 4 , 10.56 , 7.776 , 3.940 , 223.54 , 57.78
4986 , 24805 , 19.56 , -76.4 , 4 , 10.53 , 7.717 , 3.946 , 224.11 , 57.22
4996 , 24858 , 19.38 , -76.2 , 4 , 10.49 , 7.662 , 3.954 , 224.67 , 56.66
5006 , 24909 , 19.21 , -76.3 , 4 , 10.45 , 7.610 , 3.962 , 225.19 , 56.13
5016 , 24959 , 19.04 , -76.3 , 4 , 10.41 , 7.572 , 3.977 , 225.72 , 55.60
5026 , 25010 , 18.87 , -76.6 , 4 , 10.37 , 7.527 , 3.988 , 226.24 , 55.08
5036 , 25061 , 18.71 , -76.8 , 4 , 10.33 , 7.470 , 3.993 , 226.77 , 54.55
5046 , 25114 , 18.54 , -76.8 , 4 , 10.29 , 7.410 , 3.998 , 227.31 , 54.01
5056 , 25165 , 18.37 , -76.5 , 4 , 10.25 , 7.358 , 4.005 , 227.82 , 53.50
5066 , 25215 , 18.21 , -76.6 , 4 , 10.21 , 7.318 , 4.018 , 228.33 , 53.00
5076 , 25266 , 18.05 , -76.7 , 4 , 10.18 , 7.253 , 4.017 , 228.84 , 52.49
5086 , 25316 , 17.90 , -76.8 , 4 , 10.12 , 7.321 , 4.091 , 229.34 , 51.98
5096 , 25366 , 17.74 , -76.9 , 4 , 10.03 , 7.298 , 4.114 , 229.84 , 51.48
5106 , 25419 , 17.58 , -76.6 , 4 , 9.97 , 7.286 , 4.145 , 230.37 , 50.95
5116 , 25474 , 17.41 , -76.4 , 4 , 9.92 , 7.266 , 4.173 , 230.92 , 50.40
5126 , 25527 , 17.25 , -76.5 , 4 , 9.86 , 7.139 , 4.138 , 231.44 , 49.88
5135 , 25580 , 17.09 , -76.6 , 4 , 9.82 , 7.010 , 4.101 , 231.96 , 49.37
5144 , 25628 , 16.95 , -76.7 , 4 , 9.79 , 6.947 , 4.098 , 232.42 , 48.91
5153 , 25679 , 16.80 , -76.7 , 4 , 9.75 , 6.964 , 4.145 , 232.90 , 48.42
5162 , 25733 , 16.64 , -76.7 , 4 , 9.72 , 6.921 , 4.159 , 233.42 , 47.90
5172 , 25790 , 16.48 , -76.8 , 4 , 9.68 , 6.833 , 4.146 , 233.96 , 47.37
5182 , 25849 , 16.31 , -77.1 , 4 , 9.64 , 6.736 , 4.129 , 234.51 , 46.82
5192 , 25911 , 16.14 , -77.3 , 4 , 9.60 , 6.652 , 4.122 , 235.08 , 46.24
5202 , 25971 , 15.97 , -77.3 , 4 , 9.56 , 6.540 , 4.096 , 235.62 , 45.70
5212 , 26033 , 15.80 , -77.5 , 4 , 9.53 , 6.405 , 4.055 , 236.18 , 45.14
5222 , 26097 , 15.62 , -77.7 , 4 , 9.49 , 6.321 , 4.047 , 236.74 , 44.59
5232 , 26160 , 15.45 , -78.0 , 4 , 9.46 , 6.207 , 4.018 , 237.28 , 44.04
5242 , 26223 , 15.28 , -77.6 , 3 , 9.45 , 6.110 , 3.999 , 237.82 , 43.50
5252 , 26282 , 15.12 , -77.4 , 3 , 9.45 , 6.035 , 3.991 , 238.31 , 43.01
5262 , 26341 , 14.97 , -77.5 , 3 , 9.43 , 5.962 , 3.983 , 238.80 , 42.52
5272 , 26397 , 14.82 , -77.9 , 4 , 9.40 , 5.880 , 3.967 , 239.26 , 42.07
5282 , 26451 , 14.68 , -78.3 , 4 , 9.37 , 5.837 , 3.976 , 239.70 , 41.63
5292 , 26502 , 14.55 , -78.5 , 3 , 9.34 , 5.768 , 3.964 , 240.10 , 41.22
5302 , 26554 , 14.42 , -78.0 , 3 , 9.31 , 5.742 , 3.982 , 240.52 , 40.81
5312 , 26605 , 14.29 , -78.0 , 3 , 9.28 , 5.604 , 3.921 , 240.92 , 40.40
5322 , 26656 , 14.17 , -77.8 , 3 , 9.24 , 5.524 , 3.899 , 241.31 , 40.01
5332 , 26704 , 14.05 , -77.9 , 3 , 9.21 , 5.502 , 3.917 , 241.68 , 39.65
5342 , 26750 , 13.94 , -77.7 , 3 , 9.17 , 5.468 , 3.924 , 242.02 , 39.30
5352 , 26796 , 13.82 , -77.4 , 3 , 9.14 , 5.429 , 3.928 , 242.37 , 38.95
5362 , 26843 , 13.71 , -76.8 , 3 , 9.11 , 5.399 , 3.938 , 242.72 , 38.60
5372 , 26892 , 13.59 , -76.4 , 3 , 9.07 , 5.349 , 3.935 , 243.08 , 38.24
5382 , 26940 , 13.48 , -76.3 , 3 , 9.04 , 5.309 , 3.938 , 243.43 , 37.89
5392 , 26990 , 13.36 , -76.1 , 3 , 9.01 , 5.289 , 3.957 , 243.79 , 37.53
5402 , 27038 , 13.25 , -75.8 , 3 , 8.97 , 5.214 , 3.934 , 244.14 , 37.19
5412 , 27091 , 13.13 , -75.7 , 3 , 8.94 , 5.124 , 3.901 , 244.51 , 36.81
5422 , 27144 , 13.01 , -75.9 , 3 , 8.91 , 5.070 , 3.896 , 244.88 , 36.44
5432 , 27195 , 12.90 , -76.0 , 3 , 8.87 , 5.018 , 3.890 , 245.23 , 36.09
5441 , 27247 , 12.78 , -75.9 , 3 , 8.84 , 4.957 , 3.878 , 245.59 , 35.74
5450 , 27294 , 12.68 , -75.6 , 3 , 8.82 , 4.912 , 3.874 , 245.90 , 35.42
5459 , 27344 , 12.57 , -75.5 , 3 , 8.79 , 4.865 , 3.871 , 246.24 , 35.08
5469 , 27399 , 12.45 , -75.6 , 3 , 8.76 , 4.822 , 3.872 , 246.60 , 34.72
5479 , 27452 , 12.34 , -75.8 , 3 , 8.73 , 4.762 , 3.860 , 246.95 , 34.37
5489 , 27509 , 12.22 , -75.6 , 3 , 8.70 , 4.722 , 3.865 , 247.32 , 34.00
5499 , 27565 , 12.10 , -76.0 , 3 , 8.67 , 4.685 , 3.872 , 247.68 , 33.65
5509 , 27622 , 11.98 , -76.2 , 3 , 8.65 , 4.617 , 3.854 , 248.04 , 33.29
5519 , 27678 , 11.86 , -76.3 , 3 , 8.62 , 4.555 , 3.840 , 248.39 , 32.93
5529 , 27735 , 11.75 , -76.4 , 3 , 8.59 , 4.503 , 3.833 , 248.75 , 32.58
5539 , 27790 , 11.64 , -76.3 , 3 , 8.57 , 4.471 , 3.842 , 249.08 , 32.24
5549 , 27843 , 11.53 , -76.2 , 3 , 8.55 , 4.465 , 3.873 , 249.41 , 31.91
5559 , 27898 , 11.42 , -76.2 , 3 , 8.52 , 4.409 , 3.860 , 249.74 , 31.58
5568 , 27949 , 11.32 , -76.0 , 3 , 8.50 , 4.365 , 3.857 , 250.05 , 31.28
5578 , 28001 , 11.22 , -76.2 , 3 , 8.48 , 4.313 , 3.845 , 250.36 , 30.96
5588 , 28054 , 11.11 , -76.1 , 3 , 8.46 , 4.249 , 3.823 , 250.67 , 30.66
5598 , 28104 , 11.02 , -76.1 , 3 , 8.44 , 4.221 , 3.831 , 250.96 , 30.37
5608 , 28158 , 10.92 , -76.2 , 3 , 8.42 , 4.176 , 3.825 , 251.27 , 30.06
5618 , 28212 , 10.81 , -76.2 , 3 , 8.40 , 4.115 , 3.805 , 251.57 , 29.75
5628 , 28266 , 10.71 , -76.4 , 3 , 8.37 , 4.026 , 3.759 , 251.88 , 29.45
5638 , 28316 , 10.62 , -76.7 , 3 , 8.35 , 3.946 , 3.715 , 252.15 , 29.17
5648 , 28372 , 10.52 , -76.7 , 3 , 8.32 , 3.869 , 3.678 , 252.45 , 28.88
5658 , 28428 , 10.42 , -76.9 , 3 , 8.28 , 3.871 , 3.717 , 252.75 , 28.58
5668 , 28482 , 10.32 , -77.1 , 3 , 8.21 , 3.768 , 3.652 , 253.03 , 28.29
5678 , 28537 , 10.22 , -77.3 , 3 , 8.17 , 3.681 , 3.602 , 253.31 , 28.01
5688 , 28591 , 10.12 , -77.5 , 3 , 8.12 , 3.613 , 3.568 , 253.58 , 27.74
5698 , 28649 , 10.02 , -77.6 , 3 , 8.09 , 3.550 , 3.543 , 253.87 , 27.45
5708 , 28707 , 9.92 , -77.5 , 3 , 8.05 , 3.501 , 3.529 , 254.15 , 27.17
5718 , 28763 , 9.82 , -77.4 , 3 , 8.02 , 3.456 , 3.518 , 254.42 , 26.91
5728 , 28821 , 9.72 , -77.4 , 3 , 8.03 , 3.444 , 3.542 , 254.70 , 26.63
5738 , 28879 , 9.63 , -77.4 , 3 , 8.03 , 3.445 , 3.579 , 254.97 , 26.36
5747 , 28936 , 9.53 , -77.4 , 3 , 8.02 , 3.425 , 3.593 , 255.24 , 26.08
5756 , 28986 , 9.45 , -77.7 , 3 , 8.00 , 3.404 , 3.602 , 255.48 , 25.85
5766 , 29041 , 9.36 , -77.8 , 3 , 7.98 , 3.343 , 3.572 , 255.73 , 25.59
5776 , 29097 , 9.27 , -77.3 , 3 , 7.95 , 3.344 , 3.608 , 255.99 , 25.34
5786 , 29155 , 9.17 , -77.3 , 3 , 7.92 , 3.345 , 3.647 , 256.26 , 25.07
5796 , 29212 , 9.08 , -77.6 , 3 , 7.89 , 3.324 , 3.659 , 256.52 , 24.81
5806 , 29270 , 8.99 , -78.0 , 3 , 7.85 , 3.299 , 3.669 , 256.78 , 24.54
5816 , 29326 , 8.90 , -78.3 , 3 , 7.82 , 3.264 , 3.666 , 257.04 , 24.29
5826 , 29380 , 8.82 , -78.6 , 3 , 7.79 , 3.235 , 3.667 , 257.28 , 24.05
5836 , 29433 , 8.74 , -78.7 , 3 , 7.75 , 3.194 , 3.655 , 257.51 , 23.81
5846 , 29485 , 8.66 , -79.0 , 3 , 7.72 , 3.165 , 3.656 , 257.74 , 23.58
5856 , 29533 , 8.59 , -79.2 , 3 , 7.69 , 3.143 , 3.661 , 257.96 , 23.37
5866 , 29583 , 8.51 , -79.3 , 3 , 7.65 , 3.114 , 3.659 , 258.17 , 23.15
5876 , 29629 , 8.44 , -79.1 , 3 , 7.62 , 3.089 , 3.659 , 258.37 , 22.95
5886 , 29678 , 8.37 , -78.8 , 3 , 7.59 , 3.064 , 3.661 , 258.58 , 22.74
5896 , 29725 , 8.30 , -78.6 , 3 , 7.55 , 3.049 , 3.673 , 258.78 , 22.54
5905 , 29771 , 8.23 , -78.4 , 2 , 7.52 , 3.007 , 3.652 , 258.97 , 22.35
5916 , 29815 , 8.17 , -78.1 , 2 , 7.48 , 2.956 , 3.618 , 259.15 , 22.17
5926 , 29867 , 8.10 , -78.0 , 2 , 7.45 , 2.909 , 3.592 , 259.37 , 21.96
5936 , 29912 , 8.03 , -77.9 , 2 , 7.41 , 2.859 , 3.559 , 259.54 , 21.78
5946 , 29961 , 7.96 , -78.0 , 3 , 7.37 , 2.819 , 3.539 , 259.74 , 21.59
5956 , 30010 , 7.90 , -77.7 , 2 , 7.33 , 2.764 , 3.500 , 259.93 , 21.40
5966 , 30061 , 7.83 , -77.4 , 2 , 7.30 , 2.749 , 3.513 , 260.12 , 21.20
5976 , 30116 , 7.75 , -77.5 , 2 , 7.25 , 2.747 , 3.544 , 260.33 , 21.00
5986 , 30171 , 7.68 , -77.7 , 3 , 7.20 , 2.680 , 3.491 , 260.53 , 20.79
5996 , 30228 , 7.60 , -77.4 , 2 , 7.15 , 2.642 , 3.476 , 260.74 , 20.58
6006 , 30284 , 7.53 , -77.0 , 2 , 7.12 , 2.597 , 3.450 , 260.94 , 20.38
6016 , 30342 , 7.45 , -77.1 , 2 , 7.10 , 2.562 , 3.438 , 261.15 , 20.18
6026 , 30405 , 7.37 , -77.5 , 3 , 7.07 , 2.538 , 3.443 , 261.37 , 19.95
6036 , 30464 , 7.30 , -77.7 , 3 , 7.04 , 2.505 , 3.434 , 261.58 , 19.75
6046 , 30527 , 7.21 , -78.0 , 3 , 7.00 , 2.489 , 3.450 , 261.79 , 19.53
6056 , 30588 , 7.14 , -78.4 , 3 , 6.97 , 2.467 , 3.456 , 262.00 , 19.32
6066 , 30647 , 7.06 , -78.7 , 3 , 6.94 , 2.400 , 3.397 , 262.20 , 19.12
6076 , 30709 , 6.99 , -78.9 , 3 , 6.91 , 2.377 , 3.401 , 262.41 , 18.92
6085 , 30761 , 6.93 , -79.1 , 3 , 6.88 , 2.375 , 3.430 , 262.58 , 18.75
