# ------------------------------------------------------------
#
# Flight name: V0607
# Station: Davis
# Launch Date: 01 June 2007
# Launch Time: 11:43:17
# 
# This file created: Thu Jun 28 17:10:46 2007
# 
# 
# ------------------------------------------------------------
# DATA COLUMNS
# Time (s)
# Height (m)
# Atmospheric Pressure (hPa)
# Atmospheric Temperature (°C)
# Relative Humidity (%)
# Box Temperature (°C)
# Ozone Partial Pressure (mPa)
# Ozone Mixing Ratio (ppmV)
# Accumulated Ozone to this Height (Dobson Units)
# Remaining Ozone above this Height (Dobson Units)
# 
# ------------------------------------------------------------
# 
# Integrated Ozone = 290.7 DU
# Extrapolated Ozone =  40.2 DU
# 
# Total Ozone = 331.0 DU
# 
# 
# ------------------------------------------------------------
0 , 18 , 985.20 , -10.1 , 33 , 39.20 , 2.961 , 0.030 , 0.00 , 330.97
10 , 56 , 980.35 , -10.1 , 34 , 39.22 , 3.161 , 0.032 , 0.12 , 330.85
20 , 103 , 974.38 , -10.3 , 34 , 39.22 , 3.316 , 0.034 , 0.28 , 330.70
30 , 154 , 967.94 , -10.6 , 34 , 39.23 , 3.369 , 0.035 , 0.45 , 330.52
40 , 208 , 961.13 , -10.9 , 34 , 39.23 , 3.435 , 0.036 , 0.64 , 330.33
50 , 260 , 954.62 , -11.2 , 34 , 39.25 , 3.433 , 0.036 , 0.82 , 330.15
60 , 307 , 948.79 , -11.3 , 34 , 39.26 , 3.434 , 0.036 , 0.99 , 329.98
69 , 353 , 943.09 , -10.8 , 31 , 39.26 , 3.433 , 0.036 , 1.15 , 329.82
79 , 394 , 938.10 , -11.6 , 32 , 39.27 , 3.425 , 0.037 , 1.30 , 329.68
89 , 442 , 932.24 , -11.8 , 33 , 39.27 , 3.433 , 0.037 , 1.47 , 329.51
99 , 503 , 924.88 , -11.7 , 32 , 39.28 , 3.418 , 0.037 , 1.68 , 329.29
109 , 562 , 917.75 , -11.7 , 31 , 39.29 , 3.386 , 0.037 , 1.89 , 329.09
119 , 613 , 911.66 , -12.0 , 32 , 39.28 , 3.322 , 0.036 , 2.06 , 328.91
129 , 662 , 905.84 , -12.3 , 33 , 39.27 , 3.283 , 0.036 , 2.23 , 328.74
139 , 706 , 900.63 , -12.6 , 34 , 39.26 , 3.299 , 0.037 , 2.38 , 328.59
149 , 748 , 895.59 , -13.1 , 34 , 39.25 , 3.278 , 0.037 , 2.53 , 328.45
159 , 786 , 891.16 , -13.5 , 35 , 39.25 , 3.263 , 0.037 , 2.66 , 328.32
169 , 827 , 886.36 , -13.8 , 37 , 39.24 , 3.257 , 0.037 , 2.79 , 328.18
179 , 869 , 881.51 , -14.2 , 38 , 39.23 , 3.230 , 0.037 , 2.93 , 328.04
189 , 914 , 876.26 , -14.7 , 39 , 39.23 , 3.202 , 0.037 , 3.09 , 327.89
199 , 958 , 871.23 , -15.1 , 40 , 39.21 , 3.181 , 0.037 , 3.23 , 327.74
209 , 1000 , 866.40 , -15.5 , 41 , 39.21 , 3.179 , 0.037 , 3.37 , 327.60
219 , 1048 , 860.85 , -15.9 , 43 , 39.21 , 3.155 , 0.037 , 3.53 , 327.44
229 , 1091 , 855.99 , -16.4 , 44 , 39.20 , 3.141 , 0.037 , 3.67 , 327.30
239 , 1136 , 850.83 , -16.8 , 45 , 39.19 , 3.132 , 0.037 , 3.82 , 327.15
248 , 1179 , 845.95 , -17.2 , 47 , 39.17 , 3.100 , 0.037 , 3.96 , 327.01
258 , 1223 , 841.03 , -17.6 , 48 , 39.16 , 3.092 , 0.037 , 4.11 , 326.87
268 , 1272 , 835.49 , -18.1 , 49 , 39.14 , 3.042 , 0.036 , 4.27 , 326.71
278 , 1325 , 829.60 , -18.6 , 51 , 39.13 , 3.064 , 0.037 , 4.44 , 326.54
288 , 1379 , 823.56 , -19.1 , 53 , 39.11 , 3.081 , 0.037 , 4.61 , 326.36
298 , 1433 , 817.70 , -19.6 , 55 , 39.10 , 3.037 , 0.037 , 4.79 , 326.19
308 , 1485 , 811.99 , -20.0 , 56 , 39.08 , 2.999 , 0.037 , 4.95 , 326.02
318 , 1539 , 806.02 , -20.2 , 57 , 39.06 , 2.963 , 0.037 , 5.13 , 325.85
328 , 1590 , 800.51 , -20.3 , 57 , 39.05 , 2.938 , 0.037 , 5.29 , 325.69
338 , 1643 , 794.80 , -20.5 , 57 , 39.03 , 2.896 , 0.036 , 5.45 , 325.52
348 , 1688 , 790.03 , -20.1 , 55 , 39.00 , 2.907 , 0.037 , 5.59 , 325.39
358 , 1735 , 785.04 , -19.9 , 53 , 38.98 , 2.913 , 0.037 , 5.73 , 325.24
368 , 1781 , 780.17 , -18.5 , 50 , 38.95 , 2.896 , 0.037 , 5.88 , 325.10
378 , 1826 , 775.46 , -17.5 , 45 , 38.93 , 2.901 , 0.037 , 6.01 , 324.96
388 , 1867 , 771.19 , -17.3 , 43 , 38.90 , 2.897 , 0.038 , 6.14 , 324.83
398 , 1907 , 767.17 , -16.7 , 42 , 38.88 , 2.905 , 0.038 , 6.26 , 324.71
408 , 1941 , 763.67 , -16.2 , 37 , 38.86 , 2.905 , 0.038 , 6.37 , 324.61
418 , 1977 , 760.06 , -15.7 , 22 , 38.83 , 2.926 , 0.039 , 6.47 , 324.50
428 , 2007 , 756.98 , -15.4 , 11 , 38.81 , 2.945 , 0.039 , 6.57 , 324.41
438 , 2033 , 754.40 , -15.5 , 9 , 38.78 , 2.973 , 0.039 , 6.65 , 324.33
448 , 2069 , 750.84 , -15.8 , 9 , 38.75 , 2.999 , 0.040 , 6.76 , 324.21
458 , 2105 , 747.24 , -16.2 , 10 , 38.72 , 3.014 , 0.040 , 6.87 , 324.10
468 , 2150 , 742.81 , -16.5 , 10 , 38.69 , 2.990 , 0.040 , 7.02 , 323.96
478 , 2191 , 738.71 , -16.8 , 10 , 38.66 , 2.972 , 0.040 , 7.15 , 323.83
488 , 2236 , 734.35 , -16.8 , 11 , 38.63 , 2.910 , 0.040 , 7.28 , 323.69
498 , 2276 , 730.36 , -17.1 , 12 , 38.60 , 2.966 , 0.041 , 7.41 , 323.57
508 , 2323 , 725.81 , -17.4 , 12 , 38.57 , 2.923 , 0.040 , 7.55 , 323.42
518 , 2368 , 721.49 , -17.8 , 12 , 38.53 , 2.900 , 0.040 , 7.69 , 323.28
528 , 2417 , 716.81 , -18.0 , 11 , 38.50 , 2.891 , 0.040 , 7.84 , 323.13
538 , 2469 , 711.84 , -18.0 , 7 , 38.45 , 2.889 , 0.041 , 8.00 , 322.98
548 , 2529 , 706.14 , -18.1 , 6 , 38.40 , 2.887 , 0.041 , 8.18 , 322.79
557 , 2584 , 700.90 , -18.4 , 6 , 38.37 , 2.830 , 0.040 , 8.35 , 322.62
567 , 2635 , 696.10 , -18.7 , 5 , 38.34 , 2.782 , 0.040 , 8.50 , 322.47
577 , 2687 , 691.32 , -18.9 , 5 , 38.31 , 2.753 , 0.040 , 8.65 , 322.32
587 , 2736 , 686.73 , -19.2 , 6 , 38.27 , 2.773 , 0.040 , 8.80 , 322.18
597 , 2789 , 681.85 , -19.4 , 5 , 38.23 , 2.741 , 0.040 , 8.95 , 322.02
607 , 2841 , 677.07 , -19.9 , 5 , 38.18 , 2.655 , 0.039 , 9.10 , 321.87
617 , 2891 , 672.58 , -20.2 , 5 , 38.15 , 2.606 , 0.039 , 9.24 , 321.73
627 , 2939 , 668.18 , -20.6 , 5 , 38.12 , 2.540 , 0.038 , 9.37 , 321.60
637 , 2983 , 664.27 , -20.8 , 5 , 38.08 , 2.501 , 0.038 , 9.49 , 321.48
647 , 3022 , 660.70 , -20.9 , 5 , 38.05 , 2.477 , 0.037 , 9.60 , 321.38
657 , 3058 , 657.49 , -21.1 , 5 , 38.01 , 2.500 , 0.038 , 9.69 , 321.28
667 , 3093 , 654.44 , -21.3 , 4 , 37.97 , 2.521 , 0.039 , 9.78 , 321.19
677 , 3128 , 651.30 , -21.4 , 4 , 37.94 , 2.510 , 0.039 , 9.88 , 321.09
687 , 3165 , 648.06 , -21.6 , 5 , 37.89 , 2.483 , 0.038 , 9.98 , 321.00
697 , 3198 , 645.13 , -21.7 , 6 , 37.85 , 2.389 , 0.037 , 10.07 , 320.91
707 , 3227 , 642.62 , -21.9 , 6 , 37.81 , 2.301 , 0.036 , 10.14 , 320.84
717 , 3264 , 639.42 , -21.9 , 6 , 37.78 , 2.268 , 0.035 , 10.23 , 320.75
727 , 3307 , 635.68 , -22.1 , 5 , 37.74 , 2.299 , 0.036 , 10.33 , 320.64
737 , 3345 , 632.35 , -22.1 , 3 , 37.70 , 2.362 , 0.037 , 10.43 , 320.54
747 , 3377 , 629.64 , -22.2 , 3 , 37.66 , 2.402 , 0.038 , 10.51 , 320.46
757 , 3411 , 626.76 , -22.4 , 3 , 37.62 , 2.401 , 0.038 , 10.60 , 320.38
767 , 3441 , 624.18 , -22.5 , 3 , 37.59 , 2.406 , 0.039 , 10.68 , 320.30
777 , 3469 , 621.80 , -22.7 , 4 , 37.55 , 2.389 , 0.038 , 10.75 , 320.23
787 , 3497 , 619.42 , -22.9 , 4 , 37.51 , 2.353 , 0.038 , 10.82 , 320.15
797 , 3523 , 617.24 , -23.0 , 4 , 37.46 , 2.308 , 0.037 , 10.89 , 320.09
807 , 3548 , 615.10 , -23.2 , 4 , 37.43 , 2.269 , 0.037 , 10.95 , 320.03
817 , 3573 , 613.02 , -23.3 , 4 , 37.39 , 2.258 , 0.037 , 11.01 , 319.97
827 , 3601 , 610.68 , -23.6 , 5 , 37.35 , 2.260 , 0.037 , 11.08 , 319.90
837 , 3641 , 607.31 , -23.9 , 5 , 37.30 , 2.231 , 0.037 , 11.17 , 319.80
847 , 3679 , 604.15 , -24.2 , 6 , 37.26 , 2.217 , 0.037 , 11.27 , 319.71
856 , 3712 , 601.43 , -24.4 , 5 , 37.22 , 2.228 , 0.037 , 11.34 , 319.63
866 , 3754 , 598.01 , -24.6 , 5 , 37.18 , 2.195 , 0.037 , 11.44 , 319.53
876 , 3801 , 594.14 , -24.9 , 5 , 37.14 , 2.182 , 0.037 , 11.56 , 319.42
886 , 3851 , 590.03 , -25.3 , 5 , 37.09 , 2.181 , 0.037 , 11.68 , 319.30
896 , 3892 , 586.69 , -25.5 , 5 , 37.05 , 2.151 , 0.037 , 11.77 , 319.20
906 , 3923 , 584.25 , -25.7 , 4 , 37.01 , 2.154 , 0.037 , 11.84 , 319.13
915 , 3952 , 581.90 , -25.8 , 4 , 36.97 , 2.141 , 0.037 , 11.91 , 319.06
925 , 3978 , 579.81 , -26.0 , 4 , 36.92 , 2.130 , 0.037 , 11.97 , 319.00
935 , 4005 , 577.68 , -26.2 , 4 , 36.88 , 2.131 , 0.037 , 12.03 , 318.94
945 , 4033 , 575.38 , -26.3 , 3 , 36.84 , 2.133 , 0.037 , 12.10 , 318.87
955 , 4061 , 573.19 , -26.4 , 3 , 36.79 , 2.162 , 0.038 , 12.17 , 318.81
965 , 4087 , 571.08 , -26.3 , 2 , 36.75 , 2.317 , 0.041 , 12.23 , 318.74
975 , 4114 , 568.97 , -26.3 , 2 , 36.71 , 2.448 , 0.043 , 12.30 , 318.67
985 , 4141 , 566.85 , -26.5 , 4 , 36.66 , 2.434 , 0.043 , 12.37 , 318.60
995 , 4168 , 564.78 , -26.6 , 7 , 36.62 , 2.364 , 0.042 , 12.44 , 318.53
1005 , 4194 , 562.68 , -26.8 , 10 , 36.58 , 2.277 , 0.040 , 12.51 , 318.46
1015 , 4225 , 560.32 , -26.9 , 12 , 36.53 , 2.231 , 0.040 , 12.59 , 318.39
1025 , 4259 , 557.69 , -27.0 , 12 , 36.48 , 2.219 , 0.040 , 12.67 , 318.31
1035 , 4300 , 554.53 , -27.2 , 12 , 36.44 , 2.160 , 0.039 , 12.77 , 318.21
1045 , 4341 , 551.38 , -27.3 , 12 , 36.39 , 2.139 , 0.039 , 12.86 , 318.11
1055 , 4381 , 548.27 , -27.6 , 12 , 36.35 , 2.120 , 0.039 , 12.96 , 318.02
1065 , 4412 , 545.94 , -27.6 , 12 , 36.31 , 2.135 , 0.039 , 13.03 , 317.94
1075 , 4446 , 543.35 , -27.8 , 13 , 36.26 , 2.134 , 0.039 , 13.11 , 317.86
1085 , 4488 , 540.16 , -28.1 , 13 , 36.22 , 2.091 , 0.039 , 13.21 , 317.77
1095 , 4526 , 537.34 , -28.3 , 14 , 36.18 , 2.080 , 0.039 , 13.29 , 317.68
1105 , 4570 , 534.03 , -28.7 , 14 , 36.13 , 2.071 , 0.039 , 13.40 , 317.58
1115 , 4618 , 530.47 , -29.1 , 15 , 36.08 , 2.082 , 0.039 , 13.50 , 317.47
1125 , 4659 , 527.45 , -29.4 , 15 , 36.04 , 2.064 , 0.039 , 13.60 , 317.38
1135 , 4690 , 525.13 , -29.6 , 15 , 36.00 , 2.061 , 0.039 , 13.67 , 317.30
1145 , 4719 , 522.98 , -29.8 , 15 , 35.96 , 2.042 , 0.039 , 13.74 , 317.24
1155 , 4748 , 520.85 , -30.0 , 15 , 35.91 , 2.027 , 0.039 , 13.80 , 317.17
1164 , 4776 , 518.84 , -30.1 , 14 , 35.86 , 2.019 , 0.039 , 13.86 , 317.11
1174 , 4803 , 516.90 , -30.2 , 14 , 35.82 , 2.005 , 0.039 , 13.92 , 317.05
1184 , 4833 , 514.72 , -30.4 , 14 , 35.77 , 1.981 , 0.038 , 13.99 , 316.98
1194 , 4864 , 512.49 , -30.6 , 14 , 35.73 , 1.967 , 0.038 , 14.06 , 316.92
1204 , 4894 , 510.28 , -30.9 , 14 , 35.68 , 1.962 , 0.038 , 14.12 , 316.85
1214 , 4922 , 508.26 , -31.2 , 15 , 35.64 , 1.949 , 0.038 , 14.19 , 316.79
1224 , 4961 , 505.51 , -31.4 , 15 , 35.59 , 1.921 , 0.038 , 14.27 , 316.71
1234 , 4996 , 502.99 , -31.6 , 15 , 35.54 , 1.918 , 0.038 , 14.34 , 316.63
1244 , 5027 , 500.81 , -31.7 , 15 , 35.50 , 1.907 , 0.038 , 14.41 , 316.56
1254 , 5059 , 498.56 , -31.8 , 15 , 35.45 , 1.895 , 0.038 , 14.48 , 316.50
1264 , 5096 , 495.95 , -32.0 , 16 , 35.40 , 1.871 , 0.038 , 14.56 , 316.42
1274 , 5126 , 493.79 , -32.1 , 16 , 35.35 , 1.887 , 0.038 , 14.62 , 316.35
1284 , 5153 , 491.93 , -32.1 , 14 , 35.31 , 1.915 , 0.039 , 14.68 , 316.30
1294 , 5181 , 489.98 , -32.2 , 14 , 35.26 , 1.912 , 0.039 , 14.74 , 316.24
1304 , 5207 , 488.18 , -32.3 , 14 , 35.21 , 1.899 , 0.039 , 14.79 , 316.18
1314 , 5238 , 486.06 , -32.5 , 14 , 35.17 , 1.885 , 0.039 , 14.86 , 316.12
1324 , 5268 , 483.97 , -32.6 , 14 , 35.12 , 1.886 , 0.039 , 14.92 , 316.05
1334 , 5291 , 482.39 , -32.6 , 13 , 35.07 , 1.897 , 0.039 , 14.97 , 316.00
1344 , 5316 , 480.69 , -32.6 , 11 , 35.02 , 1.882 , 0.039 , 15.02 , 315.95
1354 , 5351 , 478.28 , -32.8 , 11 , 34.97 , 1.858 , 0.039 , 15.10 , 315.88
1364 , 5383 , 476.10 , -33.0 , 10 , 34.93 , 1.827 , 0.038 , 15.16 , 315.81
1374 , 5408 , 474.45 , -33.2 , 10 , 34.88 , 1.798 , 0.038 , 15.21 , 315.76
1384 , 5445 , 471.93 , -33.4 , 10 , 34.83 , 1.769 , 0.037 , 15.29 , 315.69
1394 , 5476 , 469.85 , -33.7 , 10 , 34.78 , 1.732 , 0.037 , 15.35 , 315.63
1404 , 5514 , 467.34 , -34.0 , 10 , 34.73 , 1.703 , 0.036 , 15.42 , 315.55
1414 , 5543 , 465.37 , -34.2 , 11 , 34.69 , 1.682 , 0.036 , 15.48 , 315.50
1424 , 5565 , 463.93 , -34.4 , 11 , 34.64 , 1.678 , 0.036 , 15.52 , 315.46
1434 , 5593 , 462.04 , -34.6 , 11 , 34.59 , 1.679 , 0.036 , 15.57 , 315.40
1444 , 5626 , 459.87 , -34.8 , 10 , 34.54 , 1.656 , 0.036 , 15.63 , 315.34
1454 , 5660 , 457.68 , -35.0 , 10 , 34.49 , 1.642 , 0.036 , 15.70 , 315.28
1463 , 5688 , 455.79 , -35.2 , 10 , 34.44 , 1.635 , 0.036 , 15.75 , 315.22
1472 , 5711 , 454.32 , -35.4 , 10 , 34.40 , 1.637 , 0.036 , 15.79 , 315.18
1482 , 5739 , 452.51 , -35.6 , 10 , 34.35 , 1.633 , 0.036 , 15.84 , 315.13
1492 , 5767 , 450.68 , -35.8 , 10 , 34.30 , 1.633 , 0.036 , 15.90 , 315.08
1502 , 5806 , 448.13 , -36.2 , 10 , 34.26 , 1.613 , 0.036 , 15.97 , 315.01
1512 , 5844 , 445.72 , -36.5 , 10 , 34.22 , 1.596 , 0.036 , 16.04 , 314.94
1522 , 5874 , 443.80 , -36.8 , 11 , 34.17 , 1.596 , 0.036 , 16.09 , 314.88
1532 , 5904 , 441.84 , -37.1 , 11 , 34.12 , 1.595 , 0.036 , 16.15 , 314.83
1542 , 5932 , 440.03 , -37.4 , 11 , 34.06 , 1.610 , 0.037 , 16.20 , 314.78
1552 , 5974 , 437.39 , -37.7 , 11 , 34.01 , 1.592 , 0.036 , 16.27 , 314.70
1562 , 6021 , 434.43 , -38.1 , 11 , 33.97 , 1.573 , 0.036 , 16.36 , 314.61
1572 , 6053 , 432.37 , -38.4 , 11 , 33.91 , 1.582 , 0.037 , 16.42 , 314.56
1582 , 6090 , 430.09 , -38.7 , 11 , 33.86 , 1.570 , 0.037 , 16.48 , 314.49
1592 , 6131 , 427.51 , -39.0 , 10 , 33.81 , 1.554 , 0.036 , 16.56 , 314.42
1602 , 6177 , 424.65 , -39.4 , 10 , 33.75 , 1.569 , 0.037 , 16.64 , 314.33
1612 , 6222 , 421.88 , -39.7 , 10 , 33.70 , 1.529 , 0.036 , 16.72 , 314.25
1622 , 6254 , 419.86 , -40.0 , 9 , 33.66 , 1.532 , 0.036 , 16.78 , 314.19
1632 , 6294 , 417.42 , -40.3 , 8 , 33.60 , 1.513 , 0.036 , 16.85 , 314.12
1642 , 6349 , 414.07 , -40.8 , 8 , 33.55 , 1.487 , 0.036 , 16.95 , 314.03
1652 , 6399 , 411.02 , -41.3 , 8 , 33.50 , 1.488 , 0.036 , 17.03 , 313.94
1662 , 6449 , 408.04 , -41.8 , 9 , 33.45 , 1.464 , 0.036 , 17.12 , 313.86
1672 , 6482 , 406.01 , -42.1 , 9 , 33.40 , 1.473 , 0.036 , 17.17 , 313.80
1682 , 6515 , 404.05 , -42.4 , 9 , 33.35 , 1.469 , 0.036 , 17.23 , 313.74
1692 , 6558 , 401.52 , -42.8 , 9 , 33.30 , 1.439 , 0.036 , 17.30 , 313.67
1702 , 6599 , 399.04 , -43.1 , 9 , 33.25 , 1.433 , 0.036 , 17.37 , 313.60
1712 , 6638 , 396.75 , -43.4 , 9 , 33.20 , 1.426 , 0.036 , 17.44 , 313.54
1722 , 6686 , 393.91 , -43.9 , 9 , 33.14 , 1.413 , 0.036 , 17.52 , 313.46
1732 , 6730 , 391.35 , -44.3 , 9 , 33.09 , 1.425 , 0.036 , 17.59 , 313.38
1742 , 6776 , 388.65 , -44.7 , 9 , 33.04 , 1.412 , 0.036 , 17.67 , 313.31
1752 , 6827 , 385.70 , -45.2 , 10 , 32.99 , 1.425 , 0.037 , 17.75 , 313.22
1761 , 6872 , 383.13 , -45.5 , 10 , 32.94 , 1.424 , 0.037 , 17.83 , 313.14
1770 , 6912 , 380.82 , -45.9 , 10 , 32.90 , 1.400 , 0.037 , 17.90 , 313.08
1779 , 6949 , 378.70 , -46.2 , 10 , 32.85 , 1.395 , 0.037 , 17.96 , 313.02
1789 , 6993 , 376.20 , -46.6 , 10 , 32.80 , 1.383 , 0.037 , 18.03 , 312.94
1799 , 7040 , 373.53 , -47.0 , 10 , 32.75 , 1.368 , 0.037 , 18.11 , 312.87
1809 , 7080 , 371.27 , -47.4 , 10 , 32.70 , 1.356 , 0.037 , 18.17 , 312.80
1819 , 7124 , 368.84 , -47.8 , 10 , 32.65 , 1.345 , 0.036 , 18.24 , 312.73
1829 , 7170 , 366.26 , -48.3 , 11 , 32.59 , 1.333 , 0.036 , 18.32 , 312.66
1839 , 7219 , 363.56 , -48.7 , 11 , 32.54 , 1.313 , 0.036 , 18.39 , 312.58
1849 , 7272 , 360.64 , -49.2 , 11 , 32.49 , 1.303 , 0.036 , 18.48 , 312.50
1859 , 7329 , 357.50 , -49.6 , 11 , 32.43 , 1.277 , 0.036 , 18.57 , 312.41
1869 , 7370 , 355.26 , -50.0 , 12 , 32.38 , 1.280 , 0.036 , 18.63 , 312.34
1879 , 7409 , 353.15 , -50.4 , 12 , 32.33 , 1.262 , 0.036 , 18.69 , 312.28
1889 , 7455 , 350.63 , -50.7 , 12 , 32.27 , 1.261 , 0.036 , 18.76 , 312.21
1899 , 7503 , 348.08 , -51.0 , 12 , 32.22 , 1.253 , 0.036 , 18.83 , 312.14
1909 , 7558 , 345.14 , -51.5 , 12 , 32.17 , 1.232 , 0.036 , 18.92 , 312.06
1919 , 7602 , 342.82 , -51.9 , 12 , 32.11 , 1.258 , 0.037 , 18.98 , 311.99
1929 , 7650 , 340.29 , -52.3 , 12 , 32.06 , 1.246 , 0.037 , 19.06 , 311.92
1939 , 7693 , 338.00 , -52.7 , 13 , 32.00 , 1.235 , 0.037 , 19.12 , 311.85
1949 , 7747 , 335.22 , -53.1 , 13 , 31.94 , 1.239 , 0.037 , 19.20 , 311.77
1959 , 7798 , 332.56 , -53.5 , 13 , 31.89 , 1.221 , 0.037 , 19.28 , 311.69
1969 , 7848 , 330.00 , -53.9 , 13 , 31.84 , 1.228 , 0.037 , 19.36 , 311.62
1979 , 7894 , 327.63 , -54.2 , 13 , 31.77 , 1.218 , 0.037 , 19.42 , 311.55
1989 , 7938 , 325.38 , -54.6 , 14 , 31.71 , 1.223 , 0.038 , 19.49 , 311.48
1999 , 7990 , 322.72 , -55.1 , 14 , 31.67 , 1.208 , 0.037 , 19.57 , 311.40
2009 , 8049 , 319.77 , -55.7 , 14 , 31.60 , 1.199 , 0.037 , 19.66 , 311.32
2019 , 8097 , 317.34 , -56.1 , 15 , 31.54 , 1.177 , 0.037 , 19.73 , 311.25
2029 , 8144 , 315.02 , -56.5 , 15 , 31.49 , 1.164 , 0.037 , 19.80 , 311.18
2039 , 8194 , 312.53 , -57.0 , 16 , 31.44 , 1.164 , 0.037 , 19.87 , 311.10
2049 , 8247 , 309.92 , -57.5 , 17 , 31.38 , 1.162 , 0.037 , 19.95 , 311.03
2059 , 8296 , 307.54 , -58.0 , 18 , 31.33 , 1.152 , 0.037 , 20.02 , 310.96
2069 , 8349 , 304.93 , -58.4 , 19 , 31.27 , 1.151 , 0.038 , 20.09 , 310.88
2078 , 8406 , 302.19 , -59.0 , 20 , 31.21 , 1.138 , 0.038 , 20.18 , 310.80
2087 , 8453 , 299.91 , -59.4 , 21 , 31.16 , 1.143 , 0.038 , 20.24 , 310.73
2097 , 8499 , 297.76 , -59.5 , 22 , 31.09 , 1.155 , 0.039 , 20.31 , 310.66
2107 , 8538 , 295.88 , -59.5 , 22 , 31.04 , 1.239 , 0.042 , 20.37 , 310.61
2117 , 8587 , 293.59 , -59.7 , 21 , 30.98 , 1.285 , 0.044 , 20.45 , 310.53
2127 , 8646 , 290.82 , -60.2 , 21 , 30.92 , 1.298 , 0.045 , 20.54 , 310.43
2137 , 8708 , 287.92 , -60.7 , 20 , 30.85 , 1.287 , 0.045 , 20.65 , 310.33
2147 , 8760 , 285.53 , -61.2 , 20 , 30.79 , 1.274 , 0.045 , 20.73 , 310.24
2157 , 8815 , 283.00 , -61.6 , 21 , 30.74 , 1.251 , 0.044 , 20.82 , 310.16
2167 , 8874 , 280.33 , -62.2 , 21 , 30.68 , 1.231 , 0.044 , 20.91 , 310.06
2177 , 8930 , 277.78 , -62.6 , 21 , 30.61 , 1.194 , 0.043 , 21.00 , 309.98
2187 , 8986 , 275.26 , -62.9 , 21 , 30.56 , 1.163 , 0.042 , 21.08 , 309.89
2197 , 9044 , 272.70 , -63.4 , 21 , 30.50 , 1.121 , 0.041 , 21.17 , 309.81
2207 , 9101 , 270.15 , -63.9 , 21 , 30.43 , 1.099 , 0.041 , 21.25 , 309.72
2217 , 9165 , 267.35 , -64.4 , 22 , 30.37 , 1.068 , 0.040 , 21.34 , 309.64
2227 , 9220 , 264.94 , -64.9 , 22 , 30.30 , 1.040 , 0.039 , 21.41 , 309.56
2237 , 9272 , 262.70 , -65.3 , 23 , 30.25 , 1.021 , 0.039 , 21.48 , 309.49
2247 , 9332 , 260.13 , -65.8 , 23 , 30.18 , 0.980 , 0.038 , 21.56 , 309.41
2257 , 9382 , 257.97 , -66.3 , 24 , 30.13 , 0.975 , 0.038 , 21.63 , 309.35
2267 , 9439 , 255.56 , -66.6 , 25 , 30.06 , 0.968 , 0.038 , 21.70 , 309.28
2277 , 9494 , 253.24 , -66.9 , 25 , 30.00 , 0.973 , 0.038 , 21.77 , 309.21
2287 , 9543 , 251.19 , -67.1 , 26 , 29.94 , 0.987 , 0.039 , 21.83 , 309.14
2297 , 9594 , 249.08 , -67.4 , 26 , 29.88 , 1.039 , 0.042 , 21.90 , 309.08
2307 , 9651 , 246.73 , -67.7 , 27 , 29.82 , 1.075 , 0.044 , 21.98 , 309.00
2317 , 9705 , 244.54 , -68.1 , 27 , 29.76 , 1.098 , 0.045 , 22.05 , 308.92
2327 , 9763 , 242.19 , -68.6 , 27 , 29.70 , 1.128 , 0.047 , 22.14 , 308.84
2337 , 9837 , 239.20 , -69.1 , 28 , 29.64 , 1.144 , 0.048 , 22.25 , 308.73
2347 , 9908 , 236.38 , -69.6 , 28 , 29.57 , 1.171 , 0.050 , 22.36 , 308.62
2357 , 9960 , 234.30 , -70.0 , 29 , 29.52 , 1.205 , 0.051 , 22.44 , 308.53
2367 , 10007 , 232.47 , -69.9 , 29 , 29.45 , 1.231 , 0.053 , 22.52 , 308.46
2377 , 10051 , 230.77 , -70.1 , 29 , 29.40 , 1.292 , 0.056 , 22.59 , 308.39
2387 , 10095 , 229.06 , -70.4 , 30 , 29.34 , 1.330 , 0.058 , 22.67 , 308.31
2396 , 10134 , 227.56 , -70.8 , 30 , 29.28 , 1.385 , 0.061 , 22.74 , 308.24
2406 , 10180 , 225.77 , -71.1 , 30 , 29.22 , 1.398 , 0.062 , 22.82 , 308.15
2416 , 10226 , 224.05 , -71.2 , 30 , 29.16 , 1.419 , 0.063 , 22.91 , 308.07
2426 , 10271 , 222.35 , -71.6 , 30 , 29.10 , 1.414 , 0.064 , 22.99 , 307.98
2436 , 10331 , 220.07 , -71.6 , 30 , 29.03 , 1.390 , 0.063 , 23.11 , 307.87
2446 , 10371 , 218.60 , -71.6 , 30 , 28.97 , 1.384 , 0.063 , 23.18 , 307.79
2456 , 10410 , 217.14 , -71.8 , 30 , 28.91 , 1.370 , 0.063 , 23.25 , 307.72
2466 , 10448 , 215.77 , -72.0 , 29 , 28.85 , 1.347 , 0.062 , 23.32 , 307.65
2476 , 10486 , 214.36 , -71.9 , 29 , 28.79 , 1.343 , 0.063 , 23.39 , 307.58
2486 , 10529 , 212.81 , -71.6 , 29 , 28.72 , 1.371 , 0.064 , 23.47 , 307.51
2496 , 10581 , 210.94 , -70.5 , 28 , 28.65 , 1.454 , 0.069 , 23.57 , 307.41
2506 , 10634 , 209.09 , -70.3 , 28 , 28.59 , 1.573 , 0.075 , 23.67 , 307.30
2516 , 10682 , 207.41 , -69.4 , 28 , 28.53 , 1.747 , 0.084 , 23.78 , 307.20
2526 , 10740 , 205.39 , -66.2 , 27 , 28.46 , 2.138 , 0.104 , 23.93 , 307.05
2536 , 10803 , 203.29 , -65.1 , 27 , 28.40 , 2.760 , 0.136 , 24.13 , 306.85
2546 , 10862 , 201.32 , -65.5 , 25 , 28.33 , 3.245 , 0.161 , 24.36 , 306.62
2556 , 10923 , 199.33 , -65.6 , 24 , 28.27 , 3.536 , 0.177 , 24.62 , 306.35
2566 , 10985 , 197.28 , -65.8 , 23 , 28.20 , 3.685 , 0.187 , 24.92 , 306.06
2576 , 11053 , 195.08 , -66.1 , 22 , 28.13 , 3.794 , 0.195 , 25.25 , 305.73
2586 , 11116 , 193.07 , -65.9 , 21 , 28.06 , 3.820 , 0.198 , 25.56 , 305.41
2596 , 11162 , 191.62 , -65.8 , 20 , 28.00 , 3.919 , 0.205 , 25.79 , 305.18
2606 , 11212 , 190.04 , -66.0 , 19 , 27.93 , 4.008 , 0.211 , 26.05 , 304.93
2616 , 11257 , 188.63 , -66.3 , 18 , 27.87 , 4.023 , 0.213 , 26.29 , 304.69
2626 , 11305 , 187.14 , -66.4 , 17 , 27.80 , 4.081 , 0.218 , 26.54 , 304.44
2636 , 11358 , 185.52 , -65.2 , 16 , 27.72 , 4.107 , 0.221 , 26.82 , 304.15
2646 , 11407 , 184.03 , -64.4 , 15 , 27.66 , 4.206 , 0.229 , 27.08 , 303.89
2656 , 11460 , 182.43 , -63.9 , 14 , 27.59 , 4.379 , 0.240 , 27.38 , 303.60
2666 , 11518 , 180.73 , -63.6 , 13 , 27.52 , 4.381 , 0.242 , 27.70 , 303.27
2675 , 11576 , 179.02 , -63.9 , 12 , 27.46 , 4.365 , 0.244 , 28.03 , 302.94
2685 , 11627 , 177.54 , -64.0 , 11 , 27.39 , 4.484 , 0.253 , 28.32 , 302.65
2695 , 11681 , 175.97 , -63.8 , 10 , 27.33 , 4.620 , 0.263 , 28.64 , 302.33
2705 , 11733 , 174.50 , -63.6 , 10 , 27.27 , 4.657 , 0.267 , 28.95 , 302.03
2714 , 11782 , 173.12 , -63.1 , 9 , 27.20 , 4.721 , 0.273 , 29.24 , 301.73
2724 , 11833 , 171.68 , -63.1 , 8 , 27.14 , 4.902 , 0.286 , 29.56 , 301.42
2734 , 11889 , 170.12 , -63.2 , 8 , 27.07 , 5.041 , 0.296 , 29.92 , 301.06
2744 , 11945 , 168.57 , -63.4 , 7 , 27.00 , 5.128 , 0.304 , 30.28 , 300.69
2754 , 11993 , 167.26 , -63.5 , 6 , 26.93 , 5.154 , 0.308 , 30.60 , 300.37
2764 , 12044 , 165.87 , -63.8 , 6 , 26.86 , 5.225 , 0.315 , 30.94 , 300.03
2774 , 12095 , 164.51 , -64.0 , 6 , 26.79 , 5.256 , 0.319 , 31.28 , 299.69
2784 , 12152 , 162.98 , -64.1 , 5 , 26.72 , 5.339 , 0.328 , 31.67 , 299.30
2794 , 12210 , 161.43 , -63.5 , 5 , 26.65 , 5.515 , 0.342 , 32.08 , 298.89
2804 , 12272 , 159.83 , -63.8 , 5 , 26.59 , 5.800 , 0.363 , 32.53 , 298.45
2814 , 12335 , 158.19 , -64.0 , 5 , 26.52 , 5.973 , 0.378 , 33.01 , 297.97
2824 , 12400 , 156.51 , -63.6 , 4 , 26.46 , 6.065 , 0.388 , 33.51 , 297.46
2834 , 12466 , 154.85 , -63.9 , 4 , 26.39 , 6.150 , 0.397 , 34.03 , 296.95
2844 , 12534 , 153.12 , -64.2 , 4 , 26.33 , 6.197 , 0.405 , 34.57 , 296.40
2854 , 12595 , 151.62 , -64.5 , 4 , 26.27 , 6.166 , 0.407 , 35.06 , 295.92
2863 , 12658 , 150.05 , -65.1 , 4 , 26.21 , 6.068 , 0.404 , 35.56 , 295.42
2873 , 12719 , 148.54 , -65.5 , 4 , 26.15 , 5.959 , 0.401 , 36.04 , 294.94
2883 , 12783 , 147.00 , -65.6 , 4 , 26.09 , 5.851 , 0.398 , 36.52 , 294.45
2893 , 12844 , 145.52 , -66.0 , 4 , 26.02 , 5.617 , 0.386 , 36.98 , 293.99
2903 , 12902 , 144.15 , -66.4 , 4 , 25.96 , 5.573 , 0.387 , 37.40 , 293.58
2913 , 12960 , 142.75 , -66.9 , 4 , 25.90 , 5.531 , 0.387 , 37.83 , 293.15
2923 , 13022 , 141.30 , -67.3 , 4 , 25.84 , 5.470 , 0.387 , 38.27 , 292.70
2933 , 13080 , 139.95 , -67.4 , 4 , 25.77 , 5.568 , 0.398 , 38.69 , 292.28
2943 , 13140 , 138.56 , -67.3 , 4 , 25.71 , 6.146 , 0.444 , 39.15 , 291.82
2953 , 13199 , 137.21 , -67.4 , 4 , 25.65 , 6.909 , 0.504 , 39.65 , 291.32
2963 , 13258 , 135.88 , -67.6 , 4 , 25.58 , 7.480 , 0.550 , 40.21 , 290.77
2973 , 13313 , 134.64 , -67.4 , 4 , 25.52 , 7.831 , 0.582 , 40.76 , 290.21
2983 , 13372 , 133.32 , -67.5 , 4 , 25.46 , 8.166 , 0.613 , 41.38 , 289.59
2993 , 13430 , 132.05 , -67.6 , 4 , 25.39 , 8.405 , 0.636 , 42.01 , 288.96
3003 , 13482 , 130.91 , -67.9 , 4 , 25.33 , 8.534 , 0.652 , 42.59 , 288.39
3012 , 13527 , 129.92 , -68.1 , 4 , 25.28 , 8.636 , 0.665 , 43.10 , 287.87
3022 , 13574 , 128.92 , -67.6 , 4 , 25.22 , 8.613 , 0.668 , 43.63 , 287.34
3032 , 13621 , 127.91 , -67.5 , 4 , 25.16 , 8.641 , 0.676 , 44.16 , 286.81
3042 , 13678 , 126.70 , -67.8 , 4 , 25.10 , 8.702 , 0.687 , 44.81 , 286.16
3052 , 13736 , 125.49 , -68.2 , 4 , 25.04 , 8.591 , 0.685 , 45.47 , 285.50
3062 , 13795 , 124.27 , -67.8 , 4 , 24.97 , 8.584 , 0.691 , 46.13 , 284.84
3072 , 13850 , 123.13 , -66.3 , 4 , 24.91 , 8.545 , 0.694 , 46.75 , 284.22
3082 , 13907 , 121.99 , -66.4 , 4 , 24.85 , 8.323 , 0.682 , 47.37 , 283.60
3092 , 13962 , 120.87 , -66.6 , 4 , 24.79 , 8.040 , 0.665 , 47.97 , 283.01
3102 , 14019 , 119.75 , -66.7 , 4 , 24.73 , 7.914 , 0.661 , 48.56 , 282.42
3112 , 14076 , 118.61 , -67.0 , 4 , 24.68 , 7.677 , 0.647 , 49.14 , 281.83
3122 , 14138 , 117.40 , -67.3 , 3 , 24.63 , 7.562 , 0.644 , 49.76 , 281.21
3132 , 14205 , 116.10 , -67.8 , 3 , 24.57 , 7.491 , 0.645 , 50.42 , 280.55
3142 , 14271 , 114.84 , -68.3 , 3 , 24.50 , 7.573 , 0.659 , 51.07 , 279.90
3152 , 14340 , 113.52 , -68.2 , 3 , 24.44 , 8.182 , 0.721 , 51.79 , 279.19
3162 , 14403 , 112.34 , -67.7 , 3 , 24.38 , 9.654 , 0.859 , 52.53 , 278.45
3172 , 14466 , 111.18 , -67.2 , 3 , 24.32 , 10.749 , 0.967 , 53.36 , 277.61
3182 , 14524 , 110.10 , -66.7 , 3 , 24.27 , 11.648 , 1.058 , 54.22 , 276.76
3192 , 14580 , 109.09 , -66.5 , 3 , 24.21 , 12.649 , 1.159 , 55.10 , 275.87
3202 , 14635 , 108.11 , -66.4 , 3 , 24.15 , 13.765 , 1.273 , 56.04 , 274.93
3212 , 14690 , 107.12 , -66.2 , 3 , 24.09 , 14.704 , 1.373 , 57.08 , 273.90
3222 , 14746 , 106.14 , -66.3 , 3 , 24.04 , 15.633 , 1.473 , 58.18 , 272.79
3232 , 14798 , 105.24 , -66.5 , 3 , 23.98 , 16.509 , 1.569 , 59.26 , 271.71
3242 , 14841 , 104.49 , -66.5 , 3 , 23.93 , 17.031 , 1.630 , 60.21 , 270.76
3252 , 14882 , 103.78 , -66.6 , 3 , 23.88 , 17.167 , 1.654 , 61.13 , 269.85
3262 , 14923 , 103.08 , -66.9 , 3 , 23.82 , 17.135 , 1.662 , 62.05 , 268.92
3272 , 14966 , 102.34 , -67.1 , 3 , 23.76 , 17.020 , 1.663 , 63.01 , 267.97
3282 , 15010 , 101.61 , -67.1 , 3 , 23.70 , 16.805 , 1.654 , 63.97 , 267.01
3292 , 15054 , 100.87 , -67.0 , 3 , 23.64 , 16.591 , 1.645 , 64.93 , 266.05
3302 , 15096 , 100.17 , -67.2 , 3 , 23.58 , 16.481 , 1.645 , 65.85 , 265.13
3312 , 15140 , 99.43 , -67.4 , 3 , 23.53 , 16.440 , 1.653 , 66.80 , 264.18
3322 , 15184 , 98.72 , -67.0 , 3 , 23.47 , 16.648 , 1.686 , 67.75 , 263.23
3332 , 15228 , 98.00 , -66.9 , 3 , 23.41 , 17.165 , 1.752 , 68.71 , 262.26
3341 , 15269 , 97.34 , -66.9 , 3 , 23.35 , 17.577 , 1.806 , 69.65 , 261.33
3351 , 15311 , 96.67 , -66.9 , 3 , 23.29 , 17.660 , 1.827 , 70.61 , 260.36
3361 , 15354 , 95.97 , -67.0 , 3 , 23.24 , 17.760 , 1.851 , 71.62 , 259.36
3371 , 15397 , 95.29 , -67.2 , 3 , 23.17 , 17.982 , 1.887 , 72.62 , 258.35
3381 , 15439 , 94.63 , -67.3 , 3 , 23.11 , 18.093 , 1.912 , 73.61 , 257.37
3391 , 15482 , 93.96 , -67.3 , 3 , 23.05 , 18.318 , 1.950 , 74.63 , 256.34
3401 , 15523 , 93.32 , -67.1 , 3 , 22.99 , 18.866 , 2.022 , 75.64 , 255.34
3411 , 15564 , 92.68 , -67.1 , 3 , 22.93 , 19.611 , 2.116 , 76.67 , 254.30
3421 , 15605 , 92.05 , -67.0 , 3 , 22.88 , 20.342 , 2.210 , 77.75 , 253.22
3431 , 15645 , 91.45 , -66.9 , 3 , 22.82 , 20.801 , 2.275 , 78.83 , 252.15
3441 , 15687 , 90.82 , -67.0 , 3 , 22.76 , 20.884 , 2.299 , 79.95 , 251.02
3451 , 15728 , 90.20 , -66.9 , 3 , 22.70 , 20.983 , 2.326 , 81.09 , 249.88
3461 , 15770 , 89.57 , -66.8 , 3 , 22.65 , 20.949 , 2.339 , 82.24 , 248.74
3471 , 15812 , 88.96 , -66.8 , 3 , 22.59 , 21.022 , 2.363 , 83.38 , 247.60
3481 , 15855 , 88.33 , -66.8 , 3 , 22.54 , 21.327 , 2.415 , 84.57 , 246.40
3491 , 15899 , 87.68 , -66.9 , 3 , 22.48 , 21.698 , 2.475 , 85.82 , 245.16
3501 , 15941 , 87.07 , -67.0 , 3 , 22.43 , 22.118 , 2.540 , 87.03 , 243.94
3511 , 15984 , 86.46 , -67.0 , 3 , 22.37 , 22.283 , 2.577 , 88.26 , 242.72
3521 , 16028 , 85.83 , -67.1 , 3 , 22.31 , 22.513 , 2.623 , 89.54 , 241.43
3531 , 16074 , 85.17 , -67.1 , 3 , 22.26 , 22.678 , 2.663 , 90.92 , 240.05
3541 , 16124 , 84.48 , -67.5 , 3 , 22.20 , 22.747 , 2.693 , 92.39 , 238.58
3551 , 16170 , 83.83 , -67.7 , 3 , 22.14 , 22.721 , 2.710 , 93.77 , 237.20
3561 , 16215 , 83.20 , -67.8 , 3 , 22.08 , 22.969 , 2.761 , 95.13 , 235.84
3571 , 16259 , 82.59 , -67.9 , 3 , 22.02 , 23.066 , 2.793 , 96.46 , 234.51
3581 , 16301 , 82.02 , -67.9 , 3 , 21.97 , 23.074 , 2.813 , 97.74 , 233.23
3591 , 16345 , 81.42 , -68.1 , 3 , 21.91 , 23.014 , 2.827 , 99.06 , 231.91
3601 , 16388 , 80.84 , -68.3 , 3 , 21.85 , 23.010 , 2.846 , 100.37 , 230.61
3611 , 16432 , 80.26 , -68.3 , 3 , 21.80 , 22.981 , 2.863 , 101.68 , 229.29
3621 , 16473 , 79.70 , -68.3 , 3 , 21.75 , 22.784 , 2.859 , 102.93 , 228.05
3631 , 16515 , 79.15 , -68.6 , 3 , 21.69 , 22.749 , 2.874 , 104.18 , 226.80
3640 , 16556 , 78.61 , -68.3 , 3 , 21.64 , 22.457 , 2.857 , 105.39 , 225.58
3649 , 16593 , 78.12 , -68.1 , 3 , 21.58 , 22.486 , 2.878 , 106.50 , 224.47
3659 , 16634 , 77.59 , -68.4 , 3 , 21.53 , 22.675 , 2.922 , 107.71 , 223.26
3669 , 16675 , 77.06 , -68.6 , 3 , 21.47 , 22.756 , 2.953 , 108.96 , 222.01
3679 , 16717 , 76.53 , -68.7 , 3 , 21.42 , 22.642 , 2.959 , 110.19 , 220.78
3689 , 16757 , 76.02 , -69.0 , 3 , 21.36 , 22.764 , 2.995 , 111.39 , 219.58
3699 , 16798 , 75.50 , -69.1 , 3 , 21.31 , 22.885 , 3.031 , 112.63 , 218.34
3709 , 16839 , 74.97 , -69.0 , 3 , 21.25 , 22.962 , 3.063 , 113.89 , 217.09
3719 , 16881 , 74.46 , -69.1 , 3 , 21.20 , 22.944 , 3.082 , 115.14 , 215.84
3729 , 16923 , 73.94 , -69.0 , 3 , 21.14 , 22.779 , 3.081 , 116.41 , 214.57
3739 , 16966 , 73.39 , -68.9 , 3 , 21.09 , 22.628 , 3.083 , 117.72 , 213.25
3749 , 17009 , 72.87 , -69.0 , 3 , 21.03 , 22.734 , 3.120 , 119.01 , 211.96
3759 , 17053 , 72.34 , -69.1 , 3 , 20.98 , 22.961 , 3.174 , 120.34 , 210.64
3769 , 17102 , 71.75 , -69.2 , 3 , 20.93 , 23.051 , 3.213 , 121.81 , 209.16
3779 , 17151 , 71.16 , -69.4 , 3 , 20.87 , 23.019 , 3.235 , 123.31 , 207.67
3789 , 17199 , 70.59 , -69.5 , 3 , 20.82 , 23.527 , 3.333 , 124.80 , 206.18
3799 , 17247 , 70.03 , -69.6 , 3 , 20.77 , 23.710 , 3.386 , 126.28 , 204.70
3809 , 17294 , 69.47 , -69.6 , 3 , 20.72 , 23.573 , 3.393 , 127.76 , 203.21
3818 , 17341 , 68.93 , -69.8 , 3 , 20.67 , 23.316 , 3.383 , 129.22 , 201.76
3828 , 17388 , 68.39 , -69.8 , 3 , 20.62 , 22.904 , 3.349 , 130.65 , 200.32
3838 , 17439 , 67.80 , -69.9 , 3 , 20.57 , 22.618 , 3.336 , 132.20 , 198.77
3848 , 17491 , 67.21 , -69.8 , 3 , 20.52 , 22.500 , 3.348 , 133.77 , 197.21
3858 , 17546 , 66.59 , -69.8 , 3 , 20.47 , 22.075 , 3.315 , 135.38 , 195.59
3868 , 17597 , 66.02 , -70.1 , 3 , 20.42 , 21.978 , 3.329 , 136.88 , 194.10
3878 , 17648 , 65.46 , -70.4 , 3 , 20.37 , 21.612 , 3.302 , 138.36 , 192.62
3888 , 17699 , 64.90 , -70.6 , 3 , 20.32 , 21.189 , 3.265 , 139.79 , 191.18
3898 , 17750 , 64.35 , -70.6 , 3 , 20.27 , 20.676 , 3.213 , 141.21 , 189.76
3908 , 17800 , 63.81 , -70.6 , 3 , 20.22 , 20.209 , 3.167 , 142.57 , 188.40
3918 , 17849 , 63.28 , -70.5 , 3 , 20.17 , 20.184 , 3.189 , 143.89 , 187.09
3928 , 17899 , 62.75 , -70.7 , 3 , 20.13 , 20.287 , 3.233 , 145.24 , 185.73
3938 , 17948 , 62.23 , -70.8 , 3 , 20.07 , 20.323 , 3.266 , 146.57 , 184.41
3948 , 17997 , 61.72 , -70.9 , 3 , 20.02 , 20.282 , 3.286 , 147.90 , 183.07
3958 , 18044 , 61.23 , -71.1 , 3 , 19.97 , 20.025 , 3.271 , 149.17 , 181.80
3967 , 18089 , 60.76 , -71.2 , 3 , 19.93 , 19.837 , 3.265 , 150.37 , 180.60
3977 , 18133 , 60.32 , -71.3 , 3 , 19.88 , 19.534 , 3.239 , 151.51 , 179.46
3987 , 18179 , 59.85 , -71.4 , 3 , 19.83 , 19.185 , 3.206 , 152.70 , 178.27
3997 , 18223 , 59.40 , -71.2 , 3 , 19.78 , 18.754 , 3.157 , 153.82 , 177.15
4007 , 18268 , 58.96 , -71.2 , 3 , 19.74 , 18.463 , 3.132 , 154.93 , 176.04
4017 , 18311 , 58.53 , -71.3 , 3 , 19.69 , 18.250 , 3.118 , 155.99 , 174.99
4027 , 18352 , 58.12 , -71.4 , 3 , 19.64 , 17.983 , 3.094 , 156.99 , 173.98
4037 , 18396 , 57.69 , -71.5 , 3 , 19.59 , 17.964 , 3.114 , 158.03 , 172.95
4047 , 18438 , 57.28 , -71.6 , 3 , 19.55 , 17.711 , 3.092 , 159.03 , 171.94
4057 , 18481 , 56.86 , -71.6 , 3 , 19.50 , 17.610 , 3.097 , 160.06 , 170.92
4067 , 18526 , 56.43 , -71.6 , 3 , 19.45 , 17.506 , 3.102 , 161.12 , 169.85
4077 , 18569 , 56.02 , -71.6 , 3 , 19.41 , 17.305 , 3.089 , 162.12 , 168.86
4087 , 18615 , 55.59 , -71.9 , 3 , 19.36 , 17.339 , 3.119 , 163.18 , 167.80
4097 , 18659 , 55.18 , -71.9 , 3 , 19.32 , 17.427 , 3.158 , 164.20 , 166.78
4107 , 18703 , 54.76 , -71.8 , 3 , 19.27 , 17.644 , 3.222 , 165.24 , 165.74
4117 , 18749 , 54.34 , -71.8 , 3 , 19.22 , 17.788 , 3.274 , 166.32 , 164.65
4127 , 18793 , 53.94 , -71.8 , 3 , 19.17 , 17.892 , 3.317 , 167.37 , 163.60
4137 , 18836 , 53.54 , -71.7 , 3 , 19.13 , 18.028 , 3.367 , 168.41 , 162.57
4147 , 18881 , 53.14 , -71.6 , 3 , 19.08 , 18.208 , 3.427 , 169.50 , 161.48
4157 , 18927 , 52.72 , -71.9 , 3 , 19.03 , 18.365 , 3.484 , 170.64 , 160.33
4167 , 18975 , 52.29 , -71.9 , 3 , 18.99 , 18.512 , 3.540 , 171.82 , 159.16
4177 , 19021 , 51.88 , -71.8 , 3 , 18.94 , 18.536 , 3.573 , 172.97 , 158.00
4187 , 19069 , 51.47 , -71.6 , 3 , 18.89 , 18.456 , 3.586 , 174.14 , 156.84
4197 , 19116 , 51.06 , -71.7 , 3 , 18.85 , 18.275 , 3.579 , 175.31 , 155.66
4207 , 19165 , 50.64 , -71.6 , 3 , 18.80 , 18.093 , 3.573 , 176.48 , 154.49
4217 , 19212 , 50.23 , -71.7 , 3 , 18.75 , 17.902 , 3.564 , 177.62 , 153.35
4227 , 19260 , 49.83 , -71.7 , 3 , 18.71 , 17.715 , 3.555 , 178.77 , 152.21
4237 , 19308 , 49.42 , -71.7 , 3 , 18.66 , 17.625 , 3.566 , 179.91 , 151.07
4247 , 19354 , 49.03 , -71.8 , 3 , 18.61 , 17.640 , 3.598 , 181.00 , 149.97
4257 , 19399 , 48.66 , -71.5 , 3 , 18.57 , 17.625 , 3.622 , 182.06 , 148.91
4267 , 19443 , 48.30 , -71.5 , 3 , 18.52 , 17.444 , 3.611 , 183.09 , 147.89
4276 , 19486 , 47.95 , -71.6 , 3 , 18.48 , 17.312 , 3.610 , 184.08 , 146.89
4286 , 19528 , 47.61 , -71.7 , 3 , 18.43 , 17.113 , 3.594 , 185.05 , 145.92
4296 , 19571 , 47.27 , -71.6 , 3 , 18.38 , 16.961 , 3.588 , 186.04 , 144.94
4306 , 19616 , 46.91 , -71.6 , 3 , 18.33 , 16.849 , 3.592 , 187.05 , 143.92
4316 , 19660 , 46.56 , -71.5 , 3 , 18.28 , 16.699 , 3.587 , 188.05 , 142.93
4326 , 19706 , 46.20 , -71.6 , 3 , 18.24 , 16.569 , 3.586 , 189.06 , 141.92
4336 , 19750 , 45.85 , -71.8 , 3 , 18.19 , 16.463 , 3.591 , 190.04 , 140.93
4346 , 19793 , 45.52 , -71.9 , 3 , 18.14 , 16.306 , 3.582 , 190.97 , 140.00
4356 , 19834 , 45.20 , -71.9 , 3 , 18.09 , 16.328 , 3.612 , 191.88 , 139.09
4366 , 19877 , 44.88 , -71.7 , 3 , 18.04 , 16.325 , 3.638 , 192.81 , 138.16
4376 , 19921 , 44.54 , -71.5 , 3 , 17.99 , 16.274 , 3.654 , 193.77 , 137.20
4386 , 19963 , 44.22 , -71.6 , 3 , 17.94 , 16.025 , 3.624 , 194.69 , 136.28
4396 , 20009 , 43.89 , -71.6 , 3 , 17.89 , 15.724 , 3.583 , 195.65 , 135.32
4406 , 20053 , 43.56 , -71.6 , 3 , 17.84 , 15.442 , 3.545 , 196.58 , 134.40
4416 , 20098 , 43.23 , -71.6 , 3 , 17.79 , 15.248 , 3.528 , 197.50 , 133.47
4426 , 20145 , 42.88 , -71.8 , 3 , 17.73 , 14.983 , 3.494 , 198.45 , 132.53
4436 , 20192 , 42.54 , -71.8 , 3 , 17.68 , 14.784 , 3.475 , 199.39 , 131.59
4446 , 20240 , 42.20 , -71.9 , 3 , 17.63 , 14.618 , 3.464 , 200.34 , 130.64
4456 , 20290 , 41.84 , -72.1 , 3 , 17.58 , 14.532 , 3.473 , 201.31 , 129.66
4466 , 20342 , 41.47 , -72.1 , 3 , 17.53 , 14.523 , 3.502 , 202.33 , 128.65
4476 , 20393 , 41.11 , -72.3 , 3 , 17.48 , 14.556 , 3.540 , 203.32 , 127.66
4486 , 20445 , 40.75 , -72.2 , 3 , 17.43 , 14.676 , 3.601 , 204.33 , 126.64
4496 , 20497 , 40.39 , -72.4 , 3 , 17.38 , 14.809 , 3.666 , 205.37 , 125.61
4506 , 20549 , 40.04 , -72.5 , 3 , 17.33 , 14.982 , 3.742 , 206.40 , 124.57
4516 , 20599 , 39.70 , -72.3 , 3 , 17.28 , 14.913 , 3.757 , 207.41 , 123.56
4526 , 20654 , 39.33 , -72.4 , 3 , 17.23 , 14.651 , 3.725 , 208.50 , 122.47
4536 , 20709 , 38.96 , -72.5 , 3 , 17.18 , 14.413 , 3.699 , 209.58 , 121.39
4546 , 20761 , 38.62 , -72.3 , 3 , 17.13 , 14.212 , 3.680 , 210.57 , 120.40
4556 , 20812 , 38.29 , -72.4 , 3 , 17.08 , 13.971 , 3.649 , 211.54 , 119.44
4566 , 20862 , 37.96 , -72.4 , 3 , 17.03 , 13.723 , 3.615 , 212.47 , 118.51
4576 , 20910 , 37.65 , -72.6 , 3 , 16.98 , 13.540 , 3.596 , 213.35 , 117.63
4585 , 20955 , 37.36 , -72.8 , 3 , 16.93 , 13.380 , 3.581 , 214.17 , 116.81
4594 , 20996 , 37.10 , -72.5 , 3 , 16.88 , 13.272 , 3.577 , 214.90 , 116.07
4603 , 21034 , 36.86 , -72.5 , 3 , 16.84 , 13.090 , 3.551 , 215.58 , 115.40
4613 , 21075 , 36.61 , -72.3 , 3 , 16.79 , 12.943 , 3.536 , 216.29 , 114.69
4623 , 21115 , 36.36 , -71.9 , 3 , 16.74 , 12.779 , 3.515 , 216.98 , 113.99
4633 , 21155 , 36.11 , -72.1 , 3 , 16.69 , 12.649 , 3.503 , 217.66 , 113.31
4643 , 21195 , 35.87 , -72.2 , 3 , 16.64 , 12.507 , 3.487 , 218.34 , 112.63
4653 , 21236 , 35.62 , -72.2 , 3 , 16.59 , 12.352 , 3.467 , 219.02 , 111.96
4663 , 21279 , 35.36 , -72.4 , 3 , 16.54 , 12.297 , 3.478 , 219.73 , 111.25
4673 , 21321 , 35.11 , -72.4 , 3 , 16.48 , 12.224 , 3.482 , 220.42 , 110.56
4683 , 21361 , 34.87 , -72.4 , 3 , 16.43 , 12.071 , 3.462 , 221.07 , 109.90
4692 , 21398 , 34.65 , -72.4 , 3 , 16.39 , 11.906 , 3.436 , 221.67 , 109.31
4702 , 21436 , 34.43 , -72.4 , 3 , 16.34 , 11.758 , 3.415 , 222.27 , 108.70
4712 , 21477 , 34.19 , -72.5 , 3 , 16.29 , 11.653 , 3.408 , 222.92 , 108.06
4722 , 21517 , 33.96 , -72.3 , 3 , 16.24 , 11.524 , 3.394 , 223.54 , 107.43
4732 , 21561 , 33.70 , -72.2 , 3 , 16.19 , 11.483 , 3.407 , 224.22 , 106.75
4742 , 21605 , 33.45 , -72.2 , 3 , 16.14 , 11.481 , 3.432 , 224.91 , 106.07
4752 , 21651 , 33.19 , -72.1 , 3 , 16.09 , 11.469 , 3.456 , 225.61 , 105.36
4762 , 21698 , 32.93 , -71.5 , 3 , 16.04 , 11.523 , 3.499 , 226.33 , 104.65
4772 , 21746 , 32.66 , -71.4 , 3 , 15.99 , 11.592 , 3.549 , 227.07 , 103.90
4782 , 21796 , 32.39 , -71.6 , 3 , 15.94 , 11.637 , 3.593 , 227.85 , 103.12
4792 , 21847 , 32.11 , -71.9 , 3 , 15.89 , 11.595 , 3.611 , 228.64 , 102.33
4802 , 21899 , 31.83 , -71.8 , 3 , 15.84 , 11.574 , 3.637 , 229.45 , 101.53
4812 , 21954 , 31.53 , -71.7 , 3 , 15.79 , 11.669 , 3.701 , 230.30 , 100.68
4822 , 22008 , 31.24 , -71.9 , 3 , 15.75 , 11.597 , 3.712 , 231.14 , 99.83
4832 , 22063 , 30.95 , -72.2 , 3 , 15.70 , 11.530 , 3.725 , 232.00 , 98.97
4842 , 22116 , 30.67 , -72.3 , 3 , 15.65 , 11.453 , 3.734 , 232.82 , 98.16
4852 , 22168 , 30.40 , -72.3 , 3 , 15.60 , 11.395 , 3.748 , 233.61 , 97.36
4862 , 22222 , 30.13 , -72.3 , 3 , 15.55 , 11.386 , 3.779 , 234.43 , 96.54
4872 , 22277 , 29.85 , -72.0 , 3 , 15.50 , 11.396 , 3.818 , 235.28 , 95.70
4882 , 22332 , 29.57 , -72.0 , 3 , 15.46 , 11.424 , 3.863 , 236.11 , 94.86
4892 , 22385 , 29.30 , -72.3 , 3 , 15.41 , 11.416 , 3.896 , 236.93 , 94.04
4901 , 22438 , 29.04 , -72.5 , 3 , 15.36 , 11.455 , 3.945 , 237.75 , 93.22
4911 , 22490 , 28.78 , -72.7 , 3 , 15.32 , 11.461 , 3.982 , 238.55 , 92.42
4921 , 22544 , 28.52 , -72.8 , 3 , 15.27 , 11.413 , 4.002 , 239.38 , 91.59
4931 , 22598 , 28.26 , -72.9 , 3 , 15.22 , 11.399 , 4.034 , 240.20 , 90.77
4941 , 22652 , 28.00 , -73.0 , 3 , 15.17 , 11.356 , 4.056 , 241.03 , 89.94
4951 , 22705 , 27.75 , -73.0 , 3 , 15.12 , 11.366 , 4.097 , 241.85 , 89.12
4961 , 22758 , 27.50 , -72.6 , 3 , 15.07 , 11.417 , 4.152 , 242.65 , 88.32
4971 , 22811 , 27.25 , -72.7 , 3 , 15.03 , 11.433 , 4.196 , 243.48 , 87.50
4981 , 22863 , 27.01 , -73.0 , 3 , 14.98 , 11.396 , 4.219 , 244.27 , 86.70
4991 , 22916 , 26.77 , -73.1 , 3 , 14.93 , 11.372 , 4.248 , 245.08 , 85.89
5001 , 22968 , 26.53 , -73.2 , 3 , 14.89 , 11.309 , 4.263 , 245.89 , 85.09
5011 , 23020 , 26.29 , -73.4 , 3 , 14.84 , 11.241 , 4.275 , 246.67 , 84.30
5021 , 23074 , 26.05 , -73.2 , 2 , 14.79 , 11.153 , 4.281 , 247.49 , 83.48
5031 , 23127 , 25.82 , -73.1 , 2 , 14.74 , 10.940 , 4.238 , 248.28 , 82.69
5041 , 23182 , 25.58 , -72.8 , 2 , 14.70 , 10.665 , 4.170 , 249.08 , 81.90
5051 , 23236 , 25.34 , -72.7 , 2 , 14.65 , 10.458 , 4.127 , 249.84 , 81.13
5061 , 23288 , 25.12 , -72.8 , 2 , 14.60 , 10.318 , 4.108 , 250.58 , 80.40
5071 , 23344 , 24.88 , -73.0 , 2 , 14.56 , 10.168 , 4.087 , 251.34 , 79.63
5081 , 23400 , 24.64 , -73.2 , 3 , 14.51 , 10.066 , 4.085 , 252.11 , 78.86
5091 , 23456 , 24.41 , -73.5 , 3 , 14.46 , 9.960 , 4.081 , 252.87 , 78.10
5101 , 23511 , 24.18 , -73.8 , 3 , 14.41 , 9.915 , 4.101 , 253.61 , 77.37
5111 , 23567 , 23.95 , -74.1 , 3 , 14.37 , 9.822 , 4.101 , 254.35 , 76.62
5121 , 23623 , 23.72 , -74.3 , 3 , 14.32 , 9.771 , 4.120 , 255.10 , 75.87
5131 , 23679 , 23.49 , -74.6 , 3 , 14.27 , 9.704 , 4.131 , 255.83 , 75.14
5141 , 23731 , 23.28 , -74.8 , 2 , 14.23 , 9.636 , 4.139 , 256.52 , 74.46
5151 , 23783 , 23.08 , -74.8 , 2 , 14.18 , 9.541 , 4.135 , 257.19 , 73.78
5161 , 23836 , 22.86 , -74.9 , 2 , 14.14 , 9.418 , 4.119 , 257.88 , 73.09
5171 , 23887 , 22.66 , -74.8 , 2 , 14.09 , 9.309 , 4.107 , 258.53 , 72.44
5181 , 23940 , 22.46 , -74.9 , 2 , 14.04 , 9.120 , 4.060 , 259.19 , 71.79
5191 , 23989 , 22.27 , -74.5 , 2 , 14.00 , 8.919 , 4.005 , 259.79 , 71.18
5200 , 24034 , 22.10 , -74.8 , 2 , 13.96 , 8.751 , 3.960 , 260.33 , 70.64
5210 , 24079 , 21.93 , -74.9 , 2 , 13.91 , 8.658 , 3.949 , 260.86 , 70.11
5220 , 24125 , 21.75 , -75.1 , 3 , 13.86 , 8.540 , 3.926 , 261.41 , 69.57
5230 , 24173 , 21.58 , -74.8 , 2 , 13.82 , 8.475 , 3.928 , 261.96 , 69.02
5240 , 24222 , 21.39 , -74.7 , 2 , 13.78 , 8.412 , 3.932 , 262.52 , 68.45
5250 , 24270 , 21.22 , -74.8 , 2 , 13.73 , 8.358 , 3.939 , 263.07 , 67.91
5260 , 24318 , 21.04 , -74.8 , 2 , 13.69 , 8.356 , 3.971 , 263.61 , 67.37
5270 , 24366 , 20.87 , -74.5 , 2 , 13.64 , 8.357 , 4.004 , 264.16 , 66.81
5280 , 24419 , 20.68 , -74.3 , 2 , 13.60 , 8.356 , 4.041 , 264.76 , 66.21
5290 , 24474 , 20.49 , -74.3 , 2 , 13.56 , 8.271 , 4.037 , 265.37 , 65.60
5300 , 24524 , 20.31 , -74.3 , 3 , 13.51 , 8.190 , 4.033 , 265.94 , 65.04
5310 , 24579 , 20.12 , -74.3 , 3 , 13.47 , 8.122 , 4.036 , 266.54 , 64.43
5320 , 24634 , 19.93 , -74.3 , 3 , 13.43 , 8.020 , 4.023 , 267.14 , 63.83
5330 , 24688 , 19.75 , -73.9 , 3 , 13.39 , 7.911 , 4.006 , 267.73 , 63.24
5340 , 24744 , 19.56 , -74.3 , 3 , 13.34 , 7.799 , 3.987 , 268.32 , 62.65
5350 , 24804 , 19.36 , -74.5 , 3 , 13.30 , 7.717 , 3.986 , 268.95 , 62.02
5360 , 24861 , 19.17 , -74.7 , 3 , 13.25 , 7.660 , 3.996 , 269.55 , 61.42
5370 , 24921 , 18.97 , -74.9 , 3 , 13.21 , 7.618 , 4.016 , 270.17 , 60.80
5380 , 24982 , 18.77 , -74.9 , 3 , 13.17 , 7.549 , 4.021 , 270.80 , 60.18
5390 , 25040 , 18.59 , -75.0 , 3 , 13.12 , 7.509 , 4.040 , 271.40 , 59.58
5400 , 25099 , 18.40 , -74.8 , 3 , 13.07 , 7.430 , 4.038 , 271.99 , 58.98
5410 , 25157 , 18.22 , -74.4 , 3 , 13.03 , 7.342 , 4.030 , 272.58 , 58.40
5420 , 25211 , 18.05 , -74.5 , 3 , 12.99 , 7.246 , 4.015 , 273.12 , 57.86
5430 , 25263 , 17.89 , -74.5 , 3 , 12.94 , 7.169 , 4.008 , 273.63 , 57.35
5440 , 25316 , 17.72 , -74.8 , 3 , 12.90 , 7.091 , 4.001 , 274.13 , 56.84
5450 , 25367 , 17.57 , -75.0 , 3 , 12.86 , 7.035 , 4.004 , 274.63 , 56.35
5460 , 25417 , 17.42 , -75.2 , 3 , 12.82 , 6.992 , 4.014 , 275.10 , 55.87
5470 , 25467 , 17.27 , -74.8 , 3 , 12.78 , 6.928 , 4.012 , 275.58 , 55.40
5480 , 25518 , 17.12 , -74.6 , 3 , 12.74 , 6.875 , 4.016 , 276.05 , 54.92
5490 , 25565 , 16.98 , -74.5 , 3 , 12.70 , 6.829 , 4.022 , 276.49 , 54.48
5500 , 25611 , 16.85 , -74.3 , 3 , 12.66 , 6.768 , 4.017 , 276.92 , 54.06
5510 , 25658 , 16.71 , -74.9 , 3 , 12.62 , 6.726 , 4.025 , 277.35 , 53.63
5520 , 25706 , 16.57 , -74.9 , 3 , 12.58 , 6.657 , 4.016 , 277.78 , 53.19
5529 , 25748 , 16.45 , -75.1 , 3 , 12.54 , 6.595 , 4.008 , 278.16 , 52.81
5539 , 25792 , 16.33 , -74.5 , 2 , 12.50 , 6.529 , 3.998 , 278.55 , 52.42
5549 , 25836 , 16.21 , -74.2 , 2 , 12.46 , 6.457 , 3.984 , 278.94 , 52.03
5559 , 25880 , 16.08 , -74.3 , 3 , 12.42 , 6.388 , 3.972 , 279.33 , 51.65
5569 , 25929 , 15.95 , -74.2 , 3 , 12.38 , 6.309 , 3.956 , 279.75 , 51.23
5579 , 25977 , 15.82 , -74.1 , 3 , 12.34 , 6.240 , 3.944 , 280.15 , 50.82
5589 , 26023 , 15.69 , -74.4 , 3 , 12.30 , 6.227 , 3.968 , 280.54 , 50.43
5599 , 26075 , 15.55 , -74.3 , 3 , 12.26 , 6.185 , 3.977 , 280.98 , 49.99
5609 , 26127 , 15.42 , -74.1 , 3 , 12.22 , 6.118 , 3.969 , 281.42 , 49.56
5619 , 26183 , 15.27 , -73.7 , 3 , 12.18 , 6.049 , 3.962 , 281.88 , 49.10
5629 , 26237 , 15.13 , -73.7 , 3 , 12.14 , 5.989 , 3.959 , 282.32 , 48.66
5639 , 26290 , 14.99 , -73.5 , 3 , 12.10 , 5.966 , 3.980 , 282.74 , 48.23
5649 , 26347 , 14.85 , -73.4 , 3 , 12.06 , 5.920 , 3.987 , 283.20 , 47.78
5659 , 26402 , 14.71 , -73.4 , 3 , 12.01 , 5.866 , 3.989 , 283.64 , 47.34
5669 , 26457 , 14.57 , -73.5 , 3 , 11.97 , 5.837 , 4.006 , 284.07 , 46.90
5679 , 26512 , 14.43 , -73.4 , 3 , 11.93 , 5.798 , 4.017 , 284.50 , 46.47
5689 , 26567 , 14.30 , -73.3 , 2 , 11.89 , 5.749 , 4.021 , 284.93 , 46.04
5699 , 26622 , 14.16 , -73.3 , 2 , 11.85 , 5.708 , 4.030 , 285.36 , 45.62
5709 , 26678 , 14.03 , -73.5 , 2 , 11.80 , 5.674 , 4.044 , 285.78 , 45.19
5719 , 26732 , 13.90 , -73.4 , 2 , 11.77 , 5.602 , 4.031 , 286.20 , 44.77
5729 , 26787 , 13.77 , -73.2 , 2 , 11.72 , 5.540 , 4.024 , 286.61 , 44.36
5739 , 26840 , 13.65 , -73.1 , 2 , 11.68 , 5.465 , 4.005 , 287.01 , 43.97
5749 , 26895 , 13.52 , -72.8 , 2 , 11.64 , 5.419 , 4.009 , 287.41 , 43.57
5759 , 26951 , 13.39 , -72.8 , 2 , 11.60 , 5.382 , 4.019 , 287.81 , 43.16
5769 , 27005 , 13.27 , -72.8 , 2 , 11.56 , 5.337 , 4.022 , 288.20 , 42.77
5779 , 27058 , 13.15 , -72.3 , 2 , 11.52 , 5.296 , 4.029 , 288.59 , 42.39
5789 , 27114 , 13.02 , -72.1 , 2 , 11.48 , 5.276 , 4.051 , 288.98 , 41.99
5799 , 27168 , 12.90 , -71.9 , 2 , 11.45 , 5.252 , 4.070 , 289.36 , 41.61
5808 , 27217 , 12.80 , -71.9 , 2 , 11.41 , 5.195 , 4.059 , 289.71 , 41.27
5817 , 27267 , 12.69 , -71.8 , 2 , 11.38 , 5.150 , 4.058 , 290.05 , 40.93
5827 , 27320 , 12.57 , -71.6 , 2 , 11.34 , 5.123 , 4.074 , 290.42 , 40.56
5836 , 27368 , 12.48 , -71.5 , 2 , 11.31 , 5.098 , 4.087 , 290.74 , 40.23
