# ------------------------------------------------------------
#
# Flight name: V1107
# Station: Davis
# Launch Date: 06 July 2007
# Launch Time: 11:16:15
# 
# This file created: Tue Jul 10 11:27:15 2007
# 
# 
# ------------------------------------------------------------
# DATA COLUMNS
# Time (s)
# Height (m)
# Atmospheric Pressure (hPa)
# Atmospheric Temperature (°C)
# Relative Humidity (%)
# Box Temperature (°C)
# Ozone Partial Pressure (mPa)
# Ozone Mixing Ratio (ppmV)
# Accumulated Ozone to this Height (Dobson Units)
# Remaining Ozone above this Height (Dobson Units)
# 
# ------------------------------------------------------------
# 
# Integrated Ozone = 190.4 DU
# Extrapolated Ozone =  30.7 DU
# 
# Total Ozone = 221.1 DU
# 
# 
# ------------------------------------------------------------
0 , 18 , 987.24 , -9.5 , 33 , 31.03 , 3.082 , 0.031 , 0.00 , 221.12
10 , 52 , 982.79 , -9.5 , 35 , 31.00 , 3.236 , 0.033 , 0.11 , 221.01
20 , 89 , 978.11 , -9.7 , 35 , 30.97 , 3.357 , 0.034 , 0.24 , 220.88
30 , 140 , 971.74 , -9.9 , 34 , 30.89 , 3.438 , 0.035 , 0.41 , 220.71
40 , 191 , 965.32 , -10.2 , 34 , 30.84 , 3.550 , 0.037 , 0.59 , 220.53
49 , 242 , 958.90 , -10.3 , 33 , 30.75 , 3.537 , 0.037 , 0.78 , 220.34
58 , 294 , 952.44 , -10.5 , 32 , 30.71 , 3.546 , 0.037 , 0.97 , 220.15
68 , 350 , 945.49 , -11.0 , 32 , 30.66 , 3.506 , 0.037 , 1.17 , 219.95
78 , 403 , 939.00 , -10.9 , 31 , 30.55 , 3.509 , 0.037 , 1.36 , 219.76
88 , 457 , 932.46 , -10.2 , 25 , 30.49 , 3.481 , 0.037 , 1.56 , 219.56
98 , 499 , 927.35 , -10.1 , 23 , 30.40 , 3.492 , 0.038 , 1.71 , 219.41
108 , 548 , 921.50 , -10.5 , 23 , 30.31 , 3.475 , 0.038 , 1.88 , 219.24
118 , 601 , 915.15 , -10.8 , 23 , 30.23 , 3.452 , 0.038 , 2.07 , 219.05
128 , 658 , 908.43 , -10.8 , 21 , 30.24 , 3.451 , 0.038 , 2.27 , 218.85
138 , 715 , 901.66 , -11.0 , 20 , 30.21 , 3.429 , 0.038 , 2.48 , 218.65
148 , 769 , 895.39 , -11.5 , 21 , 30.11 , 3.425 , 0.038 , 2.66 , 218.46
158 , 823 , 889.08 , -11.8 , 20 , 30.02 , 3.440 , 0.039 , 2.86 , 218.27
168 , 877 , 882.77 , -12.2 , 20 , 30.08 , 3.435 , 0.039 , 3.05 , 218.07
178 , 931 , 876.52 , -12.8 , 21 , 30.09 , 3.399 , 0.039 , 3.24 , 217.88
188 , 990 , 869.78 , -13.3 , 21 , 30.02 , 3.354 , 0.039 , 3.45 , 217.67
198 , 1054 , 862.47 , -13.8 , 22 , 29.92 , 3.298 , 0.038 , 3.67 , 217.45
208 , 1114 , 855.72 , -14.2 , 22 , 29.85 , 3.282 , 0.038 , 3.87 , 217.25
218 , 1172 , 849.16 , -14.6 , 22 , 29.78 , 3.254 , 0.038 , 4.07 , 217.05
228 , 1226 , 843.10 , -15.1 , 23 , 29.65 , 3.239 , 0.038 , 4.25 , 216.87
238 , 1289 , 836.18 , -15.6 , 24 , 29.56 , 3.215 , 0.038 , 4.46 , 216.66
248 , 1343 , 830.14 , -15.8 , 22 , 29.55 , 3.236 , 0.039 , 4.65 , 216.47
258 , 1399 , 824.07 , -15.7 , 18 , 29.62 , 3.196 , 0.039 , 4.83 , 216.29
268 , 1449 , 818.63 , -15.8 , 17 , 29.49 , 3.294 , 0.040 , 5.00 , 216.12
278 , 1498 , 813.31 , -16.2 , 17 , 29.53 , 3.262 , 0.040 , 5.17 , 215.95
288 , 1549 , 807.73 , -16.7 , 17 , 29.53 , 3.204 , 0.040 , 5.35 , 215.77
298 , 1605 , 801.79 , -17.2 , 17 , 29.50 , 3.164 , 0.039 , 5.53 , 215.59
308 , 1656 , 796.31 , -17.6 , 18 , 29.44 , 3.129 , 0.039 , 5.70 , 215.42
318 , 1706 , 790.97 , -17.8 , 19 , 29.40 , 3.088 , 0.039 , 5.87 , 215.25
328 , 1752 , 786.12 , -18.2 , 20 , 29.35 , 3.061 , 0.039 , 6.02 , 215.10
338 , 1800 , 781.12 , -18.5 , 20 , 29.23 , 3.021 , 0.039 , 6.17 , 214.95
348 , 1846 , 776.25 , -18.8 , 23 , 29.17 , 2.995 , 0.039 , 6.32 , 214.80
357 , 1892 , 771.50 , -19.0 , 26 , 29.11 , 3.032 , 0.039 , 6.47 , 214.66
367 , 1935 , 767.05 , -18.9 , 26 , 29.15 , 3.027 , 0.039 , 6.60 , 214.52
377 , 1977 , 762.78 , -16.6 , 16 , 29.16 , 2.980 , 0.039 , 6.74 , 214.38
387 , 2019 , 758.57 , -15.4 , 7 , 29.03 , 2.965 , 0.039 , 6.87 , 214.25
397 , 2061 , 754.29 , -15.5 , 5 , 28.84 , 2.933 , 0.039 , 7.00 , 214.12
407 , 2107 , 749.76 , -15.4 , 4 , 28.80 , 2.914 , 0.039 , 7.14 , 213.98
417 , 2154 , 745.09 , -15.2 , 2 , 28.72 , 2.903 , 0.039 , 7.28 , 213.84
427 , 2205 , 740.10 , -15.4 , 1 , 28.66 , 2.884 , 0.039 , 7.43 , 213.69
437 , 2257 , 734.98 , -15.8 , 1 , 28.66 , 2.854 , 0.039 , 7.59 , 213.53
447 , 2304 , 730.38 , -16.1 , 2 , 28.59 , 2.873 , 0.039 , 7.73 , 213.39
457 , 2357 , 725.23 , -16.4 , 2 , 28.65 , 2.861 , 0.039 , 7.89 , 213.23
467 , 2407 , 720.43 , -16.7 , 2 , 28.67 , 2.840 , 0.039 , 8.04 , 213.08
477 , 2457 , 715.69 , -16.9 , 2 , 28.50 , 2.817 , 0.039 , 8.19 , 212.93
487 , 2510 , 710.62 , -17.2 , 2 , 28.52 , 2.801 , 0.039 , 8.35 , 212.77
497 , 2563 , 705.62 , -17.3 , 2 , 28.49 , 2.778 , 0.039 , 8.50 , 212.62
507 , 2616 , 700.68 , -17.4 , 2 , 28.54 , 2.764 , 0.039 , 8.66 , 212.46
517 , 2670 , 695.60 , -17.5 , 2 , 28.50 , 2.761 , 0.040 , 8.82 , 212.31
527 , 2726 , 690.41 , -17.7 , 4 , 28.55 , 2.760 , 0.040 , 8.98 , 212.14
537 , 2778 , 685.64 , -17.9 , 7 , 28.64 , 2.719 , 0.040 , 9.13 , 211.99
547 , 2828 , 681.06 , -18.0 , 11 , 28.63 , 2.689 , 0.039 , 9.27 , 211.85
557 , 2886 , 675.77 , -18.5 , 11 , 28.53 , 2.655 , 0.039 , 9.44 , 211.69
567 , 2942 , 670.74 , -18.9 , 12 , 28.53 , 2.677 , 0.040 , 9.59 , 211.53
577 , 2999 , 665.65 , -19.2 , 13 , 28.50 , 2.634 , 0.040 , 9.75 , 211.37
587 , 3058 , 660.30 , -19.4 , 15 , 28.43 , 2.566 , 0.039 , 9.92 , 211.20
597 , 3120 , 654.83 , -19.8 , 16 , 28.49 , 2.507 , 0.038 , 10.08 , 211.04
607 , 3176 , 649.96 , -20.1 , 16 , 28.49 , 2.485 , 0.038 , 10.23 , 210.89
617 , 3239 , 644.41 , -20.6 , 17 , 28.39 , 2.438 , 0.038 , 10.40 , 210.72
627 , 3300 , 639.14 , -20.9 , 17 , 28.27 , 2.412 , 0.038 , 10.56 , 210.57
637 , 3362 , 633.80 , -21.0 , 15 , 28.17 , 2.421 , 0.038 , 10.72 , 210.41
647 , 3426 , 628.31 , -21.2 , 12 , 28.13 , 2.442 , 0.039 , 10.88 , 210.24
657 , 3488 , 623.02 , -21.6 , 12 , 28.10 , 2.461 , 0.040 , 11.05 , 210.08
666 , 3546 , 618.15 , -21.7 , 12 , 28.03 , 2.465 , 0.040 , 11.20 , 209.92
676 , 3608 , 612.92 , -22.2 , 12 , 27.96 , 2.466 , 0.040 , 11.36 , 209.76
686 , 3669 , 607.92 , -22.8 , 13 , 27.95 , 2.454 , 0.040 , 11.52 , 209.60
696 , 3730 , 602.85 , -23.1 , 13 , 27.99 , 2.450 , 0.041 , 11.68 , 209.44
706 , 3791 , 597.81 , -23.3 , 14 , 28.02 , 2.455 , 0.041 , 11.85 , 209.27
716 , 3857 , 592.43 , -23.7 , 14 , 27.93 , 2.431 , 0.041 , 12.02 , 209.10
726 , 3920 , 587.33 , -24.1 , 14 , 27.86 , 2.373 , 0.040 , 12.19 , 208.94
736 , 3982 , 582.40 , -24.6 , 14 , 27.80 , 2.333 , 0.040 , 12.34 , 208.78
746 , 4041 , 577.70 , -24.9 , 14 , 27.75 , 2.307 , 0.040 , 12.49 , 208.63
756 , 4100 , 572.99 , -25.2 , 16 , 27.68 , 2.265 , 0.040 , 12.64 , 208.48
766 , 4160 , 568.29 , -25.6 , 19 , 27.64 , 2.213 , 0.039 , 12.78 , 208.34
776 , 4221 , 563.48 , -26.1 , 21 , 27.57 , 2.192 , 0.039 , 12.93 , 208.19
786 , 4290 , 558.13 , -26.7 , 25 , 27.63 , 2.145 , 0.038 , 13.09 , 208.03
796 , 4344 , 554.03 , -27.1 , 30 , 27.69 , 2.156 , 0.039 , 13.22 , 207.90
806 , 4398 , 549.87 , -27.5 , 34 , 27.57 , 2.138 , 0.039 , 13.35 , 207.77
816 , 4460 , 545.16 , -27.8 , 34 , 27.53 , 2.115 , 0.039 , 13.49 , 207.63
826 , 4514 , 541.07 , -28.1 , 32 , 27.56 , 2.117 , 0.039 , 13.62 , 207.50
836 , 4566 , 537.11 , -28.4 , 30 , 27.66 , 2.096 , 0.039 , 13.74 , 207.38
846 , 4621 , 533.04 , -28.8 , 29 , 27.72 , 2.111 , 0.040 , 13.87 , 207.26
856 , 4679 , 528.74 , -29.1 , 28 , 27.67 , 2.089 , 0.040 , 14.00 , 207.12
866 , 4737 , 524.43 , -29.6 , 28 , 27.73 , 2.072 , 0.040 , 14.13 , 206.99
876 , 4796 , 520.14 , -30.0 , 28 , 27.75 , 2.045 , 0.039 , 14.27 , 206.85
886 , 4852 , 516.05 , -30.4 , 28 , 27.68 , 2.037 , 0.039 , 14.40 , 206.73
896 , 4921 , 511.07 , -31.0 , 29 , 27.68 , 2.022 , 0.040 , 14.55 , 206.57
906 , 4986 , 506.40 , -31.6 , 30 , 27.71 , 2.023 , 0.040 , 14.70 , 206.42
916 , 5049 , 501.89 , -32.2 , 31 , 27.69 , 1.996 , 0.040 , 14.84 , 206.28
926 , 5112 , 497.43 , -32.7 , 32 , 27.70 , 1.976 , 0.040 , 14.98 , 206.14
936 , 5184 , 492.36 , -33.4 , 33 , 27.71 , 2.043 , 0.042 , 15.14 , 205.98
946 , 5244 , 488.15 , -33.9 , 34 , 27.61 , 2.067 , 0.042 , 15.28 , 205.84
955 , 5308 , 483.67 , -34.5 , 34 , 27.43 , 1.994 , 0.041 , 15.43 , 205.69
964 , 5368 , 479.52 , -35.0 , 34 , 27.30 , 1.954 , 0.041 , 15.56 , 205.56
974 , 5428 , 475.46 , -35.6 , 34 , 27.13 , 1.906 , 0.040 , 15.69 , 205.43
984 , 5496 , 470.78 , -36.3 , 37 , 27.03 , 1.878 , 0.040 , 15.84 , 205.28
994 , 5564 , 466.22 , -36.9 , 39 , 26.92 , 1.860 , 0.040 , 15.98 , 205.14
1004 , 5628 , 461.92 , -37.5 , 40 , 26.89 , 1.841 , 0.040 , 16.12 , 205.00
1014 , 5695 , 457.43 , -38.1 , 41 , 26.94 , 1.821 , 0.040 , 16.26 , 204.86
1024 , 5765 , 452.79 , -38.8 , 43 , 27.00 , 1.798 , 0.040 , 16.41 , 204.72
1034 , 5837 , 448.04 , -39.5 , 44 , 27.04 , 1.784 , 0.040 , 16.55 , 204.57
1044 , 5908 , 443.45 , -40.1 , 45 , 26.99 , 1.767 , 0.040 , 16.70 , 204.42
1054 , 5979 , 438.85 , -40.8 , 47 , 26.93 , 1.746 , 0.040 , 16.84 , 204.28
1064 , 6046 , 434.50 , -41.5 , 49 , 26.92 , 1.724 , 0.040 , 16.98 , 204.14
1074 , 6118 , 429.95 , -42.1 , 52 , 26.96 , 1.704 , 0.040 , 17.12 , 204.00
1084 , 6188 , 425.51 , -42.8 , 54 , 26.97 , 1.701 , 0.040 , 17.26 , 203.86
1094 , 6260 , 420.94 , -43.5 , 56 , 26.95 , 1.681 , 0.040 , 17.41 , 203.72
1104 , 6328 , 416.70 , -44.1 , 59 , 26.96 , 1.672 , 0.040 , 17.54 , 203.58
1114 , 6403 , 412.11 , -44.8 , 60 , 26.99 , 1.661 , 0.040 , 17.69 , 203.44
1124 , 6473 , 407.75 , -45.4 , 58 , 26.99 , 1.649 , 0.040 , 17.82 , 203.30
1134 , 6545 , 403.36 , -46.1 , 58 , 27.01 , 1.625 , 0.040 , 17.96 , 203.16
1144 , 6615 , 399.19 , -46.7 , 59 , 27.02 , 1.608 , 0.040 , 18.10 , 203.02
1154 , 6687 , 394.84 , -47.3 , 60 , 27.04 , 1.619 , 0.041 , 18.24 , 202.89
1164 , 6763 , 390.34 , -47.9 , 57 , 27.04 , 1.597 , 0.041 , 18.38 , 202.74
1174 , 6834 , 386.11 , -48.6 , 56 , 27.04 , 1.574 , 0.041 , 18.52 , 202.60
1184 , 6904 , 382.02 , -49.2 , 57 , 27.04 , 1.552 , 0.041 , 18.65 , 202.47
1194 , 6975 , 377.91 , -49.8 , 60 , 27.03 , 1.531 , 0.041 , 18.78 , 202.34
1204 , 7042 , 374.05 , -50.3 , 64 , 27.01 , 1.544 , 0.041 , 18.91 , 202.22
1214 , 7111 , 370.10 , -50.6 , 65 , 26.96 , 1.538 , 0.042 , 19.03 , 202.09
1224 , 7181 , 366.19 , -50.7 , 60 , 26.87 , 1.546 , 0.042 , 19.16 , 201.96
1234 , 7246 , 362.54 , -51.2 , 57 , 26.85 , 1.567 , 0.043 , 19.29 , 201.83
1244 , 7312 , 358.88 , -51.6 , 55 , 26.85 , 1.575 , 0.044 , 19.41 , 201.71
1254 , 7379 , 355.19 , -52.0 , 53 , 26.81 , 1.588 , 0.045 , 19.54 , 201.58
1263 , 7444 , 351.61 , -52.3 , 50 , 26.80 , 1.599 , 0.045 , 19.67 , 201.45
1273 , 7507 , 348.19 , -52.6 , 44 , 26.78 , 1.633 , 0.047 , 19.79 , 201.33
1283 , 7575 , 344.54 , -53.2 , 39 , 26.71 , 1.624 , 0.047 , 19.93 , 201.19
1293 , 7639 , 341.16 , -53.5 , 35 , 26.70 , 1.644 , 0.048 , 20.06 , 201.07
1303 , 7703 , 337.73 , -54.1 , 31 , 26.65 , 1.645 , 0.049 , 20.19 , 200.93
1313 , 7771 , 334.18 , -54.6 , 30 , 26.60 , 1.634 , 0.049 , 20.32 , 200.80
1323 , 7839 , 330.66 , -55.1 , 30 , 26.54 , 1.608 , 0.049 , 20.46 , 200.66
1333 , 7906 , 327.18 , -55.5 , 28 , 26.42 , 1.609 , 0.049 , 20.59 , 200.53
1343 , 7971 , 323.88 , -55.7 , 27 , 26.16 , 1.624 , 0.050 , 20.72 , 200.40
1353 , 8031 , 320.85 , -56.0 , 25 , 26.16 , 1.651 , 0.051 , 20.84 , 200.28
1363 , 8094 , 317.69 , -56.3 , 24 , 26.19 , 1.659 , 0.052 , 20.97 , 200.15
1373 , 8155 , 314.63 , -56.8 , 23 , 26.19 , 1.641 , 0.052 , 21.10 , 200.02
1383 , 8221 , 311.36 , -57.3 , 22 , 26.16 , 1.618 , 0.052 , 21.23 , 199.89
1393 , 8283 , 308.33 , -57.8 , 22 , 26.13 , 1.601 , 0.052 , 21.36 , 199.76
1403 , 8346 , 305.22 , -58.4 , 23 , 26.08 , 1.572 , 0.051 , 21.49 , 199.64
1413 , 8410 , 302.14 , -58.8 , 23 , 26.01 , 1.548 , 0.051 , 21.61 , 199.51
1423 , 8469 , 299.31 , -58.8 , 23 , 25.95 , 1.529 , 0.051 , 21.72 , 199.40
1433 , 8532 , 296.32 , -59.2 , 22 , 25.92 , 1.516 , 0.051 , 21.85 , 199.28
1443 , 8600 , 293.13 , -59.7 , 21 , 25.89 , 1.526 , 0.052 , 21.98 , 199.15
1453 , 8668 , 289.93 , -60.1 , 21 , 25.81 , 1.548 , 0.053 , 22.11 , 199.01
1463 , 8736 , 286.79 , -60.2 , 20 , 25.77 , 1.604 , 0.056 , 22.24 , 198.88
1473 , 8797 , 284.03 , -60.1 , 20 , 25.70 , 1.687 , 0.059 , 22.37 , 198.75
1483 , 8859 , 281.20 , -60.6 , 19 , 25.67 , 1.750 , 0.062 , 22.51 , 198.62
1493 , 8924 , 278.29 , -61.1 , 18 , 25.63 , 1.824 , 0.066 , 22.65 , 198.47
1503 , 8986 , 275.50 , -61.6 , 18 , 25.59 , 1.833 , 0.067 , 22.80 , 198.32
1513 , 9055 , 272.45 , -62.1 , 18 , 25.57 , 1.883 , 0.069 , 22.96 , 198.16
1523 , 9127 , 269.28 , -62.4 , 18 , 25.52 , 1.983 , 0.074 , 23.14 , 197.98
1533 , 9183 , 266.84 , -62.6 , 18 , 25.47 , 1.953 , 0.073 , 23.28 , 197.84
1543 , 9237 , 264.52 , -62.6 , 17 , 25.45 , 1.917 , 0.072 , 23.41 , 197.71
1553 , 9300 , 261.81 , -62.8 , 17 , 25.42 , 1.868 , 0.071 , 23.57 , 197.55
1563 , 9365 , 259.07 , -63.0 , 17 , 25.39 , 1.926 , 0.074 , 23.73 , 197.40
1572 , 9424 , 256.61 , -63.3 , 16 , 25.34 , 1.966 , 0.077 , 23.87 , 197.25
1582 , 9491 , 253.83 , -63.8 , 16 , 25.31 , 1.946 , 0.077 , 24.04 , 197.08
1592 , 9560 , 250.96 , -64.4 , 16 , 25.25 , 1.858 , 0.074 , 24.21 , 196.91
1602 , 9626 , 248.27 , -64.8 , 16 , 25.20 , 1.759 , 0.071 , 24.36 , 196.76
1612 , 9690 , 245.67 , -65.2 , 16 , 25.15 , 1.637 , 0.067 , 24.51 , 196.62
1622 , 9747 , 243.41 , -65.5 , 16 , 25.10 , 1.533 , 0.063 , 24.62 , 196.50
1632 , 9795 , 241.46 , -65.9 , 16 , 25.07 , 1.474 , 0.061 , 24.72 , 196.40
1642 , 9839 , 239.71 , -66.1 , 16 , 25.05 , 1.455 , 0.061 , 24.80 , 196.32
1652 , 9878 , 238.17 , -66.2 , 16 , 25.03 , 1.464 , 0.061 , 24.87 , 196.25
1662 , 9919 , 236.59 , -66.3 , 16 , 24.99 , 1.443 , 0.061 , 24.95 , 196.17
1672 , 9961 , 234.93 , -66.6 , 16 , 24.95 , 1.432 , 0.061 , 25.03 , 196.09
1682 , 10005 , 233.26 , -66.9 , 17 , 24.92 , 1.430 , 0.061 , 25.11 , 196.01
1692 , 10061 , 231.07 , -67.3 , 17 , 24.88 , 1.430 , 0.062 , 25.22 , 195.90
1702 , 10119 , 228.87 , -67.7 , 17 , 24.83 , 1.426 , 0.062 , 25.33 , 195.80
1712 , 10187 , 226.30 , -67.9 , 17 , 24.80 , 1.404 , 0.062 , 25.45 , 195.67
1722 , 10231 , 224.63 , -68.0 , 17 , 24.75 , 1.401 , 0.062 , 25.53 , 195.59
1732 , 10271 , 223.14 , -68.2 , 18 , 24.72 , 1.408 , 0.063 , 25.61 , 195.51
1742 , 10318 , 221.40 , -68.5 , 18 , 24.68 , 1.371 , 0.062 , 25.69 , 195.43
1752 , 10364 , 219.73 , -68.9 , 18 , 24.64 , 1.306 , 0.059 , 25.77 , 195.35
1762 , 10405 , 218.19 , -69.2 , 18 , 24.61 , 1.262 , 0.058 , 25.84 , 195.28
1772 , 10450 , 216.58 , -69.4 , 18 , 24.58 , 1.222 , 0.056 , 25.92 , 195.20
1782 , 10492 , 215.05 , -69.6 , 18 , 24.53 , 1.199 , 0.056 , 25.99 , 195.14
1792 , 10532 , 213.60 , -69.9 , 18 , 24.50 , 1.185 , 0.055 , 26.05 , 195.07
1802 , 10572 , 212.19 , -70.1 , 18 , 24.45 , 1.176 , 0.055 , 26.11 , 195.01
1812 , 10612 , 210.76 , -70.4 , 18 , 24.41 , 1.198 , 0.057 , 26.17 , 194.95
1822 , 10652 , 209.35 , -70.8 , 18 , 24.37 , 1.232 , 0.059 , 26.24 , 194.88
1832 , 10693 , 207.91 , -71.0 , 18 , 24.33 , 1.257 , 0.060 , 26.31 , 194.82
1842 , 10735 , 206.41 , -71.0 , 18 , 24.30 , 1.289 , 0.062 , 26.38 , 194.74
1852 , 10778 , 204.92 , -71.2 , 18 , 24.26 , 1.356 , 0.066 , 26.45 , 194.67
1862 , 10820 , 203.48 , -71.5 , 18 , 24.22 , 1.401 , 0.069 , 26.53 , 194.59
1871 , 10858 , 202.18 , -71.8 , 18 , 24.18 , 1.431 , 0.071 , 26.60 , 194.52
1881 , 10898 , 200.79 , -72.1 , 19 , 24.14 , 1.442 , 0.072 , 26.68 , 194.44
1891 , 10942 , 199.30 , -72.3 , 19 , 24.10 , 1.504 , 0.075 , 26.77 , 194.35
1901 , 10987 , 197.77 , -72.5 , 19 , 24.05 , 1.650 , 0.083 , 26.86 , 194.26
1911 , 11030 , 196.34 , -72.7 , 19 , 24.01 , 1.881 , 0.096 , 26.96 , 194.16
1921 , 11072 , 194.94 , -72.8 , 20 , 23.96 , 2.085 , 0.107 , 27.08 , 194.05
1930 , 11111 , 193.65 , -72.9 , 20 , 23.91 , 2.169 , 0.112 , 27.19 , 193.93
1940 , 11155 , 192.20 , -72.9 , 20 , 23.86 , 2.203 , 0.115 , 27.32 , 193.80
1950 , 11203 , 190.63 , -73.1 , 21 , 23.82 , 2.163 , 0.113 , 27.46 , 193.66
1960 , 11245 , 189.26 , -73.3 , 21 , 23.77 , 2.108 , 0.111 , 27.58 , 193.54
1970 , 11285 , 187.98 , -73.2 , 22 , 23.73 , 2.105 , 0.112 , 27.69 , 193.43
1980 , 11325 , 186.70 , -72.7 , 22 , 23.67 , 2.115 , 0.113 , 27.81 , 193.31
1990 , 11367 , 185.38 , -72.8 , 23 , 23.63 , 2.170 , 0.117 , 27.93 , 193.19
2000 , 11406 , 184.14 , -72.9 , 23 , 23.57 , 2.232 , 0.121 , 28.04 , 193.08
2010 , 11446 , 182.90 , -73.0 , 23 , 23.52 , 2.289 , 0.125 , 28.16 , 192.96
2020 , 11485 , 181.66 , -73.1 , 24 , 23.46 , 2.323 , 0.128 , 28.29 , 192.83
2030 , 11525 , 180.42 , -73.2 , 24 , 23.41 , 2.366 , 0.131 , 28.41 , 192.71
2040 , 11565 , 179.22 , -73.1 , 25 , 23.36 , 2.407 , 0.134 , 28.54 , 192.58
2050 , 11604 , 178.00 , -72.8 , 25 , 23.31 , 2.456 , 0.138 , 28.67 , 192.45
2060 , 11646 , 176.73 , -73.0 , 26 , 23.25 , 2.503 , 0.142 , 28.81 , 192.31
2070 , 11688 , 175.48 , -73.2 , 26 , 23.19 , 2.536 , 0.145 , 28.95 , 192.17
2080 , 11732 , 174.16 , -73.4 , 27 , 23.14 , 2.563 , 0.147 , 29.10 , 192.02
2090 , 11774 , 172.91 , -73.5 , 27 , 23.08 , 2.597 , 0.150 , 29.25 , 191.87
2100 , 11816 , 171.68 , -73.4 , 28 , 23.03 , 2.630 , 0.153 , 29.40 , 191.72
2110 , 11859 , 170.42 , -73.2 , 28 , 22.97 , 2.724 , 0.160 , 29.55 , 191.57
2120 , 11918 , 168.70 , -73.2 , 28 , 22.91 , 2.856 , 0.169 , 29.78 , 191.34
2130 , 11963 , 167.41 , -73.3 , 28 , 22.85 , 3.004 , 0.179 , 29.96 , 191.17
2140 , 12004 , 166.26 , -73.5 , 28 , 22.79 , 3.133 , 0.188 , 30.12 , 191.00
2150 , 12045 , 165.09 , -73.7 , 28 , 22.73 , 3.212 , 0.195 , 30.30 , 190.82
2160 , 12090 , 163.83 , -73.9 , 28 , 22.67 , 3.286 , 0.201 , 30.49 , 190.63
2170 , 12132 , 162.64 , -74.2 , 28 , 22.61 , 3.354 , 0.206 , 30.69 , 190.44
2179 , 12170 , 161.58 , -74.4 , 27 , 22.56 , 3.409 , 0.211 , 30.86 , 190.26
2188 , 12207 , 160.57 , -74.6 , 27 , 22.51 , 3.412 , 0.213 , 31.03 , 190.09
2198 , 12245 , 159.52 , -74.4 , 27 , 22.45 , 3.493 , 0.219 , 31.21 , 189.91
2208 , 12286 , 158.41 , -74.4 , 27 , 22.39 , 3.771 , 0.238 , 31.41 , 189.71
2218 , 12327 , 157.29 , -74.6 , 27 , 22.33 , 4.048 , 0.257 , 31.63 , 189.49
2228 , 12368 , 156.17 , -74.8 , 26 , 22.27 , 4.217 , 0.270 , 31.86 , 189.26
2238 , 12412 , 154.99 , -75.1 , 26 , 22.21 , 4.315 , 0.278 , 32.12 , 189.01
2248 , 12455 , 153.86 , -75.1 , 26 , 22.15 , 4.423 , 0.287 , 32.37 , 188.75
2258 , 12495 , 152.79 , -74.9 , 26 , 22.09 , 4.556 , 0.298 , 32.62 , 188.51
2268 , 12536 , 151.71 , -74.7 , 25 , 22.04 , 4.599 , 0.303 , 32.87 , 188.25
2278 , 12578 , 150.62 , -74.7 , 25 , 21.98 , 4.533 , 0.301 , 33.13 , 187.99
2288 , 12618 , 149.59 , -74.6 , 25 , 21.92 , 4.403 , 0.294 , 33.37 , 187.75
2298 , 12657 , 148.59 , -74.6 , 25 , 21.86 , 4.430 , 0.298 , 33.61 , 187.51
2308 , 12701 , 147.46 , -74.3 , 24 , 21.80 , 4.649 , 0.315 , 33.88 , 187.24
2318 , 12763 , 145.90 , -74.3 , 24 , 21.74 , 4.946 , 0.339 , 34.28 , 186.84
2328 , 12815 , 144.60 , -74.3 , 24 , 21.68 , 5.085 , 0.352 , 34.64 , 186.48
2338 , 12856 , 143.59 , -74.3 , 23 , 21.61 , 5.099 , 0.355 , 34.92 , 186.20
2348 , 12894 , 142.66 , -74.3 , 23 , 21.56 , 5.005 , 0.351 , 35.18 , 185.94
2358 , 12933 , 141.70 , -74.5 , 22 , 21.49 , 4.910 , 0.346 , 35.44 , 185.68
2368 , 12973 , 140.74 , -74.7 , 22 , 21.43 , 4.771 , 0.339 , 35.70 , 185.42
2378 , 13012 , 139.80 , -74.7 , 22 , 21.37 , 4.695 , 0.336 , 35.95 , 185.17
2387 , 13050 , 138.88 , -74.3 , 21 , 21.31 , 4.653 , 0.335 , 36.20 , 184.93
2397 , 13089 , 137.95 , -74.4 , 21 , 21.25 , 4.669 , 0.338 , 36.44 , 184.68
2407 , 13130 , 136.98 , -74.3 , 21 , 21.19 , 4.783 , 0.349 , 36.71 , 184.42
2417 , 13170 , 136.04 , -74.4 , 21 , 21.13 , 4.925 , 0.362 , 36.97 , 184.15
2427 , 13213 , 135.05 , -74.4 , 20 , 21.07 , 5.104 , 0.378 , 37.26 , 183.86
2437 , 13256 , 134.05 , -74.7 , 20 , 21.01 , 5.134 , 0.383 , 37.56 , 183.56
2447 , 13300 , 133.04 , -74.7 , 20 , 20.95 , 5.248 , 0.394 , 37.87 , 183.25
2457 , 13344 , 132.05 , -75.1 , 20 , 20.89 , 5.344 , 0.405 , 38.18 , 182.94
2467 , 13388 , 131.04 , -75.3 , 19 , 20.83 , 5.387 , 0.411 , 38.51 , 182.62
2477 , 13430 , 130.08 , -75.2 , 19 , 20.76 , 5.716 , 0.439 , 38.83 , 182.29
2486 , 13471 , 129.18 , -75.2 , 19 , 20.71 , 6.000 , 0.464 , 39.15 , 181.97
2495 , 13511 , 128.29 , -75.2 , 19 , 20.66 , 6.259 , 0.488 , 39.48 , 181.64
2505 , 13551 , 127.41 , -75.3 , 19 , 20.60 , 6.481 , 0.509 , 39.83 , 181.29
2515 , 13592 , 126.49 , -75.4 , 19 , 20.54 , 6.313 , 0.499 , 40.19 , 180.93
2525 , 13632 , 125.63 , -75.4 , 19 , 20.48 , 6.114 , 0.487 , 40.53 , 180.59
2535 , 13673 , 124.74 , -75.4 , 18 , 20.42 , 6.099 , 0.489 , 40.88 , 180.25
2545 , 13716 , 123.83 , -75.4 , 18 , 20.37 , 6.060 , 0.489 , 41.23 , 179.89
2555 , 13758 , 122.93 , -75.5 , 18 , 20.31 , 5.982 , 0.487 , 41.57 , 179.55
2565 , 13799 , 122.05 , -75.6 , 18 , 20.25 , 5.945 , 0.487 , 41.91 , 179.21
2575 , 13841 , 121.18 , -75.5 , 18 , 20.18 , 6.070 , 0.501 , 42.25 , 178.87
2585 , 13879 , 120.39 , -75.4 , 18 , 20.12 , 6.625 , 0.550 , 42.58 , 178.54
2595 , 13916 , 119.61 , -75.4 , 18 , 20.06 , 6.897 , 0.577 , 42.92 , 178.20
2605 , 13957 , 118.77 , -75.4 , 18 , 20.01 , 6.749 , 0.568 , 43.30 , 177.82
2615 , 13999 , 117.92 , -75.6 , 18 , 19.95 , 6.178 , 0.524 , 43.67 , 177.45
2625 , 14041 , 117.06 , -75.7 , 17 , 19.89 , 5.467 , 0.467 , 44.00 , 177.12
2635 , 14084 , 116.19 , -75.9 , 17 , 19.84 , 5.053 , 0.435 , 44.32 , 176.80
2645 , 14125 , 115.36 , -75.7 , 17 , 19.79 , 5.606 , 0.486 , 44.61 , 176.51
2655 , 14166 , 114.54 , -75.8 , 17 , 19.72 , 6.811 , 0.595 , 44.96 , 176.16
2665 , 14208 , 113.71 , -75.9 , 17 , 19.66 , 7.758 , 0.682 , 45.38 , 175.74
2675 , 14250 , 112.90 , -75.9 , 17 , 19.61 , 8.342 , 0.739 , 45.84 , 175.28
2685 , 14291 , 112.10 , -75.9 , 17 , 19.55 , 8.353 , 0.745 , 46.31 , 174.81
2695 , 14332 , 111.30 , -76.0 , 17 , 19.49 , 7.831 , 0.704 , 46.76 , 174.36
2705 , 14372 , 110.53 , -75.9 , 17 , 19.44 , 7.026 , 0.636 , 47.17 , 173.95
2715 , 14412 , 109.77 , -75.8 , 17 , 19.39 , 6.231 , 0.568 , 47.53 , 173.59
2725 , 14454 , 108.98 , -76.0 , 17 , 19.33 , 5.717 , 0.525 , 47.87 , 173.25
2735 , 14496 , 108.18 , -76.2 , 17 , 19.27 , 5.405 , 0.500 , 48.20 , 172.93
2745 , 14539 , 107.38 , -76.4 , 16 , 19.22 , 5.179 , 0.482 , 48.51 , 172.62
2755 , 14583 , 106.57 , -76.5 , 16 , 19.16 , 5.065 , 0.475 , 48.81 , 172.31
2765 , 14627 , 105.76 , -76.7 , 16 , 19.10 , 5.045 , 0.477 , 49.12 , 172.00
2775 , 14671 , 104.94 , -77.0 , 16 , 19.05 , 5.006 , 0.477 , 49.42 , 171.70
2785 , 14714 , 104.16 , -77.3 , 16 , 18.99 , 4.993 , 0.479 , 49.72 , 171.40
2795 , 14759 , 103.35 , -77.4 , 16 , 18.94 , 4.920 , 0.476 , 50.02 , 171.10
2805 , 14804 , 102.54 , -77.5 , 16 , 18.88 , 4.857 , 0.474 , 50.33 , 170.79
2814 , 14848 , 101.75 , -77.6 , 16 , 18.83 , 4.857 , 0.477 , 50.62 , 170.50
2824 , 14891 , 100.99 , -77.6 , 16 , 18.77 , 4.840 , 0.479 , 50.91 , 170.21
2834 , 14936 , 100.20 , -77.7 , 16 , 18.71 , 4.823 , 0.481 , 51.21 , 169.91
2844 , 14981 , 99.41 , -77.9 , 16 , 18.66 , 4.814 , 0.484 , 51.51 , 169.61
2854 , 15027 , 98.62 , -78.1 , 16 , 18.60 , 4.862 , 0.493 , 51.82 , 169.30
2864 , 15073 , 97.83 , -78.4 , 16 , 18.54 , 4.922 , 0.503 , 52.13 , 168.99
2874 , 15121 , 97.01 , -78.6 , 16 , 18.49 , 4.886 , 0.504 , 52.45 , 168.67
2884 , 15172 , 96.14 , -79.1 , 16 , 18.44 , 4.798 , 0.499 , 52.80 , 168.32
2894 , 15221 , 95.31 , -79.3 , 16 , 18.38 , 4.770 , 0.500 , 53.13 , 168.00
2904 , 15269 , 94.51 , -79.3 , 16 , 18.32 , 4.792 , 0.507 , 53.44 , 167.68
2914 , 15316 , 93.73 , -79.6 , 17 , 18.26 , 4.850 , 0.517 , 53.76 , 167.36
2924 , 15363 , 92.95 , -80.0 , 17 , 18.20 , 4.857 , 0.523 , 54.08 , 167.04
2934 , 15413 , 92.13 , -80.4 , 17 , 18.15 , 4.831 , 0.524 , 54.42 , 166.70
2944 , 15461 , 91.36 , -80.7 , 17 , 18.09 , 4.874 , 0.534 , 54.74 , 166.38
2954 , 15508 , 90.59 , -81.0 , 17 , 18.04 , 4.920 , 0.543 , 55.06 , 166.06
2964 , 15552 , 89.88 , -81.3 , 17 , 17.99 , 4.987 , 0.555 , 55.37 , 165.75
2974 , 15597 , 89.18 , -81.6 , 17 , 17.93 , 5.078 , 0.569 , 55.69 , 165.44
2984 , 15642 , 88.47 , -81.5 , 17 , 17.88 , 5.153 , 0.583 , 56.01 , 165.11
2993 , 15683 , 87.82 , -81.5 , 17 , 17.82 , 5.306 , 0.604 , 56.31 , 164.81
3004 , 15727 , 87.12 , -81.7 , 18 , 17.76 , 5.406 , 0.620 , 56.65 , 164.47
3014 , 15771 , 86.45 , -82.1 , 18 , 17.70 , 5.529 , 0.640 , 56.98 , 164.14
3024 , 15812 , 85.81 , -82.4 , 18 , 17.64 , 5.569 , 0.649 , 57.31 , 163.81
3034 , 15853 , 85.18 , -82.7 , 18 , 17.59 , 5.590 , 0.656 , 57.63 , 163.49
3044 , 15897 , 84.52 , -82.6 , 18 , 17.54 , 5.661 , 0.670 , 57.98 , 163.14
3054 , 15939 , 83.87 , -82.7 , 18 , 17.48 , 5.956 , 0.710 , 58.33 , 162.79
3064 , 15981 , 83.25 , -82.9 , 19 , 17.43 , 6.458 , 0.776 , 58.70 , 162.42
3074 , 16022 , 82.64 , -83.0 , 19 , 17.37 , 7.255 , 0.878 , 59.09 , 162.03
3084 , 16062 , 82.05 , -83.0 , 19 , 17.32 , 8.465 , 1.032 , 59.54 , 161.58
3094 , 16102 , 81.46 , -83.3 , 20 , 17.26 , 9.392 , 1.153 , 60.04 , 161.08
3104 , 16139 , 80.91 , -83.5 , 20 , 17.20 , 9.995 , 1.235 , 60.56 , 160.56
3113 , 16177 , 80.37 , -83.5 , 20 , 17.16 , 10.352 , 1.288 , 61.11 , 160.02
3122 , 16215 , 79.82 , -83.4 , 20 , 17.10 , 10.551 , 1.322 , 61.67 , 159.45
3133 , 16256 , 79.24 , -83.4 , 21 , 17.04 , 10.540 , 1.330 , 62.28 , 158.85
3142 , 16291 , 78.73 , -83.5 , 21 , 16.99 , 10.427 , 1.324 , 62.80 , 158.32
3152 , 16335 , 78.12 , -83.3 , 21 , 16.94 , 10.190 , 1.304 , 63.44 , 157.68
3162 , 16379 , 77.50 , -83.5 , 21 , 16.88 , 9.608 , 1.240 , 64.07 , 157.06
3172 , 16421 , 76.91 , -83.9 , 21 , 16.83 , 9.213 , 1.198 , 64.63 , 156.49
3182 , 16461 , 76.36 , -84.2 , 22 , 16.77 , 8.892 , 1.164 , 65.14 , 155.98
3192 , 16499 , 75.84 , -84.2 , 22 , 16.72 , 8.508 , 1.122 , 65.61 , 155.51
3202 , 16536 , 75.33 , -84.0 , 22 , 16.67 , 7.806 , 1.036 , 66.05 , 155.07
3212 , 16573 , 74.83 , -83.9 , 22 , 16.61 , 7.228 , 0.966 , 66.44 , 154.68
3221 , 16612 , 74.31 , -83.8 , 22 , 16.55 , 7.013 , 0.944 , 66.84 , 154.28
3231 , 16651 , 73.78 , -84.0 , 22 , 16.50 , 7.104 , 0.963 , 67.23 , 153.89
3241 , 16690 , 73.26 , -84.3 , 23 , 16.45 , 7.354 , 1.004 , 67.64 , 153.48
3252 , 16729 , 72.75 , -84.5 , 23 , 16.39 , 7.571 , 1.041 , 68.05 , 153.07
3261 , 16765 , 72.28 , -84.3 , 23 , 16.34 , 8.104 , 1.121 , 68.45 , 152.67
3272 , 16804 , 71.77 , -84.3 , 23 , 16.28 , 8.809 , 1.228 , 68.92 , 152.20
3282 , 16846 , 71.23 , -84.3 , 23 , 16.23 , 9.293 , 1.305 , 69.46 , 151.66
3292 , 16883 , 70.75 , -84.1 , 23 , 16.17 , 9.598 , 1.357 , 69.97 , 151.15
3301 , 16923 , 70.24 , -84.1 , 24 , 16.12 , 9.884 , 1.407 , 70.52 , 150.60
3311 , 16962 , 69.74 , -84.2 , 24 , 16.07 , 10.168 , 1.458 , 71.08 , 150.04
3321 , 17005 , 69.20 , -84.3 , 24 , 16.01 , 10.353 , 1.496 , 71.71 , 149.41
3331 , 17050 , 68.64 , -84.3 , 24 , 15.96 , 10.380 , 1.512 , 72.38 , 148.74
3341 , 17093 , 68.11 , -84.6 , 24 , 15.90 , 10.451 , 1.534 , 73.02 , 148.10
3351 , 17137 , 67.57 , -84.8 , 24 , 15.85 , 10.630 , 1.573 , 73.68 , 147.45
3361 , 17178 , 67.07 , -84.7 , 24 , 15.79 , 10.938 , 1.631 , 74.31 , 146.81
3371 , 17221 , 66.55 , -84.5 , 25 , 15.74 , 11.389 , 1.711 , 75.00 , 146.12
3381 , 17266 , 66.01 , -84.7 , 25 , 15.69 , 11.591 , 1.756 , 75.73 , 145.39
3391 , 17309 , 65.50 , -85.0 , 25 , 15.63 , 11.530 , 1.760 , 76.44 , 144.68
3401 , 17351 , 65.00 , -85.1 , 25 , 15.57 , 11.326 , 1.743 , 77.14 , 143.98
3411 , 17391 , 64.53 , -85.1 , 25 , 15.52 , 11.269 , 1.746 , 77.78 , 143.34
3421 , 17431 , 64.06 , -85.0 , 25 , 15.46 , 11.374 , 1.776 , 78.44 , 142.68
3430 , 17470 , 63.61 , -85.0 , 25 , 15.40 , 11.809 , 1.857 , 79.08 , 142.04
3440 , 17506 , 63.19 , -84.8 , 26 , 15.36 , 12.660 , 2.003 , 79.71 , 141.41
3449 , 17543 , 62.78 , -84.8 , 26 , 15.30 , 13.270 , 2.114 , 80.39 , 140.73
3459 , 17583 , 62.31 , -84.7 , 26 , 15.24 , 13.721 , 2.202 , 81.18 , 139.94
3469 , 17623 , 61.87 , -84.5 , 26 , 15.19 , 14.129 , 2.284 , 81.97 , 139.16
3479 , 17664 , 61.41 , -84.5 , 26 , 15.13 , 14.545 , 2.369 , 82.82 , 138.30
3489 , 17705 , 60.96 , -84.8 , 26 , 15.07 , 14.754 , 2.420 , 83.66 , 137.46
3499 , 17745 , 60.51 , -85.0 , 26 , 15.01 , 14.943 , 2.469 , 84.52 , 136.60
3509 , 17786 , 60.07 , -85.1 , 26 , 14.95 , 14.996 , 2.496 , 85.39 , 135.73
3519 , 17826 , 59.64 , -85.1 , 26 , 14.89 , 15.029 , 2.520 , 86.25 , 134.87
3529 , 17867 , 59.19 , -85.2 , 26 , 14.83 , 15.252 , 2.577 , 87.15 , 133.97
3539 , 17908 , 58.75 , -85.2 , 26 , 14.77 , 15.295 , 2.603 , 88.04 , 133.08
3549 , 17948 , 58.32 , -85.1 , 26 , 14.72 , 15.469 , 2.652 , 88.93 , 132.19
3559 , 17989 , 57.90 , -84.8 , 26 , 14.66 , 15.501 , 2.677 , 89.83 , 131.29
3569 , 18030 , 57.46 , -84.6 , 27 , 14.60 , 15.462 , 2.691 , 90.75 , 130.37
3579 , 18075 , 57.00 , -84.6 , 27 , 14.53 , 15.504 , 2.720 , 91.74 , 129.38
3589 , 18118 , 56.55 , -84.8 , 27 , 14.47 , 15.534 , 2.747 , 92.70 , 128.42
3599 , 18162 , 56.11 , -85.1 , 27 , 14.42 , 15.578 , 2.777 , 93.68 , 127.45
3609 , 18205 , 55.67 , -85.3 , 27 , 14.36 , 15.574 , 2.798 , 94.64 , 126.48
3619 , 18250 , 55.22 , -85.3 , 27 , 14.30 , 15.498 , 2.807 , 95.64 , 125.48
3629 , 18299 , 54.73 , -85.3 , 27 , 14.24 , 15.608 , 2.852 , 96.72 , 124.40
3638 , 18340 , 54.32 , -85.4 , 27 , 14.18 , 15.625 , 2.876 , 97.65 , 123.47
3649 , 18390 , 53.82 , -85.7 , 27 , 14.12 , 15.505 , 2.881 , 98.78 , 122.34
3658 , 18432 , 53.41 , -85.9 , 27 , 14.06 , 15.314 , 2.867 , 99.71 , 121.41
3668 , 18480 , 52.95 , -85.8 , 27 , 14.00 , 15.153 , 2.862 , 100.75 , 120.37
3678 , 18528 , 52.48 , -85.9 , 27 , 13.94 , 15.039 , 2.866 , 101.81 , 119.31
3688 , 18578 , 52.01 , -86.1 , 27 , 13.88 , 15.025 , 2.889 , 102.88 , 118.25
3698 , 18625 , 51.56 , -86.1 , 27 , 13.82 , 14.972 , 2.904 , 103.91 , 117.21
3708 , 18674 , 51.10 , -86.5 , 27 , 13.76 , 14.875 , 2.911 , 104.96 , 116.16
3718 , 18722 , 50.66 , -86.9 , 27 , 13.70 , 14.639 , 2.890 , 105.97 , 115.15
3728 , 18769 , 50.23 , -87.1 , 27 , 13.65 , 14.598 , 2.906 , 106.97 , 114.15
3737 , 18815 , 49.80 , -87.0 , 27 , 13.59 , 14.519 , 2.915 , 107.95 , 113.17
3747 , 18862 , 49.37 , -86.9 , 27 , 13.53 , 14.300 , 2.897 , 108.93 , 112.19
3757 , 18911 , 48.93 , -87.0 , 27 , 13.47 , 14.050 , 2.872 , 109.94 , 111.18
3767 , 18960 , 48.50 , -87.1 , 27 , 13.41 , 13.766 , 2.839 , 110.91 , 110.21
3777 , 19006 , 48.08 , -87.2 , 27 , 13.35 , 13.501 , 2.808 , 111.83 , 109.29
3787 , 19052 , 47.68 , -87.4 , 27 , 13.29 , 13.268 , 2.783 , 112.73 , 108.40
3797 , 19096 , 47.30 , -87.3 , 27 , 13.23 , 13.065 , 2.762 , 113.56 , 107.56
3807 , 19140 , 46.92 , -87.3 , 27 , 13.18 , 12.898 , 2.749 , 114.39 , 106.73
3817 , 19184 , 46.54 , -87.2 , 27 , 13.12 , 12.617 , 2.711 , 115.21 , 105.91
3827 , 19228 , 46.16 , -87.1 , 27 , 13.05 , 12.479 , 2.703 , 116.00 , 105.12
3837 , 19270 , 45.81 , -87.2 , 27 , 12.99 , 12.427 , 2.713 , 116.76 , 104.36
3847 , 19312 , 45.45 , -87.3 , 27 , 12.94 , 12.258 , 2.697 , 117.52 , 103.60
3857 , 19355 , 45.10 , -87.2 , 28 , 12.88 , 12.052 , 2.672 , 118.27 , 102.85
3867 , 19396 , 44.76 , -87.4 , 28 , 12.82 , 12.000 , 2.681 , 118.98 , 102.14
3876 , 19435 , 44.44 , -87.4 , 28 , 12.77 , 11.887 , 2.675 , 119.67 , 101.45
3887 , 19477 , 44.10 , -87.2 , 28 , 12.71 , 11.853 , 2.688 , 120.38 , 100.74
3897 , 19517 , 43.78 , -87.0 , 28 , 12.65 , 11.838 , 2.704 , 121.07 , 100.06
3907 , 19554 , 43.48 , -87.0 , 28 , 12.59 , 11.749 , 2.702 , 121.71 , 99.41
3916 , 19591 , 43.19 , -87.0 , 28 , 12.53 , 11.614 , 2.689 , 122.33 , 98.79
3927 , 19632 , 42.86 , -87.0 , 28 , 12.48 , 11.565 , 2.698 , 123.01 , 98.11
3937 , 19671 , 42.56 , -87.2 , 28 , 12.42 , 11.527 , 2.709 , 123.67 , 97.45
3946 , 19709 , 42.26 , -87.5 , 28 , 12.37 , 11.545 , 2.732 , 124.31 , 96.81
3956 , 19749 , 41.95 , -87.6 , 28 , 12.31 , 11.524 , 2.747 , 124.97 , 96.15
3966 , 19790 , 41.64 , -87.7 , 28 , 12.27 , 11.461 , 2.753 , 125.66 , 95.46
3976 , 19834 , 41.30 , -87.7 , 28 , 12.21 , 11.390 , 2.758 , 126.39 , 94.73
3986 , 19880 , 40.95 , -87.7 , 28 , 12.15 , 11.446 , 2.795 , 127.15 , 93.97
3996 , 19926 , 40.60 , -87.6 , 28 , 12.10 , 11.265 , 2.774 , 127.91 , 93.21
4006 , 19970 , 40.27 , -87.6 , 28 , 12.04 , 11.137 , 2.765 , 128.64 , 92.48
4016 , 20017 , 39.93 , -87.7 , 28 , 11.99 , 10.987 , 2.752 , 129.39 , 91.74
4026 , 20065 , 39.58 , -87.8 , 28 , 11.93 , 10.889 , 2.751 , 130.15 , 90.97
4036 , 20112 , 39.23 , -87.9 , 28 , 11.88 , 10.722 , 2.733 , 130.90 , 90.22
4045 , 20156 , 38.92 , -88.0 , 28 , 11.83 , 10.603 , 2.724 , 131.58 , 89.55
4054 , 20201 , 38.60 , -88.2 , 28 , 11.78 , 10.535 , 2.730 , 132.27 , 88.85
4064 , 20248 , 38.26 , -88.3 , 28 , 11.73 , 10.406 , 2.720 , 132.99 , 88.13
4073 , 20297 , 37.92 , -88.4 , 28 , 11.68 , 10.384 , 2.739 , 133.73 , 87.39
4084 , 20351 , 37.54 , -88.2 , 27 , 11.62 , 10.206 , 2.719 , 134.54 , 86.58
4094 , 20403 , 37.18 , -88.3 , 27 , 11.56 , 9.997 , 2.689 , 135.31 , 85.81
4104 , 20453 , 36.84 , -88.6 , 27 , 11.51 , 9.915 , 2.691 , 136.03 , 85.09
4114 , 20508 , 36.47 , -88.6 , 27 , 11.45 , 9.847 , 2.700 , 136.82 , 84.30
4124 , 20554 , 36.16 , -88.6 , 27 , 11.40 , 9.619 , 2.660 , 137.48 , 83.64
4134 , 20605 , 35.82 , -88.8 , 27 , 11.36 , 9.500 , 2.653 , 138.19 , 82.93
4143 , 20653 , 35.50 , -89.0 , 27 , 11.30 , 9.282 , 2.615 , 138.85 , 82.27
4153 , 20699 , 35.19 , -89.0 , 27 , 11.26 , 9.117 , 2.590 , 139.48 , 81.64
4164 , 20752 , 34.85 , -89.2 , 27 , 11.20 , 9.039 , 2.593 , 140.18 , 80.95
4174 , 20803 , 34.52 , -89.5 , 27 , 11.15 , 8.857 , 2.565 , 140.85 , 80.27
4184 , 20852 , 34.21 , -89.7 , 27 , 11.10 , 8.826 , 2.580 , 141.48 , 79.64
4193 , 20899 , 33.91 , -90.0 , 27 , 11.06 , 8.771 , 2.586 , 142.09 , 79.03
4204 , 20947 , 33.61 , -90.2 , 27 , 11.01 , 8.688 , 2.585 , 142.71 , 78.41
4214 , 20991 , 33.34 , -90.3 , 27 , 10.95 , 8.594 , 2.578 , 143.27 , 77.85
4224 , 21033 , 33.08 , -90.2 , 27 , 10.89 , 8.503 , 2.571 , 143.80 , 77.33
4234 , 21075 , 32.81 , -90.1 , 27 , 10.84 , 8.464 , 2.579 , 144.33 , 76.80
4244 , 21112 , 32.59 , -90.1 , 27 , 10.79 , 8.454 , 2.594 , 144.79 , 76.34
4254 , 21151 , 32.36 , -90.2 , 27 , 10.74 , 8.473 , 2.619 , 145.27 , 75.85
4264 , 21191 , 32.11 , -90.3 , 27 , 10.69 , 8.534 , 2.658 , 145.77 , 75.35
4274 , 21233 , 31.86 , -90.3 , 27 , 10.65 , 8.560 , 2.686 , 146.30 , 74.82
4284 , 21274 , 31.62 , -90.3 , 27 , 10.60 , 8.650 , 2.736 , 146.82 , 74.30
4294 , 21317 , 31.37 , -90.4 , 27 , 10.55 , 8.770 , 2.796 , 147.37 , 73.75
4304 , 21359 , 31.12 , -90.4 , 27 , 10.51 , 8.880 , 2.853 , 147.92 , 73.20
4314 , 21401 , 30.88 , -90.4 , 27 , 10.47 , 8.958 , 2.901 , 148.47 , 72.65
4324 , 21442 , 30.64 , -90.3 , 27 , 10.44 , 8.971 , 2.928 , 149.02 , 72.10
4334 , 21485 , 30.40 , -90.3 , 27 , 10.40 , 8.966 , 2.949 , 149.58 , 71.54
4343 , 21525 , 30.17 , -90.2 , 27 , 10.37 , 8.948 , 2.966 , 150.12 , 71.00
4352 , 21566 , 29.94 , -90.1 , 27 , 10.32 , 8.883 , 2.967 , 150.65 , 70.47
4361 , 21607 , 29.71 , -90.2 , 27 , 10.29 , 8.813 , 2.966 , 151.18 , 69.94
4371 , 21651 , 29.47 , -90.4 , 27 , 10.24 , 8.741 , 2.966 , 151.76 , 69.36
4380 , 21694 , 29.23 , -90.7 , 27 , 10.20 , 8.677 , 2.968 , 152.31 , 68.81
4390 , 21740 , 28.98 , -90.8 , 27 , 10.16 , 8.595 , 2.966 , 152.89 , 68.23
4400 , 21788 , 28.72 , -90.8 , 27 , 10.12 , 8.454 , 2.944 , 153.51 , 67.62
4410 , 21839 , 28.45 , -90.7 , 27 , 10.07 , 8.346 , 2.933 , 154.13 , 66.99
4420 , 21890 , 28.18 , -90.6 , 27 , 10.02 , 8.214 , 2.915 , 154.75 , 66.37
4430 , 21941 , 27.91 , -90.5 , 27 , 9.98 , 8.077 , 2.894 , 155.37 , 65.75
4439 , 21990 , 27.66 , -90.5 , 27 , 9.93 , 7.936 , 2.869 , 155.94 , 65.18
4449 , 22039 , 27.41 , -90.2 , 27 , 9.88 , 7.809 , 2.850 , 156.52 , 64.60
4458 , 22088 , 27.16 , -90.0 , 28 , 9.84 , 7.683 , 2.829 , 157.07 , 64.05
4469 , 22139 , 26.90 , -89.8 , 28 , 9.80 , 7.553 , 2.808 , 157.65 , 63.48
4479 , 22188 , 26.65 , -89.8 , 28 , 9.75 , 7.440 , 2.791 , 158.19 , 62.93
4488 , 22237 , 26.41 , -90.0 , 28 , 9.71 , 7.425 , 2.811 , 158.72 , 62.40
4498 , 22284 , 26.18 , -90.2 , 28 , 9.67 , 7.447 , 2.844 , 159.24 , 61.88
4508 , 22328 , 25.97 , -90.3 , 28 , 9.62 , 7.462 , 2.874 , 159.72 , 61.40
4519 , 22380 , 25.72 , -90.2 , 28 , 9.57 , 7.495 , 2.914 , 160.29 , 60.83
4529 , 22424 , 25.51 , -90.0 , 28 , 9.53 , 7.481 , 2.933 , 160.78 , 60.34
4539 , 22468 , 25.30 , -89.5 , 28 , 9.48 , 7.443 , 2.942 , 161.26 , 59.86
4549 , 22508 , 25.11 , -89.3 , 28 , 9.43 , 7.330 , 2.919 , 161.70 , 59.42
4559 , 22552 , 24.91 , -89.3 , 28 , 9.39 , 7.210 , 2.895 , 162.16 , 58.96
4569 , 22594 , 24.71 , -89.1 , 28 , 9.34 , 7.117 , 2.880 , 162.61 , 58.51
4579 , 22638 , 24.51 , -88.9 , 28 , 9.29 , 6.994 , 2.854 , 163.06 , 58.06
4589 , 22683 , 24.31 , -88.8 , 28 , 9.25 , 6.858 , 2.822 , 163.52 , 57.60
4599 , 22728 , 24.11 , -88.5 , 28 , 9.20 , 6.693 , 2.776 , 163.96 , 57.16
4609 , 22770 , 23.92 , -88.7 , 29 , 9.16 , 6.702 , 2.802 , 164.38 , 56.75
4618 , 22817 , 23.71 , -88.9 , 29 , 9.12 , 6.600 , 2.784 , 164.83 , 56.29
4628 , 22865 , 23.50 , -89.1 , 29 , 9.08 , 6.504 , 2.767 , 165.29 , 55.83
4638 , 22916 , 23.28 , -89.0 , 29 , 9.03 , 6.454 , 2.773 , 165.78 , 55.34
4648 , 22967 , 23.06 , -88.7 , 29 , 8.97 , 6.374 , 2.764 , 166.26 , 54.86
4658 , 23022 , 22.83 , -88.6 , 29 , 8.91 , 6.267 , 2.745 , 166.76 , 54.36
4667 , 23072 , 22.62 , -88.6 , 29 , 8.87 , 6.178 , 2.732 , 167.22 , 53.90
4676 , 23122 , 22.41 , -88.7 , 29 , 8.83 , 6.089 , 2.717 , 167.66 , 53.46
4685 , 23175 , 22.19 , -88.9 , 29 , 8.80 , 6.042 , 2.723 , 168.13 , 52.99
4696 , 23235 , 21.94 , -89.1 , 29 , 8.76 , 5.968 , 2.720 , 168.66 , 52.46
4707 , 23301 , 21.68 , -89.0 , 29 , 8.71 , 5.879 , 2.712 , 169.23 , 51.89
4716 , 23358 , 21.45 , -89.2 , 29 , 8.66 , 5.803 , 2.705 , 169.72 , 51.40
4726 , 23414 , 21.23 , -89.2 , 29 , 8.62 , 5.728 , 2.698 , 170.19 , 50.93
4736 , 23469 , 21.01 , -88.9 , 29 , 8.57 , 5.651 , 2.690 , 170.66 , 50.46
4746 , 23525 , 20.79 , -89.0 , 29 , 8.53 , 5.597 , 2.692 , 171.12 , 50.00
4756 , 23580 , 20.58 , -89.0 , 29 , 8.48 , 5.582 , 2.712 , 171.57 , 49.55
4766 , 23635 , 20.37 , -89.0 , 29 , 8.43 , 5.538 , 2.718 , 172.01 , 49.11
4776 , 23685 , 20.19 , -88.9 , 29 , 8.38 , 5.488 , 2.718 , 172.41 , 48.71
4786 , 23734 , 20.01 , -88.9 , 29 , 8.34 , 5.444 , 2.721 , 172.81 , 48.32
4796 , 23778 , 19.84 , -88.8 , 29 , 8.29 , 5.408 , 2.726 , 173.16 , 47.96
4806 , 23822 , 19.68 , -88.6 , 29 , 8.24 , 5.346 , 2.717 , 173.50 , 47.62
4816 , 23866 , 19.52 , -88.5 , 29 , 8.20 , 5.300 , 2.715 , 173.84 , 47.28
4826 , 23909 , 19.36 , -88.4 , 29 , 8.15 , 5.268 , 2.720 , 174.18 , 46.94
4836 , 23951 , 19.22 , -88.0 , 29 , 8.10 , 5.218 , 2.715 , 174.50 , 46.63
4846 , 23990 , 19.08 , -87.8 , 29 , 8.06 , 5.194 , 2.722 , 174.80 , 46.33
4856 , 24031 , 18.93 , -87.6 , 29 , 8.01 , 5.182 , 2.737 , 175.10 , 46.02
4866 , 24071 , 18.79 , -87.1 , 29 , 7.96 , 5.158 , 2.744 , 175.41 , 45.71
4876 , 24113 , 18.65 , -86.8 , 29 , 7.91 , 5.139 , 2.755 , 175.72 , 45.40
4886 , 24157 , 18.50 , -86.5 , 29 , 7.87 , 5.134 , 2.775 , 176.05 , 45.08
4896 , 24203 , 18.35 , -86.1 , 29 , 7.82 , 5.125 , 2.793 , 176.38 , 44.74
4906 , 24246 , 18.20 , -85.7 , 29 , 7.77 , 5.146 , 2.827 , 176.71 , 44.42
4916 , 24293 , 18.05 , -85.6 , 29 , 7.73 , 5.154 , 2.856 , 177.05 , 44.07
4926 , 24342 , 17.89 , -85.4 , 29 , 7.68 , 5.179 , 2.895 , 177.41 , 43.71
4936 , 24392 , 17.73 , -85.1 , 29 , 7.63 , 5.175 , 2.920 , 177.79 , 43.33
4946 , 24444 , 17.56 , -84.9 , 29 , 7.58 , 5.173 , 2.946 , 178.17 , 42.95
4956 , 24498 , 17.39 , -85.2 , 29 , 7.53 , 5.191 , 2.985 , 178.57 , 42.55
4965 , 24547 , 17.23 , -85.0 , 29 , 7.49 , 5.162 , 2.995 , 178.94 , 42.18
4974 , 24594 , 17.09 , -84.9 , 29 , 7.45 , 5.089 , 2.978 , 179.28 , 41.84
4984 , 24643 , 16.94 , -84.8 , 29 , 7.40 , 4.999 , 2.952 , 179.64 , 41.48
4994 , 24696 , 16.77 , -84.7 , 29 , 7.36 , 4.913 , 2.929 , 180.01 , 41.11
5004 , 24743 , 16.63 , -84.6 , 29 , 7.31 , 4.811 , 2.893 , 180.34 , 40.78
5014 , 24793 , 16.48 , -84.5 , 28 , 7.27 , 4.761 , 2.889 , 180.68 , 40.44
5024 , 24841 , 16.34 , -84.6 , 28 , 7.22 , 4.750 , 2.907 , 181.01 , 40.11
5034 , 24890 , 16.20 , -84.4 , 28 , 7.17 , 4.745 , 2.930 , 181.34 , 39.78
5044 , 24935 , 16.06 , -83.9 , 28 , 7.13 , 4.698 , 2.925 , 181.64 , 39.48
5054 , 24980 , 15.93 , -84.0 , 28 , 7.08 , 4.600 , 2.887 , 181.94 , 39.18
5064 , 25025 , 15.80 , -83.5 , 28 , 7.03 , 4.559 , 2.884 , 182.23 , 38.89
5074 , 25069 , 15.68 , -83.1 , 27 , 6.99 , 4.568 , 2.913 , 182.51 , 38.61
5084 , 25110 , 15.57 , -83.2 , 27 , 6.95 , 4.552 , 2.924 , 182.78 , 38.34
5094 , 25149 , 15.46 , -83.3 , 27 , 6.90 , 4.526 , 2.928 , 183.03 , 38.09
5104 , 25189 , 15.34 , -83.5 , 27 , 6.86 , 4.510 , 2.939 , 183.29 , 37.83
5114 , 25229 , 15.24 , -83.4 , 27 , 6.81 , 4.513 , 2.962 , 183.55 , 37.58
5124 , 25269 , 15.13 , -83.3 , 27 , 6.77 , 4.516 , 2.986 , 183.80 , 37.32
5134 , 25309 , 15.02 , -83.2 , 26 , 6.72 , 4.432 , 2.951 , 184.06 , 37.06
5144 , 25354 , 14.90 , -82.9 , 26 , 6.68 , 4.368 , 2.933 , 184.34 , 36.78
5154 , 25400 , 14.77 , -82.8 , 26 , 6.64 , 4.327 , 2.929 , 184.62 , 36.50
5164 , 25450 , 14.64 , -83.0 , 26 , 6.59 , 4.308 , 2.942 , 184.93 , 36.19
5174 , 25501 , 14.51 , -82.7 , 26 , 6.55 , 4.266 , 2.940 , 185.24 , 35.88
5184 , 25556 , 14.37 , -82.4 , 25 , 6.51 , 4.272 , 2.973 , 185.57 , 35.55
5194 , 25611 , 14.23 , -82.3 , 25 , 6.46 , 4.232 , 2.975 , 185.90 , 35.22
5204 , 25671 , 14.07 , -82.3 , 25 , 6.42 , 4.211 , 2.992 , 186.26 , 34.86
5214 , 25729 , 13.93 , -82.2 , 25 , 6.38 , 4.168 , 2.992 , 186.60 , 34.52
5224 , 25788 , 13.78 , -82.4 , 25 , 6.33 , 4.135 , 3.000 , 186.95 , 34.18
5234 , 25848 , 13.63 , -82.4 , 24 , 6.30 , 4.108 , 3.013 , 187.30 , 33.82
5244 , 25910 , 13.49 , -82.2 , 24 , 6.25 , 4.129 , 3.062 , 187.66 , 33.47
5254 , 25970 , 13.34 , -82.6 , 24 , 6.21 , 4.126 , 3.093 , 188.01 , 33.11
5263 , 26031 , 13.19 , -82.7 , 24 , 6.17 , 4.144 , 3.141 , 188.36 , 32.76
5273 , 26090 , 13.06 , -82.9 , 24 , 6.13 , 4.117 , 3.153 , 188.71 , 32.41
5282 , 26150 , 12.92 , -83.1 , 23 , 6.09 , 4.077 , 3.157 , 189.06 , 32.07
5291 , 26207 , 12.78 , -83.3 , 23 , 6.05 , 4.042 , 3.161 , 189.39 , 31.73
5301 , 26266 , 12.65 , -83.6 , 23 , 6.02 , 3.987 , 3.152 , 189.72 , 31.40
5311 , 26329 , 12.51 , -84.0 , 23 , 5.98 , 3.932 , 3.144 , 190.08 , 31.04
5321 , 26387 , 12.38 , -84.2 , 23 , 5.95 , 3.892 , 3.145 , 190.40 , 30.72
