# ------------------------------------------------------------
#
# Flight name: V1507
# Station: Davis
# Launch Date: 03 August 2007
# Launch Time: 11:34:53
# 
# This file created: Mon Aug 06 10:46:52 2007
# 
# 
# ------------------------------------------------------------
# DATA COLUMNS
# Time (s)
# Height (m)
# Atmospheric Pressure (hPa)
# Atmospheric Temperature (°C)
# Relative Humidity (%)
# Box Temperature (°C)
# Ozone Partial Pressure (mPa)
# Ozone Mixing Ratio (ppmV)
# Accumulated Ozone to this Height (Dobson Units)
# Remaining Ozone above this Height (Dobson Units)
# 
# ------------------------------------------------------------
# 
# Integrated Ozone = 126.3 DU
# Extrapolated Ozone =  46.6 DU
# 
# Total Ozone = 172.9 DU
# 
# 
# ------------------------------------------------------------
0 , 18 , 981.35 , -9.0 , 37 , 33.10 , 1.442 , 0.015 , 0.00 , 172.90
9 , 55 , 976.60 , -7.6 , 43 , 33.16 , 1.936 , 0.020 , 0.06 , 172.84
19 , 101 , 970.86 , -6.5 , 40 , 33.22 , 2.329 , 0.024 , 0.16 , 172.74
29 , 155 , 964.22 , -6.6 , 40 , 33.24 , 2.624 , 0.027 , 0.30 , 172.60
39 , 209 , 957.54 , -7.0 , 41 , 33.26 , 2.793 , 0.029 , 0.45 , 172.45
49 , 261 , 951.14 , -7.4 , 41 , 33.23 , 2.916 , 0.031 , 0.60 , 172.30
59 , 313 , 944.86 , -7.8 , 43 , 33.22 , 3.018 , 0.032 , 0.75 , 172.15
68 , 359 , 939.19 , -8.2 , 44 , 33.25 , 3.062 , 0.033 , 0.90 , 172.00
78 , 407 , 933.49 , -8.6 , 46 , 33.29 , 3.123 , 0.033 , 1.05 , 171.85
88 , 453 , 927.93 , -8.9 , 47 , 33.29 , 3.161 , 0.034 , 1.19 , 171.71
98 , 504 , 921.78 , -9.2 , 48 , 33.31 , 3.111 , 0.034 , 1.36 , 171.54
108 , 556 , 915.59 , -9.5 , 50 , 33.33 , 3.091 , 0.034 , 1.52 , 171.38
118 , 609 , 909.36 , -9.9 , 51 , 33.32 , 3.092 , 0.034 , 1.69 , 171.21
128 , 657 , 903.72 , -10.3 , 52 , 33.33 , 3.094 , 0.034 , 1.84 , 171.06
138 , 710 , 897.50 , -10.5 , 54 , 33.35 , 3.082 , 0.034 , 2.01 , 170.89
148 , 757 , 891.99 , -10.8 , 56 , 33.34 , 3.068 , 0.034 , 2.16 , 170.74
158 , 808 , 886.15 , -11.2 , 57 , 33.34 , 3.065 , 0.035 , 2.32 , 170.58
168 , 863 , 879.85 , -11.5 , 58 , 33.33 , 3.051 , 0.035 , 2.49 , 170.41
178 , 914 , 873.99 , -11.8 , 59 , 33.32 , 3.039 , 0.035 , 2.65 , 170.25
188 , 966 , 868.04 , -12.2 , 61 , 33.34 , 3.025 , 0.035 , 2.81 , 170.09
197 , 1017 , 862.32 , -12.4 , 65 , 33.35 , 2.991 , 0.035 , 2.97 , 169.93
207 , 1064 , 856.97 , -12.7 , 68 , 33.36 , 2.969 , 0.035 , 3.12 , 169.78
217 , 1124 , 850.30 , -13.3 , 70 , 33.36 , 2.939 , 0.035 , 3.30 , 169.60
227 , 1176 , 844.45 , -13.8 , 73 , 33.36 , 2.921 , 0.035 , 3.46 , 169.44
237 , 1233 , 838.15 , -14.3 , 75 , 33.35 , 2.909 , 0.035 , 3.63 , 169.27
247 , 1289 , 831.99 , -14.8 , 78 , 33.35 , 2.895 , 0.035 , 3.80 , 169.10
257 , 1346 , 825.66 , -15.4 , 83 , 33.34 , 2.873 , 0.035 , 3.98 , 168.93
267 , 1395 , 820.41 , -15.8 , 86 , 33.33 , 2.852 , 0.035 , 4.12 , 168.78
277 , 1452 , 814.23 , -16.3 , 88 , 33.33 , 2.816 , 0.035 , 4.29 , 168.61
287 , 1507 , 808.28 , -16.6 , 88 , 33.32 , 2.796 , 0.035 , 4.45 , 168.45
297 , 1560 , 802.54 , -16.9 , 90 , 33.30 , 2.780 , 0.035 , 4.61 , 168.29
307 , 1610 , 797.27 , -17.2 , 87 , 33.28 , 2.786 , 0.035 , 4.75 , 168.15
317 , 1666 , 791.29 , -17.6 , 88 , 33.28 , 2.751 , 0.035 , 4.92 , 167.98
327 , 1724 , 785.14 , -18.1 , 90 , 33.28 , 2.734 , 0.035 , 5.09 , 167.81
337 , 1782 , 779.13 , -18.7 , 93 , 33.26 , 2.687 , 0.034 , 5.25 , 167.65
347 , 1837 , 773.36 , -19.2 , 96 , 33.23 , 2.661 , 0.034 , 5.41 , 167.49
357 , 1886 , 768.31 , -19.7 , 98 , 33.21 , 2.649 , 0.034 , 5.54 , 167.36
367 , 1935 , 763.25 , -20.2 , 99 , 33.20 , 2.636 , 0.035 , 5.68 , 167.22
376 , 1979 , 758.68 , -20.6 , 99 , 33.17 , 2.618 , 0.035 , 5.81 , 167.09
385 , 2032 , 753.30 , -21.0 , 100 , 33.15 , 2.572 , 0.034 , 5.95 , 166.95
395 , 2087 , 747.74 , -19.7 , 95 , 33.12 , 2.568 , 0.034 , 6.10 , 166.80
405 , 2143 , 742.09 , -18.2 , 79 , 33.09 , 2.527 , 0.034 , 6.25 , 166.65
415 , 2198 , 736.63 , -17.5 , 70 , 33.06 , 2.485 , 0.034 , 6.40 , 166.50
425 , 2257 , 730.93 , -17.5 , 59 , 33.04 , 2.483 , 0.034 , 6.55 , 166.35
435 , 2312 , 725.58 , -17.5 , 44 , 33.02 , 2.485 , 0.034 , 6.70 , 166.20
445 , 2367 , 720.23 , -17.2 , 25 , 32.99 , 2.489 , 0.035 , 6.84 , 166.06
455 , 2424 , 714.80 , -16.7 , 7 , 32.98 , 2.500 , 0.035 , 6.99 , 165.91
465 , 2489 , 708.59 , -17.1 , 5 , 32.97 , 2.493 , 0.035 , 7.16 , 165.74
475 , 2553 , 702.54 , -17.8 , 5 , 32.95 , 2.480 , 0.035 , 7.33 , 165.57
485 , 2610 , 697.24 , -18.3 , 5 , 32.93 , 2.495 , 0.036 , 7.48 , 165.42
495 , 2665 , 692.07 , -18.8 , 6 , 32.91 , 2.478 , 0.036 , 7.63 , 165.27
505 , 2721 , 686.89 , -19.2 , 6 , 32.89 , 2.461 , 0.036 , 7.77 , 165.13
515 , 2780 , 681.45 , -19.6 , 6 , 32.87 , 2.450 , 0.036 , 7.93 , 164.97
525 , 2837 , 676.30 , -20.0 , 7 , 32.85 , 2.432 , 0.036 , 8.07 , 164.83
535 , 2892 , 671.29 , -20.5 , 8 , 32.82 , 2.406 , 0.036 , 8.22 , 164.69
545 , 2949 , 666.12 , -20.9 , 10 , 32.79 , 2.379 , 0.036 , 8.36 , 164.54
555 , 3006 , 660.99 , -21.2 , 10 , 32.77 , 2.349 , 0.036 , 8.51 , 164.40
565 , 3061 , 656.07 , -21.6 , 13 , 32.74 , 2.318 , 0.035 , 8.64 , 164.26
575 , 3123 , 650.59 , -22.1 , 16 , 32.71 , 2.272 , 0.035 , 8.79 , 164.11
585 , 3181 , 645.46 , -22.5 , 16 , 32.66 , 2.253 , 0.035 , 8.94 , 163.96
595 , 3239 , 640.38 , -23.0 , 16 , 32.61 , 2.220 , 0.035 , 9.08 , 163.82
605 , 3296 , 635.42 , -23.5 , 16 , 32.58 , 2.172 , 0.034 , 9.21 , 163.69
615 , 3354 , 630.39 , -23.9 , 16 , 32.54 , 2.160 , 0.034 , 9.35 , 163.55
625 , 3414 , 625.18 , -24.0 , 17 , 32.51 , 2.141 , 0.034 , 9.49 , 163.41
635 , 3472 , 620.21 , -24.4 , 16 , 32.49 , 2.124 , 0.034 , 9.62 , 163.28
645 , 3524 , 615.80 , -24.8 , 17 , 32.46 , 2.110 , 0.034 , 9.74 , 163.16
655 , 3584 , 610.76 , -25.2 , 18 , 32.43 , 2.080 , 0.034 , 9.88 , 163.02
665 , 3648 , 605.38 , -25.7 , 17 , 32.40 , 2.053 , 0.034 , 10.02 , 162.88
675 , 3708 , 600.42 , -26.2 , 18 , 32.34 , 2.039 , 0.034 , 10.15 , 162.75
684 , 3770 , 595.23 , -26.8 , 19 , 32.30 , 2.019 , 0.034 , 10.29 , 162.61
694 , 3823 , 590.91 , -27.1 , 20 , 32.27 , 2.007 , 0.034 , 10.41 , 162.49
704 , 3881 , 586.14 , -27.6 , 20 , 32.23 , 1.991 , 0.034 , 10.54 , 162.36
714 , 3948 , 580.72 , -28.1 , 21 , 32.20 , 1.971 , 0.034 , 10.68 , 162.22
724 , 4011 , 575.62 , -28.6 , 22 , 32.16 , 1.970 , 0.034 , 10.82 , 162.08
734 , 4078 , 570.24 , -29.1 , 24 , 32.12 , 1.989 , 0.035 , 10.97 , 161.94
744 , 4140 , 565.36 , -29.6 , 25 , 32.08 , 2.010 , 0.036 , 11.10 , 161.80
754 , 4200 , 560.60 , -29.8 , 25 , 32.04 , 2.008 , 0.036 , 11.23 , 161.67
764 , 4258 , 556.01 , -30.2 , 26 , 31.99 , 2.039 , 0.037 , 11.37 , 161.53
774 , 4319 , 551.27 , -30.8 , 27 , 31.96 , 2.053 , 0.037 , 11.50 , 161.40
784 , 4384 , 546.24 , -31.4 , 28 , 31.93 , 2.047 , 0.037 , 11.65 , 161.25
794 , 4447 , 541.40 , -31.8 , 28 , 31.89 , 2.037 , 0.038 , 11.80 , 161.10
804 , 4507 , 536.85 , -32.3 , 29 , 31.86 , 2.024 , 0.038 , 11.93 , 160.97
814 , 4578 , 531.44 , -32.6 , 29 , 31.82 , 2.012 , 0.038 , 12.09 , 160.81
824 , 4643 , 526.58 , -31.8 , 22 , 31.77 , 2.003 , 0.038 , 12.24 , 160.66
834 , 4700 , 522.34 , -31.1 , 12 , 31.73 , 2.012 , 0.039 , 12.37 , 160.53
844 , 4762 , 517.82 , -31.1 , 8 , 31.69 , 2.007 , 0.039 , 12.50 , 160.40
854 , 4825 , 513.24 , -30.1 , 4 , 31.65 , 1.996 , 0.039 , 12.64 , 160.26
864 , 4886 , 508.83 , -30.0 , 3 , 31.62 , 1.963 , 0.039 , 12.78 , 160.12
874 , 4951 , 504.17 , -30.4 , 3 , 31.58 , 1.945 , 0.039 , 12.92 , 159.98
884 , 5020 , 499.35 , -30.7 , 3 , 31.53 , 1.928 , 0.039 , 13.07 , 159.83
894 , 5085 , 494.79 , -30.8 , 2 , 31.47 , 1.901 , 0.038 , 13.21 , 159.69
904 , 5146 , 490.55 , -31.1 , 2 , 31.42 , 1.877 , 0.038 , 13.33 , 159.57
914 , 5205 , 486.44 , -31.5 , 2 , 31.37 , 1.853 , 0.038 , 13.46 , 159.44
924 , 5275 , 481.64 , -32.0 , 2 , 31.34 , 1.793 , 0.037 , 13.60 , 159.30
934 , 5341 , 477.17 , -32.5 , 2 , 31.30 , 1.738 , 0.036 , 13.73 , 159.17
944 , 5405 , 472.89 , -32.9 , 3 , 31.26 , 1.719 , 0.036 , 13.85 , 159.05
954 , 5469 , 468.54 , -33.4 , 5 , 31.22 , 1.713 , 0.037 , 13.98 , 158.92
964 , 5540 , 463.87 , -33.9 , 6 , 31.18 , 1.691 , 0.036 , 14.11 , 158.79
974 , 5609 , 459.33 , -34.4 , 9 , 31.14 , 1.653 , 0.036 , 14.24 , 158.66
983 , 5666 , 455.57 , -34.9 , 10 , 31.11 , 1.615 , 0.035 , 14.35 , 158.55
993 , 5728 , 451.56 , -35.2 , 10 , 31.06 , 1.592 , 0.035 , 14.46 , 158.44
1003 , 5792 , 447.42 , -35.7 , 10 , 31.02 , 1.574 , 0.035 , 14.58 , 158.32
1013 , 5862 , 442.93 , -36.3 , 10 , 30.97 , 1.544 , 0.035 , 14.70 , 158.20
1023 , 5932 , 438.45 , -36.8 , 7 , 30.93 , 1.531 , 0.035 , 14.82 , 158.08
1033 , 6000 , 434.18 , -37.2 , 14 , 30.90 , 1.540 , 0.035 , 14.94 , 157.96
1043 , 6068 , 429.91 , -37.8 , 29 , 30.86 , 1.512 , 0.035 , 15.06 , 157.84
1053 , 6129 , 426.11 , -38.3 , 37 , 30.82 , 1.493 , 0.035 , 15.17 , 157.73
1063 , 6189 , 422.38 , -38.7 , 39 , 30.78 , 1.478 , 0.035 , 15.27 , 157.63
1073 , 6252 , 418.54 , -39.2 , 38 , 30.73 , 1.476 , 0.035 , 15.38 , 157.52
1083 , 6321 , 414.36 , -39.7 , 36 , 30.69 , 1.467 , 0.035 , 15.49 , 157.41
1093 , 6391 , 410.12 , -40.3 , 35 , 30.65 , 1.443 , 0.035 , 15.61 , 157.29
1103 , 6458 , 406.08 , -41.0 , 36 , 30.61 , 1.419 , 0.035 , 15.72 , 157.18
1113 , 6521 , 402.36 , -41.6 , 41 , 30.57 , 1.411 , 0.035 , 15.83 , 157.07
1123 , 6589 , 398.33 , -42.1 , 44 , 30.53 , 1.391 , 0.035 , 15.94 , 156.96
1133 , 6657 , 394.31 , -42.7 , 48 , 30.48 , 1.365 , 0.035 , 16.05 , 156.85
1143 , 6721 , 390.59 , -43.3 , 52 , 30.44 , 1.349 , 0.035 , 16.15 , 156.75
1153 , 6785 , 386.88 , -43.7 , 55 , 30.40 , 1.332 , 0.034 , 16.25 , 156.65
1163 , 6851 , 383.14 , -44.1 , 54 , 30.36 , 1.343 , 0.035 , 16.35 , 156.55
1173 , 6913 , 379.58 , -44.6 , 53 , 30.32 , 1.347 , 0.035 , 16.45 , 156.45
1183 , 6979 , 375.85 , -45.1 , 54 , 30.27 , 1.332 , 0.035 , 16.56 , 156.34
1193 , 7044 , 372.18 , -45.5 , 55 , 30.23 , 1.331 , 0.036 , 16.66 , 156.24
1203 , 7108 , 368.67 , -46.1 , 54 , 30.19 , 1.324 , 0.036 , 16.76 , 156.14
1213 , 7174 , 365.00 , -46.6 , 55 , 30.15 , 1.324 , 0.036 , 16.86 , 156.04
1223 , 7239 , 361.42 , -47.2 , 56 , 30.10 , 1.299 , 0.036 , 16.96 , 155.94
1233 , 7303 , 357.94 , -47.7 , 57 , 30.06 , 1.293 , 0.036 , 17.06 , 155.84
1243 , 7378 , 353.92 , -48.3 , 57 , 30.01 , 1.280 , 0.036 , 17.18 , 155.72
1253 , 7445 , 350.29 , -48.9 , 59 , 29.97 , 1.267 , 0.036 , 17.28 , 155.62
1263 , 7506 , 347.04 , -49.4 , 61 , 29.93 , 1.261 , 0.036 , 17.38 , 155.53
1273 , 7564 , 343.99 , -49.8 , 59 , 29.89 , 1.229 , 0.036 , 17.46 , 155.44
1283 , 7630 , 340.54 , -50.3 , 57 , 29.84 , 1.182 , 0.035 , 17.56 , 155.34
1292 , 7689 , 337.48 , -50.9 , 58 , 29.81 , 1.118 , 0.033 , 17.64 , 155.26
1302 , 7750 , 334.30 , -51.3 , 59 , 29.77 , 1.077 , 0.032 , 17.72 , 155.18
1312 , 7812 , 331.16 , -51.6 , 56 , 29.72 , 1.044 , 0.032 , 17.80 , 155.10
1322 , 7874 , 328.01 , -52.0 , 52 , 29.68 , 1.027 , 0.031 , 17.88 , 155.02
1332 , 7941 , 324.60 , -52.5 , 50 , 29.64 , 1.006 , 0.031 , 17.96 , 154.94
1342 , 8008 , 321.28 , -53.1 , 50 , 29.60 , 0.983 , 0.031 , 18.04 , 154.86
1352 , 8071 , 318.13 , -53.7 , 51 , 29.56 , 0.953 , 0.030 , 18.12 , 154.78
1362 , 8132 , 315.10 , -54.3 , 52 , 29.52 , 0.932 , 0.030 , 18.19 , 154.71
1372 , 8195 , 312.04 , -54.7 , 54 , 29.48 , 0.916 , 0.029 , 18.26 , 154.64
1382 , 8260 , 308.88 , -55.2 , 56 , 29.44 , 0.896 , 0.029 , 18.33 , 154.57
1392 , 8323 , 305.82 , -55.8 , 57 , 29.39 , 0.896 , 0.029 , 18.40 , 154.50
1402 , 8387 , 302.76 , -56.3 , 59 , 29.35 , 0.901 , 0.030 , 18.48 , 154.43
1412 , 8449 , 299.80 , -56.8 , 60 , 29.31 , 0.899 , 0.030 , 18.55 , 154.36
1422 , 8511 , 296.90 , -57.0 , 57 , 29.27 , 0.884 , 0.030 , 18.61 , 154.29
1432 , 8572 , 294.06 , -57.4 , 55 , 29.23 , 0.858 , 0.029 , 18.68 , 154.22
1442 , 8637 , 291.05 , -57.9 , 55 , 29.18 , 0.838 , 0.029 , 18.75 , 154.15
1452 , 8698 , 288.20 , -58.4 , 56 , 29.13 , 0.815 , 0.028 , 18.81 , 154.09
1462 , 8761 , 285.32 , -58.8 , 57 , 29.08 , 0.790 , 0.028 , 18.88 , 154.02
1472 , 8825 , 282.43 , -59.4 , 58 , 29.03 , 0.782 , 0.028 , 18.94 , 153.96
1482 , 8889 , 279.59 , -59.8 , 59 , 29.00 , 0.760 , 0.027 , 19.00 , 153.90
1492 , 8958 , 276.50 , -60.2 , 59 , 28.95 , 0.759 , 0.027 , 19.07 , 153.83
1502 , 9023 , 273.63 , -60.8 , 59 , 28.90 , 0.783 , 0.029 , 19.13 , 153.77
1512 , 9081 , 271.07 , -61.2 , 58 , 28.85 , 0.801 , 0.030 , 19.19 , 153.71
1522 , 9145 , 268.27 , -61.7 , 57 , 28.80 , 0.790 , 0.029 , 19.25 , 153.65
1532 , 9208 , 265.56 , -62.2 , 56 , 28.76 , 0.788 , 0.030 , 19.32 , 153.58
1542 , 9276 , 262.64 , -62.8 , 54 , 28.71 , 0.797 , 0.030 , 19.39 , 153.51
1552 , 9349 , 259.57 , -63.4 , 53 , 28.66 , 0.775 , 0.030 , 19.46 , 153.44
1562 , 9414 , 256.82 , -64.0 , 51 , 28.62 , 0.771 , 0.030 , 19.53 , 153.38
1572 , 9476 , 254.24 , -64.5 , 50 , 28.56 , 0.776 , 0.031 , 19.59 , 153.31
1582 , 9537 , 251.69 , -65.1 , 50 , 28.51 , 0.818 , 0.032 , 19.65 , 153.25
1591 , 9598 , 249.18 , -65.7 , 51 , 28.45 , 0.836 , 0.034 , 19.72 , 153.19
1601 , 9663 , 246.52 , -66.2 , 52 , 28.40 , 0.830 , 0.034 , 19.79 , 153.11
1611 , 9733 , 243.69 , -66.8 , 52 , 28.35 , 0.790 , 0.032 , 19.86 , 153.04
1621 , 9795 , 241.20 , -67.3 , 53 , 28.30 , 0.766 , 0.032 , 19.92 , 152.98
1631 , 9856 , 238.77 , -67.8 , 54 , 28.25 , 0.739 , 0.031 , 19.98 , 152.92
1641 , 9927 , 235.96 , -68.4 , 54 , 28.19 , 0.689 , 0.029 , 20.05 , 152.85
1651 , 9990 , 233.50 , -68.9 , 54 , 28.14 , 0.656 , 0.028 , 20.11 , 152.80
1661 , 10044 , 231.38 , -69.3 , 53 , 28.09 , 0.627 , 0.027 , 20.15 , 152.75
1671 , 10104 , 229.08 , -69.8 , 53 , 28.03 , 0.598 , 0.026 , 20.20 , 152.70
1681 , 10157 , 227.04 , -70.2 , 52 , 27.98 , 0.572 , 0.025 , 20.24 , 152.66
1691 , 10208 , 225.09 , -70.6 , 52 , 27.93 , 0.565 , 0.025 , 20.28 , 152.62
1701 , 10274 , 222.59 , -71.1 , 52 , 27.88 , 0.562 , 0.025 , 20.33 , 152.57
1711 , 10332 , 220.41 , -71.6 , 52 , 27.83 , 0.544 , 0.025 , 20.37 , 152.53
1721 , 10381 , 218.62 , -72.0 , 53 , 27.77 , 0.538 , 0.025 , 20.41 , 152.49
1731 , 10429 , 216.83 , -72.3 , 53 , 27.71 , 0.539 , 0.025 , 20.44 , 152.46
1741 , 10479 , 214.97 , -72.7 , 53 , 27.65 , 0.546 , 0.025 , 20.48 , 152.42
1751 , 10532 , 213.06 , -73.2 , 53 , 27.60 , 0.546 , 0.026 , 20.52 , 152.38
1761 , 10594 , 210.82 , -73.6 , 53 , 27.56 , 0.541 , 0.026 , 20.56 , 152.34
1771 , 10658 , 208.51 , -74.1 , 53 , 27.49 , 0.542 , 0.026 , 20.61 , 152.29
1781 , 10723 , 206.18 , -74.6 , 53 , 27.45 , 0.557 , 0.027 , 20.66 , 152.24
1791 , 10790 , 203.83 , -74.6 , 52 , 27.39 , 0.687 , 0.034 , 20.72 , 152.19
1801 , 10855 , 201.58 , -74.4 , 52 , 27.32 , 0.950 , 0.047 , 20.79 , 152.11
1811 , 10935 , 198.82 , -74.6 , 52 , 27.28 , 1.208 , 0.061 , 20.90 , 152.00
1821 , 11012 , 196.18 , -75.0 , 52 , 27.22 , 1.436 , 0.073 , 21.04 , 151.86
1831 , 11070 , 194.23 , -75.4 , 53 , 27.17 , 1.648 , 0.085 , 21.17 , 151.74
1841 , 11125 , 192.40 , -75.5 , 53 , 27.11 , 1.807 , 0.094 , 21.29 , 151.61
1851 , 11174 , 190.77 , -74.6 , 52 , 27.06 , 2.027 , 0.106 , 21.42 , 151.48
1861 , 11219 , 189.31 , -74.2 , 51 , 27.01 , 2.270 , 0.120 , 21.55 , 151.35
1871 , 11266 , 187.79 , -73.6 , 50 , 26.96 , 2.514 , 0.134 , 21.71 , 151.20
1881 , 11315 , 186.21 , -73.3 , 49 , 26.90 , 2.787 , 0.150 , 21.88 , 151.02
1890 , 11368 , 184.54 , -73.4 , 48 , 26.84 , 2.990 , 0.162 , 22.09 , 150.81
1900 , 11431 , 182.54 , -73.8 , 47 , 26.78 , 3.068 , 0.168 , 22.35 , 150.55
1910 , 11488 , 180.78 , -73.8 , 46 , 26.73 , 3.075 , 0.170 , 22.58 , 150.32
1920 , 11533 , 179.38 , -73.7 , 46 , 26.67 , 3.046 , 0.170 , 22.77 , 150.13
1930 , 11583 , 177.85 , -74.0 , 45 , 26.60 , 3.002 , 0.169 , 22.97 , 149.93
1940 , 11628 , 176.49 , -74.3 , 45 , 26.51 , 2.972 , 0.168 , 23.16 , 149.74
1950 , 11688 , 174.68 , -74.5 , 45 , 26.45 , 2.995 , 0.171 , 23.40 , 149.50
1960 , 11756 , 172.65 , -74.8 , 44 , 26.40 , 3.009 , 0.174 , 23.68 , 149.23
1970 , 11823 , 170.67 , -75.2 , 44 , 26.35 , 3.088 , 0.181 , 23.95 , 148.95
1980 , 11892 , 168.66 , -75.6 , 44 , 26.28 , 3.128 , 0.185 , 24.24 , 148.66
1990 , 11939 , 167.29 , -75.7 , 44 , 26.21 , 3.196 , 0.191 , 24.45 , 148.45
2000 , 11983 , 166.02 , -75.9 , 43 , 26.15 , 3.218 , 0.194 , 24.64 , 148.26
2010 , 12028 , 164.74 , -76.0 , 43 , 26.08 , 3.260 , 0.198 , 24.84 , 148.06
2020 , 12074 , 163.42 , -76.2 , 43 , 26.04 , 3.304 , 0.202 , 25.05 , 147.85
2030 , 12117 , 162.21 , -76.2 , 43 , 25.97 , 3.347 , 0.206 , 25.24 , 147.66
2040 , 12159 , 161.02 , -76.3 , 43 , 25.89 , 3.492 , 0.217 , 25.44 , 147.46
2050 , 12201 , 159.84 , -76.5 , 43 , 25.85 , 3.647 , 0.228 , 25.65 , 147.25
2060 , 12243 , 158.68 , -76.2 , 42 , 25.79 , 3.767 , 0.237 , 25.86 , 147.04
2070 , 12286 , 157.52 , -76.1 , 42 , 25.71 , 3.915 , 0.249 , 26.08 , 146.82
2080 , 12330 , 156.32 , -76.1 , 42 , 25.66 , 4.079 , 0.261 , 26.32 , 146.58
2090 , 12377 , 155.06 , -75.9 , 41 , 25.59 , 4.277 , 0.276 , 26.59 , 146.31
2100 , 12419 , 153.91 , -75.8 , 41 , 25.52 , 4.481 , 0.291 , 26.85 , 146.05
2109 , 12461 , 152.81 , -75.8 , 40 , 25.46 , 4.525 , 0.296 , 27.10 , 145.80
2120 , 12511 , 151.49 , -75.7 , 39 , 25.41 , 4.551 , 0.300 , 27.41 , 145.49
2130 , 12556 , 150.32 , -75.9 , 39 , 25.35 , 4.533 , 0.302 , 27.69 , 145.21
2140 , 12599 , 149.19 , -76.2 , 39 , 25.28 , 4.463 , 0.299 , 27.96 , 144.94
2150 , 12645 , 148.01 , -76.1 , 38 , 25.20 , 4.394 , 0.297 , 28.24 , 144.66
2160 , 12691 , 146.85 , -76.1 , 38 , 25.13 , 4.335 , 0.295 , 28.51 , 144.39
2170 , 12738 , 145.66 , -76.1 , 38 , 25.06 , 4.316 , 0.296 , 28.79 , 144.11
2180 , 12782 , 144.53 , -76.2 , 37 , 24.99 , 4.370 , 0.302 , 29.05 , 143.85
2190 , 12830 , 143.35 , -76.3 , 37 , 24.92 , 4.489 , 0.313 , 29.34 , 143.56
2199 , 12880 , 142.11 , -76.6 , 37 , 24.86 , 4.591 , 0.323 , 29.65 , 143.25
2209 , 12926 , 140.97 , -77.0 , 37 , 24.80 , 4.695 , 0.333 , 29.95 , 142.96
2218 , 12973 , 139.82 , -77.0 , 36 , 24.74 , 4.717 , 0.337 , 30.25 , 142.65
2228 , 13018 , 138.72 , -77.0 , 36 , 24.69 , 4.689 , 0.338 , 30.54 , 142.36
2238 , 13065 , 137.61 , -77.1 , 36 , 24.63 , 4.578 , 0.333 , 30.84 , 142.06
2248 , 13111 , 136.51 , -77.3 , 36 , 24.57 , 4.419 , 0.324 , 31.12 , 141.78
2257 , 13152 , 135.52 , -77.2 , 36 , 24.51 , 4.389 , 0.324 , 31.37 , 141.53
2267 , 13199 , 134.42 , -77.3 , 36 , 24.46 , 4.498 , 0.335 , 31.66 , 141.24
2276 , 13238 , 133.51 , -77.5 , 36 , 24.41 , 4.676 , 0.350 , 31.91 , 140.99
2286 , 13285 , 132.41 , -77.8 , 36 , 24.34 , 4.888 , 0.369 , 32.22 , 140.68
2296 , 13332 , 131.32 , -77.9 , 36 , 24.27 , 5.076 , 0.387 , 32.54 , 140.36
2306 , 13381 , 130.22 , -78.2 , 36 , 24.20 , 5.190 , 0.399 , 32.89 , 140.02
2316 , 13436 , 128.97 , -78.7 , 36 , 24.13 , 5.325 , 0.413 , 33.29 , 139.61
2326 , 13484 , 127.87 , -78.8 , 36 , 24.07 , 5.405 , 0.423 , 33.65 , 139.25
2336 , 13527 , 126.91 , -79.0 , 36 , 24.01 , 5.388 , 0.425 , 33.97 , 138.93
2346 , 13569 , 125.97 , -79.1 , 36 , 23.93 , 5.422 , 0.430 , 34.29 , 138.62
2356 , 13613 , 125.00 , -79.0 , 35 , 23.86 , 5.559 , 0.445 , 34.62 , 138.28
2366 , 13656 , 124.06 , -79.2 , 35 , 23.79 , 5.636 , 0.454 , 34.95 , 137.95
2376 , 13700 , 123.10 , -79.5 , 35 , 23.73 , 5.680 , 0.461 , 35.30 , 137.60
2386 , 13743 , 122.17 , -79.5 , 35 , 23.67 , 5.732 , 0.469 , 35.64 , 137.26
2396 , 13784 , 121.30 , -78.9 , 34 , 23.61 , 5.846 , 0.482 , 35.97 , 136.93
2406 , 13824 , 120.45 , -78.6 , 34 , 23.55 , 5.981 , 0.497 , 36.30 , 136.60
2415 , 13859 , 119.71 , -78.5 , 34 , 23.48 , 6.238 , 0.521 , 36.60 , 136.31
2425 , 13896 , 118.93 , -78.5 , 34 , 23.41 , 6.571 , 0.553 , 36.93 , 135.98
2434 , 13934 , 118.15 , -78.7 , 34 , 23.34 , 6.801 , 0.576 , 37.27 , 135.63
2444 , 13973 , 117.34 , -78.8 , 34 , 23.28 , 6.911 , 0.589 , 37.64 , 135.26
2454 , 14012 , 116.53 , -78.9 , 34 , 23.21 , 7.101 , 0.609 , 38.03 , 134.87
2464 , 14057 , 115.61 , -79.0 , 33 , 23.15 , 7.249 , 0.627 , 38.48 , 134.42
2474 , 14099 , 114.76 , -78.8 , 33 , 23.09 , 7.329 , 0.639 , 38.90 , 134.00
2484 , 14138 , 113.99 , -78.6 , 33 , 23.02 , 7.462 , 0.655 , 39.30 , 133.61
2494 , 14179 , 113.16 , -78.6 , 33 , 22.96 , 7.700 , 0.680 , 39.73 , 133.17
2504 , 14221 , 112.32 , -78.9 , 33 , 22.89 , 7.994 , 0.712 , 40.19 , 132.71
2514 , 14265 , 111.47 , -78.9 , 32 , 22.83 , 8.188 , 0.735 , 40.68 , 132.23
2524 , 14305 , 110.68 , -79.1 , 32 , 22.77 , 8.391 , 0.758 , 41.14 , 131.76
2534 , 14345 , 109.91 , -78.9 , 32 , 22.73 , 8.437 , 0.768 , 41.61 , 131.29
2544 , 14388 , 109.09 , -78.9 , 32 , 22.68 , 8.370 , 0.767 , 42.11 , 130.80
2553 , 14427 , 108.34 , -78.9 , 32 , 22.62 , 8.350 , 0.771 , 42.56 , 130.34
2562 , 14467 , 107.58 , -79.0 , 32 , 22.57 , 8.401 , 0.781 , 43.02 , 129.88
2572 , 14505 , 106.85 , -79.2 , 32 , 22.49 , 8.480 , 0.794 , 43.47 , 129.43
2582 , 14546 , 106.09 , -79.2 , 32 , 22.43 , 8.526 , 0.804 , 43.95 , 128.95
2592 , 14587 , 105.32 , -79.4 , 32 , 22.36 , 8.633 , 0.820 , 44.45 , 128.45
2602 , 14629 , 104.54 , -79.6 , 32 , 22.29 , 8.632 , 0.826 , 44.95 , 127.95
2612 , 14670 , 103.78 , -79.6 , 32 , 22.23 , 8.562 , 0.825 , 45.45 , 127.45
2622 , 14711 , 103.05 , -79.5 , 32 , 22.18 , 8.476 , 0.823 , 45.93 , 126.97
2632 , 14750 , 102.33 , -79.6 , 32 , 22.13 , 8.301 , 0.811 , 46.39 , 126.51
2642 , 14793 , 101.56 , -79.7 , 32 , 22.08 , 8.026 , 0.790 , 46.88 , 126.02
2652 , 14835 , 100.82 , -79.7 , 32 , 22.03 , 7.861 , 0.780 , 47.33 , 125.57
2662 , 14877 , 100.07 , -79.5 , 32 , 21.97 , 7.642 , 0.764 , 47.79 , 125.11
2671 , 14917 , 99.37 , -79.6 , 32 , 21.92 , 7.440 , 0.749 , 48.21 , 124.69
2681 , 14956 , 98.67 , -79.8 , 32 , 21.86 , 7.353 , 0.745 , 48.62 , 124.28
2691 , 15000 , 97.91 , -79.9 , 32 , 21.80 , 7.256 , 0.741 , 49.07 , 123.83
2701 , 15042 , 97.20 , -79.9 , 32 , 21.74 , 7.261 , 0.747 , 49.48 , 123.42
2711 , 15084 , 96.47 , -79.7 , 32 , 21.69 , 7.407 , 0.768 , 49.92 , 122.98
2721 , 15124 , 95.80 , -79.7 , 32 , 21.62 , 7.726 , 0.806 , 50.34 , 122.56
2731 , 15166 , 95.08 , -79.9 , 32 , 21.55 , 8.101 , 0.852 , 50.81 , 122.09
2741 , 15213 , 94.30 , -80.1 , 31 , 21.49 , 8.379 , 0.888 , 51.34 , 121.56
2751 , 15257 , 93.57 , -80.2 , 31 , 21.44 , 8.634 , 0.923 , 51.86 , 121.04
2761 , 15299 , 92.87 , -80.3 , 31 , 21.39 , 8.813 , 0.949 , 52.38 , 120.52
2771 , 15341 , 92.18 , -80.6 , 31 , 21.33 , 8.867 , 0.962 , 52.90 , 120.00
2781 , 15384 , 91.49 , -80.9 , 31 , 21.26 , 8.920 , 0.975 , 53.43 , 119.47
2791 , 15426 , 90.81 , -81.1 , 31 , 21.19 , 8.946 , 0.985 , 53.96 , 118.94
2801 , 15470 , 90.10 , -81.1 , 31 , 21.14 , 8.901 , 0.988 , 54.51 , 118.39
2811 , 15511 , 89.44 , -81.0 , 31 , 21.09 , 8.951 , 1.001 , 55.03 , 117.87
2821 , 15552 , 88.79 , -80.8 , 31 , 21.04 , 9.081 , 1.023 , 55.55 , 117.35
2831 , 15596 , 88.10 , -80.8 , 31 , 20.99 , 9.337 , 1.060 , 56.12 , 116.79
2841 , 15642 , 87.39 , -80.9 , 30 , 20.94 , 9.532 , 1.091 , 56.71 , 116.19
2851 , 15686 , 86.70 , -81.2 , 31 , 20.88 , 9.699 , 1.119 , 57.32 , 115.58
2861 , 15730 , 86.03 , -81.6 , 31 , 20.80 , 9.784 , 1.137 , 57.91 , 114.99
2871 , 15772 , 85.38 , -81.7 , 30 , 20.74 , 9.808 , 1.149 , 58.50 , 114.40
2880 , 15811 , 84.80 , -81.5 , 30 , 20.69 , 9.842 , 1.161 , 59.03 , 113.87
2889 , 15848 , 84.23 , -81.7 , 30 , 20.65 , 9.946 , 1.181 , 59.55 , 113.35
2899 , 15888 , 83.64 , -81.9 , 30 , 20.60 , 9.989 , 1.194 , 60.11 , 112.79
2909 , 15930 , 83.00 , -81.9 , 30 , 20.55 , 9.971 , 1.201 , 60.71 , 112.19
2919 , 15977 , 82.32 , -81.8 , 30 , 20.48 , 10.039 , 1.220 , 61.36 , 111.54
2929 , 16023 , 81.64 , -81.8 , 30 , 20.42 , 10.120 , 1.240 , 62.02 , 110.88
2939 , 16063 , 81.06 , -81.9 , 31 , 20.37 , 10.254 , 1.265 , 62.60 , 110.30
2949 , 16103 , 80.48 , -81.7 , 30 , 20.31 , 10.357 , 1.287 , 63.18 , 109.72
2959 , 16143 , 79.91 , -81.5 , 31 , 20.24 , 10.531 , 1.318 , 63.76 , 109.14
2969 , 16185 , 79.31 , -81.7 , 31 , 20.18 , 10.722 , 1.352 , 64.39 , 108.51
2979 , 16227 , 78.72 , -81.6 , 31 , 20.13 , 10.840 , 1.377 , 65.03 , 107.87
2989 , 16272 , 78.10 , -81.7 , 31 , 20.08 , 10.934 , 1.400 , 65.71 , 107.19
2999 , 16316 , 77.48 , -81.9 , 31 , 20.02 , 10.973 , 1.416 , 66.40 , 106.50
3009 , 16360 , 76.88 , -82.0 , 30 , 19.95 , 11.009 , 1.432 , 67.08 , 105.83
3019 , 16407 , 76.23 , -82.0 , 30 , 19.88 , 11.031 , 1.447 , 67.81 , 105.09
3029 , 16455 , 75.59 , -82.1 , 30 , 19.81 , 10.929 , 1.446 , 68.55 , 104.35
3039 , 16499 , 74.99 , -82.3 , 30 , 19.76 , 10.800 , 1.440 , 69.23 , 103.67
3048 , 16544 , 74.38 , -82.5 , 30 , 19.71 , 10.541 , 1.417 , 69.91 , 102.99
3058 , 16589 , 73.79 , -82.7 , 30 , 19.65 , 10.260 , 1.390 , 70.57 , 102.33
3068 , 16641 , 73.11 , -83.0 , 30 , 19.59 , 10.001 , 1.368 , 71.31 , 101.59
3078 , 16690 , 72.47 , -83.2 , 31 , 19.53 , 9.817 , 1.355 , 72.00 , 100.90
3088 , 16741 , 71.80 , -83.2 , 31 , 19.48 , 9.723 , 1.354 , 72.71 , 100.19
3098 , 16793 , 71.13 , -83.4 , 31 , 19.42 , 9.699 , 1.364 , 73.43 , 99.47
3108 , 16844 , 70.48 , -83.4 , 31 , 19.37 , 9.610 , 1.364 , 74.13 , 98.77
3118 , 16890 , 69.90 , -83.6 , 31 , 19.31 , 9.564 , 1.368 , 74.76 , 98.14
3128 , 16932 , 69.37 , -83.7 , 31 , 19.26 , 9.542 , 1.375 , 75.33 , 97.57
3138 , 16978 , 68.80 , -83.8 , 31 , 19.22 , 9.569 , 1.391 , 75.95 , 96.95
3148 , 17022 , 68.25 , -83.8 , 31 , 19.17 , 9.700 , 1.421 , 76.56 , 96.34
3158 , 17068 , 67.69 , -83.5 , 31 , 19.11 , 10.329 , 1.526 , 77.21 , 95.69
3168 , 17111 , 67.17 , -83.6 , 31 , 19.05 , 11.276 , 1.679 , 77.87 , 95.03
3178 , 17152 , 66.67 , -83.6 , 31 , 18.98 , 11.933 , 1.790 , 78.55 , 94.35
3188 , 17194 , 66.17 , -83.6 , 31 , 18.92 , 12.230 , 1.848 , 79.27 , 93.63
3197 , 17232 , 65.72 , -83.6 , 31 , 18.86 , 11.984 , 1.824 , 79.93 , 92.97
3207 , 17270 , 65.28 , -83.8 , 31 , 18.82 , 11.635 , 1.782 , 80.55 , 92.35
3217 , 17310 , 64.80 , -83.9 , 31 , 18.77 , 11.247 , 1.736 , 81.22 , 91.68
3227 , 17354 , 64.29 , -83.9 , 31 , 18.72 , 10.964 , 1.705 , 81.91 , 90.99
3237 , 17394 , 63.83 , -83.6 , 30 , 18.66 , 10.737 , 1.682 , 82.52 , 90.38
3247 , 17433 , 63.38 , -83.5 , 30 , 18.60 , 10.644 , 1.679 , 83.12 , 89.78
3257 , 17479 , 62.86 , -83.2 , 30 , 18.55 , 10.606 , 1.687 , 83.81 , 89.09
3267 , 17523 , 62.36 , -83.2 , 30 , 18.49 , 10.642 , 1.707 , 84.48 , 88.42
3277 , 17569 , 61.85 , -83.3 , 30 , 18.44 , 10.558 , 1.707 , 85.17 , 87.73
3287 , 17614 , 61.35 , -83.2 , 30 , 18.38 , 10.547 , 1.719 , 85.84 , 87.06
3297 , 17658 , 60.87 , -83.4 , 30 , 18.32 , 10.458 , 1.718 , 86.50 , 86.40
3307 , 17702 , 60.38 , -83.5 , 30 , 18.27 , 10.305 , 1.707 , 87.16 , 85.75
3317 , 17750 , 59.87 , -83.6 , 30 , 18.21 , 10.158 , 1.697 , 87.85 , 85.05
3327 , 17794 , 59.40 , -83.7 , 30 , 18.16 , 10.160 , 1.711 , 88.48 , 84.42
3337 , 17841 , 58.89 , -83.7 , 30 , 18.10 , 10.016 , 1.701 , 89.16 , 83.74
3347 , 17890 , 58.37 , -83.8 , 30 , 18.05 , 9.901 , 1.696 , 89.85 , 83.05
3357 , 17936 , 57.89 , -83.9 , 30 , 17.99 , 9.863 , 1.704 , 90.50 , 82.40
3367 , 17981 , 57.42 , -83.9 , 30 , 17.94 , 9.807 , 1.708 , 91.13 , 81.77
3377 , 18023 , 56.99 , -83.8 , 30 , 17.89 , 9.711 , 1.704 , 91.72 , 81.18
3387 , 18066 , 56.55 , -83.8 , 30 , 17.84 , 9.686 , 1.713 , 92.31 , 80.59
3397 , 18117 , 56.03 , -83.9 , 30 , 17.78 , 9.655 , 1.723 , 93.01 , 79.89
3407 , 18165 , 55.54 , -84.1 , 30 , 17.73 , 9.634 , 1.734 , 93.67 , 79.23
3417 , 18210 , 55.10 , -84.5 , 30 , 17.68 , 9.582 , 1.739 , 94.29 , 78.61
3427 , 18252 , 54.68 , -84.6 , 30 , 17.62 , 9.491 , 1.736 , 94.86 , 78.05
3437 , 18296 , 54.25 , -84.5 , 30 , 17.57 , 9.408 , 1.734 , 95.45 , 77.45
3447 , 18341 , 53.80 , -84.7 , 30 , 17.52 , 9.307 , 1.730 , 96.06 , 76.84
3457 , 18387 , 53.35 , -84.8 , 30 , 17.46 , 9.222 , 1.729 , 96.67 , 76.23
3467 , 18434 , 52.91 , -84.9 , 30 , 17.41 , 9.110 , 1.722 , 97.28 , 75.62
3477 , 18480 , 52.46 , -84.9 , 30 , 17.36 , 8.957 , 1.707 , 97.88 , 75.02
3487 , 18527 , 52.02 , -84.8 , 30 , 17.30 , 8.891 , 1.709 , 98.48 , 74.42
3497 , 18574 , 51.57 , -85.0 , 30 , 17.25 , 8.832 , 1.713 , 99.08 , 73.82
3507 , 18621 , 51.14 , -85.3 , 30 , 17.19 , 8.723 , 1.706 , 99.67 , 73.23
3516 , 18666 , 50.72 , -85.3 , 30 , 17.14 , 8.639 , 1.703 , 100.23 , 72.67
3525 , 18710 , 50.31 , -85.6 , 30 , 17.09 , 8.595 , 1.708 , 100.78 , 72.12
3535 , 18753 , 49.92 , -85.6 , 30 , 17.04 , 8.501 , 1.703 , 101.30 , 71.60
3545 , 18799 , 49.50 , -85.5 , 30 , 16.99 , 8.408 , 1.698 , 101.87 , 71.03
3555 , 18847 , 49.07 , -85.6 , 30 , 16.94 , 8.289 , 1.689 , 102.44 , 70.46
3565 , 18894 , 48.66 , -85.7 , 30 , 16.88 , 8.128 , 1.671 , 102.99 , 69.91
3575 , 18942 , 48.24 , -85.5 , 30 , 16.83 , 8.036 , 1.666 , 103.55 , 69.35
3585 , 18988 , 47.83 , -85.3 , 30 , 16.78 , 8.007 , 1.674 , 104.08 , 68.82
3595 , 19035 , 47.42 , -85.3 , 30 , 16.72 , 7.934 , 1.673 , 104.62 , 68.28
3605 , 19082 , 47.02 , -85.4 , 30 , 16.67 , 7.880 , 1.676 , 105.15 , 67.75
3615 , 19129 , 46.62 , -85.7 , 30 , 16.61 , 7.718 , 1.656 , 105.68 , 67.22
3625 , 19176 , 46.22 , -85.6 , 30 , 16.56 , 7.669 , 1.659 , 106.20 , 66.70
3635 , 19223 , 45.83 , -85.7 , 30 , 16.50 , 7.568 , 1.651 , 106.71 , 66.19
3645 , 19270 , 45.44 , -85.8 , 30 , 16.45 , 7.525 , 1.656 , 107.22 , 65.68
3655 , 19315 , 45.07 , -86.0 , 30 , 16.39 , 7.447 , 1.652 , 107.71 , 65.20
3665 , 19359 , 44.70 , -85.9 , 30 , 16.34 , 7.373 , 1.649 , 108.18 , 64.72
3675 , 19403 , 44.35 , -85.8 , 30 , 16.29 , 7.280 , 1.641 , 108.64 , 64.26
3685 , 19445 , 44.01 , -85.8 , 30 , 16.23 , 7.196 , 1.635 , 109.08 , 63.82
3694 , 19487 , 43.68 , -85.9 , 30 , 16.18 , 7.192 , 1.646 , 109.51 , 63.39
3704 , 19528 , 43.35 , -85.9 , 30 , 16.13 , 7.140 , 1.647 , 109.93 , 62.97
3714 , 19573 , 43.00 , -85.9 , 30 , 16.07 , 7.091 , 1.649 , 110.39 , 62.51
3724 , 19619 , 42.63 , -86.1 , 30 , 16.02 , 7.060 , 1.656 , 110.87 , 62.03
3734 , 19666 , 42.27 , -86.0 , 30 , 15.97 , 7.079 , 1.675 , 111.34 , 61.56
3744 , 19707 , 41.95 , -86.0 , 30 , 15.91 , 7.073 , 1.686 , 111.77 , 61.13
3754 , 19748 , 41.64 , -86.1 , 30 , 15.86 , 7.083 , 1.701 , 112.18 , 60.72
3764 , 19793 , 41.30 , -86.1 , 30 , 15.81 , 7.051 , 1.707 , 112.64 , 60.26
3774 , 19837 , 40.97 , -86.2 , 30 , 15.75 , 7.038 , 1.718 , 113.09 , 59.81
3784 , 19882 , 40.63 , -86.2 , 29 , 15.70 , 7.017 , 1.727 , 113.55 , 59.35
3794 , 19926 , 40.31 , -86.4 , 30 , 15.65 , 7.059 , 1.751 , 113.99 , 58.91
3804 , 19974 , 39.96 , -86.7 , 29 , 15.60 , 7.040 , 1.762 , 114.48 , 58.42
3814 , 20019 , 39.63 , -86.8 , 29 , 15.55 , 7.051 , 1.779 , 114.94 , 57.96
3824 , 20064 , 39.30 , -86.9 , 29 , 15.50 , 7.106 , 1.808 , 115.40 , 57.50
3833 , 20106 , 39.00 , -86.8 , 29 , 15.45 , 7.043 , 1.806 , 115.83 , 57.07
3843 , 20149 , 38.69 , -86.5 , 29 , 15.40 , 6.974 , 1.802 , 116.27 , 56.63
3853 , 20194 , 38.38 , -86.2 , 29 , 15.36 , 6.969 , 1.816 , 116.71 , 56.19
3863 , 20239 , 38.07 , -86.1 , 29 , 15.31 , 6.956 , 1.827 , 117.17 , 55.73
3873 , 20287 , 37.73 , -86.0 , 29 , 15.26 , 6.926 , 1.835 , 117.65 , 55.25
3883 , 20335 , 37.40 , -86.2 , 29 , 15.21 , 6.930 , 1.853 , 118.13 , 54.77
3893 , 20385 , 37.07 , -86.2 , 29 , 15.16 , 6.895 , 1.860 , 118.62 , 54.28
3903 , 20435 , 36.72 , -86.4 , 29 , 15.11 , 6.831 , 1.860 , 119.13 , 53.77
3913 , 20484 , 36.40 , -86.6 , 29 , 15.07 , 6.822 , 1.874 , 119.61 , 53.29
3923 , 20536 , 36.05 , -86.7 , 29 , 15.01 , 6.749 , 1.872 , 120.12 , 52.79
3933 , 20585 , 35.73 , -86.8 , 29 , 14.97 , 6.707 , 1.877 , 120.59 , 52.31
3943 , 20634 , 35.41 , -86.9 , 29 , 14.92 , 6.616 , 1.868 , 121.06 , 51.84
3953 , 20684 , 35.09 , -86.9 , 29 , 14.87 , 6.570 , 1.872 , 121.54 , 51.36
3963 , 20734 , 34.77 , -86.9 , 29 , 14.82 , 6.652 , 1.914 , 122.02 , 50.88
3973 , 20787 , 34.43 , -87.1 , 29 , 14.77 , 6.655 , 1.933 , 122.53 , 50.37
3983 , 20840 , 34.10 , -87.4 , 29 , 14.72 , 6.656 , 1.952 , 123.04 , 49.86
3993 , 20891 , 33.78 , -87.6 , 29 , 14.67 , 6.639 , 1.965 , 123.54 , 49.37
4003 , 20941 , 33.47 , -87.5 , 29 , 14.63 , 6.562 , 1.961 , 124.01 , 48.89
4013 , 20994 , 33.15 , -87.5 , 29 , 14.58 , 6.423 , 1.938 , 124.51 , 48.39
4023 , 21044 , 32.84 , -87.6 , 29 , 14.52 , 6.265 , 1.908 , 124.98 , 47.92
4033 , 21093 , 32.54 , -87.7 , 29 , 14.47 , 6.122 , 1.881 , 125.42 , 47.48
4043 , 21141 , 32.26 , -87.7 , 29 , 14.42 , 6.031 , 1.870 , 125.84 , 47.06
4053 , 21192 , 31.96 , -87.8 , 29 , 14.37 , 5.907 , 1.848 , 126.28 , 46.62
