# ------------------------------------------------------------
#
# Flight name: V2107
# Station: Davis
# Launch Date: 11 September 2007
# Launch Time: 12:20:02
# 
# This file created: Wed Sep 12 10:25:04 2007
# 
# 
# ------------------------------------------------------------
# DATA COLUMNS
# Time (s)
# Height (m)
# Atmospheric Pressure (hPa)
# Atmospheric Temperature (°C)
# Relative Humidity (%)
# Box Temperature (°C)
# Ozone Partial Pressure (mPa)
# Ozone Mixing Ratio (ppmV)
# Accumulated Ozone to this Height (Dobson Units)
# Remaining Ozone above this Height (Dobson Units)
# 
# ------------------------------------------------------------
# 
# Integrated Ozone =  90.5 DU
# Extrapolated Ozone =  39.7 DU
# 
# Total Ozone = 130.2 DU
# 
# 
# ------------------------------------------------------------
0 , 18 , 984.91 , -15.8 , 44 , 33.49 , 2.418 , 0.025 , 0.00 , 130.23
10 , 61 , 979.31 , -13.7 , 42 , 33.54 , 2.570 , 0.026 , 0.11 , 130.12
20 , 112 , 972.76 , -12.8 , 35 , 33.58 , 2.601 , 0.027 , 0.25 , 129.99
29 , 156 , 967.11 , -13.2 , 35 , 33.60 , 2.667 , 0.028 , 0.37 , 129.86
39 , 202 , 961.32 , -13.6 , 37 , 33.61 , 2.700 , 0.028 , 0.50 , 129.74
49 , 249 , 955.36 , -13.8 , 40 , 33.63 , 2.719 , 0.028 , 0.63 , 129.60
59 , 295 , 949.54 , -14.0 , 40 , 33.64 , 2.729 , 0.029 , 0.76 , 129.47
69 , 343 , 943.61 , -14.1 , 37 , 33.67 , 2.733 , 0.029 , 0.90 , 129.34
78 , 393 , 937.42 , -14.2 , 37 , 33.71 , 2.784 , 0.030 , 1.04 , 129.19
88 , 445 , 931.00 , -14.6 , 39 , 33.72 , 2.747 , 0.030 , 1.19 , 129.04
98 , 499 , 924.39 , -14.8 , 40 , 33.73 , 2.710 , 0.029 , 1.34 , 128.89
108 , 547 , 918.46 , -14.9 , 38 , 33.75 , 2.698 , 0.029 , 1.48 , 128.75
118 , 598 , 912.36 , -15.1 , 33 , 33.76 , 2.688 , 0.029 , 1.62 , 128.61
128 , 652 , 905.83 , -15.0 , 27 , 33.79 , 2.680 , 0.030 , 1.77 , 128.46
138 , 705 , 899.55 , -14.9 , 24 , 33.81 , 2.673 , 0.030 , 1.92 , 128.31
148 , 760 , 893.02 , -15.0 , 24 , 33.80 , 2.660 , 0.030 , 2.07 , 128.16
158 , 812 , 886.84 , -15.2 , 25 , 33.79 , 2.657 , 0.030 , 2.22 , 128.01
168 , 867 , 880.40 , -14.8 , 23 , 33.81 , 2.647 , 0.030 , 2.37 , 127.86
177 , 924 , 873.80 , -13.9 , 18 , 33.82 , 2.631 , 0.030 , 2.53 , 127.71
187 , 978 , 867.64 , -13.8 , 21 , 33.83 , 2.636 , 0.030 , 2.68 , 127.56
197 , 1032 , 861.52 , -14.2 , 22 , 33.85 , 2.622 , 0.030 , 2.82 , 127.41
207 , 1090 , 854.92 , -14.7 , 23 , 33.85 , 2.574 , 0.030 , 2.98 , 127.25
217 , 1144 , 848.84 , -15.1 , 24 , 33.83 , 2.563 , 0.030 , 3.13 , 127.11
227 , 1192 , 843.42 , -15.5 , 24 , 33.82 , 2.544 , 0.030 , 3.26 , 126.98
237 , 1241 , 837.96 , -16.0 , 24 , 33.82 , 2.555 , 0.030 , 3.39 , 126.85
247 , 1295 , 831.99 , -16.4 , 24 , 33.83 , 2.541 , 0.031 , 3.53 , 126.71
257 , 1349 , 826.08 , -16.7 , 23 , 33.85 , 2.517 , 0.030 , 3.67 , 126.56
267 , 1399 , 820.58 , -17.1 , 22 , 33.84 , 2.512 , 0.031 , 3.80 , 126.43
277 , 1445 , 815.51 , -17.4 , 23 , 33.84 , 2.498 , 0.031 , 3.93 , 126.31
287 , 1492 , 810.44 , -17.9 , 24 , 33.82 , 2.491 , 0.031 , 4.05 , 126.18
297 , 1548 , 804.41 , -18.3 , 24 , 33.83 , 2.487 , 0.031 , 4.20 , 126.04
307 , 1600 , 798.72 , -18.5 , 20 , 33.83 , 2.469 , 0.031 , 4.34 , 125.90
317 , 1651 , 793.30 , -18.7 , 17 , 33.82 , 2.462 , 0.031 , 4.47 , 125.77
327 , 1697 , 788.42 , -18.9 , 16 , 33.80 , 2.438 , 0.031 , 4.59 , 125.65
337 , 1744 , 783.44 , -19.2 , 17 , 33.76 , 2.413 , 0.031 , 4.71 , 125.53
347 , 1796 , 778.05 , -19.4 , 15 , 33.72 , 2.379 , 0.031 , 4.84 , 125.40
357 , 1848 , 772.56 , -19.8 , 15 , 33.71 , 2.350 , 0.030 , 4.97 , 125.26
367 , 1897 , 767.52 , -20.1 , 15 , 33.71 , 2.315 , 0.030 , 5.09 , 125.14
377 , 1947 , 762.30 , -20.3 , 14 , 33.72 , 2.272 , 0.030 , 5.21 , 125.02
387 , 2002 , 756.73 , -20.5 , 13 , 33.73 , 2.250 , 0.030 , 5.35 , 124.89
396 , 2054 , 751.37 , -20.5 , 12 , 33.74 , 2.227 , 0.030 , 5.47 , 124.76
406 , 2102 , 746.51 , -20.5 , 12 , 33.71 , 2.224 , 0.030 , 5.59 , 124.65
416 , 2159 , 740.81 , -20.8 , 11 , 33.69 , 2.197 , 0.030 , 5.72 , 124.52
426 , 2206 , 736.12 , -21.0 , 11 , 33.68 , 2.191 , 0.030 , 5.83 , 124.41
436 , 2258 , 730.90 , -21.1 , 10 , 33.67 , 2.212 , 0.030 , 5.95 , 124.28
446 , 2311 , 725.65 , -21.1 , 7 , 33.66 , 2.227 , 0.031 , 6.08 , 124.16
456 , 2359 , 720.94 , -21.0 , 8 , 33.62 , 2.225 , 0.031 , 6.19 , 124.04
466 , 2404 , 716.55 , -21.1 , 10 , 33.58 , 2.154 , 0.030 , 6.30 , 123.94
476 , 2456 , 711.51 , -21.5 , 11 , 33.59 , 2.113 , 0.030 , 6.42 , 123.82
486 , 2514 , 705.93 , -21.9 , 12 , 33.58 , 2.077 , 0.029 , 6.55 , 123.69
496 , 2566 , 701.00 , -22.4 , 13 , 33.56 , 2.063 , 0.029 , 6.66 , 123.57
506 , 2621 , 695.72 , -22.8 , 14 , 33.54 , 2.040 , 0.029 , 6.79 , 123.45
516 , 2679 , 690.30 , -23.3 , 15 , 33.52 , 2.034 , 0.029 , 6.91 , 123.32
526 , 2734 , 685.07 , -23.8 , 16 , 33.47 , 2.028 , 0.030 , 7.03 , 123.20
536 , 2784 , 680.42 , -24.2 , 16 , 33.43 , 2.023 , 0.030 , 7.14 , 123.09
546 , 2831 , 676.07 , -24.5 , 18 , 33.43 , 2.033 , 0.030 , 7.24 , 122.99
556 , 2886 , 670.98 , -24.9 , 20 , 33.43 , 2.042 , 0.030 , 7.37 , 122.87
566 , 2938 , 666.18 , -25.3 , 22 , 33.40 , 2.044 , 0.031 , 7.48 , 122.75
576 , 2984 , 661.91 , -25.7 , 25 , 33.37 , 2.063 , 0.031 , 7.59 , 122.65
586 , 3035 , 657.32 , -26.0 , 26 , 33.34 , 2.073 , 0.032 , 7.70 , 122.54
596 , 3093 , 652.05 , -26.4 , 26 , 33.31 , 2.055 , 0.032 , 7.83 , 122.40
606 , 3146 , 647.31 , -26.8 , 27 , 33.29 , 2.013 , 0.031 , 7.95 , 122.29
616 , 3191 , 643.20 , -27.2 , 27 , 33.26 , 1.989 , 0.031 , 8.05 , 122.19
626 , 3242 , 638.68 , -27.6 , 29 , 33.21 , 1.984 , 0.031 , 8.16 , 122.08
636 , 3298 , 633.75 , -27.9 , 28 , 33.19 , 1.962 , 0.031 , 8.28 , 121.96
646 , 3352 , 628.97 , -28.3 , 28 , 33.16 , 1.946 , 0.031 , 8.40 , 121.84
656 , 3401 , 624.72 , -28.7 , 29 , 33.16 , 1.947 , 0.031 , 8.50 , 121.73
666 , 3454 , 620.07 , -29.2 , 29 , 33.15 , 1.934 , 0.031 , 8.61 , 121.62
676 , 3507 , 615.49 , -29.6 , 31 , 33.13 , 1.920 , 0.031 , 8.73 , 121.51
686 , 3560 , 610.91 , -30.1 , 33 , 33.11 , 1.886 , 0.031 , 8.84 , 121.40
695 , 3609 , 606.70 , -30.5 , 34 , 33.08 , 1.851 , 0.031 , 8.94 , 121.29
705 , 3649 , 603.31 , -30.9 , 34 , 33.04 , 1.837 , 0.030 , 9.02 , 121.21
715 , 3691 , 599.80 , -31.3 , 34 , 33.02 , 1.828 , 0.030 , 9.11 , 121.13
725 , 3738 , 595.78 , -31.7 , 36 , 33.00 , 1.815 , 0.030 , 9.20 , 121.03
735 , 3787 , 591.68 , -32.2 , 38 , 32.97 , 1.815 , 0.031 , 9.30 , 120.93
745 , 3840 , 587.22 , -32.7 , 40 , 32.94 , 1.799 , 0.031 , 9.41 , 120.82
755 , 3881 , 583.79 , -33.0 , 41 , 32.91 , 1.794 , 0.031 , 9.49 , 120.74
765 , 3927 , 580.01 , -33.4 , 41 , 32.88 , 1.784 , 0.031 , 9.59 , 120.65
775 , 3978 , 575.80 , -33.8 , 41 , 32.84 , 1.774 , 0.031 , 9.69 , 120.55
785 , 4035 , 571.13 , -34.3 , 44 , 32.82 , 1.763 , 0.031 , 9.80 , 120.43
795 , 4083 , 567.26 , -34.7 , 45 , 32.79 , 1.752 , 0.031 , 9.90 , 120.34
805 , 4129 , 563.53 , -35.1 , 44 , 32.77 , 1.748 , 0.031 , 9.99 , 120.25
815 , 4181 , 559.29 , -35.6 , 46 , 32.74 , 1.737 , 0.031 , 10.09 , 120.14
825 , 4235 , 555.01 , -36.0 , 49 , 32.70 , 1.735 , 0.031 , 10.20 , 120.04
835 , 4291 , 550.48 , -36.5 , 47 , 32.67 , 1.718 , 0.031 , 10.31 , 119.93
845 , 4337 , 546.88 , -36.7 , 46 , 32.63 , 1.711 , 0.031 , 10.40 , 119.84
855 , 4381 , 543.37 , -37.0 , 46 , 32.58 , 1.697 , 0.031 , 10.48 , 119.75
865 , 4429 , 539.66 , -37.2 , 47 , 32.53 , 1.683 , 0.031 , 10.57 , 119.66
875 , 4476 , 535.97 , -37.6 , 50 , 32.50 , 1.668 , 0.031 , 10.67 , 119.57
885 , 4514 , 533.01 , -37.9 , 52 , 32.47 , 1.650 , 0.031 , 10.74 , 119.50
895 , 4550 , 530.24 , -38.2 , 53 , 32.45 , 1.651 , 0.031 , 10.81 , 119.43
905 , 4588 , 527.33 , -38.5 , 54 , 32.44 , 1.652 , 0.031 , 10.88 , 119.36
915 , 4629 , 524.16 , -38.8 , 55 , 32.42 , 1.639 , 0.031 , 10.96 , 119.28
925 , 4670 , 521.05 , -39.1 , 56 , 32.39 , 1.626 , 0.031 , 11.03 , 119.20
935 , 4718 , 517.43 , -39.5 , 57 , 32.36 , 1.623 , 0.031 , 11.12 , 119.11
945 , 4773 , 513.25 , -40.0 , 59 , 32.32 , 1.602 , 0.031 , 11.22 , 119.01
955 , 4824 , 509.45 , -40.4 , 59 , 32.29 , 1.584 , 0.031 , 11.32 , 118.92
965 , 4867 , 506.23 , -40.7 , 57 , 32.23 , 1.554 , 0.031 , 11.40 , 118.84
975 , 4912 , 502.93 , -41.0 , 55 , 32.19 , 1.527 , 0.030 , 11.48 , 118.76
985 , 4949 , 500.14 , -41.2 , 55 , 32.16 , 1.529 , 0.031 , 11.54 , 118.69
995 , 4986 , 497.41 , -41.5 , 55 , 32.13 , 1.535 , 0.031 , 11.61 , 118.63
1004 , 5027 , 494.47 , -41.8 , 56 , 32.09 , 1.534 , 0.031 , 11.68 , 118.55
1014 , 5063 , 491.81 , -42.0 , 55 , 32.04 , 1.521 , 0.031 , 11.75 , 118.49
1024 , 5101 , 489.03 , -42.3 , 55 , 32.01 , 1.520 , 0.031 , 11.81 , 118.42
1034 , 5138 , 486.37 , -42.5 , 55 , 31.98 , 1.514 , 0.031 , 11.88 , 118.36
1044 , 5177 , 483.59 , -42.8 , 56 , 31.94 , 1.521 , 0.031 , 11.95 , 118.29
1054 , 5225 , 480.13 , -43.3 , 58 , 31.89 , 1.516 , 0.032 , 12.03 , 118.20
1064 , 5268 , 477.06 , -43.5 , 59 , 31.86 , 1.549 , 0.032 , 12.11 , 118.12
1074 , 5314 , 473.84 , -43.8 , 58 , 31.81 , 1.559 , 0.033 , 12.20 , 118.04
1084 , 5372 , 469.79 , -44.1 , 57 , 31.78 , 1.565 , 0.033 , 12.30 , 117.93
1094 , 5419 , 466.48 , -44.4 , 55 , 31.73 , 1.585 , 0.034 , 12.39 , 117.85
1104 , 5462 , 463.46 , -44.6 , 53 , 31.69 , 1.605 , 0.035 , 12.47 , 117.76
1114 , 5510 , 460.15 , -44.8 , 51 , 31.65 , 1.617 , 0.035 , 12.56 , 117.67
1124 , 5568 , 456.19 , -45.3 , 50 , 31.59 , 1.599 , 0.035 , 12.67 , 117.56
1134 , 5610 , 453.32 , -45.6 , 49 , 31.54 , 1.582 , 0.035 , 12.75 , 117.48
1144 , 5667 , 449.43 , -46.0 , 51 , 31.50 , 1.540 , 0.034 , 12.86 , 117.38
1154 , 5720 , 445.87 , -46.4 , 52 , 31.46 , 1.494 , 0.034 , 12.95 , 117.28
1164 , 5775 , 442.23 , -46.9 , 53 , 31.41 , 1.470 , 0.033 , 13.05 , 117.19
1174 , 5827 , 438.76 , -47.3 , 54 , 31.36 , 1.431 , 0.033 , 13.14 , 117.10
1184 , 5869 , 435.94 , -47.7 , 55 , 31.33 , 1.415 , 0.032 , 13.21 , 117.02
1194 , 5910 , 433.28 , -48.1 , 56 , 31.29 , 1.410 , 0.033 , 13.28 , 116.96
1204 , 5956 , 430.26 , -48.5 , 57 , 31.23 , 1.388 , 0.032 , 13.36 , 116.88
1214 , 6004 , 427.10 , -48.9 , 59 , 31.18 , 1.373 , 0.032 , 13.44 , 116.80
1224 , 6047 , 424.33 , -49.2 , 61 , 31.14 , 1.374 , 0.032 , 13.51 , 116.73
1234 , 6102 , 420.76 , -49.6 , 62 , 31.09 , 1.367 , 0.032 , 13.60 , 116.64
1244 , 6162 , 416.96 , -50.1 , 61 , 31.04 , 1.354 , 0.032 , 13.70 , 116.54
1254 , 6214 , 413.60 , -50.4 , 59 , 30.99 , 1.364 , 0.033 , 13.78 , 116.45
1264 , 6266 , 410.36 , -50.8 , 58 , 30.95 , 1.381 , 0.034 , 13.87 , 116.37
1274 , 6317 , 407.12 , -51.3 , 59 , 30.89 , 1.373 , 0.034 , 13.95 , 116.28
1284 , 6371 , 403.74 , -51.7 , 59 , 30.85 , 1.372 , 0.034 , 14.04 , 116.19
1294 , 6417 , 400.90 , -52.0 , 59 , 30.79 , 1.350 , 0.034 , 14.12 , 116.12
1303 , 6464 , 397.99 , -52.3 , 58 , 30.73 , 1.345 , 0.034 , 14.20 , 116.04
1313 , 6520 , 394.53 , -52.8 , 56 , 30.70 , 1.333 , 0.034 , 14.29 , 115.95
1323 , 6566 , 391.72 , -53.2 , 55 , 30.66 , 1.328 , 0.034 , 14.36 , 115.87
1333 , 6611 , 389.02 , -53.6 , 54 , 30.61 , 1.315 , 0.034 , 14.44 , 115.80
1343 , 6658 , 386.19 , -53.9 , 53 , 30.56 , 1.310 , 0.034 , 14.51 , 115.72
1353 , 6713 , 382.91 , -54.3 , 50 , 30.50 , 1.324 , 0.035 , 14.60 , 115.63
1363 , 6769 , 379.57 , -54.8 , 49 , 30.44 , 1.300 , 0.034 , 14.69 , 115.54
1372 , 6814 , 376.90 , -55.2 , 49 , 30.39 , 1.293 , 0.034 , 14.76 , 115.47
1382 , 6865 , 373.88 , -55.7 , 49 , 30.35 , 1.264 , 0.034 , 14.85 , 115.39
1392 , 6913 , 371.08 , -56.1 , 49 , 30.30 , 1.250 , 0.034 , 14.92 , 115.32
1402 , 6965 , 368.07 , -56.4 , 48 , 30.25 , 1.217 , 0.033 , 15.00 , 115.24
1412 , 7012 , 365.31 , -56.8 , 48 , 30.20 , 1.197 , 0.033 , 15.07 , 115.16
1422 , 7059 , 362.59 , -57.2 , 48 , 30.16 , 1.173 , 0.032 , 15.14 , 115.09
1432 , 7106 , 359.95 , -57.6 , 49 , 30.09 , 1.164 , 0.032 , 15.21 , 115.03
1442 , 7152 , 357.29 , -58.0 , 49 , 30.03 , 1.156 , 0.032 , 15.28 , 114.96
1452 , 7197 , 354.77 , -58.4 , 49 , 29.99 , 1.146 , 0.032 , 15.34 , 114.89
1462 , 7245 , 352.05 , -58.8 , 49 , 29.92 , 1.136 , 0.032 , 15.41 , 114.83
1472 , 7298 , 349.09 , -59.2 , 50 , 29.87 , 1.127 , 0.032 , 15.48 , 114.75
1482 , 7347 , 346.36 , -59.6 , 50 , 29.82 , 1.119 , 0.032 , 15.55 , 114.68
1492 , 7398 , 343.55 , -60.0 , 50 , 29.75 , 1.108 , 0.032 , 15.63 , 114.61
1502 , 7442 , 341.13 , -60.4 , 51 , 29.69 , 1.098 , 0.032 , 15.69 , 114.55
1512 , 7493 , 338.33 , -60.7 , 51 , 29.64 , 1.092 , 0.032 , 15.76 , 114.48
1522 , 7543 , 335.65 , -61.2 , 51 , 29.60 , 1.079 , 0.032 , 15.83 , 114.41
1532 , 7589 , 333.15 , -61.6 , 52 , 29.56 , 1.077 , 0.032 , 15.89 , 114.34
1542 , 7654 , 329.69 , -62.1 , 53 , 29.50 , 1.089 , 0.033 , 15.98 , 114.26
1552 , 7706 , 326.89 , -62.4 , 52 , 29.44 , 1.129 , 0.035 , 16.05 , 114.18
1562 , 7757 , 324.19 , -62.8 , 51 , 29.39 , 1.119 , 0.035 , 16.13 , 114.11
1572 , 7809 , 321.47 , -63.1 , 51 , 29.32 , 1.140 , 0.035 , 16.20 , 114.03
1582 , 7857 , 318.97 , -63.3 , 50 , 29.25 , 1.244 , 0.039 , 16.28 , 113.96
1592 , 7911 , 316.21 , -63.5 , 49 , 29.19 , 1.271 , 0.040 , 16.36 , 113.87
1601 , 7959 , 313.73 , -63.8 , 49 , 29.15 , 1.255 , 0.040 , 16.44 , 113.79
1610 , 8009 , 311.18 , -64.1 , 49 , 29.11 , 1.218 , 0.039 , 16.52 , 113.71
1620 , 8054 , 308.88 , -64.3 , 49 , 29.05 , 1.215 , 0.039 , 16.59 , 113.64
1630 , 8110 , 306.09 , -64.6 , 48 , 28.98 , 1.230 , 0.040 , 16.68 , 113.56
1640 , 8160 , 303.56 , -64.9 , 48 , 28.92 , 1.269 , 0.042 , 16.76 , 113.47
1650 , 8211 , 301.03 , -65.1 , 47 , 28.86 , 1.337 , 0.044 , 16.85 , 113.39
1660 , 8273 , 297.98 , -65.4 , 46 , 28.81 , 1.412 , 0.047 , 16.96 , 113.28
1670 , 8319 , 295.76 , -65.7 , 45 , 28.75 , 1.464 , 0.049 , 17.04 , 113.19
1680 , 8377 , 292.93 , -65.9 , 44 , 28.68 , 1.467 , 0.050 , 17.15 , 113.08
1690 , 8427 , 290.55 , -66.1 , 43 , 28.63 , 1.466 , 0.050 , 17.25 , 112.99
1700 , 8475 , 288.26 , -66.4 , 42 , 28.57 , 1.471 , 0.051 , 17.34 , 112.89
1710 , 8524 , 285.92 , -66.7 , 42 , 28.51 , 1.490 , 0.052 , 17.44 , 112.80
1720 , 8578 , 283.36 , -67.0 , 41 , 28.45 , 1.547 , 0.055 , 17.54 , 112.69
1730 , 8625 , 281.15 , -67.1 , 41 , 28.41 , 1.605 , 0.057 , 17.64 , 112.59
1740 , 8675 , 278.86 , -67.3 , 40 , 28.33 , 1.713 , 0.061 , 17.75 , 112.49
1750 , 8726 , 276.51 , -67.7 , 40 , 28.28 , 1.812 , 0.066 , 17.87 , 112.37
1760 , 8774 , 274.30 , -67.9 , 40 , 28.21 , 1.921 , 0.070 , 17.98 , 112.25
1770 , 8823 , 272.09 , -67.8 , 39 , 28.13 , 2.066 , 0.076 , 18.11 , 112.12
1780 , 8880 , 269.51 , -67.9 , 39 , 28.07 , 2.082 , 0.077 , 18.27 , 111.97
1790 , 8929 , 267.31 , -67.9 , 39 , 28.03 , 1.957 , 0.073 , 18.40 , 111.84
1800 , 8973 , 265.35 , -68.1 , 39 , 27.98 , 1.967 , 0.074 , 18.51 , 111.72
1810 , 9026 , 263.03 , -67.6 , 39 , 27.91 , 2.055 , 0.078 , 18.65 , 111.58
1820 , 9079 , 260.72 , -67.5 , 39 , 27.86 , 2.190 , 0.084 , 18.80 , 111.44
1830 , 9139 , 258.12 , -67.4 , 40 , 27.79 , 2.356 , 0.091 , 18.98 , 111.26
1840 , 9190 , 255.96 , -67.5 , 40 , 27.71 , 2.318 , 0.091 , 19.13 , 111.10
1850 , 9233 , 254.15 , -67.8 , 40 , 27.65 , 2.246 , 0.088 , 19.26 , 110.97
1860 , 9280 , 252.15 , -68.2 , 40 , 27.61 , 2.185 , 0.087 , 19.40 , 110.84
1869 , 9321 , 250.42 , -68.6 , 41 , 27.55 , 2.135 , 0.085 , 19.52 , 110.72
1879 , 9372 , 248.32 , -69.0 , 41 , 27.50 , 2.137 , 0.086 , 19.66 , 110.58
1889 , 9429 , 245.95 , -69.2 , 41 , 27.43 , 2.156 , 0.088 , 19.82 , 110.41
1899 , 9484 , 243.71 , -68.8 , 41 , 27.38 , 2.228 , 0.091 , 19.98 , 110.26
1908 , 9529 , 241.89 , -68.7 , 41 , 27.34 , 2.422 , 0.100 , 20.12 , 110.12
1918 , 9583 , 239.69 , -68.5 , 40 , 27.27 , 2.610 , 0.109 , 20.30 , 109.94
1927 , 9631 , 237.79 , -68.7 , 40 , 27.19 , 2.726 , 0.115 , 20.47 , 109.77
1938 , 9680 , 235.85 , -68.5 , 40 , 27.15 , 2.798 , 0.119 , 20.64 , 109.59
1948 , 9729 , 233.91 , -68.6 , 40 , 27.11 , 2.860 , 0.122 , 20.83 , 109.41
1958 , 9788 , 231.65 , -68.9 , 41 , 27.05 , 2.786 , 0.120 , 21.04 , 109.19
1968 , 9844 , 229.48 , -68.9 , 41 , 27.01 , 2.529 , 0.110 , 21.24 , 108.99
1978 , 9909 , 226.97 , -68.8 , 39 , 26.94 , 2.543 , 0.112 , 21.46 , 108.77
1988 , 9966 , 224.85 , -68.9 , 36 , 26.89 , 2.975 , 0.132 , 21.67 , 108.57
1998 , 10021 , 222.76 , -69.0 , 34 , 26.82 , 3.364 , 0.151 , 21.90 , 108.33
2008 , 10076 , 220.75 , -69.2 , 33 , 26.76 , 3.528 , 0.160 , 22.15 , 108.09
2018 , 10124 , 218.96 , -69.5 , 31 , 26.71 , 3.630 , 0.166 , 22.38 , 107.86
2028 , 10179 , 216.97 , -69.4 , 29 , 26.63 , 3.726 , 0.172 , 22.64 , 107.59
2038 , 10231 , 215.09 , -69.5 , 28 , 26.56 , 3.752 , 0.174 , 22.90 , 107.34
2048 , 10286 , 213.09 , -69.6 , 27 , 26.50 , 3.685 , 0.173 , 23.17 , 107.06
2057 , 10342 , 211.10 , -70.0 , 26 , 26.46 , 3.464 , 0.164 , 23.44 , 106.80
2067 , 10398 , 209.11 , -70.2 , 25 , 26.41 , 3.267 , 0.156 , 23.69 , 106.55
2077 , 10447 , 207.40 , -70.3 , 24 , 26.35 , 3.280 , 0.158 , 23.90 , 106.33
2087 , 10504 , 205.43 , -70.5 , 23 , 26.28 , 3.371 , 0.164 , 24.15 , 106.08
2097 , 10562 , 203.43 , -70.6 , 23 , 26.22 , 3.421 , 0.168 , 24.41 , 105.82
2107 , 10623 , 201.34 , -70.6 , 23 , 26.15 , 3.522 , 0.175 , 24.70 , 105.54
2117 , 10685 , 199.25 , -70.5 , 23 , 26.09 , 3.793 , 0.190 , 25.00 , 105.24
2127 , 10749 , 197.11 , -70.6 , 22 , 26.02 , 4.121 , 0.209 , 25.34 , 104.90
2137 , 10813 , 194.98 , -70.6 , 22 , 25.95 , 4.255 , 0.218 , 25.69 , 104.54
2146 , 10871 , 193.10 , -70.6 , 21 , 25.91 , 4.360 , 0.226 , 26.02 , 104.21
2157 , 10936 , 190.98 , -70.7 , 20 , 25.86 , 4.453 , 0.233 , 26.41 , 103.83
2167 , 10997 , 189.04 , -70.7 , 20 , 25.80 , 4.452 , 0.236 , 26.77 , 103.47
2177 , 11058 , 187.09 , -71.0 , 19 , 25.74 , 4.495 , 0.240 , 27.13 , 103.10
2187 , 11119 , 185.17 , -71.4 , 19 , 25.66 , 4.513 , 0.244 , 27.50 , 102.74
2197 , 11177 , 183.36 , -71.5 , 19 , 25.61 , 4.392 , 0.240 , 27.84 , 102.39
2207 , 11233 , 181.64 , -71.7 , 19 , 25.56 , 4.313 , 0.237 , 28.17 , 102.07
2216 , 11286 , 180.01 , -71.9 , 19 , 25.50 , 4.366 , 0.243 , 28.48 , 101.76
2226 , 11335 , 178.53 , -72.0 , 19 , 25.42 , 4.412 , 0.247 , 28.76 , 101.47
2236 , 11390 , 176.87 , -72.3 , 20 , 25.35 , 4.564 , 0.258 , 29.09 , 101.14
2246 , 11446 , 175.19 , -72.4 , 20 , 25.29 , 4.636 , 0.265 , 29.44 , 100.79
2256 , 11499 , 173.62 , -72.4 , 20 , 25.23 , 4.704 , 0.271 , 29.77 , 100.46
2266 , 11552 , 172.05 , -72.4 , 20 , 25.17 , 4.798 , 0.279 , 30.11 , 100.12
2276 , 11606 , 170.48 , -72.3 , 20 , 25.11 , 4.838 , 0.284 , 30.46 , 99.77
2285 , 11659 , 168.93 , -72.1 , 20 , 25.05 , 4.864 , 0.288 , 30.81 , 99.42
2295 , 11711 , 167.46 , -72.1 , 20 , 24.99 , 4.988 , 0.298 , 31.15 , 99.08
2305 , 11765 , 165.93 , -71.9 , 20 , 24.94 , 5.143 , 0.310 , 31.52 , 98.72
2315 , 11818 , 164.44 , -71.8 , 19 , 24.90 , 5.329 , 0.324 , 31.89 , 98.35
2325 , 11875 , 162.86 , -71.6 , 19 , 24.84 , 5.493 , 0.337 , 32.30 , 97.93
2335 , 11933 , 161.25 , -71.6 , 18 , 24.79 , 5.449 , 0.338 , 32.73 , 97.50
2345 , 11992 , 159.65 , -71.5 , 18 , 24.71 , 5.245 , 0.329 , 33.15 , 97.08
2355 , 12051 , 158.06 , -71.6 , 18 , 24.65 , 5.175 , 0.327 , 33.56 , 96.67
2365 , 12105 , 156.62 , -71.7 , 17 , 24.60 , 5.057 , 0.323 , 33.93 , 96.30
2375 , 12160 , 155.18 , -71.6 , 17 , 24.53 , 5.037 , 0.325 , 34.30 , 95.94
2385 , 12222 , 153.55 , -71.6 , 17 , 24.46 , 5.090 , 0.331 , 34.72 , 95.51
2395 , 12287 , 151.88 , -71.5 , 16 , 24.40 , 5.201 , 0.342 , 35.17 , 95.07
2405 , 12346 , 150.36 , -71.7 , 16 , 24.33 , 5.293 , 0.352 , 35.58 , 94.65
2415 , 12404 , 148.89 , -71.6 , 16 , 24.26 , 5.388 , 0.362 , 36.00 , 94.24
2425 , 12458 , 147.54 , -71.6 , 15 , 24.20 , 5.436 , 0.368 , 36.39 , 93.85
2435 , 12508 , 146.28 , -71.6 , 15 , 24.14 , 5.431 , 0.371 , 36.75 , 93.48
2445 , 12553 , 145.17 , -71.7 , 14 , 24.09 , 5.494 , 0.378 , 37.08 , 93.15
2455 , 12598 , 144.07 , -71.7 , 14 , 24.03 , 5.597 , 0.388 , 37.42 , 92.82
2465 , 12639 , 143.08 , -71.8 , 14 , 23.97 , 5.593 , 0.391 , 37.72 , 92.51
2475 , 12678 , 142.12 , -71.8 , 14 , 23.91 , 5.633 , 0.396 , 38.02 , 92.22
2485 , 12720 , 141.12 , -71.8 , 13 , 23.85 , 5.611 , 0.398 , 38.33 , 91.90
2495 , 12761 , 140.15 , -71.9 , 13 , 23.78 , 5.615 , 0.401 , 38.64 , 91.60
2505 , 12800 , 139.23 , -72.0 , 13 , 23.72 , 5.697 , 0.409 , 38.93 , 91.30
2514 , 12837 , 138.35 , -72.1 , 12 , 23.66 , 5.817 , 0.420 , 39.22 , 91.02
2523 , 12876 , 137.44 , -72.4 , 12 , 23.60 , 5.848 , 0.425 , 39.52 , 90.71
2532 , 12912 , 136.59 , -72.6 , 12 , 23.54 , 5.790 , 0.424 , 39.81 , 90.43
2542 , 12949 , 135.73 , -72.5 , 12 , 23.48 , 5.826 , 0.429 , 40.10 , 90.14
2552 , 12990 , 134.79 , -72.5 , 12 , 23.42 , 5.867 , 0.435 , 40.42 , 89.82
2562 , 13026 , 133.96 , -72.4 , 12 , 23.35 , 5.923 , 0.442 , 40.70 , 89.53
2572 , 13063 , 133.12 , -72.1 , 11 , 23.29 , 5.928 , 0.445 , 41.00 , 89.23
2582 , 13109 , 132.09 , -71.7 , 11 , 23.22 , 6.100 , 0.462 , 41.37 , 88.87
2592 , 13152 , 131.14 , -71.3 , 11 , 23.16 , 6.088 , 0.464 , 41.72 , 88.52
2602 , 13190 , 130.30 , -71.3 , 11 , 23.10 , 6.189 , 0.475 , 42.03 , 88.21
2612 , 13227 , 129.47 , -71.3 , 11 , 23.04 , 6.264 , 0.484 , 42.34 , 87.89
2622 , 13268 , 128.58 , -71.4 , 11 , 22.97 , 6.307 , 0.490 , 42.68 , 87.55
2632 , 13310 , 127.67 , -71.6 , 11 , 22.91 , 6.464 , 0.506 , 43.04 , 87.19
2642 , 13355 , 126.70 , -71.6 , 10 , 22.85 , 6.394 , 0.505 , 43.43 , 86.81
2652 , 13400 , 125.73 , -71.7 , 10 , 22.80 , 6.358 , 0.506 , 43.81 , 86.42
2661 , 13452 , 124.64 , -72.0 , 10 , 22.74 , 6.521 , 0.523 , 44.26 , 85.98
2671 , 13502 , 123.57 , -72.1 , 10 , 22.68 , 6.515 , 0.527 , 44.70 , 85.53
2681 , 13548 , 122.61 , -72.3 , 10 , 22.62 , 6.301 , 0.514 , 45.10 , 85.14
2691 , 13594 , 121.66 , -72.3 , 10 , 22.56 , 6.334 , 0.521 , 45.48 , 84.75
2701 , 13640 , 120.71 , -72.4 , 10 , 22.49 , 6.342 , 0.525 , 45.87 , 84.36
2711 , 13685 , 119.79 , -72.4 , 9 , 22.44 , 6.366 , 0.531 , 46.26 , 83.98
2721 , 13729 , 118.89 , -72.3 , 9 , 22.38 , 6.448 , 0.542 , 46.64 , 83.60
2731 , 13773 , 118.01 , -72.5 , 9 , 22.32 , 6.535 , 0.554 , 47.02 , 83.21
2741 , 13819 , 117.09 , -72.5 , 9 , 22.25 , 6.559 , 0.560 , 47.43 , 82.81
2751 , 13866 , 116.16 , -72.7 , 9 , 22.20 , 6.543 , 0.563 , 47.84 , 82.40
2761 , 13910 , 115.29 , -73.0 , 9 , 22.14 , 6.557 , 0.569 , 48.23 , 82.01
2771 , 13952 , 114.46 , -73.1 , 9 , 22.08 , 6.538 , 0.571 , 48.60 , 81.63
2781 , 13996 , 113.61 , -72.9 , 9 , 22.01 , 6.473 , 0.570 , 48.98 , 81.25
2791 , 14041 , 112.75 , -72.9 , 9 , 21.96 , 6.419 , 0.569 , 49.37 , 80.87
2801 , 14084 , 111.91 , -73.1 , 9 , 21.90 , 6.334 , 0.566 , 49.74 , 80.49
2811 , 14127 , 111.09 , -73.3 , 9 , 21.84 , 6.297 , 0.567 , 50.11 , 80.12
2820 , 14167 , 110.34 , -73.5 , 9 , 21.79 , 6.291 , 0.570 , 50.45 , 79.79
2830 , 14206 , 109.60 , -73.8 , 9 , 21.73 , 6.297 , 0.575 , 50.78 , 79.45
2840 , 14246 , 108.86 , -74.0 , 10 , 21.67 , 6.249 , 0.574 , 51.12 , 79.12
2850 , 14285 , 108.13 , -74.2 , 10 , 21.61 , 6.256 , 0.579 , 51.45 , 78.79
2860 , 14324 , 107.41 , -74.4 , 10 , 21.56 , 6.245 , 0.581 , 51.78 , 78.46
2870 , 14363 , 106.68 , -74.3 , 10 , 21.50 , 6.213 , 0.582 , 52.11 , 78.12
2880 , 14401 , 105.99 , -74.0 , 10 , 21.44 , 6.119 , 0.577 , 52.43 , 77.80
2889 , 14437 , 105.35 , -74.0 , 10 , 21.38 , 6.163 , 0.585 , 52.72 , 77.51
2899 , 14474 , 104.68 , -73.7 , 10 , 21.33 , 6.134 , 0.586 , 53.03 , 77.20
2909 , 14514 , 103.96 , -73.7 , 10 , 21.27 , 6.151 , 0.592 , 53.37 , 76.87
2919 , 14553 , 103.27 , -73.7 , 10 , 21.22 , 6.182 , 0.599 , 53.69 , 76.54
2929 , 14591 , 102.59 , -73.8 , 10 , 21.16 , 6.284 , 0.612 , 54.02 , 76.22
2939 , 14632 , 101.88 , -73.8 , 10 , 21.11 , 6.343 , 0.623 , 54.36 , 75.87
2949 , 14672 , 101.19 , -73.6 , 10 , 21.05 , 6.453 , 0.638 , 54.70 , 75.53
2959 , 14712 , 100.50 , -73.5 , 10 , 21.00 , 6.416 , 0.638 , 55.05 , 75.18
2969 , 14752 , 99.81 , -73.4 , 10 , 20.94 , 6.241 , 0.625 , 55.40 , 74.84
2979 , 14795 , 99.08 , -73.2 , 10 , 20.89 , 6.162 , 0.622 , 55.76 , 74.48
2989 , 14835 , 98.40 , -73.2 , 10 , 20.83 , 6.229 , 0.633 , 56.09 , 74.14
2999 , 14879 , 97.67 , -73.3 , 10 , 20.77 , 6.320 , 0.647 , 56.46 , 73.77
3009 , 14922 , 96.96 , -73.4 , 10 , 20.72 , 6.281 , 0.648 , 56.83 , 73.41
3019 , 14964 , 96.26 , -73.3 , 10 , 20.66 , 6.114 , 0.635 , 57.18 , 73.05
3029 , 15009 , 95.52 , -73.2 , 10 , 20.60 , 5.892 , 0.617 , 57.54 , 72.69
3039 , 15053 , 94.81 , -73.3 , 10 , 20.55 , 5.777 , 0.609 , 57.89 , 72.34
3049 , 15098 , 94.08 , -73.1 , 10 , 20.50 , 5.919 , 0.629 , 58.24 , 71.99
3059 , 15144 , 93.35 , -73.2 , 10 , 20.45 , 6.227 , 0.667 , 58.62 , 71.62
3069 , 15189 , 92.62 , -73.2 , 10 , 20.39 , 6.462 , 0.698 , 59.01 , 71.23
3079 , 15234 , 91.91 , -73.1 , 10 , 20.34 , 6.679 , 0.727 , 59.41 , 70.83
3089 , 15280 , 91.19 , -73.0 , 10 , 20.29 , 7.037 , 0.772 , 59.83 , 70.40
3099 , 15326 , 90.48 , -73.3 , 10 , 20.24 , 7.283 , 0.805 , 60.28 , 69.96
3109 , 15373 , 89.76 , -73.6 , 10 , 20.20 , 7.372 , 0.821 , 60.74 , 69.50
3119 , 15419 , 89.05 , -73.9 , 10 , 20.15 , 7.452 , 0.837 , 61.20 , 69.03
3128 , 15462 , 88.40 , -74.2 , 10 , 20.11 , 7.585 , 0.858 , 61.64 , 68.60
3138 , 15505 , 87.75 , -74.2 , 10 , 20.06 , 7.451 , 0.849 , 62.08 , 68.16
3148 , 15548 , 87.10 , -74.3 , 10 , 20.01 , 7.261 , 0.834 , 62.51 , 67.72
3158 , 15594 , 86.42 , -74.5 , 10 , 19.97 , 7.154 , 0.828 , 62.96 , 67.28
3168 , 15635 , 85.81 , -74.7 , 10 , 19.92 , 7.141 , 0.832 , 63.36 , 66.88
3178 , 15676 , 85.20 , -74.9 , 10 , 19.87 , 7.045 , 0.827 , 63.75 , 66.48
3188 , 15718 , 84.59 , -75.1 , 10 , 19.83 , 6.912 , 0.817 , 64.15 , 66.09
3198 , 15759 , 84.00 , -75.2 , 10 , 19.78 , 6.731 , 0.801 , 64.53 , 65.71
3208 , 15798 , 83.43 , -75.1 , 10 , 19.74 , 6.451 , 0.773 , 64.88 , 65.35
3218 , 15838 , 82.86 , -75.1 , 10 , 19.69 , 6.086 , 0.734 , 65.22 , 65.02
3228 , 15876 , 82.32 , -75.2 , 10 , 19.64 , 5.772 , 0.701 , 65.52 , 64.71
3238 , 15914 , 81.78 , -75.2 , 10 , 19.59 , 5.558 , 0.680 , 65.82 , 64.42
3248 , 15953 , 81.23 , -75.2 , 10 , 19.54 , 5.272 , 0.649 , 66.11 , 64.13
3258 , 15994 , 80.65 , -75.0 , 10 , 19.50 , 5.142 , 0.638 , 66.40 , 63.83
3268 , 16051 , 79.87 , -75.0 , 10 , 19.45 , 5.287 , 0.662 , 66.80 , 63.43
3278 , 16115 , 78.99 , -75.3 , 10 , 19.39 , 5.414 , 0.685 , 67.27 , 62.97
3288 , 16180 , 78.11 , -75.5 , 10 , 19.35 , 5.444 , 0.697 , 67.75 , 62.49
3298 , 16247 , 77.21 , -75.6 , 10 , 19.30 , 5.333 , 0.691 , 68.25 , 61.99
3308 , 16299 , 76.52 , -75.2 , 10 , 19.25 , 4.960 , 0.648 , 68.61 , 61.63
3318 , 16343 , 75.94 , -75.1 , 10 , 19.19 , 4.461 , 0.587 , 68.89 , 61.34
3328 , 16384 , 75.41 , -75.1 , 10 , 19.15 , 4.280 , 0.568 , 69.13 , 61.10
3338 , 16425 , 74.87 , -75.2 , 10 , 19.09 , 4.160 , 0.556 , 69.37 , 60.87
3348 , 16465 , 74.35 , -75.2 , 10 , 19.04 , 4.126 , 0.555 , 69.60 , 60.64
3358 , 16506 , 73.83 , -75.2 , 10 , 19.00 , 4.030 , 0.546 , 69.82 , 60.41
3368 , 16548 , 73.31 , -75.1 , 10 , 18.94 , 3.919 , 0.535 , 70.05 , 60.19
3378 , 16589 , 72.79 , -75.0 , 10 , 18.89 , 3.885 , 0.534 , 70.27 , 59.97
3388 , 16632 , 72.24 , -74.9 , 10 , 18.84 , 3.731 , 0.516 , 70.49 , 59.74
3398 , 16675 , 71.72 , -74.7 , 10 , 18.80 , 3.528 , 0.492 , 70.70 , 59.53
3408 , 16718 , 71.19 , -74.5 , 10 , 18.75 , 3.388 , 0.476 , 70.91 , 59.33
3417 , 16757 , 70.70 , -74.3 , 9 , 18.70 , 3.234 , 0.457 , 71.08 , 59.15
3427 , 16797 , 70.22 , -74.3 , 9 , 18.65 , 3.077 , 0.438 , 71.25 , 58.98
3437 , 16839 , 69.72 , -74.2 , 9 , 18.61 , 2.953 , 0.424 , 71.42 , 58.81
3447 , 16883 , 69.19 , -74.3 , 9 , 18.56 , 2.875 , 0.416 , 71.60 , 58.64
3457 , 16928 , 68.66 , -73.9 , 9 , 18.51 , 2.939 , 0.428 , 71.78 , 58.46
3467 , 16969 , 68.18 , -73.8 , 9 , 18.46 , 3.072 , 0.451 , 71.94 , 58.29
3477 , 17009 , 67.72 , -73.8 , 9 , 18.41 , 3.211 , 0.474 , 72.11 , 58.12
3487 , 17051 , 67.23 , -73.8 , 9 , 18.36 , 3.305 , 0.492 , 72.29 , 57.94
3497 , 17091 , 66.78 , -73.9 , 9 , 18.31 , 3.335 , 0.499 , 72.47 , 57.76
3507 , 17130 , 66.32 , -73.9 , 8 , 18.26 , 3.190 , 0.481 , 72.65 , 57.58
3517 , 17171 , 65.87 , -74.0 , 8 , 18.21 , 2.900 , 0.440 , 72.82 , 57.42
3527 , 17212 , 65.40 , -74.0 , 8 , 18.16 , 2.581 , 0.395 , 72.97 , 57.26
3537 , 17253 , 64.94 , -74.2 , 8 , 18.12 , 2.354 , 0.363 , 73.11 , 57.13
3547 , 17294 , 64.49 , -74.4 , 8 , 18.07 , 2.209 , 0.343 , 73.23 , 57.00
3557 , 17337 , 64.01 , -74.4 , 8 , 18.02 , 2.099 , 0.328 , 73.36 , 56.88
3567 , 17379 , 63.54 , -74.5 , 8 , 17.97 , 1.920 , 0.302 , 73.47 , 56.76
3577 , 17421 , 63.09 , -74.3 , 8 , 17.92 , 1.754 , 0.278 , 73.58 , 56.66
3587 , 17463 , 62.64 , -74.1 , 8 , 17.87 , 1.673 , 0.267 , 73.68 , 56.56
3597 , 17506 , 62.18 , -73.8 , 8 , 17.82 , 1.681 , 0.270 , 73.77 , 56.46
3607 , 17547 , 61.74 , -73.1 , 7 , 17.77 , 1.757 , 0.285 , 73.87 , 56.37
3617 , 17590 , 61.30 , -72.5 , 7 , 17.72 , 1.930 , 0.315 , 73.97 , 56.26
3627 , 17633 , 60.85 , -72.3 , 7 , 17.67 , 2.063 , 0.339 , 74.09 , 56.14
3637 , 17674 , 60.42 , -72.5 , 7 , 17.62 , 2.082 , 0.345 , 74.21 , 56.03
3647 , 17716 , 59.99 , -72.8 , 7 , 17.57 , 2.080 , 0.347 , 74.32 , 55.91
3657 , 17759 , 59.56 , -73.0 , 7 , 17.52 , 2.119 , 0.356 , 74.44 , 55.79
3667 , 17802 , 59.12 , -73.3 , 7 , 17.47 , 2.192 , 0.371 , 74.57 , 55.67
3677 , 17847 , 58.67 , -73.5 , 7 , 17.42 , 2.270 , 0.387 , 74.70 , 55.53
3687 , 17892 , 58.22 , -73.7 , 7 , 17.37 , 2.322 , 0.399 , 74.84 , 55.39
3697 , 17936 , 57.78 , -73.6 , 7 , 17.32 , 2.326 , 0.403 , 74.98 , 55.25
3707 , 17981 , 57.33 , -73.6 , 7 , 17.27 , 2.262 , 0.395 , 75.12 , 55.11
3717 , 18028 , 56.88 , -73.7 , 7 , 17.22 , 2.206 , 0.388 , 75.26 , 54.97
3727 , 18076 , 56.41 , -73.9 , 7 , 17.18 , 2.181 , 0.387 , 75.40 , 54.83
3736 , 18121 , 55.98 , -74.0 , 7 , 17.13 , 2.184 , 0.390 , 75.54 , 54.70
3746 , 18166 , 55.55 , -74.0 , 7 , 17.08 , 2.226 , 0.401 , 75.67 , 54.56
3756 , 18213 , 55.10 , -74.1 , 7 , 17.03 , 2.271 , 0.412 , 75.82 , 54.42
3766 , 18264 , 54.62 , -74.2 , 7 , 16.99 , 2.322 , 0.425 , 75.97 , 54.26
3776 , 18314 , 54.15 , -74.3 , 7 , 16.94 , 2.489 , 0.460 , 76.14 , 54.10
3786 , 18365 , 53.68 , -74.1 , 7 , 16.89 , 2.906 , 0.541 , 76.32 , 53.91
3796 , 18414 , 53.23 , -73.9 , 7 , 16.85 , 3.635 , 0.683 , 76.54 , 53.69
3806 , 18463 , 52.78 , -73.9 , 7 , 16.79 , 4.225 , 0.801 , 76.80 , 53.43
3816 , 18513 , 52.33 , -74.0 , 7 , 16.75 , 4.653 , 0.889 , 77.10 , 53.13
3826 , 18562 , 51.89 , -73.8 , 7 , 16.70 , 4.969 , 0.957 , 77.42 , 52.81
3836 , 18611 , 51.46 , -73.7 , 7 , 16.66 , 4.958 , 0.964 , 77.75 , 52.48
3846 , 18661 , 51.03 , -73.9 , 7 , 16.61 , 4.726 , 0.926 , 78.08 , 52.16
3856 , 18708 , 50.62 , -73.9 , 7 , 16.57 , 4.414 , 0.872 , 78.37 , 51.87
3866 , 18755 , 50.20 , -74.0 , 7 , 16.52 , 4.118 , 0.820 , 78.64 , 51.59
3876 , 18804 , 49.79 , -73.8 , 6 , 16.47 , 3.868 , 0.777 , 78.90 , 51.33
3886 , 18855 , 49.35 , -73.9 , 6 , 16.42 , 3.631 , 0.736 , 79.16 , 51.07
3896 , 18903 , 48.94 , -74.1 , 6 , 16.38 , 3.486 , 0.712 , 79.40 , 50.84
3906 , 18953 , 48.53 , -74.1 , 6 , 16.33 , 3.380 , 0.697 , 79.63 , 50.61
3916 , 19000 , 48.14 , -74.0 , 6 , 16.29 , 3.187 , 0.662 , 79.83 , 50.40
3926 , 19046 , 47.76 , -74.2 , 6 , 16.24 , 3.013 , 0.631 , 80.03 , 50.21
3936 , 19092 , 47.39 , -74.2 , 6 , 16.20 , 2.765 , 0.584 , 80.21 , 50.03
3946 , 19134 , 47.04 , -73.5 , 6 , 16.15 , 2.407 , 0.512 , 80.36 , 49.88
3956 , 19178 , 46.69 , -73.2 , 6 , 16.11 , 2.202 , 0.472 , 80.49 , 49.74
3966 , 19222 , 46.35 , -73.2 , 6 , 16.06 , 2.075 , 0.448 , 80.62 , 49.62
3976 , 19264 , 46.02 , -72.8 , 6 , 16.01 , 1.946 , 0.423 , 80.73 , 49.50
3986 , 19305 , 45.69 , -72.5 , 6 , 15.97 , 1.926 , 0.422 , 80.84 , 49.40
3996 , 19343 , 45.40 , -72.1 , 6 , 15.92 , 2.082 , 0.459 , 80.94 , 49.29
4006 , 19381 , 45.11 , -72.2 , 6 , 15.88 , 2.212 , 0.490 , 81.05 , 49.18
4016 , 19420 , 44.81 , -72.1 , 6 , 15.83 , 2.305 , 0.515 , 81.17 , 49.07
4025 , 19460 , 44.50 , -71.6 , 6 , 15.79 , 2.778 , 0.624 , 81.31 , 48.93
4035 , 19503 , 44.18 , -71.3 , 6 , 15.74 , 3.625 , 0.820 , 81.49 , 48.74
4045 , 19544 , 43.88 , -70.4 , 5 , 15.70 , 4.497 , 1.025 , 81.71 , 48.52
4055 , 19585 , 43.58 , -69.7 , 5 , 15.66 , 5.314 , 1.220 , 81.98 , 48.26
4065 , 19624 , 43.29 , -69.4 , 5 , 15.61 , 5.815 , 1.343 , 82.27 , 47.97
4075 , 19663 , 43.01 , -69.1 , 5 , 15.56 , 6.003 , 1.396 , 82.57 , 47.66
4085 , 19703 , 42.72 , -69.1 , 5 , 15.52 , 5.994 , 1.403 , 82.89 , 47.35
4095 , 19743 , 42.43 , -68.9 , 5 , 15.47 , 5.892 , 1.388 , 83.20 , 47.03
4105 , 19787 , 42.13 , -68.7 , 5 , 15.43 , 5.737 , 1.362 , 83.54 , 46.70
4115 , 19831 , 41.82 , -68.9 , 5 , 15.38 , 5.597 , 1.338 , 83.87 , 46.37
4124 , 19877 , 41.49 , -69.2 , 5 , 15.33 , 5.570 , 1.342 , 84.21 , 46.02
4134 , 19921 , 41.19 , -69.5 , 5 , 15.30 , 5.560 , 1.350 , 84.53 , 45.70
4144 , 19967 , 40.87 , -69.7 , 5 , 15.25 , 5.615 , 1.374 , 84.87 , 45.36
4154 , 20012 , 40.57 , -70.0 , 5 , 15.21 , 5.640 , 1.390 , 85.20 , 45.03
4164 , 20057 , 40.26 , -70.2 , 5 , 15.16 , 5.688 , 1.413 , 85.55 , 44.69
4174 , 20102 , 39.96 , -70.3 , 5 , 15.12 , 5.731 , 1.434 , 85.89 , 44.35
4184 , 20147 , 39.66 , -70.2 , 5 , 15.07 , 5.742 , 1.448 , 86.23 , 44.00
4194 , 20191 , 39.36 , -69.9 , 5 , 15.03 , 5.745 , 1.460 , 86.57 , 43.67
4204 , 20236 , 39.06 , -69.9 , 5 , 14.98 , 5.742 , 1.470 , 86.91 , 43.32
4214 , 20281 , 38.77 , -69.8 , 4 , 14.94 , 5.697 , 1.469 , 87.25 , 42.98
4224 , 20327 , 38.47 , -69.3 , 4 , 14.89 , 5.694 , 1.480 , 87.60 , 42.64
4234 , 20372 , 38.18 , -69.1 , 4 , 14.85 , 5.683 , 1.488 , 87.94 , 42.30
4244 , 20417 , 37.90 , -68.9 , 4 , 14.80 , 5.504 , 1.452 , 88.26 , 41.97
4254 , 20461 , 37.62 , -68.7 , 4 , 14.76 , 5.264 , 1.399 , 88.58 , 41.66
4264 , 20505 , 37.34 , -68.5 , 4 , 14.72 , 5.083 , 1.361 , 88.88 , 41.35
4274 , 20550 , 37.07 , -68.1 , 4 , 14.67 , 4.922 , 1.328 , 89.18 , 41.06
4284 , 20593 , 36.80 , -67.7 , 4 , 14.63 , 4.843 , 1.316 , 89.45 , 40.78
4294 , 20637 , 36.54 , -67.5 , 4 , 14.59 , 4.814 , 1.318 , 89.73 , 40.51
4304 , 20679 , 36.28 , -67.1 , 4 , 14.55 , 4.824 , 1.330 , 89.99 , 40.24
4314 , 20722 , 36.02 , -66.7 , 4 , 14.50 , 4.857 , 1.348 , 90.27 , 39.97
4324 , 20766 , 35.76 , -66.8 , 4 , 14.46 , 5.029 , 1.406 , 90.55 , 39.69
