# ------------------------------------------------------------
#
# Flight name: V2607
# Station: Davis
# Launch Date: 17 October 2007
# Launch Time: 11:42:45
# 
# This file created: Thu Oct 18 11:37:01 2007
# 
# 
# ------------------------------------------------------------
# DATA COLUMNS
# Time (s)
# Height (m)
# Atmospheric Pressure (hPa)
# Atmospheric Temperature (°C)
# Relative Humidity (%)
# Box Temperature (°C)
# Ozone Partial Pressure (mPa)
# Ozone Mixing Ratio (ppmV)
# Accumulated Ozone to this Height (Dobson Units)
# Remaining Ozone above this Height (Dobson Units)
# 
# ------------------------------------------------------------
# 
# Integrated Ozone = 163.7 DU
# Extrapolated Ozone =  34.7 DU
# 
# Total Ozone = 198.4 DU
# 
# 
# ------------------------------------------------------------
0 , 18 , 978.31 , -7.8 , 35 , 32.52 , 1.407 , 0.014 , 0.00 , 198.39
10 , 69 , 971.87 , -8.9 , 39 , 32.48 , 1.811 , 0.019 , 0.08 , 198.30
20 , 115 , 966.08 , -9.2 , 37 , 32.48 , 2.006 , 0.021 , 0.17 , 198.21
30 , 169 , 959.29 , -9.6 , 34 , 32.45 , 2.175 , 0.023 , 0.29 , 198.09
40 , 235 , 951.17 , -10.2 , 34 , 32.40 , 2.260 , 0.024 , 0.44 , 197.95
50 , 300 , 943.15 , -10.8 , 36 , 32.37 , 2.303 , 0.024 , 0.59 , 197.79
60 , 364 , 935.26 , -11.4 , 36 , 32.28 , 2.310 , 0.025 , 0.74 , 197.64
70 , 425 , 927.96 , -12.0 , 36 , 32.07 , 2.343 , 0.025 , 0.89 , 197.50
80 , 488 , 920.30 , -12.6 , 38 , 31.82 , 2.373 , 0.026 , 1.04 , 197.34
90 , 547 , 913.20 , -13.2 , 39 , 31.71 , 2.381 , 0.026 , 1.19 , 197.20
100 , 606 , 906.11 , -13.7 , 40 , 31.60 , 2.363 , 0.026 , 1.33 , 197.05
110 , 671 , 898.39 , -14.4 , 41 , 31.58 , 2.365 , 0.026 , 1.49 , 196.89
120 , 726 , 891.88 , -14.9 , 41 , 31.48 , 2.388 , 0.027 , 1.63 , 196.76
130 , 787 , 884.77 , -15.4 , 42 , 31.41 , 2.360 , 0.027 , 1.78 , 196.61
139 , 841 , 878.38 , -15.9 , 43 , 31.34 , 2.382 , 0.027 , 1.92 , 196.47
148 , 893 , 872.30 , -16.4 , 44 , 31.28 , 2.373 , 0.027 , 2.05 , 196.34
158 , 953 , 865.39 , -17.0 , 46 , 31.19 , 2.350 , 0.027 , 2.19 , 196.19
168 , 1012 , 858.63 , -17.5 , 47 , 31.18 , 2.356 , 0.027 , 2.34 , 196.05
178 , 1069 , 852.08 , -18.1 , 49 , 31.10 , 2.326 , 0.027 , 2.48 , 195.90
188 , 1121 , 846.16 , -18.6 , 50 , 31.07 , 2.346 , 0.028 , 2.61 , 195.78
198 , 1182 , 839.30 , -19.1 , 52 , 31.06 , 2.316 , 0.028 , 2.76 , 195.63
208 , 1246 , 832.11 , -19.7 , 53 , 31.00 , 2.295 , 0.028 , 2.92 , 195.47
218 , 1296 , 826.53 , -20.2 , 55 , 30.89 , 2.279 , 0.028 , 3.04 , 195.35
228 , 1348 , 820.75 , -20.7 , 57 , 30.78 , 2.281 , 0.028 , 3.16 , 195.22
238 , 1406 , 814.29 , -21.2 , 58 , 30.75 , 2.307 , 0.028 , 3.31 , 195.08
248 , 1462 , 808.11 , -21.7 , 59 , 30.59 , 2.318 , 0.029 , 3.45 , 194.94
258 , 1510 , 802.90 , -22.2 , 61 , 30.43 , 2.270 , 0.028 , 3.56 , 194.82
268 , 1558 , 797.68 , -22.7 , 65 , 30.34 , 2.242 , 0.028 , 3.68 , 194.71
278 , 1601 , 792.94 , -23.0 , 67 , 30.26 , 2.227 , 0.028 , 3.78 , 194.60
287 , 1649 , 787.81 , -23.3 , 69 , 30.22 , 2.200 , 0.028 , 3.90 , 194.49
297 , 1697 , 782.67 , -23.6 , 70 , 30.11 , 2.184 , 0.028 , 4.01 , 194.37
307 , 1754 , 776.53 , -23.8 , 73 , 29.99 , 2.147 , 0.028 , 4.15 , 194.24
317 , 1800 , 771.66 , -23.0 , 72 , 29.92 , 2.164 , 0.028 , 4.25 , 194.13
327 , 1852 , 766.26 , -22.0 , 66 , 29.88 , 2.133 , 0.028 , 4.37 , 194.01
337 , 1899 , 761.35 , -21.3 , 59 , 29.72 , 2.131 , 0.028 , 4.48 , 193.91
347 , 1950 , 756.10 , -21.5 , 57 , 29.73 , 2.124 , 0.028 , 4.60 , 193.79
357 , 2000 , 750.99 , -21.8 , 57 , 29.67 , 2.102 , 0.028 , 4.71 , 193.68
367 , 2045 , 746.45 , -21.8 , 54 , 29.64 , 2.116 , 0.028 , 4.81 , 193.58
377 , 2092 , 741.67 , -22.0 , 50 , 29.67 , 2.115 , 0.029 , 4.92 , 193.47
387 , 2141 , 736.73 , -22.4 , 52 , 29.62 , 2.105 , 0.029 , 5.03 , 193.36
397 , 2187 , 732.12 , -22.6 , 52 , 29.59 , 2.115 , 0.029 , 5.13 , 193.25
407 , 2238 , 727.04 , -22.6 , 51 , 29.62 , 2.097 , 0.029 , 5.25 , 193.14
417 , 2296 , 721.34 , -22.8 , 48 , 29.64 , 2.060 , 0.029 , 5.38 , 193.01
427 , 2343 , 716.75 , -23.1 , 47 , 29.61 , 2.050 , 0.029 , 5.48 , 192.90
437 , 2393 , 711.85 , -23.5 , 48 , 29.58 , 2.016 , 0.028 , 5.59 , 192.79
447 , 2447 , 706.58 , -23.9 , 49 , 29.46 , 1.996 , 0.028 , 5.71 , 192.68
456 , 2500 , 701.42 , -24.2 , 49 , 29.41 , 1.990 , 0.028 , 5.82 , 192.56
466 , 2545 , 697.11 , -24.5 , 47 , 29.35 , 1.971 , 0.028 , 5.92 , 192.46
476 , 2596 , 692.23 , -25.0 , 48 , 29.34 , 1.945 , 0.028 , 6.03 , 192.36
486 , 2649 , 687.22 , -25.4 , 48 , 29.33 , 1.942 , 0.028 , 6.14 , 192.24
496 , 2702 , 682.22 , -25.6 , 46 , 29.23 , 1.911 , 0.028 , 6.25 , 192.13
506 , 2759 , 676.90 , -25.8 , 43 , 29.13 , 1.887 , 0.028 , 6.37 , 192.02
516 , 2809 , 672.22 , -26.2 , 44 , 29.09 , 1.882 , 0.028 , 6.47 , 191.91
526 , 2857 , 667.74 , -26.7 , 44 , 28.97 , 1.853 , 0.028 , 6.57 , 191.81
536 , 2903 , 663.52 , -27.0 , 45 , 28.94 , 1.823 , 0.027 , 6.66 , 191.72
546 , 2946 , 659.54 , -27.0 , 45 , 28.95 , 1.814 , 0.028 , 6.75 , 191.64
556 , 2985 , 655.99 , -27.0 , 45 , 28.97 , 1.824 , 0.028 , 6.83 , 191.56
566 , 3035 , 651.45 , -27.2 , 44 , 29.03 , 1.842 , 0.028 , 6.93 , 191.46
576 , 3093 , 646.21 , -27.5 , 42 , 28.99 , 1.818 , 0.028 , 7.04 , 191.34
586 , 3143 , 641.75 , -28.0 , 43 , 28.85 , 1.821 , 0.028 , 7.14 , 191.24
596 , 3191 , 637.53 , -28.2 , 41 , 28.74 , 1.845 , 0.029 , 7.24 , 191.15
606 , 3234 , 633.67 , -28.5 , 40 , 28.66 , 1.910 , 0.030 , 7.33 , 191.06
616 , 3277 , 629.88 , -28.9 , 40 , 28.61 , 1.882 , 0.030 , 7.42 , 190.97
626 , 3326 , 625.58 , -29.4 , 41 , 28.61 , 1.859 , 0.030 , 7.52 , 190.87
636 , 3373 , 621.46 , -29.8 , 41 , 28.54 , 1.842 , 0.030 , 7.62 , 190.77
646 , 3421 , 617.31 , -30.2 , 42 , 28.46 , 1.831 , 0.030 , 7.71 , 190.67
655 , 3479 , 612.23 , -30.8 , 45 , 28.48 , 1.831 , 0.030 , 7.83 , 190.55
666 , 3536 , 607.38 , -31.1 , 45 , 28.48 , 1.837 , 0.030 , 7.95 , 190.44
676 , 3594 , 602.38 , -31.4 , 44 , 28.39 , 1.823 , 0.030 , 8.07 , 190.32
686 , 3650 , 597.62 , -31.8 , 43 , 28.42 , 1.820 , 0.030 , 8.18 , 190.20
696 , 3705 , 592.98 , -32.3 , 43 , 28.39 , 1.834 , 0.031 , 8.29 , 190.09
706 , 3756 , 588.76 , -32.7 , 44 , 28.30 , 1.796 , 0.031 , 8.40 , 189.99
716 , 3806 , 584.58 , -33.1 , 45 , 28.20 , 1.753 , 0.030 , 8.50 , 189.89
726 , 3859 , 580.14 , -33.4 , 44 , 28.17 , 1.709 , 0.029 , 8.60 , 189.79
736 , 3919 , 575.27 , -33.7 , 42 , 28.10 , 1.699 , 0.030 , 8.71 , 189.67
746 , 3976 , 570.55 , -34.0 , 41 , 28.03 , 1.656 , 0.029 , 8.82 , 189.56
755 , 4029 , 566.25 , -34.4 , 41 , 27.93 , 1.619 , 0.029 , 8.92 , 189.47
765 , 4084 , 561.86 , -34.6 , 38 , 27.85 , 1.569 , 0.028 , 9.02 , 189.37
775 , 4145 , 556.91 , -35.1 , 38 , 27.82 , 1.522 , 0.027 , 9.13 , 189.26
785 , 4203 , 552.30 , -35.6 , 40 , 27.81 , 1.518 , 0.027 , 9.22 , 189.16
795 , 4259 , 547.87 , -35.8 , 38 , 27.70 , 1.492 , 0.027 , 9.32 , 189.06
805 , 4316 , 543.37 , -36.1 , 37 , 27.69 , 1.461 , 0.027 , 9.42 , 188.97
815 , 4361 , 539.86 , -36.5 , 37 , 27.69 , 1.426 , 0.026 , 9.49 , 188.89
825 , 4403 , 536.62 , -36.8 , 36 , 27.74 , 1.415 , 0.026 , 9.56 , 188.83
835 , 4448 , 533.12 , -37.2 , 38 , 27.77 , 1.442 , 0.027 , 9.63 , 188.75
845 , 4500 , 529.13 , -37.6 , 39 , 27.73 , 1.415 , 0.027 , 9.72 , 188.67
855 , 4545 , 525.71 , -37.8 , 39 , 27.63 , 1.407 , 0.027 , 9.79 , 188.60
865 , 4590 , 522.27 , -38.2 , 39 , 27.60 , 1.395 , 0.027 , 9.86 , 188.52
875 , 4635 , 518.83 , -38.4 , 39 , 27.57 , 1.396 , 0.027 , 9.93 , 188.45
885 , 4683 , 515.25 , -38.6 , 40 , 27.55 , 1.392 , 0.027 , 10.01 , 188.37
895 , 4725 , 512.10 , -39.0 , 40 , 27.50 , 1.400 , 0.027 , 10.08 , 188.31
905 , 4780 , 508.01 , -39.4 , 42 , 27.52 , 1.411 , 0.028 , 10.17 , 188.22
915 , 4832 , 504.16 , -39.6 , 43 , 27.38 , 1.405 , 0.028 , 10.25 , 188.13
925 , 4890 , 499.87 , -39.9 , 42 , 27.28 , 1.368 , 0.027 , 10.34 , 188.04
935 , 4939 , 496.31 , -40.2 , 41 , 27.19 , 1.339 , 0.027 , 10.42 , 187.96
945 , 4987 , 492.83 , -40.6 , 42 , 27.07 , 1.324 , 0.027 , 10.50 , 187.89
955 , 5029 , 489.80 , -40.8 , 41 , 27.07 , 1.299 , 0.027 , 10.56 , 187.83
965 , 5081 , 486.05 , -41.1 , 42 , 27.13 , 1.282 , 0.026 , 10.64 , 187.75
975 , 5130 , 482.56 , -41.3 , 41 , 27.10 , 1.261 , 0.026 , 10.71 , 187.68
985 , 5174 , 479.44 , -41.5 , 39 , 27.00 , 1.254 , 0.026 , 10.77 , 187.61
995 , 5214 , 476.62 , -41.7 , 38 , 26.94 , 1.221 , 0.026 , 10.83 , 187.55
1005 , 5252 , 474.00 , -41.9 , 37 , 26.99 , 1.204 , 0.025 , 10.88 , 187.50
1015 , 5295 , 470.94 , -42.3 , 36 , 27.04 , 1.198 , 0.025 , 10.95 , 187.44
1025 , 5350 , 467.15 , -42.7 , 36 , 26.98 , 1.183 , 0.025 , 11.02 , 187.36
1035 , 5403 , 463.50 , -43.2 , 37 , 26.88 , 1.179 , 0.025 , 11.09 , 187.29
1045 , 5455 , 459.91 , -43.6 , 38 , 26.87 , 1.169 , 0.025 , 11.17 , 187.22
1055 , 5505 , 456.47 , -44.1 , 39 , 26.79 , 1.163 , 0.025 , 11.24 , 187.15
1065 , 5553 , 453.23 , -44.5 , 40 , 26.65 , 1.140 , 0.025 , 11.30 , 187.08
1074 , 5599 , 450.16 , -44.9 , 40 , 26.57 , 1.130 , 0.025 , 11.36 , 187.02
1084 , 5639 , 447.45 , -45.2 , 41 , 26.53 , 1.118 , 0.025 , 11.42 , 186.97
1094 , 5679 , 444.77 , -45.5 , 40 , 26.49 , 1.108 , 0.025 , 11.47 , 186.92
1104 , 5724 , 441.77 , -45.9 , 37 , 26.49 , 1.117 , 0.025 , 11.53 , 186.86
1114 , 5775 , 438.37 , -46.1 , 36 , 26.46 , 1.106 , 0.025 , 11.60 , 186.79
1124 , 5820 , 435.46 , -46.5 , 36 , 26.39 , 1.114 , 0.026 , 11.65 , 186.73
1133 , 5861 , 432.74 , -46.7 , 37 , 26.36 , 1.109 , 0.026 , 11.71 , 186.68
1143 , 5911 , 429.51 , -46.9 , 37 , 26.29 , 1.108 , 0.026 , 11.77 , 186.61
1153 , 5963 , 426.12 , -47.1 , 35 , 26.22 , 1.115 , 0.026 , 11.84 , 186.54
1163 , 6009 , 423.19 , -47.4 , 34 , 26.15 , 1.107 , 0.026 , 11.90 , 186.48
1173 , 6055 , 420.28 , -47.9 , 35 , 26.09 , 1.095 , 0.026 , 11.96 , 186.42
1183 , 6100 , 417.36 , -48.3 , 36 , 26.07 , 1.087 , 0.026 , 12.02 , 186.36
1193 , 6140 , 414.84 , -48.7 , 38 , 26.03 , 1.073 , 0.026 , 12.08 , 186.31
1203 , 6189 , 411.78 , -49.1 , 40 , 26.01 , 1.067 , 0.026 , 12.14 , 186.25
1213 , 6241 , 408.49 , -49.5 , 41 , 25.96 , 1.055 , 0.026 , 12.21 , 186.18
1223 , 6293 , 405.27 , -49.9 , 41 , 25.90 , 1.045 , 0.026 , 12.27 , 186.11
1233 , 6344 , 402.15 , -50.3 , 43 , 25.83 , 1.047 , 0.026 , 12.33 , 186.05
1243 , 6388 , 399.41 , -50.7 , 45 , 25.75 , 1.036 , 0.026 , 12.39 , 185.99
1253 , 6437 , 396.46 , -51.0 , 47 , 25.74 , 1.043 , 0.026 , 12.45 , 185.93
1263 , 6489 , 393.25 , -51.6 , 50 , 25.68 , 1.051 , 0.027 , 12.52 , 185.87
1273 , 6549 , 389.66 , -52.1 , 52 , 25.61 , 1.066 , 0.027 , 12.60 , 185.79
1283 , 6595 , 386.86 , -52.4 , 53 , 25.52 , 1.099 , 0.028 , 12.66 , 185.73
1293 , 6642 , 384.08 , -52.9 , 53 , 25.49 , 1.062 , 0.028 , 12.72 , 185.67
1303 , 6699 , 380.67 , -53.3 , 53 , 25.46 , 1.037 , 0.027 , 12.79 , 185.59
1313 , 6746 , 377.91 , -53.6 , 53 , 25.43 , 1.024 , 0.027 , 12.85 , 185.53
1323 , 6797 , 374.93 , -53.8 , 50 , 25.40 , 1.088 , 0.029 , 12.92 , 185.47
1333 , 6845 , 372.15 , -54.2 , 48 , 25.26 , 1.118 , 0.030 , 12.98 , 185.40
1343 , 6889 , 369.60 , -54.5 , 48 , 25.24 , 1.123 , 0.030 , 13.04 , 185.34
1353 , 6933 , 367.06 , -54.8 , 48 , 25.20 , 1.159 , 0.032 , 13.11 , 185.28
1363 , 6974 , 364.72 , -55.1 , 48 , 25.18 , 1.175 , 0.032 , 13.16 , 185.22
1372 , 7009 , 362.72 , -55.5 , 48 , 25.14 , 1.168 , 0.032 , 13.21 , 185.17
1382 , 7048 , 360.49 , -55.8 , 48 , 25.11 , 1.187 , 0.033 , 13.27 , 185.11
1392 , 7092 , 358.01 , -56.1 , 48 , 25.07 , 1.187 , 0.033 , 13.34 , 185.05
1402 , 7130 , 355.86 , -56.4 , 48 , 25.03 , 1.190 , 0.033 , 13.39 , 184.99
1412 , 7170 , 353.66 , -56.5 , 48 , 24.96 , 1.182 , 0.033 , 13.45 , 184.93
1422 , 7214 , 351.21 , -56.7 , 47 , 24.90 , 1.210 , 0.034 , 13.52 , 184.87
1432 , 7254 , 348.95 , -56.9 , 46 , 24.82 , 1.191 , 0.034 , 13.58 , 184.81
1442 , 7296 , 346.67 , -57.2 , 44 , 24.81 , 1.194 , 0.034 , 13.64 , 184.75
1452 , 7343 , 344.10 , -57.5 , 42 , 24.78 , 1.210 , 0.035 , 13.71 , 184.67
1462 , 7393 , 341.36 , -57.3 , 41 , 24.69 , 1.297 , 0.038 , 13.79 , 184.60
1472 , 7446 , 338.52 , -56.7 , 36 , 24.62 , 1.313 , 0.039 , 13.88 , 184.51
1482 , 7494 , 335.96 , -56.9 , 29 , 24.58 , 1.273 , 0.038 , 13.95 , 184.43
1492 , 7539 , 333.61 , -57.3 , 25 , 24.52 , 1.234 , 0.037 , 14.02 , 184.36
1502 , 7586 , 331.13 , -57.6 , 21 , 24.49 , 1.210 , 0.037 , 14.09 , 184.29
1512 , 7630 , 328.84 , -58.0 , 19 , 24.45 , 1.172 , 0.036 , 14.16 , 184.23
1522 , 7669 , 326.79 , -58.4 , 17 , 24.43 , 1.156 , 0.035 , 14.22 , 184.17
1532 , 7706 , 324.85 , -58.7 , 16 , 24.44 , 1.164 , 0.036 , 14.27 , 184.11
1542 , 7747 , 322.75 , -58.9 , 14 , 24.45 , 1.166 , 0.036 , 14.33 , 184.05
1552 , 7796 , 320.25 , -59.1 , 13 , 24.41 , 1.200 , 0.037 , 14.40 , 183.98
1562 , 7855 , 317.26 , -59.5 , 13 , 24.34 , 1.199 , 0.038 , 14.49 , 183.89
1572 , 7899 , 314.99 , -59.9 , 12 , 24.25 , 1.184 , 0.038 , 14.56 , 183.82
1582 , 7941 , 312.90 , -60.2 , 12 , 24.22 , 1.164 , 0.037 , 14.62 , 183.76
1592 , 7982 , 310.86 , -60.6 , 12 , 24.22 , 1.144 , 0.037 , 14.68 , 183.70
1602 , 8021 , 308.91 , -60.9 , 14 , 24.22 , 1.135 , 0.037 , 14.74 , 183.65
1612 , 8063 , 306.83 , -61.3 , 14 , 24.22 , 1.133 , 0.037 , 14.80 , 183.59
1622 , 8105 , 304.76 , -61.6 , 15 , 24.20 , 1.132 , 0.037 , 14.86 , 183.53
1632 , 8146 , 302.71 , -61.9 , 15 , 24.19 , 1.106 , 0.037 , 14.92 , 183.47
1642 , 8189 , 300.65 , -62.3 , 17 , 24.17 , 1.098 , 0.037 , 14.98 , 183.41
1652 , 8240 , 298.14 , -62.6 , 19 , 24.12 , 1.100 , 0.037 , 15.05 , 183.33
1662 , 8286 , 295.94 , -62.9 , 22 , 24.05 , 1.120 , 0.038 , 15.12 , 183.27
1672 , 8334 , 293.64 , -63.1 , 26 , 24.03 , 1.246 , 0.042 , 15.19 , 183.20
1681 , 8378 , 291.55 , -63.3 , 30 , 24.00 , 1.330 , 0.046 , 15.26 , 183.12
1691 , 8419 , 289.60 , -62.8 , 29 , 23.97 , 1.423 , 0.049 , 15.33 , 183.05
1701 , 8458 , 287.75 , -62.3 , 26 , 23.96 , 1.623 , 0.056 , 15.41 , 182.97
1711 , 8497 , 285.95 , -61.9 , 22 , 23.94 , 1.851 , 0.065 , 15.50 , 182.89
1721 , 8538 , 284.08 , -61.2 , 18 , 23.92 , 2.097 , 0.074 , 15.60 , 182.79
1731 , 8579 , 282.20 , -61.2 , 16 , 23.89 , 2.364 , 0.084 , 15.72 , 182.67
1741 , 8619 , 280.41 , -61.4 , 13 , 23.86 , 2.585 , 0.092 , 15.84 , 182.54
1751 , 8657 , 278.69 , -61.7 , 12 , 23.84 , 2.728 , 0.098 , 15.97 , 182.42
1761 , 8699 , 276.80 , -62.1 , 10 , 23.82 , 2.828 , 0.102 , 16.12 , 182.27
1771 , 8751 , 274.46 , -62.2 , 10 , 23.77 , 2.935 , 0.107 , 16.31 , 182.07
1781 , 8795 , 272.53 , -62.4 , 9 , 23.69 , 2.958 , 0.109 , 16.48 , 181.91
1791 , 8834 , 270.78 , -62.8 , 9 , 23.66 , 3.027 , 0.112 , 16.63 , 181.76
1801 , 8874 , 269.03 , -62.8 , 8 , 23.63 , 3.094 , 0.115 , 16.78 , 181.60
1811 , 8912 , 267.38 , -62.6 , 8 , 23.59 , 3.187 , 0.119 , 16.94 , 181.45
1821 , 8953 , 265.61 , -62.8 , 8 , 23.57 , 3.232 , 0.122 , 17.11 , 181.28
1831 , 8995 , 263.81 , -62.8 , 8 , 23.54 , 3.303 , 0.125 , 17.28 , 181.10
1841 , 9036 , 262.08 , -62.6 , 7 , 23.51 , 3.416 , 0.130 , 17.46 , 180.93
1851 , 9076 , 260.37 , -62.6 , 7 , 23.49 , 3.498 , 0.134 , 17.63 , 180.75
1861 , 9117 , 258.65 , -62.5 , 7 , 23.47 , 3.621 , 0.140 , 17.82 , 180.56
1871 , 9158 , 256.91 , -62.7 , 7 , 23.45 , 3.769 , 0.147 , 18.02 , 180.37
1881 , 9199 , 255.21 , -62.8 , 7 , 23.40 , 3.821 , 0.150 , 18.22 , 180.17
1891 , 9238 , 253.61 , -63.0 , 6 , 23.34 , 3.840 , 0.151 , 18.41 , 179.98
1901 , 9279 , 251.92 , -63.1 , 6 , 23.31 , 3.832 , 0.152 , 18.61 , 179.78
1911 , 9320 , 250.25 , -63.3 , 6 , 23.28 , 3.912 , 0.156 , 18.81 , 179.57
1921 , 9366 , 248.38 , -63.6 , 6 , 23.26 , 3.880 , 0.156 , 19.04 , 179.34
1931 , 9410 , 246.61 , -63.7 , 6 , 23.22 , 3.948 , 0.160 , 19.26 , 179.12
1941 , 9450 , 245.00 , -63.8 , 6 , 23.18 , 3.992 , 0.163 , 19.47 , 178.92
1951 , 9490 , 243.40 , -64.0 , 6 , 23.15 , 3.971 , 0.163 , 19.67 , 178.71
1961 , 9535 , 241.63 , -64.2 , 6 , 23.13 , 4.038 , 0.167 , 19.91 , 178.48
1970 , 9575 , 240.06 , -64.4 , 6 , 23.10 , 4.073 , 0.170 , 20.11 , 178.27
1979 , 9611 , 238.62 , -64.7 , 6 , 23.07 , 4.057 , 0.170 , 20.31 , 178.08
1989 , 9648 , 237.20 , -64.8 , 6 , 23.05 , 4.124 , 0.174 , 20.50 , 177.89
1999 , 9687 , 235.69 , -64.5 , 6 , 23.01 , 4.133 , 0.175 , 20.71 , 177.68
2009 , 9724 , 234.25 , -64.5 , 6 , 22.97 , 4.260 , 0.182 , 20.91 , 177.47
2019 , 9762 , 232.79 , -65.0 , 6 , 22.92 , 4.299 , 0.185 , 21.12 , 177.26
2029 , 9800 , 231.36 , -65.1 , 6 , 22.87 , 4.300 , 0.186 , 21.33 , 177.05
2039 , 9835 , 230.03 , -64.9 , 6 , 22.84 , 4.431 , 0.193 , 21.53 , 176.86
2049 , 9871 , 228.66 , -64.7 , 6 , 22.81 , 4.526 , 0.198 , 21.74 , 176.64
2059 , 9911 , 227.17 , -64.5 , 6 , 22.78 , 4.588 , 0.202 , 21.98 , 176.41
2069 , 9951 , 225.72 , -64.3 , 6 , 22.73 , 4.619 , 0.205 , 22.21 , 176.18
2079 , 9988 , 224.32 , -64.5 , 6 , 22.69 , 4.704 , 0.210 , 22.44 , 175.95
2089 , 10029 , 222.82 , -64.6 , 6 , 22.64 , 4.779 , 0.214 , 22.69 , 175.70
2099 , 10085 , 220.79 , -64.8 , 5 , 22.61 , 4.876 , 0.221 , 23.04 , 175.35
2109 , 10153 , 218.33 , -65.3 , 5 , 22.55 , 4.891 , 0.224 , 23.47 , 174.92
2119 , 10202 , 216.60 , -65.5 , 5 , 22.45 , 4.810 , 0.222 , 23.77 , 174.61
2129 , 10246 , 215.03 , -65.9 , 6 , 22.39 , 4.801 , 0.223 , 24.05 , 174.34
2139 , 10289 , 213.50 , -66.1 , 5 , 22.36 , 4.835 , 0.226 , 24.32 , 174.06
2149 , 10328 , 212.15 , -66.3 , 5 , 22.33 , 4.817 , 0.227 , 24.56 , 173.82
2159 , 10365 , 210.86 , -66.3 , 6 , 22.28 , 4.760 , 0.226 , 24.79 , 173.59
2169 , 10403 , 209.52 , -66.6 , 6 , 22.25 , 4.746 , 0.227 , 25.03 , 173.35
2179 , 10442 , 208.18 , -66.7 , 6 , 22.20 , 4.742 , 0.228 , 25.27 , 173.11
2189 , 10481 , 206.85 , -66.4 , 5 , 22.15 , 4.701 , 0.227 , 25.51 , 172.87
2199 , 10521 , 205.47 , -66.3 , 5 , 22.11 , 4.683 , 0.228 , 25.76 , 172.63
2209 , 10563 , 204.07 , -66.1 , 5 , 22.08 , 4.685 , 0.230 , 26.01 , 172.37
2219 , 10603 , 202.73 , -66.2 , 5 , 22.03 , 4.647 , 0.229 , 26.25 , 172.13
2229 , 10642 , 201.41 , -66.1 , 5 , 21.99 , 4.622 , 0.229 , 26.49 , 171.89
2239 , 10683 , 200.07 , -65.9 , 5 , 21.94 , 4.627 , 0.231 , 26.74 , 171.65
2248 , 10722 , 198.79 , -66.0 , 5 , 21.90 , 4.721 , 0.237 , 26.97 , 171.41
2258 , 10763 , 197.43 , -66.0 , 5 , 21.86 , 4.703 , 0.238 , 27.23 , 171.16
2268 , 10803 , 196.15 , -65.8 , 5 , 21.83 , 4.763 , 0.243 , 27.47 , 170.91
2278 , 10841 , 194.93 , -65.9 , 5 , 21.81 , 4.848 , 0.249 , 27.71 , 170.68
2287 , 10878 , 193.73 , -66.1 , 5 , 21.76 , 4.927 , 0.254 , 27.95 , 170.44
2297 , 10915 , 192.54 , -66.2 , 5 , 21.72 , 4.966 , 0.258 , 28.19 , 170.20
2307 , 10954 , 191.31 , -66.4 , 5 , 21.69 , 4.973 , 0.260 , 28.44 , 169.95
2317 , 10992 , 190.11 , -66.7 , 5 , 21.68 , 4.994 , 0.263 , 28.68 , 169.70
2327 , 11037 , 188.69 , -66.8 , 5 , 21.65 , 5.045 , 0.267 , 28.98 , 169.40
2337 , 11111 , 186.43 , -66.4 , 5 , 21.57 , 5.056 , 0.271 , 29.46 , 168.92
2347 , 11160 , 184.91 , -66.5 , 5 , 21.51 , 5.075 , 0.274 , 29.79 , 168.60
2357 , 11200 , 183.69 , -66.7 , 5 , 21.45 , 5.028 , 0.274 , 30.05 , 168.33
2367 , 11238 , 182.54 , -66.9 , 5 , 21.42 , 5.040 , 0.276 , 30.30 , 168.08
2377 , 11274 , 181.45 , -67.2 , 5 , 21.38 , 5.042 , 0.278 , 30.54 , 167.84
2387 , 11311 , 180.33 , -67.4 , 5 , 21.35 , 4.927 , 0.273 , 30.79 , 167.60
2397 , 11349 , 179.21 , -67.5 , 5 , 21.33 , 4.942 , 0.276 , 31.03 , 167.36
2407 , 11387 , 178.09 , -67.6 , 5 , 21.31 , 4.998 , 0.281 , 31.27 , 167.11
2417 , 11426 , 176.94 , -67.4 , 5 , 21.28 , 4.932 , 0.279 , 31.53 , 166.86
2427 , 11463 , 175.86 , -67.5 , 5 , 21.24 , 4.912 , 0.279 , 31.77 , 166.62
2436 , 11496 , 174.88 , -67.4 , 5 , 21.20 , 4.946 , 0.283 , 31.98 , 166.40
2446 , 11529 , 173.92 , -67.3 , 5 , 21.15 , 4.943 , 0.284 , 32.20 , 166.19
2456 , 11565 , 172.89 , -67.4 , 5 , 21.14 , 4.948 , 0.286 , 32.43 , 165.96
2466 , 11603 , 171.79 , -67.0 , 5 , 21.11 , 4.982 , 0.290 , 32.68 , 165.71
2476 , 11644 , 170.64 , -66.9 , 5 , 21.07 , 5.057 , 0.296 , 32.95 , 165.44
2486 , 11679 , 169.64 , -67.0 , 5 , 21.02 , 5.071 , 0.299 , 33.18 , 165.21
2496 , 11714 , 168.67 , -67.2 , 5 , 20.97 , 5.027 , 0.298 , 33.41 , 164.98
2506 , 11750 , 167.68 , -67.3 , 5 , 20.95 , 4.972 , 0.297 , 33.64 , 164.74
2516 , 11786 , 166.66 , -67.4 , 5 , 20.93 , 4.954 , 0.297 , 33.88 , 164.50
2526 , 11823 , 165.64 , -67.6 , 4 , 20.89 , 4.895 , 0.296 , 34.12 , 164.27
2536 , 11860 , 164.62 , -67.7 , 4 , 20.86 , 4.877 , 0.296 , 34.36 , 164.03
2546 , 11899 , 163.58 , -67.7 , 4 , 20.85 , 4.824 , 0.295 , 34.60 , 163.78
2556 , 11939 , 162.49 , -67.9 , 4 , 20.82 , 4.820 , 0.297 , 34.85 , 163.53
2566 , 11979 , 161.40 , -68.1 , 4 , 20.78 , 4.821 , 0.299 , 35.11 , 163.28
2575 , 12017 , 160.39 , -68.3 , 4 , 20.74 , 4.746 , 0.296 , 35.35 , 163.04
2584 , 12055 , 159.37 , -68.5 , 4 , 20.71 , 4.702 , 0.295 , 35.59 , 162.80
2594 , 12094 , 158.34 , -68.2 , 4 , 20.67 , 4.654 , 0.294 , 35.83 , 162.56
2604 , 12138 , 157.18 , -68.0 , 4 , 20.63 , 4.541 , 0.289 , 36.09 , 162.29
2614 , 12177 , 156.15 , -68.2 , 4 , 20.59 , 4.436 , 0.284 , 36.32 , 162.06
2624 , 12217 , 155.13 , -68.4 , 4 , 20.56 , 4.327 , 0.279 , 36.55 , 161.83
2634 , 12257 , 154.09 , -68.6 , 4 , 20.53 , 4.266 , 0.277 , 36.78 , 161.61
2644 , 12297 , 153.06 , -68.5 , 4 , 20.49 , 4.195 , 0.274 , 37.00 , 161.38
2654 , 12337 , 152.05 , -68.3 , 4 , 20.46 , 4.159 , 0.274 , 37.22 , 161.16
2664 , 12374 , 151.12 , -68.6 , 4 , 20.44 , 4.106 , 0.272 , 37.42 , 160.96
2674 , 12410 , 150.20 , -68.8 , 4 , 20.40 , 4.083 , 0.272 , 37.62 , 160.77
2684 , 12447 , 149.28 , -68.8 , 4 , 20.38 , 4.039 , 0.271 , 37.81 , 160.57
2694 , 12486 , 148.31 , -68.6 , 4 , 20.34 , 4.014 , 0.271 , 38.02 , 160.36
2704 , 12525 , 147.35 , -68.9 , 4 , 20.30 , 3.972 , 0.270 , 38.23 , 160.16
2714 , 12564 , 146.38 , -69.0 , 4 , 20.26 , 3.983 , 0.272 , 38.43 , 159.95
2724 , 12604 , 145.42 , -68.7 , 4 , 20.22 , 3.991 , 0.274 , 38.64 , 159.74
2734 , 12643 , 144.48 , -68.7 , 4 , 20.19 , 3.976 , 0.275 , 38.85 , 159.54
2744 , 12681 , 143.55 , -68.9 , 4 , 20.16 , 3.977 , 0.277 , 39.05 , 159.34
2754 , 12719 , 142.65 , -69.0 , 4 , 20.13 , 3.965 , 0.278 , 39.24 , 159.14
2764 , 12757 , 141.73 , -69.3 , 4 , 20.09 , 3.932 , 0.277 , 39.45 , 158.94
2774 , 12796 , 140.81 , -69.6 , 4 , 20.06 , 3.905 , 0.277 , 39.65 , 158.74
2784 , 12837 , 139.84 , -69.9 , 4 , 20.02 , 3.872 , 0.277 , 39.86 , 158.53
2794 , 12878 , 138.90 , -69.8 , 4 , 19.98 , 3.842 , 0.277 , 40.07 , 158.32
2804 , 12917 , 137.97 , -69.7 , 4 , 19.94 , 3.782 , 0.274 , 40.27 , 158.12
2814 , 12959 , 137.02 , -70.0 , 4 , 19.91 , 3.736 , 0.273 , 40.47 , 157.91
2824 , 12998 , 136.11 , -70.3 , 4 , 19.87 , 3.691 , 0.271 , 40.67 , 157.72
2834 , 13040 , 135.16 , -70.7 , 4 , 19.84 , 3.659 , 0.271 , 40.87 , 157.51
2844 , 13081 , 134.23 , -70.9 , 4 , 19.81 , 3.597 , 0.268 , 41.07 , 157.32
2854 , 13121 , 133.31 , -71.0 , 5 , 19.78 , 3.549 , 0.266 , 41.26 , 157.12
2864 , 13162 , 132.40 , -71.1 , 5 , 19.76 , 3.538 , 0.267 , 41.45 , 156.93
2874 , 13202 , 131.51 , -71.2 , 5 , 19.74 , 3.495 , 0.266 , 41.64 , 156.74
2884 , 13242 , 130.61 , -70.9 , 4 , 19.71 , 3.495 , 0.268 , 41.83 , 156.55
2893 , 13282 , 129.73 , -70.8 , 5 , 19.67 , 3.569 , 0.275 , 42.02 , 156.37
2903 , 13321 , 128.90 , -71.0 , 5 , 19.64 , 3.654 , 0.283 , 42.20 , 156.18
2913 , 13362 , 128.00 , -71.0 , 5 , 19.61 , 3.748 , 0.293 , 42.41 , 155.98
2923 , 13403 , 127.12 , -70.7 , 4 , 19.57 , 3.820 , 0.301 , 42.61 , 155.77
2933 , 13443 , 126.26 , -70.7 , 4 , 19.53 , 3.846 , 0.305 , 42.82 , 155.57
2943 , 13482 , 125.42 , -70.8 , 4 , 19.49 , 3.868 , 0.308 , 43.02 , 155.36
2953 , 13521 , 124.60 , -70.9 , 4 , 19.45 , 3.842 , 0.308 , 43.22 , 155.16
2963 , 13561 , 123.77 , -70.9 , 4 , 19.40 , 3.786 , 0.306 , 43.42 , 154.96
2973 , 13601 , 122.94 , -71.0 , 4 , 19.34 , 3.738 , 0.304 , 43.62 , 154.76
2983 , 13640 , 122.12 , -71.2 , 4 , 19.29 , 3.673 , 0.301 , 43.82 , 154.57
2993 , 13680 , 121.31 , -71.3 , 4 , 19.25 , 3.593 , 0.296 , 44.01 , 154.38
3003 , 13718 , 120.52 , -71.5 , 4 , 19.20 , 3.519 , 0.292 , 44.19 , 154.19
3013 , 13756 , 119.74 , -71.7 , 4 , 19.15 , 3.443 , 0.288 , 44.37 , 154.02
3023 , 13794 , 118.98 , -71.7 , 4 , 19.11 , 3.364 , 0.283 , 44.54 , 153.84
3033 , 13833 , 118.20 , -71.7 , 4 , 19.07 , 3.284 , 0.278 , 44.71 , 153.67
3043 , 13873 , 117.40 , -71.8 , 4 , 19.03 , 3.223 , 0.275 , 44.89 , 153.50
3053 , 13911 , 116.63 , -72.0 , 4 , 18.98 , 3.166 , 0.271 , 45.05 , 153.33
3063 , 13950 , 115.88 , -72.3 , 4 , 18.94 , 3.093 , 0.267 , 45.21 , 153.17
3073 , 13990 , 115.09 , -72.2 , 4 , 18.90 , 3.022 , 0.263 , 45.38 , 153.01
3083 , 14032 , 114.28 , -71.6 , 4 , 18.85 , 3.015 , 0.264 , 45.55 , 152.84
3093 , 14074 , 113.46 , -71.4 , 4 , 18.81 , 3.020 , 0.266 , 45.72 , 152.67
3103 , 14113 , 112.71 , -71.7 , 4 , 18.77 , 3.000 , 0.266 , 45.88 , 152.51
3113 , 14153 , 111.95 , -71.7 , 4 , 18.73 , 2.937 , 0.262 , 46.03 , 152.35
3123 , 14193 , 111.19 , -71.7 , 4 , 18.69 , 2.837 , 0.255 , 46.19 , 152.20
3133 , 14232 , 110.45 , -71.8 , 4 , 18.65 , 2.718 , 0.246 , 46.33 , 152.05
3143 , 14274 , 109.68 , -72.1 , 4 , 18.63 , 2.576 , 0.235 , 46.48 , 151.90
3153 , 14317 , 108.88 , -72.3 , 4 , 18.61 , 2.398 , 0.220 , 46.63 , 151.76
3163 , 14358 , 108.11 , -72.4 , 4 , 18.57 , 2.166 , 0.200 , 46.75 , 151.63
3173 , 14398 , 107.38 , -72.5 , 4 , 18.54 , 1.966 , 0.183 , 46.86 , 151.52
3182 , 14435 , 106.70 , -72.6 , 4 , 18.50 , 1.766 , 0.166 , 46.96 , 151.43
3192 , 14473 , 106.02 , -72.5 , 4 , 18.46 , 1.577 , 0.149 , 47.04 , 151.34
3202 , 14513 , 105.30 , -72.3 , 4 , 18.42 , 1.401 , 0.133 , 47.12 , 151.26
3212 , 14553 , 104.59 , -72.3 , 4 , 18.39 , 1.214 , 0.116 , 47.19 , 151.19
3222 , 14593 , 103.89 , -72.3 , 4 , 18.37 , 1.066 , 0.103 , 47.25 , 151.13
3232 , 14631 , 103.21 , -72.1 , 4 , 18.33 , 0.908 , 0.088 , 47.30 , 151.08
3242 , 14671 , 102.52 , -71.8 , 4 , 18.29 , 0.732 , 0.071 , 47.35 , 151.04
3252 , 14710 , 101.83 , -71.8 , 4 , 18.24 , 0.559 , 0.055 , 47.38 , 151.00
3262 , 14753 , 101.10 , -71.6 , 4 , 18.20 , 0.437 , 0.043 , 47.41 , 150.98
3272 , 14794 , 100.39 , -71.4 , 4 , 18.16 , 0.366 , 0.036 , 47.43 , 150.95
3282 , 14834 , 99.72 , -71.4 , 4 , 18.13 , 0.307 , 0.031 , 47.45 , 150.94
3292 , 14875 , 99.03 , -71.6 , 4 , 18.09 , 0.269 , 0.027 , 47.46 , 150.92
3302 , 14917 , 98.33 , -71.8 , 4 , 18.05 , 0.238 , 0.024 , 47.48 , 150.91
3312 , 14956 , 97.67 , -71.8 , 4 , 18.02 , 0.219 , 0.022 , 47.49 , 150.89
3322 , 14997 , 97.01 , -71.7 , 4 , 17.97 , 0.202 , 0.021 , 47.50 , 150.88
3332 , 15036 , 96.36 , -71.6 , 4 , 17.93 , 0.196 , 0.020 , 47.51 , 150.87
3342 , 15075 , 95.73 , -71.4 , 4 , 17.89 , 0.213 , 0.022 , 47.52 , 150.86
3352 , 15116 , 95.07 , -71.3 , 4 , 17.85 , 0.237 , 0.025 , 47.54 , 150.85
3362 , 15157 , 94.41 , -71.3 , 4 , 17.80 , 0.267 , 0.028 , 47.55 , 150.84
3372 , 15200 , 93.73 , -70.9 , 4 , 17.75 , 0.298 , 0.032 , 47.57 , 150.82
3382 , 15239 , 93.12 , -70.6 , 4 , 17.70 , 0.344 , 0.037 , 47.58 , 150.80
3392 , 15276 , 92.52 , -70.2 , 4 , 17.66 , 0.376 , 0.041 , 47.60 , 150.78
3402 , 15315 , 91.92 , -70.0 , 4 , 17.62 , 0.404 , 0.044 , 47.62 , 150.76
3412 , 15354 , 91.32 , -69.8 , 3 , 17.58 , 0.421 , 0.046 , 47.64 , 150.74
3422 , 15394 , 90.71 , -69.6 , 3 , 17.56 , 0.405 , 0.045 , 47.66 , 150.72
3432 , 15434 , 90.11 , -69.6 , 3 , 17.53 , 0.376 , 0.042 , 47.68 , 150.70
3442 , 15472 , 89.53 , -69.1 , 3 , 17.49 , 0.341 , 0.038 , 47.70 , 150.68
3452 , 15512 , 88.93 , -69.1 , 3 , 17.46 , 0.297 , 0.033 , 47.72 , 150.67
3462 , 15551 , 88.35 , -69.1 , 3 , 17.43 , 0.270 , 0.031 , 47.73 , 150.65
3472 , 15594 , 87.73 , -69.3 , 3 , 17.40 , 0.241 , 0.027 , 47.75 , 150.64
3482 , 15638 , 87.08 , -69.6 , 3 , 17.37 , 0.217 , 0.025 , 47.76 , 150.62
3491 , 15675 , 86.54 , -69.8 , 3 , 17.33 , 0.195 , 0.023 , 47.77 , 150.61
3501 , 15713 , 85.99 , -69.7 , 3 , 17.30 , 0.178 , 0.021 , 47.78 , 150.60
3511 , 15753 , 85.41 , -69.7 , 3 , 17.27 , 0.157 , 0.018 , 47.79 , 150.59
3521 , 15792 , 84.85 , -69.4 , 3 , 17.24 , 0.154 , 0.018 , 47.80 , 150.59
3531 , 15834 , 84.26 , -69.4 , 3 , 17.20 , 0.181 , 0.022 , 47.81 , 150.58
3541 , 15877 , 83.66 , -69.5 , 3 , 17.16 , 0.228 , 0.027 , 47.82 , 150.57
3551 , 15920 , 83.06 , -69.6 , 3 , 17.12 , 0.298 , 0.036 , 47.83 , 150.55
3561 , 15960 , 82.50 , -69.5 , 3 , 17.08 , 0.370 , 0.045 , 47.85 , 150.53
3571 , 16001 , 81.94 , -69.5 , 3 , 17.04 , 0.492 , 0.060 , 47.87 , 150.51
3581 , 16041 , 81.39 , -69.6 , 3 , 17.00 , 0.629 , 0.077 , 47.90 , 150.48
3591 , 16082 , 80.82 , -69.7 , 3 , 16.96 , 0.721 , 0.089 , 47.94 , 150.44
3601 , 16124 , 80.26 , -69.8 , 3 , 16.93 , 0.764 , 0.095 , 47.98 , 150.40
3611 , 16167 , 79.69 , -69.9 , 3 , 16.90 , 0.784 , 0.098 , 48.03 , 150.36
3621 , 16210 , 79.10 , -69.9 , 3 , 16.86 , 0.785 , 0.099 , 48.07 , 150.31
3631 , 16253 , 78.54 , -69.8 , 3 , 16.83 , 0.795 , 0.101 , 48.12 , 150.27
3641 , 16294 , 78.00 , -69.6 , 3 , 16.80 , 0.800 , 0.103 , 48.16 , 150.22
3651 , 16338 , 77.43 , -69.7 , 3 , 16.76 , 0.798 , 0.103 , 48.21 , 150.18
3661 , 16380 , 76.88 , -69.8 , 3 , 16.73 , 0.789 , 0.103 , 48.25 , 150.13
3671 , 16421 , 76.35 , -70.0 , 3 , 16.70 , 0.792 , 0.104 , 48.29 , 150.09
3681 , 16461 , 75.84 , -70.1 , 3 , 16.67 , 0.794 , 0.105 , 48.34 , 150.05
3691 , 16501 , 75.33 , -70.0 , 2 , 16.64 , 0.817 , 0.109 , 48.38 , 150.01
3701 , 16542 , 74.81 , -70.0 , 2 , 16.60 , 0.821 , 0.110 , 48.42 , 149.96
3711 , 16584 , 74.29 , -70.1 , 2 , 16.57 , 0.762 , 0.103 , 48.47 , 149.92
3721 , 16629 , 73.73 , -70.1 , 2 , 16.54 , 0.696 , 0.094 , 48.51 , 149.87
3731 , 16671 , 73.20 , -70.1 , 2 , 16.51 , 0.652 , 0.089 , 48.55 , 149.84
3741 , 16714 , 72.68 , -70.0 , 2 , 16.48 , 0.613 , 0.084 , 48.58 , 149.80
3751 , 16756 , 72.17 , -70.2 , 2 , 16.45 , 0.600 , 0.083 , 48.62 , 149.77
3761 , 16799 , 71.65 , -70.1 , 2 , 16.42 , 0.577 , 0.081 , 48.65 , 149.73
3771 , 16841 , 71.14 , -69.9 , 2 , 16.38 , 0.545 , 0.077 , 48.68 , 149.70
3781 , 16883 , 70.64 , -69.6 , 2 , 16.35 , 0.517 , 0.073 , 48.71 , 149.67
3791 , 16926 , 70.14 , -69.1 , 2 , 16.32 , 0.495 , 0.071 , 48.74 , 149.64
3800 , 16967 , 69.66 , -68.7 , 2 , 16.29 , 0.484 , 0.069 , 48.77 , 149.62
3810 , 17009 , 69.17 , -68.5 , 2 , 16.26 , 0.485 , 0.070 , 48.80 , 149.59
3820 , 17053 , 68.66 , -68.2 , 2 , 16.23 , 0.508 , 0.074 , 48.82 , 149.56
3830 , 17096 , 68.17 , -68.4 , 2 , 16.20 , 0.527 , 0.077 , 48.85 , 149.53
3840 , 17140 , 67.67 , -68.3 , 2 , 16.16 , 0.536 , 0.079 , 48.88 , 149.50
3850 , 17185 , 67.17 , -68.0 , 2 , 16.13 , 0.563 , 0.084 , 48.92 , 149.47
3860 , 17228 , 66.68 , -68.0 , 2 , 16.10 , 0.583 , 0.087 , 48.95 , 149.44
3870 , 17272 , 66.20 , -67.8 , 2 , 16.07 , 0.587 , 0.089 , 48.98 , 149.40
3880 , 17316 , 65.72 , -67.7 , 2 , 16.03 , 0.578 , 0.088 , 49.02 , 149.37
3890 , 17358 , 65.26 , -67.7 , 2 , 16.00 , 0.575 , 0.088 , 49.05 , 149.34
3900 , 17400 , 64.80 , -67.6 , 2 , 15.97 , 0.594 , 0.092 , 49.08 , 149.30
3910 , 17444 , 64.33 , -67.6 , 2 , 15.94 , 0.602 , 0.094 , 49.12 , 149.27
3920 , 17488 , 63.87 , -67.3 , 2 , 15.90 , 0.608 , 0.095 , 49.15 , 149.24
3930 , 17532 , 63.41 , -66.9 , 2 , 15.87 , 0.596 , 0.094 , 49.18 , 149.20
3940 , 17575 , 62.96 , -66.7 , 2 , 15.84 , 0.576 , 0.091 , 49.22 , 149.17
3950 , 17618 , 62.50 , -66.7 , 2 , 15.81 , 0.579 , 0.093 , 49.25 , 149.13
3960 , 17662 , 62.05 , -66.8 , 2 , 15.77 , 0.575 , 0.093 , 49.28 , 149.10
3970 , 17707 , 61.59 , -66.8 , 2 , 15.74 , 0.582 , 0.095 , 49.32 , 149.07
3980 , 17751 , 61.14 , -66.9 , 2 , 15.70 , 0.591 , 0.097 , 49.35 , 149.03
3990 , 17795 , 60.71 , -66.7 , 2 , 15.67 , 0.578 , 0.095 , 49.38 , 149.00
4000 , 17838 , 60.27 , -66.3 , 2 , 15.64 , 0.594 , 0.099 , 49.42 , 148.97
4010 , 17881 , 59.85 , -65.9 , 2 , 15.60 , 0.580 , 0.097 , 49.45 , 148.94
4020 , 17925 , 59.42 , -65.7 , 2 , 15.57 , 0.605 , 0.102 , 49.48 , 148.90
4030 , 17969 , 58.98 , -65.4 , 2 , 15.54 , 0.610 , 0.103 , 49.52 , 148.87
4040 , 18013 , 58.56 , -65.2 , 2 , 15.50 , 0.594 , 0.101 , 49.55 , 148.83
4050 , 18056 , 58.15 , -65.2 , 2 , 15.47 , 0.564 , 0.097 , 49.58 , 148.80
4060 , 18099 , 57.74 , -64.8 , 2 , 15.43 , 0.537 , 0.093 , 49.62 , 148.77
4070 , 18144 , 57.31 , -64.4 , 1 , 15.40 , 0.543 , 0.095 , 49.65 , 148.74
4080 , 18190 , 56.89 , -64.3 , 1 , 15.37 , 0.550 , 0.097 , 49.68 , 148.71
4090 , 18235 , 56.47 , -64.6 , 1 , 15.33 , 0.547 , 0.097 , 49.71 , 148.67
4100 , 18277 , 56.08 , -64.7 , 1 , 15.30 , 0.537 , 0.096 , 49.74 , 148.64
4109 , 18318 , 55.70 , -64.5 , 1 , 15.27 , 0.541 , 0.097 , 49.77 , 148.62
4119 , 18360 , 55.32 , -64.2 , 1 , 15.24 , 0.554 , 0.100 , 49.80 , 148.59
4129 , 18403 , 54.93 , -64.1 , 1 , 15.21 , 0.568 , 0.103 , 49.83 , 148.55
4139 , 18446 , 54.55 , -64.3 , 1 , 15.18 , 0.588 , 0.108 , 49.86 , 148.52
4149 , 18490 , 54.16 , -64.3 , 1 , 15.15 , 0.596 , 0.110 , 49.90 , 148.49
4159 , 18533 , 53.78 , -64.0 , 1 , 15.12 , 0.603 , 0.112 , 49.93 , 148.46
4169 , 18576 , 53.40 , -63.7 , 1 , 15.09 , 0.617 , 0.116 , 49.96 , 148.42
4179 , 18619 , 53.03 , -63.3 , 1 , 15.05 , 0.636 , 0.120 , 50.00 , 148.39
4189 , 18663 , 52.65 , -62.8 , 1 , 15.03 , 0.692 , 0.131 , 50.04 , 148.35
4199 , 18707 , 52.28 , -62.5 , 1 , 15.00 , 0.718 , 0.137 , 50.08 , 148.31
4209 , 18752 , 51.90 , -62.0 , 1 , 14.97 , 0.749 , 0.144 , 50.12 , 148.27
4219 , 18797 , 51.52 , -61.6 , 1 , 14.94 , 0.879 , 0.171 , 50.16 , 148.22
4229 , 18843 , 51.14 , -61.3 , 1 , 14.91 , 1.035 , 0.202 , 50.22 , 148.17
4239 , 18890 , 50.75 , -61.4 , 1 , 14.89 , 1.139 , 0.224 , 50.29 , 148.10
4249 , 18937 , 50.37 , -61.3 , 1 , 14.86 , 1.213 , 0.241 , 50.36 , 148.03
4259 , 18985 , 49.99 , -61.0 , 1 , 14.83 , 1.303 , 0.261 , 50.43 , 147.95
4269 , 19034 , 49.59 , -60.7 , 1 , 14.80 , 1.450 , 0.292 , 50.52 , 147.87
4279 , 19081 , 49.22 , -60.2 , 1 , 14.78 , 1.744 , 0.354 , 50.61 , 147.77
4289 , 19127 , 48.85 , -59.6 , 1 , 14.75 , 2.226 , 0.456 , 50.73 , 147.66
4299 , 19173 , 48.50 , -59.1 , 1 , 14.73 , 2.949 , 0.608 , 50.88 , 147.51
4309 , 19221 , 48.13 , -59.1 , 1 , 14.70 , 3.446 , 0.716 , 51.07 , 147.31
4319 , 19266 , 47.79 , -59.0 , 1 , 14.68 , 3.787 , 0.792 , 51.27 , 147.11
4329 , 19311 , 47.44 , -58.7 , 1 , 14.65 , 3.988 , 0.841 , 51.50 , 146.89
4339 , 19354 , 47.12 , -58.4 , 1 , 14.63 , 4.158 , 0.882 , 51.72 , 146.67
4349 , 19397 , 46.80 , -58.4 , 1 , 14.60 , 4.149 , 0.887 , 51.94 , 146.44
4359 , 19439 , 46.48 , -58.2 , 1 , 14.58 , 3.839 , 0.826 , 52.15 , 146.23
4369 , 19482 , 46.17 , -57.9 , 1 , 14.55 , 3.466 , 0.751 , 52.35 , 146.04
4379 , 19526 , 45.85 , -57.7 , 1 , 14.53 , 3.079 , 0.672 , 52.53 , 145.86
4389 , 19569 , 45.53 , -57.5 , 1 , 14.51 , 2.835 , 0.623 , 52.69 , 145.69
4398 , 19612 , 45.23 , -57.4 , 1 , 14.48 , 2.717 , 0.601 , 52.84 , 145.55
4408 , 19652 , 44.94 , -57.3 , 1 , 14.46 , 2.685 , 0.597 , 52.97 , 145.41
4418 , 19696 , 44.63 , -57.3 , 1 , 14.44 , 2.749 , 0.616 , 53.12 , 145.26
4428 , 19741 , 44.31 , -57.2 , 1 , 14.41 , 2.884 , 0.651 , 53.28 , 145.10
4438 , 19786 , 44.00 , -57.3 , 1 , 14.39 , 3.054 , 0.694 , 53.45 , 144.94
4448 , 19833 , 43.67 , -57.4 , 1 , 14.37 , 3.225 , 0.738 , 53.63 , 144.75
4458 , 19879 , 43.36 , -57.1 , 1 , 14.34 , 3.276 , 0.756 , 53.82 , 144.57
4468 , 19923 , 43.06 , -56.6 , 1 , 14.32 , 3.207 , 0.745 , 54.00 , 144.39
4478 , 19969 , 42.75 , -56.2 , 1 , 14.30 , 3.084 , 0.721 , 54.17 , 144.21
4488 , 20015 , 42.44 , -56.0 , 1 , 14.27 , 3.273 , 0.771 , 54.36 , 144.03
4498 , 20062 , 42.12 , -55.8 , 1 , 14.25 , 3.704 , 0.879 , 54.56 , 143.82
4508 , 20111 , 41.80 , -55.6 , 1 , 14.23 , 4.058 , 0.971 , 54.80 , 143.59
4518 , 20160 , 41.48 , -55.6 , 1 , 14.21 , 4.312 , 1.039 , 55.05 , 143.34
4528 , 20208 , 41.17 , -55.8 , 1 , 14.19 , 4.485 , 1.089 , 55.31 , 143.07
4538 , 20258 , 40.85 , -55.6 , 1 , 14.17 , 4.597 , 1.125 , 55.60 , 142.79
4548 , 20309 , 40.52 , -55.4 , 1 , 14.14 , 4.708 , 1.162 , 55.89 , 142.50
4558 , 20359 , 40.21 , -55.0 , 1 , 14.12 , 4.934 , 1.227 , 56.19 , 142.20
4568 , 20409 , 39.89 , -54.7 , 1 , 14.10 , 5.257 , 1.318 , 56.50 , 141.89
4578 , 20458 , 39.59 , -54.5 , 1 , 14.08 , 5.540 , 1.399 , 56.83 , 141.56
4588 , 20508 , 39.28 , -54.6 , 1 , 14.06 , 5.572 , 1.419 , 57.17 , 141.22
4598 , 20557 , 38.98 , -54.8 , 1 , 14.03 , 5.448 , 1.398 , 57.50 , 140.88
4608 , 20604 , 38.70 , -54.5 , 1 , 14.01 , 5.295 , 1.368 , 57.81 , 140.57
4618 , 20652 , 38.40 , -54.5 , 1 , 13.99 , 5.143 , 1.339 , 58.12 , 140.26
4628 , 20698 , 38.13 , -53.9 , 1 , 13.97 , 5.110 , 1.340 , 58.41 , 139.97
4638 , 20744 , 37.86 , -53.6 , 1 , 13.95 , 5.217 , 1.378 , 58.70 , 139.68
4648 , 20789 , 37.60 , -53.0 , 1 , 13.93 , 5.378 , 1.430 , 59.00 , 139.39
4658 , 20832 , 37.34 , -52.9 , 1 , 13.91 , 5.521 , 1.478 , 59.29 , 139.10
4668 , 20876 , 37.09 , -52.4 , 1 , 13.89 , 5.691 , 1.534 , 59.59 , 138.79
4678 , 20920 , 36.84 , -52.5 , 1 , 13.87 , 5.820 , 1.580 , 59.90 , 138.49
4687 , 20962 , 36.60 , -52.4 , 1 , 13.85 , 6.050 , 1.653 , 60.20 , 138.18
4696 , 21003 , 36.37 , -52.0 , 1 , 13.83 , 6.484 , 1.783 , 60.52 , 137.87
4706 , 21044 , 36.14 , -51.6 , 1 , 13.81 , 6.863 , 1.899 , 60.85 , 137.54
4716 , 21088 , 35.90 , -51.5 , 1 , 13.79 , 7.030 , 1.958 , 61.22 , 137.17
4726 , 21132 , 35.65 , -51.6 , 1 , 13.78 , 7.134 , 2.001 , 61.60 , 136.79
4736 , 21177 , 35.41 , -50.9 , 1 , 13.76 , 7.203 , 2.034 , 61.99 , 136.40
4746 , 21223 , 35.16 , -50.5 , 1 , 13.74 , 7.267 , 2.067 , 62.39 , 135.99
4756 , 21269 , 34.91 , -50.0 , 1 , 13.72 , 7.335 , 2.101 , 62.80 , 135.58
4766 , 21319 , 34.65 , -49.6 , 1 , 13.70 , 7.394 , 2.134 , 63.24 , 135.14
4776 , 21368 , 34.39 , -49.2 , 1 , 13.68 , 7.561 , 2.199 , 63.69 , 134.70
4786 , 21417 , 34.13 , -48.8 , 1 , 13.66 , 7.782 , 2.280 , 64.14 , 134.25
4796 , 21466 , 33.88 , -48.4 , 1 , 13.65 , 8.067 , 2.381 , 64.61 , 133.78
4806 , 21516 , 33.62 , -48.0 , 1 , 13.63 , 8.288 , 2.465 , 65.09 , 133.29
4816 , 21564 , 33.38 , -47.6 , 1 , 13.61 , 8.467 , 2.537 , 65.58 , 132.81
4826 , 21613 , 33.13 , -47.2 , 1 , 13.59 , 8.598 , 2.595 , 66.07 , 132.31
4836 , 21661 , 32.89 , -47.0 , 1 , 13.57 , 8.698 , 2.644 , 66.57 , 131.81
4846 , 21709 , 32.65 , -46.7 , 1 , 13.56 , 8.814 , 2.699 , 67.07 , 131.31
4856 , 21756 , 32.42 , -46.2 , 1 , 13.54 , 8.905 , 2.747 , 67.57 , 130.82
4866 , 21802 , 32.20 , -46.0 , 1 , 13.52 , 9.010 , 2.799 , 68.06 , 130.33
4876 , 21847 , 31.98 , -45.8 , 1 , 13.51 , 9.115 , 2.850 , 68.54 , 129.84
4886 , 21895 , 31.75 , -45.7 , 1 , 13.49 , 9.165 , 2.886 , 69.05 , 129.33
4896 , 21941 , 31.54 , -45.3 , 1 , 13.47 , 9.182 , 2.912 , 69.56 , 128.83
4906 , 21988 , 31.31 , -44.9 , 1 , 13.46 , 9.180 , 2.931 , 70.06 , 128.32
4916 , 22036 , 31.09 , -44.4 , 1 , 13.44 , 9.212 , 2.963 , 70.59 , 127.80
4926 , 22087 , 30.85 , -44.5 , 1 , 13.43 , 9.394 , 3.044 , 71.15 , 127.24
4936 , 22141 , 30.60 , -44.6 , 1 , 13.41 , 9.434 , 3.083 , 71.75 , 126.63
4946 , 22193 , 30.37 , -44.6 , 1 , 13.40 , 9.399 , 3.095 , 72.32 , 126.06
4956 , 22245 , 30.13 , -44.4 , 1 , 13.38 , 9.318 , 3.093 , 72.91 , 125.48
4966 , 22301 , 29.88 , -44.3 , 1 , 13.37 , 9.437 , 3.158 , 73.52 , 124.86
4976 , 22350 , 29.66 , -44.2 , 1 , 13.35 , 9.455 , 3.187 , 74.06 , 124.32
4986 , 22397 , 29.46 , -44.0 , 1 , 13.34 , 9.501 , 3.225 , 74.59 , 123.80
4996 , 22443 , 29.26 , -43.6 , 1 , 13.33 , 9.661 , 3.302 , 75.10 , 123.28
5005 , 22488 , 29.06 , -43.1 , 1 , 13.31 , 9.653 , 3.322 , 75.61 , 122.77
5015 , 22534 , 28.86 , -43.1 , 1 , 13.30 , 9.691 , 3.358 , 76.14 , 122.24
5025 , 22584 , 28.65 , -43.3 , 1 , 13.29 , 9.726 , 3.395 , 76.70 , 121.68
5035 , 22630 , 28.45 , -43.5 , 1 , 13.28 , 9.819 , 3.451 , 77.24 , 121.15
5045 , 22678 , 28.25 , -43.7 , 1 , 13.27 , 9.755 , 3.453 , 77.78 , 120.60
5055 , 22725 , 28.05 , -43.9 , 1 , 13.26 , 9.741 , 3.472 , 78.33 , 120.06
5065 , 22771 , 27.86 , -43.9 , 1 , 13.25 , 9.706 , 3.483 , 78.85 , 119.54
5075 , 22817 , 27.67 , -43.7 , 1 , 13.23 , 9.957 , 3.598 , 79.38 , 119.00
5085 , 22862 , 27.49 , -42.7 , 1 , 13.22 , 10.005 , 3.640 , 79.91 , 118.47
5095 , 22908 , 27.30 , -41.9 , 1 , 13.21 , 10.222 , 3.744 , 80.45 , 117.94
5105 , 22955 , 27.11 , -41.5 , 1 , 13.20 , 10.185 , 3.757 , 81.01 , 117.37
5115 , 23003 , 26.92 , -41.6 , 1 , 13.19 , 10.182 , 3.782 , 81.59 , 116.80
5125 , 23053 , 26.72 , -41.3 , 1 , 13.18 , 10.278 , 3.846 , 82.18 , 116.21
5135 , 23101 , 26.53 , -41.1 , 1 , 13.17 , 10.220 , 3.852 , 82.75 , 115.63
5145 , 23149 , 26.35 , -40.1 , 1 , 13.16 , 10.175 , 3.862 , 83.32 , 115.07
5155 , 23199 , 26.16 , -39.9 , 1 , 13.15 , 10.188 , 3.895 , 83.91 , 114.48
5165 , 23249 , 25.97 , -39.7 , 1 , 13.15 , 10.318 , 3.974 , 84.50 , 113.89
5175 , 23300 , 25.77 , -39.3 , 1 , 13.14 , 10.356 , 4.018 , 85.11 , 113.28
5185 , 23350 , 25.59 , -39.3 , 1 , 13.12 , 10.328 , 4.037 , 85.70 , 112.68
5195 , 23401 , 25.40 , -39.1 , 1 , 13.12 , 10.315 , 4.062 , 86.31 , 112.08
5205 , 23452 , 25.21 , -38.8 , 1 , 13.11 , 10.281 , 4.078 , 86.91 , 111.48
5215 , 23499 , 25.03 , -38.7 , 1 , 13.10 , 10.358 , 4.138 , 87.48 , 110.91
5225 , 23549 , 24.85 , -38.6 , 1 , 13.09 , 10.383 , 4.178 , 88.07 , 110.32
5235 , 23597 , 24.68 , -37.8 , 1 , 13.08 , 10.302 , 4.174 , 88.64 , 109.75
5245 , 23643 , 24.52 , -37.3 , 1 , 13.07 , 10.316 , 4.208 , 89.18 , 109.21
5255 , 23690 , 24.35 , -37.1 , 1 , 13.06 , 10.235 , 4.203 , 89.73 , 108.65
5265 , 23736 , 24.19 , -37.2 , 1 , 13.05 , 10.194 , 4.214 , 90.26 , 108.12
5275 , 23783 , 24.02 , -37.5 , 1 , 13.04 , 10.031 , 4.175 , 90.81 , 107.57
5285 , 23829 , 23.86 , -37.6 , 1 , 13.03 , 9.896 , 4.147 , 91.34 , 107.05
5295 , 23876 , 23.70 , -37.0 , 1 , 13.02 , 9.830 , 4.147 , 91.86 , 106.52
5305 , 23923 , 23.54 , -36.5 , 1 , 13.02 , 9.692 , 4.117 , 92.39 , 105.99
5315 , 23972 , 23.38 , -36.0 , 1 , 13.01 , 9.680 , 4.141 , 92.93 , 105.45
5325 , 24023 , 23.21 , -35.6 , 1 , 13.00 , 9.644 , 4.156 , 93.48 , 104.90
5334 , 24070 , 23.05 , -35.0 , 1 , 12.99 , 9.654 , 4.188 , 94.00 , 104.38
5344 , 24118 , 22.89 , -34.8 , 1 , 12.98 , 9.731 , 4.251 , 94.53 , 103.85
5354 , 24168 , 22.73 , -34.6 , 1 , 12.97 , 9.763 , 4.296 , 95.08 , 103.30
5364 , 24218 , 22.57 , -34.1 , 1 , 12.96 , 9.668 , 4.284 , 95.63 , 102.75
5374 , 24267 , 22.41 , -33.5 , 1 , 12.95 , 9.623 , 4.294 , 96.16 , 102.22
5384 , 24317 , 22.25 , -33.4 , 1 , 12.94 , 9.556 , 4.295 , 96.70 , 101.69
5394 , 24366 , 22.10 , -32.3 , 1 , 12.93 , 9.490 , 4.295 , 97.22 , 101.17
5404 , 24416 , 21.94 , -31.5 , 1 , 12.92 , 9.445 , 4.305 , 97.75 , 100.63
5414 , 24465 , 21.79 , -31.0 , 1 , 12.92 , 9.389 , 4.310 , 98.27 , 100.12
5424 , 24514 , 21.64 , -30.9 , 1 , 12.91 , 9.394 , 4.342 , 98.78 , 99.60
5434 , 24566 , 21.48 , -30.5 , 1 , 12.90 , 9.230 , 4.297 , 99.31 , 99.07
5444 , 24614 , 21.34 , -30.2 , 1 , 12.89 , 9.311 , 4.364 , 99.81 , 98.58
5454 , 24661 , 21.20 , -30.2 , 1 , 12.88 , 9.367 , 4.419 , 100.29 , 98.09
5464 , 24704 , 21.07 , -30.3 , 1 , 12.88 , 9.303 , 4.416 , 100.75 , 97.64
5474 , 24750 , 20.93 , -30.3 , 1 , 12.87 , 9.264 , 4.426 , 101.22 , 97.17
5484 , 24795 , 20.80 , -30.4 , 1 , 12.86 , 9.279 , 4.461 , 101.69 , 96.70
5494 , 24836 , 20.68 , -30.7 , 1 , 12.85 , 9.254 , 4.475 , 102.10 , 96.28
5504 , 24883 , 20.54 , -30.3 , 1 , 12.85 , 9.232 , 4.494 , 102.59 , 95.80
5514 , 24934 , 20.40 , -29.4 , 1 , 12.84 , 9.300 , 4.560 , 103.11 , 95.27
5524 , 24981 , 20.26 , -29.0 , 1 , 12.84 , 9.281 , 4.580 , 103.60 , 94.79
5534 , 25027 , 20.13 , -29.0 , 1 , 12.83 , 9.248 , 4.593 , 104.06 , 94.32
5544 , 25072 , 20.01 , -29.2 , 1 , 12.83 , 9.159 , 4.578 , 104.52 , 93.87
5554 , 25114 , 19.89 , -29.2 , 1 , 12.83 , 9.201 , 4.627 , 104.95 , 93.44
5564 , 25164 , 19.75 , -29.6 , 1 , 12.82 , 9.181 , 4.649 , 105.46 , 92.93
5574 , 25212 , 19.62 , -29.9 , 1 , 12.82 , 9.281 , 4.731 , 105.94 , 92.44
5584 , 25261 , 19.48 , -30.2 , 1 , 12.82 , 9.210 , 4.727 , 106.44 , 91.94
5594 , 25308 , 19.35 , -30.6 , 1 , 12.81 , 9.164 , 4.735 , 106.93 , 91.45
5604 , 25367 , 19.20 , -31.0 , 1 , 12.81 , 9.121 , 4.752 , 107.52 , 90.86
5613 , 25421 , 19.05 , -31.3 , 1 , 12.81 , 9.090 , 4.772 , 108.08 , 90.31
5622 , 25472 , 18.91 , -31.6 , 1 , 12.81 , 9.079 , 4.801 , 108.59 , 89.79
5632 , 25525 , 18.77 , -31.7 , 1 , 12.81 , 9.107 , 4.852 , 109.12 , 89.26
5642 , 25576 , 18.64 , -31.7 , 1 , 12.80 , 9.102 , 4.884 , 109.65 , 88.74
5652 , 25622 , 18.51 , -31.3 , 1 , 12.81 , 9.111 , 4.921 , 110.12 , 88.27
5662 , 25668 , 18.39 , -31.3 , 1 , 12.81 , 9.188 , 4.995 , 110.59 , 87.80
5672 , 25717 , 18.27 , -31.2 , 1 , 12.81 , 9.274 , 5.076 , 111.09 , 87.30
5682 , 25769 , 18.13 , -31.2 , 1 , 12.81 , 9.293 , 5.124 , 111.63 , 86.76
5692 , 25820 , 18.00 , -31.3 , 1 , 12.81 , 9.323 , 5.178 , 112.15 , 86.23
5702 , 25872 , 17.87 , -31.2 , 1 , 12.81 , 9.264 , 5.183 , 112.69 , 85.69
5712 , 25922 , 17.75 , -31.2 , 1 , 12.81 , 9.394 , 5.293 , 113.21 , 85.17
5722 , 25974 , 17.62 , -31.2 , 1 , 12.81 , 9.291 , 5.274 , 113.76 , 84.63
5732 , 26025 , 17.49 , -30.6 , 1 , 12.81 , 9.168 , 5.241 , 114.27 , 84.11
5742 , 26077 , 17.36 , -30.0 , 1 , 12.81 , 9.206 , 5.302 , 114.80 , 83.58
5752 , 26127 , 17.24 , -28.8 , 1 , 12.82 , 9.287 , 5.386 , 115.32 , 83.07
5762 , 26177 , 17.12 , -27.3 , 1 , 12.82 , 9.299 , 5.431 , 115.83 , 82.56
5772 , 26221 , 17.02 , -27.1 , 1 , 12.82 , 9.386 , 5.516 , 116.29 , 82.10
5782 , 26268 , 16.91 , -26.6 , 1 , 12.82 , 9.455 , 5.592 , 116.77 , 81.62
5792 , 26313 , 16.80 , -25.4 , 1 , 12.82 , 9.457 , 5.628 , 117.23 , 81.16
5802 , 26360 , 16.70 , -24.1 , 1 , 12.83 , 9.497 , 5.688 , 117.71 , 80.68
5812 , 26408 , 16.58 , -23.8 , 1 , 12.83 , 9.244 , 5.574 , 118.20 , 80.18
5822 , 26459 , 16.47 , -23.7 , 1 , 12.83 , 9.191 , 5.580 , 118.71 , 79.68
5832 , 26508 , 16.36 , -23.9 , 1 , 12.83 , 9.201 , 5.624 , 119.20 , 79.19
5842 , 26556 , 16.25 , -24.2 , 1 , 12.83 , 9.273 , 5.705 , 119.67 , 78.71
5852 , 26606 , 16.14 , -24.5 , 1 , 12.83 , 9.145 , 5.666 , 120.18 , 78.21
5861 , 26655 , 16.03 , -24.5 , 1 , 12.83 , 9.058 , 5.650 , 120.66 , 77.72
5871 , 26705 , 15.92 , -24.6 , 1 , 12.84 , 8.950 , 5.621 , 121.15 , 77.24
5881 , 26754 , 15.82 , -24.7 , 1 , 12.84 , 8.909 , 5.633 , 121.62 , 76.76
5891 , 26807 , 15.70 , -25.1 , 1 , 12.84 , 8.816 , 5.615 , 122.14 , 76.25
5901 , 26857 , 15.59 , -25.1 , 1 , 12.85 , 8.795 , 5.640 , 122.61 , 75.78
5910 , 26906 , 15.49 , -24.2 , 1 , 12.84 , 8.757 , 5.654 , 123.08 , 75.31
5920 , 26952 , 15.39 , -24.2 , 1 , 12.85 , 8.796 , 5.715 , 123.51 , 74.87
5930 , 27002 , 15.29 , -24.3 , 1 , 12.85 , 8.612 , 5.634 , 123.98 , 74.40
5940 , 27051 , 15.18 , -24.1 , 1 , 12.85 , 8.524 , 5.614 , 124.44 , 73.95
5950 , 27101 , 15.08 , -23.7 , 1 , 12.85 , 8.489 , 5.630 , 124.90 , 73.48
5960 , 27148 , 14.98 , -23.2 , 1 , 12.85 , 8.346 , 5.570 , 125.33 , 73.06
5970 , 27196 , 14.89 , -23.0 , 1 , 12.85 , 8.211 , 5.516 , 125.75 , 72.64
5980 , 27244 , 14.79 , -22.7 , 1 , 12.86 , 8.186 , 5.536 , 126.18 , 72.21
5990 , 27288 , 14.70 , -22.6 , 1 , 12.86 , 8.186 , 5.569 , 126.57 , 71.82
6000 , 27342 , 14.59 , -22.8 , 1 , 12.86 , 8.146 , 5.582 , 127.04 , 71.35
6010 , 27389 , 14.50 , -22.7 , 1 , 12.86 , 7.996 , 5.515 , 127.45 , 70.93
6020 , 27438 , 14.40 , -22.0 , 1 , 12.86 , 7.864 , 5.460 , 127.87 , 70.52
6030 , 27484 , 14.31 , -21.0 , 0 , 12.86 , 7.828 , 5.469 , 128.26 , 70.13
6040 , 27533 , 14.22 , -20.3 , 0 , 12.86 , 7.763 , 5.460 , 128.66 , 69.73
6049 , 27577 , 14.13 , -20.0 , 0 , 12.86 , 7.638 , 5.405 , 129.02 , 69.36
6059 , 27622 , 14.05 , -19.8 , 0 , 12.86 , 7.565 , 5.385 , 129.38 , 69.00
6069 , 27665 , 13.97 , -19.8 , 0 , 12.86 , 7.491 , 5.363 , 129.73 , 68.65
6079 , 27709 , 13.88 , -20.1 , 0 , 12.86 , 7.440 , 5.358 , 130.08 , 68.31
6089 , 27755 , 13.80 , -20.3 , 0 , 12.87 , 7.433 , 5.387 , 130.45 , 67.94
6099 , 27804 , 13.71 , -20.0 , 0 , 12.87 , 7.283 , 5.313 , 130.83 , 67.56
6109 , 27852 , 13.62 , -19.8 , 0 , 12.87 , 7.292 , 5.354 , 131.20 , 67.18
6119 , 27902 , 13.53 , -19.7 , 0 , 12.87 , 7.198 , 5.321 , 131.59 , 66.80
6129 , 27953 , 13.43 , -20.0 , 0 , 12.87 , 7.276 , 5.416 , 131.98 , 66.40
6139 , 28003 , 13.34 , -20.3 , 1 , 12.87 , 7.189 , 5.387 , 132.36 , 66.02
6149 , 28053 , 13.25 , -20.4 , 1 , 12.87 , 7.153 , 5.396 , 132.75 , 65.64
6159 , 28100 , 13.17 , -20.2 , 0 , 12.87 , 7.146 , 5.425 , 133.10 , 65.28
6169 , 28147 , 13.09 , -20.3 , 0 , 12.87 , 7.024 , 5.367 , 133.46 , 64.93
6179 , 28194 , 13.00 , -20.3 , 0 , 12.88 , 6.883 , 5.293 , 133.81 , 64.58
6189 , 28242 , 12.92 , -20.3 , 0 , 12.88 , 6.852 , 5.303 , 134.16 , 64.22
6199 , 28292 , 12.83 , -20.0 , 0 , 12.88 , 6.883 , 5.363 , 134.52 , 63.86
6209 , 28338 , 12.75 , -19.8 , 0 , 12.88 , 6.960 , 5.457 , 134.86 , 63.52
6219 , 28387 , 12.67 , -19.8 , 0 , 12.88 , 7.036 , 5.554 , 135.23 , 63.16
6229 , 28435 , 12.59 , -19.8 , 0 , 12.89 , 7.044 , 5.595 , 135.59 , 62.80
6238 , 28483 , 12.51 , -19.7 , 0 , 12.89 , 6.943 , 5.551 , 135.94 , 62.44
6248 , 28529 , 12.43 , -19.5 , 0 , 12.89 , 6.994 , 5.626 , 136.28 , 62.10
6258 , 28580 , 12.35 , -19.2 , 0 , 12.89 , 6.955 , 5.634 , 136.66 , 61.72
6268 , 28632 , 12.26 , -19.3 , 0 , 12.90 , 6.958 , 5.676 , 137.04 , 61.34
6278 , 28682 , 12.18 , -19.7 , 0 , 12.90 , 6.943 , 5.701 , 137.41 , 60.97
6288 , 28735 , 12.09 , -19.9 , 0 , 12.91 , 6.859 , 5.673 , 137.80 , 60.58
6298 , 28784 , 12.01 , -20.0 , 0 , 12.91 , 6.840 , 5.695 , 138.16 , 60.22
6308 , 28838 , 11.92 , -19.7 , 0 , 12.92 , 6.821 , 5.721 , 138.56 , 59.83
6318 , 28890 , 11.84 , -19.4 , 0 , 12.92 , 6.796 , 5.739 , 138.93 , 59.46
6328 , 28937 , 11.77 , -19.2 , 0 , 12.92 , 6.754 , 5.740 , 139.27 , 59.11
6338 , 28990 , 11.68 , -19.2 , 0 , 12.93 , 6.701 , 5.736 , 139.65 , 58.74
6348 , 29042 , 11.60 , -19.1 , 0 , 12.93 , 6.675 , 5.754 , 140.02 , 58.37
6358 , 29092 , 11.52 , -19.0 , 0 , 12.94 , 6.588 , 5.717 , 140.37 , 58.02
6368 , 29138 , 11.45 , -18.9 , 0 , 12.94 , 6.573 , 5.740 , 140.69 , 57.69
6378 , 29187 , 11.38 , -19.0 , 0 , 12.95 , 6.554 , 5.761 , 141.03 , 57.35
6388 , 29238 , 11.30 , -18.8 , 0 , 12.95 , 6.503 , 5.755 , 141.38 , 57.00
6398 , 29284 , 11.23 , -18.3 , 0 , 12.96 , 6.502 , 5.790 , 141.70 , 56.69
6408 , 29331 , 11.16 , -18.1 , 0 , 12.96 , 6.418 , 5.752 , 142.02 , 56.36
6418 , 29377 , 11.09 , -17.4 , 0 , 12.97 , 6.408 , 5.778 , 142.33 , 56.05
6428 , 29420 , 11.03 , -17.0 , 0 , 12.97 , 6.433 , 5.833 , 142.62 , 55.76
6438 , 29466 , 10.96 , -16.7 , 0 , 12.98 , 6.383 , 5.824 , 142.93 , 55.45
6448 , 29513 , 10.89 , -16.5 , 0 , 12.98 , 6.346 , 5.826 , 143.25 , 55.14
6458 , 29561 , 10.82 , -16.5 , 0 , 12.98 , 6.310 , 5.830 , 143.57 , 54.82
6468 , 29605 , 10.76 , -16.7 , 0 , 12.99 , 6.282 , 5.838 , 143.86 , 54.53
6478 , 29652 , 10.69 , -16.1 , 0 , 12.99 , 6.252 , 5.847 , 144.16 , 54.22
6488 , 29701 , 10.62 , -15.1 , 0 , 13.00 , 6.247 , 5.881 , 144.49 , 53.90
6498 , 29749 , 10.56 , -14.6 , 0 , 13.00 , 6.212 , 5.885 , 144.80 , 53.59
6508 , 29795 , 10.49 , -14.6 , 0 , 13.00 , 6.194 , 5.904 , 145.10 , 53.29
6518 , 29844 , 10.42 , -14.3 , 0 , 13.01 , 6.193 , 5.942 , 145.41 , 52.97
6528 , 29885 , 10.37 , -13.9 , 0 , 13.01 , 6.153 , 5.934 , 145.67 , 52.71
6537 , 29928 , 10.31 , -13.3 , 0 , 13.02 , 6.113 , 5.930 , 145.95 , 52.43
6546 , 29968 , 10.26 , -13.2 , 0 , 13.02 , 6.134 , 5.981 , 146.21 , 52.18
6556 , 30011 , 10.20 , -13.2 , 0 , 13.03 , 6.117 , 5.999 , 146.47 , 51.91
6566 , 30053 , 10.14 , -12.6 , 0 , 13.03 , 6.086 , 6.001 , 146.74 , 51.64
6576 , 30096 , 10.08 , -12.3 , 0 , 13.04 , 6.088 , 6.037 , 147.01 , 51.37
6586 , 30135 , 10.03 , -12.4 , 0 , 13.04 , 6.108 , 6.088 , 147.26 , 51.12
6596 , 30179 , 9.98 , -12.5 , 0 , 13.05 , 6.176 , 6.191 , 147.53 , 50.85
6606 , 30222 , 9.92 , -12.8 , 0 , 13.05 , 6.195 , 6.245 , 147.81 , 50.57
6616 , 30267 , 9.86 , -13.1 , 0 , 13.05 , 6.135 , 6.221 , 148.10 , 50.28
6626 , 30311 , 9.80 , -13.4 , 0 , 13.06 , 6.141 , 6.264 , 148.38 , 50.01
6636 , 30360 , 9.74 , -13.8 , 0 , 13.06 , 6.146 , 6.309 , 148.69 , 49.69
6646 , 30404 , 9.69 , -13.8 , 0 , 13.07 , 6.122 , 6.320 , 148.97 , 49.41
6656 , 30449 , 9.63 , -13.4 , 0 , 13.07 , 6.170 , 6.409 , 149.26 , 49.13
6666 , 30494 , 9.57 , -13.0 , 0 , 13.08 , 6.097 , 6.371 , 149.55 , 48.84
6676 , 30543 , 9.51 , -12.5 , 0 , 13.08 , 6.246 , 6.568 , 149.86 , 48.53
6686 , 30588 , 9.45 , -12.2 , 0 , 13.08 , 6.237 , 6.597 , 150.15 , 48.24
6696 , 30636 , 9.40 , -11.6 , 0 , 13.09 , 5.981 , 6.366 , 150.45 , 47.94
6706 , 30683 , 9.34 , -11.3 , 0 , 13.09 , 5.877 , 6.293 , 150.73 , 47.65
6716 , 30728 , 9.28 , -11.3 , 0 , 13.09 , 5.980 , 6.442 , 151.01 , 47.37
6726 , 30779 , 9.22 , -10.0 , 0 , 13.09 , 5.946 , 6.448 , 151.32 , 47.06
6736 , 30823 , 9.17 , -9.6 , 0 , 13.10 , 5.916 , 6.452 , 151.59 , 46.79
6746 , 30870 , 9.11 , -9.8 , 0 , 13.10 , 5.899 , 6.473 , 151.87 , 46.51
6756 , 30912 , 9.06 , -9.9 , 0 , 13.10 , 5.864 , 6.470 , 152.13 , 46.26
6766 , 30953 , 9.02 , -10.2 , 0 , 13.10 , 5.839 , 6.477 , 152.38 , 46.01
6776 , 31000 , 8.96 , -10.3 , 0 , 13.10 , 5.761 , 6.429 , 152.65 , 45.73
6786 , 31041 , 8.91 , -10.4 , 0 , 13.09 , 5.766 , 6.469 , 152.89 , 45.49
6796 , 31083 , 8.87 , -10.5 , 0 , 13.07 , 5.888 , 6.642 , 153.14 , 45.24
6806 , 31127 , 8.81 , -10.5 , 0 , 13.07 , 5.832 , 6.616 , 153.41 , 44.98
6816 , 31168 , 8.77 , -10.4 , 0 , 13.07 , 5.742 , 6.548 , 153.65 , 44.73
6826 , 31208 , 8.72 , -9.8 , 0 , 13.07 , 5.637 , 6.462 , 153.88 , 44.50
6836 , 31252 , 8.67 , -9.4 , 0 , 13.07 , 5.487 , 6.327 , 154.14 , 44.25
6845 , 31293 , 8.63 , -9.4 , 0 , 13.07 , 5.352 , 6.204 , 154.36 , 44.02
6855 , 31338 , 8.58 , -9.4 , 0 , 13.08 , 5.363 , 6.253 , 154.61 , 43.77
6865 , 31380 , 8.53 , -9.5 , 0 , 13.08 , 5.403 , 6.334 , 154.84 , 43.54
6875 , 31417 , 8.49 , -9.7 , 0 , 13.07 , 5.454 , 6.425 , 155.05 , 43.34
6885 , 31460 , 8.44 , -9.6 , 0 , 13.07 , 5.515 , 6.533 , 155.29 , 43.10
6895 , 31505 , 8.39 , -9.7 , 0 , 13.07 , 5.514 , 6.569 , 155.54 , 42.85
6905 , 31548 , 8.35 , -9.4 , 0 , 13.07 , 5.473 , 6.557 , 155.78 , 42.60
6915 , 31592 , 8.30 , -9.6 , 0 , 13.07 , 5.452 , 6.569 , 156.03 , 42.36
6925 , 31630 , 8.26 , -9.9 , 0 , 13.07 , 5.386 , 6.523 , 156.24 , 42.15
6935 , 31675 , 8.21 , -10.3 , 0 , 13.07 , 5.410 , 6.590 , 156.49 , 41.90
6945 , 31722 , 8.16 , -10.5 , 0 , 13.07 , 5.464 , 6.696 , 156.75 , 41.64
6955 , 31763 , 8.12 , -11.0 , 0 , 13.07 , 5.368 , 6.613 , 156.98 , 41.41
6965 , 31807 , 8.07 , -11.0 , 0 , 13.08 , 5.277 , 6.539 , 157.22 , 41.17
6975 , 31848 , 8.03 , -11.2 , 0 , 13.08 , 5.230 , 6.514 , 157.44 , 40.95
6985 , 31893 , 7.98 , -11.6 , 0 , 13.09 , 5.169 , 6.477 , 157.68 , 40.71
6995 , 31937 , 7.93 , -11.7 , 0 , 13.09 , 5.113 , 6.444 , 157.91 , 40.47
7005 , 31983 , 7.89 , -11.9 , 0 , 13.09 , 5.159 , 6.541 , 158.16 , 40.23
7015 , 32028 , 7.84 , -11.9 , 0 , 13.10 , 5.098 , 6.502 , 158.40 , 39.99
7025 , 32070 , 7.80 , -11.7 , 0 , 13.10 , 5.055 , 6.482 , 158.61 , 39.77
7035 , 32117 , 7.75 , -11.8 , 0 , 13.10 , 4.973 , 6.415 , 158.86 , 39.53
7045 , 32159 , 7.71 , -11.4 , 0 , 13.11 , 5.051 , 6.553 , 159.07 , 39.31
7055 , 32205 , 7.66 , -11.2 , 0 , 13.11 , 4.980 , 6.500 , 159.31 , 39.07
7065 , 32249 , 7.62 , -11.2 , 0 , 13.11 , 4.931 , 6.473 , 159.54 , 38.85
7075 , 32294 , 7.57 , -11.1 , 0 , 13.12 , 4.932 , 6.512 , 159.76 , 38.62
7085 , 32341 , 7.53 , -10.7 , 0 , 13.12 , 4.896 , 6.504 , 160.00 , 38.38
7095 , 32386 , 7.48 , -10.3 , 0 , 13.12 , 4.874 , 6.513 , 160.23 , 38.16
7105 , 32433 , 7.44 , -10.0 , 0 , 13.13 , 4.835 , 6.501 , 160.46 , 37.93
7115 , 32474 , 7.40 , -9.6 , 0 , 13.13 , 4.783 , 6.465 , 160.66 , 37.73
7124 , 32521 , 7.35 , -9.4 , 0 , 13.13 , 4.807 , 6.537 , 160.89 , 37.49
7133 , 32563 , 7.31 , -9.4 , 0 , 13.13 , 4.811 , 6.577 , 161.10 , 37.29
7143 , 32602 , 7.28 , -9.9 , 0 , 13.13 , 4.762 , 6.544 , 161.29 , 37.10
7153 , 32640 , 7.24 , -10.2 , 0 , 13.13 , 4.749 , 6.557 , 161.47 , 36.91
7163 , 32681 , 7.20 , -10.1 , 0 , 13.13 , 4.720 , 6.553 , 161.67 , 36.71
7173 , 32723 , 7.16 , -10.4 , 0 , 13.13 , 4.659 , 6.504 , 161.88 , 36.51
7183 , 32762 , 7.13 , -10.8 , 0 , 13.13 , 4.661 , 6.539 , 162.06 , 36.33
7193 , 32797 , 7.10 , -11.0 , 0 , 13.13 , 4.676 , 6.590 , 162.23 , 36.16
7203 , 32836 , 7.06 , -11.3 , 0 , 13.12 , 4.615 , 6.538 , 162.42 , 35.97
7213 , 32874 , 7.02 , -11.3 , 0 , 13.12 , 4.500 , 6.406 , 162.59 , 35.79
7223 , 32909 , 6.99 , -11.9 , 0 , 13.12 , 4.580 , 6.549 , 162.75 , 35.63
7233 , 32952 , 6.95 , -12.3 , 0 , 13.11 , 4.587 , 6.596 , 162.96 , 35.43
7243 , 32993 , 6.92 , -12.2 , 0 , 13.10 , 4.580 , 6.622 , 163.15 , 35.23
7253 , 33032 , 6.88 , -12.6 , 0 , 13.09 , 4.534 , 6.589 , 163.34 , 35.05
7263 , 33075 , 6.84 , -13.0 , 0 , 13.09 , 4.445 , 6.497 , 163.54 , 34.85
7273 , 33117 , 6.80 , -13.2 , 0 , 13.09 , 4.391 , 6.453 , 163.73 , 34.66
