# ------------------------------------------------------------
#
# Flight name: V2407
# Station: Davis
# Launch Date: 02 October 2007
# Launch Time: 12:10:24
# 
# This file created: Wed Oct 03 12:12:25 2007
# 
# 
# ------------------------------------------------------------
# DATA COLUMNS
# Time (s)
# Height (m)
# Atmospheric Pressure (hPa)
# Atmospheric Temperature (°C)
# Relative Humidity (%)
# Box Temperature (°C)
# Ozone Partial Pressure (mPa)
# Ozone Mixing Ratio (ppmV)
# Accumulated Ozone to this Height (Dobson Units)
# Remaining Ozone above this Height (Dobson Units)
# 
# ------------------------------------------------------------
# 
# Integrated Ozone = 156.7 DU
# Extrapolated Ozone =  52.7 DU
# 
# Total Ozone = 209.3 DU
# 
# 
# ------------------------------------------------------------
1 , 18 , 985.20 , -23.1 , 64 , 34.35 , 2.270 , 0.023 , 0.00 , 209.33
10 , 64 , 978.91 , -23.4 , 78 , 34.37 , 2.407 , 0.025 , 0.12 , 209.21
20 , 114 , 972.23 , -23.6 , 85 , 34.38 , 2.488 , 0.026 , 0.25 , 209.08
30 , 160 , 966.25 , -23.6 , 90 , 34.37 , 2.515 , 0.026 , 0.37 , 208.96
40 , 204 , 960.35 , -23.0 , 94 , 34.39 , 2.564 , 0.027 , 0.50 , 208.84
50 , 249 , 954.50 , -22.2 , 83 , 34.40 , 2.583 , 0.027 , 0.62 , 208.71
60 , 295 , 948.61 , -22.1 , 74 , 34.39 , 2.590 , 0.027 , 0.75 , 208.59
70 , 340 , 942.71 , -22.3 , 69 , 34.38 , 2.596 , 0.028 , 0.87 , 208.46
80 , 382 , 937.35 , -22.6 , 69 , 34.37 , 2.604 , 0.028 , 0.99 , 208.34
89 , 423 , 932.12 , -22.7 , 71 , 34.37 , 2.606 , 0.028 , 1.11 , 208.23
99 , 473 , 925.82 , -22.5 , 70 , 34.37 , 2.619 , 0.028 , 1.25 , 208.09
109 , 528 , 918.97 , -22.4 , 64 , 34.37 , 2.587 , 0.028 , 1.40 , 207.94
119 , 577 , 912.77 , -22.3 , 56 , 34.38 , 2.547 , 0.028 , 1.53 , 207.80
129 , 620 , 907.46 , -22.6 , 55 , 34.37 , 2.512 , 0.028 , 1.65 , 207.68
139 , 667 , 901.69 , -22.9 , 57 , 34.36 , 2.498 , 0.028 , 1.78 , 207.56
149 , 712 , 896.16 , -23.1 , 62 , 34.34 , 2.493 , 0.028 , 1.90 , 207.43
159 , 756 , 890.79 , -23.1 , 66 , 34.34 , 2.468 , 0.028 , 2.02 , 207.32
169 , 804 , 884.97 , -23.2 , 69 , 34.33 , 2.446 , 0.028 , 2.14 , 207.19
179 , 850 , 879.38 , -23.3 , 72 , 34.33 , 2.447 , 0.028 , 2.27 , 207.07
189 , 895 , 874.00 , -23.5 , 77 , 34.33 , 2.433 , 0.028 , 2.38 , 206.95
199 , 945 , 868.01 , -23.8 , 79 , 34.34 , 2.441 , 0.028 , 2.52 , 206.82
208 , 992 , 862.51 , -24.2 , 80 , 34.34 , 2.448 , 0.028 , 2.64 , 206.69
218 , 1039 , 856.95 , -24.5 , 81 , 34.34 , 2.411 , 0.028 , 2.76 , 206.57
228 , 1089 , 851.02 , -24.3 , 83 , 34.33 , 2.381 , 0.028 , 2.89 , 206.44
238 , 1142 , 844.94 , -24.2 , 83 , 34.33 , 2.366 , 0.028 , 3.03 , 206.30
248 , 1191 , 839.24 , -24.2 , 83 , 34.31 , 2.336 , 0.028 , 3.15 , 206.18
258 , 1242 , 833.42 , -24.1 , 81 , 34.30 , 2.268 , 0.027 , 3.28 , 206.05
268 , 1290 , 827.94 , -24.3 , 78 , 34.28 , 2.228 , 0.027 , 3.40 , 205.94
277 , 1338 , 822.48 , -24.5 , 77 , 34.29 , 2.209 , 0.027 , 3.51 , 205.82
287 , 1382 , 817.51 , -24.8 , 79 , 34.29 , 2.203 , 0.027 , 3.62 , 205.71
297 , 1431 , 812.02 , -24.9 , 79 , 34.26 , 2.195 , 0.027 , 3.74 , 205.60
307 , 1482 , 806.39 , -25.2 , 72 , 34.26 , 2.170 , 0.027 , 3.86 , 205.48
317 , 1527 , 801.36 , -25.3 , 69 , 34.24 , 2.166 , 0.027 , 3.96 , 205.37
327 , 1571 , 796.56 , -25.5 , 67 , 34.22 , 2.172 , 0.027 , 4.07 , 205.27
337 , 1612 , 792.04 , -25.7 , 62 , 34.22 , 2.142 , 0.027 , 4.16 , 205.17
347 , 1654 , 787.43 , -26.1 , 63 , 34.21 , 2.106 , 0.027 , 4.26 , 205.07
357 , 1700 , 782.42 , -26.4 , 64 , 34.18 , 2.091 , 0.027 , 4.37 , 204.97
367 , 1746 , 777.52 , -26.8 , 62 , 34.16 , 2.083 , 0.027 , 4.47 , 204.86
377 , 1800 , 771.69 , -26.8 , 49 , 34.14 , 2.108 , 0.027 , 4.59 , 204.74
387 , 1853 , 766.08 , -26.8 , 38 , 34.11 , 2.167 , 0.028 , 4.72 , 204.62
397 , 1908 , 760.26 , -27.1 , 31 , 34.08 , 2.189 , 0.029 , 4.85 , 204.49
407 , 1960 , 754.75 , -27.4 , 27 , 34.04 , 2.192 , 0.029 , 4.97 , 204.36
417 , 2015 , 748.97 , -27.8 , 26 , 34.01 , 2.190 , 0.029 , 5.11 , 204.23
427 , 2069 , 743.36 , -28.0 , 25 , 34.00 , 2.198 , 0.030 , 5.24 , 204.10
437 , 2118 , 738.31 , -28.1 , 25 , 33.98 , 2.209 , 0.030 , 5.36 , 203.98
447 , 2165 , 733.48 , -28.1 , 22 , 33.96 , 2.198 , 0.030 , 5.47 , 203.86
457 , 2217 , 728.20 , -28.3 , 18 , 33.94 , 2.165 , 0.030 , 5.59 , 203.74
467 , 2271 , 722.77 , -28.4 , 14 , 33.93 , 2.151 , 0.030 , 5.72 , 203.61
477 , 2323 , 717.45 , -28.7 , 12 , 33.92 , 2.158 , 0.030 , 5.85 , 203.49
487 , 2377 , 712.12 , -29.0 , 12 , 33.89 , 2.114 , 0.030 , 5.97 , 203.36
497 , 2423 , 707.56 , -29.3 , 12 , 33.86 , 2.119 , 0.030 , 6.08 , 203.25
507 , 2470 , 702.90 , -29.5 , 11 , 33.83 , 2.104 , 0.030 , 6.19 , 203.14
516 , 2516 , 698.34 , -29.7 , 10 , 33.80 , 2.093 , 0.030 , 6.30 , 203.04
526 , 2561 , 693.99 , -29.9 , 10 , 33.78 , 2.073 , 0.030 , 6.40 , 202.93
536 , 2611 , 689.15 , -30.2 , 10 , 33.76 , 2.080 , 0.030 , 6.52 , 202.82
546 , 2656 , 684.74 , -30.4 , 10 , 33.74 , 2.112 , 0.031 , 6.62 , 202.71
556 , 2707 , 679.84 , -30.8 , 9 , 33.72 , 2.151 , 0.032 , 6.74 , 202.59
566 , 2756 , 675.18 , -31.2 , 9 , 33.69 , 2.199 , 0.033 , 6.86 , 202.47
576 , 2804 , 670.61 , -31.6 , 9 , 33.63 , 2.171 , 0.032 , 6.98 , 202.36
586 , 2847 , 666.54 , -31.6 , 9 , 33.59 , 2.165 , 0.032 , 7.08 , 202.25
596 , 2894 , 662.17 , -31.7 , 8 , 33.57 , 2.168 , 0.033 , 7.19 , 202.14
606 , 2942 , 657.62 , -32.0 , 10 , 33.52 , 2.136 , 0.032 , 7.31 , 202.02
616 , 2997 , 652.52 , -32.4 , 12 , 33.48 , 2.081 , 0.032 , 7.44 , 201.89
626 , 3046 , 648.00 , -32.6 , 11 , 33.48 , 2.043 , 0.032 , 7.55 , 201.78
636 , 3088 , 644.14 , -32.7 , 10 , 33.47 , 2.071 , 0.032 , 7.65 , 201.68
646 , 3132 , 640.13 , -32.9 , 9 , 33.42 , 2.070 , 0.032 , 7.75 , 201.58
656 , 3183 , 635.49 , -33.2 , 9 , 33.40 , 2.036 , 0.032 , 7.87 , 201.46
666 , 3225 , 631.76 , -33.5 , 8 , 33.38 , 2.005 , 0.032 , 7.96 , 201.37
676 , 3271 , 627.57 , -33.6 , 8 , 33.37 , 2.019 , 0.032 , 8.07 , 201.26
686 , 3329 , 622.42 , -33.9 , 7 , 33.31 , 2.034 , 0.033 , 8.20 , 201.13
696 , 3373 , 618.55 , -34.1 , 7 , 33.27 , 2.045 , 0.033 , 8.30 , 201.03
706 , 3423 , 614.09 , -34.3 , 7 , 33.24 , 2.025 , 0.033 , 8.42 , 200.91
716 , 3476 , 609.48 , -34.6 , 6 , 33.19 , 1.997 , 0.033 , 8.54 , 200.79
726 , 3528 , 604.99 , -34.9 , 6 , 33.15 , 1.985 , 0.033 , 8.65 , 200.68
736 , 3587 , 599.86 , -35.2 , 6 , 33.13 , 1.962 , 0.033 , 8.79 , 200.55
746 , 3640 , 595.31 , -35.4 , 6 , 33.08 , 1.978 , 0.033 , 8.91 , 200.43
756 , 3685 , 591.50 , -35.7 , 6 , 33.06 , 1.978 , 0.033 , 9.01 , 200.33
766 , 3733 , 587.42 , -36.0 , 6 , 33.03 , 1.968 , 0.034 , 9.11 , 200.22
776 , 3786 , 582.92 , -36.4 , 7 , 32.97 , 1.943 , 0.033 , 9.23 , 200.10
786 , 3831 , 579.12 , -36.7 , 7 , 32.92 , 1.939 , 0.033 , 9.33 , 200.00
796 , 3881 , 574.94 , -36.8 , 7 , 32.91 , 1.934 , 0.034 , 9.44 , 199.89
806 , 3931 , 570.80 , -37.1 , 6 , 32.89 , 1.936 , 0.034 , 9.55 , 199.78
815 , 3977 , 567.01 , -37.4 , 6 , 32.87 , 1.927 , 0.034 , 9.65 , 199.68
825 , 4022 , 563.35 , -37.7 , 6 , 32.82 , 1.912 , 0.034 , 9.75 , 199.58
835 , 4071 , 559.33 , -37.9 , 6 , 32.80 , 1.939 , 0.035 , 9.86 , 199.47
845 , 4123 , 555.18 , -38.0 , 5 , 32.75 , 1.957 , 0.035 , 9.98 , 199.36
855 , 4184 , 550.23 , -38.4 , 5 , 32.69 , 1.956 , 0.036 , 10.11 , 199.22
865 , 4244 , 545.43 , -38.5 , 4 , 32.63 , 1.989 , 0.036 , 10.25 , 199.08
875 , 4294 , 541.51 , -38.6 , 3 , 32.59 , 2.015 , 0.037 , 10.36 , 198.97
885 , 4338 , 538.03 , -38.6 , 3 , 32.60 , 2.046 , 0.038 , 10.47 , 198.86
895 , 4386 , 534.31 , -38.9 , 3 , 32.57 , 2.057 , 0.039 , 10.58 , 198.75
905 , 4431 , 530.83 , -39.1 , 3 , 32.54 , 2.021 , 0.038 , 10.69 , 198.65
915 , 4470 , 527.80 , -39.3 , 3 , 32.52 , 1.966 , 0.037 , 10.78 , 198.56
925 , 4511 , 524.64 , -39.5 , 3 , 32.49 , 1.923 , 0.037 , 10.87 , 198.47
935 , 4563 , 520.63 , -39.9 , 4 , 32.44 , 1.912 , 0.037 , 10.98 , 198.35
945 , 4610 , 517.07 , -40.2 , 6 , 32.39 , 1.876 , 0.036 , 11.09 , 198.25
955 , 4654 , 513.78 , -40.5 , 8 , 32.35 , 1.819 , 0.035 , 11.18 , 198.15
965 , 4702 , 510.16 , -40.7 , 11 , 32.31 , 1.765 , 0.035 , 11.28 , 198.05
975 , 4754 , 506.29 , -41.1 , 13 , 32.25 , 1.676 , 0.033 , 11.38 , 197.95
985 , 4799 , 502.94 , -41.4 , 14 , 32.21 , 1.590 , 0.032 , 11.47 , 197.86
995 , 4844 , 499.57 , -41.6 , 14 , 32.19 , 1.517 , 0.030 , 11.55 , 197.78
1005 , 4891 , 496.13 , -41.8 , 14 , 32.14 , 1.501 , 0.030 , 11.63 , 197.70
1015 , 4933 , 493.09 , -42.0 , 14 , 32.10 , 1.477 , 0.030 , 11.71 , 197.63
1025 , 4977 , 489.85 , -42.2 , 14 , 32.06 , 1.458 , 0.030 , 11.78 , 197.55
1035 , 5029 , 486.12 , -42.6 , 15 , 32.02 , 1.438 , 0.030 , 11.87 , 197.46
1045 , 5079 , 482.51 , -43.0 , 15 , 31.98 , 1.425 , 0.030 , 11.95 , 197.38
1055 , 5122 , 479.43 , -43.2 , 15 , 31.94 , 1.413 , 0.029 , 12.03 , 197.31
1065 , 5163 , 476.53 , -43.5 , 15 , 31.89 , 1.400 , 0.029 , 12.09 , 197.24
1075 , 5208 , 473.33 , -43.8 , 15 , 31.84 , 1.399 , 0.030 , 12.17 , 197.17
1085 , 5259 , 469.80 , -44.1 , 15 , 31.78 , 1.381 , 0.029 , 12.25 , 197.08
1095 , 5321 , 465.43 , -44.6 , 15 , 31.73 , 1.370 , 0.029 , 12.35 , 196.98
1105 , 5377 , 461.58 , -44.9 , 15 , 31.67 , 1.337 , 0.029 , 12.44 , 196.89
1114 , 5416 , 458.83 , -45.2 , 15 , 31.64 , 1.327 , 0.029 , 12.50 , 196.83
1123 , 5451 , 456.50 , -45.4 , 15 , 31.61 , 1.313 , 0.029 , 12.56 , 196.78
1133 , 5488 , 453.95 , -45.6 , 16 , 31.58 , 1.290 , 0.028 , 12.61 , 196.72
1143 , 5527 , 451.26 , -45.9 , 15 , 31.54 , 1.282 , 0.028 , 12.67 , 196.66
1153 , 5574 , 448.11 , -46.2 , 15 , 31.49 , 1.298 , 0.029 , 12.74 , 196.59
1163 , 5630 , 444.35 , -46.6 , 15 , 31.42 , 1.257 , 0.028 , 12.83 , 196.50
1173 , 5684 , 440.72 , -46.8 , 15 , 31.38 , 1.224 , 0.028 , 12.91 , 196.42
1183 , 5733 , 437.47 , -47.0 , 15 , 31.33 , 1.193 , 0.027 , 12.98 , 196.35
1193 , 5780 , 434.39 , -47.3 , 15 , 31.29 , 1.157 , 0.027 , 13.05 , 196.29
1203 , 5831 , 431.03 , -47.8 , 15 , 31.24 , 1.132 , 0.026 , 13.12 , 196.22
1213 , 5874 , 428.23 , -48.1 , 16 , 31.19 , 1.122 , 0.026 , 13.17 , 196.16
1223 , 5913 , 425.70 , -48.4 , 16 , 31.15 , 1.107 , 0.026 , 13.23 , 196.11
1233 , 5952 , 423.22 , -48.6 , 16 , 31.11 , 1.101 , 0.026 , 13.28 , 196.06
1243 , 5996 , 420.35 , -48.9 , 16 , 31.05 , 1.101 , 0.026 , 13.34 , 196.00
1253 , 6037 , 417.73 , -49.1 , 16 , 31.00 , 1.096 , 0.026 , 13.39 , 195.94
1263 , 6084 , 414.78 , -49.4 , 16 , 30.95 , 1.107 , 0.027 , 13.45 , 195.88
1273 , 6131 , 411.76 , -49.8 , 16 , 30.90 , 1.138 , 0.028 , 13.52 , 195.82
1283 , 6179 , 408.81 , -50.1 , 17 , 30.85 , 1.170 , 0.029 , 13.58 , 195.75
1293 , 6224 , 406.00 , -50.4 , 17 , 30.80 , 1.155 , 0.028 , 13.65 , 195.69
1303 , 6268 , 403.25 , -50.6 , 18 , 30.75 , 1.140 , 0.028 , 13.71 , 195.63
1313 , 6313 , 400.43 , -51.0 , 18 , 30.70 , 1.152 , 0.029 , 13.77 , 195.56
1323 , 6359 , 397.61 , -51.4 , 17 , 30.64 , 1.185 , 0.030 , 13.84 , 195.50
1333 , 6402 , 395.02 , -51.8 , 17 , 30.59 , 1.195 , 0.030 , 13.90 , 195.44
1343 , 6444 , 392.45 , -52.1 , 17 , 30.53 , 1.222 , 0.031 , 13.96 , 195.37
1353 , 6483 , 390.09 , -52.3 , 18 , 30.49 , 1.236 , 0.032 , 14.02 , 195.32
1363 , 6523 , 387.70 , -52.6 , 18 , 30.44 , 1.238 , 0.032 , 14.08 , 195.26
1373 , 6569 , 384.93 , -53.0 , 18 , 30.39 , 1.230 , 0.032 , 14.15 , 195.19
1383 , 6614 , 382.24 , -53.3 , 19 , 30.32 , 1.206 , 0.032 , 14.21 , 195.12
1393 , 6655 , 379.82 , -53.6 , 19 , 30.27 , 1.189 , 0.031 , 14.27 , 195.06
1403 , 6697 , 377.36 , -53.8 , 20 , 30.23 , 1.168 , 0.031 , 14.34 , 195.00
1412 , 6738 , 374.96 , -54.1 , 20 , 30.18 , 1.166 , 0.031 , 14.39 , 194.94
1421 , 6782 , 372.35 , -54.4 , 19 , 30.13 , 1.158 , 0.031 , 14.46 , 194.87
1431 , 6828 , 369.68 , -54.8 , 19 , 30.06 , 1.157 , 0.031 , 14.52 , 194.81
1441 , 6875 , 366.98 , -55.1 , 19 , 30.00 , 1.156 , 0.032 , 14.59 , 194.74
1451 , 6928 , 363.94 , -55.5 , 18 , 29.96 , 1.155 , 0.032 , 14.67 , 194.67
1461 , 6982 , 360.91 , -56.0 , 18 , 29.91 , 1.152 , 0.032 , 14.74 , 194.59
1471 , 7028 , 358.26 , -56.4 , 18 , 29.84 , 1.139 , 0.032 , 14.81 , 194.52
1481 , 7073 , 355.72 , -56.8 , 19 , 29.81 , 1.139 , 0.032 , 14.87 , 194.46
1491 , 7127 , 352.75 , -57.2 , 20 , 29.75 , 1.109 , 0.031 , 14.95 , 194.39
1501 , 7172 , 350.23 , -57.6 , 20 , 29.70 , 1.108 , 0.032 , 15.01 , 194.32
1511 , 7222 , 347.47 , -58.0 , 21 , 29.62 , 1.078 , 0.031 , 15.08 , 194.25
1521 , 7265 , 345.07 , -58.3 , 22 , 29.58 , 1.058 , 0.031 , 15.14 , 194.20
1531 , 7307 , 342.78 , -58.7 , 23 , 29.54 , 1.058 , 0.031 , 15.19 , 194.14
1541 , 7351 , 340.40 , -59.0 , 24 , 29.49 , 1.057 , 0.031 , 15.25 , 194.08
1551 , 7400 , 337.75 , -59.3 , 24 , 29.42 , 1.065 , 0.032 , 15.32 , 194.02
1561 , 7439 , 335.62 , -59.5 , 24 , 29.38 , 1.095 , 0.033 , 15.37 , 193.96
1571 , 7485 , 333.17 , -59.5 , 24 , 29.33 , 1.147 , 0.034 , 15.44 , 193.90
1581 , 7530 , 330.77 , -59.6 , 24 , 29.28 , 1.229 , 0.037 , 15.50 , 193.83
1591 , 7570 , 328.69 , -59.7 , 24 , 29.22 , 1.290 , 0.039 , 15.57 , 193.77
1601 , 7614 , 326.39 , -59.6 , 24 , 29.16 , 1.381 , 0.042 , 15.64 , 193.69
1611 , 7666 , 323.65 , -59.6 , 23 , 29.10 , 1.458 , 0.045 , 15.73 , 193.60
1621 , 7732 , 320.28 , -59.8 , 23 , 29.03 , 1.564 , 0.049 , 15.86 , 193.47
1631 , 7778 , 317.91 , -59.8 , 21 , 28.96 , 1.728 , 0.054 , 15.96 , 193.38
1641 , 7827 , 315.44 , -59.7 , 20 , 28.92 , 1.810 , 0.057 , 16.06 , 193.27
1651 , 7869 , 313.32 , -59.7 , 19 , 28.86 , 1.786 , 0.057 , 16.16 , 193.17
1661 , 7911 , 311.23 , -59.7 , 19 , 28.82 , 1.668 , 0.054 , 16.25 , 193.08
1671 , 7954 , 309.07 , -59.9 , 19 , 28.76 , 1.504 , 0.049 , 16.34 , 192.99
1681 , 8001 , 306.75 , -60.2 , 19 , 28.71 , 1.380 , 0.045 , 16.42 , 192.91
1691 , 8048 , 304.47 , -60.5 , 19 , 28.65 , 1.312 , 0.043 , 16.50 , 192.83
1701 , 8091 , 302.35 , -60.7 , 19 , 28.59 , 1.303 , 0.043 , 16.58 , 192.76
1710 , 8133 , 300.33 , -61.0 , 19 , 28.52 , 1.307 , 0.044 , 16.64 , 192.69
1719 , 8179 , 298.11 , -61.2 , 19 , 28.45 , 1.313 , 0.044 , 16.72 , 192.61
1729 , 8218 , 296.23 , -61.6 , 19 , 28.42 , 1.323 , 0.045 , 16.79 , 192.55
1739 , 8267 , 293.92 , -62.0 , 20 , 28.37 , 1.333 , 0.045 , 16.87 , 192.46
1749 , 8315 , 291.61 , -62.2 , 21 , 28.31 , 1.429 , 0.049 , 16.95 , 192.38
1759 , 8366 , 289.25 , -62.3 , 20 , 28.25 , 1.568 , 0.054 , 17.05 , 192.28
1769 , 8407 , 287.32 , -62.4 , 20 , 28.20 , 1.660 , 0.058 , 17.14 , 192.20
1779 , 8458 , 284.95 , -62.5 , 21 , 28.12 , 1.613 , 0.057 , 17.24 , 192.09
1789 , 8518 , 282.18 , -62.9 , 22 , 28.06 , 1.520 , 0.054 , 17.36 , 191.97
1799 , 8569 , 279.86 , -63.2 , 21 , 27.99 , 1.499 , 0.054 , 17.46 , 191.87
1809 , 8621 , 277.49 , -63.5 , 20 , 27.95 , 1.605 , 0.058 , 17.57 , 191.77
1819 , 8673 , 275.15 , -63.8 , 19 , 27.89 , 1.784 , 0.065 , 17.68 , 191.65
1829 , 8720 , 273.05 , -64.0 , 18 , 27.83 , 1.897 , 0.069 , 17.79 , 191.54
1839 , 8773 , 270.71 , -64.3 , 17 , 27.78 , 2.044 , 0.076 , 17.93 , 191.41
1849 , 8828 , 268.25 , -64.5 , 16 , 27.73 , 2.131 , 0.079 , 18.08 , 191.26
1859 , 8881 , 265.93 , -64.8 , 15 , 27.68 , 2.064 , 0.078 , 18.22 , 191.11
1869 , 8928 , 263.93 , -65.0 , 15 , 27.59 , 1.989 , 0.075 , 18.34 , 190.99
1879 , 8984 , 261.47 , -65.1 , 14 , 27.53 , 1.943 , 0.074 , 18.49 , 190.85
1889 , 9038 , 259.18 , -65.3 , 13 , 27.47 , 1.853 , 0.072 , 18.62 , 190.72
1899 , 9094 , 256.82 , -65.6 , 12 , 27.43 , 1.766 , 0.069 , 18.75 , 190.59
1909 , 9149 , 254.48 , -65.9 , 11 , 27.38 , 1.699 , 0.067 , 18.87 , 190.46
1919 , 9202 , 252.26 , -66.2 , 11 , 27.33 , 1.725 , 0.068 , 18.99 , 190.34
1929 , 9249 , 250.30 , -66.5 , 12 , 27.28 , 1.717 , 0.069 , 19.10 , 190.24
1939 , 9301 , 248.18 , -66.8 , 13 , 27.22 , 1.687 , 0.068 , 19.21 , 190.12
1949 , 9357 , 245.88 , -67.3 , 13 , 27.14 , 1.701 , 0.069 , 19.34 , 190.00
1959 , 9416 , 243.49 , -67.7 , 14 , 27.07 , 1.781 , 0.073 , 19.47 , 189.86
1968 , 9466 , 241.46 , -67.8 , 15 , 27.01 , 1.958 , 0.081 , 19.59 , 189.74
1978 , 9520 , 239.30 , -67.9 , 15 , 26.96 , 2.195 , 0.092 , 19.74 , 189.59
1988 , 9580 , 236.93 , -67.8 , 15 , 26.90 , 2.509 , 0.106 , 19.93 , 189.41
1998 , 9635 , 234.76 , -68.0 , 15 , 26.84 , 2.686 , 0.114 , 20.11 , 189.22
2008 , 9680 , 233.02 , -68.2 , 15 , 26.78 , 2.783 , 0.119 , 20.27 , 189.06
2017 , 9732 , 230.99 , -68.3 , 15 , 26.71 , 2.864 , 0.124 , 20.47 , 188.86
2027 , 9777 , 229.26 , -68.5 , 15 , 26.64 , 2.893 , 0.126 , 20.64 , 188.69
2037 , 9823 , 227.51 , -68.6 , 15 , 26.58 , 2.932 , 0.129 , 20.82 , 188.52
2047 , 9875 , 225.57 , -68.7 , 15 , 26.53 , 3.000 , 0.133 , 21.02 , 188.32
2057 , 9919 , 223.91 , -68.8 , 14 , 26.48 , 3.038 , 0.136 , 21.19 , 188.14
2067 , 9966 , 222.14 , -68.9 , 14 , 26.42 , 3.107 , 0.140 , 21.39 , 187.95
2077 , 10018 , 220.22 , -69.0 , 14 , 26.36 , 3.205 , 0.146 , 21.60 , 187.73
2087 , 10074 , 218.19 , -69.1 , 14 , 26.30 , 3.308 , 0.152 , 21.84 , 187.49
2097 , 10128 , 216.21 , -69.1 , 14 , 26.23 , 3.334 , 0.154 , 22.08 , 187.25
2107 , 10182 , 214.27 , -69.0 , 14 , 26.18 , 3.450 , 0.161 , 22.32 , 187.01
2117 , 10231 , 212.50 , -68.9 , 13 , 26.11 , 3.578 , 0.168 , 22.55 , 186.78
2127 , 10282 , 210.71 , -68.9 , 13 , 26.05 , 3.696 , 0.175 , 22.79 , 186.54
2137 , 10338 , 208.75 , -68.7 , 13 , 25.99 , 3.830 , 0.183 , 23.07 , 186.26
2147 , 10395 , 206.78 , -68.3 , 12 , 25.92 , 3.966 , 0.192 , 23.36 , 185.97
2156 , 10450 , 204.88 , -68.6 , 12 , 25.86 , 4.109 , 0.201 , 23.66 , 185.68
2166 , 10503 , 203.07 , -68.5 , 11 , 25.82 , 4.299 , 0.212 , 23.95 , 185.38
2176 , 10563 , 201.05 , -68.4 , 11 , 25.76 , 4.490 , 0.223 , 24.30 , 185.04
2186 , 10622 , 199.10 , -68.1 , 11 , 25.67 , 4.574 , 0.230 , 24.65 , 184.69
2196 , 10678 , 197.22 , -68.1 , 10 , 25.62 , 4.733 , 0.240 , 24.99 , 184.34
2206 , 10732 , 195.45 , -68.3 , 10 , 25.55 , 4.802 , 0.246 , 25.33 , 184.00
2216 , 10791 , 193.54 , -68.4 , 10 , 25.48 , 4.814 , 0.249 , 25.71 , 183.63
2226 , 10851 , 191.61 , -68.3 , 9 , 25.44 , 4.824 , 0.252 , 26.09 , 183.25
2236 , 10913 , 189.64 , -68.1 , 9 , 25.38 , 4.888 , 0.258 , 26.48 , 182.85
2246 , 10975 , 187.70 , -68.2 , 9 , 25.33 , 4.907 , 0.261 , 26.88 , 182.45
2256 , 11037 , 185.79 , -68.2 , 9 , 25.25 , 4.964 , 0.267 , 27.28 , 182.05
2266 , 11095 , 184.00 , -68.1 , 8 , 25.18 , 4.927 , 0.268 , 27.66 , 181.68
2276 , 11154 , 182.18 , -68.2 , 8 , 25.12 , 4.976 , 0.273 , 28.05 , 181.29
2286 , 11221 , 180.15 , -68.3 , 8 , 25.06 , 5.051 , 0.280 , 28.49 , 180.84
2296 , 11290 , 178.11 , -68.7 , 8 , 25.03 , 5.002 , 0.281 , 28.94 , 180.39
2306 , 11342 , 176.55 , -69.1 , 8 , 24.96 , 4.980 , 0.282 , 29.29 , 180.05
2315 , 11395 , 174.99 , -69.3 , 8 , 24.90 , 5.021 , 0.287 , 29.64 , 179.69
2325 , 11454 , 173.28 , -69.6 , 8 , 24.83 , 4.996 , 0.288 , 30.03 , 179.31
2335 , 11516 , 171.47 , -69.8 , 7 , 24.76 , 5.003 , 0.292 , 30.44 , 178.89
2345 , 11579 , 169.67 , -70.0 , 7 , 24.70 , 4.905 , 0.289 , 30.85 , 178.48
2355 , 11648 , 167.72 , -70.4 , 7 , 24.64 , 4.881 , 0.291 , 31.30 , 178.03
2365 , 11703 , 166.16 , -70.4 , 7 , 24.58 , 4.799 , 0.289 , 31.66 , 177.68
2375 , 11756 , 164.69 , -70.4 , 7 , 24.51 , 4.775 , 0.290 , 31.99 , 177.34
2384 , 11803 , 163.40 , -70.4 , 7 , 24.45 , 4.737 , 0.290 , 32.29 , 177.05
2394 , 11851 , 162.07 , -70.3 , 7 , 24.41 , 4.690 , 0.289 , 32.59 , 176.74
2404 , 11897 , 160.84 , -70.2 , 7 , 24.36 , 4.598 , 0.286 , 32.87 , 176.46
2414 , 11938 , 159.72 , -70.4 , 7 , 24.31 , 4.613 , 0.289 , 33.13 , 176.21
2424 , 11977 , 158.66 , -70.4 , 7 , 24.25 , 4.693 , 0.296 , 33.37 , 175.96
2434 , 12017 , 157.62 , -70.5 , 7 , 24.17 , 4.737 , 0.301 , 33.61 , 175.72
2444 , 12054 , 156.62 , -70.6 , 7 , 24.11 , 4.786 , 0.306 , 33.85 , 175.48
2454 , 12094 , 155.58 , -70.7 , 7 , 24.05 , 4.788 , 0.308 , 34.11 , 175.23
2464 , 12134 , 154.53 , -70.6 , 7 , 23.98 , 4.724 , 0.306 , 34.36 , 174.97
2474 , 12174 , 153.50 , -70.6 , 7 , 23.94 , 4.761 , 0.310 , 34.61 , 174.72
2484 , 12213 , 152.48 , -70.5 , 7 , 23.88 , 4.842 , 0.318 , 34.86 , 174.47
2494 , 12255 , 151.41 , -70.6 , 7 , 23.81 , 4.884 , 0.323 , 35.13 , 174.20
2504 , 12301 , 150.23 , -70.8 , 7 , 23.76 , 4.830 , 0.321 , 35.43 , 173.90
2514 , 12352 , 148.95 , -71.0 , 7 , 23.70 , 4.814 , 0.323 , 35.76 , 173.58
2524 , 12403 , 147.66 , -71.1 , 6 , 23.64 , 4.661 , 0.316 , 36.08 , 173.25
2534 , 12463 , 146.17 , -71.3 , 6 , 23.59 , 4.561 , 0.312 , 36.45 , 172.88
2544 , 12523 , 144.69 , -71.4 , 6 , 23.51 , 4.412 , 0.305 , 36.81 , 172.52
2553 , 12583 , 143.23 , -71.5 , 6 , 23.43 , 4.225 , 0.295 , 37.16 , 172.17
2564 , 12646 , 141.70 , -71.7 , 6 , 23.37 , 3.987 , 0.281 , 37.50 , 171.83
2574 , 12705 , 140.29 , -71.7 , 6 , 23.31 , 3.781 , 0.270 , 37.81 , 171.52
2584 , 12764 , 138.89 , -71.6 , 6 , 23.27 , 3.735 , 0.269 , 38.11 , 171.22
2594 , 12825 , 137.48 , -71.6 , 6 , 23.22 , 3.815 , 0.278 , 38.41 , 170.92
2604 , 12878 , 136.24 , -71.7 , 6 , 23.15 , 3.843 , 0.282 , 38.69 , 170.65
2614 , 12928 , 135.09 , -71.9 , 6 , 23.11 , 3.852 , 0.285 , 38.94 , 170.39
2623 , 12973 , 134.07 , -71.7 , 6 , 23.06 , 3.814 , 0.284 , 39.17 , 170.16
2633 , 13012 , 133.18 , -71.8 , 6 , 23.01 , 3.830 , 0.288 , 39.38 , 169.96
2643 , 13052 , 132.29 , -72.0 , 6 , 22.96 , 3.791 , 0.287 , 39.58 , 169.76
2653 , 13093 , 131.36 , -72.2 , 6 , 22.90 , 3.672 , 0.280 , 39.78 , 169.55
2663 , 13132 , 130.49 , -72.3 , 6 , 22.84 , 3.576 , 0.274 , 39.97 , 169.36
2673 , 13171 , 129.63 , -72.4 , 6 , 22.78 , 3.506 , 0.270 , 40.16 , 169.17
2683 , 13211 , 128.75 , -72.4 , 6 , 22.70 , 3.439 , 0.267 , 40.35 , 168.99
2693 , 13248 , 127.94 , -72.1 , 6 , 22.63 , 3.355 , 0.262 , 40.52 , 168.82
2703 , 13285 , 127.15 , -71.9 , 6 , 22.58 , 3.253 , 0.256 , 40.68 , 168.66
2713 , 13323 , 126.33 , -71.8 , 6 , 22.53 , 3.186 , 0.252 , 40.84 , 168.49
2723 , 13358 , 125.58 , -71.8 , 6 , 22.47 , 3.105 , 0.247 , 40.99 , 168.34
2733 , 13394 , 124.82 , -71.7 , 6 , 22.42 , 3.062 , 0.245 , 41.14 , 168.20
2743 , 13430 , 124.05 , -71.5 , 6 , 22.35 , 2.997 , 0.242 , 41.28 , 168.05
2753 , 13468 , 123.26 , -71.2 , 6 , 22.29 , 2.938 , 0.238 , 41.43 , 167.90
2763 , 13504 , 122.52 , -71.0 , 6 , 22.24 , 2.889 , 0.236 , 41.57 , 167.76
2773 , 13540 , 121.77 , -70.7 , 6 , 22.18 , 2.866 , 0.235 , 41.71 , 167.62
2783 , 13576 , 121.02 , -70.7 , 5 , 22.12 , 2.863 , 0.237 , 41.85 , 167.48
2793 , 13612 , 120.31 , -71.0 , 5 , 22.06 , 2.878 , 0.239 , 41.99 , 167.35
2803 , 13648 , 119.58 , -71.1 , 5 , 22.01 , 2.867 , 0.240 , 42.12 , 167.21
2813 , 13685 , 118.81 , -71.1 , 5 , 21.95 , 2.832 , 0.238 , 42.27 , 167.07
2823 , 13724 , 118.04 , -70.9 , 5 , 21.89 , 2.748 , 0.233 , 42.41 , 166.92
2833 , 13763 , 117.27 , -70.8 , 5 , 21.83 , 2.599 , 0.222 , 42.55 , 166.78
2843 , 13802 , 116.51 , -70.6 , 5 , 21.78 , 2.514 , 0.216 , 42.68 , 166.65
2853 , 13842 , 115.72 , -70.8 , 5 , 21.72 , 2.523 , 0.218 , 42.82 , 166.52
2863 , 13882 , 114.93 , -70.7 , 5 , 21.67 , 2.529 , 0.220 , 42.95 , 166.38
2873 , 13923 , 114.14 , -70.8 , 5 , 21.61 , 2.477 , 0.217 , 43.09 , 166.24
2883 , 13966 , 113.32 , -70.8 , 5 , 21.55 , 2.438 , 0.215 , 43.23 , 166.11
2893 , 14007 , 112.53 , -70.8 , 5 , 21.50 , 2.454 , 0.218 , 43.36 , 165.97
2903 , 14053 , 111.67 , -70.8 , 5 , 21.45 , 2.554 , 0.229 , 43.52 , 165.82
2913 , 14098 , 110.81 , -70.6 , 5 , 21.38 , 2.696 , 0.243 , 43.67 , 165.66
2922 , 14141 , 110.02 , -70.8 , 5 , 21.32 , 2.764 , 0.251 , 43.83 , 165.50
2931 , 14179 , 109.31 , -70.6 , 5 , 21.27 , 2.769 , 0.253 , 43.97 , 165.36
2941 , 14221 , 108.55 , -70.4 , 5 , 21.21 , 2.787 , 0.257 , 44.12 , 165.21
2951 , 14263 , 107.77 , -70.4 , 5 , 21.15 , 2.782 , 0.258 , 44.28 , 165.05
2961 , 14305 , 107.02 , -70.4 , 5 , 21.09 , 2.732 , 0.255 , 44.43 , 164.90
2971 , 14346 , 106.28 , -70.4 , 5 , 21.04 , 2.580 , 0.243 , 44.58 , 164.75
2981 , 14389 , 105.51 , -70.6 , 5 , 20.98 , 2.422 , 0.230 , 44.72 , 164.61
2991 , 14432 , 104.76 , -70.4 , 5 , 20.93 , 2.233 , 0.213 , 44.85 , 164.48
3001 , 14474 , 104.02 , -70.6 , 4 , 20.89 , 2.080 , 0.200 , 44.97 , 164.36
3011 , 14517 , 103.26 , -70.8 , 4 , 20.84 , 2.011 , 0.195 , 45.09 , 164.24
3021 , 14561 , 102.50 , -71.0 , 4 , 20.79 , 2.003 , 0.195 , 45.21 , 164.12
3031 , 14602 , 101.78 , -71.3 , 4 , 20.73 , 2.055 , 0.202 , 45.32 , 164.01
3041 , 14644 , 101.06 , -71.2 , 4 , 20.67 , 2.179 , 0.216 , 45.44 , 163.89
3051 , 14683 , 100.40 , -71.1 , 4 , 20.62 , 2.239 , 0.223 , 45.56 , 163.78
3061 , 14722 , 99.74 , -71.3 , 4 , 20.55 , 2.185 , 0.219 , 45.67 , 163.66
3071 , 14762 , 99.07 , -71.5 , 4 , 20.50 , 2.110 , 0.213 , 45.79 , 163.55
3081 , 14801 , 98.42 , -71.2 , 4 , 20.44 , 2.061 , 0.209 , 45.89 , 163.44
3091 , 14839 , 97.78 , -71.1 , 4 , 20.39 , 2.023 , 0.207 , 46.00 , 163.33
3101 , 14879 , 97.13 , -71.2 , 4 , 20.35 , 1.997 , 0.206 , 46.10 , 163.23
3111 , 14920 , 96.45 , -71.0 , 4 , 20.30 , 1.959 , 0.203 , 46.21 , 163.12
3121 , 14960 , 95.80 , -71.0 , 4 , 20.24 , 1.928 , 0.201 , 46.32 , 163.02
3131 , 14998 , 95.19 , -71.0 , 4 , 20.19 , 1.892 , 0.199 , 46.41 , 162.92
3141 , 15039 , 94.54 , -71.0 , 4 , 20.15 , 1.867 , 0.198 , 46.52 , 162.82
3151 , 15079 , 93.90 , -71.1 , 4 , 20.10 , 1.839 , 0.196 , 46.61 , 162.72
3161 , 15117 , 93.29 , -71.1 , 4 , 20.04 , 1.824 , 0.196 , 46.71 , 162.62
3171 , 15155 , 92.70 , -71.1 , 3 , 19.99 , 1.867 , 0.201 , 46.80 , 162.53
3181 , 15193 , 92.11 , -70.8 , 3 , 19.96 , 1.983 , 0.215 , 46.90 , 162.43
3191 , 15232 , 91.51 , -70.7 , 3 , 19.91 , 2.181 , 0.238 , 47.01 , 162.33
3201 , 15271 , 90.91 , -70.7 , 3 , 19.87 , 2.271 , 0.250 , 47.12 , 162.21
3211 , 15309 , 90.32 , -70.6 , 3 , 19.83 , 2.209 , 0.245 , 47.24 , 162.10
3221 , 15349 , 89.72 , -70.7 , 3 , 19.79 , 2.011 , 0.224 , 47.35 , 161.98
3230 , 15385 , 89.16 , -70.5 , 3 , 19.75 , 1.774 , 0.199 , 47.44 , 161.89
3239 , 15421 , 88.63 , -70.4 , 3 , 19.71 , 1.620 , 0.183 , 47.52 , 161.81
3249 , 15459 , 88.07 , -70.4 , 3 , 19.67 , 1.719 , 0.195 , 47.61 , 161.73
3259 , 15499 , 87.48 , -70.4 , 3 , 19.63 , 1.993 , 0.228 , 47.70 , 161.63
3269 , 15539 , 86.89 , -70.5 , 3 , 19.59 , 2.163 , 0.249 , 47.81 , 161.52
3279 , 15582 , 86.26 , -70.6 , 3 , 19.55 , 2.168 , 0.251 , 47.94 , 161.40
3289 , 15624 , 85.65 , -70.7 , 3 , 19.51 , 2.070 , 0.242 , 48.06 , 161.28
3299 , 15671 , 84.98 , -70.7 , 3 , 19.48 , 1.943 , 0.229 , 48.18 , 161.15
3309 , 15710 , 84.41 , -70.7 , 3 , 19.45 , 1.874 , 0.222 , 48.28 , 161.05
3319 , 15753 , 83.81 , -70.7 , 3 , 19.42 , 1.873 , 0.223 , 48.39 , 160.94
3329 , 15795 , 83.21 , -70.5 , 3 , 19.39 , 1.895 , 0.228 , 48.49 , 160.84
3339 , 15837 , 82.62 , -70.4 , 3 , 19.35 , 1.850 , 0.224 , 48.60 , 160.73
3349 , 15882 , 82.00 , -70.5 , 3 , 19.30 , 1.697 , 0.207 , 48.70 , 160.63
3359 , 15926 , 81.40 , -70.6 , 3 , 19.25 , 1.533 , 0.188 , 48.80 , 160.53
3369 , 15968 , 80.82 , -70.7 , 3 , 19.22 , 1.379 , 0.171 , 48.88 , 160.45
3379 , 16010 , 80.25 , -70.7 , 3 , 19.18 , 1.249 , 0.156 , 48.95 , 160.38
3389 , 16051 , 79.70 , -70.5 , 3 , 19.14 , 1.101 , 0.138 , 49.02 , 160.31
3399 , 16093 , 79.14 , -70.5 , 3 , 19.11 , 0.859 , 0.109 , 49.07 , 160.26
3409 , 16134 , 78.60 , -70.5 , 3 , 19.07 , 0.575 , 0.073 , 49.11 , 160.22
3418 , 16173 , 78.07 , -70.6 , 3 , 19.02 , 0.395 , 0.051 , 49.14 , 160.20
3428 , 16214 , 77.54 , -70.5 , 3 , 18.99 , 0.340 , 0.044 , 49.16 , 160.18
3438 , 16255 , 77.00 , -70.5 , 3 , 18.94 , 0.347 , 0.045 , 49.18 , 160.16
3448 , 16297 , 76.46 , -70.4 , 3 , 18.90 , 0.332 , 0.043 , 49.20 , 160.14
3458 , 16338 , 75.93 , -70.3 , 3 , 18.86 , 0.300 , 0.040 , 49.21 , 160.12
3468 , 16377 , 75.43 , -70.2 , 3 , 18.83 , 0.269 , 0.036 , 49.23 , 160.11
3478 , 16416 , 74.94 , -70.1 , 3 , 18.79 , 0.298 , 0.040 , 49.24 , 160.09
3488 , 16453 , 74.48 , -69.7 , 3 , 18.75 , 0.363 , 0.049 , 49.26 , 160.07
3498 , 16493 , 73.98 , -69.2 , 3 , 18.71 , 0.425 , 0.057 , 49.28 , 160.05
3508 , 16533 , 73.48 , -68.8 , 2 , 18.68 , 0.538 , 0.073 , 49.30 , 160.03
3518 , 16574 , 72.98 , -68.3 , 2 , 18.64 , 0.746 , 0.102 , 49.34 , 159.99
3527 , 16612 , 72.52 , -68.4 , 2 , 18.60 , 1.002 , 0.138 , 49.38 , 159.95
3536 , 16650 , 72.07 , -68.4 , 2 , 18.57 , 1.182 , 0.164 , 49.44 , 159.90
3546 , 16690 , 71.58 , -68.4 , 2 , 18.53 , 1.309 , 0.183 , 49.50 , 159.83
3556 , 16734 , 71.06 , -68.1 , 2 , 18.49 , 1.442 , 0.203 , 49.58 , 159.75
3566 , 16775 , 70.58 , -67.8 , 2 , 18.46 , 1.575 , 0.223 , 49.66 , 159.67
3576 , 16817 , 70.09 , -67.8 , 2 , 18.43 , 1.464 , 0.209 , 49.75 , 159.59
3586 , 16862 , 69.56 , -67.7 , 2 , 18.38 , 1.306 , 0.188 , 49.83 , 159.50
3596 , 16907 , 69.05 , -67.7 , 2 , 18.34 , 1.260 , 0.182 , 49.91 , 159.43
3606 , 16952 , 68.53 , -67.4 , 2 , 18.30 , 1.235 , 0.180 , 49.98 , 159.35
3616 , 16999 , 68.00 , -67.3 , 2 , 18.27 , 1.173 , 0.172 , 50.05 , 159.28
3626 , 17045 , 67.49 , -67.4 , 2 , 18.23 , 0.990 , 0.147 , 50.12 , 159.22
3636 , 17090 , 66.98 , -67.4 , 2 , 18.20 , 0.789 , 0.118 , 50.17 , 159.16
3646 , 17135 , 66.48 , -67.4 , 2 , 18.16 , 0.611 , 0.092 , 50.21 , 159.12
3656 , 17180 , 65.98 , -67.4 , 2 , 18.13 , 0.442 , 0.067 , 50.24 , 159.09
3666 , 17225 , 65.50 , -67.1 , 2 , 18.09 , 0.323 , 0.049 , 50.27 , 159.07
3676 , 17270 , 65.01 , -66.8 , 2 , 18.06 , 0.261 , 0.040 , 50.28 , 159.05
3686 , 17314 , 64.54 , -66.9 , 2 , 18.02 , 0.233 , 0.036 , 50.30 , 159.04
3696 , 17355 , 64.10 , -66.8 , 2 , 17.98 , 0.218 , 0.034 , 50.31 , 159.02
3706 , 17397 , 63.66 , -66.7 , 2 , 17.95 , 0.217 , 0.034 , 50.32 , 159.01
3716 , 17438 , 63.22 , -66.5 , 2 , 17.91 , 0.212 , 0.033 , 50.33 , 159.00
3726 , 17480 , 62.79 , -66.5 , 2 , 17.87 , 0.200 , 0.032 , 50.34 , 158.99
3736 , 17520 , 62.37 , -66.0 , 2 , 17.83 , 0.175 , 0.028 , 50.35 , 158.98
3746 , 17561 , 61.96 , -65.6 , 2 , 17.80 , 0.139 , 0.022 , 50.36 , 158.97
3756 , 17602 , 61.53 , -65.5 , 2 , 17.76 , 0.109 , 0.018 , 50.37 , 158.96
3766 , 17645 , 61.11 , -65.1 , 2 , 17.72 , 0.082 , 0.013 , 50.37 , 158.96
3776 , 17687 , 60.69 , -65.0 , 2 , 17.69 , 0.061 , 0.010 , 50.38 , 158.96
3786 , 17729 , 60.27 , -64.7 , 2 , 17.65 , 0.044 , 0.007 , 50.38 , 158.95
3796 , 17776 , 59.81 , -64.2 , 1 , 17.61 , 0.032 , 0.005 , 50.38 , 158.95
3806 , 17820 , 59.38 , -64.3 , 2 , 17.57 , 0.035 , 0.006 , 50.38 , 158.95
3816 , 17864 , 58.96 , -64.3 , 1 , 17.54 , 0.035 , 0.006 , 50.39 , 158.95
3825 , 17906 , 58.55 , -64.2 , 2 , 17.50 , 0.033 , 0.006 , 50.39 , 158.94
3835 , 17949 , 58.14 , -64.2 , 1 , 17.47 , 0.040 , 0.007 , 50.39 , 158.94
3845 , 17993 , 57.72 , -64.5 , 1 , 17.43 , 0.050 , 0.009 , 50.39 , 158.94
3855 , 18039 , 57.29 , -64.3 , 1 , 17.39 , 0.063 , 0.011 , 50.40 , 158.94
3865 , 18085 , 56.86 , -63.5 , 1 , 17.35 , 0.091 , 0.016 , 50.40 , 158.93
3875 , 18128 , 56.46 , -63.5 , 1 , 17.32 , 0.120 , 0.021 , 50.41 , 158.93
3885 , 18172 , 56.06 , -63.6 , 1 , 17.28 , 0.130 , 0.023 , 50.41 , 158.92
3895 , 18214 , 55.67 , -63.4 , 1 , 17.24 , 0.141 , 0.025 , 50.42 , 158.91
3905 , 18258 , 55.28 , -62.7 , 1 , 17.21 , 0.153 , 0.028 , 50.43 , 158.90
3915 , 18301 , 54.89 , -62.3 , 1 , 17.17 , 0.211 , 0.039 , 50.44 , 158.89
3925 , 18344 , 54.52 , -62.2 , 1 , 17.14 , 0.331 , 0.061 , 50.45 , 158.88
3935 , 18388 , 54.12 , -62.1 , 1 , 17.10 , 0.471 , 0.087 , 50.48 , 158.86
3945 , 18431 , 53.75 , -61.5 , 1 , 17.06 , 0.728 , 0.135 , 50.51 , 158.82
3955 , 18476 , 53.37 , -61.5 , 1 , 17.02 , 0.976 , 0.183 , 50.56 , 158.77
3965 , 18520 , 52.98 , -61.4 , 1 , 16.99 , 1.127 , 0.213 , 50.62 , 158.71
3975 , 18566 , 52.60 , -61.4 , 1 , 16.95 , 1.212 , 0.231 , 50.69 , 158.65
3985 , 18612 , 52.20 , -61.3 , 1 , 16.92 , 1.279 , 0.245 , 50.76 , 158.57
3995 , 18659 , 51.81 , -61.6 , 1 , 16.88 , 1.337 , 0.258 , 50.84 , 158.50
4005 , 18706 , 51.42 , -61.6 , 1 , 16.84 , 1.398 , 0.272 , 50.92 , 158.41
4015 , 18755 , 51.02 , -61.5 , 1 , 16.81 , 1.602 , 0.314 , 51.01 , 158.32
4025 , 18805 , 50.61 , -61.2 , 1 , 16.78 , 2.095 , 0.414 , 51.13 , 158.20
4035 , 18856 , 50.20 , -60.9 , 1 , 16.74 , 3.090 , 0.616 , 51.30 , 158.04
4045 , 18905 , 49.80 , -60.6 , 1 , 16.71 , 4.579 , 0.920 , 51.54 , 157.79
4055 , 18956 , 49.39 , -60.5 , 1 , 16.67 , 6.029 , 1.221 , 51.88 , 157.45
4065 , 19009 , 48.97 , -60.6 , 1 , 16.63 , 6.526 , 1.333 , 52.30 , 157.03
4075 , 19061 , 48.57 , -61.1 , 1 , 16.60 , 6.445 , 1.327 , 52.73 , 156.60
4085 , 19112 , 48.17 , -61.1 , 1 , 16.57 , 6.016 , 1.249 , 53.13 , 156.20
4095 , 19161 , 47.79 , -60.7 , 1 , 16.53 , 6.036 , 1.263 , 53.51 , 155.82
4105 , 19211 , 47.41 , -60.7 , 1 , 16.50 , 5.975 , 1.260 , 53.89 , 155.44
4115 , 19257 , 47.05 , -60.6 , 1 , 16.47 , 5.721 , 1.216 , 54.24 , 155.10
4125 , 19303 , 46.71 , -60.4 , 1 , 16.43 , 5.291 , 1.133 , 54.55 , 154.78
4134 , 19347 , 46.38 , -60.2 , 1 , 16.40 , 4.759 , 1.026 , 54.83 , 154.50
4144 , 19390 , 46.06 , -60.2 , 1 , 16.37 , 4.362 , 0.947 , 55.08 , 154.25
4154 , 19433 , 45.75 , -60.1 , 1 , 16.34 , 4.055 , 0.887 , 55.31 , 154.02
4164 , 19474 , 45.44 , -59.6 , 1 , 16.30 , 3.952 , 0.870 , 55.52 , 153.81
4174 , 19514 , 45.16 , -59.4 , 1 , 16.27 , 4.047 , 0.896 , 55.72 , 153.61
4184 , 19553 , 44.88 , -59.0 , 1 , 16.24 , 4.112 , 0.916 , 55.92 , 153.41
4194 , 19592 , 44.59 , -58.6 , 1 , 16.21 , 4.239 , 0.951 , 56.13 , 153.20
4204 , 19631 , 44.32 , -57.9 , 1 , 16.17 , 4.394 , 0.991 , 56.34 , 152.99
4214 , 19670 , 44.05 , -57.7 , 1 , 16.14 , 4.404 , 1.000 , 56.55 , 152.78
4224 , 19709 , 43.77 , -57.5 , 1 , 16.11 , 4.466 , 1.020 , 56.77 , 152.56
4234 , 19748 , 43.51 , -57.1 , 1 , 16.08 , 4.767 , 1.096 , 56.99 , 152.34
4244 , 19790 , 43.22 , -56.7 , 1 , 16.05 , 5.169 , 1.196 , 57.25 , 152.08
4254 , 19832 , 42.93 , -56.2 , 1 , 16.02 , 5.557 , 1.294 , 57.54 , 151.80
4264 , 19876 , 42.64 , -55.7 , 1 , 15.99 , 5.827 , 1.367 , 57.85 , 151.49
4274 , 19920 , 42.35 , -55.5 , 1 , 15.96 , 5.981 , 1.412 , 58.16 , 151.17
4284 , 19963 , 42.06 , -55.5 , 1 , 15.93 , 6.104 , 1.451 , 58.49 , 150.84
4294 , 20008 , 41.77 , -55.4 , 1 , 15.90 , 6.108 , 1.462 , 58.83 , 150.51
4304 , 20053 , 41.47 , -55.1 , 1 , 15.87 , 6.080 , 1.466 , 59.17 , 150.16
4314 , 20099 , 41.17 , -54.9 , 1 , 15.84 , 5.881 , 1.428 , 59.51 , 149.83
4324 , 20145 , 40.88 , -54.1 , 1 , 15.80 , 5.437 , 1.330 , 59.83 , 149.51
4334 , 20193 , 40.57 , -53.8 , 1 , 15.78 , 4.900 , 1.208 , 60.14 , 149.20
4344 , 20243 , 40.26 , -53.8 , 1 , 15.75 , 4.547 , 1.129 , 60.42 , 148.91
4354 , 20292 , 39.95 , -53.8 , 1 , 15.72 , 4.429 , 1.109 , 60.70 , 148.64
4364 , 20341 , 39.65 , -53.8 , 1 , 15.69 , 4.470 , 1.127 , 60.96 , 148.37
4374 , 20391 , 39.34 , -53.7 , 1 , 15.66 , 4.882 , 1.241 , 61.25 , 148.08
4384 , 20438 , 39.05 , -53.3 , 1 , 15.63 , 5.608 , 1.436 , 61.55 , 147.78
4394 , 20486 , 38.77 , -52.7 , 1 , 15.61 , 6.145 , 1.585 , 61.90 , 147.44
4404 , 20532 , 38.49 , -51.6 , 1 , 15.58 , 6.464 , 1.679 , 62.25 , 147.08
4414 , 20577 , 38.22 , -51.3 , 1 , 15.55 , 6.694 , 1.751 , 62.61 , 146.72
4423 , 20619 , 37.98 , -51.1 , 1 , 15.53 , 6.826 , 1.797 , 62.96 , 146.38
4433 , 20661 , 37.73 , -50.9 , 1 , 15.50 , 7.049 , 1.868 , 63.31 , 146.02
4443 , 20702 , 37.50 , -50.8 , 1 , 15.47 , 7.347 , 1.959 , 63.67 , 145.66
4453 , 20744 , 37.25 , -50.8 , 1 , 15.44 , 7.611 , 2.043 , 64.05 , 145.28
4463 , 20786 , 37.01 , -50.6 , 1 , 15.42 , 7.780 , 2.102 , 64.44 , 144.89
4473 , 20830 , 36.77 , -49.7 , 1 , 15.39 , 8.006 , 2.177 , 64.86 , 144.48
4483 , 20873 , 36.53 , -49.4 , 1 , 15.37 , 8.216 , 2.249 , 65.28 , 144.05
4492 , 20911 , 36.31 , -49.2 , 1 , 15.34 , 8.315 , 2.290 , 65.66 , 143.67
4502 , 20950 , 36.10 , -48.9 , 1 , 15.32 , 8.397 , 2.326 , 66.05 , 143.28
4511 , 20989 , 35.88 , -48.7 , 1 , 15.29 , 8.549 , 2.382 , 66.45 , 142.88
4522 , 21030 , 35.66 , -48.8 , 1 , 15.27 , 8.689 , 2.436 , 66.87 , 142.46
4532 , 21072 , 35.44 , -48.2 , 1 , 15.24 , 8.810 , 2.486 , 67.31 , 142.02
4542 , 21112 , 35.22 , -48.1 , 1 , 15.22 , 8.963 , 2.544 , 67.74 , 141.60
4552 , 21149 , 35.03 , -48.0 , 1 , 15.19 , 9.065 , 2.588 , 68.14 , 141.20
4562 , 21188 , 34.82 , -47.6 , 1 , 15.17 , 9.155 , 2.629 , 68.56 , 140.77
4572 , 21226 , 34.62 , -47.5 , 1 , 15.15 , 9.187 , 2.654 , 68.98 , 140.35
4582 , 21264 , 34.42 , -47.5 , 1 , 15.12 , 9.234 , 2.683 , 69.40 , 139.93
4592 , 21304 , 34.21 , -47.5 , 1 , 15.10 , 9.199 , 2.689 , 69.84 , 139.49
4602 , 21344 , 34.01 , -47.4 , 1 , 15.08 , 9.148 , 2.690 , 70.28 , 139.06
4612 , 21385 , 33.79 , -47.1 , 1 , 15.06 , 9.148 , 2.707 , 70.73 , 138.61
4622 , 21426 , 33.59 , -47.1 , 1 , 15.04 , 9.060 , 2.697 , 71.17 , 138.16
4632 , 21468 , 33.37 , -46.9 , 1 , 15.01 , 8.993 , 2.695 , 71.62 , 137.71
4642 , 21511 , 33.16 , -47.1 , 1 , 14.99 , 8.878 , 2.678 , 72.09 , 137.25
4652 , 21555 , 32.94 , -46.9 , 1 , 14.97 , 8.848 , 2.686 , 72.55 , 136.78
4662 , 21600 , 32.72 , -46.5 , 1 , 14.95 , 8.840 , 2.702 , 73.02 , 136.32
4672 , 21646 , 32.49 , -45.8 , 1 , 14.93 , 8.759 , 2.696 , 73.50 , 135.83
4682 , 21692 , 32.26 , -44.8 , 1 , 14.91 , 8.702 , 2.697 , 73.98 , 135.35
4691 , 21732 , 32.07 , -43.8 , 1 , 14.89 , 8.731 , 2.722 , 74.39 , 134.94
4702 , 21780 , 31.84 , -43.7 , 1 , 14.87 , 8.761 , 2.751 , 74.88 , 134.45
4711 , 21824 , 31.64 , -43.4 , 1 , 14.85 , 8.792 , 2.779 , 75.33 , 134.00
4722 , 21871 , 31.42 , -43.1 , 1 , 14.83 , 8.794 , 2.799 , 75.82 , 133.52
4731 , 21912 , 31.23 , -43.0 , 1 , 14.81 , 8.807 , 2.820 , 76.25 , 133.09
4741 , 21955 , 31.03 , -42.8 , 1 , 14.79 , 8.855 , 2.854 , 76.68 , 132.65
4751 , 22001 , 30.82 , -42.4 , 1 , 14.77 , 8.941 , 2.901 , 77.16 , 132.17
4760 , 22045 , 30.62 , -42.3 , 1 , 14.75 , 8.951 , 2.923 , 77.62 , 131.71
4770 , 22090 , 30.41 , -41.8 , 1 , 14.74 , 9.021 , 2.966 , 78.09 , 131.24
4780 , 22132 , 30.23 , -41.4 , 1 , 14.72 , 9.145 , 3.025 , 78.54 , 130.79
4791 , 22180 , 30.01 , -40.9 , 1 , 14.70 , 9.204 , 3.067 , 79.05 , 130.28
4801 , 22223 , 29.83 , -40.7 , 1 , 14.68 , 9.243 , 3.099 , 79.51 , 129.82
4811 , 22265 , 29.64 , -40.3 , 1 , 14.67 , 9.304 , 3.139 , 79.96 , 129.37
4821 , 22309 , 29.45 , -39.8 , 1 , 14.65 , 9.413 , 3.197 , 80.44 , 128.89
4831 , 22352 , 29.26 , -39.8 , 1 , 14.63 , 9.495 , 3.245 , 80.91 , 128.42
4841 , 22397 , 29.08 , -39.7 , 1 , 14.62 , 9.557 , 3.287 , 81.40 , 127.93
4850 , 22437 , 28.90 , -39.9 , 1 , 14.60 , 9.561 , 3.308 , 81.85 , 127.49
4860 , 22481 , 28.72 , -39.9 , 1 , 14.59 , 9.600 , 3.343 , 82.33 , 127.00
4871 , 22525 , 28.54 , -40.0 , 1 , 14.57 , 9.619 , 3.371 , 82.82 , 126.51
4880 , 22562 , 28.38 , -39.2 , 1 , 14.56 , 9.624 , 3.391 , 83.24 , 126.10
4890 , 22606 , 28.20 , -38.3 , 0 , 14.54 , 9.770 , 3.465 , 83.73 , 125.61
4900 , 22650 , 28.02 , -38.0 , 0 , 14.53 , 9.826 , 3.507 , 84.22 , 125.12
4910 , 22693 , 27.85 , -37.8 , 1 , 14.51 , 9.876 , 3.547 , 84.70 , 124.63
4919 , 22734 , 27.68 , -37.3 , 0 , 14.50 , 9.894 , 3.575 , 85.17 , 124.16
4930 , 22782 , 27.49 , -36.4 , 0 , 14.48 , 9.900 , 3.601 , 85.71 , 123.62
4940 , 22828 , 27.31 , -36.2 , 0 , 14.47 , 9.902 , 3.626 , 86.23 , 123.10
4950 , 22872 , 27.13 , -36.4 , 0 , 14.46 , 9.912 , 3.653 , 86.73 , 122.61
4960 , 22917 , 26.96 , -36.7 , 0 , 14.45 , 9.926 , 3.682 , 87.23 , 122.10
4970 , 22962 , 26.78 , -36.6 , 0 , 14.43 , 9.875 , 3.687 , 87.74 , 121.59
4980 , 23005 , 26.62 , -36.1 , 0 , 14.42 , 9.912 , 3.724 , 88.22 , 121.11
4988 , 23039 , 26.49 , -35.9 , 0 , 14.41 , 10.056 , 3.797 , 88.61 , 120.72
4996 , 23074 , 26.35 , -35.9 , 0 , 14.40 , 10.171 , 3.859 , 89.01 , 120.32
5005 , 23109 , 26.22 , -35.7 , 0 , 14.39 , 10.287 , 3.923 , 89.42 , 119.92
5014 , 23144 , 26.09 , -35.9 , 0 , 14.38 , 10.403 , 3.987 , 89.83 , 119.51
5023 , 23176 , 25.97 , -36.1 , 0 , 14.37 , 10.529 , 4.054 , 90.21 , 119.12
5033 , 23211 , 25.84 , -35.9 , 0 , 14.35 , 10.629 , 4.113 , 90.63 , 118.70
5043 , 23250 , 25.70 , -35.5 , 0 , 14.34 , 10.689 , 4.160 , 91.10 , 118.23
5052 , 23286 , 25.56 , -35.2 , 0 , 14.33 , 10.631 , 4.159 , 91.54 , 117.79
5063 , 23326 , 25.42 , -35.0 , 0 , 14.32 , 10.668 , 4.197 , 92.02 , 117.31
5073 , 23368 , 25.26 , -34.5 , 0 , 14.30 , 10.646 , 4.214 , 92.53 , 116.80
5082 , 23403 , 25.14 , -34.4 , 0 , 14.30 , 10.578 , 4.208 , 92.95 , 116.38
5092 , 23441 , 25.00 , -34.0 , 0 , 14.28 , 10.516 , 4.206 , 93.40 , 115.93
5101 , 23481 , 24.86 , -33.7 , 0 , 14.27 , 10.447 , 4.203 , 93.88 , 115.46
5110 , 23519 , 24.72 , -33.6 , 0 , 14.26 , 10.474 , 4.237 , 94.33 , 115.01
5120 , 23561 , 24.58 , -33.8 , 0 , 14.25 , 10.514 , 4.278 , 94.82 , 114.52
5130 , 23603 , 24.43 , -33.5 , 0 , 14.24 , 10.495 , 4.296 , 95.32 , 114.02
5139 , 23645 , 24.28 , -33.6 , 0 , 14.23 , 10.491 , 4.320 , 95.81 , 113.52
5149 , 23691 , 24.13 , -33.4 , 0 , 14.22 , 10.486 , 4.346 , 96.35 , 112.99
5159 , 23735 , 23.98 , -32.8 , 0 , 14.21 , 10.479 , 4.371 , 96.87 , 112.47
5168 , 23780 , 23.82 , -32.1 , 0 , 14.20 , 10.591 , 4.446 , 97.40 , 111.94
5178 , 23828 , 23.66 , -32.0 , 0 , 14.18 , 10.523 , 4.448 , 97.97 , 111.36
5188 , 23873 , 23.51 , -32.1 , 0 , 14.18 , 10.480 , 4.458 , 98.50 , 110.83
5196 , 23916 , 23.37 , -31.7 , 0 , 14.17 , 10.432 , 4.464 , 99.00 , 110.33
5207 , 23968 , 23.19 , -30.8 , 0 , 14.15 , 10.374 , 4.472 , 99.61 , 109.73
5214 , 24009 , 23.06 , -30.4 , 0 , 14.14 , 10.491 , 4.549 , 100.08 , 109.26
5223 , 24054 , 22.92 , -30.6 , 0 , 14.13 , 10.624 , 4.636 , 100.60 , 108.73
5231 , 24100 , 22.77 , -31.0 , 0 , 14.12 , 10.685 , 4.692 , 101.15 , 108.19
5238 , 24139 , 22.64 , -30.6 , 0 , 14.11 , 10.732 , 4.739 , 101.61 , 107.72
5247 , 24189 , 22.49 , -29.3 , 0 , 14.10 , 10.796 , 4.801 , 102.21 , 107.13
5258 , 24243 , 22.32 , -28.1 , 0 , 14.09 , 10.871 , 4.871 , 102.86 , 106.48
5266 , 24287 , 22.18 , -28.1 , 0 , 14.08 , 10.921 , 4.924 , 103.39 , 105.94
5276 , 24335 , 22.03 , -28.3 , 0 , 14.07 , 10.957 , 4.973 , 103.96 , 105.38
5286 , 24385 , 21.88 , -28.0 , 0 , 14.06 , 11.027 , 5.040 , 104.57 , 104.77
5294 , 24425 , 21.76 , -27.8 , 0 , 14.05 , 10.919 , 5.019 , 105.05 , 104.28
5305 , 24475 , 21.61 , -28.1 , 0 , 14.04 , 10.839 , 5.016 , 105.64 , 103.69
5315 , 24517 , 21.48 , -28.2 , 0 , 14.03 , 10.692 , 4.978 , 106.15 , 103.18
5325 , 24563 , 21.34 , -28.5 , 0 , 14.02 , 10.539 , 4.938 , 106.68 , 102.65
5333 , 24596 , 21.25 , -28.5 , 0 , 14.01 , 10.379 , 4.885 , 107.06 , 102.28
5343 , 24632 , 21.14 , -28.3 , 0 , 14.00 , 10.274 , 4.860 , 107.47 , 101.86
5352 , 24669 , 21.03 , -28.0 , 0 , 13.99 , 10.269 , 4.883 , 107.89 , 101.44
5361 , 24704 , 20.93 , -27.8 , 0 , 13.98 , 10.153 , 4.852 , 108.28 , 101.05
5370 , 24742 , 20.82 , -27.6 , 0 , 13.97 , 10.144 , 4.873 , 108.71 , 100.62
5379 , 24776 , 20.72 , -26.6 , 0 , 13.96 , 10.122 , 4.886 , 109.09 , 100.24
5389 , 24812 , 20.61 , -26.0 , 0 , 13.95 , 10.096 , 4.897 , 109.49 , 99.85
5398 , 24849 , 20.51 , -25.5 , 0 , 13.93 , 10.096 , 4.922 , 109.89 , 99.44
5407 , 24882 , 20.42 , -25.8 , 0 , 13.93 , 10.086 , 4.940 , 110.26 , 99.08
5418 , 24927 , 20.29 , -25.9 , 0 , 13.91 , 10.005 , 4.930 , 110.74 , 98.59
5428 , 24966 , 20.18 , -24.9 , 0 , 13.90 , 10.019 , 4.964 , 111.17 , 98.17
5436 , 25000 , 20.09 , -25.0 , 0 , 13.90 , 10.071 , 5.014 , 111.55 , 97.79
5454 , 25078 , 19.88 , -24.0 , 0 , 13.88 , 10.132 , 5.098 , 112.39 , 96.94
5458 , 25095 , 19.83 , -23.8 , 0 , 13.87 , 10.202 , 5.146 , 112.59 , 96.75
5467 , 25139 , 19.71 , -22.6 , 0 , 13.86 , 10.240 , 5.196 , 113.07 , 96.26
5475 , 25173 , 19.62 , -22.3 , 0 , 13.85 , 10.297 , 5.249 , 113.45 , 95.89
5486 , 25225 , 19.48 , -21.1 , 0 , 13.84 , 10.399 , 5.338 , 114.02 , 95.32
5495 , 25265 , 19.37 , -21.5 , 0 , 13.83 , 10.561 , 5.451 , 114.47 , 94.86
5504 , 25306 , 19.27 , -21.0 , 0 , 13.81 , 10.641 , 5.523 , 114.93 , 94.40
5513 , 25351 , 19.15 , -20.9 , 0 , 13.81 , 10.658 , 5.565 , 115.44 , 93.89
5521 , 25387 , 19.06 , -20.9 , 0 , 13.80 , 10.807 , 5.671 , 115.86 , 93.47
5528 , 25426 , 18.95 , -21.2 , 0 , 13.79 , 10.767 , 5.680 , 116.31 , 93.02
5537 , 25475 , 18.83 , -21.5 , 0 , 13.78 , 10.776 , 5.722 , 116.87 , 92.46
5547 , 25523 , 18.71 , -22.0 , 0 , 13.76 , 10.724 , 5.733 , 117.43 , 91.90
5552 , 25552 , 18.63 , -21.9 , 0 , 13.75 , 10.628 , 5.703 , 117.76 , 91.58
5569 , 25641 , 18.41 , -23.1 , 0 , 13.74 , 10.402 , 5.650 , 118.77 , 90.57
5577 , 25686 , 18.30 , -22.9 , 0 , 13.73 , 10.407 , 5.687 , 119.26 , 90.07
5585 , 25725 , 18.20 , -23.2 , 0 , 13.72 , 10.450 , 5.742 , 119.71 , 89.62
5595 , 25781 , 18.06 , -23.6 , 0 , 13.70 , 10.355 , 5.734 , 120.34 , 88.99
5603 , 25825 , 17.95 , -23.8 , 0 , 13.69 , 10.385 , 5.785 , 120.83 , 88.50
5612 , 25869 , 17.85 , -24.9 , 0 , 13.69 , 10.239 , 5.738 , 121.32 , 88.01
5621 , 25914 , 17.73 , -24.0 , 0 , 13.67 , 10.150 , 5.723 , 121.82 , 87.51
5625 , 25934 , 17.69 , -24.3 , 0 , 13.67 , 10.104 , 5.713 , 122.04 , 87.29
5639 , 26007 , 17.51 , -24.4 , 0 , 13.65 , 9.989 , 5.705 , 122.83 , 86.50
5646 , 26036 , 17.44 , -23.2 , 0 , 13.64 , 9.998 , 5.733 , 123.15 , 86.19
5655 , 26076 , 17.35 , -22.7 , 0 , 13.63 , 10.016 , 5.774 , 123.57 , 85.76
5664 , 26116 , 17.25 , -22.5 , 0 , 13.62 , 9.982 , 5.786 , 124.01 , 85.32
5673 , 26153 , 17.17 , -22.7 , 0 , 13.61 , 10.002 , 5.827 , 124.40 , 84.93
5680 , 26185 , 17.09 , -24.2 , 0 , 13.60 , 9.866 , 5.773 , 124.74 , 84.59
5688 , 26220 , 17.01 , -24.1 , 0 , 13.60 , 9.741 , 5.728 , 125.12 , 84.21
5696 , 26254 , 16.93 , -23.4 , 0 , 13.59 , 9.562 , 5.649 , 125.48 , 83.85
5706 , 26297 , 16.83 , -23.5 , 0 , 13.57 , 9.502 , 5.647 , 125.92 , 83.41
5714 , 26328 , 16.76 , -21.9 , 0 , 13.56 , 9.541 , 5.694 , 126.24 , 83.10
5724 , 26363 , 16.68 , -20.8 , 0 , 13.56 , 9.603 , 5.757 , 126.59 , 82.74
5733 , 26399 , 16.60 , -20.3 , 0 , 13.55 , 9.597 , 5.782 , 126.96 , 82.37
5740 , 26430 , 16.53 , -20.4 , 0 , 13.54 , 9.653 , 5.840 , 127.28 , 82.05
5750 , 26468 , 16.44 , -22.1 , 0 , 13.53 , 9.608 , 5.843 , 127.68 , 81.65
5759 , 26509 , 16.35 , -22.3 , 0 , 13.52 , 9.490 , 5.804 , 128.10 , 81.24
5767 , 26547 , 16.27 , -22.3 , 0 , 13.51 , 9.432 , 5.798 , 128.48 , 80.86
5777 , 26590 , 16.17 , -21.9 , 0 , 13.50 , 9.300 , 5.750 , 128.91 , 80.42
5784 , 26625 , 16.09 , -21.2 , 0 , 13.49 , 9.266 , 5.757 , 129.26 , 80.07
5793 , 26666 , 16.01 , -21.2 , 0 , 13.48 , 9.301 , 5.811 , 129.67 , 79.67
5799 , 26692 , 15.95 , -21.1 , 0 , 13.47 , 9.367 , 5.873 , 129.93 , 79.40
5806 , 26727 , 15.88 , -21.3 , 0 , 13.47 , 9.289 , 5.851 , 130.28 , 79.06
5813 , 26763 , 15.80 , -19.8 , 0 , 13.46 , 9.202 , 5.826 , 130.64 , 78.70
5821 , 26800 , 15.72 , -19.2 , 0 , 13.45 , 9.282 , 5.904 , 130.99 , 78.34
5832 , 26848 , 15.62 , -19.6 , 0 , 13.44 , 9.320 , 5.968 , 131.47 , 77.86
5841 , 26891 , 15.53 , -20.6 , 0 , 13.43 , 9.214 , 5.934 , 131.89 , 77.44
5852 , 26940 , 15.42 , -21.1 , 0 , 13.42 , 9.051 , 5.868 , 132.38 , 76.96
5860 , 26977 , 15.35 , -21.7 , 0 , 13.41 , 8.941 , 5.826 , 132.72 , 76.61
5870 , 27022 , 15.26 , -20.9 , 0 , 13.40 , 8.858 , 5.807 , 133.15 , 76.18
5878 , 27063 , 15.17 , -21.3 , 0 , 13.39 , 8.848 , 5.833 , 133.54 , 75.79
5887 , 27108 , 15.08 , -20.5 , 0 , 13.38 , 8.838 , 5.861 , 133.97 , 75.36
5909 , 27202 , 14.89 , -19.9 , 0 , 13.35 , 8.724 , 5.859 , 134.85 , 74.49
5916 , 27236 , 14.82 , -18.9 , 0 , 13.35 , 8.534 , 5.758 , 135.16 , 74.17
5923 , 27266 , 14.76 , -16.8 , 0 , 13.34 , 8.637 , 5.852 , 135.43 , 73.90
5929 , 27291 , 14.71 , -17.0 , 0 , 13.34 , 8.714 , 5.924 , 135.67 , 73.67
5935 , 27320 , 14.65 , -16.7 , 0 , 13.33 , 8.677 , 5.922 , 135.93 , 73.40
5942 , 27349 , 14.60 , -16.4 , 0 , 13.32 , 8.686 , 5.951 , 136.20 , 73.14
5949 , 27379 , 14.54 , -17.0 , 0 , 13.31 , 8.659 , 5.955 , 136.46 , 72.87
5958 , 27420 , 14.46 , -17.9 , 0 , 13.30 , 8.575 , 5.930 , 136.84 , 72.50
5965 , 27448 , 14.40 , -17.8 , 0 , 13.29 , 8.591 , 5.964 , 137.10 , 72.24
5973 , 27481 , 14.34 , -15.6 , 0 , 13.28 , 8.678 , 6.050 , 137.39 , 71.94
5981 , 27514 , 14.28 , -14.7 , 0 , 13.27 , 8.657 , 6.062 , 137.69 , 71.64
6001 , 27589 , 14.14 , -14.4 , 0 , 13.25 , 8.617 , 6.094 , 138.36 , 70.97
6009 , 27626 , 14.07 , -13.8 , 0 , 13.24 , 8.622 , 6.128 , 138.70 , 70.63
6016 , 27656 , 14.01 , -15.4 , 0 , 13.23 , 8.549 , 6.100 , 138.97 , 70.37
6026 , 27695 , 13.94 , -17.8 , 0 , 13.22 , 8.401 , 6.025 , 139.31 , 70.02
6031 , 27716 , 13.90 , -17.3 , 0 , 13.21 , 8.328 , 5.990 , 139.50 , 69.84
6056 , 27816 , 13.72 , -16.7 , 0 , 13.18 , 8.163 , 5.950 , 140.36 , 68.97
6062 , 27842 , 13.67 , -17.6 , 0 , 13.17 , 8.088 , 5.916 , 140.58 , 68.75
6073 , 27885 , 13.59 , -18.3 , 0 , 13.16 , 7.924 , 5.829 , 140.95 , 68.38
6083 , 27923 , 13.52 , -18.0 , 0 , 13.15 , 7.762 , 5.739 , 141.27 , 68.07
6091 , 27956 , 13.46 , -17.5 , 0 , 13.13 , 7.777 , 5.776 , 141.54 , 67.79
6102 , 28001 , 13.38 , -17.4 , 0 , 13.12 , 7.692 , 5.747 , 141.90 , 67.43
6110 , 28034 , 13.33 , -16.8 , 0 , 13.11 , 7.673 , 5.758 , 142.17 , 67.17
6144 , 28164 , 13.10 , -10.5 , 0 , 13.07 , 8.025 , 6.126 , 143.23 , 66.11
6151 , 28194 , 13.05 , -11.4 , 0 , 13.07 , 8.165 , 6.258 , 143.48 , 65.85
6159 , 28227 , 12.99 , -13.5 , 0 , 13.06 , 8.192 , 6.305 , 143.76 , 65.58
6165 , 28252 , 12.95 , -13.2 , 0 , 13.04 , 8.158 , 6.299 , 143.97 , 65.37
6183 , 28327 , 12.82 , -10.8 , 0 , 13.02 , 8.128 , 6.339 , 144.60 , 64.73
6200 , 28398 , 12.70 , -11.4 , 0 , 13.00 , 8.297 , 6.531 , 145.20 , 64.13
6203 , 28410 , 12.68 , -11.7 , 0 , 13.00 , 8.389 , 6.613 , 145.30 , 64.03
6211 , 28446 , 12.63 , -11.4 , 0 , 12.98 , 8.490 , 6.725 , 145.62 , 63.71
6219 , 28481 , 12.57 , -10.6 , 0 , 12.97 , 8.545 , 6.799 , 145.93 , 63.41
6226 , 28510 , 12.52 , -10.6 , 0 , 12.96 , 8.659 , 6.916 , 146.18 , 63.15
6232 , 28541 , 12.47 , -10.3 , 0 , 12.95 , 8.736 , 7.006 , 146.46 , 62.87
6254 , 28647 , 12.30 , -9.5 , 0 , 12.92 , 8.674 , 7.052 , 147.40 , 61.93
6259 , 28670 , 12.26 , -10.0 , 0 , 12.91 , 8.608 , 7.019 , 147.60 , 61.73
6270 , 28718 , 12.19 , -9.7 , 0 , 12.90 , 8.422 , 6.910 , 148.02 , 61.31
6294 , 28844 , 11.99 , -10.8 , 0 , 12.86 , 8.148 , 6.796 , 149.09 , 60.24
6298 , 28863 , 11.96 , -10.6 , 0 , 12.86 , 8.133 , 6.800 , 149.25 , 60.08
6322 , 28979 , 11.78 , -12.1 , 0 , 12.82 , 8.029 , 6.815 , 150.22 , 59.12
6340 , 29064 , 11.65 , -11.8 , 0 , 12.79 , 7.945 , 6.820 , 150.92 , 58.42
6347 , 29099 , 11.60 , -14.1 , 0 , 12.77 , 7.906 , 6.818 , 151.20 , 58.13
6355 , 29137 , 11.54 , -14.7 , 0 , 12.77 , 7.749 , 6.716 , 151.52 , 57.82
6376 , 29245 , 11.38 , -13.5 , 0 , 12.73 , 7.731 , 6.796 , 152.39 , 56.95
6398 , 29347 , 11.22 , -16.5 , 0 , 12.69 , 7.554 , 6.731 , 153.20 , 56.13
6405 , 29380 , 11.17 , -17.0 , 0 , 12.69 , 7.509 , 6.720 , 153.46 , 55.87
6414 , 29421 , 11.11 , -16.1 , 0 , 12.67 , 7.428 , 6.684 , 153.78 , 55.55
6424 , 29464 , 11.05 , -17.2 , 0 , 12.65 , 7.440 , 6.733 , 154.11 , 55.22
6432 , 29500 , 11.00 , -18.5 , 0 , 12.64 , 7.286 , 6.626 , 154.40 , 54.94
6443 , 29546 , 10.93 , -18.4 , 0 , 12.62 , 7.101 , 6.498 , 154.75 , 54.59
6453 , 29590 , 10.86 , -19.0 , 0 , 12.61 , 7.174 , 6.603 , 155.08 , 54.25
6462 , 29636 , 10.80 , -19.9 , 0 , 12.59 , 7.012 , 6.494 , 155.43 , 53.91
6470 , 29672 , 10.74 , -20.3 , 0 , 12.58 , 6.861 , 6.386 , 155.69 , 53.64
6480 , 29711 , 10.69 , -20.1 , 0 , 12.56 , 6.731 , 6.297 , 155.98 , 53.36
6488 , 29754 , 10.63 , -20.3 , 1 , 12.55 , 6.650 , 6.258 , 156.28 , 53.05
6494 , 29780 , 10.59 , -17.6 , 0 , 12.54 , 6.642 , 6.272 , 156.46 , 52.87
6501 , 29808 , 10.55 , -18.4 , 0 , 12.53 , 6.674 , 6.326 , 156.66 , 52.67
