# ------------------------------------------------------------
#
# Flight name: V2807
# Station: Davis
# Launch Date: 03 November 2007
# Launch Time: 11:19:32
# 
# This file created: Wed Nov 07 10:28:44 2007
# 
# 
# ------------------------------------------------------------
# DATA COLUMNS
# Time (s)
# Height (m)
# Atmospheric Pressure (hPa)
# Atmospheric Temperature (°C)
# Relative Humidity (%)
# Box Temperature (°C)
# Ozone Partial Pressure (mPa)
# Ozone Mixing Ratio (ppmV)
# Accumulated Ozone to this Height (Dobson Units)
# Remaining Ozone above this Height (Dobson Units)
# 
# ------------------------------------------------------------
# 
# Integrated Ozone = 157.5 DU
# Extrapolated Ozone =  19.9 DU
# 
# Total Ozone = 177.4 DU
# 
# 
# ------------------------------------------------------------
0 , 18 , 984.60 , -6.0 , 45 , 30.68 , 1.749 , 0.018 , 0.00 , 177.43
10 , 67 , 978.34 , -6.7 , 51 , 30.65 , 1.892 , 0.019 , 0.09 , 177.34
20 , 110 , 973.03 , -7.1 , 51 , 30.64 , 1.894 , 0.019 , 0.17 , 177.25
30 , 156 , 967.29 , -7.5 , 50 , 30.65 , 1.893 , 0.020 , 0.26 , 177.17
40 , 191 , 962.96 , -7.9 , 52 , 30.67 , 1.904 , 0.020 , 0.33 , 177.10
50 , 221 , 959.21 , -8.1 , 51 , 30.70 , 1.917 , 0.020 , 0.39 , 177.04
60 , 257 , 954.71 , -8.4 , 49 , 30.73 , 1.907 , 0.020 , 0.46 , 176.97
70 , 302 , 949.18 , -8.8 , 50 , 30.73 , 1.893 , 0.020 , 0.55 , 176.88
80 , 347 , 943.68 , -9.1 , 48 , 30.73 , 1.896 , 0.020 , 0.63 , 176.79
90 , 394 , 938.03 , -9.4 , 46 , 30.77 , 1.859 , 0.020 , 0.72 , 176.71
100 , 440 , 932.46 , -9.8 , 48 , 30.78 , 1.807 , 0.019 , 0.81 , 176.62
110 , 486 , 926.86 , -10.2 , 52 , 30.78 , 1.804 , 0.019 , 0.89 , 176.53
120 , 529 , 921.69 , -10.5 , 53 , 30.79 , 1.809 , 0.020 , 0.97 , 176.45
130 , 578 , 915.93 , -11.0 , 55 , 30.77 , 1.802 , 0.020 , 1.06 , 176.36
140 , 632 , 909.50 , -11.4 , 58 , 30.74 , 1.791 , 0.020 , 1.16 , 176.26
150 , 684 , 903.24 , -11.8 , 60 , 30.72 , 1.780 , 0.020 , 1.26 , 176.17
160 , 731 , 897.75 , -12.2 , 61 , 30.69 , 1.773 , 0.020 , 1.35 , 176.08
170 , 780 , 891.96 , -12.6 , 63 , 30.67 , 1.757 , 0.020 , 1.44 , 175.99
180 , 825 , 886.77 , -12.9 , 64 , 30.66 , 1.748 , 0.020 , 1.52 , 175.91
190 , 875 , 881.01 , -13.4 , 64 , 30.65 , 1.729 , 0.020 , 1.61 , 175.82
200 , 918 , 875.97 , -13.8 , 65 , 30.62 , 1.727 , 0.020 , 1.68 , 175.74
210 , 964 , 870.75 , -14.0 , 66 , 30.56 , 1.706 , 0.020 , 1.76 , 175.66
220 , 1012 , 865.22 , -14.0 , 67 , 30.54 , 1.672 , 0.019 , 1.85 , 175.58
229 , 1057 , 860.11 , -14.3 , 68 , 30.51 , 1.628 , 0.019 , 1.93 , 175.50
239 , 1098 , 855.41 , -14.4 , 66 , 30.49 , 1.608 , 0.019 , 2.00 , 175.43
248 , 1144 , 850.28 , -14.7 , 65 , 30.47 , 1.586 , 0.019 , 2.07 , 175.35
257 , 1193 , 844.76 , -15.1 , 67 , 30.44 , 1.572 , 0.019 , 2.15 , 175.27
267 , 1242 , 839.28 , -15.5 , 70 , 30.38 , 1.563 , 0.019 , 2.23 , 175.19
277 , 1285 , 834.50 , -15.9 , 71 , 30.33 , 1.552 , 0.019 , 2.30 , 175.12
287 , 1337 , 828.84 , -16.4 , 73 , 30.31 , 1.542 , 0.019 , 2.39 , 175.04
297 , 1389 , 823.10 , -16.8 , 75 , 30.33 , 1.539 , 0.019 , 2.47 , 174.95
307 , 1447 , 816.76 , -17.4 , 75 , 30.35 , 1.540 , 0.019 , 2.57 , 174.86
317 , 1506 , 810.34 , -17.6 , 70 , 30.37 , 1.532 , 0.019 , 2.66 , 174.77
327 , 1562 , 804.25 , -17.9 , 68 , 30.34 , 1.539 , 0.019 , 2.75 , 174.67
337 , 1608 , 799.32 , -18.2 , 67 , 30.26 , 1.526 , 0.019 , 2.83 , 174.60
347 , 1659 , 793.93 , -18.5 , 66 , 30.19 , 1.511 , 0.019 , 2.91 , 174.52
357 , 1704 , 789.18 , -18.8 , 64 , 30.11 , 1.496 , 0.019 , 2.98 , 174.45
367 , 1755 , 783.79 , -19.3 , 66 , 30.08 , 1.483 , 0.019 , 3.06 , 174.37
377 , 1806 , 778.40 , -19.6 , 66 , 30.08 , 1.466 , 0.019 , 3.14 , 174.29
387 , 1856 , 773.20 , -20.2 , 70 , 30.05 , 1.459 , 0.019 , 3.22 , 174.21
397 , 1905 , 768.01 , -20.6 , 73 , 30.01 , 1.452 , 0.019 , 3.30 , 174.13
407 , 1950 , 763.38 , -21.0 , 74 , 29.97 , 1.444 , 0.019 , 3.36 , 174.06
417 , 1994 , 758.80 , -21.4 , 73 , 29.94 , 1.434 , 0.019 , 3.43 , 173.99
427 , 2042 , 753.95 , -21.6 , 72 , 29.91 , 1.430 , 0.019 , 3.51 , 173.92
437 , 2087 , 749.36 , -21.9 , 70 , 29.89 , 1.444 , 0.019 , 3.57 , 173.85
447 , 2133 , 744.67 , -22.2 , 67 , 29.88 , 1.447 , 0.019 , 3.65 , 173.78
457 , 2179 , 739.98 , -22.7 , 68 , 29.86 , 1.445 , 0.020 , 3.72 , 173.71
467 , 2227 , 735.21 , -22.9 , 73 , 29.83 , 1.455 , 0.020 , 3.79 , 173.63
477 , 2280 , 729.92 , -22.8 , 71 , 29.84 , 1.453 , 0.020 , 3.87 , 173.55
487 , 2329 , 724.97 , -22.5 , 68 , 29.85 , 1.517 , 0.021 , 3.95 , 173.47
497 , 2372 , 720.78 , -22.7 , 63 , 29.85 , 1.552 , 0.022 , 4.02 , 173.40
507 , 2416 , 716.49 , -23.0 , 61 , 29.81 , 1.586 , 0.022 , 4.10 , 173.33
517 , 2469 , 711.28 , -23.4 , 63 , 29.79 , 1.613 , 0.023 , 4.19 , 173.24
527 , 2519 , 706.43 , -23.6 , 61 , 29.81 , 1.636 , 0.023 , 4.28 , 173.15
537 , 2564 , 702.11 , -24.0 , 59 , 29.78 , 1.660 , 0.024 , 4.36 , 173.07
547 , 2609 , 697.75 , -24.2 , 60 , 29.71 , 1.672 , 0.024 , 4.44 , 172.99
556 , 2657 , 693.21 , -24.4 , 58 , 29.66 , 1.698 , 0.024 , 4.53 , 172.90
565 , 2700 , 689.17 , -24.8 , 57 , 29.62 , 1.722 , 0.025 , 4.61 , 172.82
575 , 2741 , 685.22 , -25.1 , 56 , 29.60 , 1.732 , 0.025 , 4.68 , 172.74
585 , 2783 , 681.24 , -25.5 , 54 , 29.58 , 1.738 , 0.026 , 4.76 , 172.66
595 , 2828 , 677.04 , -25.9 , 59 , 29.55 , 1.723 , 0.025 , 4.85 , 172.58
605 , 2870 , 673.19 , -26.3 , 62 , 29.52 , 1.716 , 0.025 , 4.93 , 172.50
615 , 2914 , 669.10 , -26.5 , 64 , 29.48 , 1.709 , 0.026 , 5.01 , 172.42
625 , 2959 , 664.87 , -26.7 , 68 , 29.46 , 1.721 , 0.026 , 5.09 , 172.33
635 , 3002 , 660.96 , -26.8 , 67 , 29.47 , 1.732 , 0.026 , 5.17 , 172.25
645 , 3045 , 657.04 , -27.1 , 67 , 29.47 , 1.728 , 0.026 , 5.26 , 172.17
655 , 3086 , 653.31 , -27.3 , 67 , 29.46 , 1.738 , 0.027 , 5.33 , 172.09
665 , 3125 , 649.72 , -27.5 , 62 , 29.45 , 1.744 , 0.027 , 5.41 , 172.02
675 , 3165 , 646.20 , -27.6 , 61 , 29.42 , 1.762 , 0.027 , 5.48 , 171.94
685 , 3205 , 642.55 , -27.9 , 64 , 29.39 , 1.775 , 0.028 , 5.56 , 171.86
695 , 3245 , 639.04 , -28.2 , 63 , 29.37 , 1.786 , 0.028 , 5.64 , 171.79
705 , 3283 , 635.59 , -28.5 , 61 , 29.36 , 1.787 , 0.028 , 5.72 , 171.71
715 , 3323 , 632.11 , -28.9 , 62 , 29.37 , 1.782 , 0.028 , 5.79 , 171.63
725 , 3362 , 628.60 , -28.9 , 64 , 29.36 , 1.760 , 0.028 , 5.87 , 171.55
735 , 3406 , 624.76 , -29.2 , 68 , 29.38 , 1.730 , 0.028 , 5.96 , 171.47
745 , 3446 , 621.30 , -29.3 , 69 , 29.36 , 1.716 , 0.028 , 6.03 , 171.39
755 , 3485 , 617.92 , -29.3 , 67 , 29.36 , 1.695 , 0.027 , 6.11 , 171.32
765 , 3538 , 613.35 , -29.4 , 64 , 29.33 , 1.630 , 0.027 , 6.20 , 171.22
775 , 3579 , 609.82 , -29.7 , 64 , 29.33 , 1.623 , 0.027 , 6.28 , 171.15
785 , 3624 , 605.94 , -30.1 , 65 , 29.35 , 1.627 , 0.027 , 6.36 , 171.07
795 , 3677 , 601.45 , -30.5 , 66 , 29.33 , 1.634 , 0.027 , 6.45 , 170.97
805 , 3722 , 597.72 , -30.9 , 69 , 29.30 , 1.664 , 0.028 , 6.54 , 170.89
815 , 3765 , 594.03 , -31.2 , 70 , 29.30 , 1.662 , 0.028 , 6.62 , 170.81
825 , 3809 , 590.37 , -31.7 , 73 , 29.28 , 1.659 , 0.028 , 6.70 , 170.73
834 , 3852 , 586.76 , -31.7 , 75 , 29.29 , 1.637 , 0.028 , 6.78 , 170.65
844 , 3896 , 583.15 , -32.1 , 73 , 29.29 , 1.626 , 0.028 , 6.86 , 170.57
854 , 3940 , 579.53 , -32.4 , 76 , 29.30 , 1.615 , 0.028 , 6.94 , 170.49
864 , 3982 , 576.07 , -32.9 , 82 , 29.31 , 1.605 , 0.028 , 7.01 , 170.41
873 , 4024 , 572.69 , -33.0 , 79 , 29.30 , 1.600 , 0.028 , 7.09 , 170.34
881 , 4054 , 570.18 , -33.2 , 62 , 29.31 , 1.638 , 0.029 , 7.14 , 170.28
892 , 4100 , 566.51 , -32.9 , 22 , 29.33 , 1.741 , 0.031 , 7.23 , 170.20
901 , 4138 , 563.42 , -32.9 , 13 , 29.32 , 1.794 , 0.032 , 7.31 , 170.12
911 , 4179 , 560.14 , -33.0 , 11 , 29.32 , 1.858 , 0.033 , 7.39 , 170.04
921 , 4219 , 556.94 , -33.2 , 12 , 29.33 , 1.880 , 0.034 , 7.47 , 169.95
931 , 4262 , 553.60 , -33.5 , 11 , 29.35 , 1.905 , 0.034 , 7.56 , 169.86
941 , 4310 , 549.79 , -33.8 , 12 , 29.34 , 1.879 , 0.034 , 7.67 , 169.76
951 , 4352 , 546.49 , -34.1 , 13 , 29.35 , 1.886 , 0.035 , 7.76 , 169.67
961 , 4402 , 542.63 , -34.4 , 12 , 29.33 , 1.889 , 0.035 , 7.86 , 169.56
971 , 4456 , 538.45 , -34.7 , 12 , 29.29 , 1.874 , 0.035 , 7.98 , 169.45
981 , 4502 , 534.88 , -34.9 , 10 , 29.25 , 1.857 , 0.035 , 8.07 , 169.35
991 , 4547 , 531.48 , -35.0 , 8 , 29.23 , 1.807 , 0.034 , 8.17 , 169.26
1001 , 4588 , 528.34 , -35.2 , 7 , 29.25 , 1.759 , 0.033 , 8.25 , 169.18
1011 , 4634 , 524.88 , -35.5 , 7 , 29.27 , 1.758 , 0.033 , 8.34 , 169.09
1021 , 4678 , 521.53 , -35.9 , 6 , 29.27 , 1.792 , 0.034 , 8.43 , 169.00
1031 , 4722 , 518.28 , -35.9 , 5 , 29.25 , 1.859 , 0.036 , 8.52 , 168.91
1041 , 4761 , 515.32 , -36.0 , 5 , 29.25 , 1.984 , 0.038 , 8.61 , 168.82
1051 , 4800 , 512.47 , -36.2 , 6 , 29.27 , 1.938 , 0.038 , 8.69 , 168.73
1061 , 4840 , 509.52 , -36.4 , 7 , 29.28 , 1.836 , 0.036 , 8.78 , 168.65
1071 , 4882 , 506.43 , -36.6 , 6 , 29.28 , 1.765 , 0.035 , 8.87 , 168.56
1081 , 4926 , 503.19 , -36.8 , 6 , 29.26 , 1.701 , 0.034 , 8.95 , 168.47
1091 , 4967 , 500.27 , -37.1 , 6 , 29.24 , 1.670 , 0.033 , 9.03 , 168.40
1101 , 5009 , 497.24 , -37.4 , 6 , 29.23 , 1.643 , 0.033 , 9.11 , 168.32
1111 , 5050 , 494.30 , -37.7 , 7 , 29.20 , 1.638 , 0.033 , 9.19 , 168.24
1121 , 5088 , 491.56 , -38.1 , 8 , 29.20 , 1.639 , 0.033 , 9.26 , 168.17
1131 , 5132 , 488.42 , -38.5 , 9 , 29.20 , 1.627 , 0.033 , 9.34 , 168.08
1141 , 5175 , 485.37 , -38.8 , 10 , 29.18 , 1.626 , 0.034 , 9.42 , 168.00
1151 , 5219 , 482.24 , -39.2 , 10 , 29.15 , 1.617 , 0.034 , 9.51 , 167.92
1161 , 5261 , 479.33 , -39.4 , 9 , 29.14 , 1.610 , 0.034 , 9.58 , 167.84
1170 , 5299 , 476.63 , -39.7 , 10 , 29.13 , 1.600 , 0.034 , 9.65 , 167.77
1180 , 5346 , 473.40 , -40.2 , 10 , 29.11 , 1.585 , 0.033 , 9.74 , 167.69
1190 , 5405 , 469.27 , -40.8 , 12 , 29.05 , 1.569 , 0.033 , 9.85 , 167.58
1200 , 5463 , 465.30 , -41.3 , 13 , 28.99 , 1.605 , 0.034 , 9.95 , 167.47
1210 , 5515 , 461.74 , -41.8 , 13 , 28.94 , 1.585 , 0.034 , 10.05 , 167.38
1220 , 5560 , 458.72 , -42.0 , 14 , 28.94 , 1.569 , 0.034 , 10.13 , 167.29
1230 , 5612 , 455.21 , -42.4 , 17 , 28.92 , 1.537 , 0.034 , 10.23 , 167.20
1240 , 5655 , 452.26 , -42.6 , 17 , 28.89 , 1.506 , 0.033 , 10.31 , 167.12
1250 , 5697 , 449.49 , -43.1 , 17 , 28.90 , 1.483 , 0.033 , 10.38 , 167.05
1260 , 5745 , 446.29 , -43.5 , 18 , 28.88 , 1.468 , 0.033 , 10.46 , 166.97
1270 , 5791 , 443.27 , -43.9 , 18 , 28.87 , 1.452 , 0.033 , 10.54 , 166.89
1280 , 5837 , 440.21 , -44.2 , 19 , 28.85 , 1.448 , 0.033 , 10.62 , 166.81
1290 , 5880 , 437.40 , -44.6 , 18 , 28.83 , 1.434 , 0.033 , 10.69 , 166.74
1300 , 5922 , 434.66 , -45.0 , 18 , 28.82 , 1.429 , 0.033 , 10.76 , 166.66
1310 , 5966 , 431.82 , -45.2 , 18 , 28.79 , 1.414 , 0.033 , 10.84 , 166.59
1320 , 6014 , 428.72 , -45.7 , 18 , 28.77 , 1.399 , 0.033 , 10.92 , 166.51
1330 , 6057 , 425.93 , -46.0 , 19 , 28.74 , 1.386 , 0.033 , 10.99 , 166.44
1340 , 6100 , 423.16 , -46.4 , 20 , 28.72 , 1.366 , 0.032 , 11.06 , 166.37
1350 , 6150 , 420.01 , -46.8 , 20 , 28.70 , 1.354 , 0.032 , 11.14 , 166.29
1360 , 6193 , 417.31 , -47.2 , 21 , 28.66 , 1.335 , 0.032 , 11.21 , 166.22
1370 , 6241 , 414.26 , -47.6 , 21 , 28.64 , 1.333 , 0.032 , 11.28 , 166.14
1380 , 6295 , 410.88 , -48.0 , 21 , 28.61 , 1.341 , 0.033 , 11.37 , 166.06
1390 , 6342 , 408.00 , -48.3 , 20 , 28.58 , 1.355 , 0.033 , 11.45 , 165.98
1400 , 6381 , 405.53 , -48.6 , 20 , 28.56 , 1.344 , 0.033 , 11.51 , 165.92
1410 , 6424 , 402.94 , -48.9 , 20 , 28.54 , 1.334 , 0.033 , 11.58 , 165.85
1420 , 6469 , 400.16 , -49.3 , 20 , 28.51 , 1.341 , 0.034 , 11.65 , 165.78
1430 , 6520 , 397.07 , -49.7 , 20 , 28.47 , 1.342 , 0.034 , 11.73 , 165.69
1440 , 6564 , 394.41 , -50.1 , 20 , 28.43 , 1.353 , 0.034 , 11.80 , 165.62
1450 , 6610 , 391.59 , -50.5 , 21 , 28.40 , 1.350 , 0.034 , 11.88 , 165.55
1460 , 6660 , 388.59 , -50.7 , 21 , 28.36 , 1.381 , 0.036 , 11.96 , 165.46
1470 , 6702 , 386.13 , -50.8 , 19 , 28.34 , 1.443 , 0.037 , 12.03 , 165.39
1479 , 6743 , 383.72 , -51.2 , 18 , 28.32 , 1.473 , 0.038 , 12.11 , 165.32
1489 , 6786 , 381.18 , -51.5 , 18 , 28.30 , 1.466 , 0.038 , 12.18 , 165.24
1499 , 6826 , 378.82 , -51.9 , 17 , 28.27 , 1.460 , 0.039 , 12.26 , 165.17
1509 , 6866 , 376.49 , -52.1 , 17 , 28.26 , 1.480 , 0.039 , 12.33 , 165.10
1519 , 6913 , 373.75 , -52.4 , 17 , 28.23 , 1.465 , 0.039 , 12.41 , 165.01
1529 , 6958 , 371.18 , -52.7 , 18 , 28.20 , 1.429 , 0.038 , 12.49 , 164.94
1539 , 7005 , 368.47 , -53.0 , 19 , 28.17 , 1.391 , 0.038 , 12.57 , 164.85
1549 , 7045 , 366.19 , -53.3 , 20 , 28.14 , 1.360 , 0.037 , 12.64 , 164.79
1559 , 7092 , 363.50 , -53.7 , 20 , 28.11 , 1.345 , 0.037 , 12.72 , 164.71
1569 , 7140 , 360.80 , -53.9 , 21 , 28.07 , 1.325 , 0.037 , 12.80 , 164.63
1579 , 7186 , 358.23 , -54.2 , 21 , 28.04 , 1.332 , 0.037 , 12.87 , 164.55
1589 , 7229 , 355.83 , -54.5 , 21 , 28.00 , 1.328 , 0.037 , 12.94 , 164.48
1599 , 7274 , 353.33 , -54.8 , 21 , 27.97 , 1.328 , 0.038 , 13.02 , 164.41
1609 , 7320 , 350.79 , -55.1 , 21 , 27.94 , 1.333 , 0.038 , 13.09 , 164.33
1619 , 7365 , 348.32 , -55.4 , 21 , 27.91 , 1.338 , 0.038 , 13.17 , 164.26
1629 , 7406 , 346.10 , -55.7 , 21 , 27.88 , 1.344 , 0.039 , 13.23 , 164.19
1639 , 7450 , 343.70 , -55.9 , 20 , 27.85 , 1.343 , 0.039 , 13.31 , 164.12
1649 , 7495 , 341.30 , -56.1 , 20 , 27.82 , 1.345 , 0.039 , 13.38 , 164.04
1659 , 7536 , 339.09 , -56.4 , 20 , 27.78 , 1.345 , 0.040 , 13.45 , 163.98
1669 , 7587 , 336.39 , -56.7 , 19 , 27.74 , 1.340 , 0.040 , 13.54 , 163.89
1679 , 7632 , 333.98 , -57.0 , 18 , 27.71 , 1.323 , 0.040 , 13.61 , 163.82
1689 , 7677 , 331.61 , -57.4 , 17 , 27.68 , 1.307 , 0.039 , 13.69 , 163.74
1699 , 7719 , 329.42 , -57.7 , 16 , 27.65 , 1.306 , 0.040 , 13.75 , 163.67
1709 , 7759 , 327.33 , -58.1 , 16 , 27.61 , 1.298 , 0.040 , 13.82 , 163.61
1719 , 7800 , 325.24 , -58.4 , 16 , 27.57 , 1.293 , 0.040 , 13.88 , 163.54
1729 , 7840 , 323.15 , -58.6 , 16 , 27.54 , 1.292 , 0.040 , 13.95 , 163.48
1739 , 7887 , 320.76 , -58.9 , 16 , 27.51 , 1.282 , 0.040 , 14.03 , 163.40
1749 , 7930 , 318.54 , -59.4 , 15 , 27.47 , 1.269 , 0.040 , 14.10 , 163.33
1759 , 7971 , 316.45 , -59.7 , 15 , 27.44 , 1.249 , 0.039 , 14.16 , 163.27
1769 , 8015 , 314.26 , -60.0 , 16 , 27.41 , 1.262 , 0.040 , 14.23 , 163.20
1778 , 8060 , 311.99 , -60.4 , 17 , 27.37 , 1.265 , 0.041 , 14.30 , 163.12
1788 , 8097 , 310.13 , -60.7 , 17 , 27.34 , 1.270 , 0.041 , 14.36 , 163.06
1798 , 8136 , 308.18 , -60.9 , 18 , 27.31 , 1.280 , 0.042 , 14.43 , 163.00
1808 , 8178 , 306.11 , -61.2 , 19 , 27.27 , 1.274 , 0.042 , 14.49 , 162.93
1818 , 8219 , 304.10 , -61.5 , 19 , 27.24 , 1.263 , 0.042 , 14.56 , 162.87
1828 , 8260 , 302.10 , -61.9 , 19 , 27.19 , 1.260 , 0.042 , 14.63 , 162.80
1838 , 8299 , 300.17 , -62.2 , 20 , 27.16 , 1.262 , 0.042 , 14.69 , 162.74
1848 , 8336 , 298.37 , -62.3 , 20 , 27.12 , 1.260 , 0.042 , 14.75 , 162.68
1858 , 8377 , 296.43 , -62.6 , 19 , 27.09 , 1.275 , 0.043 , 14.81 , 162.61
1868 , 8416 , 294.54 , -62.9 , 20 , 27.05 , 1.293 , 0.044 , 14.88 , 162.55
1878 , 8457 , 292.59 , -63.1 , 20 , 27.01 , 1.307 , 0.045 , 14.95 , 162.48
1888 , 8498 , 290.63 , -63.1 , 20 , 26.97 , 1.334 , 0.046 , 15.02 , 162.41
1898 , 8539 , 288.69 , -63.3 , 20 , 26.93 , 1.325 , 0.046 , 15.09 , 162.34
1908 , 8578 , 286.87 , -63.5 , 21 , 26.90 , 1.291 , 0.045 , 15.15 , 162.27
1918 , 8614 , 285.19 , -63.7 , 22 , 26.86 , 1.273 , 0.045 , 15.21 , 162.21
1928 , 8651 , 283.51 , -63.9 , 22 , 26.81 , 1.259 , 0.044 , 15.27 , 162.16
1938 , 8693 , 281.55 , -64.3 , 23 , 26.77 , 1.267 , 0.045 , 15.34 , 162.09
1948 , 8731 , 279.79 , -64.5 , 23 , 26.73 , 1.310 , 0.047 , 15.40 , 162.02
1958 , 8769 , 278.06 , -64.7 , 22 , 26.69 , 1.394 , 0.050 , 15.47 , 161.96
1968 , 8807 , 276.33 , -64.9 , 22 , 26.65 , 1.507 , 0.055 , 15.54 , 161.89
1978 , 8847 , 274.54 , -65.0 , 22 , 26.61 , 1.613 , 0.059 , 15.62 , 161.81
1988 , 8889 , 272.66 , -64.9 , 21 , 26.56 , 1.780 , 0.065 , 15.71 , 161.71
1998 , 8929 , 270.86 , -65.1 , 21 , 26.53 , 1.941 , 0.072 , 15.81 , 161.62
2008 , 8970 , 269.02 , -65.1 , 21 , 26.49 , 2.086 , 0.078 , 15.92 , 161.51
2018 , 9013 , 267.16 , -65.3 , 21 , 26.44 , 2.195 , 0.082 , 16.04 , 161.39
2028 , 9054 , 265.37 , -65.3 , 21 , 26.40 , 2.292 , 0.086 , 16.16 , 161.27
2038 , 9097 , 263.50 , -65.4 , 20 , 26.36 , 2.355 , 0.089 , 16.28 , 161.14
2048 , 9138 , 261.70 , -65.5 , 20 , 26.32 , 2.343 , 0.090 , 16.41 , 161.01
2058 , 9180 , 259.92 , -65.5 , 19 , 26.28 , 2.323 , 0.089 , 16.54 , 160.89
2068 , 9222 , 258.13 , -65.6 , 18 , 26.24 , 2.372 , 0.092 , 16.67 , 160.76
2078 , 9263 , 256.37 , -65.6 , 18 , 26.20 , 2.480 , 0.097 , 16.80 , 160.63
2087 , 9305 , 254.63 , -65.7 , 18 , 26.16 , 2.580 , 0.101 , 16.93 , 160.49
2096 , 9347 , 252.86 , -65.7 , 17 , 26.12 , 2.661 , 0.105 , 17.08 , 160.35
2106 , 9388 , 251.15 , -65.8 , 17 , 26.08 , 2.739 , 0.109 , 17.22 , 160.21
2116 , 9430 , 249.42 , -65.7 , 17 , 26.04 , 2.805 , 0.112 , 17.37 , 160.05
2126 , 9472 , 247.73 , -65.7 , 16 , 26.00 , 2.878 , 0.116 , 17.53 , 159.90
2136 , 9512 , 246.09 , -65.7 , 15 , 25.96 , 2.959 , 0.120 , 17.68 , 159.75
2146 , 9551 , 244.49 , -65.6 , 15 , 25.92 , 3.080 , 0.126 , 17.83 , 159.59
2156 , 9592 , 242.86 , -65.6 , 14 , 25.88 , 3.185 , 0.131 , 18.00 , 159.43
2166 , 9632 , 241.26 , -65.6 , 14 , 25.83 , 3.304 , 0.137 , 18.17 , 159.26
2176 , 9672 , 239.69 , -65.6 , 13 , 25.79 , 3.387 , 0.141 , 18.34 , 159.09
2186 , 9708 , 238.27 , -65.4 , 13 , 25.75 , 3.467 , 0.146 , 18.50 , 158.93
2196 , 9746 , 236.78 , -65.4 , 12 , 25.71 , 3.567 , 0.151 , 18.68 , 158.75
2206 , 9786 , 235.25 , -65.4 , 11 , 25.66 , 3.683 , 0.157 , 18.86 , 158.57
2216 , 9823 , 233.79 , -65.4 , 11 , 25.62 , 3.792 , 0.162 , 19.04 , 158.38
2226 , 9862 , 232.32 , -65.3 , 10 , 25.57 , 3.900 , 0.168 , 19.24 , 158.19
2236 , 9900 , 230.87 , -65.4 , 10 , 25.52 , 3.936 , 0.170 , 19.43 , 158.00
2245 , 9935 , 229.56 , -65.5 , 10 , 25.48 , 3.967 , 0.173 , 19.61 , 157.82
2255 , 9969 , 228.27 , -65.4 , 9 , 25.44 , 4.046 , 0.177 , 19.79 , 157.64
2265 , 10006 , 226.88 , -65.3 , 9 , 25.40 , 4.094 , 0.180 , 19.98 , 157.45
2275 , 10044 , 225.47 , -65.3 , 9 , 25.35 , 4.097 , 0.182 , 20.18 , 157.24
2285 , 10080 , 224.14 , -65.1 , 9 , 25.31 , 4.153 , 0.185 , 20.37 , 157.05
2295 , 10119 , 222.70 , -65.3 , 8 , 25.27 , 4.188 , 0.188 , 20.59 , 156.84
2305 , 10159 , 221.26 , -65.4 , 8 , 25.22 , 4.259 , 0.193 , 20.80 , 156.62
2315 , 10198 , 219.83 , -65.6 , 8 , 25.17 , 4.347 , 0.198 , 21.02 , 156.40
2325 , 10239 , 218.37 , -65.7 , 8 , 25.13 , 4.422 , 0.203 , 21.26 , 156.17
2335 , 10279 , 216.90 , -65.5 , 8 , 25.09 , 4.540 , 0.209 , 21.49 , 155.93
2345 , 10320 , 215.48 , -65.2 , 7 , 25.04 , 4.662 , 0.216 , 21.73 , 155.69
2355 , 10361 , 214.00 , -65.1 , 7 , 25.00 , 4.749 , 0.222 , 21.99 , 155.44
2365 , 10402 , 212.57 , -64.8 , 7 , 24.96 , 4.819 , 0.227 , 22.24 , 155.19
2375 , 10443 , 211.15 , -64.6 , 7 , 24.92 , 4.858 , 0.230 , 22.50 , 154.93
2385 , 10485 , 209.71 , -64.7 , 7 , 24.87 , 4.912 , 0.234 , 22.76 , 154.67
2394 , 10523 , 208.40 , -64.7 , 7 , 24.83 , 4.932 , 0.237 , 23.00 , 154.42
2404 , 10563 , 207.05 , -64.8 , 6 , 24.79 , 4.963 , 0.240 , 23.26 , 154.17
2414 , 10606 , 205.60 , -64.9 , 6 , 24.74 , 4.960 , 0.241 , 23.53 , 153.89
2424 , 10649 , 204.14 , -64.9 , 6 , 24.69 , 4.986 , 0.244 , 23.81 , 153.61
2434 , 10690 , 202.76 , -64.9 , 6 , 24.65 , 5.051 , 0.249 , 24.08 , 153.35
2444 , 10730 , 201.45 , -65.1 , 6 , 24.61 , 5.073 , 0.252 , 24.34 , 153.09
2454 , 10769 , 200.15 , -65.1 , 6 , 24.58 , 5.082 , 0.254 , 24.60 , 152.83
2464 , 10810 , 198.83 , -65.2 , 6 , 24.54 , 5.092 , 0.256 , 24.87 , 152.56
2474 , 10849 , 197.56 , -65.2 , 5 , 24.50 , 5.125 , 0.259 , 25.12 , 152.30
2484 , 10887 , 196.31 , -65.2 , 5 , 24.45 , 5.244 , 0.267 , 25.38 , 152.04
2494 , 10925 , 195.09 , -65.1 , 5 , 24.41 , 5.182 , 0.266 , 25.64 , 151.79
2504 , 10963 , 193.88 , -65.3 , 5 , 24.36 , 5.091 , 0.263 , 25.89 , 151.54
2514 , 11001 , 192.67 , -65.3 , 5 , 24.32 , 4.993 , 0.259 , 26.14 , 151.29
2524 , 11040 , 191.45 , -65.5 , 5 , 24.27 , 4.979 , 0.260 , 26.39 , 151.04
2534 , 11078 , 190.25 , -65.6 , 5 , 24.23 , 4.953 , 0.260 , 26.64 , 150.79
2544 , 11115 , 189.10 , -65.7 , 5 , 24.19 , 4.935 , 0.261 , 26.88 , 150.55
2554 , 11151 , 187.98 , -65.9 , 5 , 24.15 , 4.926 , 0.262 , 27.11 , 150.32
2564 , 11188 , 186.82 , -65.7 , 5 , 24.11 , 4.912 , 0.263 , 27.34 , 150.08
2574 , 11225 , 185.70 , -65.7 , 5 , 24.06 , 4.883 , 0.263 , 27.58 , 149.85
2584 , 11263 , 184.55 , -65.8 , 5 , 24.01 , 4.940 , 0.268 , 27.82 , 149.61
2594 , 11301 , 183.39 , -65.8 , 5 , 23.97 , 4.970 , 0.271 , 28.07 , 149.36
2604 , 11340 , 182.22 , -65.8 , 4 , 23.93 , 4.937 , 0.271 , 28.32 , 149.11
2614 , 11379 , 181.04 , -65.9 , 4 , 23.89 , 4.937 , 0.273 , 28.57 , 148.86
2624 , 11418 , 179.89 , -65.7 , 4 , 23.84 , 4.929 , 0.274 , 28.82 , 148.61
2634 , 11458 , 178.71 , -65.6 , 4 , 23.79 , 4.929 , 0.276 , 29.07 , 148.35
2644 , 11498 , 177.55 , -65.4 , 4 , 23.76 , 4.939 , 0.278 , 29.33 , 148.10
2654 , 11538 , 176.37 , -65.2 , 4 , 23.71 , 4.979 , 0.282 , 29.59 , 147.84
2664 , 11579 , 175.18 , -65.3 , 4 , 23.67 , 5.009 , 0.286 , 29.85 , 147.57
2674 , 11619 , 174.04 , -65.3 , 4 , 23.62 , 5.022 , 0.289 , 30.11 , 147.31
2684 , 11661 , 172.85 , -65.4 , 4 , 23.58 , 4.986 , 0.288 , 30.38 , 147.04
2694 , 11701 , 171.70 , -65.6 , 4 , 23.54 , 5.014 , 0.292 , 30.65 , 146.78
2703 , 11740 , 170.62 , -65.7 , 4 , 23.51 , 4.941 , 0.290 , 30.90 , 146.53
2713 , 11778 , 169.56 , -65.7 , 3 , 23.48 , 4.908 , 0.289 , 31.14 , 146.29
2723 , 11819 , 168.40 , -65.6 , 3 , 23.43 , 4.835 , 0.287 , 31.40 , 146.03
2733 , 11860 , 167.27 , -65.6 , 3 , 23.38 , 4.688 , 0.280 , 31.65 , 145.77
2743 , 11901 , 166.15 , -65.7 , 3 , 23.34 , 4.550 , 0.274 , 31.90 , 145.53
2753 , 11944 , 164.98 , -65.7 , 3 , 23.31 , 4.432 , 0.269 , 32.15 , 145.28
2763 , 11987 , 163.82 , -65.8 , 3 , 23.27 , 4.345 , 0.265 , 32.39 , 145.03
2773 , 12029 , 162.68 , -65.7 , 3 , 23.23 , 4.272 , 0.263 , 32.63 , 144.79
2783 , 12070 , 161.60 , -65.7 , 3 , 23.19 , 4.165 , 0.258 , 32.85 , 144.57
2793 , 12110 , 160.53 , -65.7 , 3 , 23.15 , 4.097 , 0.255 , 33.07 , 144.36
2803 , 12150 , 159.47 , -65.9 , 3 , 23.12 , 4.100 , 0.257 , 33.28 , 144.14
2813 , 12191 , 158.39 , -66.0 , 3 , 23.07 , 4.097 , 0.259 , 33.50 , 143.92
2823 , 12238 , 157.16 , -65.7 , 3 , 23.03 , 4.100 , 0.261 , 33.76 , 143.67
2833 , 12288 , 155.89 , -65.5 , 3 , 23.00 , 4.116 , 0.264 , 34.02 , 143.41
2843 , 12329 , 154.83 , -66.1 , 3 , 22.96 , 4.128 , 0.267 , 34.24 , 143.19
2853 , 12369 , 153.81 , -66.0 , 3 , 22.92 , 4.138 , 0.269 , 34.46 , 142.97
2863 , 12410 , 152.78 , -66.0 , 3 , 22.88 , 4.057 , 0.266 , 34.67 , 142.75
2873 , 12450 , 151.77 , -65.9 , 3 , 22.83 , 4.066 , 0.268 , 34.89 , 142.54
2883 , 12493 , 150.71 , -65.9 , 3 , 22.79 , 4.197 , 0.278 , 35.12 , 142.31
2893 , 12534 , 149.69 , -66.0 , 3 , 22.76 , 4.368 , 0.292 , 35.34 , 142.08
2903 , 12575 , 148.68 , -66.1 , 3 , 22.72 , 4.463 , 0.300 , 35.58 , 141.85
2913 , 12616 , 147.68 , -65.9 , 3 , 22.69 , 4.466 , 0.302 , 35.82 , 141.61
2923 , 12658 , 146.66 , -65.8 , 3 , 22.65 , 4.446 , 0.303 , 36.06 , 141.37
2933 , 12700 , 145.66 , -65.8 , 3 , 22.61 , 4.334 , 0.298 , 36.30 , 141.13
2943 , 12742 , 144.64 , -65.9 , 3 , 22.57 , 4.122 , 0.285 , 36.53 , 140.89
2953 , 12785 , 143.63 , -66.1 , 2 , 22.53 , 3.916 , 0.273 , 36.76 , 140.67
2963 , 12828 , 142.61 , -66.0 , 2 , 22.49 , 3.596 , 0.252 , 36.97 , 140.46
2973 , 12872 , 141.57 , -66.3 , 2 , 22.44 , 3.218 , 0.227 , 37.16 , 140.26
2983 , 12916 , 140.54 , -66.4 , 2 , 22.39 , 2.848 , 0.203 , 37.34 , 140.09
2993 , 12960 , 139.54 , -66.4 , 2 , 22.35 , 2.470 , 0.177 , 37.49 , 139.94
3002 , 13002 , 138.57 , -66.4 , 2 , 22.31 , 2.263 , 0.163 , 37.62 , 139.81
3012 , 13044 , 137.60 , -66.5 , 2 , 22.27 , 2.161 , 0.157 , 37.74 , 139.69
3022 , 13088 , 136.60 , -66.4 , 2 , 22.23 , 2.074 , 0.152 , 37.86 , 139.56
3032 , 13131 , 135.63 , -66.4 , 2 , 22.19 , 2.009 , 0.148 , 37.98 , 139.45
3042 , 13173 , 134.71 , -66.3 , 2 , 22.15 , 2.100 , 0.156 , 38.09 , 139.34
3052 , 13213 , 133.81 , -66.2 , 2 , 22.12 , 2.304 , 0.172 , 38.20 , 139.22
3062 , 13254 , 132.91 , -66.2 , 2 , 22.09 , 2.379 , 0.179 , 38.33 , 139.10
3072 , 13295 , 132.01 , -66.3 , 2 , 22.06 , 2.380 , 0.180 , 38.46 , 138.97
3082 , 13336 , 131.13 , -66.3 , 2 , 22.03 , 2.500 , 0.191 , 38.59 , 138.84
3092 , 13378 , 130.23 , -66.1 , 2 , 21.98 , 2.607 , 0.200 , 38.73 , 138.70
3102 , 13423 , 129.26 , -66.1 , 2 , 21.93 , 2.509 , 0.194 , 38.88 , 138.55
3112 , 13466 , 128.34 , -66.5 , 2 , 21.89 , 2.365 , 0.184 , 39.01 , 138.41
3122 , 13510 , 127.41 , -66.8 , 2 , 21.85 , 2.227 , 0.175 , 39.14 , 138.28
3132 , 13554 , 126.49 , -66.9 , 2 , 21.81 , 2.111 , 0.167 , 39.27 , 138.16
3142 , 13595 , 125.62 , -67.1 , 2 , 21.78 , 2.082 , 0.166 , 39.38 , 138.04
3152 , 13634 , 124.82 , -67.1 , 2 , 21.74 , 2.101 , 0.168 , 39.49 , 137.94
3162 , 13672 , 124.04 , -67.0 , 2 , 21.70 , 2.171 , 0.175 , 39.59 , 137.83
3172 , 13711 , 123.23 , -67.1 , 2 , 21.67 , 2.270 , 0.184 , 39.71 , 137.72
3182 , 13752 , 122.41 , -67.1 , 2 , 21.63 , 2.343 , 0.191 , 39.83 , 137.60
3192 , 13790 , 121.64 , -66.8 , 2 , 21.59 , 2.438 , 0.200 , 39.95 , 137.48
3202 , 13828 , 120.86 , -66.9 , 2 , 21.55 , 2.594 , 0.215 , 40.08 , 137.35
3212 , 13869 , 120.06 , -66.8 , 2 , 21.51 , 2.848 , 0.237 , 40.22 , 137.21
3222 , 13908 , 119.27 , -66.6 , 2 , 21.49 , 3.216 , 0.270 , 40.38 , 137.05
3232 , 13949 , 118.48 , -66.7 , 2 , 21.46 , 3.590 , 0.303 , 40.56 , 136.87
3242 , 13991 , 117.65 , -66.8 , 2 , 21.42 , 3.927 , 0.334 , 40.77 , 136.66
3252 , 14032 , 116.86 , -66.7 , 2 , 21.38 , 4.444 , 0.380 , 40.99 , 136.44
3262 , 14073 , 116.07 , -66.5 , 2 , 21.34 , 4.810 , 0.414 , 41.23 , 136.19
3272 , 14116 , 115.26 , -66.3 , 2 , 21.31 , 4.375 , 0.380 , 41.49 , 135.94
3282 , 14159 , 114.43 , -66.6 , 2 , 21.27 , 3.443 , 0.301 , 41.71 , 135.71
3292 , 14201 , 113.65 , -66.7 , 2 , 21.23 , 2.770 , 0.244 , 41.88 , 135.55
3302 , 14245 , 112.82 , -66.6 , 2 , 21.19 , 2.387 , 0.212 , 42.03 , 135.40
3311 , 14286 , 112.05 , -66.4 , 2 , 21.16 , 2.109 , 0.188 , 42.15 , 135.28
3321 , 14330 , 111.25 , -66.3 , 2 , 21.12 , 1.902 , 0.171 , 42.26 , 135.16
3331 , 14373 , 110.45 , -66.4 , 2 , 21.09 , 1.776 , 0.161 , 42.37 , 135.06
3341 , 14418 , 109.64 , -66.4 , 2 , 21.05 , 1.675 , 0.153 , 42.47 , 134.96
3351 , 14464 , 108.81 , -66.5 , 2 , 21.02 , 1.626 , 0.149 , 42.57 , 134.86
3361 , 14509 , 108.00 , -66.5 , 2 , 20.98 , 1.581 , 0.146 , 42.66 , 134.76
3371 , 14553 , 107.22 , -66.5 , 2 , 20.95 , 1.568 , 0.146 , 42.75 , 134.67
3381 , 14596 , 106.46 , -66.7 , 2 , 20.91 , 1.612 , 0.151 , 42.84 , 134.58
3391 , 14637 , 105.74 , -66.8 , 2 , 20.88 , 1.634 , 0.155 , 42.93 , 134.50
3401 , 14678 , 105.01 , -66.9 , 2 , 20.85 , 1.650 , 0.157 , 43.02 , 134.41
3411 , 14720 , 104.30 , -67.0 , 2 , 20.82 , 1.712 , 0.164 , 43.11 , 134.32
3421 , 14761 , 103.58 , -66.7 , 2 , 20.78 , 1.858 , 0.179 , 43.21 , 134.22
3431 , 14803 , 102.88 , -66.6 , 2 , 20.75 , 2.128 , 0.207 , 43.31 , 134.11
3441 , 14843 , 102.20 , -66.5 , 2 , 20.72 , 2.353 , 0.230 , 43.43 , 134.00
3451 , 14882 , 101.54 , -66.6 , 2 , 20.69 , 2.473 , 0.244 , 43.55 , 133.87
3461 , 14922 , 100.86 , -66.5 , 2 , 20.65 , 2.623 , 0.260 , 43.69 , 133.74
3471 , 14963 , 100.18 , -66.5 , 2 , 20.62 , 2.820 , 0.282 , 43.83 , 133.59
3481 , 15002 , 99.54 , -66.3 , 2 , 20.59 , 2.895 , 0.291 , 43.98 , 133.45
3491 , 15042 , 98.88 , -66.1 , 2 , 20.56 , 2.787 , 0.282 , 44.13 , 133.30
3501 , 15083 , 98.22 , -66.1 , 2 , 20.52 , 2.544 , 0.259 , 44.27 , 133.16
3511 , 15123 , 97.56 , -66.3 , 2 , 20.49 , 2.287 , 0.234 , 44.40 , 133.03
3521 , 15164 , 96.91 , -66.3 , 2 , 20.46 , 1.994 , 0.206 , 44.51 , 132.92
3531 , 15207 , 96.24 , -66.2 , 2 , 20.43 , 1.778 , 0.185 , 44.61 , 132.81
3541 , 15249 , 95.56 , -66.2 , 2 , 20.40 , 1.746 , 0.183 , 44.71 , 132.71
3551 , 15291 , 94.91 , -65.9 , 2 , 20.37 , 1.884 , 0.199 , 44.81 , 132.62
3561 , 15333 , 94.25 , -66.1 , 2 , 20.34 , 2.076 , 0.220 , 44.92 , 132.51
3571 , 15374 , 93.61 , -66.1 , 2 , 20.30 , 2.124 , 0.227 , 45.03 , 132.39
3581 , 15417 , 92.95 , -66.1 , 2 , 20.27 , 1.991 , 0.214 , 45.15 , 132.28
3591 , 15459 , 92.32 , -66.1 , 2 , 20.24 , 1.703 , 0.185 , 45.25 , 132.18
3601 , 15500 , 91.68 , -66.1 , 2 , 20.21 , 1.386 , 0.151 , 45.33 , 132.10
3610 , 15542 , 91.06 , -66.1 , 2 , 20.18 , 1.181 , 0.130 , 45.40 , 132.03
3620 , 15583 , 90.44 , -66.2 , 2 , 20.15 , 1.063 , 0.118 , 45.46 , 131.97
3630 , 15626 , 89.79 , -66.1 , 2 , 20.12 , 0.986 , 0.110 , 45.52 , 131.91
3640 , 15671 , 89.14 , -65.9 , 2 , 20.08 , 0.958 , 0.107 , 45.57 , 131.85
3650 , 15716 , 88.48 , -65.8 , 2 , 20.05 , 0.949 , 0.107 , 45.63 , 131.80
3660 , 15761 , 87.83 , -65.5 , 2 , 20.02 , 0.968 , 0.110 , 45.69 , 131.74
3670 , 15806 , 87.18 , -65.2 , 2 , 19.99 , 1.002 , 0.115 , 45.74 , 131.68
3680 , 15851 , 86.53 , -65.3 , 1 , 19.96 , 1.033 , 0.119 , 45.80 , 131.62
3690 , 15896 , 85.90 , -65.2 , 1 , 19.94 , 1.067 , 0.124 , 45.86 , 131.56
3700 , 15940 , 85.28 , -65.2 , 1 , 19.91 , 1.140 , 0.134 , 45.93 , 131.50
3710 , 15985 , 84.65 , -65.2 , 1 , 19.88 , 1.251 , 0.148 , 46.00 , 131.43
3720 , 16031 , 84.01 , -65.0 , 1 , 19.86 , 1.457 , 0.173 , 46.08 , 131.35
3730 , 16077 , 83.38 , -64.8 , 1 , 19.83 , 1.782 , 0.214 , 46.17 , 131.25
3740 , 16122 , 82.77 , -64.6 , 1 , 19.80 , 2.186 , 0.264 , 46.29 , 131.14
3750 , 16168 , 82.14 , -64.6 , 1 , 19.77 , 2.636 , 0.321 , 46.43 , 130.99
3760 , 16214 , 81.53 , -64.5 , 1 , 19.74 , 3.031 , 0.372 , 46.60 , 130.83
3770 , 16257 , 80.95 , -64.4 , 1 , 19.71 , 3.348 , 0.414 , 46.78 , 130.65
3780 , 16301 , 80.37 , -64.3 , 1 , 19.69 , 3.411 , 0.424 , 46.97 , 130.45
3790 , 16346 , 79.79 , -64.1 , 1 , 19.66 , 3.224 , 0.404 , 47.16 , 130.27
3800 , 16391 , 79.20 , -63.8 , 1 , 19.63 , 2.932 , 0.370 , 47.34 , 130.08
3810 , 16437 , 78.61 , -63.6 , 1 , 19.60 , 2.720 , 0.346 , 47.51 , 129.92
3820 , 16483 , 78.03 , -63.4 , 1 , 19.57 , 2.836 , 0.364 , 47.67 , 129.76
3830 , 16526 , 77.49 , -63.6 , 1 , 19.55 , 3.031 , 0.391 , 47.83 , 129.59
3840 , 16570 , 76.93 , -63.7 , 1 , 19.52 , 3.118 , 0.405 , 48.01 , 129.42
3850 , 16614 , 76.38 , -63.8 , 1 , 19.49 , 3.003 , 0.393 , 48.18 , 129.24
3860 , 16660 , 75.81 , -63.9 , 1 , 19.47 , 2.803 , 0.370 , 48.35 , 129.07
3870 , 16704 , 75.26 , -63.9 , 1 , 19.44 , 2.483 , 0.330 , 48.51 , 128.92
3880 , 16749 , 74.71 , -63.9 , 1 , 19.41 , 2.107 , 0.282 , 48.64 , 128.79
3890 , 16794 , 74.17 , -63.8 , 1 , 19.38 , 1.923 , 0.259 , 48.75 , 128.67
3900 , 16838 , 73.63 , -63.6 , 1 , 19.36 , 1.755 , 0.238 , 48.86 , 128.57
3910 , 16882 , 73.11 , -63.5 , 1 , 19.33 , 1.676 , 0.229 , 48.96 , 128.47
3919 , 16925 , 72.60 , -63.4 , 1 , 19.30 , 1.626 , 0.224 , 49.05 , 128.38
3929 , 16967 , 72.10 , -63.4 , 1 , 19.28 , 1.581 , 0.219 , 49.13 , 128.29
3939 , 17013 , 71.57 , -63.4 , 1 , 19.25 , 1.571 , 0.220 , 49.23 , 128.20
3949 , 17057 , 71.06 , -63.3 , 1 , 19.23 , 1.841 , 0.259 , 49.32 , 128.10
3959 , 17100 , 70.56 , -63.3 , 1 , 19.21 , 2.393 , 0.339 , 49.44 , 127.99
3969 , 17144 , 70.05 , -63.4 , 1 , 19.18 , 2.642 , 0.377 , 49.58 , 127.84
3979 , 17187 , 69.56 , -63.2 , 1 , 19.16 , 2.601 , 0.374 , 49.73 , 127.70
3989 , 17231 , 69.07 , -62.9 , 1 , 19.13 , 2.720 , 0.394 , 49.88 , 127.55
3999 , 17275 , 68.57 , -62.9 , 1 , 19.11 , 2.934 , 0.428 , 50.04 , 127.39
4009 , 17320 , 68.08 , -62.8 , 1 , 19.09 , 2.954 , 0.434 , 50.21 , 127.22
4019 , 17362 , 67.61 , -62.8 , 1 , 19.07 , 2.815 , 0.416 , 50.36 , 127.06
4029 , 17407 , 67.13 , -63.0 , 1 , 19.04 , 2.481 , 0.370 , 50.51 , 126.91
4039 , 17451 , 66.65 , -62.8 , 1 , 19.02 , 2.024 , 0.304 , 50.64 , 126.79
4049 , 17496 , 66.16 , -62.8 , 1 , 19.00 , 1.714 , 0.259 , 50.75 , 126.68
4059 , 17541 , 65.68 , -62.7 , 1 , 18.98 , 1.506 , 0.229 , 50.84 , 126.58
4069 , 17584 , 65.23 , -62.7 , 1 , 18.96 , 1.313 , 0.201 , 50.92 , 126.51
4079 , 17627 , 64.77 , -62.7 , 1 , 18.94 , 1.266 , 0.195 , 50.99 , 126.44
4089 , 17673 , 64.28 , -62.4 , 1 , 18.92 , 1.561 , 0.243 , 51.08 , 126.35
4099 , 17716 , 63.84 , -62.2 , 1 , 18.90 , 2.338 , 0.366 , 51.18 , 126.24
4109 , 17762 , 63.36 , -61.8 , 1 , 18.88 , 2.762 , 0.436 , 51.33 , 126.09
4119 , 17809 , 62.89 , -61.8 , 1 , 18.86 , 2.623 , 0.417 , 51.49 , 125.93
4129 , 17857 , 62.40 , -61.8 , 1 , 18.84 , 2.504 , 0.401 , 51.65 , 125.78
4139 , 17904 , 61.93 , -61.7 , 1 , 18.82 , 2.410 , 0.389 , 51.80 , 125.63
4149 , 17951 , 61.46 , -61.4 , 1 , 18.80 , 2.445 , 0.398 , 51.94 , 125.49
4159 , 17998 , 60.99 , -61.6 , 1 , 18.78 , 2.635 , 0.432 , 52.10 , 125.33
4169 , 18047 , 60.51 , -61.7 , 1 , 18.76 , 2.719 , 0.449 , 52.26 , 125.16
4179 , 18095 , 60.05 , -61.9 , 1 , 18.74 , 2.610 , 0.435 , 52.43 , 125.00
4189 , 18144 , 59.58 , -61.6 , 1 , 18.72 , 2.529 , 0.424 , 52.58 , 124.84
4199 , 18192 , 59.12 , -61.5 , 1 , 18.70 , 2.776 , 0.470 , 52.75 , 124.68
4209 , 18239 , 58.67 , -61.2 , 1 , 18.69 , 2.977 , 0.507 , 52.92 , 124.51
4218 , 18284 , 58.25 , -61.0 , 1 , 18.67 , 2.634 , 0.452 , 53.08 , 124.35
4228 , 18328 , 57.83 , -60.8 , 1 , 18.65 , 2.318 , 0.401 , 53.22 , 124.21
4238 , 18375 , 57.39 , -60.3 , 1 , 18.63 , 2.528 , 0.440 , 53.36 , 124.06
4248 , 18419 , 56.99 , -60.2 , 1 , 18.61 , 3.184 , 0.559 , 53.52 , 123.90
4258 , 18466 , 56.56 , -59.7 , 1 , 18.60 , 4.314 , 0.763 , 53.75 , 123.68
4268 , 18512 , 56.15 , -59.6 , 1 , 18.58 , 5.076 , 0.904 , 54.02 , 123.41
4278 , 18557 , 55.75 , -59.6 , 1 , 18.56 , 5.454 , 0.978 , 54.32 , 123.11
4288 , 18604 , 55.33 , -59.7 , 1 , 18.54 , 5.606 , 1.013 , 54.64 , 122.78
4298 , 18648 , 54.94 , -59.4 , 1 , 18.53 , 5.544 , 1.009 , 54.95 , 122.47
4308 , 18694 , 54.54 , -59.3 , 1 , 18.51 , 5.105 , 0.936 , 55.26 , 122.16
4318 , 18740 , 54.14 , -59.1 , 1 , 18.49 , 4.655 , 0.860 , 55.55 , 121.88
4328 , 18787 , 53.74 , -59.0 , 1 , 18.47 , 4.274 , 0.795 , 55.81 , 121.62
4338 , 18833 , 53.35 , -58.7 , 1 , 18.46 , 3.821 , 0.716 , 56.04 , 121.38
4348 , 18878 , 52.96 , -58.7 , 1 , 18.44 , 3.428 , 0.647 , 56.25 , 121.18
4358 , 18926 , 52.56 , -58.7 , 1 , 18.42 , 3.167 , 0.603 , 56.45 , 120.98
4368 , 18974 , 52.16 , -58.9 , 1 , 18.41 , 2.987 , 0.573 , 56.63 , 120.79
4378 , 19022 , 51.76 , -58.3 , 1 , 18.39 , 2.922 , 0.564 , 56.81 , 120.61
4388 , 19071 , 51.36 , -57.9 , 1 , 18.37 , 2.963 , 0.577 , 56.99 , 120.43
4398 , 19120 , 50.96 , -57.9 , 1 , 18.36 , 2.917 , 0.572 , 57.17 , 120.25
4408 , 19166 , 50.59 , -57.7 , 1 , 18.34 , 2.845 , 0.562 , 57.34 , 120.09
4418 , 19214 , 50.20 , -57.6 , 1 , 18.33 , 2.872 , 0.572 , 57.51 , 119.91
4428 , 19261 , 49.84 , -57.3 , 1 , 18.31 , 2.938 , 0.590 , 57.68 , 119.74
4438 , 19310 , 49.45 , -57.1 , 1 , 18.29 , 3.019 , 0.610 , 57.86 , 119.56
4448 , 19358 , 49.08 , -56.9 , 1 , 18.28 , 3.070 , 0.626 , 58.05 , 119.38
4458 , 19407 , 48.70 , -56.9 , 1 , 18.26 , 3.109 , 0.638 , 58.23 , 119.19
4468 , 19456 , 48.32 , -56.7 , 1 , 18.24 , 3.096 , 0.641 , 58.43 , 119.00
4478 , 19504 , 47.96 , -56.7 , 1 , 18.23 , 3.074 , 0.641 , 58.61 , 118.82
4488 , 19552 , 47.60 , -56.5 , 1 , 18.21 , 3.133 , 0.658 , 58.79 , 118.63
4498 , 19602 , 47.22 , -56.1 , 1 , 18.20 , 3.255 , 0.689 , 58.99 , 118.43
4508 , 19651 , 46.86 , -55.6 , 1 , 18.18 , 3.708 , 0.791 , 59.20 , 118.22
4518 , 19699 , 46.51 , -55.4 , 1 , 18.17 , 4.410 , 0.948 , 59.44 , 117.98
4527 , 19743 , 46.19 , -55.2 , 1 , 18.15 , 5.048 , 1.093 , 59.70 , 117.72
4537 , 19791 , 45.84 , -55.0 , 1 , 18.14 , 5.503 , 1.200 , 60.02 , 117.41
4547 , 19841 , 45.48 , -54.9 , 1 , 18.12 , 5.852 , 1.287 , 60.37 , 117.06
4557 , 19889 , 45.15 , -54.7 , 1 , 18.11 , 6.053 , 1.341 , 60.72 , 116.71
4567 , 19936 , 44.81 , -54.7 , 1 , 18.09 , 6.130 , 1.368 , 61.07 , 116.35
4577 , 19985 , 44.47 , -54.6 , 1 , 18.08 , 6.220 , 1.399 , 61.45 , 115.98
4587 , 20034 , 44.13 , -54.6 , 1 , 18.07 , 6.303 , 1.428 , 61.83 , 115.60
4597 , 20083 , 43.80 , -54.5 , 1 , 18.05 , 6.244 , 1.426 , 62.20 , 115.22
4607 , 20130 , 43.48 , -54.3 , 1 , 18.04 , 6.152 , 1.415 , 62.56 , 114.86
4617 , 20177 , 43.16 , -54.4 , 1 , 18.03 , 6.081 , 1.409 , 62.92 , 114.51
4627 , 20223 , 42.85 , -54.3 , 1 , 18.02 , 6.028 , 1.407 , 63.26 , 114.17
4637 , 20270 , 42.54 , -54.2 , 1 , 18.00 , 5.916 , 1.391 , 63.61 , 113.82
4647 , 20318 , 42.22 , -54.0 , 1 , 17.99 , 5.825 , 1.380 , 63.95 , 113.47
4657 , 20365 , 41.91 , -53.7 , 1 , 17.98 , 5.753 , 1.373 , 64.29 , 113.14
4667 , 20411 , 41.61 , -53.4 , 1 , 17.97 , 5.811 , 1.397 , 64.62 , 112.81
4677 , 20457 , 41.31 , -53.1 , 1 , 17.96 , 6.046 , 1.463 , 64.95 , 112.48
4687 , 20506 , 41.01 , -52.7 , 1 , 17.94 , 6.301 , 1.537 , 65.32 , 112.11
4697 , 20553 , 40.70 , -52.3 , 1 , 17.94 , 6.567 , 1.613 , 65.69 , 111.73
4707 , 20602 , 40.40 , -52.3 , 1 , 17.92 , 6.872 , 1.701 , 66.09 , 111.34
4717 , 20648 , 40.11 , -52.1 , 1 , 17.91 , 7.038 , 1.755 , 66.48 , 110.94
4727 , 20694 , 39.83 , -51.9 , 1 , 17.90 , 7.128 , 1.790 , 66.88 , 110.55
4737 , 20741 , 39.54 , -51.4 , 1 , 17.89 , 7.188 , 1.818 , 67.29 , 110.14
4747 , 20789 , 39.25 , -50.8 , 1 , 17.88 , 7.285 , 1.856 , 67.71 , 109.72
4757 , 20836 , 38.97 , -50.3 , 1 , 17.87 , 7.421 , 1.904 , 68.13 , 109.30
4767 , 20883 , 38.69 , -50.3 , 1 , 17.86 , 7.421 , 1.918 , 68.55 , 108.87
4777 , 20932 , 38.40 , -50.0 , 1 , 17.85 , 7.535 , 1.962 , 68.99 , 108.44
4787 , 20980 , 38.12 , -49.8 , 1 , 17.84 , 7.764 , 2.037 , 69.43 , 107.99
4797 , 21026 , 37.85 , -49.9 , 1 , 17.83 , 7.872 , 2.080 , 69.87 , 107.55
4807 , 21076 , 37.56 , -49.4 , 1 , 17.83 , 7.971 , 2.122 , 70.34 , 107.08
4817 , 21126 , 37.28 , -48.8 , 1 , 17.82 , 8.102 , 2.173 , 70.83 , 106.60
4827 , 21174 , 37.01 , -48.4 , 1 , 17.81 , 8.368 , 2.261 , 71.31 , 106.12
4836 , 21221 , 36.74 , -48.2 , 1 , 17.80 , 8.613 , 2.344 , 71.79 , 105.64
4846 , 21268 , 36.48 , -48.0 , 1 , 17.79 , 8.839 , 2.423 , 72.28 , 105.15
4856 , 21317 , 36.21 , -47.8 , 1 , 17.78 , 9.078 , 2.507 , 72.80 , 104.62
4866 , 21365 , 35.95 , -47.7 , 1 , 17.78 , 9.170 , 2.551 , 73.32 , 104.10
4876 , 21415 , 35.68 , -47.7 , 1 , 17.77 , 9.219 , 2.584 , 73.88 , 103.55
4886 , 21465 , 35.41 , -47.7 , 1 , 17.76 , 9.285 , 2.622 , 74.43 , 103.00
4896 , 21515 , 35.14 , -47.5 , 1 , 17.75 , 9.315 , 2.651 , 74.98 , 102.44
4906 , 21565 , 34.88 , -47.6 , 1 , 17.75 , 9.296 , 2.665 , 75.54 , 101.89
4916 , 21616 , 34.61 , -47.7 , 1 , 17.74 , 9.229 , 2.667 , 76.10 , 101.32
4926 , 21665 , 34.35 , -47.4 , 1 , 17.74 , 9.301 , 2.708 , 76.65 , 100.77
4936 , 21716 , 34.09 , -47.2 , 1 , 17.73 , 9.268 , 2.719 , 77.21 , 100.22
4946 , 21765 , 33.84 , -46.9 , 1 , 17.72 , 9.142 , 2.702 , 77.75 , 99.67
4956 , 21814 , 33.59 , -46.8 , 1 , 17.72 , 9.191 , 2.737 , 78.29 , 99.14
4966 , 21866 , 33.33 , -46.4 , 1 , 17.72 , 9.228 , 2.769 , 78.85 , 98.58
4976 , 21915 , 33.08 , -45.8 , 1 , 17.71 , 9.232 , 2.791 , 79.40 , 98.03
4986 , 21963 , 32.84 , -45.8 , 1 , 17.71 , 9.239 , 2.813 , 79.92 , 97.51
4996 , 22013 , 32.59 , -46.0 , 1 , 17.70 , 9.232 , 2.833 , 80.47 , 96.96
5006 , 22062 , 32.36 , -45.8 , 1 , 17.70 , 9.155 , 2.830 , 81.00 , 96.42
5016 , 22113 , 32.11 , -45.7 , 1 , 17.69 , 9.189 , 2.862 , 81.56 , 95.87
5026 , 22164 , 31.87 , -45.6 , 1 , 17.69 , 9.227 , 2.896 , 82.11 , 95.32
5036 , 22216 , 31.62 , -45.1 , 1 , 17.69 , 9.220 , 2.916 , 82.68 , 94.75
5046 , 22264 , 31.39 , -44.9 , 1 , 17.68 , 9.262 , 2.950 , 83.20 , 94.22
5056 , 22313 , 31.16 , -44.9 , 1 , 17.68 , 9.245 , 2.967 , 83.74 , 93.69
5066 , 22363 , 30.93 , -44.8 , 1 , 17.67 , 9.164 , 2.963 , 84.28 , 93.15
5076 , 22413 , 30.70 , -44.7 , 1 , 17.67 , 9.164 , 2.985 , 84.82 , 92.60
5086 , 22462 , 30.47 , -44.4 , 1 , 17.67 , 9.181 , 3.013 , 85.36 , 92.07
5096 , 22511 , 30.25 , -44.2 , 1 , 17.67 , 9.218 , 3.047 , 85.89 , 91.54
5106 , 22562 , 30.03 , -44.4 , 1 , 17.67 , 9.293 , 3.095 , 86.44 , 90.99
5116 , 22613 , 29.80 , -44.4 , 1 , 17.66 , 9.285 , 3.116 , 86.99 , 90.43
5126 , 22663 , 29.57 , -44.5 , 1 , 17.66 , 9.349 , 3.161 , 87.55 , 89.88
5136 , 22714 , 29.35 , -44.4 , 1 , 17.66 , 9.475 , 3.229 , 88.12 , 89.31
5145 , 22763 , 29.14 , -44.3 , 1 , 17.66 , 9.507 , 3.263 , 88.66 , 88.76
5154 , 22809 , 28.94 , -43.9 , 1 , 17.65 , 9.529 , 3.293 , 89.18 , 88.25
5164 , 22858 , 28.73 , -43.7 , 1 , 17.65 , 9.563 , 3.329 , 89.73 , 87.70
5174 , 22909 , 28.51 , -43.6 , 1 , 17.65 , 9.575 , 3.358 , 90.30 , 87.13
5184 , 22960 , 28.29 , -43.4 , 1 , 17.65 , 9.557 , 3.378 , 90.87 , 86.56
5194 , 23010 , 28.08 , -43.0 , 1 , 17.65 , 9.336 , 3.324 , 91.42 , 86.00
5204 , 23061 , 27.87 , -42.6 , 1 , 17.65 , 8.982 , 3.223 , 91.98 , 85.45
5214 , 23113 , 27.66 , -42.3 , 1 , 17.65 , 8.817 , 3.188 , 92.51 , 84.92
5224 , 23166 , 27.44 , -42.0 , 1 , 17.65 , 8.735 , 3.183 , 93.06 , 84.37
5234 , 23218 , 27.23 , -41.5 , 1 , 17.65 , 8.696 , 3.193 , 93.59 , 83.84
5244 , 23271 , 27.02 , -41.4 , 1 , 17.65 , 8.671 , 3.209 , 94.12 , 83.30
5254 , 23324 , 26.81 , -41.1 , 1 , 17.65 , 8.636 , 3.221 , 94.66 , 82.77
5264 , 23377 , 26.60 , -40.7 , 1 , 17.65 , 8.590 , 3.229 , 95.18 , 82.24
5274 , 23428 , 26.40 , -40.4 , 1 , 17.65 , 8.595 , 3.255 , 95.69 , 81.73
5284 , 23478 , 26.21 , -40.0 , 1 , 17.65 , 8.636 , 3.295 , 96.19 , 81.24
5294 , 23533 , 26.00 , -39.7 , 1 , 17.65 , 8.715 , 3.352 , 96.74 , 80.68
5304 , 23584 , 25.81 , -39.7 , 1 , 17.65 , 8.666 , 3.358 , 97.26 , 80.17
5314 , 23636 , 25.61 , -39.8 , 1 , 17.65 , 8.597 , 3.357 , 97.77 , 79.66
5324 , 23688 , 25.42 , -39.3 , 1 , 17.65 , 8.409 , 3.308 , 98.29 , 79.14
5334 , 23740 , 25.22 , -39.2 , 1 , 17.65 , 8.137 , 3.226 , 98.78 , 78.64
5344 , 23792 , 25.03 , -39.1 , 1 , 17.65 , 7.993 , 3.193 , 99.26 , 78.17
5354 , 23845 , 24.84 , -39.0 , 1 , 17.66 , 7.889 , 3.176 , 99.75 , 77.68
5363 , 23895 , 24.66 , -39.1 , 1 , 17.65 , 7.873 , 3.192 , 100.20 , 77.23
5373 , 23946 , 24.48 , -39.0 , 1 , 17.65 , 7.898 , 3.227 , 100.67 , 76.76
5383 , 24000 , 24.29 , -39.0 , 1 , 17.66 , 7.854 , 3.234 , 101.15 , 76.28
5393 , 24052 , 24.10 , -38.8 , 1 , 17.66 , 7.827 , 3.247 , 101.62 , 75.80
5403 , 24105 , 23.92 , -38.5 , 1 , 17.66 , 7.727 , 3.231 , 102.10 , 75.33
5413 , 24154 , 23.75 , -38.2 , 1 , 17.66 , 7.669 , 3.230 , 102.53 , 74.89
5423 , 24208 , 23.56 , -38.1 , 1 , 17.66 , 7.582 , 3.218 , 103.00 , 74.43
5433 , 24264 , 23.37 , -37.9 , 1 , 17.66 , 7.489 , 3.205 , 103.49 , 73.94
5442 , 24314 , 23.20 , -37.7 , 1 , 17.67 , 7.426 , 3.201 , 103.92 , 73.51
5452 , 24367 , 23.02 , -37.6 , 1 , 17.67 , 7.419 , 3.222 , 104.37 , 73.06
5462 , 24421 , 22.84 , -37.5 , 1 , 17.67 , 7.368 , 3.225 , 104.82 , 72.60
5472 , 24475 , 22.67 , -37.5 , 1 , 17.67 , 7.345 , 3.240 , 105.28 , 72.15
5482 , 24530 , 22.49 , -37.4 , 1 , 17.67 , 7.328 , 3.259 , 105.73 , 71.69
5492 , 24585 , 22.31 , -37.5 , 1 , 17.67 , 7.292 , 3.269 , 106.20 , 71.23
5502 , 24640 , 22.13 , -37.4 , 1 , 17.67 , 7.303 , 3.300 , 106.65 , 70.77
5512 , 24694 , 21.96 , -37.4 , 1 , 17.68 , 7.308 , 3.328 , 107.11 , 70.32
5522 , 24750 , 21.78 , -37.2 , 1 , 17.68 , 7.237 , 3.322 , 107.57 , 69.86
5532 , 24804 , 21.61 , -37.0 , 1 , 17.68 , 7.273 , 3.365 , 108.02 , 69.41
5542 , 24858 , 21.44 , -36.9 , 1 , 17.68 , 7.363 , 3.434 , 108.47 , 68.96
5551 , 24911 , 21.28 , -36.8 , 1 , 17.68 , 7.441 , 3.497 , 108.92 , 68.51
5561 , 24962 , 21.12 , -36.7 , 1 , 17.69 , 7.541 , 3.570 , 109.36 , 68.07
5571 , 25017 , 20.96 , -36.6 , 1 , 17.69 , 7.651 , 3.651 , 109.83 , 67.60
5581 , 25073 , 20.79 , -36.3 , 1 , 17.69 , 7.640 , 3.675 , 110.32 , 67.11
5591 , 25128 , 20.62 , -36.2 , 1 , 17.69 , 7.650 , 3.709 , 110.79 , 66.63
5601 , 25183 , 20.46 , -36.2 , 1 , 17.70 , 7.615 , 3.722 , 111.27 , 66.15
5611 , 25237 , 20.30 , -36.3 , 1 , 17.70 , 7.519 , 3.704 , 111.74 , 65.69
5621 , 25293 , 20.14 , -36.2 , 1 , 17.70 , 7.403 , 3.676 , 112.21 , 65.21
5631 , 25345 , 19.99 , -35.9 , 0 , 17.71 , 7.310 , 3.658 , 112.65 , 64.77
5641 , 25400 , 19.83 , -35.9 , 0 , 17.71 , 7.283 , 3.673 , 113.11 , 64.32
5651 , 25456 , 19.67 , -35.7 , 0 , 17.71 , 7.220 , 3.670 , 113.56 , 63.86
5661 , 25508 , 19.52 , -35.6 , 0 , 17.72 , 7.221 , 3.699 , 114.00 , 63.43
5671 , 25560 , 19.38 , -35.7 , 0 , 17.72 , 7.183 , 3.707 , 114.42 , 63.01
5681 , 25614 , 19.23 , -35.7 , 0 , 17.73 , 7.165 , 3.726 , 114.86 , 62.57
5691 , 25667 , 19.08 , -35.6 , 0 , 17.73 , 7.212 , 3.779 , 115.29 , 62.13
5701 , 25723 , 18.93 , -35.6 , 0 , 17.73 , 7.333 , 3.873 , 115.75 , 61.68
5711 , 25778 , 18.78 , -35.6 , 0 , 17.74 , 7.470 , 3.977 , 116.21 , 61.22
5721 , 25832 , 18.64 , -35.5 , 0 , 17.74 , 7.459 , 4.003 , 116.67 , 60.75
5731 , 25885 , 18.49 , -35.4 , 0 , 17.75 , 7.414 , 4.009 , 117.12 , 60.31
5741 , 25936 , 18.36 , -34.9 , 0 , 17.75 , 7.339 , 3.997 , 117.55 , 59.88
5750 , 25987 , 18.23 , -34.5 , 0 , 17.75 , 7.257 , 3.982 , 117.96 , 59.46
5760 , 26038 , 18.09 , -34.5 , 0 , 17.76 , 7.168 , 3.962 , 118.38 , 59.05
5770 , 26091 , 17.96 , -34.1 , 0 , 17.76 , 7.101 , 3.955 , 118.81 , 58.62
5780 , 26145 , 17.82 , -33.9 , 0 , 17.77 , 7.048 , 3.956 , 119.24 , 58.19
5790 , 26200 , 17.68 , -33.4 , 0 , 17.77 , 7.025 , 3.974 , 119.67 , 57.75
5800 , 26253 , 17.55 , -32.7 , 0 , 17.78 , 7.022 , 4.002 , 120.09 , 57.33
5810 , 26305 , 17.42 , -32.7 , 0 , 17.78 , 6.992 , 4.014 , 120.50 , 56.93
5820 , 26356 , 17.29 , -32.3 , 0 , 17.79 , 6.923 , 4.004 , 120.90 , 56.53
5830 , 26411 , 17.16 , -32.1 , 0 , 17.79 , 6.894 , 4.018 , 121.33 , 56.10
5840 , 26466 , 17.02 , -32.1 , 0 , 17.79 , 6.846 , 4.021 , 121.74 , 55.68
5850 , 26520 , 16.89 , -32.1 , 0 , 17.79 , 6.761 , 4.002 , 122.16 , 55.27
5860 , 26575 , 16.76 , -31.8 , 0 , 17.80 , 6.643 , 3.963 , 122.57 , 54.86
5870 , 26631 , 16.63 , -31.6 , 0 , 17.80 , 6.582 , 3.958 , 122.98 , 54.44
5880 , 26686 , 16.50 , -31.2 , 0 , 17.81 , 6.488 , 3.931 , 123.38 , 54.04
5890 , 26739 , 16.38 , -31.4 , 0 , 17.81 , 6.397 , 3.906 , 123.77 , 53.66
5900 , 26798 , 16.24 , -31.2 , 0 , 17.81 , 6.305 , 3.881 , 124.18 , 53.25
5910 , 26850 , 16.12 , -31.0 , 0 , 17.82 , 6.284 , 3.897 , 124.55 , 52.88
5920 , 26907 , 16.00 , -30.6 , 0 , 17.82 , 6.284 , 3.928 , 124.94 , 52.49
5930 , 26960 , 15.88 , -30.3 , 0 , 17.83 , 6.223 , 3.919 , 125.31 , 52.12
5940 , 27015 , 15.75 , -30.2 , 0 , 17.83 , 6.164 , 3.913 , 125.69 , 51.73
5950 , 27070 , 15.63 , -30.1 , 0 , 17.84 , 6.105 , 3.906 , 126.07 , 51.36
5960 , 27124 , 15.51 , -30.2 , 0 , 17.84 , 6.091 , 3.926 , 126.43 , 51.00
5970 , 27179 , 15.39 , -30.3 , 0 , 17.85 , 6.084 , 3.952 , 126.80 , 50.62
5980 , 27234 , 15.28 , -30.2 , 0 , 17.85 , 6.041 , 3.954 , 127.17 , 50.25
5990 , 27291 , 15.16 , -29.9 , 0 , 17.86 , 6.041 , 3.986 , 127.55 , 49.88
6000 , 27345 , 15.04 , -29.7 , 0 , 17.86 , 5.988 , 3.981 , 127.91 , 49.52
6010 , 27399 , 14.93 , -29.5 , 0 , 17.87 , 6.010 , 4.026 , 128.27 , 49.16
6020 , 27452 , 14.82 , -29.3 , 0 , 17.87 , 5.992 , 4.044 , 128.63 , 48.80
6030 , 27503 , 14.71 , -29.1 , 0 , 17.88 , 5.964 , 4.055 , 128.96 , 48.46
6040 , 27556 , 14.60 , -29.1 , 0 , 17.89 , 5.967 , 4.087 , 129.31 , 48.12
6050 , 27611 , 14.49 , -29.1 , 0 , 17.89 , 5.985 , 4.130 , 129.67 , 47.75
6059 , 27663 , 14.38 , -29.0 , 0 , 17.89 , 6.053 , 4.208 , 130.02 , 47.40
6069 , 27714 , 14.28 , -28.9 , 0 , 17.90 , 6.106 , 4.275 , 130.36 , 47.07
6079 , 27771 , 14.17 , -28.8 , 0 , 17.90 , 6.155 , 4.344 , 130.74 , 46.68
6089 , 27825 , 14.06 , -28.5 , 0 , 17.91 , 6.131 , 4.360 , 131.11 , 46.31
6099 , 27881 , 13.95 , -28.2 , 0 , 17.92 , 6.136 , 4.398 , 131.49 , 45.94
6109 , 27934 , 13.85 , -27.9 , 0 , 17.92 , 6.191 , 4.470 , 131.85 , 45.57
6119 , 27989 , 13.74 , -27.9 , 0 , 17.93 , 6.198 , 4.510 , 132.23 , 45.20
6129 , 28047 , 13.63 , -28.0 , 0 , 17.94 , 6.174 , 4.528 , 132.62 , 44.81
6139 , 28106 , 13.52 , -28.1 , 0 , 17.94 , 6.111 , 4.519 , 133.02 , 44.41
6149 , 28161 , 13.42 , -28.2 , 0 , 17.95 , 6.056 , 4.513 , 133.39 , 44.04
6159 , 28218 , 13.31 , -27.8 , 0 , 17.95 , 5.986 , 4.496 , 133.77 , 43.66
6169 , 28275 , 13.21 , -27.4 , 0 , 17.96 , 5.930 , 4.489 , 134.14 , 43.29
6179 , 28335 , 13.10 , -27.5 , 0 , 17.96 , 5.873 , 4.484 , 134.53 , 42.90
6189 , 28391 , 13.00 , -27.6 , 0 , 17.97 , 5.834 , 4.489 , 134.89 , 42.54
6199 , 28442 , 12.90 , -27.6 , 0 , 17.97 , 5.794 , 4.490 , 135.21 , 42.22
6209 , 28498 , 12.80 , -27.7 , 0 , 17.98 , 5.774 , 4.509 , 135.57 , 41.86
6219 , 28553 , 12.71 , -27.8 , 0 , 17.99 , 5.691 , 4.479 , 135.91 , 41.51
6229 , 28605 , 12.62 , -27.6 , 0 , 17.99 , 5.599 , 4.438 , 136.23 , 41.19
6239 , 28661 , 12.52 , -27.3 , 0 , 17.99 , 5.410 , 4.322 , 136.57 , 40.85
6249 , 28718 , 12.42 , -27.3 , 0 , 17.99 , 5.208 , 4.194 , 136.91 , 40.52
6259 , 28773 , 12.32 , -27.0 , 0 , 18.00 , 5.050 , 4.098 , 137.22 , 40.21
6269 , 28828 , 12.23 , -26.8 , 0 , 18.00 , 4.941 , 4.040 , 137.52 , 39.91
6279 , 28884 , 12.14 , -26.7 , 0 , 18.00 , 4.967 , 4.093 , 137.82 , 39.61
6289 , 28940 , 12.04 , -26.5 , 0 , 18.00 , 4.972 , 4.129 , 138.12 , 39.30
6299 , 28996 , 11.95 , -26.5 , 0 , 18.00 , 4.980 , 4.168 , 138.43 , 39.00
6309 , 29053 , 11.86 , -26.8 , 0 , 18.01 , 4.988 , 4.207 , 138.74 , 38.69
6319 , 29107 , 11.77 , -26.5 , 0 , 18.01 , 5.014 , 4.262 , 139.04 , 38.39
6329 , 29161 , 11.68 , -26.3 , 0 , 18.02 , 4.961 , 4.247 , 139.33 , 38.10
6339 , 29214 , 11.59 , -26.0 , 0 , 18.02 , 4.910 , 4.235 , 139.61 , 37.81
6349 , 29271 , 11.50 , -26.0 , 0 , 18.02 , 4.893 , 4.253 , 139.92 , 37.51
6359 , 29324 , 11.42 , -26.0 , 0 , 18.03 , 4.860 , 4.256 , 140.20 , 37.23
6369 , 29380 , 11.33 , -25.8 , 0 , 18.03 , 4.816 , 4.251 , 140.50 , 36.93
6379 , 29434 , 11.25 , -25.8 , 0 , 18.03 , 4.843 , 4.306 , 140.78 , 36.65
6389 , 29485 , 11.17 , -25.8 , 0 , 18.03 , 4.729 , 4.235 , 141.04 , 36.38
6398 , 29537 , 11.09 , -25.7 , 0 , 18.04 , 4.708 , 4.246 , 141.31 , 36.11
6408 , 29588 , 11.01 , -25.6 , 0 , 18.04 , 4.664 , 4.236 , 141.57 , 35.85
6418 , 29644 , 10.93 , -25.7 , 0 , 18.04 , 4.649 , 4.255 , 141.86 , 35.57
6428 , 29697 , 10.85 , -25.7 , 0 , 18.03 , 4.592 , 4.234 , 142.13 , 35.30
6438 , 29750 , 10.77 , -25.8 , 0 , 18.02 , 4.581 , 4.254 , 142.39 , 35.04
6448 , 29798 , 10.70 , -25.9 , 0 , 18.01 , 4.520 , 4.226 , 142.63 , 34.80
6458 , 29847 , 10.62 , -26.0 , 0 , 18.00 , 4.452 , 4.190 , 142.87 , 34.56
6468 , 29899 , 10.55 , -26.1 , 0 , 17.99 , 4.377 , 4.150 , 143.12 , 34.31
6478 , 29948 , 10.48 , -26.0 , 0 , 17.99 , 4.307 , 4.111 , 143.35 , 34.08
6488 , 29995 , 10.41 , -26.0 , 0 , 17.99 , 4.293 , 4.125 , 143.57 , 33.86
6498 , 30046 , 10.34 , -26.0 , 0 , 17.99 , 4.228 , 4.091 , 143.81 , 33.62
6508 , 30093 , 10.27 , -26.1 , 0 , 17.99 , 4.199 , 4.089 , 144.02 , 33.40
6518 , 30147 , 10.19 , -25.9 , 0 , 17.99 , 4.163 , 4.085 , 144.27 , 33.16
6528 , 30199 , 10.12 , -25.6 , 0 , 17.99 , 4.129 , 4.081 , 144.50 , 32.92
6538 , 30251 , 10.05 , -25.3 , 0 , 18.00 , 4.114 , 4.095 , 144.74 , 32.69
6548 , 30300 , 9.98 , -25.3 , 0 , 18.00 , 4.091 , 4.099 , 144.96 , 32.47
6558 , 30351 , 9.91 , -25.4 , 0 , 18.00 , 4.024 , 4.061 , 145.18 , 32.25
6568 , 30398 , 9.85 , -25.5 , 0 , 18.00 , 4.001 , 4.064 , 145.39 , 32.04
6578 , 30452 , 9.77 , -25.2 , 0 , 18.01 , 3.972 , 4.065 , 145.62 , 31.81
6588 , 30498 , 9.71 , -25.2 , 0 , 18.01 , 3.957 , 4.075 , 145.82 , 31.61
6598 , 30549 , 9.64 , -25.1 , 0 , 18.01 , 3.925 , 4.071 , 146.04 , 31.39
6608 , 30601 , 9.57 , -24.9 , 0 , 18.01 , 3.881 , 4.054 , 146.26 , 31.17
6618 , 30653 , 9.51 , -24.9 , 0 , 18.01 , 3.897 , 4.099 , 146.48 , 30.95
6628 , 30707 , 9.44 , -24.9 , 0 , 18.01 , 3.866 , 4.097 , 146.70 , 30.72
6638 , 30756 , 9.37 , -24.7 , 0 , 18.01 , 3.845 , 4.103 , 146.91 , 30.52
6648 , 30808 , 9.31 , -24.5 , 0 , 18.01 , 3.817 , 4.101 , 147.12 , 30.30
6658 , 30859 , 9.24 , -24.0 , 0 , 18.01 , 3.782 , 4.094 , 147.34 , 30.09
6667 , 30908 , 9.18 , -23.4 , 0 , 18.01 , 3.778 , 4.116 , 147.54 , 29.89
6677 , 30950 , 9.13 , -23.2 , 0 , 18.01 , 3.752 , 4.111 , 147.70 , 29.72
6686 , 31001 , 9.06 , -22.9 , 0 , 18.01 , 3.702 , 4.085 , 147.91 , 29.52
6696 , 31046 , 9.01 , -22.8 , 0 , 18.01 , 3.667 , 4.072 , 148.09 , 29.34
6706 , 31096 , 8.95 , -22.5 , 0 , 18.01 , 3.620 , 4.047 , 148.29 , 29.14
6716 , 31145 , 8.89 , -22.2 , 0 , 18.02 , 3.577 , 4.025 , 148.48 , 28.95
6726 , 31194 , 8.83 , -22.0 , 0 , 18.02 , 3.570 , 4.044 , 148.66 , 28.76
6736 , 31243 , 8.77 , -21.7 , 0 , 18.02 , 3.577 , 4.080 , 148.85 , 28.57
6746 , 31296 , 8.71 , -21.4 , 0 , 18.01 , 3.546 , 4.072 , 149.05 , 28.38
6756 , 31343 , 8.65 , -20.8 , 0 , 18.01 , 3.548 , 4.102 , 149.23 , 28.20
6766 , 31391 , 8.59 , -20.7 , 0 , 18.01 , 3.519 , 4.094 , 149.41 , 28.01
6776 , 31435 , 8.54 , -20.6 , 0 , 18.01 , 3.470 , 4.061 , 149.58 , 27.85
6786 , 31485 , 8.49 , -20.5 , 0 , 18.01 , 3.451 , 4.066 , 149.76 , 27.67
6796 , 31532 , 8.43 , -20.4 , 0 , 18.00 , 3.459 , 4.101 , 149.93 , 27.49
6806 , 31581 , 8.38 , -20.4 , 0 , 18.00 , 3.419 , 4.081 , 150.12 , 27.31
6816 , 31632 , 8.32 , -20.1 , 0 , 17.99 , 3.372 , 4.054 , 150.30 , 27.13
6826 , 31682 , 8.26 , -19.9 , 0 , 17.99 , 3.336 , 4.038 , 150.48 , 26.95
6836 , 31738 , 8.20 , -19.9 , 0 , 17.98 , 3.337 , 4.069 , 150.68 , 26.75
6846 , 31786 , 8.15 , -20.0 , 0 , 17.98 , 3.342 , 4.102 , 150.85 , 26.58
6855 , 31834 , 8.10 , -19.9 , 0 , 17.97 , 3.328 , 4.111 , 151.02 , 26.41
6865 , 31877 , 8.05 , -20.0 , 0 , 17.97 , 3.256 , 4.046 , 151.17 , 26.26
6875 , 31927 , 7.99 , -20.2 , 0 , 17.96 , 3.226 , 4.035 , 151.34 , 26.09
6885 , 31979 , 7.94 , -20.3 , 0 , 17.96 , 3.211 , 4.046 , 151.52 , 25.91
6895 , 32029 , 7.89 , -20.3 , 0 , 17.96 , 3.206 , 4.066 , 151.69 , 25.74
6905 , 32077 , 7.83 , -20.2 , 0 , 17.95 , 3.207 , 4.093 , 151.85 , 25.57
6915 , 32123 , 7.79 , -20.3 , 0 , 17.94 , 3.160 , 4.059 , 152.01 , 25.42
6925 , 32177 , 7.73 , -20.3 , 0 , 17.94 , 3.121 , 4.038 , 152.19 , 25.24
6935 , 32224 , 7.68 , -20.4 , 0 , 17.93 , 3.143 , 4.092 , 152.35 , 25.08
6945 , 32275 , 7.63 , -20.3 , 0 , 17.92 , 3.126 , 4.098 , 152.52 , 24.91
6955 , 32333 , 7.57 , -20.1 , 0 , 17.90 , 3.085 , 4.076 , 152.71 , 24.72
6965 , 32380 , 7.52 , -19.7 , 0 , 17.89 , 3.053 , 4.060 , 152.86 , 24.56
6975 , 32432 , 7.47 , -19.6 , 0 , 17.87 , 3.028 , 4.055 , 153.03 , 24.39
6985 , 32475 , 7.42 , -19.7 , 0 , 17.85 , 3.005 , 4.048 , 153.17 , 24.26
6994 , 32524 , 7.38 , -19.4 , 0 , 17.84 , 2.991 , 4.055 , 153.32 , 24.10
7004 , 32568 , 7.33 , -19.2 , 0 , 17.83 , 2.965 , 4.044 , 153.47 , 23.96
7014 , 32614 , 7.29 , -19.3 , 0 , 17.82 , 2.949 , 4.047 , 153.61 , 23.82
7024 , 32659 , 7.24 , -19.0 , 0 , 17.81 , 2.939 , 4.058 , 153.75 , 23.68
7034 , 32715 , 7.19 , -18.9 , 0 , 17.80 , 2.883 , 4.010 , 153.92 , 23.51
7044 , 32760 , 7.15 , -18.9 , 0 , 17.78 , 2.878 , 4.027 , 154.06 , 23.37
7054 , 32804 , 7.10 , -18.9 , 0 , 17.77 , 2.861 , 4.027 , 154.19 , 23.23
7064 , 32851 , 7.06 , -18.9 , 0 , 17.76 , 2.831 , 4.010 , 154.33 , 23.09
7074 , 32900 , 7.01 , -19.3 , 0 , 17.76 , 2.827 , 4.031 , 154.48 , 22.95
7084 , 32946 , 6.97 , -19.3 , 0 , 17.75 , 2.828 , 4.057 , 154.62 , 22.81
7094 , 32994 , 6.92 , -19.5 , 0 , 17.74 , 2.815 , 4.066 , 154.77 , 22.66
7104 , 33042 , 6.88 , -19.5 , 0 , 17.74 , 2.800 , 4.070 , 154.91 , 22.52
7114 , 33089 , 6.84 , -19.4 , 0 , 17.73 , 2.807 , 4.106 , 155.05 , 22.38
7124 , 33139 , 6.79 , -19.2 , 0 , 17.72 , 2.775 , 4.086 , 155.20 , 22.23
7134 , 33186 , 6.75 , -19.4 , 0 , 17.71 , 2.751 , 4.077 , 155.33 , 22.09
7144 , 33228 , 6.71 , -19.5 , 0 , 17.71 , 2.754 , 4.104 , 155.46 , 21.97
7154 , 33281 , 6.66 , -19.3 , 0 , 17.71 , 2.717 , 4.078 , 155.61 , 21.82
7164 , 33327 , 6.62 , -19.0 , 0 , 17.71 , 2.690 , 4.063 , 155.74 , 21.68
7174 , 33373 , 6.58 , -18.9 , 0 , 17.70 , 2.699 , 4.103 , 155.87 , 21.55
7184 , 33423 , 6.54 , -18.8 , 0 , 17.69 , 2.678 , 4.097 , 156.02 , 21.41
7194 , 33476 , 6.49 , -18.7 , 0 , 17.69 , 2.634 , 4.058 , 156.16 , 21.26
7204 , 33520 , 6.45 , -19.0 , 0 , 17.68 , 2.599 , 4.028 , 156.29 , 21.14
7214 , 33567 , 6.41 , -18.6 , 0 , 17.67 , 2.598 , 4.052 , 156.42 , 21.01
7224 , 33610 , 6.37 , -18.2 , 0 , 17.66 , 2.579 , 4.047 , 156.54 , 20.89
7234 , 33655 , 6.34 , -18.2 , 0 , 17.65 , 2.572 , 4.060 , 156.66 , 20.77
7244 , 33704 , 6.29 , -18.3 , 0 , 17.63 , 2.530 , 4.019 , 156.79 , 20.64
7254 , 33749 , 6.26 , -17.9 , 0 , 17.61 , 2.494 , 3.987 , 156.91 , 20.52
7264 , 33803 , 6.21 , -17.6 , 0 , 17.60 , 2.527 , 4.067 , 157.05 , 20.38
7274 , 33844 , 6.18 , -17.3 , 0 , 17.59 , 2.524 , 4.086 , 157.16 , 20.27
7284 , 33887 , 6.14 , -17.1 , 0 , 17.57 , 2.423 , 3.945 , 157.27 , 20.15
7293 , 33934 , 6.10 , -16.6 , 0 , 17.56 , 2.487 , 4.075 , 157.39 , 20.03
7303 , 33978 , 6.07 , -16.2 , 0 , 17.54 , 2.524 , 4.159 , 157.51 , 19.92
