# ------------------------------------------------------------
#
# Flight name: V3007
# Station: Davis
# Launch Date: 11 December 2007
# Launch Time: 11:22:13
# 
# This file created: Wed Dec 12 09:44:04 2007
# 
# 
# ------------------------------------------------------------
# DATA COLUMNS
# Time (s)
# Height (m)
# Atmospheric Pressure (hPa)
# Atmospheric Temperature (°C)
# Relative Humidity (%)
# Box Temperature (°C)
# Ozone Partial Pressure (mPa)
# Ozone Mixing Ratio (ppmV)
# Accumulated Ozone to this Height (Dobson Units)
# Remaining Ozone above this Height (Dobson Units)
# 
# ------------------------------------------------------------
# 
# Integrated Ozone = 244.2 DU
# Extrapolated Ozone =  42.0 DU
# 
# Total Ozone = 286.1 DU
# 
# 
# ------------------------------------------------------------
0 , 18 , 988.20 , -1.2 , 54 , 31.29 , 2.911 , 0.029 , 0.00 , 286.15
10 , 72 , 981.45 , -1.7 , 45 , 31.32 , 2.964 , 0.030 , 0.16 , 285.99
20 , 127 , 974.73 , -1.9 , 44 , 31.33 , 2.827 , 0.029 , 0.32 , 285.83
30 , 179 , 968.33 , -2.1 , 43 , 31.29 , 2.751 , 0.028 , 0.46 , 285.68
40 , 232 , 961.87 , -2.4 , 44 , 31.22 , 2.743 , 0.029 , 0.61 , 285.54
50 , 284 , 955.56 , -2.8 , 45 , 31.16 , 2.755 , 0.029 , 0.75 , 285.40
60 , 335 , 949.48 , -3.1 , 45 , 31.14 , 2.811 , 0.030 , 0.89 , 285.26
70 , 387 , 943.23 , -3.4 , 46 , 31.08 , 2.787 , 0.030 , 1.03 , 285.11
80 , 444 , 936.49 , -3.9 , 47 , 30.97 , 2.715 , 0.029 , 1.19 , 284.96
90 , 502 , 929.53 , -4.4 , 48 , 30.88 , 2.686 , 0.029 , 1.35 , 284.80
100 , 559 , 922.86 , -4.8 , 50 , 30.87 , 2.591 , 0.028 , 1.50 , 284.65
110 , 615 , 916.34 , -5.3 , 51 , 30.82 , 2.623 , 0.029 , 1.65 , 284.50
120 , 671 , 909.81 , -5.8 , 52 , 30.84 , 2.638 , 0.029 , 1.79 , 284.35
130 , 729 , 903.09 , -6.3 , 53 , 30.80 , 2.582 , 0.029 , 1.95 , 284.20
140 , 789 , 896.13 , -6.9 , 56 , 30.76 , 2.574 , 0.029 , 2.10 , 284.04
150 , 851 , 889.10 , -7.4 , 57 , 30.75 , 2.570 , 0.029 , 2.26 , 283.88
160 , 912 , 882.17 , -7.7 , 56 , 30.71 , 2.578 , 0.029 , 2.42 , 283.72
170 , 973 , 875.20 , -8.3 , 57 , 30.68 , 2.614 , 0.030 , 2.59 , 283.56
180 , 1032 , 868.63 , -8.8 , 58 , 30.70 , 2.603 , 0.030 , 2.74 , 283.41
189 , 1084 , 862.73 , -9.3 , 59 , 30.67 , 2.573 , 0.030 , 2.88 , 283.27
198 , 1134 , 857.23 , -9.6 , 58 , 30.64 , 2.543 , 0.030 , 3.01 , 283.14
208 , 1187 , 851.36 , -9.8 , 57 , 30.60 , 2.562 , 0.030 , 3.15 , 283.00
218 , 1248 , 844.67 , -9.9 , 43 , 30.58 , 2.545 , 0.030 , 3.31 , 282.84
228 , 1301 , 838.79 , -10.2 , 37 , 30.56 , 2.447 , 0.029 , 3.44 , 282.70
238 , 1357 , 832.72 , -10.1 , 23 , 30.53 , 2.315 , 0.028 , 3.58 , 282.57
248 , 1418 , 826.19 , -8.4 , 12 , 30.52 , 2.125 , 0.026 , 3.72 , 282.43
258 , 1483 , 819.29 , -8.0 , 11 , 30.44 , 1.955 , 0.024 , 3.85 , 282.29
268 , 1537 , 813.67 , -8.3 , 12 , 30.28 , 1.876 , 0.023 , 3.96 , 282.19
278 , 1593 , 807.72 , -8.9 , 13 , 30.21 , 1.861 , 0.023 , 4.07 , 282.08
288 , 1653 , 801.56 , -9.3 , 13 , 30.19 , 1.830 , 0.023 , 4.18 , 281.97
298 , 1707 , 795.90 , -9.7 , 12 , 30.16 , 1.838 , 0.023 , 4.28 , 281.87
308 , 1763 , 790.17 , -10.1 , 13 , 30.14 , 1.852 , 0.023 , 4.38 , 281.76
318 , 1819 , 784.41 , -10.5 , 14 , 30.09 , 1.909 , 0.024 , 4.49 , 281.65
328 , 1879 , 778.37 , -11.0 , 16 , 30.07 , 1.886 , 0.024 , 4.61 , 281.54
338 , 1938 , 772.32 , -11.5 , 21 , 30.04 , 1.874 , 0.024 , 4.72 , 281.42
348 , 1998 , 766.31 , -11.8 , 28 , 29.95 , 1.887 , 0.025 , 4.84 , 281.31
358 , 2060 , 760.17 , -12.0 , 38 , 29.88 , 1.819 , 0.024 , 4.96 , 281.19
368 , 2120 , 754.24 , -12.3 , 41 , 29.89 , 1.692 , 0.022 , 5.07 , 281.08
378 , 2179 , 748.41 , -12.7 , 42 , 29.87 , 1.578 , 0.021 , 5.17 , 280.98
388 , 2241 , 742.34 , -12.8 , 40 , 29.80 , 1.504 , 0.020 , 5.27 , 280.88
398 , 2301 , 736.52 , -13.0 , 37 , 29.71 , 1.451 , 0.020 , 5.36 , 280.79
408 , 2364 , 730.42 , -13.1 , 32 , 29.69 , 1.450 , 0.020 , 5.45 , 280.69
418 , 2427 , 724.41 , -13.0 , 27 , 29.65 , 1.515 , 0.021 , 5.55 , 280.60
428 , 2486 , 718.88 , -13.3 , 27 , 29.59 , 1.587 , 0.022 , 5.64 , 280.50
438 , 2545 , 713.30 , -13.6 , 28 , 29.57 , 1.630 , 0.023 , 5.74 , 280.40
448 , 2608 , 707.40 , -14.1 , 29 , 29.57 , 1.626 , 0.023 , 5.85 , 280.30
458 , 2668 , 701.79 , -14.5 , 28 , 29.50 , 1.630 , 0.023 , 5.95 , 280.19
468 , 2726 , 696.42 , -14.9 , 25 , 29.47 , 1.596 , 0.023 , 6.05 , 280.10
478 , 2785 , 691.05 , -15.3 , 25 , 29.44 , 1.602 , 0.023 , 6.15 , 280.00
488 , 2849 , 685.24 , -15.8 , 28 , 29.42 , 1.600 , 0.023 , 6.25 , 279.89
497 , 2904 , 680.26 , -16.1 , 27 , 29.39 , 1.617 , 0.024 , 6.35 , 279.80
507 , 2959 , 675.24 , -16.4 , 26 , 29.35 , 1.633 , 0.024 , 6.44 , 279.70
517 , 3019 , 669.93 , -16.7 , 24 , 29.31 , 1.646 , 0.025 , 6.54 , 279.60
527 , 3078 , 664.66 , -17.2 , 23 , 29.27 , 1.661 , 0.025 , 6.65 , 279.50
537 , 3138 , 659.33 , -17.6 , 22 , 29.27 , 1.684 , 0.026 , 6.75 , 279.39
547 , 3203 , 653.64 , -18.0 , 21 , 29.24 , 1.715 , 0.026 , 6.87 , 279.28
557 , 3266 , 648.11 , -18.3 , 20 , 29.20 , 1.729 , 0.027 , 6.98 , 279.16
567 , 3330 , 642.60 , -18.6 , 18 , 29.17 , 1.720 , 0.027 , 7.10 , 279.05
577 , 3393 , 637.22 , -18.9 , 17 , 29.15 , 1.715 , 0.027 , 7.21 , 278.93
587 , 3454 , 632.01 , -19.2 , 16 , 29.11 , 1.673 , 0.026 , 7.32 , 278.82
597 , 3516 , 626.71 , -19.6 , 16 , 29.09 , 1.640 , 0.026 , 7.43 , 278.71
607 , 3573 , 621.89 , -19.9 , 15 , 29.05 , 1.645 , 0.026 , 7.53 , 278.61
617 , 3629 , 617.23 , -20.2 , 14 , 29.06 , 1.626 , 0.026 , 7.63 , 278.51
627 , 3684 , 612.66 , -20.4 , 14 , 29.03 , 1.629 , 0.027 , 7.73 , 278.42
637 , 3745 , 607.68 , -20.8 , 12 , 29.00 , 1.630 , 0.027 , 7.83 , 278.31
647 , 3808 , 602.47 , -21.1 , 12 , 28.94 , 1.643 , 0.027 , 7.94 , 278.20
657 , 3870 , 597.42 , -21.3 , 10 , 28.92 , 1.674 , 0.028 , 8.05 , 278.09
667 , 3931 , 592.51 , -21.8 , 11 , 28.91 , 1.704 , 0.029 , 8.16 , 277.98
677 , 3991 , 587.68 , -22.2 , 11 , 28.91 , 1.717 , 0.029 , 8.27 , 277.87
687 , 4052 , 582.81 , -22.6 , 11 , 28.88 , 1.699 , 0.029 , 8.39 , 277.76
697 , 4116 , 577.78 , -23.2 , 10 , 28.86 , 1.717 , 0.030 , 8.50 , 277.64
707 , 4180 , 572.70 , -23.6 , 9 , 28.81 , 1.705 , 0.030 , 8.62 , 277.52
717 , 4245 , 567.68 , -24.1 , 9 , 28.80 , 1.686 , 0.030 , 8.74 , 277.41
727 , 4309 , 562.71 , -24.6 , 9 , 28.79 , 1.717 , 0.031 , 8.86 , 277.29
737 , 4369 , 558.04 , -25.1 , 9 , 28.79 , 1.746 , 0.031 , 8.97 , 277.17
747 , 4431 , 553.34 , -25.5 , 9 , 28.75 , 1.752 , 0.032 , 9.09 , 277.06
757 , 4492 , 548.64 , -26.0 , 9 , 28.71 , 1.755 , 0.032 , 9.21 , 276.94
767 , 4555 , 543.90 , -26.4 , 8 , 28.67 , 1.790 , 0.033 , 9.33 , 276.82
777 , 4615 , 539.40 , -26.9 , 8 , 28.66 , 1.794 , 0.033 , 9.45 , 276.70
787 , 4677 , 534.81 , -27.4 , 8 , 28.65 , 1.752 , 0.033 , 9.57 , 276.58
797 , 4742 , 529.99 , -27.8 , 8 , 28.62 , 1.723 , 0.033 , 9.69 , 276.46
806 , 4800 , 525.69 , -28.1 , 8 , 28.60 , 1.741 , 0.033 , 9.80 , 276.35
816 , 4859 , 521.38 , -28.4 , 7 , 28.59 , 1.826 , 0.035 , 9.92 , 276.23
826 , 4921 , 516.90 , -28.8 , 6 , 28.58 , 1.951 , 0.038 , 10.04 , 276.10
836 , 4984 , 512.34 , -29.0 , 6 , 28.55 , 1.991 , 0.039 , 10.18 , 275.96
846 , 5047 , 507.86 , -29.1 , 6 , 28.50 , 2.053 , 0.040 , 10.32 , 275.82
856 , 5111 , 503.31 , -29.4 , 6 , 28.49 , 2.097 , 0.042 , 10.47 , 275.68
866 , 5173 , 498.98 , -29.8 , 6 , 28.50 , 2.073 , 0.042 , 10.61 , 275.53
876 , 5236 , 494.58 , -29.8 , 5 , 28.48 , 2.131 , 0.043 , 10.76 , 275.39
886 , 5302 , 490.02 , -29.8 , 5 , 28.40 , 2.251 , 0.046 , 10.92 , 275.23
896 , 5365 , 485.66 , -30.1 , 5 , 28.36 , 2.377 , 0.049 , 11.08 , 275.06
906 , 5430 , 481.26 , -30.6 , 5 , 28.36 , 2.489 , 0.052 , 11.26 , 274.89
916 , 5494 , 476.94 , -30.8 , 5 , 28.33 , 2.611 , 0.055 , 11.44 , 274.71
926 , 5556 , 472.78 , -31.0 , 4 , 28.30 , 2.749 , 0.058 , 11.62 , 274.52
936 , 5618 , 468.66 , -31.4 , 4 , 28.25 , 2.757 , 0.059 , 11.81 , 274.33
946 , 5683 , 464.39 , -31.8 , 4 , 28.23 , 2.768 , 0.060 , 12.01 , 274.13
956 , 5749 , 460.10 , -32.3 , 4 , 28.18 , 2.787 , 0.061 , 12.22 , 273.93
966 , 5814 , 455.82 , -32.6 , 4 , 28.16 , 2.762 , 0.061 , 12.42 , 273.72
976 , 5879 , 451.64 , -32.8 , 3 , 28.16 , 2.847 , 0.063 , 12.63 , 273.52
986 , 5942 , 447.61 , -33.0 , 3 , 28.11 , 3.009 , 0.067 , 12.83 , 273.31
996 , 6004 , 443.71 , -33.2 , 3 , 28.04 , 3.172 , 0.071 , 13.05 , 273.10
1006 , 6070 , 439.53 , -33.8 , 3 , 28.02 , 3.229 , 0.073 , 13.29 , 272.86
1016 , 6136 , 435.38 , -34.3 , 3 , 28.02 , 3.178 , 0.073 , 13.53 , 272.62
1026 , 6201 , 431.36 , -34.7 , 3 , 27.99 , 3.194 , 0.074 , 13.76 , 272.39
1036 , 6267 , 427.33 , -35.1 , 3 , 27.94 , 3.251 , 0.076 , 14.00 , 272.15
1046 , 6331 , 423.43 , -35.5 , 2 , 27.89 , 3.455 , 0.082 , 14.24 , 271.91
1056 , 6396 , 419.49 , -35.8 , 3 , 27.83 , 3.544 , 0.084 , 14.50 , 271.65
1066 , 6460 , 415.60 , -36.0 , 3 , 27.75 , 3.548 , 0.085 , 14.76 , 271.39
1076 , 6529 , 411.52 , -36.5 , 3 , 27.71 , 3.539 , 0.086 , 15.03 , 271.11
1086 , 6596 , 407.52 , -36.9 , 3 , 27.69 , 3.551 , 0.087 , 15.31 , 270.84
1096 , 6665 , 403.46 , -37.3 , 3 , 27.62 , 3.622 , 0.090 , 15.59 , 270.55
1105 , 6730 , 399.69 , -37.8 , 3 , 27.60 , 3.676 , 0.092 , 15.86 , 270.28
1115 , 6794 , 396.02 , -38.3 , 3 , 27.59 , 3.707 , 0.094 , 16.13 , 270.02
1125 , 6859 , 392.28 , -38.9 , 3 , 27.54 , 3.702 , 0.094 , 16.41 , 269.74
1135 , 6925 , 388.48 , -39.2 , 3 , 27.53 , 3.580 , 0.092 , 16.69 , 269.46
1145 , 6991 , 384.76 , -39.8 , 4 , 27.50 , 3.412 , 0.089 , 16.95 , 269.19
1155 , 7059 , 380.96 , -40.1 , 4 , 27.43 , 3.375 , 0.089 , 17.22 , 268.93
1165 , 7124 , 377.34 , -40.5 , 4 , 27.40 , 3.507 , 0.093 , 17.48 , 268.67
1175 , 7193 , 373.54 , -40.8 , 4 , 27.37 , 3.726 , 0.100 , 17.77 , 268.38
1185 , 7258 , 369.99 , -41.2 , 4 , 27.35 , 3.972 , 0.107 , 18.06 , 268.09
1195 , 7316 , 366.82 , -41.5 , 3 , 27.30 , 4.160 , 0.113 , 18.33 , 267.81
1205 , 7379 , 363.46 , -41.6 , 3 , 27.28 , 4.279 , 0.118 , 18.64 , 267.51
1215 , 7443 , 360.03 , -42.1 , 3 , 27.25 , 4.343 , 0.121 , 18.96 , 267.18
1225 , 7507 , 356.62 , -42.6 , 4 , 27.22 , 4.419 , 0.124 , 19.29 , 266.85
1235 , 7573 , 353.13 , -42.9 , 4 , 27.16 , 4.473 , 0.127 , 19.64 , 266.51
1245 , 7637 , 349.83 , -43.4 , 3 , 27.13 , 4.486 , 0.128 , 19.97 , 266.18
1255 , 7705 , 346.29 , -44.0 , 4 , 27.10 , 4.462 , 0.129 , 20.33 , 265.82
1265 , 7773 , 342.81 , -44.5 , 4 , 27.07 , 4.276 , 0.125 , 20.68 , 265.47
1275 , 7844 , 339.15 , -44.7 , 5 , 27.02 , 3.899 , 0.115 , 21.02 , 265.12
1285 , 7912 , 335.73 , -45.2 , 5 , 26.99 , 3.639 , 0.108 , 21.32 , 264.82
1295 , 7982 , 332.24 , -45.5 , 6 , 26.93 , 3.443 , 0.104 , 21.62 , 264.53
1305 , 8048 , 328.95 , -46.0 , 10 , 26.88 , 2.838 , 0.086 , 21.86 , 264.28
1315 , 8115 , 325.66 , -46.5 , 13 , 26.83 , 2.424 , 0.074 , 22.07 , 264.08
1325 , 8182 , 322.40 , -47.1 , 13 , 26.78 , 2.300 , 0.071 , 22.26 , 263.89
1335 , 8247 , 319.22 , -47.5 , 12 , 26.74 , 2.348 , 0.074 , 22.44 , 263.71
1345 , 8313 , 316.06 , -47.8 , 9 , 26.68 , 2.757 , 0.087 , 22.64 , 263.51
1355 , 8381 , 312.82 , -48.2 , 6 , 26.64 , 3.406 , 0.109 , 22.89 , 263.25
1365 , 8449 , 309.57 , -48.8 , 5 , 26.62 , 3.868 , 0.125 , 23.19 , 262.95
1375 , 8518 , 306.35 , -49.3 , 5 , 26.55 , 3.980 , 0.130 , 23.51 , 262.63
1385 , 8585 , 303.22 , -49.8 , 6 , 26.45 , 3.894 , 0.128 , 23.83 , 262.31
1395 , 8649 , 300.27 , -50.1 , 7 , 26.37 , 3.828 , 0.127 , 24.13 , 262.01
1404 , 8705 , 297.71 , -50.5 , 8 , 26.33 , 3.165 , 0.106 , 24.37 , 261.78
1413 , 8766 , 294.92 , -50.9 , 8 , 26.30 , 2.672 , 0.091 , 24.58 , 261.56
1423 , 8833 , 291.92 , -51.4 , 8 , 26.26 , 2.254 , 0.077 , 24.78 , 261.36
1433 , 8892 , 289.24 , -51.9 , 9 , 26.23 , 1.982 , 0.069 , 24.94 , 261.21
1443 , 8959 , 286.30 , -52.5 , 9 , 26.17 , 1.871 , 0.065 , 25.09 , 261.05
1453 , 9010 , 284.02 , -52.7 , 10 , 26.12 , 1.882 , 0.066 , 25.21 , 260.93
1463 , 9070 , 281.39 , -53.0 , 11 , 26.09 , 1.962 , 0.070 , 25.35 , 260.79
1473 , 9135 , 278.56 , -53.5 , 13 , 26.04 , 2.009 , 0.072 , 25.51 , 260.63
1483 , 9201 , 275.73 , -53.9 , 13 , 25.98 , 2.127 , 0.077 , 25.68 , 260.47
1493 , 9256 , 273.36 , -54.0 , 13 , 25.94 , 2.289 , 0.084 , 25.83 , 260.32
1503 , 9310 , 271.06 , -54.3 , 13 , 25.88 , 2.417 , 0.089 , 25.99 , 260.16
1513 , 9365 , 268.76 , -54.5 , 12 , 25.84 , 2.399 , 0.089 , 26.15 , 260.00
1523 , 9414 , 266.70 , -54.8 , 12 , 25.79 , 2.424 , 0.091 , 26.29 , 259.85
1533 , 9469 , 264.44 , -55.1 , 11 , 25.75 , 2.716 , 0.103 , 26.47 , 259.68
1543 , 9533 , 261.78 , -55.3 , 11 , 25.69 , 3.091 , 0.118 , 26.70 , 259.45
1553 , 9582 , 259.77 , -55.6 , 12 , 25.65 , 3.263 , 0.126 , 26.89 , 259.25
1563 , 9641 , 257.38 , -56.0 , 12 , 25.62 , 3.271 , 0.127 , 27.13 , 259.02
1573 , 9709 , 254.62 , -56.6 , 13 , 25.56 , 3.208 , 0.126 , 27.41 , 258.74
1583 , 9768 , 252.29 , -57.0 , 13 , 25.51 , 3.053 , 0.121 , 27.63 , 258.51
1593 , 9837 , 249.54 , -57.3 , 14 , 25.46 , 2.903 , 0.116 , 27.89 , 258.26
1603 , 9910 , 246.67 , -57.4 , 14 , 25.41 , 2.855 , 0.116 , 28.15 , 257.99
1613 , 9963 , 244.60 , -57.5 , 15 , 25.35 , 2.907 , 0.119 , 28.34 , 257.80
1623 , 10020 , 242.42 , -57.9 , 15 , 25.31 , 2.958 , 0.122 , 28.55 , 257.59
1633 , 10069 , 240.51 , -58.1 , 15 , 25.26 , 3.021 , 0.126 , 28.74 , 257.41
1643 , 10114 , 238.80 , -58.1 , 16 , 25.21 , 3.086 , 0.129 , 28.91 , 257.24
1653 , 10157 , 237.18 , -58.0 , 16 , 25.16 , 3.177 , 0.134 , 29.08 , 257.07
1663 , 10203 , 235.47 , -58.1 , 16 , 25.14 , 3.266 , 0.139 , 29.26 , 256.88
1673 , 10247 , 233.83 , -58.5 , 16 , 25.09 , 3.338 , 0.143 , 29.44 , 256.70
1682 , 10290 , 232.23 , -58.7 , 16 , 25.05 , 3.391 , 0.146 , 29.63 , 256.52
1692 , 10335 , 230.55 , -58.5 , 16 , 25.01 , 3.477 , 0.151 , 29.82 , 256.32
1702 , 10387 , 228.66 , -58.9 , 16 , 24.96 , 3.500 , 0.153 , 30.05 , 256.10
1711 , 10450 , 226.39 , -58.9 , 16 , 24.91 , 3.555 , 0.157 , 30.33 , 255.82
1721 , 10499 , 224.60 , -58.9 , 16 , 24.86 , 3.638 , 0.162 , 30.55 , 255.59
1731 , 10546 , 222.95 , -59.0 , 16 , 24.80 , 3.679 , 0.165 , 30.77 , 255.38
1741 , 10591 , 221.33 , -59.3 , 15 , 24.75 , 3.660 , 0.165 , 30.98 , 255.17
1751 , 10639 , 219.66 , -59.6 , 15 , 24.71 , 3.643 , 0.166 , 31.20 , 254.95
1761 , 10701 , 217.48 , -59.4 , 15 , 24.66 , 3.605 , 0.166 , 31.48 , 254.66
1771 , 10758 , 215.52 , -59.7 , 15 , 24.60 , 3.651 , 0.169 , 31.74 , 254.41
1781 , 10804 , 213.92 , -60.2 , 14 , 24.56 , 3.748 , 0.175 , 31.96 , 254.19
1791 , 10857 , 212.11 , -60.3 , 13 , 24.51 , 4.005 , 0.189 , 32.22 , 253.93
1801 , 10908 , 210.38 , -60.5 , 11 , 24.45 , 4.367 , 0.208 , 32.49 , 253.66
1811 , 10959 , 208.67 , -60.6 , 9 , 24.41 , 4.703 , 0.225 , 32.78 , 253.37
1821 , 11010 , 206.98 , -60.8 , 8 , 24.36 , 4.836 , 0.234 , 33.09 , 253.06
1831 , 11059 , 205.35 , -60.5 , 7 , 24.31 , 4.936 , 0.240 , 33.39 , 252.75
1841 , 11102 , 203.93 , -60.4 , 6 , 24.26 , 5.076 , 0.249 , 33.67 , 252.48
1851 , 11158 , 202.11 , -60.2 , 6 , 24.21 , 5.063 , 0.250 , 34.02 , 252.12
1861 , 11224 , 199.98 , -60.4 , 5 , 24.16 , 4.993 , 0.250 , 34.44 , 251.70
1871 , 11263 , 198.74 , -60.4 , 5 , 24.11 , 5.071 , 0.255 , 34.69 , 251.45
1881 , 11304 , 197.42 , -60.5 , 5 , 24.05 , 4.991 , 0.253 , 34.96 , 251.19
1891 , 11367 , 195.44 , -60.6 , 5 , 24.01 , 4.886 , 0.250 , 35.35 , 250.80
1901 , 11438 , 193.21 , -61.0 , 5 , 23.95 , 4.863 , 0.252 , 35.79 , 250.36
1910 , 11500 , 191.29 , -61.3 , 5 , 23.90 , 4.881 , 0.255 , 36.17 , 249.97
1920 , 11553 , 189.65 , -61.0 , 4 , 23.84 , 4.900 , 0.258 , 36.51 , 249.64
1930 , 11598 , 188.30 , -60.9 , 4 , 23.78 , 4.964 , 0.264 , 36.78 , 249.36
1940 , 11642 , 186.98 , -60.7 , 4 , 23.72 , 4.984 , 0.267 , 37.06 , 249.09
1950 , 11687 , 185.61 , -60.5 , 3 , 23.67 , 4.974 , 0.268 , 37.35 , 248.80
1960 , 11734 , 184.21 , -60.5 , 3 , 23.62 , 5.010 , 0.272 , 37.65 , 248.50
1970 , 11782 , 182.82 , -60.5 , 3 , 23.56 , 5.046 , 0.276 , 37.95 , 248.20
1980 , 11830 , 181.41 , -60.7 , 3 , 23.51 , 5.046 , 0.278 , 38.26 , 247.89
1990 , 11879 , 179.98 , -61.1 , 3 , 23.47 , 4.986 , 0.277 , 38.57 , 247.58
2000 , 11929 , 178.52 , -61.2 , 3 , 23.42 , 4.961 , 0.278 , 38.89 , 247.26
2010 , 11975 , 177.21 , -61.1 , 3 , 23.36 , 4.994 , 0.282 , 39.18 , 246.97
2019 , 12021 , 175.92 , -61.4 , 3 , 23.30 , 4.939 , 0.281 , 39.47 , 246.68
2028 , 12064 , 174.70 , -61.5 , 2 , 23.25 , 4.952 , 0.283 , 39.74 , 246.41
2038 , 12111 , 173.36 , -61.7 , 2 , 23.21 , 4.921 , 0.284 , 40.04 , 246.11
2048 , 12155 , 172.14 , -61.7 , 2 , 23.15 , 4.928 , 0.286 , 40.31 , 245.83
2058 , 12197 , 170.98 , -61.9 , 2 , 23.11 , 4.904 , 0.287 , 40.57 , 245.57
2068 , 12237 , 169.89 , -62.0 , 2 , 23.05 , 4.895 , 0.288 , 40.82 , 245.32
2078 , 12275 , 168.84 , -62.1 , 2 , 22.99 , 4.887 , 0.289 , 41.06 , 245.09
2088 , 12312 , 167.84 , -61.8 , 2 , 22.94 , 4.878 , 0.291 , 41.29 , 244.86
2098 , 12349 , 166.84 , -61.8 , 2 , 22.89 , 4.832 , 0.290 , 41.52 , 244.63
2108 , 12386 , 165.84 , -62.0 , 2 , 22.84 , 4.788 , 0.289 , 41.75 , 244.40
2118 , 12423 , 164.85 , -61.8 , 2 , 22.80 , 4.770 , 0.289 , 41.97 , 244.17
2128 , 12461 , 163.82 , -60.8 , 2 , 22.75 , 4.707 , 0.287 , 42.21 , 243.94
2138 , 12497 , 162.88 , -60.6 , 2 , 22.70 , 4.692 , 0.288 , 42.42 , 243.72
2148 , 12534 , 161.91 , -60.7 , 2 , 22.65 , 4.648 , 0.287 , 42.64 , 243.51
2158 , 12568 , 161.03 , -60.1 , 2 , 22.58 , 4.691 , 0.291 , 42.84 , 243.31
2168 , 12603 , 160.15 , -59.5 , 2 , 22.52 , 4.764 , 0.297 , 43.05 , 243.10
2178 , 12642 , 159.14 , -59.3 , 2 , 22.46 , 4.775 , 0.300 , 43.28 , 242.86
2188 , 12685 , 158.05 , -59.5 , 2 , 22.41 , 4.763 , 0.301 , 43.54 , 242.60
2198 , 12732 , 156.88 , -59.6 , 2 , 22.36 , 4.740 , 0.302 , 43.82 , 242.32
2208 , 12779 , 155.69 , -59.8 , 2 , 22.31 , 4.698 , 0.302 , 44.10 , 242.04
2218 , 12823 , 154.60 , -59.8 , 2 , 22.26 , 4.648 , 0.301 , 44.36 , 241.78
2228 , 12868 , 153.50 , -59.4 , 2 , 22.21 , 4.688 , 0.305 , 44.63 , 241.52
2238 , 12913 , 152.39 , -59.7 , 2 , 22.17 , 4.644 , 0.305 , 44.89 , 241.25
2248 , 12958 , 151.30 , -59.8 , 2 , 22.11 , 4.608 , 0.305 , 45.16 , 240.99
2258 , 13000 , 150.28 , -60.2 , 2 , 22.06 , 4.556 , 0.303 , 45.40 , 240.74
2268 , 13045 , 149.21 , -60.3 , 1 , 22.01 , 4.550 , 0.305 , 45.66 , 240.49
2278 , 13089 , 148.16 , -60.2 , 1 , 21.96 , 4.558 , 0.308 , 45.91 , 240.23
2288 , 13137 , 147.01 , -60.4 , 1 , 21.90 , 4.533 , 0.308 , 46.19 , 239.95
2298 , 13178 , 146.06 , -60.3 , 1 , 21.84 , 4.481 , 0.307 , 46.42 , 239.72
2308 , 13218 , 145.12 , -60.3 , 1 , 21.79 , 4.483 , 0.309 , 46.65 , 239.49
2317 , 13259 , 144.17 , -60.4 , 1 , 21.74 , 4.427 , 0.307 , 46.88 , 239.26
2327 , 13298 , 143.26 , -60.4 , 1 , 21.69 , 4.363 , 0.305 , 47.10 , 239.04
2337 , 13342 , 142.25 , -59.5 , 1 , 21.63 , 4.224 , 0.297 , 47.34 , 238.81
2347 , 13391 , 141.15 , -59.5 , 1 , 21.57 , 4.067 , 0.288 , 47.59 , 238.55
2357 , 13437 , 140.10 , -59.8 , 1 , 21.51 , 3.959 , 0.283 , 47.83 , 238.32
2367 , 13482 , 139.10 , -60.1 , 1 , 21.46 , 3.972 , 0.286 , 48.06 , 238.09
2377 , 13526 , 138.12 , -60.0 , 1 , 21.40 , 3.915 , 0.283 , 48.27 , 237.87
2387 , 13570 , 137.17 , -59.9 , 1 , 21.34 , 3.973 , 0.290 , 48.49 , 237.66
2397 , 13612 , 136.25 , -59.6 , 1 , 21.29 , 3.972 , 0.292 , 48.70 , 237.44
2407 , 13653 , 135.34 , -59.2 , 1 , 21.23 , 3.862 , 0.285 , 48.91 , 237.24
2417 , 13694 , 134.46 , -58.9 , 1 , 21.18 , 3.723 , 0.277 , 49.10 , 237.04
2427 , 13734 , 133.60 , -58.8 , 1 , 21.12 , 3.682 , 0.276 , 49.29 , 236.86
2437 , 13775 , 132.74 , -58.7 , 1 , 21.06 , 3.564 , 0.269 , 49.48 , 236.67
2447 , 13815 , 131.90 , -58.6 , 1 , 21.01 , 3.390 , 0.257 , 49.65 , 236.50
2457 , 13855 , 131.07 , -58.8 , 1 , 20.95 , 3.252 , 0.248 , 49.82 , 236.33
2467 , 13896 , 130.20 , -58.9 , 1 , 20.89 , 3.211 , 0.247 , 49.98 , 236.16
2477 , 13936 , 129.37 , -59.1 , 1 , 20.84 , 3.193 , 0.247 , 50.15 , 236.00
2487 , 13976 , 128.54 , -59.1 , 1 , 20.78 , 3.145 , 0.245 , 50.31 , 235.84
2497 , 14016 , 127.74 , -59.2 , 1 , 20.73 , 3.099 , 0.243 , 50.46 , 235.68
2507 , 14058 , 126.88 , -59.1 , 1 , 20.68 , 3.073 , 0.242 , 50.62 , 235.52
2517 , 14102 , 125.99 , -58.7 , 1 , 20.63 , 3.026 , 0.240 , 50.79 , 235.35
2527 , 14152 , 124.99 , -58.5 , 1 , 20.58 , 2.985 , 0.239 , 50.98 , 235.16
2537 , 14198 , 124.09 , -58.7 , 1 , 20.53 , 2.991 , 0.241 , 51.15 , 234.99
2547 , 14247 , 123.13 , -58.9 , 1 , 20.48 , 2.974 , 0.242 , 51.34 , 234.81
2557 , 14292 , 122.23 , -58.8 , 1 , 20.43 , 2.919 , 0.239 , 51.51 , 234.64
2567 , 14342 , 121.28 , -58.2 , 1 , 20.38 , 2.900 , 0.239 , 51.69 , 234.46
2577 , 14401 , 120.13 , -58.3 , 1 , 20.33 , 2.906 , 0.242 , 51.91 , 234.24
2587 , 14458 , 119.05 , -58.6 , 1 , 20.28 , 2.904 , 0.244 , 52.11 , 234.03
2597 , 14503 , 118.21 , -58.6 , 1 , 20.22 , 2.866 , 0.242 , 52.27 , 233.87
2607 , 14550 , 117.32 , -58.5 , 1 , 20.17 , 2.875 , 0.245 , 52.44 , 233.70
2616 , 14594 , 116.49 , -58.3 , 1 , 20.12 , 2.892 , 0.248 , 52.61 , 233.54
2625 , 14635 , 115.74 , -58.4 , 1 , 20.07 , 2.946 , 0.255 , 52.75 , 233.39
2635 , 14680 , 114.92 , -58.7 , 1 , 20.03 , 2.960 , 0.258 , 52.92 , 233.22
2645 , 14729 , 114.03 , -58.8 , 1 , 19.97 , 2.957 , 0.259 , 53.10 , 233.04
2655 , 14777 , 113.17 , -58.9 , 1 , 19.93 , 2.950 , 0.261 , 53.28 , 232.87
2665 , 14824 , 112.32 , -58.5 , 1 , 19.88 , 2.971 , 0.265 , 53.46 , 232.69
2675 , 14873 , 111.44 , -58.2 , 1 , 19.83 , 3.022 , 0.271 , 53.64 , 232.50
2685 , 14920 , 110.61 , -58.3 , 1 , 19.79 , 3.083 , 0.279 , 53.82 , 232.33
2695 , 14964 , 109.83 , -58.2 , 1 , 19.74 , 3.185 , 0.290 , 53.99 , 232.15
2705 , 15007 , 109.09 , -57.9 , 1 , 19.70 , 3.330 , 0.305 , 54.17 , 231.98
2715 , 15051 , 108.33 , -57.8 , 1 , 19.65 , 3.412 , 0.315 , 54.36 , 231.79
2725 , 15094 , 107.60 , -57.4 , 1 , 19.60 , 3.416 , 0.317 , 54.54 , 231.61
2735 , 15138 , 106.84 , -57.6 , 1 , 19.56 , 3.358 , 0.314 , 54.73 , 231.42
2745 , 15178 , 106.18 , -57.7 , 1 , 19.51 , 3.259 , 0.307 , 54.89 , 231.26
2755 , 15216 , 105.54 , -57.8 , 1 , 19.47 , 3.174 , 0.301 , 55.04 , 231.10
2765 , 15249 , 104.98 , -57.5 , 1 , 19.43 , 3.198 , 0.305 , 55.18 , 230.97
2775 , 15283 , 104.43 , -57.3 , 1 , 19.38 , 3.114 , 0.298 , 55.31 , 230.84
2785 , 15317 , 103.86 , -57.2 , 1 , 19.34 , 3.065 , 0.295 , 55.44 , 230.70
2795 , 15351 , 103.30 , -56.4 , 1 , 19.30 , 3.027 , 0.293 , 55.57 , 230.58
2805 , 15385 , 102.75 , -56.1 , 1 , 19.26 , 3.019 , 0.294 , 55.70 , 230.45
2815 , 15422 , 102.16 , -56.0 , 1 , 19.21 , 2.983 , 0.292 , 55.83 , 230.31
2825 , 15462 , 101.52 , -56.0 , 1 , 19.17 , 2.986 , 0.294 , 55.98 , 230.16
2835 , 15502 , 100.88 , -55.9 , 1 , 19.13 , 3.156 , 0.313 , 56.14 , 230.01
2845 , 15543 , 100.23 , -55.8 , 1 , 19.09 , 3.516 , 0.351 , 56.31 , 229.84
2855 , 15587 , 99.55 , -55.7 , 1 , 19.05 , 3.446 , 0.346 , 56.49 , 229.65
2865 , 15631 , 98.86 , -55.5 , 1 , 19.01 , 3.124 , 0.316 , 56.67 , 229.47
2875 , 15677 , 98.14 , -55.2 , 1 , 18.96 , 2.827 , 0.288 , 56.84 , 229.30
2885 , 15723 , 97.43 , -54.9 , 1 , 18.92 , 2.741 , 0.281 , 57.00 , 229.14
2895 , 15770 , 96.73 , -55.0 , 1 , 18.88 , 2.809 , 0.290 , 57.16 , 228.98
2905 , 15817 , 96.02 , -55.0 , 1 , 18.84 , 2.931 , 0.305 , 57.33 , 228.82
2914 , 15860 , 95.38 , -55.4 , 1 , 18.81 , 3.039 , 0.319 , 57.49 , 228.66
2924 , 15902 , 94.75 , -55.3 , 1 , 18.77 , 3.040 , 0.321 , 57.65 , 228.50
2934 , 15947 , 94.08 , -55.2 , 1 , 18.73 , 2.867 , 0.305 , 57.81 , 228.33
2944 , 15991 , 93.44 , -55.3 , 1 , 18.69 , 2.676 , 0.286 , 57.96 , 228.18
2954 , 16034 , 92.81 , -55.4 , 1 , 18.65 , 2.549 , 0.275 , 58.10 , 228.04
2964 , 16076 , 92.19 , -54.8 , 1 , 18.61 , 2.538 , 0.275 , 58.23 , 227.91
2974 , 16117 , 91.61 , -54.3 , 1 , 18.57 , 2.656 , 0.290 , 58.36 , 227.78
2984 , 16156 , 91.06 , -54.1 , 1 , 18.54 , 2.847 , 0.313 , 58.50 , 227.65
2994 , 16193 , 90.53 , -54.1 , 1 , 18.50 , 3.096 , 0.342 , 58.63 , 227.51
3004 , 16229 , 90.02 , -53.8 , 1 , 18.46 , 3.371 , 0.375 , 58.78 , 227.37
3014 , 16266 , 89.50 , -53.3 , 1 , 18.43 , 3.578 , 0.400 , 58.94 , 227.21
3024 , 16306 , 88.95 , -53.2 , 1 , 18.39 , 3.612 , 0.406 , 59.11 , 227.04
3034 , 16345 , 88.42 , -53.0 , 1 , 18.35 , 3.438 , 0.389 , 59.28 , 226.87
3044 , 16384 , 87.87 , -52.7 , 1 , 18.32 , 3.249 , 0.370 , 59.44 , 226.71
3054 , 16424 , 87.34 , -52.3 , 1 , 18.28 , 3.099 , 0.355 , 59.59 , 226.55
3064 , 16464 , 86.80 , -51.9 , 1 , 18.24 , 3.023 , 0.348 , 59.74 , 226.40
3074 , 16503 , 86.27 , -51.4 , 1 , 18.21 , 3.216 , 0.373 , 59.89 , 226.25
3084 , 16546 , 85.71 , -51.4 , 1 , 18.17 , 3.581 , 0.418 , 60.07 , 226.08
3094 , 16591 , 85.11 , -51.6 , 1 , 18.14 , 3.940 , 0.463 , 60.27 , 225.87
3104 , 16639 , 84.49 , -51.5 , 1 , 18.10 , 4.396 , 0.520 , 60.51 , 225.63
3114 , 16686 , 83.87 , -51.9 , 1 , 18.07 , 4.820 , 0.575 , 60.78 , 225.36
3124 , 16734 , 83.26 , -52.2 , 1 , 18.03 , 5.122 , 0.615 , 61.07 , 225.08
3134 , 16781 , 82.66 , -52.1 , 1 , 18.00 , 5.478 , 0.663 , 61.37 , 224.77
3144 , 16829 , 82.04 , -52.2 , 1 , 17.96 , 5.775 , 0.704 , 61.71 , 224.44
3154 , 16879 , 81.41 , -52.2 , 1 , 17.93 , 5.983 , 0.735 , 62.07 , 224.08
3164 , 16930 , 80.77 , -52.2 , 1 , 17.90 , 6.125 , 0.758 , 62.44 , 223.70
3174 , 16982 , 80.13 , -51.8 , 1 , 17.86 , 6.225 , 0.777 , 62.83 , 223.31
3184 , 17035 , 79.48 , -51.6 , 1 , 17.83 , 6.318 , 0.795 , 63.23 , 222.91
3194 , 17087 , 78.84 , -51.2 , 1 , 17.80 , 6.422 , 0.815 , 63.64 , 222.50
3204 , 17138 , 78.23 , -50.9 , 1 , 17.77 , 6.417 , 0.820 , 64.03 , 222.11
3214 , 17187 , 77.63 , -50.7 , 1 , 17.73 , 6.389 , 0.823 , 64.42 , 221.73
3223 , 17235 , 77.07 , -50.6 , 1 , 17.70 , 6.417 , 0.833 , 64.79 , 221.36
3233 , 17282 , 76.52 , -50.6 , 1 , 17.67 , 6.575 , 0.859 , 65.16 , 220.99
3243 , 17329 , 75.96 , -50.8 , 1 , 17.64 , 6.717 , 0.884 , 65.54 , 220.60
3253 , 17375 , 75.43 , -50.7 , 1 , 17.61 , 6.825 , 0.905 , 65.91 , 220.23
3263 , 17416 , 74.95 , -50.2 , 1 , 17.58 , 7.346 , 0.980 , 66.27 , 219.88
3273 , 17455 , 74.51 , -49.9 , 1 , 17.55 , 8.008 , 1.075 , 66.63 , 219.52
3283 , 17489 , 74.12 , -48.9 , 1 , 17.52 , 8.432 , 1.138 , 66.97 , 219.18
3293 , 17522 , 73.75 , -48.4 , 1 , 17.49 , 8.517 , 1.155 , 67.30 , 218.84
3303 , 17552 , 73.41 , -47.7 , 1 , 17.46 , 8.390 , 1.143 , 67.61 , 218.54
3313 , 17580 , 73.11 , -47.2 , 1 , 17.43 , 8.392 , 1.148 , 67.88 , 218.26
3323 , 17608 , 72.80 , -46.7 , 1 , 17.40 , 8.354 , 1.148 , 68.16 , 217.98
3333 , 17636 , 72.49 , -46.5 , 1 , 17.37 , 8.154 , 1.125 , 68.44 , 217.71
3343 , 17666 , 72.16 , -45.8 , 1 , 17.34 , 8.137 , 1.128 , 68.74 , 217.41
3353 , 17699 , 71.80 , -45.5 , 1 , 17.31 , 8.240 , 1.148 , 69.05 , 217.09
3363 , 17735 , 71.42 , -45.6 , 1 , 17.28 , 8.297 , 1.162 , 69.40 , 216.74
3373 , 17772 , 71.03 , -45.7 , 1 , 17.25 , 8.292 , 1.168 , 69.77 , 216.38
3383 , 17810 , 70.62 , -45.7 , 1 , 17.22 , 8.235 , 1.166 , 70.14 , 216.00
3393 , 17847 , 70.23 , -45.5 , 1 , 17.19 , 8.107 , 1.154 , 70.50 , 215.64
3403 , 17888 , 69.80 , -44.8 , 1 , 17.16 , 7.812 , 1.119 , 70.89 , 215.26
3413 , 17932 , 69.34 , -44.7 , 1 , 17.13 , 7.501 , 1.082 , 71.28 , 214.87
3423 , 17976 , 68.89 , -44.8 , 1 , 17.11 , 7.283 , 1.057 , 71.66 , 214.48
3433 , 18020 , 68.43 , -44.8 , 1 , 17.08 , 7.340 , 1.073 , 72.05 , 214.10
3443 , 18067 , 67.95 , -44.6 , 1 , 17.05 , 7.412 , 1.091 , 72.46 , 213.69
3453 , 18115 , 67.47 , -44.5 , 1 , 17.02 , 7.531 , 1.116 , 72.88 , 213.27
3463 , 18164 , 66.98 , -44.5 , 1 , 17.00 , 7.684 , 1.147 , 73.31 , 212.83
3473 , 18214 , 66.48 , -44.3 , 1 , 16.97 , 7.587 , 1.141 , 73.77 , 212.38
3483 , 18264 , 65.99 , -44.4 , 1 , 16.94 , 7.521 , 1.140 , 74.21 , 211.94
3493 , 18315 , 65.49 , -44.8 , 1 , 16.91 , 7.463 , 1.140 , 74.66 , 211.49
3503 , 18366 , 64.99 , -45.1 , 1 , 16.88 , 7.465 , 1.149 , 75.11 , 211.04
3513 , 18418 , 64.48 , -45.4 , 1 , 16.86 , 7.542 , 1.170 , 75.57 , 210.57
3522 , 18466 , 64.02 , -45.7 , 1 , 16.83 , 7.667 , 1.198 , 76.01 , 210.14
3532 , 18510 , 63.59 , -45.8 , 1 , 16.80 , 7.788 , 1.225 , 76.41 , 209.73
3542 , 18556 , 63.16 , -44.8 , 1 , 16.77 , 8.022 , 1.270 , 76.84 , 209.31
3552 , 18599 , 62.75 , -44.3 , 1 , 16.75 , 8.308 , 1.324 , 77.26 , 208.89
3562 , 18642 , 62.35 , -44.2 , 1 , 16.72 , 8.642 , 1.386 , 77.69 , 208.46
3572 , 18682 , 61.98 , -44.1 , 1 , 16.69 , 9.011 , 1.454 , 78.10 , 208.04
3582 , 18724 , 61.59 , -43.9 , 1 , 16.67 , 9.354 , 1.519 , 78.56 , 207.59
3592 , 18766 , 61.21 , -43.8 , 1 , 16.64 , 9.582 , 1.565 , 79.02 , 207.13
3602 , 18808 , 60.83 , -43.6 , 1 , 16.61 , 9.763 , 1.605 , 79.50 , 206.64
3612 , 18849 , 60.46 , -42.8 , 1 , 16.58 , 10.069 , 1.665 , 79.97 , 206.17
3622 , 18891 , 60.08 , -41.6 , 1 , 16.56 , 10.481 , 1.744 , 80.48 , 205.67
3632 , 18933 , 59.71 , -41.4 , 1 , 16.53 , 10.895 , 1.825 , 81.01 , 205.14
3642 , 18978 , 59.32 , -41.3 , 1 , 16.51 , 11.180 , 1.885 , 81.57 , 204.57
3652 , 19022 , 58.94 , -40.6 , 1 , 16.48 , 11.447 , 1.942 , 82.15 , 204.00
3662 , 19065 , 58.57 , -40.2 , 1 , 16.45 , 11.814 , 2.017 , 82.73 , 203.41
3672 , 19108 , 58.20 , -39.8 , 1 , 16.43 , 12.206 , 2.097 , 83.33 , 202.81
3682 , 19153 , 57.82 , -39.0 , 1 , 16.40 , 12.567 , 2.173 , 83.97 , 202.18
3692 , 19194 , 57.47 , -38.6 , 1 , 16.38 , 12.902 , 2.245 , 84.58 , 201.57
3702 , 19236 , 57.12 , -38.7 , 1 , 16.35 , 13.112 , 2.296 , 85.21 , 200.94
3712 , 19276 , 56.79 , -38.8 , 1 , 16.33 , 13.231 , 2.330 , 85.82 , 200.33
3722 , 19318 , 56.44 , -38.9 , 1 , 16.30 , 13.346 , 2.365 , 86.46 , 199.69
3732 , 19362 , 56.08 , -38.8 , 1 , 16.28 , 13.462 , 2.400 , 87.13 , 199.02
3742 , 19404 , 55.74 , -38.5 , 1 , 16.25 , 13.637 , 2.446 , 87.79 , 198.36
3752 , 19446 , 55.40 , -38.7 , 1 , 16.23 , 13.699 , 2.473 , 88.45 , 197.69
3762 , 19491 , 55.03 , -38.9 , 1 , 16.21 , 13.698 , 2.489 , 89.16 , 196.98
3772 , 19538 , 54.66 , -38.8 , 1 , 16.18 , 13.626 , 2.493 , 89.90 , 196.25
3782 , 19581 , 54.32 , -38.9 , 1 , 16.16 , 13.533 , 2.491 , 90.56 , 195.58
3792 , 19622 , 54.00 , -39.0 , 1 , 16.14 , 13.451 , 2.491 , 91.20 , 194.95
3802 , 19664 , 53.66 , -38.8 , 1 , 16.12 , 13.453 , 2.507 , 91.86 , 194.29
3812 , 19707 , 53.33 , -38.5 , 1 , 16.10 , 13.581 , 2.547 , 92.52 , 193.62
3822 , 19750 , 53.00 , -38.4 , 1 , 16.07 , 13.816 , 2.607 , 93.19 , 192.95
3831 , 19792 , 52.68 , -37.9 , 1 , 16.05 , 14.056 , 2.668 , 93.87 , 192.28
3841 , 19833 , 52.36 , -37.6 , 1 , 16.03 , 14.354 , 2.741 , 94.53 , 191.61
3851 , 19878 , 52.02 , -37.5 , 1 , 16.01 , 14.915 , 2.867 , 95.29 , 190.85
3861 , 19926 , 51.66 , -37.8 , 1 , 16.00 , 15.279 , 2.958 , 96.13 , 190.02
3871 , 19972 , 51.32 , -38.2 , 1 , 15.98 , 15.458 , 3.012 , 96.92 , 189.22
3881 , 20018 , 50.97 , -38.6 , 1 , 15.95 , 15.635 , 3.067 , 97.76 , 188.39
3891 , 20064 , 50.63 , -38.9 , 1 , 15.94 , 15.724 , 3.105 , 98.59 , 187.56
3901 , 20111 , 50.29 , -38.8 , 1 , 15.92 , 15.767 , 3.135 , 99.43 , 186.72
3911 , 20158 , 49.94 , -38.8 , 1 , 15.90 , 15.868 , 3.177 , 100.29 , 185.86
3921 , 20206 , 49.60 , -39.0 , 1 , 15.88 , 15.902 , 3.206 , 101.16 , 184.98
3931 , 20254 , 49.25 , -38.9 , 1 , 15.86 , 15.922 , 3.233 , 102.05 , 184.09
3941 , 20303 , 48.90 , -39.2 , 1 , 15.84 , 15.964 , 3.265 , 102.95 , 183.20
3951 , 20351 , 48.56 , -39.3 , 1 , 15.83 , 15.955 , 3.286 , 103.83 , 182.32
3961 , 20399 , 48.22 , -39.2 , 1 , 15.81 , 15.928 , 3.303 , 104.71 , 181.44
3971 , 20447 , 47.88 , -39.0 , 1 , 15.79 , 15.993 , 3.340 , 105.59 , 180.55
3981 , 20494 , 47.56 , -39.1 , 1 , 15.77 , 15.962 , 3.356 , 106.46 , 179.69
3991 , 20540 , 47.23 , -39.3 , 1 , 15.76 , 16.017 , 3.391 , 107.31 , 178.83
4001 , 20587 , 46.92 , -39.5 , 1 , 15.74 , 16.040 , 3.419 , 108.17 , 177.98
4011 , 20633 , 46.60 , -39.1 , 1 , 15.72 , 15.999 , 3.433 , 109.02 , 177.13
4021 , 20675 , 46.31 , -38.6 , 1 , 15.71 , 16.004 , 3.456 , 109.80 , 176.34
4031 , 20721 , 46.01 , -38.1 , 1 , 15.69 , 16.081 , 3.495 , 110.64 , 175.51
4041 , 20764 , 45.72 , -38.2 , 1 , 15.68 , 16.088 , 3.519 , 111.44 , 174.71
4051 , 20808 , 45.43 , -38.3 , 1 , 15.66 , 16.089 , 3.542 , 112.25 , 173.90
4061 , 20852 , 45.14 , -38.1 , 1 , 15.64 , 15.972 , 3.538 , 113.05 , 173.09
4071 , 20894 , 44.86 , -37.7 , 1 , 15.63 , 16.001 , 3.567 , 113.83 , 172.31
4081 , 20938 , 44.58 , -37.7 , 1 , 15.61 , 16.047 , 3.600 , 114.64 , 171.51
4091 , 20982 , 44.30 , -37.5 , 1 , 15.59 , 16.084 , 3.631 , 115.44 , 170.70
4101 , 21024 , 44.02 , -37.5 , 1 , 15.58 , 16.191 , 3.678 , 116.22 , 169.92
4111 , 21067 , 43.75 , -37.6 , 1 , 15.57 , 16.205 , 3.704 , 117.02 , 169.13
4120 , 21107 , 43.50 , -37.5 , 1 , 15.55 , 16.153 , 3.714 , 117.76 , 168.38
4130 , 21146 , 43.25 , -36.9 , 0 , 15.54 , 16.247 , 3.756 , 118.49 , 167.66
4140 , 21189 , 42.98 , -36.4 , 0 , 15.53 , 16.330 , 3.799 , 119.28 , 166.86
4150 , 21231 , 42.73 , -36.2 , 0 , 15.51 , 16.326 , 3.821 , 120.06 , 166.09
4160 , 21276 , 42.45 , -35.8 , 0 , 15.50 , 16.246 , 3.827 , 120.90 , 165.25
4170 , 21321 , 42.18 , -35.2 , 0 , 15.48 , 16.072 , 3.811 , 121.72 , 164.43
4179 , 21366 , 41.91 , -35.2 , 0 , 15.47 , 16.000 , 3.818 , 122.53 , 163.61
4189 , 21411 , 41.63 , -35.2 , 0 , 15.46 , 16.077 , 3.862 , 123.36 , 162.79
4199 , 21457 , 41.36 , -35.4 , 0 , 15.45 , 15.990 , 3.866 , 124.19 , 161.96
4209 , 21503 , 41.09 , -35.3 , 0 , 15.43 , 15.916 , 3.874 , 125.03 , 161.12
4219 , 21552 , 40.80 , -34.6 , 0 , 15.42 , 16.047 , 3.933 , 125.92 , 160.23
4229 , 21600 , 40.52 , -34.2 , 0 , 15.40 , 15.995 , 3.947 , 126.77 , 159.38
4239 , 21649 , 40.24 , -34.3 , 0 , 15.39 , 15.947 , 3.963 , 127.65 , 158.49
4249 , 21697 , 39.96 , -34.5 , 0 , 15.38 , 16.009 , 4.006 , 128.53 , 157.61
4259 , 21748 , 39.67 , -34.6 , 0 , 15.37 , 16.018 , 4.037 , 129.44 , 156.71
4269 , 21799 , 39.38 , -34.9 , 0 , 15.35 , 15.963 , 4.053 , 130.37 , 155.78
4279 , 21850 , 39.09 , -34.8 , 0 , 15.34 , 16.014 , 4.096 , 131.30 , 154.84
4289 , 21903 , 38.80 , -34.5 , 0 , 15.33 , 15.935 , 4.107 , 132.24 , 153.90
4299 , 21956 , 38.51 , -34.0 , 0 , 15.32 , 16.000 , 4.155 , 133.20 , 152.94
4309 , 22010 , 38.21 , -33.7 , 0 , 15.31 , 15.995 , 4.186 , 134.18 , 151.97
4319 , 22064 , 37.92 , -33.9 , 0 , 15.29 , 15.875 , 4.187 , 135.15 , 150.99
4329 , 22120 , 37.61 , -34.4 , 0 , 15.28 , 15.794 , 4.199 , 136.15 , 149.99
4339 , 22174 , 37.33 , -34.6 , 0 , 15.27 , 15.811 , 4.236 , 137.11 , 149.04
4349 , 22227 , 37.04 , -34.9 , 0 , 15.26 , 15.796 , 4.264 , 138.07 , 148.08
4359 , 22280 , 36.76 , -35.3 , 0 , 15.25 , 15.653 , 4.258 , 139.00 , 147.14
4369 , 22334 , 36.48 , -35.5 , 1 , 15.23 , 15.620 , 4.282 , 139.97 , 146.18
4379 , 22386 , 36.21 , -36.0 , 1 , 15.22 , 15.392 , 4.251 , 140.87 , 145.27
4389 , 22440 , 35.93 , -36.4 , 1 , 15.21 , 15.369 , 4.278 , 141.82 , 144.32
4399 , 22493 , 35.65 , -36.7 , 1 , 15.20 , 15.292 , 4.289 , 142.75 , 143.40
4409 , 22546 , 35.38 , -37.2 , 1 , 15.18 , 15.269 , 4.316 , 143.67 , 142.48
4419 , 22601 , 35.10 , -37.6 , 1 , 15.17 , 15.097 , 4.301 , 144.62 , 141.52
4428 , 22653 , 34.83 , -38.0 , 1 , 15.16 , 14.919 , 4.283 , 145.53 , 140.62
4437 , 22707 , 34.56 , -38.5 , 1 , 15.15 , 14.734 , 4.263 , 146.44 , 139.71
4448 , 22765 , 34.27 , -38.7 , 1 , 15.14 , 14.572 , 4.252 , 147.41 , 138.74
4458 , 22818 , 34.01 , -38.5 , 1 , 15.13 , 14.395 , 4.232 , 148.30 , 137.85
4468 , 22875 , 33.73 , -38.1 , 1 , 15.12 , 14.292 , 4.237 , 149.23 , 136.91
4478 , 22929 , 33.47 , -38.2 , 1 , 15.11 , 14.106 , 4.215 , 150.11 , 136.03
4488 , 22984 , 33.20 , -38.0 , 1 , 15.10 , 14.015 , 4.221 , 151.00 , 135.15
4498 , 23041 , 32.92 , -37.5 , 0 , 15.08 , 13.940 , 4.234 , 151.93 , 134.22
4508 , 23098 , 32.65 , -37.2 , 0 , 15.07 , 13.844 , 4.240 , 152.82 , 133.32
4518 , 23154 , 32.39 , -37.1 , 0 , 15.06 , 13.843 , 4.274 , 153.71 , 132.44
4528 , 23210 , 32.13 , -37.5 , 1 , 15.05 , 13.770 , 4.286 , 154.59 , 131.55
4537 , 23267 , 31.86 , -37.8 , 1 , 15.04 , 13.677 , 4.292 , 155.49 , 130.66
4548 , 23327 , 31.59 , -37.9 , 1 , 15.03 , 13.574 , 4.297 , 156.43 , 129.72
4558 , 23383 , 31.33 , -37.5 , 1 , 15.02 , 13.504 , 4.310 , 157.30 , 128.85
4568 , 23436 , 31.09 , -36.4 , 0 , 15.02 , 13.516 , 4.347 , 158.12 , 128.03
4578 , 23487 , 30.86 , -36.3 , 0 , 15.01 , 13.481 , 4.368 , 158.90 , 127.25
4588 , 23538 , 30.64 , -36.3 , 0 , 15.00 , 13.434 , 4.385 , 159.68 , 126.46
4598 , 23588 , 30.42 , -35.9 , 0 , 14.99 , 13.435 , 4.417 , 160.44 , 125.71
4608 , 23638 , 30.20 , -35.7 , 0 , 14.98 , 13.395 , 4.435 , 161.20 , 124.95
4618 , 23686 , 29.99 , -35.7 , 0 , 14.97 , 13.304 , 4.436 , 161.94 , 124.21
4628 , 23734 , 29.79 , -35.7 , 0 , 14.96 , 13.302 , 4.466 , 162.65 , 123.49
4638 , 23782 , 29.58 , -35.8 , 0 , 14.95 , 13.215 , 4.468 , 163.38 , 122.76
4648 , 23830 , 29.38 , -36.2 , 0 , 14.95 , 13.287 , 4.523 , 164.10 , 122.05
4658 , 23877 , 29.18 , -36.6 , 1 , 14.94 , 13.192 , 4.521 , 164.81 , 121.34
4668 , 23926 , 28.97 , -36.8 , 1 , 14.93 , 13.090 , 4.518 , 165.54 , 120.60
4678 , 23970 , 28.79 , -36.8 , 1 , 14.92 , 12.975 , 4.507 , 166.20 , 119.95
4687 , 24015 , 28.60 , -37.0 , 1 , 14.91 , 12.925 , 4.519 , 166.86 , 119.29
4697 , 24062 , 28.41 , -37.5 , 1 , 14.90 , 12.834 , 4.518 , 167.55 , 118.59
4707 , 24104 , 28.24 , -37.2 , 1 , 14.90 , 12.819 , 4.540 , 168.17 , 117.97
4716 , 24148 , 28.05 , -37.2 , 1 , 14.88 , 12.760 , 4.548 , 168.82 , 117.33
4725 , 24191 , 27.88 , -36.4 , 0 , 14.88 , 12.655 , 4.538 , 169.43 , 116.71
4734 , 24233 , 27.72 , -35.3 , 0 , 14.87 , 12.708 , 4.585 , 170.04 , 116.11
4744 , 24281 , 27.53 , -34.3 , 0 , 14.87 , 12.653 , 4.597 , 170.72 , 115.42
4754 , 24331 , 27.33 , -33.8 , 0 , 14.86 , 12.552 , 4.593 , 171.44 , 114.71
4764 , 24384 , 27.12 , -33.3 , 0 , 14.85 , 12.514 , 4.614 , 172.19 , 113.96
4774 , 24440 , 26.91 , -33.0 , 0 , 14.84 , 12.411 , 4.612 , 172.97 , 113.18
4784 , 24494 , 26.70 , -33.1 , 0 , 14.83 , 12.352 , 4.626 , 173.72 , 112.42
4794 , 24551 , 26.48 , -33.3 , 0 , 14.83 , 12.328 , 4.655 , 174.52 , 111.63
4804 , 24608 , 26.27 , -33.7 , 0 , 14.82 , 12.266 , 4.669 , 175.30 , 110.85
4814 , 24665 , 26.06 , -34.1 , 0 , 14.81 , 12.240 , 4.697 , 176.09 , 110.06
4824 , 24722 , 25.85 , -33.9 , 0 , 14.80 , 12.247 , 4.738 , 176.88 , 109.27
4833 , 24775 , 25.65 , -34.2 , 0 , 14.79 , 12.139 , 4.732 , 177.61 , 108.54
4844 , 24829 , 25.46 , -34.4 , 0 , 14.78 , 12.068 , 4.741 , 178.34 , 107.81
4854 , 24880 , 25.27 , -34.4 , 0 , 14.77 , 12.027 , 4.760 , 179.04 , 107.10
4864 , 24931 , 25.09 , -34.1 , 0 , 14.77 , 11.960 , 4.767 , 179.72 , 106.42
4874 , 24983 , 24.90 , -33.8 , 0 , 14.76 , 11.923 , 4.788 , 180.42 , 105.73
4884 , 25035 , 24.72 , -33.3 , 0 , 14.75 , 11.903 , 4.816 , 181.12 , 105.02
4894 , 25085 , 24.54 , -33.2 , 0 , 14.74 , 11.862 , 4.834 , 181.79 , 104.35
4904 , 25133 , 24.37 , -33.4 , 0 , 14.74 , 11.835 , 4.856 , 182.43 , 103.71
4914 , 25180 , 24.21 , -33.1 , 0 , 14.73 , 11.715 , 4.839 , 183.06 , 103.09
4924 , 25221 , 24.07 , -32.5 , 0 , 14.72 , 11.756 , 4.884 , 183.59 , 102.55
4934 , 25262 , 23.93 , -32.2 , 0 , 14.71 , 11.798 , 4.930 , 184.14 , 102.01
4944 , 25306 , 23.78 , -32.2 , 0 , 14.70 , 11.770 , 4.949 , 184.72 , 101.43
4954 , 25353 , 23.62 , -32.3 , 0 , 14.69 , 11.758 , 4.977 , 185.33 , 100.81
4964 , 25402 , 23.46 , -32.2 , 0 , 14.69 , 11.717 , 4.994 , 185.98 , 100.16
4974 , 25452 , 23.30 , -32.4 , 0 , 14.68 , 11.720 , 5.031 , 186.63 , 99.52
4984 , 25502 , 23.13 , -32.2 , 0 , 14.67 , 11.671 , 5.046 , 187.28 , 98.86
4994 , 25557 , 22.95 , -32.1 , 0 , 14.66 , 11.700 , 5.098 , 188.00 , 98.15
5004 , 25607 , 22.79 , -31.8 , 0 , 14.66 , 11.614 , 5.097 , 188.66 , 97.48
5014 , 25662 , 22.61 , -32.0 , 0 , 14.65 , 11.540 , 5.104 , 189.37 , 96.77
5024 , 25715 , 22.44 , -32.3 , 0 , 14.64 , 11.512 , 5.130 , 190.05 , 96.10
5034 , 25776 , 22.25 , -32.4 , 0 , 14.63 , 11.447 , 5.145 , 190.83 , 95.31
5043 , 25830 , 22.08 , -32.1 , 0 , 14.63 , 11.349 , 5.139 , 191.52 , 94.63
5053 , 25885 , 21.91 , -32.0 , 0 , 14.62 , 11.254 , 5.137 , 192.21 , 93.93
5063 , 25943 , 21.73 , -32.2 , 0 , 14.61 , 11.072 , 5.095 , 192.94 , 93.21
5072 , 25998 , 21.56 , -32.4 , 0 , 14.60 , 10.803 , 5.011 , 193.62 , 92.53
5083 , 26057 , 21.38 , -32.8 , 0 , 14.60 , 10.666 , 4.989 , 194.33 , 91.82
5093 , 26112 , 21.21 , -33.1 , 0 , 14.59 , 10.559 , 4.978 , 194.98 , 91.17
5102 , 26166 , 21.05 , -33.0 , 0 , 14.58 , 10.502 , 4.989 , 195.62 , 90.53
5113 , 26222 , 20.88 , -33.0 , 0 , 14.57 , 10.330 , 4.946 , 196.28 , 89.87
5123 , 26277 , 20.72 , -33.1 , 0 , 14.57 , 10.232 , 4.938 , 196.91 , 89.23
5133 , 26329 , 20.57 , -33.2 , 0 , 14.56 , 10.092 , 4.907 , 197.51 , 88.64
5142 , 26380 , 20.42 , -33.4 , 0 , 14.55 , 10.022 , 4.908 , 198.07 , 88.07
5153 , 26433 , 20.27 , -33.3 , 0 , 14.55 , 9.918 , 4.894 , 198.67 , 87.48
5163 , 26484 , 20.12 , -33.7 , 0 , 14.54 , 9.866 , 4.904 , 199.24 , 86.90
5172 , 26534 , 19.98 , -34.2 , 0 , 14.53 , 9.819 , 4.915 , 199.79 , 86.35
5183 , 26590 , 19.82 , -34.6 , 0 , 14.52 , 9.771 , 4.931 , 200.41 , 85.74
5193 , 26640 , 19.67 , -34.6 , 0 , 14.52 , 9.722 , 4.941 , 200.97 , 85.18
5203 , 26695 , 19.52 , -33.7 , 0 , 14.51 , 9.725 , 4.982 , 201.57 , 84.58
5213 , 26747 , 19.38 , -33.2 , 0 , 14.50 , 9.680 , 4.995 , 202.13 , 84.01
5223 , 26804 , 19.22 , -32.8 , 0 , 14.50 , 9.752 , 5.073 , 202.75 , 83.39
5233 , 26858 , 19.07 , -33.0 , 0 , 14.49 , 9.784 , 5.129 , 203.35 , 82.80
5243 , 26913 , 18.93 , -32.7 , 0 , 14.48 , 9.734 , 5.143 , 203.95 , 82.20
5253 , 26971 , 18.77 , -32.3 , 0 , 14.48 , 9.643 , 5.138 , 204.58 , 81.56
5263 , 27026 , 18.62 , -31.8 , 0 , 14.47 , 9.592 , 5.150 , 205.17 , 80.97
5272 , 27078 , 18.49 , -32.1 , 0 , 14.46 , 9.578 , 5.181 , 205.73 , 80.41
5282 , 27135 , 18.34 , -32.3 , 0 , 14.46 , 9.386 , 5.118 , 206.33 , 79.81
5292 , 27187 , 18.20 , -32.4 , 0 , 14.45 , 9.261 , 5.088 , 206.88 , 79.27
5302 , 27243 , 18.06 , -31.8 , 0 , 14.44 , 9.325 , 5.163 , 207.46 , 78.69
5312 , 27299 , 17.92 , -31.0 , 0 , 14.44 , 9.467 , 5.284 , 208.04 , 78.10
5322 , 27355 , 17.78 , -30.7 , 0 , 14.43 , 9.378 , 5.276 , 208.64 , 77.51
5332 , 27407 , 17.65 , -30.9 , 0 , 14.42 , 9.447 , 5.353 , 209.17 , 76.97
5342 , 27461 , 17.51 , -31.1 , 0 , 14.42 , 9.459 , 5.401 , 209.74 , 76.40
5351 , 27511 , 17.39 , -31.1 , 0 , 14.41 , 9.435 , 5.425 , 210.27 , 75.88
5361 , 27561 , 17.27 , -31.1 , 0 , 14.40 , 9.371 , 5.427 , 210.80 , 75.35
5371 , 27613 , 17.14 , -31.3 , 0 , 14.40 , 9.321 , 5.438 , 211.34 , 74.81
5381 , 27667 , 17.01 , -31.2 , 0 , 14.39 , 9.273 , 5.451 , 211.90 , 74.25
5391 , 27721 , 16.88 , -30.9 , 0 , 14.38 , 9.277 , 5.496 , 212.46 , 73.69
5401 , 27774 , 16.76 , -30.2 , 0 , 14.38 , 9.259 , 5.526 , 213.00 , 73.14
5411 , 27827 , 16.63 , -30.1 , 0 , 14.37 , 9.154 , 5.504 , 213.54 , 72.60
5420 , 27881 , 16.51 , -30.5 , 0 , 14.37 , 9.042 , 5.478 , 214.09 , 72.06
5431 , 27937 , 16.38 , -30.6 , 0 , 14.36 , 9.119 , 5.568 , 214.65 , 71.49
5441 , 27997 , 16.24 , -30.7 , 0 , 14.35 , 9.191 , 5.660 , 215.26 , 70.88
5451 , 28055 , 16.11 , -30.8 , 0 , 14.35 , 9.164 , 5.689 , 215.85 , 70.29
5461 , 28115 , 15.97 , -31.3 , 0 , 14.34 , 9.119 , 5.710 , 216.47 , 69.68
5471 , 28172 , 15.84 , -31.6 , 0 , 14.33 , 9.053 , 5.714 , 217.04 , 69.11
5481 , 28229 , 15.72 , -31.5 , 0 , 14.33 , 8.968 , 5.706 , 217.61 , 68.53
5491 , 28284 , 15.59 , -31.2 , 0 , 14.32 , 8.881 , 5.695 , 218.16 , 67.99
5501 , 28339 , 15.47 , -30.8 , 0 , 14.32 , 8.712 , 5.630 , 218.70 , 67.44
5511 , 28394 , 15.35 , -30.7 , 0 , 14.31 , 8.711 , 5.673 , 219.23 , 66.91
5520 , 28452 , 15.23 , -30.8 , 0 , 14.31 , 8.700 , 5.712 , 219.79 , 66.35
5531 , 28509 , 15.11 , -30.7 , 0 , 14.30 , 8.562 , 5.667 , 220.34 , 65.80
5541 , 28564 , 14.99 , -30.6 , 0 , 14.29 , 8.632 , 5.758 , 220.87 , 65.27
5551 , 28617 , 14.88 , -30.6 , 0 , 14.29 , 8.439 , 5.672 , 221.37 , 64.77
5560 , 28670 , 14.77 , -30.8 , 0 , 14.28 , 8.304 , 5.623 , 221.87 , 64.28
5571 , 28725 , 14.65 , -30.9 , 0 , 14.28 , 8.274 , 5.646 , 222.37 , 63.77
5580 , 28778 , 14.55 , -30.8 , 0 , 14.27 , 8.296 , 5.703 , 222.86 , 63.28
5590 , 28833 , 14.43 , -31.0 , 0 , 14.27 , 8.262 , 5.724 , 223.37 , 62.78
5600 , 28882 , 14.33 , -31.2 , 0 , 14.26 , 8.196 , 5.718 , 223.82 , 62.33
5609 , 28933 , 14.23 , -31.0 , 0 , 14.26 , 8.129 , 5.712 , 224.28 , 61.86
5619 , 28987 , 14.12 , -31.2 , 0 , 14.25 , 7.998 , 5.663 , 224.76 , 61.38
5629 , 29043 , 14.01 , -30.9 , 0 , 14.25 , 7.932 , 5.661 , 225.26 , 60.88
5639 , 29102 , 13.89 , -30.4 , 0 , 14.24 , 7.832 , 5.637 , 225.78 , 60.36
5648 , 29156 , 13.79 , -30.4 , 0 , 14.24 , 7.739 , 5.612 , 226.24 , 59.90
5657 , 29205 , 13.70 , -30.2 , 0 , 14.23 , 7.720 , 5.637 , 226.66 , 59.48
5667 , 29261 , 13.59 , -30.2 , 0 , 14.23 , 7.638 , 5.621 , 227.14 , 59.01
5677 , 29313 , 13.49 , -29.8 , 0 , 14.22 , 7.597 , 5.632 , 227.58 , 58.57
5687 , 29363 , 13.40 , -29.5 , 0 , 14.22 , 7.602 , 5.675 , 228.00 , 58.14
5697 , 29410 , 13.31 , -29.5 , 0 , 14.21 , 7.630 , 5.734 , 228.40 , 57.74
5707 , 29460 , 13.21 , -29.3 , 0 , 14.20 , 7.496 , 5.672 , 228.82 , 57.33
5717 , 29512 , 13.12 , -29.1 , 0 , 14.20 , 7.366 , 5.614 , 229.24 , 56.90
5727 , 29563 , 13.02 , -28.7 , 0 , 14.20 , 7.217 , 5.541 , 229.66 , 56.49
5737 , 29612 , 12.94 , -28.5 , 0 , 14.19 , 7.171 , 5.543 , 230.04 , 56.10
5747 , 29661 , 12.85 , -28.7 , 0 , 14.19 , 7.188 , 5.595 , 230.43 , 55.71
5756 , 29709 , 12.76 , -28.7 , 0 , 14.18 , 7.173 , 5.620 , 230.81 , 55.33
5767 , 29761 , 12.67 , -28.7 , 0 , 14.18 , 7.093 , 5.598 , 231.22 , 54.93
5777 , 29813 , 12.58 , -28.5 , 0 , 14.17 , 7.023 , 5.583 , 231.62 , 54.52
5787 , 29863 , 12.49 , -28.4 , 0 , 14.17 , 7.028 , 5.627 , 232.01 , 54.14
5797 , 29917 , 12.40 , -28.5 , 0 , 14.16 , 7.034 , 5.674 , 232.43 , 53.72
5807 , 29967 , 12.31 , -28.2 , 0 , 14.16 , 6.988 , 5.676 , 232.81 , 53.33
5817 , 30017 , 12.22 , -28.0 , 0 , 14.15 , 6.851 , 5.605 , 233.20 , 52.95
5827 , 30069 , 12.14 , -27.6 , 0 , 14.15 , 6.758 , 5.568 , 233.58 , 52.56
5837 , 30126 , 12.04 , -27.5 , 0 , 14.14 , 6.748 , 5.605 , 234.01 , 52.14
5847 , 30180 , 11.95 , -27.4 , 0 , 14.14 , 6.714 , 5.618 , 234.41 , 51.74
5857 , 30234 , 11.86 , -27.1 , 0 , 14.14 , 6.646 , 5.603 , 234.81 , 51.34
5867 , 30288 , 11.77 , -27.5 , 0 , 14.13 , 6.515 , 5.533 , 235.19 , 50.96
5877 , 30343 , 11.68 , -27.7 , 0 , 14.13 , 6.440 , 5.512 , 235.58 , 50.56
5887 , 30398 , 11.59 , -27.6 , 0 , 14.12 , 6.400 , 5.520 , 235.97 , 50.17
5897 , 30451 , 11.51 , -27.1 , 0 , 14.12 , 6.349 , 5.517 , 236.34 , 49.80
5907 , 30504 , 11.43 , -26.8 , 0 , 14.11 , 6.320 , 5.532 , 236.71 , 49.44
5917 , 30560 , 11.34 , -27.0 , 0 , 14.11 , 6.267 , 5.528 , 237.09 , 49.05
5927 , 30612 , 11.26 , -27.2 , 0 , 14.11 , 6.181 , 5.491 , 237.45 , 48.70
5937 , 30667 , 11.17 , -27.4 , 0 , 14.10 , 6.128 , 5.487 , 237.82 , 48.32
5947 , 30719 , 11.09 , -27.7 , 0 , 14.10 , 6.075 , 5.479 , 238.17 , 47.97
5956 , 30773 , 11.01 , -27.6 , 0 , 14.09 , 6.051 , 5.498 , 238.53 , 47.62
5966 , 30825 , 10.93 , -27.6 , 0 , 14.09 , 6.024 , 5.512 , 238.87 , 47.28
5976 , 30874 , 10.85 , -27.5 , 0 , 14.08 , 5.942 , 5.475 , 239.20 , 46.95
5986 , 30926 , 10.77 , -27.4 , 0 , 14.08 , 5.932 , 5.506 , 239.53 , 46.61
5995 , 30976 , 10.70 , -27.3 , 0 , 14.08 , 5.891 , 5.507 , 239.86 , 46.29
6006 , 31029 , 10.62 , -26.9 , 0 , 14.07 , 5.889 , 5.545 , 240.20 , 45.95
6016 , 31079 , 10.55 , -26.6 , 0 , 14.07 , 5.862 , 5.557 , 240.52 , 45.62
6026 , 31128 , 10.48 , -26.3 , 0 , 14.06 , 5.844 , 5.578 , 240.83 , 45.31
6036 , 31180 , 10.40 , -25.7 , 0 , 14.06 , 5.757 , 5.535 , 241.16 , 44.98
6046 , 31230 , 10.33 , -25.3 , 0 , 14.06 , 5.706 , 5.524 , 241.47 , 44.67
6056 , 31275 , 10.27 , -24.9 , 0 , 14.05 , 5.640 , 5.493 , 241.75 , 44.39
6066 , 31325 , 10.20 , -24.7 , 0 , 14.05 , 5.578 , 5.471 , 242.06 , 44.09
6076 , 31375 , 10.13 , -24.5 , 0 , 14.04 , 5.527 , 5.459 , 242.36 , 43.79
6086 , 31422 , 10.06 , -24.1 , 0 , 14.04 , 5.476 , 5.442 , 242.64 , 43.51
6096 , 31475 , 9.99 , -23.8 , 0 , 14.04 , 5.479 , 5.485 , 242.95 , 43.19
6106 , 31527 , 9.92 , -23.6 , 0 , 14.03 , 5.387 , 5.432 , 243.26 , 42.89
6116 , 31581 , 9.84 , -23.7 , 0 , 14.03 , 5.351 , 5.436 , 243.57 , 42.57
6126 , 31635 , 9.77 , -23.7 , 0 , 14.02 , 5.362 , 5.487 , 243.88 , 42.26
6136 , 31685 , 9.70 , -23.9 , 0 , 14.02 , 5.319 , 5.480 , 244.17 , 41.97
