# ------------------------------------------------------------
#
# Flight name: V0308
# Station: Davis
# Launch Date: 13 March 2008
# Launch Time: 23:31:20
# 
# This file created: Fri Mar 14 14:34:13 2008
# 
# 
# ------------------------------------------------------------
# DATA COLUMNS
# Time (s)
# Height (m)
# Atmospheric Pressure (hPa)
# Atmospheric Temperature (°C)
# Relative Humidity (%)
# Box Temperature (°C)
# Ozone Partial Pressure (mPa)
# Ozone Mixing Ratio (ppmV)
# Accumulated Ozone to this Height (Dobson Units)
# Remaining Ozone above this Height (Dobson Units)
# 
# ------------------------------------------------------------
# 
# Integrated Ozone = 239.2 DU
# Extrapolated Ozone =  24.2 DU
# 
# Total Ozone = 263.4 DU
# 
# 
# ------------------------------------------------------------
0 , 18 , 982.12 , -7.1 , 53 , 29.30 , 2.007 , 0.020 , 0.00 , 263.45
10 , 69 , 975.67 , -6.9 , 46 , 29.31 , 2.017 , 0.021 , 0.10 , 263.34
20 , 117 , 969.61 , -7.1 , 45 , 29.35 , 1.950 , 0.020 , 0.20 , 263.24
30 , 164 , 963.81 , -7.4 , 46 , 29.35 , 1.963 , 0.020 , 0.29 , 263.15
40 , 218 , 957.19 , -7.5 , 47 , 29.32 , 1.992 , 0.021 , 0.40 , 263.04
50 , 269 , 950.86 , -7.7 , 47 , 29.31 , 1.940 , 0.020 , 0.51 , 262.94
60 , 324 , 944.15 , -8.0 , 47 , 29.31 , 1.905 , 0.020 , 0.61 , 262.83
70 , 379 , 937.50 , -8.1 , 46 , 29.30 , 1.909 , 0.020 , 0.72 , 262.73
80 , 432 , 931.11 , -8.3 , 47 , 29.31 , 1.917 , 0.021 , 0.82 , 262.62
90 , 486 , 924.68 , -8.7 , 46 , 29.31 , 1.853 , 0.020 , 0.93 , 262.52
100 , 539 , 918.37 , -9.1 , 49 , 29.31 , 1.885 , 0.021 , 1.03 , 262.42
110 , 592 , 912.05 , -9.6 , 50 , 29.30 , 1.984 , 0.022 , 1.13 , 262.31
120 , 648 , 905.56 , -10.1 , 52 , 29.29 , 1.924 , 0.021 , 1.24 , 262.20
130 , 711 , 898.14 , -10.5 , 54 , 29.28 , 1.909 , 0.021 , 1.37 , 262.08
139 , 781 , 890.02 , -11.2 , 56 , 29.27 , 1.854 , 0.021 , 1.50 , 261.94
149 , 837 , 883.54 , -11.7 , 59 , 29.26 , 1.862 , 0.021 , 1.61 , 261.84
159 , 889 , 877.47 , -12.2 , 61 , 29.26 , 1.847 , 0.021 , 1.71 , 261.74
169 , 945 , 871.11 , -12.6 , 65 , 29.24 , 1.834 , 0.021 , 1.82 , 261.63
179 , 1003 , 864.52 , -13.1 , 69 , 29.23 , 1.808 , 0.021 , 1.92 , 261.52
189 , 1062 , 857.84 , -13.6 , 72 , 29.22 , 1.797 , 0.021 , 2.03 , 261.41
199 , 1123 , 851.00 , -14.0 , 77 , 29.21 , 1.790 , 0.021 , 2.15 , 261.30
209 , 1183 , 844.22 , -14.2 , 87 , 29.21 , 1.783 , 0.021 , 2.26 , 261.19
218 , 1236 , 838.34 , -14.2 , 93 , 29.20 , 1.776 , 0.021 , 2.36 , 261.09
227 , 1282 , 833.33 , -14.1 , 93 , 29.18 , 1.770 , 0.021 , 2.44 , 261.00
237 , 1341 , 826.89 , -13.8 , 89 , 29.17 , 1.753 , 0.021 , 2.55 , 260.90
247 , 1404 , 820.07 , -13.7 , 84 , 29.18 , 1.776 , 0.022 , 2.67 , 260.78
257 , 1459 , 814.13 , -13.9 , 84 , 29.17 , 1.784 , 0.022 , 2.77 , 260.68
267 , 1515 , 808.14 , -13.7 , 83 , 29.14 , 1.776 , 0.022 , 2.87 , 260.57
277 , 1571 , 802.25 , -13.8 , 82 , 29.12 , 1.774 , 0.022 , 2.97 , 260.47
287 , 1628 , 796.19 , -13.8 , 80 , 29.11 , 1.774 , 0.022 , 3.08 , 260.37
297 , 1686 , 790.13 , -13.8 , 74 , 29.09 , 1.811 , 0.023 , 3.19 , 260.26
307 , 1735 , 785.04 , -14.0 , 72 , 29.06 , 1.822 , 0.023 , 3.28 , 260.17
317 , 1792 , 779.18 , -14.2 , 74 , 29.03 , 1.797 , 0.023 , 3.39 , 260.06
327 , 1845 , 773.75 , -14.3 , 67 , 29.01 , 1.774 , 0.023 , 3.49 , 259.96
337 , 1900 , 768.16 , -14.7 , 63 , 29.00 , 1.747 , 0.023 , 3.59 , 259.86
347 , 1951 , 763.04 , -15.2 , 64 , 29.00 , 1.736 , 0.023 , 3.68 , 259.77
357 , 2004 , 757.69 , -15.7 , 64 , 28.98 , 1.719 , 0.023 , 3.78 , 259.67
367 , 2052 , 752.87 , -16.1 , 63 , 28.95 , 1.696 , 0.023 , 3.86 , 259.59
377 , 2102 , 747.88 , -16.5 , 62 , 28.94 , 1.700 , 0.023 , 3.95 , 259.50
387 , 2163 , 741.80 , -17.1 , 63 , 28.92 , 1.699 , 0.023 , 4.06 , 259.39
397 , 2219 , 736.29 , -17.6 , 66 , 28.91 , 1.720 , 0.023 , 4.16 , 259.29
407 , 2289 , 729.49 , -18.2 , 69 , 28.88 , 1.682 , 0.023 , 4.28 , 259.16
417 , 2340 , 724.43 , -18.7 , 72 , 28.86 , 1.698 , 0.023 , 4.38 , 259.07
427 , 2392 , 719.39 , -19.2 , 75 , 28.85 , 1.681 , 0.023 , 4.47 , 258.98
437 , 2446 , 714.21 , -19.8 , 76 , 28.83 , 1.676 , 0.023 , 4.57 , 258.88
447 , 2500 , 709.02 , -20.3 , 79 , 28.80 , 1.654 , 0.023 , 4.66 , 258.78
457 , 2562 , 703.14 , -20.9 , 84 , 28.77 , 1.625 , 0.023 , 4.77 , 258.68
467 , 2626 , 697.02 , -21.5 , 87 , 28.75 , 1.627 , 0.023 , 4.88 , 258.56
477 , 2692 , 690.82 , -22.2 , 92 , 28.73 , 1.612 , 0.023 , 5.00 , 258.45
487 , 2748 , 685.57 , -22.7 , 94 , 28.71 , 1.613 , 0.024 , 5.09 , 258.35
497 , 2808 , 679.95 , -23.3 , 97 , 28.68 , 1.599 , 0.024 , 5.20 , 258.25
507 , 2870 , 674.25 , -23.8 , 99 , 28.65 , 1.569 , 0.023 , 5.30 , 258.14
517 , 2924 , 669.25 , -23.9 , 95 , 28.63 , 1.576 , 0.024 , 5.40 , 258.05
526 , 2974 , 664.74 , -23.9 , 90 , 28.61 , 1.616 , 0.024 , 5.48 , 257.97
535 , 3026 , 659.98 , -24.0 , 85 , 28.59 , 1.655 , 0.025 , 5.57 , 257.87
545 , 3077 , 655.39 , -23.8 , 77 , 28.58 , 1.668 , 0.025 , 5.66 , 257.78
555 , 3136 , 650.06 , -23.7 , 67 , 28.54 , 1.681 , 0.026 , 5.77 , 257.67
565 , 3202 , 644.23 , -23.7 , 55 , 28.50 , 1.695 , 0.026 , 5.89 , 257.55
575 , 3267 , 638.56 , -24.2 , 55 , 28.46 , 1.705 , 0.027 , 6.01 , 257.43
585 , 3324 , 633.56 , -24.6 , 60 , 28.43 , 1.707 , 0.027 , 6.12 , 257.33
595 , 3378 , 628.90 , -24.8 , 60 , 28.41 , 1.686 , 0.027 , 6.22 , 257.23
605 , 3430 , 624.43 , -25.0 , 59 , 28.39 , 1.669 , 0.027 , 6.31 , 257.14
615 , 3486 , 619.61 , -25.5 , 60 , 28.37 , 1.652 , 0.027 , 6.41 , 257.03
625 , 3544 , 614.65 , -26.0 , 61 , 28.35 , 1.645 , 0.027 , 6.52 , 256.93
635 , 3600 , 609.92 , -26.3 , 61 , 28.32 , 1.595 , 0.026 , 6.62 , 256.83
645 , 3659 , 604.97 , -26.5 , 57 , 28.28 , 1.570 , 0.026 , 6.72 , 256.73
655 , 3709 , 600.79 , -26.8 , 56 , 28.25 , 1.581 , 0.026 , 6.80 , 256.64
665 , 3769 , 595.82 , -27.2 , 56 , 28.21 , 1.570 , 0.026 , 6.91 , 256.54
675 , 3829 , 590.83 , -27.7 , 59 , 28.17 , 1.536 , 0.026 , 7.01 , 256.44
685 , 3878 , 586.80 , -28.0 , 59 , 28.14 , 1.533 , 0.026 , 7.09 , 256.35
695 , 3930 , 582.63 , -28.3 , 55 , 28.11 , 1.520 , 0.026 , 7.18 , 256.27
705 , 3994 , 577.43 , -28.7 , 51 , 28.09 , 1.476 , 0.026 , 7.28 , 256.16
715 , 4060 , 572.12 , -29.2 , 47 , 28.07 , 1.505 , 0.026 , 7.39 , 256.05
725 , 4119 , 567.38 , -29.7 , 51 , 28.04 , 1.517 , 0.027 , 7.49 , 255.95
735 , 4174 , 563.02 , -30.2 , 53 , 28.01 , 1.518 , 0.027 , 7.58 , 255.86
744 , 4235 , 558.24 , -30.7 , 54 , 27.98 , 1.513 , 0.027 , 7.69 , 255.76
754 , 4289 , 553.94 , -31.1 , 54 , 27.95 , 1.491 , 0.027 , 7.78 , 255.67
764 , 4352 , 549.03 , -31.6 , 54 , 27.91 , 1.457 , 0.027 , 7.88 , 255.56
774 , 4415 , 544.18 , -32.1 , 53 , 27.88 , 1.417 , 0.026 , 7.98 , 255.46
784 , 4475 , 539.56 , -32.3 , 54 , 27.84 , 1.419 , 0.026 , 8.08 , 255.37
794 , 4533 , 535.16 , -32.1 , 51 , 27.79 , 1.422 , 0.027 , 8.17 , 255.28
804 , 4599 , 530.17 , -31.9 , 46 , 27.76 , 1.458 , 0.028 , 8.28 , 255.17
814 , 4660 , 525.63 , -31.3 , 29 , 27.73 , 1.519 , 0.029 , 8.38 , 255.07
824 , 4724 , 520.91 , -31.5 , 24 , 27.68 , 1.543 , 0.030 , 8.49 , 254.96
834 , 4789 , 516.10 , -32.0 , 24 , 27.63 , 1.519 , 0.029 , 8.60 , 254.85
843 , 4848 , 511.82 , -32.5 , 25 , 27.61 , 1.516 , 0.030 , 8.70 , 254.75
853 , 4910 , 507.38 , -32.8 , 25 , 27.56 , 1.527 , 0.030 , 8.80 , 254.64
863 , 4971 , 502.93 , -32.9 , 23 , 27.51 , 1.544 , 0.031 , 8.91 , 254.54
873 , 5040 , 498.02 , -33.3 , 26 , 27.47 , 1.559 , 0.031 , 9.03 , 254.42
883 , 5103 , 493.57 , -33.7 , 29 , 27.44 , 1.514 , 0.031 , 9.14 , 254.31
893 , 5164 , 489.31 , -33.9 , 27 , 27.41 , 1.452 , 0.030 , 9.24 , 254.21
903 , 5218 , 485.57 , -34.2 , 26 , 27.37 , 1.390 , 0.029 , 9.33 , 254.12
913 , 5280 , 481.25 , -34.5 , 24 , 27.32 , 1.388 , 0.029 , 9.42 , 254.02
923 , 5340 , 477.16 , -34.8 , 22 , 27.28 , 1.385 , 0.029 , 9.52 , 253.93
932 , 5405 , 472.71 , -35.2 , 21 , 27.26 , 1.372 , 0.029 , 9.62 , 253.83
942 , 5465 , 468.64 , -35.6 , 20 , 27.24 , 1.349 , 0.029 , 9.71 , 253.73
952 , 5523 , 464.74 , -36.0 , 20 , 27.20 , 1.327 , 0.029 , 9.80 , 253.65
962 , 5584 , 460.71 , -36.5 , 23 , 27.18 , 1.304 , 0.028 , 9.89 , 253.56
972 , 5642 , 456.84 , -36.8 , 22 , 27.13 , 1.304 , 0.029 , 9.98 , 253.47
982 , 5701 , 452.98 , -37.2 , 21 , 27.09 , 1.306 , 0.029 , 10.07 , 253.38
992 , 5761 , 449.07 , -37.7 , 22 , 27.06 , 1.303 , 0.029 , 10.15 , 253.29
1002 , 5816 , 445.49 , -38.2 , 23 , 27.03 , 1.279 , 0.029 , 10.24 , 253.21
1012 , 5870 , 442.01 , -38.6 , 24 , 27.00 , 1.287 , 0.029 , 10.32 , 253.13
1022 , 5929 , 438.18 , -39.0 , 24 , 26.95 , 1.292 , 0.029 , 10.40 , 253.04
1032 , 5988 , 434.41 , -39.4 , 25 , 26.90 , 1.255 , 0.029 , 10.49 , 252.96
1042 , 6050 , 430.50 , -39.8 , 25 , 26.87 , 1.202 , 0.028 , 10.58 , 252.87
1052 , 6111 , 426.71 , -40.1 , 22 , 26.85 , 1.160 , 0.027 , 10.66 , 252.79
1062 , 6170 , 423.03 , -40.4 , 20 , 26.83 , 1.230 , 0.029 , 10.74 , 252.70
1072 , 6229 , 419.35 , -40.7 , 18 , 26.78 , 1.468 , 0.035 , 10.84 , 252.61
1082 , 6290 , 415.62 , -41.0 , 16 , 26.74 , 1.733 , 0.042 , 10.95 , 252.50
1092 , 6352 , 411.84 , -41.4 , 15 , 26.69 , 1.945 , 0.047 , 11.08 , 252.37
1102 , 6416 , 407.97 , -41.6 , 15 , 26.65 , 2.132 , 0.052 , 11.23 , 252.21
1112 , 6476 , 404.37 , -41.7 , 15 , 26.60 , 2.270 , 0.056 , 11.39 , 252.06
1122 , 6537 , 400.75 , -41.9 , 20 , 26.55 , 2.216 , 0.055 , 11.55 , 251.90
1132 , 6600 , 397.05 , -42.4 , 27 , 26.51 , 1.992 , 0.050 , 11.70 , 251.75
1141 , 6660 , 393.54 , -42.7 , 26 , 26.47 , 1.786 , 0.045 , 11.83 , 251.61
1151 , 6718 , 390.13 , -42.8 , 22 , 26.42 , 1.704 , 0.044 , 11.95 , 251.49
1161 , 6775 , 386.85 , -42.8 , 22 , 26.36 , 1.755 , 0.045 , 12.07 , 251.38
1171 , 6824 , 384.04 , -43.1 , 22 , 26.32 , 1.792 , 0.047 , 12.17 , 251.28
1181 , 6886 , 380.51 , -43.5 , 23 , 26.28 , 1.826 , 0.048 , 12.30 , 251.14
1191 , 6954 , 376.72 , -43.7 , 19 , 26.22 , 2.033 , 0.054 , 12.45 , 250.99
1201 , 7015 , 373.30 , -43.7 , 14 , 26.17 , 2.649 , 0.071 , 12.62 , 250.82
1208 , 7063 , 370.64 , -43.7 , 11 , 26.13 , 3.281 , 0.089 , 12.79 , 250.66
1217 , 7122 , 367.40 , -43.6 , 11 , 26.10 , 3.589 , 0.098 , 13.03 , 250.42
1226 , 7170 , 364.77 , -43.7 , 13 , 26.05 , 3.107 , 0.085 , 13.22 , 250.23
1236 , 7235 , 361.25 , -44.2 , 14 , 25.99 , 2.339 , 0.065 , 13.43 , 250.02
1246 , 7293 , 358.15 , -44.7 , 15 , 25.95 , 1.821 , 0.051 , 13.57 , 249.88
1256 , 7348 , 355.23 , -45.2 , 15 , 25.90 , 1.528 , 0.043 , 13.68 , 249.77
1266 , 7408 , 352.05 , -45.7 , 14 , 25.86 , 1.428 , 0.041 , 13.78 , 249.67
1276 , 7468 , 348.85 , -46.2 , 13 , 25.81 , 1.397 , 0.040 , 13.88 , 249.56
1286 , 7515 , 346.40 , -46.5 , 13 , 25.77 , 1.355 , 0.039 , 13.96 , 249.49
1296 , 7561 , 344.02 , -46.9 , 12 , 25.73 , 1.285 , 0.037 , 14.03 , 249.42
1306 , 7613 , 341.30 , -47.2 , 13 , 25.68 , 1.221 , 0.036 , 14.11 , 249.34
1316 , 7677 , 338.01 , -47.7 , 14 , 25.64 , 1.167 , 0.035 , 14.20 , 249.25
1326 , 7728 , 335.40 , -48.1 , 15 , 25.58 , 1.145 , 0.034 , 14.27 , 249.18
1335 , 7785 , 332.56 , -48.6 , 16 , 25.53 , 1.078 , 0.032 , 14.35 , 249.10
1345 , 7845 , 329.50 , -49.1 , 17 , 25.48 , 1.026 , 0.031 , 14.42 , 249.02
1355 , 7913 , 326.10 , -49.5 , 17 , 25.41 , 1.029 , 0.032 , 14.51 , 248.94
1365 , 7974 , 323.08 , -50.0 , 18 , 25.35 , 1.036 , 0.032 , 14.58 , 248.86
1375 , 8043 , 319.68 , -50.6 , 19 , 25.31 , 1.030 , 0.032 , 14.67 , 248.78
1385 , 8105 , 316.66 , -51.1 , 20 , 25.25 , 1.063 , 0.034 , 14.75 , 248.70
1395 , 8158 , 314.08 , -51.6 , 20 , 25.20 , 1.084 , 0.035 , 14.82 , 248.63
1405 , 8226 , 310.79 , -51.9 , 22 , 25.15 , 1.235 , 0.040 , 14.91 , 248.53
1415 , 8285 , 307.95 , -52.3 , 24 , 25.09 , 1.613 , 0.052 , 15.02 , 248.43
1425 , 8341 , 305.30 , -52.8 , 25 , 25.05 , 2.009 , 0.066 , 15.14 , 248.31
1435 , 8397 , 302.69 , -53.1 , 26 , 24.98 , 2.251 , 0.074 , 15.28 , 248.16
1444 , 8440 , 300.67 , -53.4 , 27 , 24.91 , 2.335 , 0.078 , 15.40 , 248.04
1453 , 8478 , 298.90 , -53.6 , 29 , 24.88 , 2.520 , 0.084 , 15.52 , 247.93
1463 , 8520 , 296.94 , -53.7 , 30 , 24.83 , 2.741 , 0.092 , 15.65 , 247.79
1473 , 8564 , 294.91 , -53.7 , 30 , 24.77 , 3.002 , 0.102 , 15.81 , 247.64
1483 , 8619 , 292.42 , -54.0 , 30 , 24.71 , 3.252 , 0.111 , 16.02 , 247.43
1493 , 8695 , 288.97 , -53.7 , 29 , 24.67 , 3.472 , 0.120 , 16.33 , 247.11
1503 , 8761 , 285.99 , -53.4 , 26 , 24.62 , 3.824 , 0.134 , 16.63 , 246.81
1513 , 8825 , 283.17 , -53.5 , 24 , 24.56 , 3.842 , 0.136 , 16.93 , 246.51
1523 , 8888 , 280.42 , -53.9 , 22 , 24.51 , 3.975 , 0.142 , 17.23 , 246.21
1533 , 8951 , 277.68 , -54.3 , 21 , 24.45 , 4.099 , 0.148 , 17.55 , 245.90
1543 , 9018 , 274.78 , -54.7 , 20 , 24.40 , 4.220 , 0.154 , 17.89 , 245.56
1553 , 9069 , 272.57 , -55.1 , 20 , 24.33 , 4.336 , 0.159 , 18.16 , 245.28
1563 , 9114 , 270.65 , -55.5 , 19 , 24.28 , 4.450 , 0.164 , 18.41 , 245.04
1573 , 9167 , 268.45 , -55.3 , 19 , 24.22 , 4.379 , 0.163 , 18.69 , 244.75
1583 , 9228 , 265.89 , -54.7 , 18 , 24.16 , 4.377 , 0.165 , 19.02 , 244.42
1593 , 9284 , 263.55 , -54.8 , 15 , 24.11 , 4.619 , 0.175 , 19.34 , 244.11
1603 , 9331 , 261.62 , -55.0 , 14 , 24.05 , 4.771 , 0.182 , 19.61 , 243.84
1613 , 9389 , 259.27 , -55.0 , 12 , 23.98 , 4.930 , 0.190 , 19.96 , 243.49
1623 , 9446 , 256.98 , -54.4 , 10 , 23.93 , 5.095 , 0.198 , 20.31 , 243.14
1633 , 9506 , 254.55 , -53.8 , 8 , 23.88 , 5.312 , 0.209 , 20.70 , 242.75
1643 , 9572 , 251.97 , -53.6 , 7 , 23.83 , 5.320 , 0.211 , 21.12 , 242.32
1653 , 9624 , 249.93 , -52.1 , 6 , 23.77 , 5.195 , 0.208 , 21.46 , 241.98
1663 , 9664 , 248.41 , -51.0 , 4 , 23.71 , 5.334 , 0.215 , 21.71 , 241.73
1673 , 9704 , 246.89 , -50.0 , 3 , 23.64 , 5.462 , 0.221 , 21.98 , 241.47
1683 , 9743 , 245.42 , -49.5 , 3 , 23.56 , 5.560 , 0.227 , 22.24 , 241.21
1693 , 9781 , 244.00 , -49.7 , 2 , 23.52 , 5.646 , 0.231 , 22.49 , 240.95
1703 , 9823 , 242.44 , -49.8 , 2 , 23.47 , 5.724 , 0.236 , 22.78 , 240.67
1713 , 9884 , 240.18 , -49.4 , 1 , 23.40 , 5.724 , 0.238 , 23.20 , 240.24
1723 , 9930 , 238.52 , -49.7 , 1 , 23.35 , 5.769 , 0.242 , 23.52 , 239.93
1733 , 9971 , 237.00 , -49.9 , 1 , 23.30 , 5.760 , 0.243 , 23.81 , 239.64
1742 , 10011 , 235.58 , -50.2 , 1 , 23.23 , 5.766 , 0.245 , 24.08 , 239.36
1752 , 10050 , 234.17 , -50.2 , 1 , 23.16 , 5.775 , 0.247 , 24.36 , 239.09
1762 , 10097 , 232.48 , -50.2 , 1 , 23.10 , 5.830 , 0.251 , 24.69 , 238.76
1772 , 10170 , 229.91 , -50.6 , 1 , 23.03 , 5.823 , 0.253 , 25.20 , 238.25
1782 , 10228 , 227.84 , -50.8 , 1 , 22.98 , 5.831 , 0.256 , 25.61 , 237.83
1792 , 10271 , 226.35 , -49.9 , 1 , 22.93 , 5.809 , 0.257 , 25.92 , 237.53
1802 , 10319 , 224.71 , -49.0 , 1 , 22.87 , 5.804 , 0.258 , 26.25 , 237.20
1812 , 10361 , 223.27 , -48.5 , 0 , 22.80 , 5.829 , 0.261 , 26.54 , 236.90
1822 , 10405 , 221.78 , -48.6 , 0 , 22.73 , 5.928 , 0.267 , 26.85 , 236.59
1832 , 10459 , 219.97 , -48.9 , 0 , 22.66 , 5.829 , 0.265 , 27.23 , 236.21
1842 , 10511 , 218.23 , -49.2 , 0 , 22.62 , 5.862 , 0.269 , 27.60 , 235.85
1852 , 10554 , 216.79 , -49.5 , 0 , 22.56 , 5.892 , 0.272 , 27.91 , 235.54
1862 , 10599 , 215.32 , -49.7 , 0 , 22.51 , 5.828 , 0.271 , 28.22 , 235.22
1872 , 10642 , 213.91 , -49.7 , 0 , 22.46 , 5.772 , 0.270 , 28.52 , 234.92
1882 , 10682 , 212.61 , -49.9 , 0 , 22.40 , 5.770 , 0.271 , 28.80 , 234.65
1892 , 10722 , 211.31 , -50.0 , 0 , 22.32 , 5.849 , 0.277 , 29.08 , 234.36
1902 , 10761 , 210.03 , -49.9 , 0 , 22.25 , 5.758 , 0.274 , 29.36 , 234.09
1912 , 10803 , 208.70 , -49.7 , 0 , 22.18 , 5.704 , 0.273 , 29.65 , 233.80
1922 , 10851 , 207.17 , -49.8 , 0 , 22.12 , 5.627 , 0.272 , 29.98 , 233.47
1932 , 10904 , 205.49 , -49.9 , 0 , 22.06 , 5.560 , 0.271 , 30.34 , 233.11
1942 , 10945 , 204.21 , -49.7 , 0 , 21.99 , 5.534 , 0.271 , 30.61 , 232.84
1952 , 10985 , 202.99 , -49.2 , 0 , 21.93 , 5.224 , 0.257 , 30.86 , 232.58
1962 , 11021 , 201.87 , -48.9 , 0 , 21.87 , 5.065 , 0.251 , 31.09 , 232.36
1972 , 11059 , 200.70 , -48.3 , 0 , 21.81 , 5.101 , 0.254 , 31.32 , 232.12
1982 , 11103 , 199.36 , -48.3 , 0 , 21.75 , 5.142 , 0.258 , 31.59 , 231.85
1992 , 11161 , 197.61 , -47.9 , 0 , 21.69 , 5.254 , 0.266 , 31.96 , 231.49
2002 , 11229 , 195.60 , -47.8 , 0 , 21.64 , 5.423 , 0.277 , 32.39 , 231.06
2012 , 11275 , 194.23 , -47.6 , 0 , 21.58 , 5.730 , 0.295 , 32.69 , 230.75
2022 , 11316 , 193.03 , -47.8 , 0 , 21.52 , 5.795 , 0.300 , 32.98 , 230.47
2032 , 11362 , 191.70 , -47.8 , 0 , 21.46 , 5.964 , 0.311 , 33.30 , 230.15
2041 , 11403 , 190.51 , -47.6 , 0 , 21.41 , 6.011 , 0.316 , 33.59 , 229.85
2051 , 11445 , 189.29 , -47.8 , 0 , 21.35 , 6.070 , 0.321 , 33.90 , 229.55
2061 , 11495 , 187.86 , -48.1 , 0 , 21.28 , 6.046 , 0.322 , 34.26 , 229.19
2071 , 11543 , 186.50 , -48.1 , 0 , 21.22 , 5.993 , 0.321 , 34.61 , 228.84
2081 , 11590 , 185.16 , -48.1 , 0 , 21.17 , 5.923 , 0.320 , 34.95 , 228.50
2091 , 11638 , 183.83 , -48.4 , 0 , 21.11 , 5.725 , 0.311 , 35.28 , 228.17
2101 , 11687 , 182.46 , -48.7 , 0 , 21.06 , 5.652 , 0.310 , 35.61 , 227.84
2111 , 11736 , 181.10 , -49.0 , 0 , 21.00 , 5.486 , 0.303 , 35.94 , 227.51
2121 , 11785 , 179.74 , -49.4 , 0 , 20.94 , 5.272 , 0.293 , 36.26 , 227.19
2131 , 11835 , 178.38 , -49.9 , 0 , 20.87 , 5.019 , 0.281 , 36.57 , 226.88
2141 , 11881 , 177.13 , -50.2 , 0 , 20.82 , 4.835 , 0.273 , 36.84 , 226.60
2151 , 11925 , 175.95 , -50.3 , 0 , 20.78 , 4.644 , 0.264 , 37.09 , 226.35
2161 , 11967 , 174.82 , -49.8 , 0 , 20.72 , 4.610 , 0.264 , 37.33 , 226.12
2171 , 12009 , 173.69 , -49.7 , 0 , 20.66 , 4.656 , 0.268 , 37.57 , 225.88
2181 , 12051 , 172.58 , -49.6 , 0 , 20.60 , 4.844 , 0.281 , 37.80 , 225.64
2191 , 12093 , 171.47 , -49.8 , 0 , 20.55 , 5.017 , 0.293 , 38.06 , 225.39
2201 , 12135 , 170.37 , -49.8 , 0 , 20.51 , 5.206 , 0.306 , 38.32 , 225.13
2211 , 12176 , 169.31 , -49.3 , 0 , 20.46 , 5.312 , 0.314 , 38.58 , 224.87
2221 , 12221 , 168.15 , -48.9 , 0 , 20.39 , 5.425 , 0.323 , 38.87 , 224.58
2231 , 12263 , 167.10 , -48.7 , 0 , 20.35 , 5.440 , 0.326 , 39.14 , 224.31
2241 , 12303 , 166.08 , -48.8 , 0 , 20.30 , 5.302 , 0.319 , 39.39 , 224.05
2251 , 12343 , 165.05 , -49.1 , 0 , 20.25 , 5.055 , 0.306 , 39.65 , 223.80
2261 , 12384 , 164.03 , -49.3 , 0 , 20.18 , 4.772 , 0.291 , 39.89 , 223.56
2271 , 12425 , 163.02 , -49.3 , 0 , 20.13 , 4.503 , 0.276 , 40.12 , 223.33
2281 , 12465 , 162.01 , -49.2 , 0 , 20.08 , 4.383 , 0.271 , 40.33 , 223.11
2291 , 12505 , 161.04 , -49.4 , 0 , 20.03 , 4.371 , 0.271 , 40.54 , 222.90
2301 , 12545 , 160.05 , -49.3 , 0 , 19.99 , 4.321 , 0.270 , 40.75 , 222.69
2311 , 12585 , 159.07 , -48.9 , 0 , 19.93 , 4.152 , 0.261 , 40.96 , 222.49
2321 , 12627 , 158.06 , -48.6 , 0 , 19.89 , 4.118 , 0.261 , 41.16 , 222.28
2331 , 12669 , 157.06 , -48.4 , 0 , 19.85 , 4.387 , 0.279 , 41.38 , 222.07
2340 , 12707 , 156.16 , -48.5 , 0 , 19.80 , 4.554 , 0.292 , 41.58 , 221.87
2349 , 12742 , 155.32 , -48.7 , 0 , 19.76 , 4.789 , 0.308 , 41.78 , 221.67
2359 , 12780 , 154.43 , -48.8 , 0 , 19.71 , 5.023 , 0.325 , 42.00 , 221.44
2369 , 12821 , 153.47 , -48.7 , 0 , 19.66 , 5.398 , 0.352 , 42.26 , 221.19
2379 , 12859 , 152.59 , -48.7 , 0 , 19.61 , 5.700 , 0.374 , 42.51 , 220.93
2389 , 12895 , 151.74 , -48.8 , 0 , 19.57 , 5.930 , 0.391 , 42.77 , 220.68
2399 , 12933 , 150.88 , -48.8 , 0 , 19.53 , 6.008 , 0.398 , 43.03 , 220.41
2409 , 12970 , 150.01 , -48.8 , 0 , 19.48 , 5.933 , 0.395 , 43.31 , 220.14
2419 , 13010 , 149.12 , -48.8 , 0 , 19.43 , 5.796 , 0.389 , 43.58 , 219.86
2429 , 13051 , 148.18 , -48.8 , 0 , 19.38 , 5.798 , 0.391 , 43.87 , 219.57
2439 , 13094 , 147.22 , -49.0 , 0 , 19.33 , 5.909 , 0.401 , 44.17 , 219.27
2449 , 13135 , 146.30 , -49.3 , 0 , 19.27 , 5.928 , 0.405 , 44.47 , 218.98
2459 , 13176 , 145.40 , -49.4 , 0 , 19.22 , 6.050 , 0.416 , 44.76 , 218.69
2469 , 13217 , 144.48 , -49.3 , 0 , 19.17 , 6.011 , 0.416 , 45.06 , 218.39
2479 , 13257 , 143.59 , -49.2 , 0 , 19.13 , 5.870 , 0.409 , 45.35 , 218.10
2489 , 13301 , 142.64 , -49.2 , 0 , 19.09 , 5.774 , 0.405 , 45.65 , 217.79
2499 , 13343 , 141.72 , -49.3 , 0 , 19.04 , 5.683 , 0.401 , 45.95 , 217.50
2509 , 13385 , 140.83 , -49.3 , 0 , 19.00 , 5.568 , 0.395 , 46.22 , 217.22
2519 , 13429 , 139.88 , -49.3 , 0 , 18.94 , 5.447 , 0.389 , 46.52 , 216.93
2529 , 13474 , 138.92 , -49.0 , 0 , 18.89 , 5.506 , 0.396 , 46.82 , 216.63
2539 , 13517 , 138.01 , -49.0 , 0 , 18.84 , 5.900 , 0.428 , 47.11 , 216.33
2549 , 13563 , 137.05 , -49.3 , 0 , 18.80 , 6.200 , 0.452 , 47.45 , 216.00
2559 , 13611 , 136.06 , -49.6 , 0 , 18.75 , 6.454 , 0.474 , 47.81 , 215.64
2569 , 13654 , 135.15 , -49.9 , 0 , 18.70 , 6.852 , 0.507 , 48.16 , 215.29
2579 , 13698 , 134.25 , -50.1 , 0 , 18.66 , 7.366 , 0.549 , 48.54 , 214.91
2589 , 13739 , 133.40 , -50.2 , 0 , 18.61 , 7.797 , 0.584 , 48.91 , 214.53
2599 , 13782 , 132.54 , -50.1 , 0 , 18.56 , 7.565 , 0.571 , 49.31 , 214.14
2609 , 13825 , 131.67 , -50.1 , 0 , 18.52 , 7.255 , 0.551 , 49.69 , 213.75
2619 , 13869 , 130.79 , -50.1 , 0 , 18.47 , 7.108 , 0.544 , 50.07 , 213.37
2629 , 13908 , 130.01 , -50.3 , 0 , 18.43 , 7.031 , 0.541 , 50.41 , 213.04
2638 , 13944 , 129.28 , -50.3 , 0 , 18.39 , 6.989 , 0.541 , 50.72 , 212.73
2648 , 13982 , 128.53 , -50.2 , 0 , 18.34 , 7.169 , 0.558 , 51.04 , 212.40
2658 , 14021 , 127.76 , -50.1 , 0 , 18.30 , 7.435 , 0.582 , 51.39 , 212.06
2668 , 14059 , 127.03 , -50.1 , 0 , 18.25 , 7.749 , 0.610 , 51.73 , 211.71
2678 , 14099 , 126.25 , -50.1 , 0 , 18.21 , 7.882 , 0.624 , 52.11 , 211.33
2688 , 14140 , 125.45 , -50.0 , 0 , 18.16 , 8.316 , 0.663 , 52.52 , 210.93
2698 , 14180 , 124.70 , -50.2 , 0 , 18.12 , 8.668 , 0.695 , 52.92 , 210.53
2708 , 14216 , 124.01 , -50.3 , 0 , 18.08 , 8.671 , 0.699 , 53.30 , 210.15
2718 , 14254 , 123.29 , -50.3 , 0 , 18.03 , 8.450 , 0.685 , 53.69 , 209.75
2728 , 14291 , 122.60 , -50.3 , 0 , 17.99 , 8.149 , 0.665 , 54.06 , 209.38
2738 , 14328 , 121.89 , -50.3 , 0 , 17.94 , 7.987 , 0.655 , 54.43 , 209.02
2748 , 14363 , 121.24 , -50.3 , 0 , 17.90 , 7.856 , 0.648 , 54.76 , 208.68
2758 , 14400 , 120.57 , -50.3 , 0 , 17.86 , 7.820 , 0.649 , 55.11 , 208.34
2768 , 14437 , 119.88 , -50.2 , 0 , 17.81 , 7.732 , 0.645 , 55.46 , 207.99
2778 , 14474 , 119.20 , -50.3 , 0 , 17.77 , 7.674 , 0.644 , 55.81 , 207.64
2788 , 14514 , 118.47 , -50.3 , 0 , 17.72 , 7.683 , 0.649 , 56.18 , 207.27
2798 , 14553 , 117.77 , -50.1 , 0 , 17.68 , 7.626 , 0.648 , 56.54 , 206.91
2808 , 14592 , 117.07 , -50.1 , 0 , 17.64 , 7.584 , 0.648 , 56.89 , 206.55
2818 , 14631 , 116.37 , -50.2 , 0 , 17.59 , 7.494 , 0.644 , 57.25 , 206.19
2828 , 14669 , 115.69 , -50.3 , 0 , 17.55 , 7.351 , 0.635 , 57.59 , 205.85
2838 , 14708 , 115.01 , -50.4 , 0 , 17.51 , 7.530 , 0.655 , 57.94 , 205.50
2848 , 14746 , 114.33 , -50.6 , 0 , 17.47 , 7.409 , 0.648 , 58.29 , 205.16
2858 , 14785 , 113.64 , -50.5 , 0 , 17.43 , 7.570 , 0.666 , 58.65 , 204.80
2868 , 14826 , 112.94 , -50.5 , 0 , 17.39 , 7.723 , 0.684 , 59.02 , 204.43
2878 , 14866 , 112.25 , -50.4 , 0 , 17.35 , 7.979 , 0.711 , 59.40 , 204.04
2888 , 14907 , 111.54 , -50.3 , 0 , 17.31 , 8.008 , 0.718 , 59.80 , 203.65
2898 , 14950 , 110.81 , -50.5 , 0 , 17.26 , 8.055 , 0.727 , 60.22 , 203.23
2908 , 14994 , 110.07 , -50.4 , 0 , 17.22 , 8.029 , 0.729 , 60.64 , 202.80
2918 , 15039 , 109.31 , -50.3 , 0 , 17.18 , 8.080 , 0.739 , 61.08 , 202.36
2928 , 15084 , 108.56 , -50.5 , 0 , 17.14 , 8.172 , 0.753 , 61.52 , 201.92
2937 , 15127 , 107.84 , -50.5 , 0 , 17.10 , 8.273 , 0.767 , 61.96 , 201.49
2946 , 15169 , 107.16 , -50.6 , 0 , 17.06 , 8.297 , 0.774 , 62.37 , 201.07
2955 , 15207 , 106.52 , -50.7 , 0 , 17.03 , 8.499 , 0.798 , 62.77 , 200.68
2965 , 15248 , 105.86 , -50.9 , 0 , 16.99 , 8.579 , 0.810 , 63.18 , 200.26
2975 , 15290 , 105.18 , -51.1 , 0 , 16.95 , 8.585 , 0.816 , 63.62 , 199.83
2985 , 15331 , 104.51 , -51.2 , 0 , 16.91 , 8.605 , 0.823 , 64.06 , 199.39
2995 , 15373 , 103.84 , -51.2 , 0 , 16.87 , 8.562 , 0.825 , 64.49 , 198.95
3005 , 15414 , 103.18 , -51.0 , 0 , 16.84 , 8.739 , 0.847 , 64.93 , 198.52
3015 , 15455 , 102.54 , -50.9 , 0 , 16.79 , 9.066 , 0.884 , 65.36 , 198.08
3025 , 15496 , 101.90 , -50.9 , 0 , 16.76 , 9.484 , 0.931 , 65.82 , 197.62
3035 , 15536 , 101.28 , -50.9 , 0 , 16.71 , 9.638 , 0.952 , 66.29 , 197.16
3045 , 15576 , 100.65 , -50.9 , 0 , 16.67 , 9.742 , 0.968 , 66.76 , 196.68
3054 , 15615 , 100.06 , -50.9 , 0 , 16.63 , 9.834 , 0.983 , 67.22 , 196.23
3064 , 15652 , 99.48 , -50.8 , 0 , 16.59 , 9.734 , 0.978 , 67.66 , 195.79
3074 , 15690 , 98.90 , -50.8 , 0 , 16.55 , 9.644 , 0.975 , 68.11 , 195.34
3084 , 15730 , 98.30 , -50.9 , 0 , 16.51 , 9.649 , 0.982 , 68.58 , 194.87
3094 , 15770 , 97.69 , -51.0 , 0 , 16.47 , 9.530 , 0.976 , 69.04 , 194.40
3104 , 15812 , 97.07 , -50.9 , 0 , 16.43 , 9.497 , 0.978 , 69.52 , 193.92
3114 , 15853 , 96.45 , -51.0 , 0 , 16.39 , 9.522 , 0.987 , 70.00 , 193.44
3124 , 15894 , 95.84 , -51.0 , 0 , 16.35 , 9.505 , 0.992 , 70.48 , 192.97
3134 , 15937 , 95.22 , -51.1 , 0 , 16.31 , 9.486 , 0.996 , 70.97 , 192.48
3144 , 15979 , 94.60 , -51.0 , 0 , 16.27 , 9.450 , 0.999 , 71.46 , 191.99
3154 , 16022 , 93.98 , -51.0 , 0 , 16.23 , 9.474 , 1.008 , 71.95 , 191.50
3164 , 16066 , 93.35 , -51.0 , 0 , 16.19 , 9.458 , 1.013 , 72.45 , 191.00
3174 , 16110 , 92.72 , -51.1 , 0 , 16.15 , 9.559 , 1.031 , 72.96 , 190.49
3184 , 16154 , 92.09 , -51.0 , 0 , 16.11 , 9.606 , 1.043 , 73.47 , 189.97
3194 , 16199 , 91.45 , -50.8 , 0 , 16.07 , 9.628 , 1.053 , 74.00 , 189.45
3204 , 16243 , 90.84 , -50.7 , 0 , 16.04 , 9.636 , 1.061 , 74.51 , 188.93
3214 , 16287 , 90.23 , -50.8 , 0 , 15.99 , 9.711 , 1.076 , 75.02 , 188.43
3224 , 16329 , 89.65 , -51.1 , 0 , 15.95 , 9.695 , 1.081 , 75.52 , 187.93
3234 , 16371 , 89.07 , -51.2 , 0 , 15.91 , 9.648 , 1.083 , 76.01 , 187.43
3243 , 16411 , 88.53 , -51.1 , 0 , 15.88 , 9.673 , 1.093 , 76.48 , 186.97
3253 , 16450 , 87.99 , -51.3 , 0 , 15.84 , 9.716 , 1.104 , 76.95 , 186.50
3263 , 16491 , 87.44 , -51.4 , 0 , 15.80 , 9.820 , 1.123 , 77.43 , 186.02
3273 , 16532 , 86.89 , -51.5 , 0 , 15.76 , 9.935 , 1.143 , 77.92 , 185.53
3283 , 16572 , 86.36 , -51.6 , 0 , 15.72 , 9.949 , 1.152 , 78.40 , 185.05
3293 , 16611 , 85.84 , -51.6 , 0 , 15.68 , 9.952 , 1.159 , 78.87 , 184.57
3303 , 16650 , 85.33 , -51.6 , 0 , 15.65 , 9.975 , 1.169 , 79.35 , 184.10
3313 , 16687 , 84.83 , -51.6 , 0 , 15.60 , 9.900 , 1.167 , 79.80 , 183.65
3323 , 16726 , 84.33 , -51.6 , 0 , 15.57 , 10.103 , 1.198 , 80.27 , 183.18
3333 , 16765 , 83.82 , -51.7 , 0 , 15.53 , 10.115 , 1.207 , 80.75 , 182.69
3343 , 16803 , 83.33 , -51.8 , 0 , 15.49 , 10.197 , 1.224 , 81.22 , 182.22
3353 , 16843 , 82.82 , -51.9 , 0 , 15.45 , 10.261 , 1.239 , 81.72 , 181.73
3363 , 16883 , 82.31 , -51.8 , 0 , 15.41 , 10.325 , 1.254 , 82.22 , 181.23
3373 , 16923 , 81.80 , -51.8 , 0 , 15.38 , 10.408 , 1.272 , 82.73 , 180.72
3383 , 16964 , 81.29 , -51.9 , 0 , 15.34 , 10.515 , 1.294 , 83.25 , 180.20
3393 , 17006 , 80.76 , -51.7 , 0 , 15.30 , 10.774 , 1.334 , 83.80 , 179.65
3403 , 17050 , 80.22 , -51.5 , 0 , 15.27 , 10.920 , 1.361 , 84.37 , 179.07
3413 , 17094 , 79.67 , -51.5 , 0 , 15.23 , 10.964 , 1.376 , 84.96 , 178.48
3423 , 17139 , 79.12 , -51.4 , 0 , 15.19 , 11.043 , 1.396 , 85.56 , 177.89
3433 , 17184 , 78.57 , -51.4 , 0 , 15.15 , 11.100 , 1.413 , 86.17 , 177.27
3443 , 17231 , 78.01 , -51.4 , 0 , 15.12 , 11.102 , 1.423 , 86.81 , 176.64
3453 , 17278 , 77.44 , -51.7 , 0 , 15.07 , 11.215 , 1.448 , 87.44 , 176.00
3463 , 17325 , 76.88 , -51.9 , 0 , 15.04 , 11.218 , 1.459 , 88.09 , 175.36
3473 , 17375 , 76.29 , -52.0 , 0 , 15.00 , 11.302 , 1.482 , 88.78 , 174.67
3483 , 17425 , 75.71 , -52.0 , 0 , 14.96 , 11.327 , 1.496 , 89.46 , 173.98
3493 , 17473 , 75.15 , -52.1 , 0 , 14.93 , 11.268 , 1.499 , 90.12 , 173.33
3503 , 17521 , 74.59 , -52.1 , 0 , 14.89 , 11.516 , 1.544 , 90.79 , 172.66
3513 , 17567 , 74.06 , -52.2 , 0 , 14.86 , 11.756 , 1.587 , 91.44 , 172.00
3523 , 17613 , 73.54 , -52.1 , 0 , 14.81 , 11.750 , 1.598 , 92.10 , 171.35
3533 , 17658 , 73.03 , -52.3 , 0 , 14.78 , 12.007 , 1.644 , 92.75 , 170.70
3543 , 17703 , 72.52 , -52.3 , 0 , 14.74 , 12.087 , 1.667 , 93.42 , 170.03
3552 , 17745 , 72.05 , -52.4 , 0 , 14.71 , 12.107 , 1.680 , 94.04 , 169.41
3562 , 17786 , 71.59 , -52.5 , 0 , 14.67 , 12.401 , 1.732 , 94.66 , 168.79
3572 , 17830 , 71.11 , -52.7 , 0 , 14.63 , 12.532 , 1.762 , 95.31 , 168.13
3582 , 17871 , 70.66 , -52.7 , 0 , 14.60 , 12.781 , 1.809 , 95.96 , 167.49
3592 , 17912 , 70.21 , -52.6 , 0 , 14.56 , 12.797 , 1.823 , 96.60 , 166.85
3602 , 17953 , 69.77 , -52.6 , 0 , 14.53 , 13.012 , 1.865 , 97.24 , 166.20
3612 , 17994 , 69.33 , -52.5 , 0 , 14.49 , 13.186 , 1.902 , 97.89 , 165.55
3622 , 18034 , 68.89 , -52.5 , 0 , 14.45 , 13.199 , 1.916 , 98.55 , 164.90
3632 , 18074 , 68.47 , -52.4 , 0 , 14.41 , 13.366 , 1.952 , 99.19 , 164.25
3642 , 18115 , 68.04 , -52.3 , 0 , 14.38 , 13.456 , 1.977 , 99.86 , 163.59
3652 , 18156 , 67.61 , -52.3 , 0 , 14.34 , 13.717 , 2.029 , 100.54 , 162.91
3662 , 18197 , 67.18 , -52.3 , 0 , 14.30 , 13.832 , 2.059 , 101.24 , 162.21
3672 , 18239 , 66.75 , -52.2 , 0 , 14.27 , 13.763 , 2.062 , 101.94 , 161.51
3682 , 18278 , 66.34 , -52.4 , 0 , 14.23 , 13.803 , 2.081 , 102.60 , 160.84
3692 , 18320 , 65.92 , -52.6 , 0 , 14.19 , 13.820 , 2.096 , 103.30 , 160.15
3702 , 18363 , 65.48 , -52.7 , 0 , 14.16 , 13.700 , 2.092 , 104.03 , 159.42
3712 , 18407 , 65.03 , -52.6 , 0 , 14.12 , 13.693 , 2.106 , 104.77 , 158.68
3722 , 18451 , 64.59 , -52.6 , 0 , 14.08 , 13.689 , 2.119 , 105.50 , 157.95
3732 , 18493 , 64.18 , -52.7 , 0 , 14.05 , 13.715 , 2.137 , 106.20 , 157.25
3742 , 18534 , 63.76 , -52.7 , 0 , 14.01 , 13.597 , 2.132 , 106.89 , 156.55
3752 , 18577 , 63.34 , -52.7 , 0 , 13.98 , 13.482 , 2.128 , 107.60 , 155.84
3762 , 18620 , 62.92 , -52.7 , 0 , 13.94 , 13.429 , 2.134 , 108.32 , 155.13
3772 , 18663 , 62.50 , -52.7 , 0 , 13.91 , 13.359 , 2.137 , 109.02 , 154.43
3782 , 18709 , 62.06 , -52.5 , 0 , 13.87 , 13.182 , 2.124 , 109.77 , 153.68
3792 , 18754 , 61.63 , -52.5 , 0 , 13.84 , 13.134 , 2.131 , 110.49 , 152.96
3802 , 18798 , 61.21 , -52.5 , 0 , 13.80 , 13.137 , 2.146 , 111.19 , 152.25
3812 , 18840 , 60.81 , -52.5 , 0 , 13.76 , 12.991 , 2.136 , 111.87 , 151.58
3822 , 18883 , 60.41 , -52.4 , 0 , 13.73 , 13.136 , 2.174 , 112.54 , 150.90
3832 , 18926 , 60.01 , -52.2 , 0 , 13.69 , 13.146 , 2.190 , 113.23 , 150.21
3841 , 18967 , 59.63 , -52.1 , 0 , 13.66 , 13.125 , 2.201 , 113.90 , 149.55
3850 , 19006 , 59.27 , -52.4 , 0 , 13.63 , 13.043 , 2.201 , 114.52 , 148.92
3860 , 19048 , 58.89 , -52.5 , 0 , 13.60 , 13.126 , 2.229 , 115.18 , 148.26
3870 , 19092 , 58.49 , -52.6 , 0 , 13.56 , 13.354 , 2.283 , 115.90 , 147.54
3880 , 19135 , 58.10 , -52.6 , 0 , 13.53 , 13.744 , 2.366 , 116.62 , 146.83
3890 , 19179 , 57.70 , -52.8 , 0 , 13.49 , 13.975 , 2.422 , 117.36 , 146.09
3900 , 19222 , 57.32 , -52.8 , 0 , 13.46 , 13.967 , 2.437 , 118.10 , 145.35
3910 , 19266 , 56.94 , -52.9 , 0 , 13.43 , 13.851 , 2.433 , 118.84 , 144.61
3920 , 19310 , 56.55 , -52.6 , 0 , 13.40 , 13.912 , 2.460 , 119.59 , 143.86
3930 , 19357 , 56.14 , -52.6 , 0 , 13.36 , 13.979 , 2.490 , 120.38 , 143.06
3940 , 19403 , 55.74 , -52.3 , 0 , 13.33 , 14.151 , 2.539 , 121.17 , 142.27
3950 , 19448 , 55.35 , -52.1 , 0 , 13.30 , 14.082 , 2.544 , 121.95 , 141.50
3960 , 19493 , 54.97 , -52.1 , 0 , 13.27 , 13.915 , 2.531 , 122.72 , 140.73
3970 , 19539 , 54.58 , -52.0 , 0 , 13.23 , 13.945 , 2.555 , 123.50 , 139.95
3980 , 19584 , 54.20 , -52.1 , 0 , 13.20 , 13.866 , 2.558 , 124.27 , 139.18
3990 , 19631 , 53.81 , -51.7 , 0 , 13.17 , 13.924 , 2.588 , 125.07 , 138.38
4000 , 19678 , 53.42 , -51.7 , 0 , 13.14 , 13.822 , 2.588 , 125.86 , 137.58
4010 , 19725 , 53.03 , -51.8 , 0 , 13.11 , 13.762 , 2.595 , 126.65 , 136.80
4020 , 19770 , 52.67 , -52.0 , 0 , 13.08 , 13.613 , 2.585 , 127.40 , 136.05
4030 , 19817 , 52.28 , -52.1 , 0 , 13.05 , 13.426 , 2.568 , 128.18 , 135.27
4040 , 19864 , 51.90 , -51.9 , 0 , 13.02 , 13.272 , 2.557 , 128.95 , 134.50
4050 , 19913 , 51.52 , -51.4 , 0 , 13.00 , 13.372 , 2.596 , 129.73 , 133.71
4060 , 19962 , 51.13 , -51.2 , 0 , 12.97 , 13.213 , 2.584 , 130.52 , 132.93
4070 , 20009 , 50.76 , -51.1 , 0 , 12.94 , 13.152 , 2.591 , 131.27 , 132.17
4080 , 20056 , 50.39 , -51.0 , 0 , 12.92 , 13.048 , 2.589 , 132.02 , 131.42
4090 , 20103 , 50.03 , -51.1 , 0 , 12.90 , 13.053 , 2.609 , 132.78 , 130.67
4100 , 20151 , 49.66 , -51.2 , 0 , 12.87 , 12.916 , 2.601 , 133.52 , 129.92
4110 , 20198 , 49.30 , -51.3 , 0 , 12.85 , 12.909 , 2.618 , 134.27 , 129.18
4120 , 20247 , 48.93 , -51.4 , 0 , 12.83 , 12.828 , 2.622 , 135.03 , 128.41
4130 , 20295 , 48.57 , -51.6 , 0 , 12.80 , 12.723 , 2.619 , 135.78 , 127.67
4140 , 20344 , 48.21 , -51.8 , 0 , 12.78 , 12.744 , 2.643 , 136.53 , 126.92
4149 , 20388 , 47.88 , -51.8 , 0 , 12.76 , 12.626 , 2.637 , 137.21 , 126.24
4158 , 20429 , 47.58 , -51.8 , 0 , 12.74 , 12.660 , 2.661 , 137.84 , 125.60
4168 , 20473 , 47.26 , -51.9 , 0 , 12.72 , 12.615 , 2.670 , 138.53 , 124.92
4178 , 20521 , 46.91 , -52.1 , 0 , 12.70 , 12.571 , 2.680 , 139.26 , 124.19
4188 , 20568 , 46.57 , -52.1 , 0 , 12.67 , 12.539 , 2.693 , 139.97 , 123.47
4198 , 20613 , 46.24 , -52.1 , 0 , 12.64 , 12.544 , 2.713 , 140.68 , 122.77
4208 , 20658 , 45.93 , -52.2 , 0 , 12.62 , 12.374 , 2.694 , 141.35 , 122.10
4218 , 20703 , 45.61 , -52.3 , 0 , 12.59 , 12.264 , 2.689 , 142.03 , 121.42
4228 , 20748 , 45.29 , -52.4 , 0 , 12.57 , 12.187 , 2.691 , 142.69 , 120.75
4238 , 20792 , 44.98 , -52.5 , 0 , 12.54 , 12.225 , 2.718 , 143.36 , 120.09
4248 , 20835 , 44.68 , -52.4 , 0 , 12.52 , 12.135 , 2.716 , 144.00 , 119.44
4258 , 20878 , 44.39 , -52.0 , 0 , 12.49 , 12.113 , 2.729 , 144.63 , 118.82
4268 , 20921 , 44.10 , -51.9 , 0 , 12.47 , 11.990 , 2.719 , 145.26 , 118.18
4278 , 20964 , 43.81 , -51.7 , 0 , 12.45 , 11.898 , 2.716 , 145.89 , 117.56
4288 , 21008 , 43.51 , -51.9 , 0 , 12.43 , 11.794 , 2.711 , 146.52 , 116.92
4298 , 21052 , 43.21 , -51.7 , 0 , 12.41 , 11.775 , 2.725 , 147.16 , 116.29
4308 , 21095 , 42.93 , -51.7 , 0 , 12.39 , 11.688 , 2.723 , 147.77 , 115.68
4318 , 21140 , 42.63 , -51.7 , 0 , 12.36 , 11.522 , 2.703 , 148.41 , 115.03
4328 , 21185 , 42.34 , -51.7 , 0 , 12.34 , 11.465 , 2.708 , 149.03 , 114.42
4338 , 21230 , 42.04 , -51.8 , 0 , 12.32 , 11.448 , 2.723 , 149.66 , 113.78
4348 , 21277 , 41.74 , -52.2 , 0 , 12.30 , 11.381 , 2.727 , 150.32 , 113.12
4358 , 21324 , 41.43 , -52.2 , 0 , 12.27 , 11.262 , 2.718 , 150.97 , 112.47
4368 , 21372 , 41.13 , -52.3 , 0 , 12.25 , 11.094 , 2.697 , 151.62 , 111.83
4378 , 21420 , 40.83 , -52.4 , 0 , 12.23 , 11.099 , 2.719 , 152.27 , 111.18
4388 , 21466 , 40.53 , -52.6 , 0 , 12.20 , 11.056 , 2.728 , 152.90 , 110.54
4397 , 21511 , 40.25 , -52.6 , 0 , 12.18 , 10.941 , 2.718 , 153.50 , 109.94
4407 , 21554 , 39.99 , -52.5 , 0 , 12.16 , 10.833 , 2.709 , 154.07 , 109.38
4417 , 21600 , 39.70 , -52.4 , 0 , 12.14 , 10.726 , 2.702 , 154.69 , 108.76
4427 , 21650 , 39.40 , -52.4 , 0 , 12.11 , 10.602 , 2.691 , 155.32 , 108.12
4437 , 21699 , 39.10 , -52.4 , 0 , 12.09 , 10.456 , 2.674 , 155.96 , 107.48
4447 , 21751 , 38.78 , -52.6 , 0 , 12.06 , 10.390 , 2.679 , 156.62 , 106.82
4457 , 21799 , 38.50 , -52.7 , 0 , 12.03 , 10.268 , 2.667 , 157.23 , 106.21
4466 , 21843 , 38.23 , -52.6 , 0 , 12.01 , 10.195 , 2.666 , 157.78 , 105.66
4476 , 21887 , 37.97 , -52.6 , 0 , 11.98 , 10.098 , 2.659 , 158.33 , 105.11
4486 , 21933 , 37.71 , -52.8 , 0 , 11.96 , 10.001 , 2.652 , 158.89 , 104.55
4496 , 21979 , 37.44 , -52.8 , 0 , 11.93 , 9.905 , 2.646 , 159.45 , 104.00
4506 , 22026 , 37.17 , -52.7 , 0 , 11.90 , 9.861 , 2.653 , 160.01 , 103.43
4516 , 22071 , 36.91 , -52.6 , 0 , 11.87 , 9.841 , 2.666 , 160.56 , 102.88
4526 , 22117 , 36.65 , -52.3 , 0 , 11.84 , 9.834 , 2.684 , 161.12 , 102.33
4536 , 22163 , 36.39 , -52.3 , 0 , 11.82 , 10.005 , 2.749 , 161.67 , 101.78
4546 , 22209 , 36.13 , -51.9 , 0 , 11.78 , 10.114 , 2.800 , 162.24 , 101.20
4556 , 22256 , 35.87 , -51.9 , 0 , 11.75 , 10.069 , 2.807 , 162.82 , 100.63
4566 , 22301 , 35.62 , -51.6 , 0 , 11.72 , 9.996 , 2.806 , 163.36 , 100.08
4576 , 22347 , 35.37 , -51.5 , 0 , 11.69 , 9.733 , 2.752 , 163.92 , 99.53
4585 , 22391 , 35.13 , -51.4 , 0 , 11.66 , 9.631 , 2.742 , 164.44 , 99.01
4595 , 22436 , 34.89 , -51.4 , 0 , 11.63 , 9.570 , 2.743 , 164.96 , 98.49
4605 , 22483 , 34.63 , -51.3 , 0 , 11.60 , 9.589 , 2.769 , 165.51 , 97.94
4615 , 22531 , 34.38 , -51.2 , 0 , 11.57 , 9.648 , 2.806 , 166.06 , 97.38
4625 , 22579 , 34.13 , -51.3 , 0 , 11.54 , 9.707 , 2.844 , 166.63 , 96.81
4635 , 22627 , 33.87 , -51.7 , 0 , 11.51 , 9.623 , 2.841 , 167.20 , 96.25
4645 , 22678 , 33.61 , -51.9 , 0 , 11.48 , 9.573 , 2.848 , 167.79 , 95.66
4655 , 22726 , 33.36 , -52.0 , 0 , 11.45 , 9.581 , 2.872 , 168.36 , 95.09
4665 , 22775 , 33.11 , -52.3 , 0 , 11.42 , 9.493 , 2.867 , 168.92 , 94.52
4675 , 22824 , 32.86 , -52.3 , 0 , 11.40 , 9.503 , 2.892 , 169.49 , 93.95
4685 , 22872 , 32.62 , -52.2 , 0 , 11.37 , 9.377 , 2.875 , 170.05 , 93.40
4695 , 22922 , 32.37 , -52.2 , 0 , 11.34 , 9.225 , 2.850 , 170.61 , 92.84
4705 , 22971 , 32.12 , -52.3 , 0 , 11.32 , 9.162 , 2.852 , 171.16 , 92.29
4715 , 23020 , 31.88 , -52.3 , 0 , 11.30 , 9.068 , 2.845 , 171.71 , 91.74
4725 , 23070 , 31.63 , -52.5 , 0 , 11.27 , 9.056 , 2.863 , 172.26 , 91.19
4735 , 23119 , 31.39 , -52.6 , 0 , 11.25 , 9.109 , 2.902 , 172.81 , 90.64
4745 , 23168 , 31.16 , -52.6 , 0 , 11.22 , 9.119 , 2.927 , 173.35 , 90.10
4755 , 23215 , 30.93 , -52.4 , 0 , 11.20 , 9.177 , 2.967 , 173.88 , 89.57
4765 , 23263 , 30.70 , -52.0 , 0 , 11.18 , 9.264 , 3.018 , 174.42 , 89.03
4774 , 23308 , 30.49 , -51.6 , 0 , 11.16 , 9.331 , 3.061 , 174.93 , 88.52
4784 , 23355 , 30.27 , -51.2 , 0 , 11.14 , 9.397 , 3.105 , 175.46 , 87.99
4793 , 23400 , 30.06 , -51.0 , 0 , 11.11 , 9.492 , 3.158 , 175.98 , 87.47
4803 , 23445 , 29.85 , -50.7 , 0 , 11.09 , 9.500 , 3.182 , 176.49 , 86.95
4813 , 23492 , 29.64 , -50.3 , 0 , 11.07 , 9.544 , 3.220 , 177.04 , 86.41
4823 , 23545 , 29.40 , -50.2 , 0 , 11.05 , 9.574 , 3.257 , 177.65 , 85.79
4833 , 23597 , 29.17 , -50.2 , 0 , 11.03 , 9.599 , 3.291 , 178.25 , 85.19
4843 , 23650 , 28.93 , -50.2 , 0 , 11.01 , 9.622 , 3.326 , 178.86 , 84.58
4853 , 23701 , 28.70 , -50.1 , 0 , 10.99 , 9.635 , 3.357 , 179.46 , 83.99
4863 , 23753 , 28.48 , -50.3 , 0 , 10.96 , 9.611 , 3.375 , 180.07 , 83.38
4873 , 23805 , 28.25 , -50.5 , 0 , 10.94 , 9.614 , 3.403 , 180.67 , 82.78
4883 , 23857 , 28.03 , -50.8 , 0 , 10.92 , 9.561 , 3.411 , 181.27 , 82.17
4893 , 23908 , 27.81 , -51.2 , 0 , 10.90 , 9.450 , 3.398 , 181.86 , 81.58
4903 , 23959 , 27.59 , -51.4 , 0 , 10.88 , 9.420 , 3.414 , 182.45 , 81.00
4913 , 24011 , 27.37 , -51.8 , 0 , 10.86 , 9.362 , 3.421 , 183.04 , 80.40
4923 , 24065 , 27.14 , -52.0 , 0 , 10.83 , 9.312 , 3.431 , 183.66 , 79.78
4933 , 24119 , 26.92 , -52.1 , 0 , 10.81 , 9.225 , 3.427 , 184.27 , 79.18
4943 , 24174 , 26.69 , -52.2 , 0 , 10.79 , 9.176 , 3.438 , 184.88 , 78.57
4953 , 24228 , 26.47 , -52.1 , 0 , 10.76 , 9.124 , 3.447 , 185.48 , 77.96
4963 , 24281 , 26.25 , -52.1 , 0 , 10.74 , 9.014 , 3.434 , 186.08 , 77.37
4973 , 24335 , 26.03 , -51.5 , 0 , 10.72 , 8.880 , 3.411 , 186.66 , 76.78
4983 , 24387 , 25.83 , -51.8 , 0 , 10.69 , 8.774 , 3.398 , 187.22 , 76.23
4993 , 24438 , 25.62 , -51.9 , 0 , 10.67 , 8.629 , 3.367 , 187.76 , 75.69
5003 , 24487 , 25.43 , -51.8 , 0 , 10.64 , 8.424 , 3.313 , 188.27 , 75.17
5013 , 24539 , 25.23 , -51.4 , 0 , 10.62 , 8.172 , 3.239 , 188.80 , 74.65
5023 , 24590 , 25.03 , -51.5 , 0 , 10.60 , 7.844 , 3.134 , 189.29 , 74.16
5033 , 24639 , 24.84 , -51.8 , 0 , 10.58 , 7.787 , 3.135 , 189.76 , 73.69
5042 , 24687 , 24.66 , -52.0 , 0 , 10.55 , 7.913 , 3.209 , 190.22 , 73.23
5052 , 24733 , 24.48 , -51.5 , 0 , 10.53 , 8.052 , 3.289 , 190.66 , 72.78
5062 , 24783 , 24.29 , -51.2 , 0 , 10.51 , 8.059 , 3.317 , 191.16 , 72.29
5072 , 24831 , 24.12 , -51.3 , 0 , 10.49 , 7.975 , 3.307 , 191.62 , 71.83
5081 , 24877 , 23.94 , -51.2 , 0 , 10.47 , 7.867 , 3.285 , 192.07 , 71.38
5091 , 24924 , 23.77 , -50.6 , 0 , 10.45 , 7.598 , 3.196 , 192.51 , 70.94
5101 , 24974 , 23.59 , -50.4 , 0 , 10.43 , 7.175 , 3.042 , 192.96 , 70.49
5111 , 25024 , 23.41 , -50.5 , 0 , 10.41 , 6.910 , 2.952 , 193.38 , 70.06
5121 , 25074 , 23.23 , -50.7 , 0 , 10.38 , 6.672 , 2.872 , 193.80 , 69.65
5131 , 25127 , 23.04 , -50.0 , 0 , 10.37 , 6.491 , 2.817 , 194.22 , 69.23
5141 , 25179 , 22.86 , -49.8 , 0 , 10.35 , 6.324 , 2.766 , 194.62 , 68.83
5151 , 25233 , 22.67 , -49.7 , 0 , 10.33 , 6.205 , 2.737 , 195.03 , 68.42
5161 , 25289 , 22.48 , -49.4 , 0 , 10.31 , 6.197 , 2.757 , 195.45 , 68.00
5171 , 25341 , 22.30 , -49.2 , 0 , 10.29 , 6.299 , 2.824 , 195.84 , 67.61
5181 , 25396 , 22.12 , -49.1 , 0 , 10.28 , 6.292 , 2.845 , 196.25 , 67.19
5191 , 25451 , 21.93 , -48.9 , 0 , 10.26 , 6.239 , 2.845 , 196.67 , 66.78
5201 , 25506 , 21.75 , -48.9 , 0 , 10.24 , 6.092 , 2.801 , 197.07 , 66.37
5211 , 25562 , 21.56 , -49.1 , 0 , 10.23 , 5.932 , 2.751 , 197.48 , 65.97
5221 , 25614 , 21.39 , -49.2 , 0 , 10.22 , 5.911 , 2.763 , 197.85 , 65.60
5230 , 25667 , 21.22 , -49.1 , 0 , 10.21 , 5.868 , 2.765 , 198.22 , 65.22
5240 , 25715 , 21.06 , -49.0 , 0 , 10.20 , 5.870 , 2.787 , 198.57 , 64.88
5250 , 25769 , 20.89 , -49.1 , 0 , 10.20 , 5.857 , 2.803 , 198.95 , 64.50
5260 , 25821 , 20.73 , -49.3 , 0 , 10.20 , 5.848 , 2.821 , 199.31 , 64.13
5270 , 25873 , 20.56 , -49.7 , 0 , 10.20 , 5.800 , 2.820 , 199.68 , 63.77
5280 , 25926 , 20.40 , -49.3 , 0 , 10.19 , 5.790 , 2.838 , 200.05 , 63.40
5290 , 25974 , 20.25 , -49.1 , 0 , 10.19 , 5.828 , 2.878 , 200.39 , 63.06
5300 , 26026 , 20.09 , -49.4 , 0 , 10.18 , 5.875 , 2.924 , 200.75 , 62.70
5310 , 26077 , 19.93 , -49.4 , 0 , 10.17 , 5.830 , 2.924 , 201.11 , 62.34
5320 , 26126 , 19.79 , -49.5 , 0 , 10.15 , 5.775 , 2.919 , 201.45 , 62.00
5330 , 26176 , 19.63 , -49.3 , 0 , 10.14 , 5.721 , 2.914 , 201.80 , 61.65
5340 , 26228 , 19.48 , -49.3 , 0 , 10.13 , 5.735 , 2.944 , 202.16 , 61.29
5350 , 26277 , 19.33 , -48.9 , 0 , 10.11 , 5.733 , 2.965 , 202.49 , 60.95
5360 , 26328 , 19.18 , -48.7 , 0 , 10.10 , 5.759 , 3.002 , 202.85 , 60.60
5369 , 26378 , 19.04 , -48.6 , 0 , 10.08 , 5.780 , 3.036 , 203.19 , 60.26
5378 , 26426 , 18.90 , -48.7 , 0 , 10.07 , 5.828 , 3.084 , 203.53 , 59.92
5388 , 26476 , 18.76 , -48.5 , 0 , 10.06 , 5.805 , 3.095 , 203.88 , 59.57
5398 , 26530 , 18.60 , -48.5 , 0 , 10.05 , 5.839 , 3.138 , 204.25 , 59.19
5408 , 26586 , 18.45 , -48.1 , 0 , 10.04 , 5.819 , 3.155 , 204.65 , 58.80
5418 , 26642 , 18.29 , -48.5 , 0 , 10.03 , 5.733 , 3.134 , 205.03 , 58.42
5428 , 26695 , 18.14 , -48.7 , 0 , 10.02 , 5.685 , 3.133 , 205.40 , 58.05
5438 , 26752 , 17.99 , -49.0 , 0 , 10.02 , 5.635 , 3.133 , 205.79 , 57.66
5448 , 26809 , 17.83 , -49.2 , 0 , 10.02 , 5.570 , 3.124 , 206.17 , 57.27
5458 , 26867 , 17.67 , -49.2 , 0 , 10.01 , 5.549 , 3.140 , 206.56 , 56.89
5468 , 26924 , 17.52 , -48.7 , 0 , 10.01 , 5.499 , 3.138 , 206.94 , 56.51
5478 , 26976 , 17.38 , -48.5 , 0 , 10.01 , 5.504 , 3.167 , 207.28 , 56.16
5488 , 27032 , 17.24 , -48.7 , 0 , 10.00 , 5.493 , 3.187 , 207.65 , 55.80
5498 , 27088 , 17.09 , -48.8 , 0 , 10.00 , 5.529 , 3.236 , 208.02 , 55.43
5508 , 27142 , 16.95 , -48.7 , 0 , 9.99 , 5.538 , 3.268 , 208.38 , 55.06
5518 , 27198 , 16.81 , -48.7 , 0 , 9.97 , 5.465 , 3.252 , 208.75 , 54.70
5528 , 27249 , 16.68 , -48.3 , 0 , 9.96 , 5.401 , 3.239 , 209.08 , 54.37
5538 , 27302 , 16.54 , -47.9 , 0 , 9.94 , 5.366 , 3.244 , 209.42 , 54.02
5548 , 27355 , 16.41 , -47.4 , 0 , 9.91 , 5.353 , 3.262 , 209.76 , 53.68
5558 , 27409 , 16.28 , -47.4 , 0 , 9.89 , 5.328 , 3.273 , 210.10 , 53.34
5568 , 27463 , 16.14 , -47.3 , 0 , 9.87 , 5.334 , 3.304 , 210.45 , 53.00
5578 , 27515 , 16.02 , -47.2 , 0 , 9.84 , 5.301 , 3.309 , 210.78 , 52.66
5588 , 27569 , 15.89 , -46.9 , 0 , 9.82 , 5.283 , 3.326 , 211.12 , 52.32
5598 , 27623 , 15.76 , -47.0 , 0 , 9.79 , 5.266 , 3.341 , 211.46 , 51.99
5608 , 27673 , 15.64 , -47.2 , 0 , 9.77 , 5.225 , 3.341 , 211.78 , 51.67
5618 , 27723 , 15.52 , -47.2 , 0 , 9.74 , 5.201 , 3.350 , 212.08 , 51.36
5628 , 27772 , 15.41 , -47.0 , 0 , 9.72 , 5.248 , 3.406 , 212.39 , 51.06
5638 , 27822 , 15.29 , -46.6 , 0 , 9.70 , 5.341 , 3.493 , 212.71 , 50.74
5648 , 27871 , 15.18 , -46.7 , 0 , 9.68 , 5.333 , 3.513 , 213.02 , 50.43
5657 , 27916 , 15.08 , -46.7 , 0 , 9.65 , 5.280 , 3.502 , 213.30 , 50.14
5666 , 27958 , 14.98 , -46.8 , 0 , 9.64 , 5.245 , 3.501 , 213.56 , 49.88
5675 , 28003 , 14.88 , -46.4 , 0 , 9.62 , 5.205 , 3.498 , 213.84 , 49.60
5684 , 28044 , 14.79 , -46.3 , 0 , 9.60 , 5.134 , 3.472 , 214.10 , 49.35
5694 , 28091 , 14.68 , -46.0 , 0 , 9.58 , 5.101 , 3.474 , 214.38 , 49.07
5704 , 28144 , 14.57 , -45.3 , 0 , 9.56 , 5.086 , 3.491 , 214.70 , 48.75
5714 , 28195 , 14.46 , -45.0 , 0 , 9.53 , 5.030 , 3.479 , 215.00 , 48.44
5724 , 28246 , 14.35 , -45.3 , 0 , 9.51 , 5.012 , 3.494 , 215.31 , 48.13
5734 , 28302 , 14.23 , -45.6 , 0 , 9.49 , 4.966 , 3.491 , 215.64 , 47.81
5744 , 28355 , 14.11 , -45.7 , 0 , 9.47 , 4.891 , 3.466 , 215.95 , 47.49
5754 , 28410 , 14.00 , -45.9 , 0 , 9.45 , 4.847 , 3.462 , 216.27 , 47.18
5764 , 28462 , 13.89 , -46.1 , 0 , 9.43 , 4.855 , 3.496 , 216.57 , 46.88
5774 , 28517 , 13.77 , -46.1 , 0 , 9.41 , 4.831 , 3.507 , 216.88 , 46.56
5784 , 28572 , 13.66 , -46.2 , 0 , 9.39 , 4.786 , 3.504 , 217.20 , 46.25
5794 , 28628 , 13.55 , -46.5 , 0 , 9.37 , 4.747 , 3.504 , 217.51 , 45.93
5804 , 28685 , 13.43 , -46.9 , 0 , 9.35 , 4.699 , 3.499 , 217.84 , 45.61
5814 , 28743 , 13.31 , -47.1 , 0 , 9.33 , 4.651 , 3.494 , 218.16 , 45.29
5824 , 28802 , 13.19 , -47.2 , 0 , 9.31 , 4.637 , 3.514 , 218.48 , 44.96
5834 , 28859 , 13.08 , -47.4 , 0 , 9.29 , 4.590 , 3.509 , 218.80 , 44.65
5844 , 28917 , 12.97 , -47.8 , 0 , 9.27 , 4.542 , 3.503 , 219.11 , 44.33
5854 , 28975 , 12.85 , -47.8 , 0 , 9.25 , 4.571 , 3.556 , 219.43 , 44.02
5864 , 29029 , 12.75 , -47.9 , 0 , 9.23 , 4.538 , 3.560 , 219.73 , 43.72
5874 , 29083 , 12.64 , -47.4 , 0 , 9.21 , 4.537 , 3.588 , 220.02 , 43.43
5884 , 29136 , 12.54 , -46.8 , 0 , 9.19 , 4.489 , 3.579 , 220.31 , 43.14
5894 , 29189 , 12.44 , -46.3 , 0 , 9.17 , 4.438 , 3.567 , 220.59 , 42.86
5904 , 29240 , 12.35 , -46.1 , 0 , 9.15 , 4.414 , 3.575 , 220.86 , 42.59
5914 , 29294 , 12.25 , -45.9 , 0 , 9.13 , 4.391 , 3.585 , 221.14 , 42.31
5924 , 29344 , 12.16 , -46.1 , 0 , 9.11 , 4.372 , 3.596 , 221.40 , 42.05
5934 , 29393 , 12.07 , -46.0 , 0 , 9.09 , 4.341 , 3.597 , 221.65 , 41.80
5944 , 29443 , 11.98 , -45.6 , 0 , 9.07 , 4.320 , 3.607 , 221.91 , 41.54
5954 , 29495 , 11.88 , -45.3 , 0 , 9.04 , 4.293 , 3.613 , 222.17 , 41.27
5964 , 29543 , 11.80 , -44.8 , 0 , 9.03 , 4.267 , 3.616 , 222.41 , 41.03
5974 , 29595 , 11.71 , -44.5 , 0 , 9.01 , 4.228 , 3.611 , 222.67 , 40.77
5984 , 29645 , 11.62 , -44.4 , 0 , 8.99 , 4.190 , 3.606 , 222.92 , 40.52
5993 , 29694 , 11.53 , -43.9 , 0 , 8.97 , 4.180 , 3.623 , 223.17 , 40.28
6002 , 29744 , 11.45 , -43.9 , 0 , 8.96 , 4.172 , 3.643 , 223.41 , 40.04
6012 , 29795 , 11.36 , -43.8 , 0 , 8.94 , 4.155 , 3.657 , 223.66 , 39.78
6022 , 29851 , 11.27 , -43.5 , 0 , 8.92 , 4.152 , 3.685 , 223.93 , 39.51
6032 , 29908 , 11.17 , -43.3 , 0 , 8.90 , 4.127 , 3.693 , 224.21 , 39.23
6042 , 29967 , 11.08 , -43.4 , 0 , 8.88 , 4.093 , 3.695 , 224.50 , 38.95
6052 , 30021 , 10.99 , -43.5 , 0 , 8.87 , 4.066 , 3.700 , 224.75 , 38.69
6062 , 30074 , 10.90 , -43.3 , 0 , 8.85 , 4.032 , 3.699 , 225.01 , 38.44
6072 , 30127 , 10.82 , -43.3 , 0 , 8.83 , 4.001 , 3.699 , 225.25 , 38.19
6082 , 30181 , 10.73 , -43.5 , 0 , 8.82 , 3.977 , 3.706 , 225.51 , 37.94
6092 , 30233 , 10.65 , -43.7 , 0 , 8.80 , 3.945 , 3.705 , 225.75 , 37.70
6102 , 30283 , 10.57 , -43.9 , 0 , 8.78 , 3.946 , 3.734 , 225.98 , 37.47
6112 , 30334 , 10.49 , -43.6 , 0 , 8.77 , 3.946 , 3.762 , 226.22 , 37.23
6122 , 30383 , 10.41 , -43.7 , 0 , 8.75 , 3.938 , 3.782 , 226.44 , 37.00
6132 , 30432 , 10.34 , -43.7 , 0 , 8.73 , 3.920 , 3.793 , 226.67 , 36.77
6142 , 30486 , 10.25 , -43.5 , 0 , 8.72 , 3.883 , 3.787 , 226.92 , 36.53
6152 , 30536 , 10.18 , -43.4 , 0 , 8.70 , 3.854 , 3.786 , 227.15 , 36.30
6162 , 30583 , 10.11 , -43.3 , 0 , 8.69 , 3.811 , 3.771 , 227.36 , 36.09
6172 , 30629 , 10.04 , -43.4 , 0 , 8.67 , 3.769 , 3.755 , 227.56 , 35.89
6182 , 30678 , 9.97 , -43.1 , 0 , 8.66 , 3.767 , 3.780 , 227.78 , 35.67
6192 , 30722 , 9.90 , -42.9 , 0 , 8.65 , 3.730 , 3.767 , 227.97 , 35.48
6202 , 30768 , 9.83 , -42.6 , 0 , 8.64 , 3.701 , 3.764 , 228.17 , 35.28
6211 , 30811 , 9.77 , -42.5 , 0 , 8.62 , 3.704 , 3.791 , 228.36 , 35.09
6221 , 30851 , 9.71 , -42.6 , 0 , 8.61 , 3.686 , 3.795 , 228.53 , 34.91
6231 , 30894 , 9.65 , -42.6 , 0 , 8.60 , 3.682 , 3.815 , 228.72 , 34.73
6241 , 30941 , 9.58 , -42.1 , 0 , 8.58 , 3.671 , 3.830 , 228.92 , 34.53
6251 , 30984 , 9.52 , -42.0 , 0 , 8.57 , 3.640 , 3.822 , 229.10 , 34.34
6261 , 31030 , 9.46 , -41.5 , 0 , 8.56 , 3.592 , 3.798 , 229.29 , 34.15
6271 , 31078 , 9.39 , -41.3 , 0 , 8.54 , 3.590 , 3.822 , 229.50 , 33.95
6281 , 31126 , 9.33 , -41.3 , 0 , 8.53 , 3.661 , 3.926 , 229.70 , 33.75
6291 , 31173 , 9.26 , -41.5 , 0 , 8.52 , 3.665 , 3.957 , 229.90 , 33.55
6300 , 31223 , 9.19 , -41.9 , 0 , 8.50 , 3.661 , 3.982 , 230.11 , 33.34
6310 , 31273 , 9.13 , -42.2 , 0 , 8.49 , 3.720 , 4.076 , 230.33 , 33.12
6320 , 31329 , 9.05 , -42.6 , 0 , 8.48 , 3.663 , 4.048 , 230.57 , 32.88
6330 , 31382 , 8.98 , -43.1 , 0 , 8.46 , 3.702 , 4.122 , 230.79 , 32.65
6340 , 31444 , 8.90 , -43.1 , 0 , 8.45 , 3.723 , 4.185 , 231.07 , 32.38
6350 , 31504 , 8.82 , -43.1 , 0 , 8.43 , 3.697 , 4.193 , 231.33 , 32.12
6359 , 31561 , 8.74 , -43.1 , 0 , 8.42 , 3.679 , 4.208 , 231.57 , 31.87
6369 , 31618 , 8.67 , -42.9 , 0 , 8.41 , 3.678 , 4.242 , 231.82 , 31.63
6379 , 31677 , 8.59 , -42.2 , 0 , 8.40 , 3.627 , 4.220 , 232.07 , 31.37
6389 , 31738 , 8.52 , -41.9 , 0 , 8.38 , 3.592 , 4.218 , 232.33 , 31.12
6399 , 31789 , 8.45 , -41.6 , 0 , 8.37 , 3.601 , 4.259 , 232.54 , 30.90
6409 , 31851 , 8.38 , -41.8 , 0 , 8.36 , 3.499 , 4.177 , 232.80 , 30.65
6419 , 31908 , 8.31 , -41.8 , 0 , 8.34 , 3.467 , 4.174 , 233.03 , 30.42
6429 , 31962 , 8.24 , -41.1 , 0 , 8.33 , 3.432 , 4.164 , 233.25 , 30.20
6439 , 32020 , 8.17 , -41.2 , 0 , 8.32 , 3.410 , 4.173 , 233.48 , 29.97
6449 , 32074 , 8.11 , -41.4 , 0 , 8.30 , 3.356 , 4.141 , 233.69 , 29.76
6459 , 32132 , 8.04 , -41.4 , 0 , 8.29 , 3.360 , 4.181 , 233.91 , 29.53
6469 , 32184 , 7.97 , -41.5 , 0 , 8.28 , 3.341 , 4.189 , 234.12 , 29.33
6479 , 32235 , 7.92 , -41.5 , 0 , 8.26 , 3.297 , 4.166 , 234.32 , 29.13
6489 , 32287 , 7.86 , -41.4 , 0 , 8.26 , 3.275 , 4.169 , 234.51 , 28.93
6498 , 32337 , 7.80 , -41.7 , 0 , 8.24 , 3.278 , 4.203 , 234.70 , 28.74
6509 , 32389 , 7.74 , -41.9 , 0 , 8.23 , 3.250 , 4.200 , 234.90 , 28.54
6519 , 32443 , 7.68 , -41.9 , 0 , 8.22 , 3.247 , 4.229 , 235.11 , 28.34
6529 , 32487 , 7.63 , -41.6 , 0 , 8.21 , 3.244 , 4.254 , 235.27 , 28.17
6539 , 32538 , 7.57 , -41.6 , 0 , 8.20 , 3.268 , 4.317 , 235.47 , 27.98
6549 , 32579 , 7.52 , -41.3 , 0 , 8.19 , 3.343 , 4.444 , 235.63 , 27.82
6559 , 32629 , 7.47 , -41.2 , 0 , 8.18 , 3.277 , 4.387 , 235.82 , 27.63
6569 , 32673 , 7.42 , -41.4 , 0 , 8.17 , 3.248 , 4.378 , 235.99 , 27.46
6579 , 32718 , 7.37 , -41.3 , 0 , 8.16 , 3.224 , 4.374 , 236.15 , 27.29
6589 , 32764 , 7.32 , -41.5 , 0 , 8.15 , 3.208 , 4.381 , 236.32 , 27.12
6598 , 32804 , 7.28 , -41.3 , 0 , 8.14 , 3.224 , 4.430 , 236.48 , 26.97
6608 , 32843 , 7.24 , -41.3 , 0 , 8.13 , 3.203 , 4.426 , 236.62 , 26.82
6618 , 32884 , 7.19 , -41.1 , 0 , 8.12 , 3.149 , 4.378 , 236.77 , 26.67
6628 , 32928 , 7.15 , -40.8 , 0 , 8.11 , 3.141 , 4.395 , 236.93 , 26.52
6638 , 32975 , 7.10 , -40.9 , 0 , 8.10 , 3.199 , 4.508 , 237.11 , 26.34
6648 , 33026 , 7.04 , -41.0 , 0 , 8.09 , 3.196 , 4.537 , 237.29 , 26.15
6658 , 33063 , 7.01 , -41.0 , 0 , 8.08 , 3.176 , 4.533 , 237.43 , 26.01
6668 , 33109 , 6.96 , -41.6 , 0 , 8.07 , 3.159 , 4.540 , 237.60 , 25.85
6678 , 33156 , 6.91 , -41.3 , 0 , 8.06 , 3.136 , 4.538 , 237.77 , 25.67
6688 , 33203 , 6.86 , -41.0 , 0 , 8.05 , 3.107 , 4.527 , 237.94 , 25.50
6698 , 33252 , 6.81 , -40.5 , 0 , 8.04 , 3.108 , 4.561 , 238.12 , 25.33
6708 , 33302 , 6.76 , -40.0 , 0 , 8.03 , 3.097 , 4.578 , 238.30 , 25.15
6718 , 33344 , 6.72 , -39.8 , 0 , 8.02 , 3.097 , 4.606 , 238.45 , 25.00
6728 , 33393 , 6.67 , -39.3 , 0 , 8.02 , 3.077 , 4.610 , 238.63 , 24.82
6738 , 33436 , 6.63 , -39.0 , 0 , 8.01 , 3.085 , 4.651 , 238.78 , 24.67
6748 , 33482 , 6.59 , -39.2 , 0 , 8.00 , 3.084 , 4.682 , 238.94 , 24.50
6758 , 33525 , 6.55 , -39.2 , 0 , 7.99 , 3.071 , 4.691 , 239.09 , 24.35
6768 , 33568 , 6.51 , -39.1 , 0 , 7.99 , 3.066 , 4.713 , 239.25 , 24.20
