# ------------------------------------------------------------
#
# Flight name: V0608
# Station: Davis
# Launch Date: 29 May 2008
# Launch Time: 23:23:49
# 
# This file created: Fri May 30 12:22:32 2008
# 
# 
# ------------------------------------------------------------
# DATA COLUMNS
# Time (s)
# Height (m)
# Atmospheric Pressure (hPa)
# Atmospheric Temperature (°C)
# Relative Humidity (%)
# Box Temperature (°C)
# Ozone Partial Pressure (mPa)
# Ozone Mixing Ratio (ppmV)
# Accumulated Ozone to this Height (Dobson Units)
# Remaining Ozone above this Height (Dobson Units)
# 
# ------------------------------------------------------------
# 
# Integrated Ozone = 109.3 DU
# Extrapolated Ozone = 142.1 DU
# 
# Total Ozone = 251.4 DU
# 
# 
# ------------------------------------------------------------
0 , 18 , 981.36 , -13.0 , 39 , 29.19 , 3.215 , 0.033 , 0.00 , 251.38
10 , 66 , 975.14 , -12.7 , 36 , 29.13 , 3.248 , 0.033 , 0.16 , 251.22
20 , 121 , 968.11 , -12.8 , 35 , 29.08 , 3.211 , 0.033 , 0.35 , 251.03
30 , 176 , 961.20 , -12.8 , 35 , 29.00 , 3.191 , 0.033 , 0.53 , 250.85
40 , 232 , 954.11 , -13.1 , 36 , 28.94 , 3.179 , 0.033 , 0.71 , 250.66
50 , 287 , 947.26 , -13.5 , 37 , 28.95 , 3.142 , 0.033 , 0.89 , 250.48
60 , 348 , 939.63 , -13.7 , 39 , 28.92 , 3.128 , 0.033 , 1.09 , 250.28
70 , 409 , 932.13 , -14.2 , 40 , 28.85 , 3.094 , 0.033 , 1.29 , 250.09
80 , 469 , 924.83 , -14.7 , 41 , 28.78 , 3.060 , 0.033 , 1.48 , 249.90
90 , 526 , 917.89 , -15.2 , 42 , 28.75 , 3.049 , 0.033 , 1.66 , 249.71
100 , 586 , 910.56 , -15.8 , 43 , 28.61 , 2.993 , 0.033 , 1.85 , 249.52
110 , 649 , 902.95 , -16.3 , 47 , 28.54 , 2.978 , 0.033 , 2.05 , 249.33
120 , 713 , 895.36 , -16.9 , 49 , 28.45 , 2.952 , 0.033 , 2.25 , 249.13
130 , 779 , 887.53 , -17.3 , 52 , 28.28 , 2.972 , 0.033 , 2.45 , 248.92
140 , 848 , 879.37 , -17.9 , 54 , 28.19 , 2.926 , 0.033 , 2.67 , 248.71
150 , 906 , 872.60 , -18.4 , 57 , 28.22 , 2.947 , 0.034 , 2.85 , 248.53
160 , 965 , 865.71 , -18.8 , 60 , 28.21 , 2.885 , 0.033 , 3.03 , 248.35
170 , 1014 , 859.93 , -19.2 , 62 , 28.16 , 2.883 , 0.034 , 3.18 , 248.19
179 , 1057 , 854.97 , -19.5 , 64 , 28.04 , 2.864 , 0.034 , 3.31 , 248.06
189 , 1099 , 850.15 , -19.9 , 65 , 27.92 , 2.848 , 0.033 , 3.44 , 247.94
199 , 1151 , 844.21 , -20.3 , 67 , 27.89 , 2.816 , 0.033 , 3.60 , 247.78
209 , 1206 , 837.98 , -20.8 , 69 , 27.87 , 2.799 , 0.033 , 3.76 , 247.61
219 , 1270 , 830.81 , -21.4 , 72 , 27.80 , 2.766 , 0.033 , 3.95 , 247.43
229 , 1326 , 824.51 , -21.8 , 76 , 27.77 , 2.750 , 0.033 , 4.12 , 247.26
239 , 1379 , 818.53 , -22.2 , 79 , 27.67 , 2.733 , 0.033 , 4.27 , 247.10
249 , 1439 , 811.89 , -22.7 , 82 , 27.50 , 2.711 , 0.033 , 4.45 , 246.93
259 , 1491 , 806.17 , -22.7 , 85 , 27.41 , 2.692 , 0.033 , 4.60 , 246.78
268 , 1541 , 800.66 , -22.9 , 86 , 27.36 , 2.668 , 0.033 , 4.75 , 246.63
278 , 1596 , 794.73 , -23.2 , 87 , 27.33 , 2.656 , 0.033 , 4.90 , 246.48
288 , 1654 , 788.39 , -23.4 , 85 , 27.17 , 2.628 , 0.033 , 5.07 , 246.31
298 , 1707 , 782.69 , -22.5 , 81 , 27.07 , 2.622 , 0.034 , 5.22 , 246.16
308 , 1759 , 777.19 , -21.5 , 79 , 27.07 , 2.606 , 0.034 , 5.36 , 246.01
318 , 1812 , 771.67 , -20.0 , 77 , 27.04 , 2.571 , 0.033 , 5.51 , 245.87
328 , 1871 , 765.58 , -20.0 , 72 , 26.98 , 2.542 , 0.033 , 5.67 , 245.71
338 , 1930 , 759.42 , -20.5 , 72 , 26.89 , 2.511 , 0.033 , 5.83 , 245.55
348 , 1986 , 753.76 , -20.5 , 71 , 26.84 , 2.491 , 0.033 , 5.98 , 245.40
358 , 2048 , 747.47 , -20.3 , 65 , 26.71 , 2.457 , 0.033 , 6.14 , 245.24
367 , 2108 , 741.36 , -20.7 , 63 , 26.64 , 2.455 , 0.033 , 6.30 , 245.08
377 , 2171 , 735.11 , -21.0 , 63 , 26.55 , 2.420 , 0.033 , 6.46 , 244.91
387 , 2230 , 729.28 , -21.4 , 61 , 26.54 , 2.428 , 0.033 , 6.62 , 244.76
397 , 2295 , 722.89 , -21.8 , 62 , 26.52 , 2.404 , 0.033 , 6.78 , 244.59
407 , 2354 , 717.12 , -22.0 , 60 , 26.54 , 2.386 , 0.033 , 6.94 , 244.44
417 , 2412 , 711.42 , -22.4 , 58 , 26.53 , 2.369 , 0.033 , 7.09 , 244.29
427 , 2473 , 705.55 , -22.8 , 59 , 26.42 , 2.353 , 0.033 , 7.24 , 244.14
437 , 2538 , 699.30 , -23.3 , 60 , 26.28 , 2.325 , 0.033 , 7.40 , 243.97
447 , 2596 , 693.77 , -23.7 , 62 , 26.25 , 2.298 , 0.033 , 7.55 , 243.83
457 , 2655 , 688.16 , -24.2 , 63 , 26.16 , 2.275 , 0.033 , 7.70 , 243.68
467 , 2721 , 681.98 , -24.5 , 62 , 26.05 , 2.249 , 0.033 , 7.86 , 243.52
477 , 2784 , 676.11 , -24.9 , 61 , 26.11 , 2.245 , 0.033 , 8.01 , 243.37
487 , 2838 , 671.07 , -25.3 , 60 , 26.14 , 2.220 , 0.033 , 8.14 , 243.24
497 , 2892 , 666.13 , -25.7 , 57 , 26.12 , 2.213 , 0.033 , 8.27 , 243.11
507 , 2945 , 661.23 , -26.2 , 58 , 26.08 , 2.193 , 0.033 , 8.40 , 242.98
517 , 3001 , 656.19 , -26.7 , 59 , 26.05 , 2.182 , 0.033 , 8.53 , 242.85
527 , 3055 , 651.24 , -27.1 , 60 , 26.02 , 2.162 , 0.033 , 8.66 , 242.72
537 , 3118 , 645.57 , -27.7 , 64 , 25.90 , 2.127 , 0.033 , 8.81 , 242.57
547 , 3176 , 640.42 , -28.2 , 66 , 25.86 , 2.116 , 0.033 , 8.94 , 242.43
557 , 3230 , 635.55 , -28.8 , 68 , 25.88 , 2.098 , 0.033 , 9.07 , 242.31
566 , 3279 , 631.27 , -29.1 , 68 , 25.85 , 2.096 , 0.033 , 9.18 , 242.20
575 , 3326 , 627.11 , -29.5 , 66 , 25.74 , 2.070 , 0.033 , 9.29 , 242.09
585 , 3378 , 622.53 , -29.6 , 65 , 25.70 , 2.054 , 0.033 , 9.41 , 241.97
595 , 3437 , 617.44 , -29.8 , 65 , 25.69 , 2.030 , 0.033 , 9.54 , 241.83
605 , 3493 , 612.59 , -30.1 , 65 , 25.71 , 2.035 , 0.033 , 9.67 , 241.71
615 , 3549 , 607.79 , -30.5 , 65 , 25.66 , 2.022 , 0.033 , 9.79 , 241.58
625 , 3604 , 603.09 , -30.9 , 67 , 25.57 , 1.990 , 0.033 , 9.92 , 241.46
635 , 3661 , 598.25 , -31.4 , 68 , 25.48 , 1.984 , 0.033 , 10.04 , 241.33
645 , 3719 , 593.33 , -31.8 , 69 , 25.46 , 1.965 , 0.033 , 10.17 , 241.20
655 , 3780 , 588.27 , -32.3 , 69 , 25.39 , 1.955 , 0.033 , 10.31 , 241.07
665 , 3836 , 583.64 , -32.7 , 70 , 25.30 , 1.940 , 0.033 , 10.43 , 240.95
675 , 3891 , 579.07 , -33.2 , 70 , 25.25 , 1.925 , 0.033 , 10.55 , 240.83
685 , 3950 , 574.23 , -33.7 , 71 , 25.20 , 1.910 , 0.033 , 10.67 , 240.70
695 , 4008 , 569.51 , -34.2 , 72 , 25.15 , 1.908 , 0.034 , 10.80 , 240.58
705 , 4066 , 564.73 , -34.7 , 72 , 25.07 , 1.924 , 0.034 , 10.93 , 240.45
715 , 4124 , 560.08 , -35.2 , 72 , 24.98 , 1.924 , 0.034 , 11.05 , 240.33
725 , 4182 , 555.45 , -35.6 , 72 , 24.92 , 1.905 , 0.034 , 11.18 , 240.20
735 , 4241 , 550.78 , -36.1 , 71 , 24.87 , 1.873 , 0.034 , 11.30 , 240.08
745 , 4295 , 546.48 , -36.5 , 70 , 24.78 , 1.859 , 0.034 , 11.42 , 239.96
755 , 4355 , 541.78 , -37.0 , 69 , 24.69 , 1.845 , 0.034 , 11.54 , 239.83
765 , 4422 , 536.51 , -37.6 , 68 , 24.59 , 1.822 , 0.034 , 11.69 , 239.69
775 , 4482 , 531.90 , -38.1 , 67 , 24.54 , 1.818 , 0.034 , 11.81 , 239.57
785 , 4543 , 527.16 , -38.6 , 67 , 24.47 , 1.802 , 0.034 , 11.94 , 239.44
795 , 4606 , 522.36 , -39.1 , 69 , 24.39 , 1.777 , 0.034 , 12.07 , 239.31
805 , 4662 , 518.07 , -39.5 , 67 , 24.38 , 1.768 , 0.034 , 12.18 , 239.20
815 , 4721 , 513.65 , -40.0 , 65 , 24.28 , 1.738 , 0.034 , 12.30 , 239.08
825 , 4785 , 508.85 , -40.5 , 62 , 24.16 , 1.706 , 0.034 , 12.43 , 238.95
835 , 4846 , 504.29 , -41.0 , 61 , 24.08 , 1.717 , 0.034 , 12.55 , 238.83
845 , 4908 , 499.71 , -41.5 , 62 , 24.00 , 1.702 , 0.034 , 12.67 , 238.70
855 , 4971 , 495.07 , -42.1 , 65 , 23.97 , 1.685 , 0.034 , 12.80 , 238.58
864 , 5031 , 490.71 , -42.7 , 68 , 23.95 , 1.670 , 0.034 , 12.91 , 238.46
873 , 5086 , 486.70 , -43.1 , 71 , 23.88 , 1.667 , 0.034 , 13.02 , 238.35
882 , 5138 , 482.93 , -43.6 , 73 , 23.80 , 1.661 , 0.034 , 13.12 , 238.25
892 , 5194 , 478.94 , -44.0 , 74 , 23.72 , 1.649 , 0.034 , 13.23 , 238.14
902 , 5253 , 474.76 , -44.4 , 74 , 23.63 , 1.659 , 0.035 , 13.35 , 238.03
912 , 5310 , 470.74 , -44.9 , 74 , 23.56 , 1.657 , 0.035 , 13.46 , 237.92
922 , 5367 , 466.73 , -45.4 , 75 , 23.44 , 1.660 , 0.036 , 13.57 , 237.81
932 , 5428 , 462.50 , -46.0 , 76 , 23.34 , 1.660 , 0.036 , 13.69 , 237.69
942 , 5488 , 458.28 , -46.3 , 75 , 23.27 , 1.658 , 0.036 , 13.81 , 237.57
952 , 5550 , 454.07 , -46.6 , 75 , 23.20 , 1.662 , 0.037 , 13.93 , 237.45
962 , 5610 , 449.96 , -47.0 , 72 , 23.09 , 1.661 , 0.037 , 14.05 , 237.33
972 , 5672 , 445.78 , -47.5 , 69 , 23.05 , 1.648 , 0.037 , 14.17 , 237.21
982 , 5733 , 441.62 , -47.9 , 67 , 23.00 , 1.636 , 0.037 , 14.29 , 237.08
992 , 5794 , 437.61 , -48.3 , 66 , 22.95 , 1.613 , 0.037 , 14.41 , 236.97
1002 , 5859 , 433.29 , -48.8 , 66 , 22.86 , 1.582 , 0.037 , 14.54 , 236.84
1012 , 5923 , 429.08 , -49.3 , 66 , 22.78 , 1.583 , 0.037 , 14.66 , 236.72
1022 , 5987 , 424.90 , -49.8 , 66 , 22.68 , 1.593 , 0.037 , 14.78 , 236.60
1032 , 6045 , 421.14 , -50.3 , 67 , 22.67 , 1.599 , 0.038 , 14.89 , 236.49
1042 , 6106 , 417.21 , -50.8 , 68 , 22.60 , 1.601 , 0.038 , 15.01 , 236.37
1052 , 6171 , 413.05 , -51.4 , 69 , 22.56 , 1.578 , 0.038 , 15.14 , 236.24
1062 , 6234 , 409.06 , -51.8 , 69 , 22.47 , 1.557 , 0.038 , 15.26 , 236.12
1072 , 6297 , 405.09 , -52.3 , 69 , 22.30 , 1.533 , 0.038 , 15.38 , 236.00
1082 , 6363 , 400.97 , -52.8 , 69 , 22.15 , 1.523 , 0.038 , 15.50 , 235.88
1092 , 6432 , 396.72 , -53.2 , 69 , 22.09 , 1.528 , 0.039 , 15.63 , 235.75
1102 , 6492 , 393.02 , -53.6 , 67 , 22.11 , 1.541 , 0.039 , 15.74 , 235.64
1112 , 6547 , 389.67 , -54.0 , 65 , 22.05 , 1.578 , 0.040 , 15.85 , 235.53
1122 , 6613 , 385.68 , -54.4 , 63 , 21.91 , 1.594 , 0.041 , 15.97 , 235.40
1132 , 6681 , 381.60 , -55.0 , 62 , 21.85 , 1.589 , 0.042 , 16.11 , 235.27
1142 , 6745 , 377.79 , -55.5 , 60 , 21.78 , 1.630 , 0.043 , 16.24 , 235.14
1152 , 6805 , 374.24 , -56.0 , 60 , 21.68 , 1.654 , 0.044 , 16.36 , 235.02
1162 , 6871 , 370.41 , -56.5 , 62 , 21.54 , 1.670 , 0.045 , 16.49 , 234.88
1172 , 6934 , 366.69 , -56.7 , 61 , 21.45 , 1.742 , 0.047 , 16.63 , 234.75
1181 , 6998 , 363.03 , -57.0 , 60 , 21.41 , 1.788 , 0.049 , 16.77 , 234.61
1191 , 7062 , 359.36 , -57.5 , 60 , 21.41 , 1.796 , 0.050 , 16.91 , 234.47
1201 , 7123 , 355.92 , -57.9 , 59 , 21.32 , 1.812 , 0.051 , 17.05 , 234.33
1211 , 7190 , 352.14 , -58.3 , 58 , 21.11 , 1.779 , 0.051 , 17.20 , 234.18
1221 , 7256 , 348.47 , -58.7 , 58 , 21.02 , 1.796 , 0.052 , 17.35 , 234.03
1231 , 7312 , 345.37 , -59.2 , 59 , 20.96 , 1.793 , 0.052 , 17.47 , 233.90
1240 , 7377 , 341.78 , -59.7 , 59 , 20.87 , 1.780 , 0.052 , 17.62 , 233.76
1250 , 7437 , 338.52 , -60.2 , 60 , 20.77 , 1.715 , 0.051 , 17.75 , 233.62
1260 , 7497 , 335.26 , -60.5 , 60 , 20.64 , 1.573 , 0.047 , 17.88 , 233.50
1270 , 7560 , 331.89 , -60.9 , 61 , 20.60 , 1.468 , 0.044 , 18.00 , 233.38
1280 , 7622 , 328.63 , -61.4 , 61 , 20.55 , 1.465 , 0.045 , 18.12 , 233.26
1290 , 7679 , 325.60 , -61.6 , 62 , 20.53 , 1.628 , 0.050 , 18.23 , 233.15
1300 , 7745 , 322.15 , -61.7 , 63 , 20.41 , 1.701 , 0.053 , 18.37 , 233.01
1310 , 7816 , 318.48 , -61.8 , 64 , 20.22 , 1.642 , 0.052 , 18.52 , 232.86
1320 , 7871 , 315.65 , -61.7 , 63 , 20.13 , 1.670 , 0.053 , 18.64 , 232.74
1330 , 7941 , 312.08 , -61.9 , 62 , 20.01 , 1.658 , 0.053 , 18.79 , 232.59
1340 , 8012 , 308.54 , -62.1 , 61 , 19.89 , 1.689 , 0.055 , 18.94 , 232.44
1350 , 8074 , 305.43 , -62.5 , 60 , 19.83 , 1.692 , 0.055 , 19.07 , 232.31
1359 , 8139 , 302.22 , -62.7 , 58 , 19.77 , 1.773 , 0.059 , 19.22 , 232.16
1369 , 8212 , 298.69 , -62.8 , 57 , 19.71 , 1.965 , 0.066 , 19.39 , 231.99
1379 , 8280 , 295.38 , -63.1 , 55 , 19.63 , 2.079 , 0.070 , 19.57 , 231.81
1388 , 8346 , 292.26 , -63.4 , 54 , 19.55 , 2.158 , 0.074 , 19.74 , 231.63
1398 , 8409 , 289.26 , -63.9 , 53 , 19.50 , 2.338 , 0.081 , 19.93 , 231.45
1408 , 8478 , 286.02 , -64.4 , 53 , 19.44 , 2.486 , 0.087 , 20.14 , 231.24
1418 , 8534 , 283.38 , -64.5 , 52 , 19.36 , 2.695 , 0.095 , 20.33 , 231.05
1428 , 8594 , 280.62 , -64.5 , 52 , 19.27 , 2.894 , 0.103 , 20.55 , 230.83
1438 , 8653 , 277.95 , -64.6 , 52 , 19.21 , 2.952 , 0.106 , 20.77 , 230.61
1448 , 8711 , 275.29 , -64.7 , 51 , 19.14 , 3.021 , 0.110 , 20.99 , 230.38
1458 , 8780 , 272.22 , -64.9 , 50 , 19.06 , 3.055 , 0.112 , 21.26 , 230.11
1468 , 8849 , 269.16 , -64.8 , 49 , 19.03 , 3.156 , 0.117 , 21.54 , 229.84
1478 , 8910 , 266.46 , -64.8 , 49 , 18.96 , 3.212 , 0.121 , 21.79 , 229.58
1487 , 8968 , 263.93 , -64.7 , 48 , 18.88 , 3.240 , 0.123 , 22.04 , 229.34
1497 , 9033 , 261.15 , -64.4 , 46 , 18.82 , 3.302 , 0.126 , 22.31 , 229.07
1507 , 9093 , 258.60 , -64.0 , 44 , 18.78 , 3.531 , 0.137 , 22.57 , 228.80
1517 , 9145 , 256.43 , -63.7 , 43 , 18.72 , 3.639 , 0.142 , 22.81 , 228.56
1527 , 9215 , 253.49 , -63.2 , 41 , 18.62 , 3.704 , 0.146 , 23.15 , 228.23
1537 , 9274 , 251.08 , -63.4 , 38 , 18.54 , 3.843 , 0.153 , 23.43 , 227.95
1547 , 9338 , 248.46 , -63.7 , 36 , 18.45 , 3.987 , 0.160 , 23.76 , 227.62
1557 , 9406 , 245.75 , -63.6 , 34 , 18.36 , 3.961 , 0.161 , 24.10 , 227.28
1567 , 9463 , 243.45 , -63.2 , 33 , 18.27 , 3.906 , 0.160 , 24.39 , 226.99
1576 , 9515 , 241.42 , -63.2 , 32 , 18.18 , 3.951 , 0.164 , 24.65 , 226.73
1586 , 9559 , 239.69 , -63.4 , 30 , 18.10 , 3.983 , 0.166 , 24.88 , 226.50
1596 , 9606 , 237.85 , -63.5 , 29 , 18.03 , 3.979 , 0.167 , 25.12 , 226.26
1606 , 9662 , 235.70 , -63.4 , 27 , 17.96 , 4.018 , 0.170 , 25.41 , 225.97
1616 , 9723 , 233.37 , -63.0 , 25 , 17.90 , 4.080 , 0.175 , 25.72 , 225.66
1626 , 9775 , 231.42 , -62.7 , 24 , 17.86 , 4.145 , 0.179 , 25.99 , 225.38
1636 , 9827 , 229.48 , -62.5 , 22 , 17.78 , 4.180 , 0.182 , 26.27 , 225.11
1646 , 9891 , 227.09 , -62.7 , 21 , 17.72 , 4.274 , 0.188 , 26.62 , 224.76
1656 , 9959 , 224.59 , -63.0 , 19 , 17.66 , 4.363 , 0.194 , 27.00 , 224.38
1666 , 10042 , 221.60 , -62.7 , 18 , 17.60 , 4.326 , 0.195 , 27.46 , 223.92
1676 , 10114 , 219.02 , -62.2 , 16 , 17.53 , 4.294 , 0.196 , 27.86 , 223.52
1686 , 10182 , 216.61 , -62.1 , 15 , 17.46 , 4.328 , 0.200 , 28.23 , 223.14
1696 , 10241 , 214.57 , -61.9 , 14 , 17.36 , 4.363 , 0.203 , 28.56 , 222.82
1706 , 10296 , 212.66 , -61.8 , 13 , 17.25 , 4.499 , 0.212 , 28.87 , 222.51
1716 , 10357 , 210.57 , -62.1 , 11 , 17.17 , 4.662 , 0.221 , 29.23 , 222.15
1726 , 10414 , 208.64 , -61.5 , 10 , 17.11 , 4.797 , 0.230 , 29.57 , 221.81
1736 , 10470 , 206.78 , -61.9 , 10 , 17.03 , 4.830 , 0.234 , 29.91 , 221.47
1746 , 10524 , 204.95 , -62.1 , 9 , 16.94 , 4.872 , 0.238 , 30.25 , 221.13
1756 , 10569 , 203.49 , -62.3 , 8 , 16.88 , 4.931 , 0.242 , 30.53 , 220.85
1766 , 10615 , 201.97 , -62.4 , 8 , 16.80 , 4.926 , 0.244 , 30.82 , 220.56
1776 , 10662 , 200.42 , -62.4 , 7 , 16.71 , 4.870 , 0.243 , 31.12 , 220.26
1786 , 10713 , 198.79 , -62.5 , 7 , 16.66 , 4.885 , 0.246 , 31.43 , 219.95
1795 , 10757 , 197.36 , -62.5 , 6 , 16.59 , 4.902 , 0.248 , 31.71 , 219.67
1805 , 10801 , 195.95 , -62.4 , 6 , 16.52 , 4.922 , 0.251 , 31.99 , 219.39
1815 , 10850 , 194.43 , -62.1 , 6 , 16.48 , 4.901 , 0.252 , 32.29 , 219.09
1825 , 10903 , 192.74 , -61.9 , 6 , 16.40 , 4.951 , 0.257 , 32.63 , 218.75
1835 , 10970 , 190.69 , -61.6 , 5 , 16.33 , 4.989 , 0.262 , 33.05 , 218.33
1845 , 11043 , 188.44 , -61.4 , 5 , 16.29 , 4.938 , 0.262 , 33.51 , 217.86
1855 , 11121 , 186.10 , -61.6 , 5 , 16.22 , 4.873 , 0.262 , 34.00 , 217.38
1865 , 11182 , 184.26 , -61.7 , 5 , 16.19 , 4.851 , 0.263 , 34.38 , 217.00
1875 , 11242 , 182.49 , -61.7 , 5 , 16.12 , 4.901 , 0.269 , 34.75 , 216.63
1885 , 11299 , 180.81 , -61.9 , 4 , 16.06 , 5.045 , 0.279 , 35.11 , 216.26
1895 , 11356 , 179.17 , -61.8 , 4 , 16.00 , 5.155 , 0.288 , 35.48 , 215.90
1905 , 11404 , 177.79 , -61.8 , 4 , 15.95 , 5.164 , 0.290 , 35.80 , 215.58
1915 , 11450 , 176.45 , -62.0 , 4 , 15.88 , 5.108 , 0.289 , 36.10 , 215.28
1925 , 11501 , 175.00 , -62.0 , 4 , 15.78 , 5.013 , 0.286 , 36.43 , 214.95
1935 , 11561 , 173.31 , -62.2 , 4 , 15.70 , 4.935 , 0.285 , 36.81 , 214.57
1945 , 11611 , 171.90 , -62.6 , 4 , 15.63 , 4.831 , 0.281 , 37.13 , 214.25
1955 , 11659 , 170.59 , -62.7 , 4 , 15.57 , 4.792 , 0.281 , 37.42 , 213.96
1965 , 11709 , 169.21 , -62.7 , 4 , 15.52 , 5.037 , 0.298 , 37.73 , 213.65
1975 , 11759 , 167.83 , -62.7 , 4 , 15.45 , 5.406 , 0.322 , 38.07 , 213.31
1985 , 11808 , 166.50 , -62.8 , 3 , 15.37 , 5.612 , 0.337 , 38.41 , 212.96
1995 , 11858 , 165.16 , -62.8 , 3 , 15.31 , 5.671 , 0.343 , 38.77 , 212.60
2005 , 11907 , 163.84 , -63.0 , 3 , 15.25 , 5.624 , 0.343 , 39.13 , 212.25
2015 , 11956 , 162.54 , -63.2 , 3 , 15.17 , 5.590 , 0.344 , 39.48 , 211.89
2025 , 12006 , 161.24 , -63.2 , 3 , 15.09 , 5.542 , 0.344 , 39.84 , 211.54
2035 , 12058 , 159.87 , -63.2 , 3 , 15.02 , 5.555 , 0.347 , 40.21 , 211.17
2045 , 12110 , 158.53 , -63.2 , 3 , 14.96 , 5.611 , 0.354 , 40.58 , 210.79
2055 , 12163 , 157.16 , -63.2 , 3 , 14.91 , 5.602 , 0.356 , 40.97 , 210.41
2065 , 12213 , 155.88 , -63.4 , 3 , 14.85 , 5.503 , 0.353 , 41.32 , 210.05
2075 , 12263 , 154.63 , -63.4 , 3 , 14.78 , 5.434 , 0.351 , 41.67 , 209.71
2085 , 12313 , 153.37 , -63.2 , 3 , 14.72 , 5.670 , 0.370 , 42.03 , 209.35
2094 , 12362 , 152.15 , -63.2 , 3 , 14.65 , 5.853 , 0.385 , 42.39 , 208.98
2104 , 12409 , 150.99 , -63.1 , 3 , 14.59 , 6.148 , 0.407 , 42.76 , 208.62
2114 , 12458 , 149.80 , -63.1 , 3 , 14.52 , 6.893 , 0.460 , 43.16 , 208.22
2124 , 12509 , 148.56 , -63.2 , 3 , 14.48 , 7.504 , 0.505 , 43.64 , 207.74
2134 , 12560 , 147.33 , -63.4 , 3 , 14.41 , 7.614 , 0.517 , 44.13 , 207.24
2144 , 12608 , 146.19 , -63.6 , 3 , 14.35 , 7.458 , 0.510 , 44.59 , 206.78
2154 , 12654 , 145.09 , -63.6 , 3 , 14.28 , 7.032 , 0.485 , 45.03 , 206.35
2164 , 12705 , 143.89 , -63.5 , 3 , 14.22 , 7.172 , 0.498 , 45.49 , 205.89
2174 , 12757 , 142.68 , -63.5 , 3 , 14.16 , 7.515 , 0.527 , 45.98 , 205.40
2184 , 12809 , 141.48 , -63.7 , 3 , 14.09 , 7.678 , 0.543 , 46.49 , 204.89
2194 , 12862 , 140.26 , -63.9 , 3 , 14.02 , 7.403 , 0.528 , 47.00 , 204.37
2204 , 12916 , 139.01 , -64.2 , 3 , 13.97 , 6.979 , 0.502 , 47.51 , 203.87
2214 , 12970 , 137.80 , -64.4 , 3 , 13.91 , 6.901 , 0.501 , 47.99 , 203.39
2224 , 13024 , 136.58 , -64.7 , 3 , 13.84 , 6.814 , 0.499 , 48.47 , 202.91
2234 , 13077 , 135.40 , -64.7 , 3 , 13.78 , 6.663 , 0.492 , 48.93 , 202.45
2244 , 13129 , 134.25 , -64.7 , 3 , 13.71 , 6.504 , 0.484 , 49.38 , 202.00
2254 , 13182 , 133.08 , -64.7 , 3 , 13.63 , 6.420 , 0.482 , 49.82 , 201.56
2264 , 13237 , 131.90 , -64.7 , 3 , 13.57 , 6.505 , 0.493 , 50.28 , 201.10
2274 , 13291 , 130.73 , -64.7 , 3 , 13.51 , 6.623 , 0.507 , 50.74 , 200.64
2284 , 13343 , 129.62 , -64.8 , 3 , 13.44 , 6.781 , 0.523 , 51.19 , 200.19
2294 , 13392 , 128.60 , -65.2 , 3 , 13.38 , 7.050 , 0.548 , 51.62 , 199.76
2304 , 13440 , 127.57 , -65.5 , 3 , 13.32 , 7.349 , 0.576 , 52.08 , 199.30
2314 , 13491 , 126.51 , -65.6 , 3 , 13.25 , 7.744 , 0.612 , 52.57 , 198.80
2324 , 13543 , 125.43 , -65.7 , 3 , 13.19 , 8.093 , 0.645 , 53.11 , 198.27
2334 , 13596 , 124.33 , -65.8 , 3 , 13.13 , 8.525 , 0.686 , 53.68 , 197.69
2344 , 13650 , 123.24 , -65.6 , 3 , 13.06 , 8.930 , 0.725 , 54.29 , 197.09
2354 , 13708 , 122.07 , -65.7 , 3 , 12.99 , 9.449 , 0.774 , 54.99 , 196.39
2364 , 13769 , 120.85 , -65.9 , 3 , 12.93 , 9.736 , 0.806 , 55.75 , 195.63
2374 , 13824 , 119.76 , -66.2 , 3 , 12.87 , 9.892 , 0.826 , 56.45 , 194.93
2384 , 13878 , 118.70 , -66.4 , 3 , 12.80 , 9.711 , 0.818 , 57.13 , 194.24
2394 , 13932 , 117.64 , -66.4 , 3 , 12.74 , 9.757 , 0.829 , 57.82 , 193.55
2403 , 13984 , 116.63 , -66.6 , 3 , 12.68 , 9.839 , 0.844 , 58.49 , 192.89
2413 , 14038 , 115.59 , -66.9 , 3 , 12.62 , 9.923 , 0.859 , 59.19 , 192.19
2423 , 14095 , 114.52 , -67.0 , 3 , 12.55 , 10.188 , 0.890 , 59.93 , 191.45
2433 , 14150 , 113.47 , -67.3 , 3 , 12.49 , 10.683 , 0.941 , 60.68 , 190.69
2443 , 14205 , 112.43 , -67.3 , 3 , 12.43 , 11.297 , 1.005 , 61.49 , 189.89
2453 , 14263 , 111.36 , -67.1 , 3 , 12.36 , 12.333 , 1.108 , 62.38 , 189.00
2463 , 14320 , 110.32 , -66.9 , 3 , 12.28 , 12.965 , 1.175 , 63.31 , 188.07
2473 , 14375 , 109.32 , -67.1 , 3 , 12.22 , 13.261 , 1.213 , 64.26 , 187.12
2483 , 14430 , 108.32 , -67.3 , 3 , 12.15 , 13.378 , 1.235 , 65.22 , 186.16
2493 , 14484 , 107.35 , -67.4 , 4 , 12.08 , 13.393 , 1.248 , 66.17 , 185.21
2503 , 14537 , 106.41 , -67.4 , 4 , 12.02 , 13.310 , 1.251 , 67.10 , 184.28
2513 , 14591 , 105.47 , -67.4 , 4 , 11.95 , 13.279 , 1.259 , 68.03 , 183.35
2523 , 14644 , 104.53 , -67.4 , 4 , 11.88 , 13.084 , 1.252 , 68.96 , 182.42
2533 , 14697 , 103.62 , -67.6 , 4 , 11.81 , 13.109 , 1.265 , 69.86 , 181.52
2543 , 14750 , 102.71 , -67.6 , 4 , 11.74 , 12.962 , 1.262 , 70.77 , 180.61
2553 , 14801 , 101.84 , -67.8 , 4 , 11.68 , 12.798 , 1.257 , 71.64 , 179.74
2563 , 14853 , 100.97 , -67.8 , 4 , 11.61 , 12.700 , 1.258 , 72.50 , 178.87
2573 , 14908 , 100.05 , -67.9 , 4 , 11.54 , 12.601 , 1.259 , 73.41 , 177.97
2583 , 14962 , 99.15 , -68.2 , 4 , 11.48 , 13.142 , 1.325 , 74.33 , 177.04
2593 , 15016 , 98.27 , -68.2 , 4 , 11.41 , 14.351 , 1.460 , 75.30 , 176.08
2603 , 15069 , 97.40 , -68.3 , 4 , 11.34 , 14.986 , 1.539 , 76.32 , 175.06
2613 , 15123 , 96.53 , -68.4 , 4 , 11.27 , 14.951 , 1.549 , 77.39 , 173.99
2623 , 15172 , 95.74 , -68.2 , 4 , 11.21 , 14.887 , 1.555 , 78.36 , 173.02
2633 , 15229 , 94.84 , -68.3 , 4 , 11.14 , 14.485 , 1.527 , 79.46 , 171.92
2643 , 15283 , 93.98 , -68.5 , 4 , 11.07 , 14.015 , 1.491 , 80.48 , 170.90
2653 , 15338 , 93.13 , -68.2 , 4 , 11.01 , 13.747 , 1.476 , 81.47 , 169.91
2663 , 15390 , 92.32 , -68.3 , 4 , 10.95 , 13.517 , 1.464 , 82.41 , 168.97
2673 , 15445 , 91.48 , -68.2 , 4 , 10.88 , 13.745 , 1.502 , 83.39 , 167.99
2683 , 15503 , 90.60 , -68.5 , 4 , 10.81 , 13.666 , 1.508 , 84.43 , 166.94
2692 , 15557 , 89.78 , -68.8 , 4 , 10.75 , 13.868 , 1.545 , 85.42 , 165.95
2701 , 15609 , 89.01 , -68.8 , 4 , 10.69 , 14.256 , 1.602 , 86.39 , 164.99
2710 , 15662 , 88.22 , -68.6 , 4 , 10.62 , 15.316 , 1.736 , 87.42 , 163.95
2720 , 15718 , 87.39 , -68.7 , 4 , 10.55 , 16.207 , 1.854 , 88.59 , 162.79
2730 , 15778 , 86.54 , -68.6 , 4 , 10.49 , 16.775 , 1.938 , 89.88 , 161.50
2740 , 15838 , 85.66 , -68.9 , 4 , 10.43 , 17.232 , 2.012 , 91.24 , 160.14
2750 , 15899 , 84.80 , -69.0 , 4 , 10.36 , 17.199 , 2.028 , 92.62 , 158.76
2760 , 15960 , 83.94 , -69.0 , 4 , 10.29 , 17.195 , 2.048 , 93.99 , 157.38
2770 , 16023 , 83.06 , -69.2 , 4 , 10.22 , 17.260 , 2.078 , 95.43 , 155.95
2780 , 16087 , 82.17 , -69.2 , 4 , 10.16 , 17.213 , 2.095 , 96.89 , 154.49
2790 , 16149 , 81.33 , -69.0 , 4 , 10.10 , 17.096 , 2.102 , 98.29 , 153.09
2800 , 16211 , 80.48 , -68.8 , 4 , 10.03 , 17.233 , 2.141 , 99.70 , 151.68
2810 , 16270 , 79.69 , -68.9 , 4 , 9.97 , 17.328 , 2.174 , 101.06 , 150.32
2820 , 16329 , 78.90 , -69.1 , 4 , 9.90 , 17.664 , 2.239 , 102.42 , 148.96
2830 , 16390 , 78.11 , -69.5 , 4 , 9.84 , 17.550 , 2.247 , 103.83 , 147.55
2839 , 16448 , 77.35 , -69.8 , 4 , 9.79 , 17.819 , 2.303 , 105.18 , 146.19
2849 , 16502 , 76.66 , -69.9 , 4 , 9.73 , 17.935 , 2.340 , 106.46 , 144.91
2859 , 16559 , 75.92 , -70.0 , 4 , 9.66 , 18.090 , 2.383 , 107.84 , 143.54
2869 , 16619 , 75.16 , -69.8 , 4 , 9.60 , 18.006 , 2.396 , 109.27 , 142.11
