# ------------------------------------------------------------
#
# Flight name: V0708
# Station: Davis
# Launch Date: 03 June 2008
# Launch Time: 23:19:34
# 
# This file created: Fri Jun 06 15:18:24 2008
# 
# 
# ------------------------------------------------------------
# DATA COLUMNS
# Time (s)
# Height (m)
# Atmospheric Pressure (hPa)
# Atmospheric Temperature (°C)
# Relative Humidity (%)
# Box Temperature (°C)
# Ozone Partial Pressure (mPa)
# Ozone Mixing Ratio (ppmV)
# Accumulated Ozone to this Height (Dobson Units)
# Remaining Ozone above this Height (Dobson Units)
# 
# ------------------------------------------------------------
# 
# Integrated Ozone = 203.1 DU
# Extrapolated Ozone =  90.8 DU
# 
# Total Ozone = 293.9 DU
# 
# 
# ------------------------------------------------------------
0 , 18 , 976.55 , -27.4 , 64 , 34.33 , 2.939 , 0.030 , 0.00 , 293.94
10 , 62 , 970.56 , -26.2 , 67 , 34.38 , 3.051 , 0.031 , 0.15 , 293.79
20 , 111 , 964.04 , -26.0 , 76 , 34.42 , 3.055 , 0.032 , 0.31 , 293.63
30 , 159 , 957.66 , -26.0 , 74 , 34.38 , 3.012 , 0.031 , 0.47 , 293.47
40 , 211 , 950.76 , -24.7 , 59 , 34.17 , 2.984 , 0.031 , 0.64 , 293.30
50 , 259 , 944.51 , -23.3 , 59 , 33.98 , 2.989 , 0.032 , 0.79 , 293.14
60 , 309 , 938.15 , -23.2 , 59 , 33.82 , 2.985 , 0.032 , 0.95 , 292.98
70 , 362 , 931.37 , -23.3 , 60 , 33.65 , 2.970 , 0.032 , 1.12 , 292.81
80 , 413 , 924.92 , -23.6 , 62 , 33.45 , 2.938 , 0.032 , 1.29 , 292.65
90 , 462 , 918.63 , -23.9 , 65 , 33.33 , 2.925 , 0.032 , 1.44 , 292.49
100 , 510 , 912.67 , -24.1 , 67 , 33.19 , 2.887 , 0.032 , 1.59 , 292.34
110 , 554 , 907.13 , -24.4 , 70 , 33.09 , 2.885 , 0.032 , 1.73 , 292.21
120 , 601 , 901.34 , -24.4 , 72 , 32.99 , 2.878 , 0.032 , 1.88 , 292.06
130 , 656 , 894.61 , -24.2 , 72 , 32.85 , 2.857 , 0.032 , 2.05 , 291.89
139 , 703 , 888.85 , -23.8 , 67 , 32.73 , 2.835 , 0.032 , 2.19 , 291.75
149 , 755 , 882.50 , -23.8 , 67 , 32.67 , 2.831 , 0.032 , 2.35 , 291.59
159 , 807 , 876.22 , -23.6 , 68 , 32.63 , 2.820 , 0.032 , 2.51 , 291.43
169 , 861 , 869.79 , -23.4 , 73 , 32.55 , 2.791 , 0.032 , 2.67 , 291.26
179 , 913 , 863.60 , -23.4 , 75 , 32.46 , 2.778 , 0.032 , 2.83 , 291.11
189 , 967 , 857.32 , -23.7 , 75 , 32.33 , 2.766 , 0.032 , 2.99 , 290.95
199 , 1019 , 851.24 , -23.6 , 76 , 32.25 , 2.749 , 0.032 , 3.15 , 290.79
209 , 1069 , 845.36 , -23.5 , 74 , 32.16 , 2.738 , 0.032 , 3.30 , 290.64
218 , 1119 , 839.59 , -23.4 , 67 , 31.99 , 2.712 , 0.032 , 3.44 , 290.49
229 , 1171 , 833.70 , -23.1 , 48 , 31.85 , 2.690 , 0.032 , 3.59 , 290.34
239 , 1223 , 827.75 , -22.9 , 33 , 31.76 , 2.712 , 0.033 , 3.75 , 290.19
249 , 1276 , 821.82 , -22.2 , 18 , 31.65 , 2.700 , 0.033 , 3.90 , 290.04
258 , 1325 , 816.35 , -21.9 , 14 , 31.54 , 2.705 , 0.033 , 4.04 , 289.90
268 , 1376 , 810.77 , -21.9 , 19 , 31.47 , 2.688 , 0.033 , 4.19 , 289.75
278 , 1426 , 805.24 , -22.2 , 25 , 31.41 , 2.665 , 0.033 , 4.33 , 289.60
288 , 1472 , 800.16 , -22.5 , 29 , 31.33 , 2.651 , 0.033 , 4.46 , 289.47
298 , 1526 , 794.33 , -22.8 , 37 , 31.24 , 2.645 , 0.033 , 4.62 , 289.32
308 , 1580 , 788.50 , -23.2 , 43 , 31.16 , 2.618 , 0.033 , 4.77 , 289.17
318 , 1629 , 783.21 , -23.5 , 37 , 31.04 , 2.591 , 0.033 , 4.91 , 289.03
328 , 1675 , 778.36 , -23.4 , 16 , 30.96 , 2.570 , 0.033 , 5.04 , 288.90
338 , 1730 , 772.49 , -23.6 , 14 , 30.93 , 2.563 , 0.033 , 5.19 , 288.75
348 , 1782 , 767.02 , -23.7 , 20 , 30.86 , 2.562 , 0.033 , 5.33 , 288.60
358 , 1833 , 761.70 , -23.9 , 20 , 30.77 , 2.558 , 0.034 , 5.47 , 288.46
368 , 1891 , 755.61 , -24.4 , 23 , 30.68 , 2.534 , 0.034 , 5.63 , 288.30
378 , 1948 , 749.74 , -24.3 , 24 , 30.58 , 2.516 , 0.034 , 5.79 , 288.15
388 , 1997 , 744.70 , -24.0 , 19 , 30.48 , 2.508 , 0.034 , 5.92 , 288.01
398 , 2045 , 739.83 , -24.1 , 17 , 30.40 , 2.504 , 0.034 , 6.05 , 287.88
408 , 2098 , 734.43 , -24.5 , 17 , 30.36 , 2.493 , 0.034 , 6.20 , 287.74
418 , 2148 , 729.47 , -24.8 , 17 , 30.34 , 2.473 , 0.034 , 6.33 , 287.61
428 , 2197 , 724.47 , -25.2 , 18 , 30.29 , 2.457 , 0.034 , 6.46 , 287.47
438 , 2250 , 719.25 , -25.5 , 19 , 30.22 , 2.448 , 0.034 , 6.60 , 287.33
448 , 2307 , 713.62 , -26.0 , 20 , 30.15 , 2.412 , 0.034 , 6.76 , 287.18
457 , 2354 , 708.96 , -26.3 , 20 , 30.09 , 2.407 , 0.034 , 6.88 , 287.06
467 , 2407 , 703.79 , -26.7 , 20 , 30.03 , 2.392 , 0.034 , 7.02 , 286.92
477 , 2463 , 698.36 , -27.0 , 18 , 29.95 , 2.401 , 0.034 , 7.16 , 286.77
487 , 2516 , 693.27 , -27.2 , 16 , 29.87 , 2.388 , 0.034 , 7.30 , 286.63
497 , 2573 , 687.78 , -27.4 , 15 , 29.81 , 2.354 , 0.034 , 7.45 , 286.49
507 , 2623 , 683.00 , -27.7 , 14 , 29.78 , 2.350 , 0.034 , 7.58 , 286.36
517 , 2675 , 678.06 , -27.6 , 14 , 29.71 , 2.354 , 0.035 , 7.72 , 286.22
527 , 2726 , 673.32 , -27.7 , 12 , 29.61 , 2.379 , 0.035 , 7.85 , 286.09
537 , 2773 , 668.84 , -27.9 , 11 , 29.52 , 2.378 , 0.036 , 7.97 , 285.96
547 , 2827 , 663.88 , -27.9 , 8 , 29.46 , 2.364 , 0.036 , 8.11 , 285.83
557 , 2877 , 659.30 , -28.1 , 7 , 29.44 , 2.370 , 0.036 , 8.24 , 285.70
567 , 2928 , 654.64 , -28.4 , 7 , 29.41 , 2.359 , 0.036 , 8.37 , 285.56
577 , 2975 , 650.33 , -28.4 , 8 , 29.35 , 2.354 , 0.036 , 8.50 , 285.44
587 , 3024 , 645.86 , -28.8 , 9 , 29.29 , 2.332 , 0.036 , 8.62 , 285.31
597 , 3074 , 641.41 , -29.1 , 8 , 29.23 , 2.326 , 0.036 , 8.75 , 285.19
607 , 3125 , 636.80 , -29.4 , 8 , 29.17 , 2.325 , 0.037 , 8.88 , 285.05
617 , 3181 , 631.83 , -29.7 , 8 , 29.11 , 2.318 , 0.037 , 9.03 , 284.91
627 , 3239 , 626.71 , -29.7 , 10 , 29.06 , 2.311 , 0.037 , 9.18 , 284.76
637 , 3299 , 621.42 , -30.0 , 13 , 28.98 , 2.265 , 0.036 , 9.33 , 284.61
647 , 3357 , 616.43 , -30.3 , 10 , 28.91 , 2.225 , 0.036 , 9.47 , 284.47
657 , 3427 , 610.33 , -30.6 , 10 , 28.88 , 2.192 , 0.036 , 9.64 , 284.29
667 , 3484 , 605.47 , -31.0 , 8 , 28.83 , 2.186 , 0.036 , 9.78 , 284.15
677 , 3536 , 601.01 , -31.4 , 8 , 28.78 , 2.158 , 0.036 , 9.91 , 284.03
687 , 3593 , 596.18 , -31.8 , 8 , 28.70 , 2.127 , 0.036 , 10.05 , 283.89
697 , 3651 , 591.36 , -32.2 , 9 , 28.63 , 2.096 , 0.035 , 10.18 , 283.76
707 , 3710 , 586.43 , -32.8 , 11 , 28.59 , 2.069 , 0.035 , 10.32 , 283.62
717 , 3767 , 581.63 , -33.3 , 12 , 28.54 , 2.069 , 0.036 , 10.45 , 283.48
727 , 3832 , 576.34 , -33.8 , 12 , 28.52 , 2.023 , 0.035 , 10.60 , 283.34
737 , 3888 , 571.71 , -34.2 , 12 , 28.46 , 2.024 , 0.035 , 10.73 , 283.21
747 , 3951 , 566.59 , -34.8 , 13 , 28.37 , 1.999 , 0.035 , 10.87 , 283.07
757 , 4008 , 561.95 , -35.2 , 13 , 28.29 , 1.970 , 0.035 , 11.00 , 282.94
766 , 4062 , 557.61 , -35.6 , 13 , 28.24 , 1.946 , 0.035 , 11.12 , 282.82
776 , 4108 , 553.95 , -35.9 , 12 , 28.19 , 1.920 , 0.035 , 11.22 , 282.72
786 , 4155 , 550.17 , -36.2 , 12 , 28.15 , 1.915 , 0.035 , 11.32 , 282.61
796 , 4210 , 545.89 , -36.5 , 12 , 28.10 , 1.897 , 0.035 , 11.44 , 282.50
806 , 4266 , 541.47 , -36.8 , 13 , 28.05 , 1.905 , 0.035 , 11.56 , 282.37
816 , 4324 , 536.94 , -37.0 , 11 , 27.98 , 1.933 , 0.036 , 11.69 , 282.25
826 , 4382 , 532.46 , -37.2 , 8 , 27.86 , 1.971 , 0.037 , 11.82 , 282.12
836 , 4428 , 528.93 , -37.5 , 8 , 27.74 , 2.000 , 0.038 , 11.92 , 282.01
846 , 4481 , 524.83 , -37.8 , 7 , 27.68 , 1.995 , 0.038 , 12.05 , 281.89
856 , 4540 , 520.38 , -37.9 , 6 , 27.61 , 1.970 , 0.038 , 12.18 , 281.76
866 , 4593 , 516.41 , -38.2 , 6 , 27.59 , 1.964 , 0.038 , 12.30 , 281.64
876 , 4646 , 512.43 , -38.5 , 6 , 27.58 , 1.932 , 0.038 , 12.42 , 281.52
886 , 4694 , 508.83 , -39.0 , 6 , 27.56 , 1.934 , 0.038 , 12.53 , 281.41
896 , 4754 , 504.38 , -39.4 , 7 , 27.47 , 1.899 , 0.038 , 12.66 , 281.28
906 , 4805 , 500.65 , -39.8 , 8 , 27.36 , 1.908 , 0.038 , 12.77 , 281.17
916 , 4865 , 496.25 , -40.3 , 9 , 27.34 , 1.922 , 0.039 , 12.90 , 281.03
926 , 4923 , 492.08 , -40.6 , 10 , 27.29 , 1.951 , 0.040 , 13.03 , 280.90
936 , 4979 , 488.01 , -41.0 , 10 , 27.24 , 1.985 , 0.041 , 13.16 , 280.78
946 , 5033 , 484.14 , -41.3 , 11 , 27.17 , 2.025 , 0.042 , 13.29 , 280.65
956 , 5088 , 480.24 , -41.6 , 11 , 27.07 , 2.026 , 0.042 , 13.42 , 280.52
966 , 5140 , 476.59 , -41.8 , 11 , 26.97 , 2.019 , 0.042 , 13.54 , 280.40
976 , 5197 , 472.59 , -42.2 , 11 , 26.90 , 1.988 , 0.042 , 13.67 , 280.27
986 , 5258 , 468.31 , -42.7 , 11 , 26.83 , 1.958 , 0.042 , 13.81 , 280.12
996 , 5322 , 463.94 , -43.0 , 11 , 26.79 , 1.917 , 0.041 , 13.96 , 279.98
1006 , 5379 , 459.99 , -43.5 , 12 , 26.75 , 1.864 , 0.041 , 14.08 , 279.85
1016 , 5432 , 456.39 , -43.9 , 12 , 26.72 , 1.825 , 0.040 , 14.20 , 279.74
1026 , 5488 , 452.60 , -44.1 , 12 , 26.68 , 1.841 , 0.041 , 14.32 , 279.62
1036 , 5550 , 448.42 , -44.3 , 11 , 26.60 , 1.840 , 0.041 , 14.45 , 279.48
1046 , 5613 , 444.23 , -44.4 , 11 , 26.50 , 1.804 , 0.041 , 14.59 , 279.35
1056 , 5667 , 440.64 , -44.9 , 11 , 26.43 , 1.773 , 0.040 , 14.70 , 279.23
1065 , 5717 , 437.35 , -45.2 , 11 , 26.38 , 1.750 , 0.040 , 14.81 , 279.13
1075 , 5773 , 433.74 , -45.5 , 10 , 26.35 , 1.740 , 0.040 , 14.92 , 279.02
1085 , 5829 , 430.07 , -45.9 , 8 , 26.32 , 1.745 , 0.041 , 15.04 , 278.90
1095 , 5894 , 425.87 , -46.5 , 9 , 26.31 , 1.744 , 0.041 , 15.17 , 278.76
1105 , 5952 , 422.17 , -46.9 , 8 , 26.29 , 1.772 , 0.042 , 15.29 , 278.64
1115 , 6011 , 418.43 , -47.3 , 8 , 26.26 , 1.764 , 0.042 , 15.42 , 278.52
1125 , 6073 , 414.50 , -47.7 , 8 , 26.21 , 1.741 , 0.042 , 15.55 , 278.39
1135 , 6129 , 411.04 , -48.2 , 9 , 26.16 , 1.681 , 0.041 , 15.66 , 278.27
1145 , 6189 , 407.31 , -48.7 , 10 , 26.10 , 1.619 , 0.040 , 15.78 , 278.16
1155 , 6246 , 403.77 , -49.0 , 9 , 26.02 , 1.828 , 0.045 , 15.90 , 278.04
1165 , 6302 , 400.34 , -49.0 , 8 , 25.91 , 2.255 , 0.056 , 16.04 , 277.90
1175 , 6358 , 396.91 , -49.3 , 8 , 25.83 , 2.431 , 0.061 , 16.20 , 277.74
1185 , 6420 , 393.21 , -49.6 , 7 , 25.78 , 2.359 , 0.060 , 16.37 , 277.56
1195 , 6490 , 389.01 , -49.9 , 7 , 25.71 , 2.266 , 0.058 , 16.57 , 277.37
1205 , 6554 , 385.23 , -50.4 , 7 , 25.58 , 2.202 , 0.057 , 16.74 , 277.19
1215 , 6616 , 381.54 , -50.8 , 7 , 25.50 , 2.121 , 0.056 , 16.91 , 277.03
1225 , 6678 , 377.96 , -51.1 , 7 , 25.46 , 2.140 , 0.057 , 17.06 , 276.87
1235 , 6741 , 374.29 , -51.5 , 8 , 25.44 , 2.128 , 0.057 , 17.23 , 276.71
1245 , 6802 , 370.79 , -51.6 , 8 , 25.43 , 2.191 , 0.059 , 17.39 , 276.55
1255 , 6861 , 367.45 , -51.6 , 8 , 25.38 , 2.501 , 0.068 , 17.56 , 276.38
1265 , 6929 , 363.59 , -52.0 , 8 , 25.26 , 2.704 , 0.074 , 17.77 , 276.16
1275 , 6987 , 360.35 , -52.5 , 9 , 25.15 , 2.737 , 0.076 , 17.97 , 275.97
1285 , 7049 , 356.89 , -53.0 , 9 , 25.09 , 2.626 , 0.074 , 18.17 , 275.77
1295 , 7118 , 353.12 , -53.3 , 10 , 25.03 , 2.409 , 0.068 , 18.38 , 275.56
1305 , 7171 , 350.17 , -53.7 , 11 , 24.96 , 2.147 , 0.061 , 18.53 , 275.41
1315 , 7230 , 347.02 , -54.1 , 12 , 24.90 , 1.907 , 0.055 , 18.68 , 275.26
1325 , 7293 , 343.60 , -54.5 , 16 , 24.84 , 1.720 , 0.050 , 18.82 , 275.12
1335 , 7357 , 340.15 , -54.9 , 19 , 24.82 , 1.561 , 0.046 , 18.95 , 274.99
1345 , 7422 , 336.72 , -55.3 , 24 , 24.78 , 1.459 , 0.043 , 19.07 , 274.87
1355 , 7491 , 333.08 , -55.6 , 24 , 24.69 , 1.494 , 0.045 , 19.20 , 274.74
1364 , 7541 , 330.49 , -55.9 , 24 , 24.61 , 1.554 , 0.047 , 19.29 , 274.65
1374 , 7590 , 327.94 , -56.3 , 25 , 24.54 , 1.490 , 0.045 , 19.38 , 274.55
1384 , 7650 , 324.85 , -56.8 , 26 , 24.48 , 1.417 , 0.044 , 19.49 , 274.45
1394 , 7706 , 322.02 , -57.3 , 28 , 24.45 , 1.353 , 0.042 , 19.59 , 274.35
1404 , 7767 , 318.93 , -57.8 , 30 , 24.41 , 1.303 , 0.041 , 19.69 , 274.25
1414 , 7834 , 315.54 , -58.4 , 31 , 24.33 , 1.260 , 0.040 , 19.80 , 274.14
1424 , 7883 , 313.06 , -58.8 , 33 , 24.27 , 1.257 , 0.040 , 19.87 , 274.06
1434 , 7941 , 310.18 , -59.1 , 34 , 24.25 , 1.258 , 0.041 , 19.97 , 273.97
1444 , 7991 , 307.74 , -59.2 , 35 , 24.20 , 1.263 , 0.041 , 20.04 , 273.89
1453 , 8037 , 305.48 , -59.5 , 35 , 24.14 , 1.269 , 0.042 , 20.12 , 273.82
1463 , 8093 , 302.76 , -60.0 , 36 , 24.09 , 1.305 , 0.043 , 20.21 , 273.73
1473 , 8144 , 300.28 , -60.3 , 37 , 24.02 , 1.343 , 0.045 , 20.30 , 273.64
1483 , 8206 , 297.29 , -60.5 , 38 , 23.94 , 1.369 , 0.046 , 20.40 , 273.53
1493 , 8267 , 294.42 , -61.0 , 38 , 23.86 , 1.353 , 0.046 , 20.51 , 273.43
1503 , 8321 , 291.85 , -61.5 , 39 , 23.81 , 1.376 , 0.047 , 20.60 , 273.34
1513 , 8386 , 288.81 , -62.0 , 40 , 23.76 , 1.374 , 0.048 , 20.71 , 273.22
1523 , 8458 , 285.45 , -62.3 , 41 , 23.68 , 1.358 , 0.048 , 20.84 , 273.10
1533 , 8509 , 283.08 , -62.3 , 41 , 23.63 , 1.367 , 0.048 , 20.93 , 273.01
1543 , 8567 , 280.46 , -62.7 , 41 , 23.61 , 1.295 , 0.046 , 21.03 , 272.91
1553 , 8642 , 277.05 , -63.2 , 41 , 23.57 , 1.270 , 0.046 , 21.15 , 272.78
1563 , 8704 , 274.27 , -63.4 , 41 , 23.52 , 1.254 , 0.046 , 21.25 , 272.68
1573 , 8757 , 271.92 , -63.8 , 41 , 23.49 , 1.216 , 0.045 , 21.34 , 272.60
1583 , 8812 , 269.47 , -64.2 , 41 , 23.45 , 1.180 , 0.044 , 21.42 , 272.52
1593 , 8866 , 267.13 , -64.5 , 40 , 23.40 , 1.149 , 0.043 , 21.50 , 272.43
1603 , 8923 , 264.63 , -64.8 , 41 , 23.34 , 1.130 , 0.043 , 21.59 , 272.35
1613 , 8993 , 261.58 , -65.2 , 40 , 23.31 , 1.128 , 0.043 , 21.69 , 272.25
1623 , 9040 , 259.59 , -65.4 , 40 , 23.25 , 1.142 , 0.044 , 21.76 , 272.18
1633 , 9085 , 257.69 , -65.6 , 39 , 23.21 , 1.131 , 0.044 , 21.82 , 272.11
1643 , 9136 , 255.53 , -65.6 , 39 , 23.18 , 1.136 , 0.044 , 21.90 , 272.04
1653 , 9185 , 253.45 , -65.8 , 39 , 23.13 , 1.179 , 0.047 , 21.97 , 271.96
1663 , 9241 , 251.13 , -66.0 , 40 , 23.11 , 1.227 , 0.049 , 22.06 , 271.88
1672 , 9297 , 248.84 , -66.3 , 41 , 23.06 , 1.236 , 0.050 , 22.15 , 271.79
1682 , 9356 , 246.44 , -65.7 , 41 , 22.99 , 1.330 , 0.054 , 22.25 , 271.69
1692 , 9401 , 244.61 , -65.4 , 41 , 22.95 , 1.711 , 0.070 , 22.34 , 271.60
1702 , 9442 , 242.97 , -65.5 , 41 , 22.94 , 2.145 , 0.088 , 22.44 , 271.50
1712 , 9490 , 241.04 , -65.8 , 41 , 22.91 , 2.441 , 0.101 , 22.58 , 271.35
1722 , 9543 , 238.97 , -66.2 , 40 , 22.86 , 2.685 , 0.112 , 22.76 , 271.18
1732 , 9591 , 237.05 , -66.1 , 39 , 22.80 , 3.002 , 0.127 , 22.94 , 271.00
1742 , 9639 , 235.21 , -66.2 , 37 , 22.75 , 3.246 , 0.138 , 23.13 , 270.80
1752 , 9679 , 233.64 , -66.3 , 36 , 22.70 , 3.453 , 0.148 , 23.31 , 270.63
1762 , 9719 , 232.10 , -66.2 , 35 , 22.67 , 3.584 , 0.154 , 23.49 , 270.44
1772 , 9765 , 230.37 , -66.1 , 34 , 22.65 , 3.649 , 0.158 , 23.71 , 270.23
1782 , 9816 , 228.41 , -65.4 , 32 , 22.60 , 3.681 , 0.161 , 23.95 , 269.98
1792 , 9857 , 226.90 , -65.0 , 30 , 22.54 , 3.868 , 0.170 , 24.15 , 269.79
1802 , 9897 , 225.39 , -65.0 , 29 , 22.52 , 3.917 , 0.174 , 24.36 , 269.58
1812 , 9943 , 223.73 , -64.7 , 27 , 22.48 , 3.903 , 0.174 , 24.58 , 269.35
1822 , 9987 , 222.09 , -64.5 , 26 , 22.44 , 3.987 , 0.180 , 24.81 , 269.12
1832 , 10028 , 220.62 , -64.5 , 24 , 22.41 , 4.156 , 0.188 , 25.03 , 268.91
1842 , 10070 , 219.10 , -64.0 , 23 , 22.36 , 4.106 , 0.187 , 25.25 , 268.68
1852 , 10113 , 217.59 , -63.7 , 21 , 22.32 , 4.075 , 0.187 , 25.48 , 268.46
1862 , 10156 , 216.06 , -63.5 , 20 , 22.27 , 4.095 , 0.190 , 25.70 , 268.23
1872 , 10197 , 214.61 , -63.6 , 18 , 22.23 , 4.151 , 0.193 , 25.92 , 268.01
1882 , 10241 , 213.08 , -63.5 , 17 , 22.19 , 4.251 , 0.199 , 26.16 , 267.78
1892 , 10293 , 211.29 , -63.5 , 15 , 22.14 , 4.401 , 0.208 , 26.45 , 267.49
1902 , 10338 , 209.75 , -63.4 , 14 , 22.09 , 4.658 , 0.222 , 26.71 , 267.23
1912 , 10380 , 208.32 , -63.4 , 12 , 22.03 , 4.822 , 0.231 , 26.97 , 266.97
1922 , 10420 , 206.94 , -63.3 , 11 , 21.99 , 4.961 , 0.240 , 27.22 , 266.72
1932 , 10462 , 205.55 , -63.3 , 10 , 21.95 , 5.052 , 0.246 , 27.49 , 266.45
1941 , 10502 , 204.21 , -63.2 , 10 , 21.90 , 5.165 , 0.253 , 27.75 , 266.19
1952 , 10545 , 202.78 , -62.9 , 9 , 21.86 , 5.209 , 0.257 , 28.04 , 265.90
1962 , 10590 , 201.33 , -62.6 , 8 , 21.81 , 5.217 , 0.259 , 28.33 , 265.60
1971 , 10631 , 199.98 , -62.4 , 8 , 21.76 , 5.285 , 0.264 , 28.61 , 265.32
1980 , 10670 , 198.73 , -62.3 , 7 , 21.72 , 5.438 , 0.274 , 28.88 , 265.06
1990 , 10709 , 197.46 , -62.2 , 7 , 21.67 , 5.640 , 0.286 , 29.16 , 264.78
2000 , 10751 , 196.13 , -62.4 , 6 , 21.63 , 5.745 , 0.293 , 29.46 , 264.47
2010 , 10791 , 194.86 , -62.2 , 6 , 21.59 , 5.729 , 0.294 , 29.76 , 264.18
2020 , 10832 , 193.57 , -62.2 , 5 , 21.54 , 5.573 , 0.288 , 30.05 , 263.88
2030 , 10874 , 192.27 , -62.4 , 5 , 21.49 , 5.521 , 0.287 , 30.35 , 263.59
2040 , 10917 , 190.94 , -62.7 , 5 , 21.44 , 5.516 , 0.289 , 30.65 , 263.29
2050 , 10960 , 189.61 , -62.7 , 5 , 21.38 , 5.561 , 0.293 , 30.95 , 262.98
2060 , 11000 , 188.37 , -62.8 , 4 , 21.32 , 5.601 , 0.297 , 31.24 , 262.69
2070 , 11041 , 187.12 , -62.6 , 4 , 21.27 , 5.579 , 0.298 , 31.54 , 262.40
2080 , 11082 , 185.87 , -62.6 , 4 , 21.22 , 5.502 , 0.296 , 31.83 , 262.10
2090 , 11125 , 184.59 , -62.7 , 4 , 21.17 , 5.491 , 0.297 , 32.13 , 261.81
2100 , 11168 , 183.30 , -62.9 , 4 , 21.12 , 5.425 , 0.296 , 32.43 , 261.50
2110 , 11213 , 181.98 , -63.0 , 4 , 21.08 , 5.367 , 0.295 , 32.74 , 261.20
2120 , 11259 , 180.62 , -63.0 , 4 , 21.02 , 5.286 , 0.293 , 33.06 , 260.88
2130 , 11302 , 179.35 , -63.3 , 4 , 20.97 , 5.255 , 0.293 , 33.35 , 260.59
2140 , 11344 , 178.12 , -63.5 , 4 , 20.91 , 5.187 , 0.291 , 33.63 , 260.30
2150 , 11387 , 176.88 , -63.8 , 3 , 20.87 , 5.098 , 0.288 , 33.92 , 260.02
2160 , 11431 , 175.63 , -64.0 , 3 , 20.81 , 5.050 , 0.288 , 34.20 , 259.74
2170 , 11475 , 174.37 , -64.0 , 3 , 20.76 , 4.986 , 0.286 , 34.49 , 259.45
2180 , 11525 , 172.94 , -64.0 , 3 , 20.71 , 5.065 , 0.293 , 34.81 , 259.13
2190 , 11576 , 171.51 , -64.1 , 3 , 20.67 , 5.151 , 0.300 , 35.15 , 258.79
2200 , 11620 , 170.27 , -64.4 , 3 , 20.61 , 5.244 , 0.308 , 35.44 , 258.49
2210 , 11665 , 169.02 , -64.6 , 3 , 20.56 , 5.358 , 0.317 , 35.75 , 258.18
2220 , 11709 , 167.81 , -64.7 , 3 , 20.51 , 5.402 , 0.322 , 36.06 , 257.88
2230 , 11752 , 166.64 , -64.7 , 3 , 20.45 , 5.434 , 0.326 , 36.36 , 257.58
2240 , 11794 , 165.48 , -64.7 , 3 , 20.39 , 5.461 , 0.330 , 36.66 , 257.28
2250 , 11835 , 164.37 , -64.7 , 3 , 20.33 , 5.475 , 0.333 , 36.95 , 256.99
2259 , 11875 , 163.32 , -64.7 , 3 , 20.27 , 5.363 , 0.328 , 37.22 , 256.71
2269 , 11915 , 162.25 , -64.9 , 3 , 20.23 , 5.323 , 0.328 , 37.50 , 256.44
2278 , 11953 , 161.24 , -64.9 , 3 , 20.17 , 5.254 , 0.326 , 37.76 , 256.18
2287 , 11989 , 160.27 , -64.8 , 3 , 20.12 , 5.268 , 0.329 , 38.01 , 255.93
2297 , 12030 , 159.21 , -64.6 , 3 , 20.07 , 5.392 , 0.339 , 38.29 , 255.65
2307 , 12073 , 158.09 , -64.6 , 3 , 20.01 , 5.536 , 0.350 , 38.59 , 255.34
2317 , 12115 , 157.00 , -64.8 , 3 , 19.95 , 5.709 , 0.364 , 38.90 , 255.04
2327 , 12156 , 155.95 , -64.9 , 3 , 19.90 , 5.963 , 0.382 , 39.21 , 254.73
2337 , 12200 , 154.83 , -65.0 , 3 , 19.85 , 6.202 , 0.401 , 39.55 , 254.38
2347 , 12243 , 153.75 , -65.2 , 3 , 19.79 , 6.398 , 0.416 , 39.91 , 254.03
2357 , 12286 , 152.67 , -65.1 , 3 , 19.74 , 6.702 , 0.439 , 40.27 , 253.67
2367 , 12334 , 151.47 , -64.9 , 3 , 19.69 , 6.945 , 0.459 , 40.69 , 253.24
2377 , 12376 , 150.43 , -64.7 , 3 , 19.63 , 7.070 , 0.470 , 41.07 , 252.86
2387 , 12422 , 149.29 , -64.9 , 3 , 19.58 , 7.098 , 0.475 , 41.50 , 252.44
2397 , 12465 , 148.24 , -64.9 , 3 , 19.53 , 7.149 , 0.482 , 41.90 , 252.04
2407 , 12504 , 147.29 , -65.0 , 3 , 19.47 , 7.132 , 0.484 , 42.26 , 251.68
2417 , 12545 , 146.32 , -65.1 , 3 , 19.42 , 7.017 , 0.480 , 42.63 , 251.31
2427 , 12587 , 145.31 , -65.1 , 3 , 19.37 , 7.096 , 0.488 , 43.01 , 250.92
2437 , 12630 , 144.29 , -65.0 , 3 , 19.32 , 7.367 , 0.511 , 43.42 , 250.52
2447 , 12673 , 143.27 , -65.2 , 3 , 19.26 , 7.517 , 0.525 , 43.83 , 250.10
2457 , 12715 , 142.28 , -65.4 , 3 , 19.20 , 7.579 , 0.533 , 44.25 , 249.69
2467 , 12758 , 141.29 , -65.3 , 3 , 19.15 , 7.549 , 0.534 , 44.66 , 249.27
2477 , 12801 , 140.28 , -65.2 , 3 , 19.09 , 7.618 , 0.543 , 45.09 , 248.85
2487 , 12844 , 139.30 , -65.2 , 3 , 19.03 , 7.810 , 0.561 , 45.52 , 248.42
2497 , 12887 , 138.31 , -65.1 , 3 , 18.98 , 8.292 , 0.600 , 45.97 , 247.97
2507 , 12930 , 137.35 , -65.1 , 3 , 18.92 , 8.790 , 0.640 , 46.44 , 247.50
2517 , 12973 , 136.38 , -65.2 , 3 , 18.86 , 9.336 , 0.685 , 46.95 , 246.99
2527 , 13016 , 135.42 , -65.4 , 3 , 18.81 , 9.688 , 0.715 , 47.48 , 246.46
2537 , 13061 , 134.43 , -65.7 , 3 , 18.75 , 9.857 , 0.733 , 48.04 , 245.89
2546 , 13102 , 133.51 , -66.1 , 3 , 18.70 , 10.052 , 0.753 , 48.59 , 245.35
2557 , 13148 , 132.50 , -66.4 , 3 , 18.65 , 10.113 , 0.763 , 49.19 , 244.75
2567 , 13192 , 131.55 , -66.6 , 3 , 18.60 , 10.116 , 0.769 , 49.76 , 244.18
2577 , 13235 , 130.60 , -66.8 , 3 , 18.54 , 10.142 , 0.777 , 50.34 , 243.60
2587 , 13281 , 129.61 , -67.1 , 3 , 18.49 , 10.160 , 0.784 , 50.95 , 242.99
2596 , 13323 , 128.71 , -67.4 , 3 , 18.43 , 10.167 , 0.790 , 51.51 , 242.43
2605 , 13362 , 127.88 , -67.7 , 3 , 18.38 , 10.231 , 0.800 , 52.03 , 241.91
2616 , 13406 , 126.95 , -67.9 , 4 , 18.34 , 10.165 , 0.801 , 52.62 , 241.32
2626 , 13450 , 126.04 , -67.7 , 4 , 18.29 , 10.423 , 0.827 , 53.20 , 240.73
2636 , 13493 , 125.12 , -67.2 , 4 , 18.24 , 10.915 , 0.872 , 53.82 , 240.12
2646 , 13537 , 124.22 , -67.4 , 4 , 18.18 , 11.181 , 0.900 , 54.45 , 239.49
2656 , 13578 , 123.37 , -67.6 , 4 , 18.13 , 11.303 , 0.916 , 55.05 , 238.88
2666 , 13621 , 122.49 , -67.7 , 4 , 18.08 , 11.230 , 0.917 , 55.69 , 238.25
2676 , 13664 , 121.63 , -67.5 , 4 , 18.03 , 11.155 , 0.917 , 56.31 , 237.62
2686 , 13707 , 120.77 , -67.6 , 4 , 17.98 , 11.125 , 0.921 , 56.94 , 237.00
2696 , 13752 , 119.87 , -67.6 , 4 , 17.93 , 11.191 , 0.934 , 57.60 , 236.33
2706 , 13803 , 118.84 , -67.7 , 4 , 17.88 , 11.610 , 0.977 , 58.37 , 235.56
2716 , 13849 , 117.95 , -68.0 , 4 , 17.83 , 12.161 , 1.031 , 59.08 , 234.85
2726 , 13889 , 117.15 , -68.1 , 4 , 17.78 , 12.592 , 1.075 , 59.74 , 234.19
2736 , 13930 , 116.36 , -68.2 , 4 , 17.73 , 12.765 , 1.097 , 60.43 , 233.51
2746 , 13972 , 115.55 , -68.3 , 4 , 17.68 , 12.886 , 1.115 , 61.13 , 232.81
2756 , 14014 , 114.73 , -68.0 , 4 , 17.63 , 13.027 , 1.135 , 61.85 , 232.08
2766 , 14057 , 113.92 , -68.1 , 4 , 17.58 , 13.179 , 1.157 , 62.59 , 231.35
2776 , 14099 , 113.13 , -68.2 , 4 , 17.53 , 13.271 , 1.173 , 63.31 , 230.62
2786 , 14140 , 112.37 , -68.2 , 4 , 17.49 , 13.271 , 1.181 , 64.02 , 229.91
2796 , 14181 , 111.60 , -68.2 , 4 , 17.44 , 13.289 , 1.191 , 64.75 , 229.19
2806 , 14224 , 110.80 , -68.5 , 4 , 17.40 , 13.316 , 1.202 , 65.50 , 228.44
2816 , 14268 , 109.99 , -68.3 , 4 , 17.35 , 13.357 , 1.214 , 66.27 , 227.66
2826 , 14311 , 109.21 , -68.1 , 4 , 17.30 , 13.505 , 1.237 , 67.03 , 226.91
2836 , 14353 , 108.43 , -68.3 , 4 , 17.25 , 13.191 , 1.216 , 67.78 , 226.16
2846 , 14397 , 107.64 , -68.0 , 4 , 17.20 , 12.837 , 1.193 , 68.53 , 225.41
2856 , 14442 , 106.83 , -67.9 , 4 , 17.15 , 12.864 , 1.204 , 69.29 , 224.64
2866 , 14487 , 106.04 , -67.9 , 4 , 17.11 , 13.202 , 1.245 , 70.06 , 223.88
2876 , 14531 , 105.27 , -68.1 , 4 , 17.05 , 13.468 , 1.279 , 70.83 , 223.11
2886 , 14575 , 104.51 , -68.0 , 4 , 17.00 , 13.617 , 1.303 , 71.60 , 222.34
2896 , 14618 , 103.76 , -67.8 , 4 , 16.96 , 14.004 , 1.350 , 72.39 , 221.55
2905 , 14660 , 103.03 , -67.7 , 4 , 16.91 , 14.467 , 1.404 , 73.18 , 220.75
2915 , 14704 , 102.28 , -67.8 , 4 , 16.87 , 14.809 , 1.448 , 74.02 , 219.91
2925 , 14753 , 101.46 , -67.9 , 4 , 16.82 , 15.066 , 1.485 , 74.97 , 218.96
2935 , 14796 , 100.73 , -68.1 , 4 , 16.76 , 15.081 , 1.497 , 75.83 , 218.10
2945 , 14839 , 100.02 , -68.0 , 4 , 16.71 , 15.168 , 1.517 , 76.68 , 217.26
2955 , 14881 , 99.31 , -68.1 , 4 , 16.67 , 15.422 , 1.553 , 77.53 , 216.40
2965 , 14923 , 98.62 , -68.4 , 4 , 16.62 , 15.408 , 1.562 , 78.39 , 215.55
2975 , 14966 , 97.92 , -68.4 , 4 , 16.57 , 15.467 , 1.580 , 79.25 , 214.68
2985 , 15010 , 97.20 , -68.6 , 4 , 16.52 , 15.591 , 1.604 , 80.16 , 213.78
2995 , 15054 , 96.49 , -68.7 , 4 , 16.46 , 15.637 , 1.621 , 81.06 , 212.87
3005 , 15098 , 95.77 , -68.7 , 4 , 16.41 , 15.822 , 1.652 , 81.99 , 211.95
3015 , 15143 , 95.06 , -68.9 , 4 , 16.36 , 15.861 , 1.668 , 82.92 , 211.02
3025 , 15194 , 94.26 , -69.1 , 4 , 16.31 , 15.704 , 1.666 , 83.98 , 209.96
3035 , 15243 , 93.48 , -69.2 , 4 , 16.26 , 15.618 , 1.671 , 85.00 , 208.94
3045 , 15289 , 92.77 , -69.3 , 4 , 16.21 , 15.570 , 1.678 , 85.94 , 208.00
3055 , 15334 , 92.06 , -69.3 , 4 , 16.16 , 15.612 , 1.696 , 86.88 , 207.06
3065 , 15382 , 91.32 , -69.7 , 4 , 16.10 , 15.570 , 1.705 , 87.87 , 206.07
3075 , 15425 , 90.67 , -70.0 , 4 , 16.05 , 15.601 , 1.721 , 88.76 , 205.18
3085 , 15471 , 89.97 , -70.0 , 4 , 16.00 , 15.753 , 1.751 , 89.72 , 204.22
3095 , 15517 , 89.28 , -70.3 , 4 , 15.95 , 15.851 , 1.775 , 90.67 , 203.27
3105 , 15560 , 88.63 , -70.5 , 5 , 15.90 , 15.926 , 1.797 , 91.59 , 202.35
3115 , 15607 , 87.94 , -70.8 , 5 , 15.85 , 16.020 , 1.822 , 92.58 , 201.36
3125 , 15653 , 87.25 , -70.6 , 5 , 15.79 , 16.281 , 1.866 , 93.58 , 200.36
3135 , 15702 , 86.53 , -70.6 , 5 , 15.74 , 16.298 , 1.883 , 94.64 , 199.30
3145 , 15748 , 85.86 , -70.8 , 5 , 15.69 , 16.244 , 1.892 , 95.64 , 198.30
3155 , 15796 , 85.17 , -70.9 , 5 , 15.64 , 16.330 , 1.917 , 96.67 , 197.26
3165 , 15843 , 84.50 , -70.9 , 5 , 15.58 , 16.485 , 1.951 , 97.71 , 196.23
3175 , 15889 , 83.85 , -70.9 , 5 , 15.53 , 16.513 , 1.969 , 98.71 , 195.22
3185 , 15935 , 83.20 , -70.6 , 5 , 15.48 , 16.392 , 1.970 , 99.72 , 194.22
3194 , 15977 , 82.61 , -70.7 , 5 , 15.43 , 16.102 , 1.949 , 100.64 , 193.30
3204 , 16021 , 82.00 , -71.0 , 5 , 15.37 , 15.964 , 1.947 , 101.57 , 192.36
3214 , 16068 , 81.35 , -71.4 , 5 , 15.32 , 15.780 , 1.940 , 102.56 , 191.37
3224 , 16114 , 80.71 , -71.5 , 5 , 15.27 , 15.482 , 1.918 , 103.54 , 190.40
3234 , 16161 , 80.08 , -71.8 , 5 , 15.22 , 15.239 , 1.903 , 104.49 , 189.45
3244 , 16208 , 79.45 , -72.0 , 5 , 15.16 , 14.960 , 1.883 , 105.43 , 188.50
3254 , 16252 , 78.85 , -72.0 , 5 , 15.11 , 14.883 , 1.887 , 106.32 , 187.61
3264 , 16297 , 78.25 , -72.0 , 5 , 15.05 , 14.707 , 1.879 , 107.21 , 186.72
3274 , 16342 , 77.66 , -72.0 , 5 , 15.00 , 14.612 , 1.882 , 108.09 , 185.84
3284 , 16385 , 77.08 , -72.1 , 5 , 14.94 , 14.454 , 1.875 , 108.95 , 184.99
3294 , 16429 , 76.52 , -72.1 , 5 , 14.88 , 14.325 , 1.872 , 109.79 , 184.15
3304 , 16473 , 75.94 , -72.2 , 5 , 14.83 , 14.167 , 1.866 , 110.63 , 183.30
3314 , 16517 , 75.39 , -72.4 , 5 , 14.77 , 14.077 , 1.867 , 111.45 , 182.48
3324 , 16561 , 74.82 , -72.6 , 5 , 14.72 , 13.883 , 1.855 , 112.28 , 181.65
3334 , 16605 , 74.26 , -72.9 , 5 , 14.67 , 13.806 , 1.859 , 113.11 , 180.83
3344 , 16648 , 73.71 , -72.9 , 5 , 14.61 , 13.799 , 1.872 , 113.91 , 180.03
3354 , 16692 , 73.17 , -73.0 , 5 , 14.56 , 13.645 , 1.865 , 114.72 , 179.22
3364 , 16735 , 72.63 , -72.9 , 5 , 14.51 , 13.818 , 1.903 , 115.51 , 178.43
3374 , 16779 , 72.08 , -73.0 , 5 , 14.45 , 13.851 , 1.922 , 116.34 , 177.60
3384 , 16822 , 71.55 , -73.0 , 5 , 14.40 , 13.866 , 1.938 , 117.15 , 176.79
3394 , 16867 , 71.01 , -73.0 , 5 , 14.35 , 13.965 , 1.967 , 117.98 , 175.95
3404 , 16911 , 70.47 , -73.0 , 5 , 14.29 , 13.946 , 1.979 , 118.82 , 175.12
3414 , 16958 , 69.92 , -72.9 , 5 , 14.24 , 13.904 , 1.989 , 119.69 , 174.25
3424 , 17004 , 69.37 , -73.1 , 6 , 14.18 , 13.925 , 2.007 , 120.55 , 173.38
3434 , 17052 , 68.81 , -73.3 , 6 , 14.13 , 13.942 , 2.026 , 121.45 , 172.49
3444 , 17098 , 68.26 , -73.5 , 6 , 14.08 , 13.853 , 2.029 , 122.32 , 171.62
3454 , 17146 , 67.71 , -73.8 , 6 , 14.02 , 13.890 , 2.052 , 123.22 , 170.72
3464 , 17194 , 67.14 , -74.1 , 6 , 13.97 , 13.786 , 2.053 , 124.12 , 169.81
3474 , 17242 , 66.59 , -74.3 , 6 , 13.91 , 13.904 , 2.088 , 125.02 , 168.91
3484 , 17294 , 66.01 , -74.4 , 6 , 13.86 , 13.745 , 2.082 , 125.99 , 167.94
3494 , 17346 , 65.42 , -74.7 , 6 , 13.80 , 13.823 , 2.113 , 126.97 , 166.97
3504 , 17396 , 64.86 , -74.7 , 6 , 13.75 , 13.844 , 2.135 , 127.91 , 166.03
3514 , 17445 , 64.31 , -74.8 , 6 , 13.69 , 13.808 , 2.147 , 128.83 , 165.11
3523 , 17494 , 63.77 , -75.0 , 6 , 13.64 , 13.772 , 2.160 , 129.74 , 164.20
3533 , 17541 , 63.26 , -75.0 , 6 , 13.59 , 13.890 , 2.196 , 130.62 , 163.31
3543 , 17592 , 62.70 , -75.1 , 6 , 13.54 , 13.980 , 2.230 , 131.60 , 162.33
3553 , 17643 , 62.16 , -75.4 , 6 , 13.48 , 13.918 , 2.239 , 132.56 , 161.38
3563 , 17693 , 61.62 , -75.8 , 6 , 13.43 , 14.082 , 2.285 , 133.52 , 160.41
3573 , 17741 , 61.10 , -76.3 , 6 , 13.37 , 13.959 , 2.284 , 134.45 , 159.49
3583 , 17788 , 60.61 , -76.4 , 6 , 13.32 , 13.975 , 2.306 , 135.33 , 158.60
3593 , 17834 , 60.13 , -76.5 , 6 , 13.26 , 13.923 , 2.315 , 136.21 , 157.72
3603 , 17880 , 59.65 , -76.7 , 6 , 13.21 , 13.970 , 2.342 , 137.10 , 156.83
3613 , 17927 , 59.16 , -76.9 , 6 , 13.15 , 13.917 , 2.352 , 138.00 , 155.93
3623 , 17972 , 58.70 , -76.9 , 6 , 13.10 , 13.986 , 2.382 , 138.86 , 155.08
3633 , 18017 , 58.25 , -76.8 , 6 , 13.04 , 14.114 , 2.423 , 139.72 , 154.21
3643 , 18060 , 57.81 , -77.1 , 6 , 12.98 , 14.036 , 2.428 , 140.57 , 153.37
3653 , 18106 , 57.34 , -77.0 , 6 , 12.93 , 13.940 , 2.431 , 141.46 , 152.48
3663 , 18153 , 56.89 , -77.1 , 7 , 12.87 , 14.036 , 2.467 , 142.34 , 151.59
3673 , 18200 , 56.42 , -77.2 , 7 , 12.81 , 14.003 , 2.482 , 143.25 , 150.69
3683 , 18245 , 55.97 , -77.3 , 7 , 12.76 , 14.027 , 2.506 , 144.14 , 149.80
3693 , 18290 , 55.53 , -77.3 , 7 , 12.70 , 14.112 , 2.541 , 145.00 , 148.93
3703 , 18336 , 55.10 , -77.5 , 7 , 12.64 , 14.147 , 2.568 , 145.88 , 148.05
3713 , 18380 , 54.67 , -77.7 , 7 , 12.58 , 14.130 , 2.585 , 146.75 , 147.18
3723 , 18424 , 54.25 , -78.0 , 7 , 12.53 , 14.192 , 2.616 , 147.62 , 146.32
3733 , 18471 , 53.81 , -78.2 , 7 , 12.47 , 14.155 , 2.630 , 148.52 , 145.41
3743 , 18517 , 53.38 , -78.3 , 7 , 12.41 , 14.167 , 2.654 , 149.43 , 144.51
3753 , 18565 , 52.93 , -78.3 , 7 , 12.36 , 14.111 , 2.666 , 150.38 , 143.56
3763 , 18612 , 52.49 , -78.4 , 7 , 12.30 , 14.118 , 2.690 , 151.29 , 142.64
3773 , 18659 , 52.06 , -78.5 , 7 , 12.24 , 14.160 , 2.720 , 152.21 , 141.73
3783 , 18707 , 51.63 , -78.6 , 7 , 12.19 , 14.336 , 2.777 , 153.16 , 140.78
3793 , 18755 , 51.20 , -78.7 , 7 , 12.13 , 14.342 , 2.801 , 154.10 , 139.83
3803 , 18802 , 50.77 , -79.0 , 7 , 12.07 , 14.248 , 2.806 , 155.05 , 138.89
3812 , 18848 , 50.37 , -78.9 , 7 , 12.02 , 14.091 , 2.798 , 155.94 , 138.00
3821 , 18891 , 49.98 , -78.5 , 7 , 11.97 , 14.200 , 2.841 , 156.80 , 137.14
3831 , 18935 , 49.60 , -78.7 , 7 , 11.92 , 14.201 , 2.863 , 157.66 , 136.28
3841 , 18983 , 49.18 , -78.5 , 7 , 11.87 , 14.162 , 2.879 , 158.60 , 135.34
3851 , 19030 , 48.78 , -78.6 , 7 , 11.81 , 14.241 , 2.919 , 159.52 , 134.41
3861 , 19077 , 48.38 , -78.7 , 8 , 11.75 , 14.180 , 2.931 , 160.45 , 133.49
3871 , 19123 , 47.99 , -78.8 , 8 , 11.70 , 14.176 , 2.954 , 161.36 , 132.58
3881 , 19168 , 47.61 , -79.0 , 8 , 11.64 , 14.225 , 2.988 , 162.24 , 131.70
3891 , 19212 , 47.25 , -79.2 , 8 , 11.59 , 14.163 , 2.998 , 163.10 , 130.83
3901 , 19254 , 46.90 , -79.4 , 8 , 11.54 , 14.042 , 2.994 , 163.93 , 130.01
3911 , 19299 , 46.52 , -79.4 , 8 , 11.49 , 13.822 , 2.971 , 164.81 , 129.13
3921 , 19344 , 46.15 , -79.5 , 8 , 11.44 , 13.733 , 2.976 , 165.67 , 128.27
3931 , 19389 , 45.79 , -79.7 , 8 , 11.39 , 13.793 , 3.012 , 166.54 , 127.40
3941 , 19438 , 45.39 , -79.8 , 8 , 11.35 , 13.770 , 3.033 , 167.48 , 126.46
3951 , 19484 , 45.03 , -80.1 , 8 , 11.31 , 13.855 , 3.077 , 168.35 , 125.59
3961 , 19526 , 44.69 , -80.2 , 8 , 11.27 , 13.625 , 3.049 , 169.17 , 124.76
3971 , 19571 , 44.34 , -80.1 , 8 , 11.23 , 13.602 , 3.068 , 170.02 , 123.91
3981 , 19616 , 43.99 , -79.8 , 8 , 11.19 , 13.556 , 3.082 , 170.88 , 123.06
3991 , 19660 , 43.65 , -79.5 , 8 , 11.15 , 13.617 , 3.120 , 171.71 , 122.23
4001 , 19705 , 43.30 , -79.4 , 8 , 11.11 , 13.658 , 3.154 , 172.57 , 121.37
4011 , 19751 , 42.95 , -79.1 , 8 , 11.07 , 13.735 , 3.198 , 173.44 , 120.49
4021 , 19798 , 42.60 , -79.1 , 8 , 11.03 , 13.783 , 3.235 , 174.34 , 119.60
4031 , 19845 , 42.25 , -79.2 , 8 , 10.98 , 13.840 , 3.276 , 175.23 , 118.70
4041 , 19893 , 41.89 , -79.1 , 8 , 10.94 , 13.849 , 3.306 , 176.16 , 117.77
4051 , 19942 , 41.53 , -79.0 , 8 , 10.90 , 13.826 , 3.329 , 177.10 , 116.83
4061 , 19991 , 41.18 , -78.8 , 8 , 10.85 , 13.808 , 3.353 , 178.04 , 115.90
4071 , 20041 , 40.81 , -78.9 , 8 , 10.80 , 13.844 , 3.392 , 179.01 , 114.93
4081 , 20091 , 40.46 , -79.2 , 8 , 10.75 , 13.783 , 3.407 , 179.97 , 113.97
4091 , 20143 , 40.09 , -79.4 , 8 , 10.70 , 13.782 , 3.438 , 180.96 , 112.98
4101 , 20195 , 39.72 , -79.6 , 8 , 10.65 , 13.737 , 3.458 , 181.96 , 111.97
4111 , 20248 , 39.35 , -79.7 , 8 , 10.60 , 13.729 , 3.489 , 182.97 , 110.97
4121 , 20300 , 38.99 , -79.6 , 8 , 10.55 , 13.681 , 3.508 , 183.96 , 109.98
4131 , 20352 , 38.64 , -79.7 , 8 , 10.50 , 13.622 , 3.525 , 184.94 , 108.99
4140 , 20400 , 38.31 , -79.6 , 8 , 10.46 , 13.401 , 3.498 , 185.86 , 108.07
4150 , 20449 , 37.98 , -79.3 , 8 , 10.40 , 13.458 , 3.543 , 186.77 , 107.17
4160 , 20500 , 37.64 , -79.4 , 9 , 10.35 , 13.411 , 3.563 , 187.73 , 106.21
4170 , 20550 , 37.31 , -79.9 , 9 , 10.30 , 13.225 , 3.544 , 188.65 , 105.29
4180 , 20601 , 36.97 , -80.2 , 9 , 10.25 , 13.171 , 3.562 , 189.60 , 104.34
4190 , 20653 , 36.64 , -80.5 , 9 , 10.20 , 13.089 , 3.573 , 190.55 , 103.39
4200 , 20704 , 36.31 , -80.9 , 9 , 10.15 , 12.951 , 3.567 , 191.47 , 102.47
4210 , 20751 , 36.00 , -81.2 , 9 , 10.10 , 12.780 , 3.550 , 192.34 , 101.60
4220 , 20800 , 35.69 , -81.3 , 9 , 10.05 , 12.713 , 3.562 , 193.21 , 100.73
4230 , 20850 , 35.37 , -81.4 , 9 , 10.00 , 12.585 , 3.558 , 194.10 , 99.83
4240 , 20898 , 35.07 , -81.3 , 9 , 9.94 , 12.477 , 3.557 , 194.94 , 99.00
4250 , 20945 , 34.78 , -81.2 , 9 , 9.90 , 12.380 , 3.559 , 195.76 , 98.18
4260 , 20990 , 34.50 , -81.2 , 9 , 9.85 , 12.251 , 3.551 , 196.55 , 97.39
4270 , 21036 , 34.22 , -81.2 , 9 , 9.80 , 12.148 , 3.550 , 197.33 , 96.60
4280 , 21081 , 33.95 , -80.9 , 9 , 9.75 , 12.009 , 3.537 , 198.09 , 95.85
4290 , 21125 , 33.69 , -80.8 , 9 , 9.70 , 12.138 , 3.603 , 198.83 , 95.11
4300 , 21169 , 33.42 , -80.9 , 9 , 9.65 , 12.111 , 3.624 , 199.58 , 94.36
4310 , 21213 , 33.16 , -81.1 , 9 , 9.60 , 11.980 , 3.612 , 200.32 , 93.62
4320 , 21257 , 32.91 , -80.5 , 9 , 9.54 , 11.938 , 3.628 , 201.06 , 92.88
4330 , 21298 , 32.66 , -80.3 , 9 , 9.49 , 11.806 , 3.614 , 201.75 , 92.19
4340 , 21339 , 32.43 , -80.3 , 9 , 9.44 , 11.589 , 3.574 , 202.42 , 91.52
4350 , 21381 , 32.19 , -80.2 , 9 , 9.38 , 11.511 , 3.576 , 203.09 , 90.84
