# ------------------------------------------------------------
#
# Flight name: V0808
# Station: Davis
# Launch Date: 10 June 2008
# Launch Time: 23:19:06
# 
# This file created: Wed Jun 11 12:18:35 2008
# 
# 
# ------------------------------------------------------------
# DATA COLUMNS
# Time (s)
# Height (m)
# Atmospheric Pressure (hPa)
# Atmospheric Temperature (°C)
# Relative Humidity (%)
# Box Temperature (°C)
# Ozone Partial Pressure (mPa)
# Ozone Mixing Ratio (ppmV)
# Accumulated Ozone to this Height (Dobson Units)
# Remaining Ozone above this Height (Dobson Units)
# 
# ------------------------------------------------------------
# 
# Integrated Ozone = 251.7 DU
# Extrapolated Ozone =  19.0 DU
# 
# Total Ozone = 270.7 DU
# 
# 
# ------------------------------------------------------------
0 , 18 , 986.59 , -13.6 , 50 , 37.59 , 3.358 , 0.034 , 0.00 , 270.72
9 , 55 , 981.68 , -13.3 , 48 , 37.76 , 3.269 , 0.033 , 0.13 , 270.59
19 , 99 , 976.13 , -13.3 , 47 , 37.78 , 3.199 , 0.033 , 0.28 , 270.44
28 , 148 , 969.75 , -13.5 , 47 , 37.74 , 3.173 , 0.033 , 0.44 , 270.28
38 , 198 , 963.45 , -13.7 , 50 , 37.70 , 3.173 , 0.033 , 0.60 , 270.12
48 , 243 , 957.82 , -13.8 , 54 , 37.67 , 3.154 , 0.033 , 0.75 , 269.97
58 , 292 , 951.54 , -14.1 , 55 , 37.68 , 3.104 , 0.033 , 0.91 , 269.81
68 , 341 , 945.47 , -14.4 , 58 , 37.72 , 3.104 , 0.033 , 1.07 , 269.65
78 , 390 , 939.33 , -14.8 , 61 , 37.75 , 3.098 , 0.033 , 1.23 , 269.49
88 , 438 , 933.45 , -15.2 , 64 , 37.78 , 3.089 , 0.033 , 1.38 , 269.34
98 , 485 , 927.63 , -15.7 , 65 , 37.78 , 3.047 , 0.033 , 1.53 , 269.19
108 , 534 , 921.62 , -16.2 , 68 , 37.75 , 3.024 , 0.033 , 1.69 , 269.03
118 , 589 , 914.90 , -16.7 , 70 , 37.71 , 3.030 , 0.033 , 1.86 , 268.86
128 , 638 , 908.91 , -17.2 , 73 , 37.66 , 3.018 , 0.033 , 2.02 , 268.70
138 , 691 , 902.55 , -17.7 , 75 , 37.63 , 2.989 , 0.033 , 2.19 , 268.53
148 , 742 , 896.41 , -18.2 , 78 , 37.62 , 2.980 , 0.033 , 2.35 , 268.37
158 , 796 , 889.98 , -18.6 , 83 , 37.60 , 2.952 , 0.033 , 2.52 , 268.20
168 , 849 , 883.63 , -19.0 , 87 , 37.60 , 2.941 , 0.033 , 2.68 , 268.04
178 , 900 , 877.61 , -19.4 , 88 , 37.61 , 2.920 , 0.033 , 2.84 , 267.88
188 , 951 , 871.61 , -19.9 , 88 , 37.62 , 2.919 , 0.033 , 3.00 , 267.72
197 , 999 , 865.91 , -20.4 , 91 , 37.62 , 2.906 , 0.034 , 3.15 , 267.57
207 , 1044 , 860.66 , -20.8 , 93 , 37.60 , 2.886 , 0.034 , 3.29 , 267.43
217 , 1095 , 854.78 , -21.3 , 96 , 37.62 , 2.854 , 0.033 , 3.44 , 267.28
227 , 1145 , 848.95 , -21.6 , 96 , 37.62 , 2.840 , 0.033 , 3.60 , 267.12
237 , 1199 , 842.75 , -21.9 , 94 , 37.63 , 2.820 , 0.033 , 3.76 , 266.96
247 , 1255 , 836.34 , -22.4 , 95 , 37.62 , 2.803 , 0.034 , 3.93 , 266.79
257 , 1310 , 830.11 , -23.0 , 96 , 37.56 , 2.770 , 0.033 , 4.10 , 266.62
267 , 1360 , 824.49 , -23.5 , 98 , 37.53 , 2.752 , 0.033 , 4.24 , 266.48
277 , 1417 , 818.13 , -22.9 , 91 , 37.53 , 2.735 , 0.033 , 4.41 , 266.31
287 , 1470 , 812.20 , -22.3 , 76 , 37.50 , 2.715 , 0.033 , 4.57 , 266.15
297 , 1526 , 805.99 , -22.7 , 76 , 37.52 , 2.703 , 0.034 , 4.73 , 265.99
307 , 1584 , 799.71 , -23.2 , 77 , 37.53 , 2.671 , 0.033 , 4.90 , 265.82
317 , 1642 , 793.35 , -23.6 , 78 , 37.48 , 2.646 , 0.033 , 5.06 , 265.65
327 , 1701 , 786.92 , -23.9 , 79 , 37.44 , 2.609 , 0.033 , 5.23 , 265.49
336 , 1758 , 780.84 , -24.1 , 77 , 37.40 , 2.596 , 0.033 , 5.39 , 265.33
346 , 1812 , 775.08 , -24.3 , 72 , 37.38 , 2.567 , 0.033 , 5.54 , 265.18
356 , 1866 , 769.37 , -24.6 , 70 , 37.35 , 2.551 , 0.033 , 5.69 , 265.03
366 , 1922 , 763.47 , -25.0 , 72 , 37.31 , 2.526 , 0.033 , 5.85 , 264.87
376 , 1981 , 757.29 , -25.4 , 73 , 37.26 , 2.573 , 0.034 , 6.01 , 264.71
386 , 2036 , 751.58 , -25.7 , 70 , 37.21 , 2.663 , 0.035 , 6.17 , 264.55
396 , 2092 , 745.72 , -26.1 , 69 , 37.19 , 2.555 , 0.034 , 6.33 , 264.39
406 , 2141 , 740.75 , -26.6 , 69 , 37.14 , 2.491 , 0.034 , 6.46 , 264.26
416 , 2191 , 735.63 , -27.0 , 75 , 37.16 , 2.463 , 0.033 , 6.60 , 264.12
426 , 2242 , 730.42 , -27.4 , 80 , 37.14 , 2.426 , 0.033 , 6.73 , 263.98
436 , 2296 , 724.98 , -27.6 , 83 , 37.16 , 2.403 , 0.033 , 6.88 , 263.84
446 , 2351 , 719.42 , -27.6 , 81 , 37.17 , 2.374 , 0.033 , 7.02 , 263.70
456 , 2402 , 714.33 , -27.9 , 81 , 37.15 , 2.388 , 0.033 , 7.16 , 263.56
466 , 2457 , 708.84 , -28.2 , 82 , 37.16 , 2.364 , 0.033 , 7.30 , 263.42
476 , 2512 , 703.44 , -28.3 , 81 , 37.14 , 2.343 , 0.033 , 7.44 , 263.28
486 , 2560 , 698.77 , -28.0 , 76 , 37.06 , 2.343 , 0.034 , 7.56 , 263.15
496 , 2610 , 693.95 , -28.3 , 73 , 37.03 , 2.377 , 0.034 , 7.69 , 263.03
506 , 2665 , 688.62 , -28.7 , 72 , 37.05 , 2.348 , 0.034 , 7.84 , 262.88
516 , 2720 , 683.32 , -29.0 , 69 , 37.01 , 2.313 , 0.034 , 7.98 , 262.74
526 , 2780 , 677.65 , -29.3 , 66 , 37.00 , 2.300 , 0.034 , 8.13 , 262.59
536 , 2832 , 672.67 , -29.6 , 60 , 36.99 , 2.274 , 0.034 , 8.26 , 262.45
546 , 2888 , 667.43 , -30.0 , 59 , 36.96 , 2.265 , 0.034 , 8.40 , 262.31
556 , 2941 , 662.47 , -30.4 , 63 , 36.95 , 2.240 , 0.034 , 8.54 , 262.18
566 , 2997 , 657.28 , -30.8 , 63 , 36.85 , 2.235 , 0.034 , 8.68 , 262.04
576 , 3055 , 651.89 , -31.1 , 57 , 36.75 , 2.209 , 0.034 , 8.82 , 261.90
586 , 3116 , 646.36 , -31.2 , 52 , 36.67 , 2.186 , 0.034 , 8.97 , 261.75
596 , 3173 , 641.15 , -31.5 , 56 , 36.61 , 2.164 , 0.034 , 9.11 , 261.61
606 , 3237 , 635.39 , -32.0 , 60 , 36.55 , 2.146 , 0.034 , 9.26 , 261.46
616 , 3304 , 629.32 , -32.5 , 63 , 36.50 , 2.106 , 0.033 , 9.42 , 261.30
626 , 3370 , 623.50 , -32.8 , 61 , 36.44 , 2.067 , 0.033 , 9.57 , 261.14
636 , 3430 , 618.19 , -33.3 , 59 , 36.41 , 2.081 , 0.034 , 9.71 , 261.00
645 , 3490 , 612.96 , -33.8 , 59 , 36.45 , 2.057 , 0.034 , 9.85 , 260.87
655 , 3551 , 607.63 , -34.4 , 60 , 36.45 , 2.043 , 0.034 , 9.99 , 260.72
665 , 3616 , 602.00 , -34.9 , 57 , 36.35 , 2.039 , 0.034 , 10.14 , 260.57
675 , 3678 , 596.65 , -35.2 , 53 , 36.26 , 2.027 , 0.034 , 10.29 , 260.43
685 , 3738 , 591.55 , -35.5 , 51 , 36.19 , 2.000 , 0.034 , 10.42 , 260.29
695 , 3793 , 586.88 , -35.7 , 50 , 36.17 , 1.993 , 0.034 , 10.55 , 260.17
705 , 3849 , 582.12 , -36.0 , 46 , 36.11 , 1.990 , 0.034 , 10.68 , 260.04
715 , 3909 , 577.16 , -36.4 , 47 , 36.05 , 1.962 , 0.034 , 10.81 , 259.91
725 , 3959 , 572.97 , -36.6 , 44 , 36.05 , 1.969 , 0.034 , 10.92 , 259.80
735 , 4014 , 568.43 , -36.2 , 28 , 36.05 , 1.983 , 0.035 , 11.05 , 259.67
745 , 4072 , 563.70 , -36.5 , 20 , 36.00 , 1.992 , 0.035 , 11.18 , 259.54
755 , 4125 , 559.43 , -36.9 , 16 , 35.96 , 2.017 , 0.036 , 11.30 , 259.42
765 , 4177 , 555.22 , -37.3 , 15 , 35.88 , 2.016 , 0.036 , 11.42 , 259.30
775 , 4227 , 551.22 , -37.7 , 14 , 35.84 , 2.024 , 0.037 , 11.53 , 259.18
785 , 4280 , 546.96 , -38.1 , 12 , 35.78 , 2.002 , 0.037 , 11.66 , 259.06
795 , 4337 , 542.50 , -38.6 , 11 , 35.70 , 1.998 , 0.037 , 11.79 , 258.93
805 , 4388 , 538.44 , -39.1 , 10 , 35.63 , 1.981 , 0.037 , 11.90 , 258.81
815 , 4434 , 534.81 , -39.5 , 11 , 35.61 , 1.979 , 0.037 , 12.01 , 258.71
825 , 4489 , 530.56 , -39.7 , 10 , 35.57 , 1.985 , 0.037 , 12.14 , 258.58
835 , 4539 , 526.72 , -40.1 , 10 , 35.48 , 1.974 , 0.037 , 12.25 , 258.47
845 , 4590 , 522.73 , -40.3 , 11 , 35.42 , 1.975 , 0.038 , 12.37 , 258.35
855 , 4649 , 518.26 , -40.8 , 12 , 35.41 , 1.973 , 0.038 , 12.50 , 258.22
865 , 4700 , 514.35 , -41.0 , 13 , 35.41 , 1.982 , 0.039 , 12.62 , 258.10
875 , 4755 , 510.22 , -41.0 , 15 , 35.37 , 1.978 , 0.039 , 12.75 , 257.97
885 , 4808 , 506.28 , -41.2 , 17 , 35.31 , 1.989 , 0.039 , 12.87 , 257.85
895 , 4861 , 502.35 , -41.4 , 17 , 35.28 , 1.958 , 0.039 , 12.99 , 257.73
905 , 4912 , 498.55 , -41.5 , 15 , 35.26 , 1.955 , 0.039 , 13.11 , 257.61
915 , 4964 , 494.72 , -42.0 , 14 , 35.23 , 1.936 , 0.039 , 13.22 , 257.50
925 , 5021 , 490.56 , -42.3 , 16 , 35.13 , 1.919 , 0.039 , 13.35 , 257.37
935 , 5080 , 486.32 , -42.7 , 19 , 35.01 , 1.869 , 0.038 , 13.48 , 257.24
945 , 5132 , 482.62 , -43.0 , 22 , 34.93 , 1.834 , 0.038 , 13.59 , 257.13
954 , 5184 , 478.87 , -43.4 , 24 , 34.89 , 1.804 , 0.038 , 13.71 , 257.01
964 , 5234 , 475.34 , -43.8 , 26 , 34.84 , 1.785 , 0.038 , 13.81 , 256.91
974 , 5282 , 471.91 , -44.3 , 28 , 34.81 , 1.777 , 0.038 , 13.91 , 256.81
984 , 5339 , 467.92 , -44.8 , 29 , 34.76 , 1.773 , 0.038 , 14.03 , 256.69
994 , 5398 , 463.84 , -45.4 , 31 , 34.69 , 1.770 , 0.038 , 14.15 , 256.57
1004 , 5453 , 460.00 , -45.9 , 34 , 34.66 , 1.743 , 0.038 , 14.27 , 256.45
1014 , 5497 , 456.94 , -46.3 , 35 , 34.60 , 1.750 , 0.038 , 14.36 , 256.36
1024 , 5547 , 453.53 , -46.7 , 38 , 34.52 , 1.738 , 0.038 , 14.46 , 256.26
1034 , 5600 , 449.95 , -46.9 , 40 , 34.45 , 1.752 , 0.039 , 14.57 , 256.15
1044 , 5650 , 446.51 , -47.0 , 41 , 34.40 , 1.739 , 0.039 , 14.68 , 256.04
1054 , 5712 , 442.39 , -47.3 , 40 , 34.36 , 1.693 , 0.038 , 14.80 , 255.91
1064 , 5763 , 438.99 , -47.7 , 39 , 34.30 , 1.681 , 0.038 , 14.91 , 255.81
1074 , 5819 , 435.24 , -47.9 , 38 , 34.24 , 1.662 , 0.038 , 15.02 , 255.70
1084 , 5881 , 431.20 , -48.2 , 36 , 34.17 , 1.636 , 0.038 , 15.14 , 255.58
1094 , 5938 , 427.45 , -48.5 , 30 , 34.12 , 1.693 , 0.040 , 15.26 , 255.46
1104 , 5993 , 423.92 , -48.7 , 22 , 34.06 , 1.781 , 0.042 , 15.37 , 255.35
1114 , 6046 , 420.48 , -48.9 , 18 , 33.98 , 1.849 , 0.044 , 15.49 , 255.23
1124 , 6096 , 417.30 , -48.9 , 16 , 33.90 , 1.917 , 0.046 , 15.60 , 255.12
1134 , 6145 , 414.22 , -49.1 , 15 , 33.84 , 1.976 , 0.048 , 15.71 , 255.01
1144 , 6200 , 410.77 , -49.2 , 13 , 33.75 , 2.048 , 0.050 , 15.85 , 254.87
1154 , 6252 , 407.48 , -49.3 , 12 , 33.67 , 2.096 , 0.051 , 15.98 , 254.74
1164 , 6305 , 404.18 , -49.6 , 12 , 33.63 , 2.101 , 0.052 , 16.11 , 254.61
1174 , 6365 , 400.50 , -49.9 , 13 , 33.56 , 2.087 , 0.052 , 16.26 , 254.46
1184 , 6420 , 397.14 , -49.8 , 12 , 33.49 , 2.270 , 0.057 , 16.41 , 254.31
1194 , 6486 , 393.18 , -49.9 , 13 , 33.42 , 2.217 , 0.056 , 16.59 , 254.13
1204 , 6535 , 390.25 , -50.2 , 16 , 33.36 , 1.944 , 0.050 , 16.71 , 254.01
1214 , 6585 , 387.24 , -50.6 , 19 , 33.31 , 1.723 , 0.044 , 16.82 , 253.90
1224 , 6635 , 384.27 , -50.9 , 20 , 33.24 , 1.597 , 0.042 , 16.92 , 253.80
1234 , 6689 , 381.10 , -51.2 , 22 , 33.18 , 1.531 , 0.040 , 17.02 , 253.70
1244 , 6740 , 378.12 , -51.7 , 23 , 33.10 , 1.514 , 0.040 , 17.12 , 253.60
1254 , 6793 , 375.02 , -52.1 , 25 , 33.03 , 1.492 , 0.040 , 17.22 , 253.50
1263 , 6852 , 371.64 , -52.6 , 27 , 32.97 , 1.456 , 0.039 , 17.32 , 253.40
1273 , 6912 , 368.22 , -53.0 , 28 , 32.91 , 1.422 , 0.039 , 17.43 , 253.29
1283 , 6964 , 365.24 , -53.5 , 29 , 32.85 , 1.401 , 0.038 , 17.52 , 253.20
1293 , 7021 , 362.03 , -53.9 , 31 , 32.77 , 1.394 , 0.039 , 17.61 , 253.11
1303 , 7082 , 358.56 , -54.4 , 32 , 32.69 , 1.379 , 0.038 , 17.72 , 253.00
1312 , 7133 , 355.73 , -54.9 , 33 , 32.60 , 1.348 , 0.038 , 17.80 , 252.91
1322 , 7188 , 352.69 , -55.3 , 34 , 32.53 , 1.323 , 0.038 , 17.89 , 252.82
1332 , 7241 , 349.77 , -55.7 , 37 , 32.49 , 1.315 , 0.038 , 17.98 , 252.74
1342 , 7293 , 346.91 , -56.2 , 39 , 32.46 , 1.313 , 0.038 , 18.07 , 252.65
1352 , 7341 , 344.28 , -56.6 , 40 , 32.41 , 1.305 , 0.038 , 18.15 , 252.57
1362 , 7387 , 341.78 , -57.0 , 42 , 32.34 , 1.295 , 0.038 , 18.22 , 252.50
1372 , 7435 , 339.22 , -57.4 , 44 , 32.27 , 1.293 , 0.038 , 18.30 , 252.42
1382 , 7490 , 336.24 , -57.8 , 46 , 32.18 , 1.289 , 0.038 , 18.39 , 252.33
1392 , 7545 , 333.34 , -58.3 , 47 , 32.10 , 1.261 , 0.038 , 18.47 , 252.25
1402 , 7592 , 330.84 , -58.7 , 48 , 32.04 , 1.247 , 0.038 , 18.55 , 252.17
1412 , 7635 , 328.59 , -59.0 , 50 , 31.98 , 1.251 , 0.038 , 18.62 , 252.10
1422 , 7680 , 326.27 , -59.4 , 51 , 31.91 , 1.257 , 0.039 , 18.69 , 252.03
1432 , 7729 , 323.70 , -59.6 , 52 , 31.83 , 1.298 , 0.040 , 18.77 , 251.95
1442 , 7800 , 320.07 , -59.7 , 51 , 31.76 , 1.362 , 0.043 , 18.88 , 251.84
1452 , 7854 , 317.28 , -60.1 , 48 , 31.71 , 1.349 , 0.043 , 18.98 , 251.74
1462 , 7907 , 314.61 , -60.4 , 48 , 31.64 , 1.282 , 0.041 , 19.07 , 251.65
1472 , 7959 , 311.98 , -60.5 , 46 , 31.58 , 1.229 , 0.039 , 19.15 , 251.57
1482 , 8006 , 309.62 , -60.7 , 43 , 31.51 , 1.208 , 0.039 , 19.22 , 251.50
1492 , 8053 , 307.32 , -61.0 , 42 , 31.45 , 1.216 , 0.040 , 19.29 , 251.43
1502 , 8104 , 304.77 , -61.3 , 42 , 31.37 , 1.221 , 0.040 , 19.37 , 251.35
1512 , 8159 , 302.10 , -61.7 , 41 , 31.29 , 1.217 , 0.040 , 19.46 , 251.26
1522 , 8206 , 299.81 , -62.1 , 40 , 31.22 , 1.224 , 0.041 , 19.53 , 251.19
1532 , 8251 , 297.61 , -62.3 , 40 , 31.15 , 1.306 , 0.044 , 19.60 , 251.11
1542 , 8295 , 295.53 , -62.1 , 42 , 31.08 , 1.523 , 0.052 , 19.68 , 251.04
1552 , 8346 , 293.08 , -61.9 , 42 , 31.01 , 1.759 , 0.060 , 19.79 , 250.93
1561 , 8390 , 291.02 , -61.9 , 37 , 30.93 , 2.234 , 0.077 , 19.90 , 250.82
1571 , 8433 , 288.97 , -61.8 , 33 , 30.85 , 2.565 , 0.089 , 20.04 , 250.68
1581 , 8490 , 286.34 , -61.5 , 30 , 30.78 , 2.855 , 0.100 , 20.23 , 250.49
1591 , 8543 , 283.91 , -61.4 , 27 , 30.72 , 2.992 , 0.105 , 20.43 , 250.29
1601 , 8601 , 281.25 , -61.5 , 24 , 30.65 , 2.910 , 0.103 , 20.65 , 250.07
1611 , 8648 , 279.13 , -61.7 , 22 , 30.57 , 2.546 , 0.091 , 20.81 , 249.91
1621 , 8694 , 277.05 , -61.6 , 20 , 30.50 , 2.209 , 0.080 , 20.95 , 249.77
1631 , 8746 , 274.74 , -61.8 , 18 , 30.42 , 1.902 , 0.069 , 21.09 , 249.63
1641 , 8792 , 272.74 , -61.8 , 17 , 30.36 , 1.630 , 0.060 , 21.19 , 249.53
1651 , 8837 , 270.75 , -62.1 , 18 , 30.31 , 1.480 , 0.055 , 21.28 , 249.44
1661 , 8890 , 268.44 , -62.5 , 18 , 30.23 , 1.431 , 0.053 , 21.38 , 249.34
1671 , 8933 , 266.56 , -62.4 , 19 , 30.16 , 1.538 , 0.058 , 21.46 , 249.26
1681 , 8978 , 264.63 , -62.5 , 19 , 30.07 , 1.656 , 0.063 , 21.55 , 249.17
1691 , 9025 , 262.59 , -62.6 , 20 , 30.01 , 1.732 , 0.066 , 21.65 , 249.07
1701 , 9070 , 260.68 , -62.8 , 20 , 29.94 , 1.798 , 0.069 , 21.76 , 248.96
1711 , 9116 , 258.76 , -62.8 , 21 , 29.88 , 1.860 , 0.072 , 21.86 , 248.86
1721 , 9160 , 256.91 , -62.8 , 21 , 29.81 , 1.933 , 0.075 , 21.97 , 248.75
1731 , 9207 , 254.98 , -62.2 , 21 , 29.74 , 1.994 , 0.078 , 22.09 , 248.63
1741 , 9256 , 252.95 , -62.2 , 21 , 29.65 , 2.102 , 0.083 , 22.22 , 248.50
1751 , 9311 , 250.70 , -62.6 , 21 , 29.58 , 2.141 , 0.085 , 22.37 , 248.35
1761 , 9358 , 248.79 , -62.7 , 21 , 29.51 , 2.161 , 0.087 , 22.49 , 248.22
1771 , 9403 , 246.99 , -62.6 , 20 , 29.45 , 2.131 , 0.086 , 22.62 , 248.10
1781 , 9448 , 245.18 , -62.7 , 19 , 29.38 , 2.091 , 0.085 , 22.74 , 247.98
1791 , 9493 , 243.40 , -63.0 , 18 , 29.32 , 2.094 , 0.086 , 22.86 , 247.86
1801 , 9535 , 241.74 , -63.3 , 18 , 29.24 , 2.130 , 0.088 , 22.97 , 247.74
1811 , 9584 , 239.82 , -63.6 , 17 , 29.18 , 2.103 , 0.088 , 23.11 , 247.61
1821 , 9629 , 238.09 , -63.9 , 17 , 29.13 , 2.165 , 0.091 , 23.23 , 247.49
1831 , 9671 , 236.43 , -64.2 , 17 , 29.06 , 2.193 , 0.093 , 23.35 , 247.37
1841 , 9715 , 234.77 , -64.5 , 16 , 28.99 , 2.137 , 0.091 , 23.47 , 247.25
1851 , 9768 , 232.71 , -64.5 , 16 , 28.93 , 2.164 , 0.093 , 23.62 , 247.10
1860 , 9814 , 230.97 , -64.9 , 16 , 28.86 , 2.244 , 0.097 , 23.75 , 246.97
1869 , 9858 , 229.32 , -65.1 , 16 , 28.79 , 2.294 , 0.100 , 23.88 , 246.84
1879 , 9902 , 227.65 , -65.1 , 16 , 28.73 , 2.354 , 0.103 , 24.01 , 246.71
1889 , 9950 , 225.87 , -65.1 , 17 , 28.67 , 2.455 , 0.109 , 24.16 , 246.56
1899 , 9999 , 224.08 , -65.0 , 16 , 28.61 , 2.528 , 0.113 , 24.32 , 246.40
1909 , 10048 , 222.28 , -65.2 , 16 , 28.54 , 2.620 , 0.118 , 24.48 , 246.24
1919 , 10097 , 220.50 , -65.3 , 16 , 28.48 , 2.703 , 0.123 , 24.65 , 246.07
1929 , 10143 , 218.81 , -65.4 , 16 , 28.41 , 2.775 , 0.127 , 24.82 , 245.90
1939 , 10186 , 217.30 , -65.2 , 16 , 28.34 , 2.854 , 0.131 , 24.97 , 245.75
1949 , 10227 , 215.81 , -64.9 , 16 , 28.28 , 2.932 , 0.136 , 25.13 , 245.59
1959 , 10268 , 214.36 , -64.6 , 16 , 28.20 , 3.039 , 0.142 , 25.29 , 245.43
1969 , 10308 , 212.97 , -64.0 , 16 , 28.13 , 3.207 , 0.151 , 25.45 , 245.27
1979 , 10348 , 211.60 , -63.5 , 15 , 28.06 , 3.532 , 0.167 , 25.62 , 245.10
1989 , 10391 , 210.12 , -63.4 , 14 , 28.00 , 3.893 , 0.185 , 25.82 , 244.89
1999 , 10432 , 208.72 , -63.6 , 13 , 27.93 , 4.164 , 0.200 , 26.04 , 244.68
2009 , 10474 , 207.30 , -63.6 , 12 , 27.87 , 4.249 , 0.205 , 26.26 , 244.46
2019 , 10517 , 205.83 , -63.5 , 12 , 27.80 , 4.194 , 0.204 , 26.50 , 244.22
2029 , 10560 , 204.39 , -63.5 , 12 , 27.73 , 3.896 , 0.191 , 26.72 , 243.99
2039 , 10604 , 202.96 , -63.8 , 12 , 27.67 , 3.581 , 0.176 , 26.93 , 243.79
2049 , 10649 , 201.46 , -63.9 , 13 , 27.60 , 3.408 , 0.169 , 27.14 , 243.58
2059 , 10699 , 199.82 , -64.0 , 12 , 27.53 , 3.366 , 0.168 , 27.36 , 243.36
2069 , 10748 , 198.25 , -64.0 , 12 , 27.46 , 3.625 , 0.183 , 27.57 , 243.15
2079 , 10797 , 196.65 , -64.0 , 11 , 27.40 , 4.185 , 0.213 , 27.82 , 242.90
2089 , 10844 , 195.15 , -64.3 , 10 , 27.33 , 4.582 , 0.235 , 28.09 , 242.63
2099 , 10888 , 193.75 , -64.5 , 9 , 27.25 , 4.742 , 0.245 , 28.35 , 242.37
2109 , 10930 , 192.42 , -64.7 , 9 , 27.18 , 4.731 , 0.246 , 28.61 , 242.11
2118 , 10971 , 191.12 , -64.7 , 8 , 27.11 , 4.680 , 0.245 , 28.86 , 241.86
2128 , 11011 , 189.88 , -64.7 , 8 , 27.06 , 4.782 , 0.252 , 29.10 , 241.61
2138 , 11051 , 188.64 , -64.6 , 8 , 26.99 , 5.017 , 0.266 , 29.36 , 241.36
2148 , 11090 , 187.42 , -64.6 , 7 , 26.93 , 5.223 , 0.279 , 29.62 , 241.10
2158 , 11132 , 186.15 , -64.5 , 7 , 26.85 , 5.440 , 0.292 , 29.91 , 240.81
2168 , 11173 , 184.89 , -64.5 , 7 , 26.78 , 5.658 , 0.306 , 30.20 , 240.52
2177 , 11213 , 183.71 , -64.2 , 6 , 26.72 , 5.790 , 0.315 , 30.49 , 240.23
2187 , 11254 , 182.46 , -63.8 , 6 , 26.65 , 5.883 , 0.322 , 30.81 , 239.91
2197 , 11294 , 181.28 , -63.8 , 6 , 26.59 , 5.948 , 0.328 , 31.11 , 239.61
2207 , 11336 , 180.05 , -63.9 , 5 , 26.52 , 5.924 , 0.329 , 31.43 , 239.29
2217 , 11378 , 178.81 , -64.3 , 5 , 26.45 , 5.907 , 0.330 , 31.75 , 238.97
2227 , 11420 , 177.58 , -64.6 , 5 , 26.40 , 5.834 , 0.329 , 32.07 , 238.65
2237 , 11465 , 176.29 , -64.7 , 5 , 26.33 , 5.805 , 0.329 , 32.41 , 238.31
2247 , 11510 , 174.99 , -64.6 , 5 , 26.26 , 5.759 , 0.329 , 32.75 , 237.97
2257 , 11555 , 173.71 , -64.4 , 4 , 26.19 , 5.559 , 0.320 , 33.07 , 237.65
2266 , 11596 , 172.54 , -64.4 , 4 , 26.13 , 5.280 , 0.306 , 33.36 , 237.36
2276 , 11638 , 171.36 , -64.5 , 4 , 26.06 , 5.134 , 0.300 , 33.64 , 237.08
2286 , 11682 , 170.12 , -64.6 , 4 , 26.00 , 5.100 , 0.300 , 33.94 , 236.78
2296 , 11724 , 168.96 , -64.6 , 4 , 25.92 , 5.151 , 0.305 , 34.21 , 236.51
2306 , 11765 , 167.84 , -64.7 , 4 , 25.86 , 5.124 , 0.305 , 34.48 , 236.24
2316 , 11806 , 166.71 , -64.8 , 4 , 25.79 , 5.131 , 0.308 , 34.76 , 235.96
2326 , 11847 , 165.59 , -65.0 , 4 , 25.71 , 5.173 , 0.312 , 35.03 , 235.69
2336 , 11890 , 164.43 , -65.0 , 4 , 25.65 , 5.246 , 0.319 , 35.32 , 235.40
2346 , 11933 , 163.29 , -65.0 , 4 , 25.59 , 5.390 , 0.330 , 35.61 , 235.11
2356 , 11974 , 162.19 , -65.0 , 4 , 25.52 , 5.394 , 0.333 , 35.90 , 234.82
2366 , 12016 , 161.06 , -65.1 , 4 , 25.46 , 5.299 , 0.329 , 36.19 , 234.53
2376 , 12058 , 159.95 , -65.2 , 4 , 25.39 , 5.196 , 0.325 , 36.48 , 234.24
2386 , 12102 , 158.80 , -65.4 , 4 , 25.33 , 5.158 , 0.325 , 36.77 , 233.94
2396 , 12144 , 157.70 , -65.6 , 4 , 25.26 , 5.157 , 0.327 , 37.06 , 233.66
2406 , 12185 , 156.66 , -65.8 , 4 , 25.18 , 5.164 , 0.330 , 37.33 , 233.39
2416 , 12224 , 155.64 , -65.9 , 4 , 25.12 , 5.114 , 0.329 , 37.59 , 233.13
2426 , 12264 , 154.62 , -65.9 , 4 , 25.06 , 5.115 , 0.331 , 37.86 , 232.86
2436 , 12305 , 153.59 , -66.0 , 4 , 24.99 , 5.123 , 0.334 , 38.13 , 232.59
2446 , 12345 , 152.56 , -65.9 , 4 , 24.92 , 5.125 , 0.336 , 38.40 , 232.32
2456 , 12387 , 151.52 , -65.9 , 4 , 24.87 , 5.178 , 0.342 , 38.68 , 232.04
2466 , 12428 , 150.50 , -66.0 , 4 , 24.80 , 5.327 , 0.354 , 38.96 , 231.76
2475 , 12465 , 149.58 , -66.0 , 4 , 24.75 , 5.461 , 0.365 , 39.22 , 231.50
2484 , 12501 , 148.69 , -66.0 , 3 , 24.69 , 5.609 , 0.377 , 39.48 , 231.24
2494 , 12540 , 147.74 , -66.0 , 3 , 24.62 , 5.800 , 0.393 , 39.77 , 230.95
2504 , 12581 , 146.74 , -66.3 , 4 , 24.57 , 5.953 , 0.406 , 40.08 , 230.64
2514 , 12623 , 145.74 , -66.4 , 3 , 24.51 , 6.107 , 0.419 , 40.41 , 230.31
2524 , 12664 , 144.76 , -66.5 , 3 , 24.45 , 6.306 , 0.436 , 40.74 , 229.98
2534 , 12704 , 143.80 , -66.6 , 4 , 24.39 , 6.490 , 0.451 , 41.07 , 229.65
2544 , 12747 , 142.78 , -66.8 , 4 , 24.32 , 6.610 , 0.463 , 41.44 , 229.28
2554 , 12792 , 141.72 , -66.9 , 4 , 24.26 , 6.954 , 0.491 , 41.84 , 228.88
2564 , 12837 , 140.65 , -67.0 , 4 , 24.19 , 7.274 , 0.517 , 42.27 , 228.45
2574 , 12882 , 139.62 , -67.2 , 4 , 24.13 , 8.162 , 0.585 , 42.72 , 228.00
2584 , 12926 , 138.61 , -67.2 , 4 , 24.07 , 9.021 , 0.651 , 43.21 , 227.51
2594 , 12969 , 137.62 , -67.3 , 4 , 24.01 , 8.853 , 0.643 , 43.71 , 227.01
2604 , 13015 , 136.58 , -67.3 , 4 , 23.95 , 7.758 , 0.568 , 44.21 , 226.51
2614 , 13061 , 135.54 , -67.6 , 4 , 23.89 , 7.234 , 0.534 , 44.66 , 226.06
2624 , 13104 , 134.57 , -67.7 , 4 , 23.82 , 7.160 , 0.532 , 45.07 , 225.65
2634 , 13147 , 133.61 , -67.7 , 4 , 23.77 , 7.483 , 0.560 , 45.48 , 225.24
2644 , 13191 , 132.64 , -67.7 , 4 , 23.71 , 8.293 , 0.625 , 45.94 , 224.78
2654 , 13234 , 131.68 , -67.9 , 4 , 23.64 , 8.861 , 0.673 , 46.43 , 224.29
2664 , 13279 , 130.70 , -68.0 , 4 , 23.59 , 8.814 , 0.674 , 46.95 , 223.77
2674 , 13324 , 129.73 , -68.0 , 4 , 23.52 , 8.244 , 0.635 , 47.45 , 223.27
2684 , 13367 , 128.79 , -68.1 , 4 , 23.46 , 7.769 , 0.603 , 47.91 , 222.81
2694 , 13411 , 127.87 , -68.2 , 4 , 23.40 , 7.422 , 0.580 , 48.34 , 222.38
2704 , 13455 , 126.92 , -68.3 , 4 , 23.35 , 7.208 , 0.568 , 48.77 , 221.95
2714 , 13502 , 125.93 , -68.6 , 4 , 23.29 , 7.155 , 0.568 , 49.21 , 221.51
2723 , 13544 , 125.05 , -68.7 , 4 , 23.23 , 7.303 , 0.584 , 49.62 , 221.10
2733 , 13588 , 124.14 , -68.8 , 4 , 23.17 , 7.777 , 0.626 , 50.05 , 220.67
2743 , 13634 , 123.18 , -68.8 , 4 , 23.12 , 8.481 , 0.688 , 50.55 , 220.17
2753 , 13682 , 122.21 , -68.8 , 4 , 23.05 , 9.179 , 0.751 , 51.10 , 219.62
2763 , 13727 , 121.28 , -68.9 , 4 , 22.99 , 9.600 , 0.792 , 51.67 , 219.05
2773 , 13773 , 120.35 , -69.2 , 4 , 22.93 , 9.839 , 0.818 , 52.26 , 218.46
2783 , 13821 , 119.39 , -69.4 , 4 , 22.87 , 9.935 , 0.832 , 52.88 , 217.84
2793 , 13869 , 118.43 , -69.6 , 4 , 22.81 , 9.728 , 0.821 , 53.51 , 217.21
2802 , 13916 , 117.50 , -69.7 , 4 , 22.75 , 9.342 , 0.795 , 54.10 , 216.62
2811 , 13959 , 116.66 , -69.7 , 4 , 22.68 , 8.999 , 0.771 , 54.62 , 216.10
2821 , 14003 , 115.80 , -69.8 , 4 , 22.62 , 8.706 , 0.752 , 55.14 , 215.58
2831 , 14050 , 114.88 , -70.0 , 4 , 22.56 , 8.507 , 0.740 , 55.68 , 215.04
2841 , 14097 , 113.98 , -70.2 , 5 , 22.49 , 8.308 , 0.729 , 56.20 , 214.52
2851 , 14143 , 113.11 , -70.0 , 5 , 22.44 , 8.064 , 0.713 , 56.69 , 214.02
2861 , 14189 , 112.24 , -70.0 , 5 , 22.38 , 7.861 , 0.700 , 57.18 , 213.54
2871 , 14235 , 111.37 , -70.2 , 5 , 22.32 , 7.719 , 0.693 , 57.66 , 213.06
2881 , 14282 , 110.49 , -70.3 , 5 , 22.26 , 7.710 , 0.698 , 58.14 , 212.58
2891 , 14329 , 109.62 , -70.5 , 5 , 22.20 , 7.637 , 0.697 , 58.62 , 212.10
2901 , 14375 , 108.77 , -70.8 , 5 , 22.14 , 7.575 , 0.696 , 59.09 , 211.63
2911 , 14422 , 107.91 , -70.9 , 5 , 22.08 , 7.641 , 0.708 , 59.56 , 211.16
2921 , 14467 , 107.09 , -71.1 , 5 , 22.02 , 7.803 , 0.729 , 60.03 , 210.69
2931 , 14511 , 106.29 , -71.1 , 5 , 21.96 , 7.874 , 0.741 , 60.49 , 210.23
2941 , 14553 , 105.55 , -71.1 , 5 , 21.89 , 7.989 , 0.757 , 60.93 , 209.79
2951 , 14598 , 104.75 , -71.0 , 5 , 21.82 , 8.110 , 0.774 , 61.41 , 209.31
2961 , 14643 , 103.96 , -71.1 , 5 , 21.77 , 8.263 , 0.795 , 61.90 , 208.82
2971 , 14688 , 103.17 , -71.3 , 5 , 21.71 , 8.364 , 0.811 , 62.40 , 208.32
2981 , 14731 , 102.42 , -71.5 , 5 , 21.64 , 8.480 , 0.828 , 62.89 , 207.83
2991 , 14772 , 101.70 , -71.8 , 5 , 21.58 , 8.547 , 0.840 , 63.36 , 207.36
3001 , 14816 , 100.95 , -71.7 , 5 , 21.51 , 8.640 , 0.856 , 63.87 , 206.85
3011 , 14859 , 100.22 , -71.6 , 5 , 21.44 , 8.810 , 0.879 , 64.36 , 206.35
3021 , 14901 , 99.51 , -71.5 , 5 , 21.38 , 9.102 , 0.915 , 64.86 , 205.85
3031 , 14943 , 98.80 , -71.5 , 5 , 21.32 , 9.316 , 0.943 , 65.38 , 205.33
3041 , 14987 , 98.06 , -71.6 , 5 , 21.26 , 9.559 , 0.975 , 65.95 , 204.77
3051 , 15032 , 97.33 , -71.8 , 5 , 21.20 , 9.750 , 1.002 , 66.52 , 204.20
3061 , 15077 , 96.58 , -72.0 , 5 , 21.14 , 9.868 , 1.022 , 67.11 , 203.60
3071 , 15122 , 95.84 , -72.1 , 5 , 21.07 , 9.824 , 1.025 , 67.71 , 203.01
3081 , 15166 , 95.12 , -72.1 , 6 , 20.99 , 9.975 , 1.049 , 68.30 , 202.42
3091 , 15212 , 94.39 , -72.4 , 6 , 20.92 , 10.191 , 1.080 , 68.92 , 201.80
3100 , 15256 , 93.68 , -72.6 , 6 , 20.86 , 10.218 , 1.091 , 69.52 , 201.20
3109 , 15298 , 93.01 , -72.8 , 6 , 20.80 , 10.274 , 1.105 , 70.10 , 200.61
3119 , 15342 , 92.32 , -72.9 , 6 , 20.75 , 10.343 , 1.120 , 70.71 , 200.01
3129 , 15388 , 91.60 , -72.9 , 6 , 20.68 , 10.403 , 1.136 , 71.35 , 199.37
3139 , 15434 , 90.88 , -73.1 , 6 , 20.61 , 10.462 , 1.151 , 72.00 , 198.72
3149 , 15482 , 90.14 , -73.3 , 6 , 20.55 , 10.620 , 1.178 , 72.68 , 198.04
3159 , 15530 , 89.40 , -73.3 , 6 , 20.50 , 11.132 , 1.245 , 73.39 , 197.33
3169 , 15578 , 88.67 , -73.6 , 6 , 20.44 , 12.023 , 1.356 , 74.14 , 196.58
3179 , 15624 , 87.97 , -73.7 , 6 , 20.37 , 12.780 , 1.453 , 74.91 , 195.81
3189 , 15671 , 87.27 , -73.8 , 6 , 20.31 , 13.364 , 1.531 , 75.73 , 194.99
3199 , 15719 , 86.56 , -73.9 , 6 , 20.25 , 13.958 , 1.613 , 76.62 , 194.10
3209 , 15767 , 85.84 , -74.0 , 6 , 20.18 , 14.569 , 1.697 , 77.56 , 193.16
3219 , 15815 , 85.14 , -74.0 , 6 , 20.12 , 14.824 , 1.741 , 78.51 , 192.21
3229 , 15863 , 84.45 , -74.0 , 7 , 20.06 , 14.782 , 1.750 , 79.46 , 191.26
3239 , 15909 , 83.78 , -74.2 , 7 , 19.99 , 14.594 , 1.742 , 80.39 , 190.33
3249 , 15956 , 83.11 , -74.3 , 7 , 19.92 , 14.358 , 1.728 , 81.31 , 189.41
3259 , 16003 , 82.44 , -74.5 , 7 , 19.85 , 14.369 , 1.743 , 82.22 , 188.50
3269 , 16050 , 81.78 , -74.7 , 7 , 19.79 , 14.512 , 1.774 , 83.13 , 187.58
3279 , 16096 , 81.13 , -74.8 , 7 , 19.73 , 14.663 , 1.807 , 84.05 , 186.67
3289 , 16143 , 80.48 , -75.0 , 7 , 19.67 , 14.946 , 1.857 , 84.99 , 185.73
3299 , 16190 , 79.83 , -75.2 , 7 , 19.61 , 15.188 , 1.903 , 85.96 , 184.76
3309 , 16236 , 79.19 , -75.0 , 7 , 19.54 , 15.346 , 1.938 , 86.92 , 183.80
3319 , 16283 , 78.55 , -75.1 , 7 , 19.48 , 15.411 , 1.962 , 87.91 , 182.81
3328 , 16328 , 77.95 , -75.1 , 7 , 19.42 , 15.296 , 1.962 , 88.84 , 181.87
3338 , 16372 , 77.36 , -75.0 , 7 , 19.35 , 14.972 , 1.935 , 89.75 , 180.97
3348 , 16418 , 76.74 , -75.3 , 7 , 19.30 , 14.853 , 1.936 , 90.69 , 180.03
3358 , 16466 , 76.12 , -75.6 , 8 , 19.24 , 14.790 , 1.943 , 91.65 , 179.07
3368 , 16513 , 75.50 , -75.8 , 8 , 19.18 , 14.844 , 1.966 , 92.60 , 178.12
3378 , 16560 , 74.88 , -75.9 , 8 , 19.12 , 14.868 , 1.986 , 93.56 , 177.16
3388 , 16607 , 74.27 , -76.0 , 8 , 19.05 , 14.883 , 2.004 , 94.52 , 176.20
3398 , 16655 , 73.67 , -76.1 , 8 , 18.98 , 14.979 , 2.033 , 95.49 , 175.23
3408 , 16703 , 73.05 , -76.3 , 8 , 18.93 , 15.141 , 2.073 , 96.49 , 174.23
3417 , 16751 , 72.44 , -76.3 , 8 , 18.87 , 15.307 , 2.113 , 97.49 , 173.23
3427 , 16799 , 71.84 , -76.4 , 8 , 18.81 , 15.451 , 2.151 , 98.50 , 172.22
3437 , 16845 , 71.27 , -76.6 , 8 , 18.74 , 15.477 , 2.172 , 99.48 , 171.24
3447 , 16892 , 70.70 , -76.7 , 8 , 18.67 , 15.029 , 2.126 , 100.45 , 170.27
3457 , 16939 , 70.12 , -76.7 , 8 , 18.61 , 14.709 , 2.098 , 101.41 , 169.31
3467 , 16986 , 69.54 , -76.9 , 8 , 18.54 , 14.501 , 2.085 , 102.36 , 168.36
3477 , 17034 , 68.96 , -77.0 , 8 , 18.47 , 14.321 , 2.077 , 103.32 , 167.40
3487 , 17082 , 68.39 , -77.1 , 8 , 18.40 , 14.113 , 2.064 , 104.26 , 166.46
3497 , 17128 , 67.85 , -77.3 , 8 , 18.34 , 14.059 , 2.072 , 105.14 , 165.58
3507 , 17175 , 67.29 , -77.4 , 9 , 18.27 , 14.200 , 2.110 , 106.05 , 164.67
3516 , 17220 , 66.76 , -77.6 , 9 , 18.21 , 14.058 , 2.106 , 106.93 , 163.79
3526 , 17265 , 66.24 , -77.6 , 9 , 18.15 , 13.989 , 2.112 , 107.81 , 162.91
3536 , 17315 , 65.67 , -77.6 , 9 , 18.10 , 14.009 , 2.133 , 108.76 , 161.96
3546 , 17363 , 65.12 , -77.6 , 9 , 18.03 , 14.051 , 2.158 , 109.69 , 161.03
3556 , 17410 , 64.58 , -77.8 , 9 , 17.96 , 14.035 , 2.173 , 110.61 , 160.11
3566 , 17459 , 64.04 , -77.9 , 9 , 17.90 , 13.885 , 2.168 , 111.54 , 159.18
3576 , 17507 , 63.50 , -77.8 , 9 , 17.84 , 13.705 , 2.158 , 112.46 , 158.26
3586 , 17557 , 62.95 , -77.9 , 9 , 17.78 , 13.398 , 2.128 , 113.39 , 157.33
3596 , 17605 , 62.42 , -78.1 , 9 , 17.71 , 13.225 , 2.119 , 114.28 , 156.44
3606 , 17653 , 61.90 , -78.4 , 9 , 17.65 , 13.082 , 2.113 , 115.15 , 155.57
3616 , 17699 , 61.40 , -78.5 , 9 , 17.58 , 13.032 , 2.123 , 115.99 , 154.73
3626 , 17748 , 60.87 , -78.6 , 9 , 17.52 , 13.005 , 2.137 , 116.88 , 153.84
3636 , 17798 , 60.34 , -78.5 , 9 , 17.46 , 13.002 , 2.155 , 117.77 , 152.95
3646 , 17845 , 59.84 , -78.5 , 9 , 17.40 , 13.227 , 2.210 , 118.63 , 152.09
3656 , 17893 , 59.34 , -78.5 , 9 , 17.34 , 13.358 , 2.251 , 119.50 , 151.21
3666 , 17940 , 58.86 , -78.8 , 10 , 17.27 , 13.478 , 2.290 , 120.38 , 150.34
3676 , 17986 , 58.38 , -79.0 , 10 , 17.21 , 13.505 , 2.313 , 121.25 , 149.47
3686 , 18032 , 57.90 , -79.2 , 10 , 17.15 , 13.675 , 2.362 , 122.12 , 148.60
3696 , 18079 , 57.43 , -79.5 , 10 , 17.09 , 13.689 , 2.384 , 123.01 , 147.70
3706 , 18128 , 56.94 , -79.9 , 10 , 17.03 , 13.646 , 2.397 , 123.93 , 146.79
3716 , 18175 , 56.47 , -79.9 , 10 , 16.97 , 13.589 , 2.406 , 124.83 , 145.89
3726 , 18222 , 55.99 , -79.6 , 10 , 16.91 , 13.715 , 2.449 , 125.73 , 144.98
3735 , 18268 , 55.55 , -79.4 , 10 , 16.85 , 13.906 , 2.503 , 126.61 , 144.11
3745 , 18313 , 55.10 , -79.5 , 10 , 16.79 , 14.125 , 2.563 , 127.50 , 143.22
3755 , 18363 , 54.63 , -79.4 , 10 , 16.73 , 14.218 , 2.603 , 128.47 , 142.25
3765 , 18412 , 54.16 , -79.4 , 10 , 16.67 , 14.232 , 2.628 , 129.44 , 141.28
3775 , 18462 , 53.68 , -79.8 , 10 , 16.61 , 14.361 , 2.675 , 130.44 , 140.28
3785 , 18513 , 53.19 , -80.1 , 10 , 16.55 , 14.330 , 2.694 , 131.47 , 139.25
3795 , 18563 , 52.72 , -80.2 , 10 , 16.50 , 14.229 , 2.699 , 132.46 , 138.25
3805 , 18613 , 52.26 , -80.0 , 10 , 16.44 , 14.373 , 2.750 , 133.46 , 137.26
3815 , 18661 , 51.82 , -80.0 , 10 , 16.37 , 14.460 , 2.790 , 134.42 , 136.30
3825 , 18711 , 51.37 , -80.2 , 10 , 16.31 , 14.439 , 2.811 , 135.43 , 135.29
3835 , 18760 , 50.92 , -80.2 , 11 , 16.25 , 14.487 , 2.845 , 136.43 , 134.29
3845 , 18808 , 50.49 , -80.3 , 11 , 16.20 , 14.427 , 2.857 , 137.39 , 133.33
3855 , 18858 , 50.05 , -80.4 , 11 , 16.14 , 14.442 , 2.886 , 138.40 , 132.32
3865 , 18905 , 49.63 , -80.3 , 11 , 16.08 , 14.451 , 2.912 , 139.36 , 131.36
3875 , 18953 , 49.21 , -80.1 , 11 , 16.02 , 14.492 , 2.945 , 140.32 , 130.40
3885 , 19001 , 48.80 , -79.9 , 11 , 15.96 , 14.730 , 3.019 , 141.29 , 129.43
3895 , 19049 , 48.38 , -80.0 , 11 , 15.90 , 14.873 , 3.074 , 142.29 , 128.43
3905 , 19097 , 47.97 , -80.2 , 11 , 15.84 , 14.941 , 3.114 , 143.28 , 127.43
3915 , 19144 , 47.58 , -80.3 , 11 , 15.78 , 15.079 , 3.170 , 144.27 , 126.44
3925 , 19193 , 47.16 , -80.4 , 11 , 15.72 , 15.114 , 3.205 , 145.31 , 125.41
3935 , 19240 , 46.77 , -80.5 , 11 , 15.66 , 15.298 , 3.271 , 146.32 , 124.40
3945 , 19289 , 46.37 , -80.8 , 11 , 15.60 , 15.313 , 3.303 , 147.36 , 123.36
3955 , 19337 , 45.98 , -80.9 , 11 , 15.53 , 15.533 , 3.379 , 148.39 , 122.33
3965 , 19384 , 45.59 , -80.8 , 11 , 15.47 , 15.484 , 3.397 , 149.43 , 121.29
3975 , 19432 , 45.21 , -80.7 , 11 , 15.41 , 15.313 , 3.387 , 150.45 , 120.27
3985 , 19478 , 44.83 , -80.8 , 11 , 15.35 , 15.033 , 3.353 , 151.45 , 119.27
3995 , 19525 , 44.46 , -80.9 , 11 , 15.28 , 14.777 , 3.323 , 152.42 , 118.30
4005 , 19572 , 44.09 , -80.9 , 11 , 15.22 , 14.505 , 3.290 , 153.39 , 117.33
4014 , 19616 , 43.75 , -80.8 , 11 , 15.16 , 14.395 , 3.291 , 154.28 , 116.44
4024 , 19659 , 43.41 , -81.0 , 11 , 15.10 , 14.316 , 3.298 , 155.15 , 115.57
4033 , 19703 , 43.08 , -81.1 , 11 , 15.04 , 14.271 , 3.313 , 156.02 , 114.70
4042 , 19744 , 42.76 , -81.3 , 11 , 14.98 , 14.068 , 3.290 , 156.84 , 113.88
4052 , 19789 , 42.42 , -81.5 , 11 , 14.92 , 14.146 , 3.335 , 157.74 , 112.98
4062 , 19837 , 42.07 , -81.5 , 11 , 14.86 , 14.077 , 3.347 , 158.68 , 112.04
4072 , 19886 , 41.70 , -81.3 , 11 , 14.79 , 14.019 , 3.362 , 159.65 , 111.07
4082 , 19934 , 41.35 , -81.1 , 11 , 14.73 , 13.902 , 3.362 , 160.59 , 110.13
4092 , 19982 , 40.99 , -80.9 , 11 , 14.67 , 13.804 , 3.368 , 161.54 , 109.18
4102 , 20033 , 40.62 , -80.9 , 12 , 14.60 , 13.868 , 3.414 , 162.51 , 108.20
4112 , 20084 , 40.25 , -81.0 , 12 , 14.54 , 13.715 , 3.407 , 163.51 , 107.21
4122 , 20137 , 39.88 , -81.2 , 12 , 14.47 , 13.665 , 3.427 , 164.53 , 106.19
4132 , 20190 , 39.50 , -81.4 , 12 , 14.41 , 13.580 , 3.438 , 165.53 , 105.19
4142 , 20245 , 39.12 , -81.5 , 12 , 14.35 , 13.452 , 3.439 , 166.58 , 104.14
4152 , 20301 , 38.73 , -81.7 , 12 , 14.28 , 13.282 , 3.429 , 167.63 , 103.09
4162 , 20356 , 38.35 , -81.8 , 12 , 14.22 , 13.197 , 3.441 , 168.65 , 102.07
4172 , 20411 , 37.98 , -81.8 , 12 , 14.15 , 13.052 , 3.437 , 169.68 , 101.04
4182 , 20468 , 37.59 , -81.8 , 12 , 14.08 , 12.956 , 3.446 , 170.72 , 100.00
4192 , 20523 , 37.22 , -81.8 , 12 , 14.02 , 12.830 , 3.447 , 171.73 , 98.99
4202 , 20580 , 36.85 , -81.6 , 12 , 13.95 , 12.781 , 3.469 , 172.75 , 97.97
4212 , 20636 , 36.48 , -81.9 , 12 , 13.89 , 12.786 , 3.505 , 173.76 , 96.96
4222 , 20691 , 36.12 , -82.3 , 12 , 13.82 , 12.667 , 3.507 , 174.75 , 95.96
4232 , 20746 , 35.77 , -82.4 , 12 , 13.76 , 12.625 , 3.529 , 175.72 , 95.00
4242 , 20801 , 35.42 , -82.4 , 12 , 13.69 , 12.544 , 3.542 , 176.72 , 94.00
4252 , 20855 , 35.07 , -82.6 , 12 , 13.63 , 12.412 , 3.539 , 177.67 , 93.05
4262 , 20908 , 34.75 , -82.6 , 12 , 13.56 , 12.326 , 3.548 , 178.59 , 92.13
4272 , 20958 , 34.43 , -82.7 , 12 , 13.50 , 12.285 , 3.568 , 179.47 , 91.25
4282 , 21008 , 34.13 , -82.8 , 12 , 13.43 , 12.224 , 3.582 , 180.33 , 90.39
4292 , 21056 , 33.84 , -82.7 , 12 , 13.37 , 12.116 , 3.581 , 181.15 , 89.57
4302 , 21102 , 33.56 , -82.6 , 12 , 13.31 , 12.094 , 3.604 , 181.94 , 88.78
4312 , 21148 , 33.28 , -82.3 , 12 , 13.25 , 11.948 , 3.590 , 182.73 , 87.99
4322 , 21193 , 33.02 , -82.1 , 12 , 13.18 , 11.888 , 3.601 , 183.48 , 87.24
4332 , 21238 , 32.75 , -82.1 , 12 , 13.12 , 11.822 , 3.610 , 184.24 , 86.48
4342 , 21282 , 32.49 , -82.1 , 12 , 13.05 , 11.699 , 3.600 , 184.96 , 85.76
4351 , 21323 , 32.25 , -82.0 , 12 , 12.99 , 11.567 , 3.586 , 185.64 , 85.08
4361 , 21365 , 32.01 , -81.6 , 12 , 12.93 , 11.420 , 3.567 , 186.32 , 84.40
4371 , 21411 , 31.75 , -81.7 , 12 , 12.86 , 11.200 , 3.527 , 187.05 , 83.67
4381 , 21457 , 31.50 , -81.9 , 12 , 12.80 , 11.045 , 3.507 , 187.76 , 82.95
4391 , 21504 , 31.23 , -81.8 , 12 , 12.73 , 10.896 , 3.489 , 188.50 , 82.22
4401 , 21551 , 30.97 , -81.3 , 12 , 12.67 , 10.743 , 3.469 , 189.22 , 81.50
4411 , 21599 , 30.71 , -81.1 , 12 , 12.60 , 10.612 , 3.456 , 189.93 , 80.79
4421 , 21648 , 30.44 , -81.5 , 12 , 12.54 , 10.414 , 3.422 , 190.66 , 80.06
4431 , 21698 , 30.17 , -81.8 , 12 , 12.47 , 10.339 , 3.427 , 191.39 , 79.33
4441 , 21750 , 29.89 , -81.6 , 12 , 12.41 , 10.212 , 3.417 , 192.14 , 78.57
4451 , 21802 , 29.61 , -81.3 , 12 , 12.34 , 10.139 , 3.424 , 192.89 , 77.83
4461 , 21857 , 29.33 , -81.7 , 12 , 12.28 , 10.030 , 3.420 , 193.66 , 77.06
4471 , 21911 , 29.04 , -82.1 , 12 , 12.22 , 9.989 , 3.439 , 194.43 , 76.29
4481 , 21968 , 28.75 , -82.3 , 12 , 12.15 , 9.880 , 3.436 , 195.22 , 75.50
4491 , 22026 , 28.45 , -82.5 , 12 , 12.09 , 9.734 , 3.421 , 196.03 , 74.69
4501 , 22085 , 28.15 , -82.6 , 12 , 12.03 , 9.658 , 3.431 , 196.84 , 73.87
4511 , 22145 , 27.85 , -82.6 , 12 , 11.96 , 9.486 , 3.406 , 197.66 , 73.06
4521 , 22206 , 27.55 , -82.5 , 12 , 11.90 , 9.403 , 3.413 , 198.47 , 72.25
4531 , 22269 , 27.24 , -82.5 , 12 , 11.83 , 9.334 , 3.427 , 199.30 , 71.42
4541 , 22328 , 26.95 , -82.6 , 12 , 11.78 , 9.297 , 3.449 , 200.08 , 70.64
4551 , 22389 , 26.66 , -82.8 , 12 , 11.71 , 9.267 , 3.476 , 200.88 , 69.83
4561 , 22449 , 26.37 , -83.0 , 12 , 11.65 , 9.197 , 3.487 , 201.67 , 69.05
4571 , 22509 , 26.09 , -82.9 , 12 , 11.58 , 9.073 , 3.477 , 202.44 , 68.28
4581 , 22568 , 25.82 , -82.9 , 12 , 11.52 , 8.885 , 3.442 , 203.19 , 67.53
4591 , 22625 , 25.55 , -82.9 , 12 , 11.46 , 8.759 , 3.428 , 203.91 , 66.81
4601 , 22680 , 25.30 , -82.9 , 12 , 11.40 , 8.733 , 3.452 , 204.59 , 66.13
4611 , 22735 , 25.05 , -82.9 , 12 , 11.34 , 8.798 , 3.512 , 205.28 , 65.44
4621 , 22790 , 24.81 , -83.0 , 12 , 11.28 , 8.793 , 3.545 , 205.96 , 64.76
4631 , 22843 , 24.57 , -83.2 , 12 , 11.22 , 8.756 , 3.563 , 206.62 , 64.10
4641 , 22894 , 24.35 , -83.3 , 12 , 11.16 , 8.766 , 3.600 , 207.25 , 63.47
4651 , 22945 , 24.13 , -83.4 , 12 , 11.10 , 8.764 , 3.633 , 207.89 , 62.83
4660 , 22993 , 23.92 , -83.5 , 12 , 11.05 , 8.757 , 3.661 , 208.49 , 62.23
4670 , 23041 , 23.71 , -83.7 , 12 , 10.99 , 8.735 , 3.684 , 209.09 , 61.63
4680 , 23090 , 23.50 , -84.0 , 12 , 10.94 , 8.619 , 3.667 , 209.69 , 61.03
4690 , 23137 , 23.30 , -84.3 , 12 , 10.88 , 8.514 , 3.653 , 210.26 , 60.46
4700 , 23188 , 23.09 , -84.2 , 12 , 10.82 , 8.440 , 3.655 , 210.88 , 59.84
4710 , 23237 , 22.89 , -84.3 , 12 , 10.77 , 8.185 , 3.576 , 211.46 , 59.26
4720 , 23288 , 22.68 , -84.4 , 12 , 10.71 , 8.035 , 3.543 , 212.05 , 58.67
4730 , 23338 , 22.47 , -84.6 , 12 , 10.65 , 7.876 , 3.505 , 212.61 , 58.10
4740 , 23390 , 22.26 , -84.8 , 12 , 10.60 , 7.825 , 3.515 , 213.20 , 57.52
4750 , 23443 , 22.05 , -84.5 , 12 , 10.55 , 7.738 , 3.510 , 213.80 , 56.92
4760 , 23495 , 21.84 , -84.2 , 12 , 10.50 , 7.614 , 3.486 , 214.37 , 56.35
4770 , 23547 , 21.64 , -84.1 , 12 , 10.44 , 7.468 , 3.452 , 214.93 , 55.79
4780 , 23602 , 21.42 , -83.9 , 12 , 10.38 , 7.491 , 3.497 , 215.51 , 55.21
4790 , 23655 , 21.22 , -84.1 , 12 , 10.32 , 7.378 , 3.477 , 216.07 , 54.65
4800 , 23708 , 21.02 , -84.3 , 12 , 10.27 , 7.269 , 3.459 , 216.63 , 54.09
4810 , 23765 , 20.80 , -84.3 , 12 , 10.21 , 7.159 , 3.441 , 217.21 , 53.51
4820 , 23820 , 20.60 , -84.4 , 12 , 10.16 , 7.075 , 3.435 , 217.77 , 52.95
4830 , 23875 , 20.39 , -84.5 , 12 , 10.10 , 6.968 , 3.418 , 218.33 , 52.39
4840 , 23933 , 20.18 , -84.5 , 12 , 10.05 , 6.908 , 3.423 , 218.90 , 51.82
4850 , 23989 , 19.98 , -84.5 , 12 , 10.01 , 6.772 , 3.390 , 219.44 , 51.28
4860 , 24043 , 19.78 , -84.7 , 12 , 9.96 , 6.662 , 3.368 , 219.96 , 50.76
4870 , 24099 , 19.58 , -84.6 , 12 , 9.92 , 6.543 , 3.342 , 220.49 , 50.23
4880 , 24153 , 19.39 , -84.6 , 12 , 9.87 , 6.517 , 3.361 , 220.99 , 49.73
4890 , 24207 , 19.20 , -84.5 , 12 , 9.83 , 6.449 , 3.358 , 221.49 , 49.23
4900 , 24259 , 19.02 , -84.4 , 12 , 9.79 , 6.404 , 3.367 , 221.98 , 48.74
4910 , 24314 , 18.83 , -84.3 , 12 , 9.75 , 6.325 , 3.358 , 222.47 , 48.25
4920 , 24367 , 18.65 , -84.2 , 12 , 9.71 , 6.318 , 3.387 , 222.95 , 47.77
4930 , 24419 , 18.48 , -83.9 , 12 , 9.67 , 6.289 , 3.403 , 223.42 , 47.30
4940 , 24475 , 18.29 , -83.9 , 12 , 9.63 , 6.217 , 3.398 , 223.92 , 46.80
4950 , 24530 , 18.11 , -83.9 , 12 , 9.59 , 6.131 , 3.385 , 224.41 , 46.31
4960 , 24584 , 17.94 , -83.7 , 12 , 9.55 , 5.945 , 3.314 , 224.87 , 45.85
4969 , 24638 , 17.76 , -83.9 , 12 , 9.52 , 5.812 , 3.272 , 225.32 , 45.40
4978 , 24685 , 17.61 , -83.9 , 12 , 9.48 , 5.683 , 3.227 , 225.71 , 45.01
4988 , 24738 , 17.45 , -83.7 , 12 , 9.44 , 5.605 , 3.213 , 226.13 , 44.59
4998 , 24790 , 17.28 , -83.6 , 12 , 9.41 , 5.537 , 3.203 , 226.54 , 44.18
5008 , 24844 , 17.12 , -83.5 , 12 , 9.36 , 5.414 , 3.163 , 226.96 , 43.76
5018 , 24899 , 16.95 , -83.8 , 12 , 9.32 , 5.368 , 3.168 , 227.39 , 43.33
5028 , 24954 , 16.78 , -84.0 , 12 , 9.28 , 5.277 , 3.145 , 227.80 , 42.91
5038 , 25008 , 16.62 , -84.0 , 12 , 9.24 , 5.155 , 3.102 , 228.20 , 42.52
5048 , 25063 , 16.45 , -83.7 , 12 , 9.20 , 5.191 , 3.156 , 228.61 , 42.11
5058 , 25118 , 16.29 , -83.4 , 12 , 9.16 , 5.427 , 3.332 , 229.02 , 41.70
5068 , 25174 , 16.12 , -83.7 , 12 , 9.12 , 5.727 , 3.552 , 229.47 , 41.25
5078 , 25230 , 15.96 , -83.9 , 12 , 9.07 , 5.965 , 3.737 , 229.93 , 40.79
5088 , 25287 , 15.80 , -84.2 , 12 , 9.03 , 6.118 , 3.872 , 230.42 , 40.30
5098 , 25343 , 15.64 , -84.5 , 12 , 8.99 , 6.170 , 3.945 , 230.92 , 39.80
5108 , 25399 , 15.48 , -84.7 , 12 , 8.95 , 6.206 , 4.008 , 231.41 , 39.31
5117 , 25453 , 15.33 , -84.8 , 12 , 8.91 , 6.239 , 4.069 , 231.89 , 38.83
5127 , 25509 , 15.18 , -84.8 , 12 , 8.86 , 6.221 , 4.099 , 232.39 , 38.33
5137 , 25564 , 15.03 , -84.8 , 12 , 8.82 , 6.204 , 4.129 , 232.88 , 37.84
5147 , 25622 , 14.87 , -84.8 , 12 , 8.77 , 6.157 , 4.141 , 233.40 , 37.32
5157 , 25679 , 14.72 , -84.8 , 12 , 8.73 , 6.060 , 4.118 , 233.89 , 36.82
5167 , 25738 , 14.56 , -84.7 , 12 , 8.68 , 5.778 , 3.968 , 234.39 , 36.33
5177 , 25794 , 14.41 , -84.8 , 12 , 8.64 , 5.542 , 3.846 , 234.85 , 35.87
5187 , 25851 , 14.27 , -84.8 , 12 , 8.59 , 5.326 , 3.734 , 235.29 , 35.43
5197 , 25905 , 14.12 , -84.8 , 12 , 8.55 , 5.217 , 3.693 , 235.70 , 35.02
5207 , 25963 , 13.98 , -84.9 , 12 , 8.50 , 5.092 , 3.643 , 236.12 , 34.60
5217 , 26016 , 13.84 , -84.8 , 12 , 8.46 , 4.917 , 3.551 , 236.50 , 34.22
5227 , 26069 , 13.71 , -84.8 , 12 , 8.42 , 4.673 , 3.408 , 236.87 , 33.85
5237 , 26123 , 13.58 , -84.7 , 12 , 8.37 , 4.497 , 3.312 , 237.22 , 33.50
5247 , 26173 , 13.45 , -84.5 , 12 , 8.33 , 4.335 , 3.222 , 237.54 , 33.18
5257 , 26224 , 13.33 , -84.3 , 12 , 8.29 , 4.236 , 3.178 , 237.85 , 32.87
5267 , 26275 , 13.21 , -84.2 , 12 , 8.26 , 4.174 , 3.160 , 238.16 , 32.56
5277 , 26328 , 13.08 , -84.1 , 12 , 8.22 , 4.108 , 3.139 , 238.47 , 32.25
5286 , 26377 , 12.97 , -83.9 , 12 , 8.18 , 4.064 , 3.134 , 238.76 , 31.96
5296 , 26428 , 12.85 , -84.0 , 12 , 8.14 , 4.009 , 3.120 , 239.05 , 31.67
5306 , 26482 , 12.73 , -84.1 , 12 , 8.11 , 3.959 , 3.111 , 239.35 , 31.37
5316 , 26535 , 12.60 , -84.1 , 12 , 8.07 , 3.928 , 3.117 , 239.65 , 31.07
5326 , 26592 , 12.47 , -84.1 , 12 , 8.03 , 3.903 , 3.129 , 239.97 , 30.75
5336 , 26648 , 12.35 , -84.2 , 12 , 8.00 , 3.901 , 3.159 , 240.28 , 30.44
5346 , 26707 , 12.22 , -84.1 , 12 , 7.96 , 3.906 , 3.197 , 240.61 , 30.11
5356 , 26766 , 12.09 , -84.0 , 12 , 7.92 , 3.845 , 3.181 , 240.94 , 29.78
5366 , 26827 , 11.96 , -84.0 , 12 , 7.89 , 3.712 , 3.105 , 241.26 , 29.46
5376 , 26887 , 11.83 , -83.9 , 12 , 7.85 , 3.543 , 2.996 , 241.57 , 29.15
5386 , 26946 , 11.70 , -84.0 , 12 , 7.81 , 3.359 , 2.871 , 241.86 , 28.85
5396 , 27003 , 11.58 , -84.1 , 12 , 7.77 , 3.171 , 2.738 , 242.13 , 28.59
5406 , 27063 , 11.46 , -84.2 , 12 , 7.73 , 3.022 , 2.637 , 242.39 , 28.32
5416 , 27120 , 11.34 , -84.3 , 12 , 7.69 , 2.876 , 2.536 , 242.64 , 28.08
5426 , 27180 , 11.22 , -84.6 , 12 , 7.65 , 2.781 , 2.479 , 242.88 , 27.84
5436 , 27240 , 11.10 , -84.6 , 12 , 7.60 , 2.737 , 2.466 , 243.11 , 27.60
5446 , 27297 , 10.98 , -84.4 , 12 , 7.55 , 2.711 , 2.469 , 243.34 , 27.38
5456 , 27348 , 10.88 , -84.3 , 12 , 7.49 , 2.746 , 2.524 , 243.54 , 27.18
5466 , 27403 , 10.77 , -84.3 , 12 , 7.44 , 2.796 , 2.596 , 243.76 , 26.96
5476 , 27455 , 10.67 , -84.2 , 12 , 7.39 , 2.873 , 2.692 , 243.97 , 26.75
5486 , 27507 , 10.57 , -84.2 , 12 , 7.33 , 2.976 , 2.815 , 244.18 , 26.54
5496 , 27558 , 10.47 , -84.2 , 12 , 7.28 , 3.043 , 2.905 , 244.40 , 26.32
5506 , 27604 , 10.39 , -83.9 , 12 , 7.23 , 3.090 , 2.975 , 244.60 , 26.12
5516 , 27653 , 10.30 , -83.7 , 12 , 7.17 , 3.095 , 3.006 , 244.82 , 25.90
5526 , 27696 , 10.22 , -83.6 , 12 , 7.12 , 3.086 , 3.020 , 245.01 , 25.71
5536 , 27737 , 10.14 , -83.7 , 12 , 7.06 , 3.064 , 3.021 , 245.18 , 25.54
5546 , 27782 , 10.06 , -83.3 , 12 , 7.01 , 3.053 , 3.035 , 245.38 , 25.34
5556 , 27825 , 9.98 , -82.7 , 12 , 6.96 , 3.015 , 3.020 , 245.57 , 25.15
5566 , 27870 , 9.90 , -82.3 , 12 , 6.90 , 2.946 , 2.975 , 245.75 , 24.96
5576 , 27918 , 9.82 , -82.3 , 12 , 6.85 , 2.862 , 2.915 , 245.95 , 24.77
5586 , 27967 , 9.73 , -82.2 , 12 , 6.79 , 2.767 , 2.843 , 246.15 , 24.57
5595 , 28017 , 9.64 , -82.2 , 12 , 6.73 , 2.695 , 2.794 , 246.34 , 24.38
5604 , 28063 , 9.57 , -82.1 , 12 , 6.68 , 2.664 , 2.784 , 246.51 , 24.21
5614 , 28114 , 9.48 , -82.2 , 12 , 6.63 , 2.670 , 2.816 , 246.71 , 24.01
5624 , 28170 , 9.38 , -82.1 , 12 , 6.57 , 2.651 , 2.825 , 246.92 , 23.80
5634 , 28224 , 9.29 , -82.0 , 12 , 6.51 , 2.648 , 2.849 , 247.12 , 23.60
5644 , 28280 , 9.20 , -81.8 , 12 , 6.46 , 2.652 , 2.882 , 247.33 , 23.39
5654 , 28336 , 9.11 , -81.8 , 12 , 6.40 , 2.643 , 2.901 , 247.54 , 23.18
5664 , 28389 , 9.02 , -81.5 , 12 , 6.34 , 2.639 , 2.924 , 247.73 , 22.98
5674 , 28441 , 8.94 , -81.5 , 12 , 6.29 , 2.652 , 2.966 , 247.93 , 22.79
5684 , 28491 , 8.86 , -81.4 , 12 , 6.23 , 2.647 , 2.987 , 248.11 , 22.60
5694 , 28543 , 8.78 , -81.5 , 12 , 6.18 , 2.649 , 3.018 , 248.31 , 22.41
5704 , 28599 , 8.69 , -81.8 , 12 , 6.12 , 2.642 , 3.039 , 248.51 , 22.20
5714 , 28652 , 8.61 , -81.8 , 11 , 6.07 , 2.638 , 3.063 , 248.71 , 22.01
5724 , 28703 , 8.53 , -81.3 , 11 , 6.01 , 2.625 , 3.076 , 248.90 , 21.82
5734 , 28753 , 8.46 , -80.8 , 11 , 5.96 , 2.599 , 3.073 , 249.09 , 21.63
5744 , 28801 , 8.39 , -80.5 , 11 , 5.91 , 2.576 , 3.071 , 249.26 , 21.46
5754 , 28850 , 8.31 , -80.3 , 11 , 5.85 , 2.539 , 3.054 , 249.43 , 21.28
5764 , 28893 , 8.25 , -80.1 , 11 , 5.80 , 2.529 , 3.066 , 249.59 , 21.13
5774 , 28936 , 8.19 , -80.0 , 11 , 5.74 , 2.498 , 3.051 , 249.74 , 20.98
5784 , 28983 , 8.12 , -79.9 , 11 , 5.69 , 2.483 , 3.058 , 249.90 , 20.82
5794 , 29031 , 8.05 , -79.9 , 11 , 5.64 , 2.453 , 3.047 , 250.07 , 20.65
5803 , 29077 , 7.99 , -79.6 , 11 , 5.59 , 2.445 , 3.061 , 250.22 , 20.49
5813 , 29121 , 7.93 , -79.6 , 11 , 5.53 , 2.442 , 3.081 , 250.37 , 20.35
5823 , 29166 , 7.86 , -79.3 , 11 , 5.48 , 2.432 , 3.093 , 250.52 , 20.20
5833 , 29218 , 7.79 , -79.1 , 11 , 5.43 , 2.423 , 3.110 , 250.70 , 20.02
5843 , 29268 , 7.72 , -79.0 , 11 , 5.37 , 2.415 , 3.127 , 250.87 , 19.85
5853 , 29317 , 7.66 , -78.6 , 10 , 5.32 , 2.403 , 3.139 , 251.03 , 19.69
5863 , 29368 , 7.59 , -78.2 , 10 , 5.27 , 2.402 , 3.166 , 251.20 , 19.52
5873 , 29420 , 7.52 , -78.1 , 10 , 5.21 , 2.400 , 3.192 , 251.37 , 19.34
5883 , 29476 , 7.45 , -78.1 , 10 , 5.17 , 2.415 , 3.244 , 251.56 , 19.16
5893 , 29524 , 7.38 , -77.9 , 10 , 5.12 , 2.407 , 3.260 , 251.72 , 19.00
