# ------------------------------------------------------------
#
# Flight name: V1408
# Station: Davis
# Launch Date: 23 July 2008
# Launch Time: 23:15:46
# 
# This file created: Thu Jul 24 12:56:05 2008
# 
# 
# ------------------------------------------------------------
# DATA COLUMNS
# Time (s)
# Height (m)
# Atmospheric Pressure (hPa)
# Atmospheric Temperature (°C)
# Relative Humidity (%)
# Box Temperature (°C)
# Ozone Partial Pressure (mPa)
# Ozone Mixing Ratio (ppmV)
# Accumulated Ozone to this Height (Dobson Units)
# Remaining Ozone above this Height (Dobson Units)
# 
# ------------------------------------------------------------
# 
# Integrated Ozone = 258.7 DU
# Extrapolated Ozone =  20.7 DU
# 
# Total Ozone = 279.3 DU
# 
# 
# ------------------------------------------------------------
0 , 18 , 968.05 , -22.0 , 35 , 34.82 , 3.331 , 0.034 , 0.00 , 279.32
10 , 55 , 963.09 , -20.3 , 31 , 34.79 , 3.296 , 0.034 , 0.13 , 279.18
20 , 96 , 957.80 , -18.5 , 26 , 34.76 , 3.217 , 0.034 , 0.28 , 279.04
30 , 143 , 951.84 , -17.9 , 21 , 34.72 , 3.213 , 0.034 , 0.43 , 278.89
40 , 188 , 946.06 , -17.7 , 19 , 34.65 , 3.165 , 0.033 , 0.59 , 278.73
50 , 233 , 940.43 , -17.6 , 18 , 34.61 , 3.213 , 0.034 , 0.74 , 278.58
60 , 276 , 935.04 , -17.3 , 16 , 34.56 , 3.225 , 0.034 , 0.88 , 278.44
70 , 324 , 929.11 , -17.3 , 15 , 34.51 , 3.198 , 0.034 , 1.05 , 278.27
80 , 372 , 923.13 , -17.2 , 14 , 34.43 , 3.175 , 0.034 , 1.21 , 278.11
90 , 417 , 917.63 , -17.5 , 12 , 34.36 , 3.153 , 0.034 , 1.36 , 277.96
100 , 465 , 911.73 , -17.8 , 11 , 34.32 , 3.105 , 0.034 , 1.52 , 277.80
110 , 515 , 905.64 , -18.0 , 12 , 34.28 , 3.109 , 0.034 , 1.68 , 277.64
120 , 566 , 899.51 , -18.2 , 12 , 34.24 , 3.119 , 0.035 , 1.85 , 277.47
130 , 613 , 893.79 , -18.5 , 11 , 34.21 , 3.074 , 0.034 , 2.00 , 277.32
140 , 660 , 888.28 , -18.9 , 11 , 34.12 , 3.087 , 0.035 , 2.15 , 277.17
150 , 708 , 882.54 , -19.3 , 12 , 34.04 , 3.059 , 0.035 , 2.31 , 277.01
160 , 755 , 876.90 , -19.6 , 13 , 33.91 , 3.042 , 0.035 , 2.46 , 276.85
170 , 802 , 871.39 , -20.0 , 13 , 33.80 , 3.070 , 0.035 , 2.62 , 276.70
180 , 849 , 865.83 , -20.4 , 13 , 33.79 , 3.051 , 0.035 , 2.77 , 276.55
190 , 898 , 860.17 , -20.6 , 13 , 33.74 , 3.025 , 0.035 , 2.93 , 276.39
199 , 949 , 854.27 , -20.5 , 12 , 33.67 , 2.989 , 0.035 , 3.09 , 276.23
209 , 997 , 848.71 , -20.1 , 10 , 33.54 , 2.976 , 0.035 , 3.25 , 276.07
219 , 1047 , 843.03 , -19.5 , 8 , 33.46 , 2.962 , 0.035 , 3.40 , 275.92
229 , 1094 , 837.72 , -19.7 , 7 , 33.45 , 2.964 , 0.035 , 3.55 , 275.77
239 , 1141 , 832.37 , -20.1 , 7 , 33.40 , 2.932 , 0.035 , 3.70 , 275.62
249 , 1194 , 826.51 , -20.0 , 7 , 33.32 , 2.912 , 0.035 , 3.86 , 275.46
259 , 1246 , 820.74 , -19.8 , 6 , 33.26 , 2.900 , 0.035 , 4.02 , 275.30
268 , 1288 , 816.03 , -20.1 , 6 , 33.22 , 2.905 , 0.036 , 4.16 , 275.16
278 , 1335 , 810.95 , -20.5 , 7 , 33.12 , 2.881 , 0.036 , 4.30 , 275.02
288 , 1381 , 805.92 , -20.9 , 7 , 33.07 , 2.863 , 0.036 , 4.44 , 274.88
298 , 1430 , 800.53 , -20.8 , 7 , 33.04 , 2.850 , 0.036 , 4.59 , 274.73
308 , 1481 , 795.02 , -20.7 , 6 , 33.00 , 2.833 , 0.036 , 4.75 , 274.57
318 , 1528 , 790.01 , -20.9 , 6 , 32.93 , 2.837 , 0.036 , 4.89 , 274.43
328 , 1581 , 784.32 , -20.8 , 5 , 32.86 , 2.802 , 0.036 , 5.05 , 274.27
338 , 1630 , 779.19 , -20.7 , 4 , 32.76 , 2.808 , 0.036 , 5.19 , 274.13
348 , 1680 , 773.95 , -20.4 , 3 , 32.70 , 2.794 , 0.036 , 5.34 , 273.98
358 , 1735 , 768.22 , -18.5 , 3 , 32.65 , 2.807 , 0.037 , 5.51 , 273.81
368 , 1789 , 762.67 , -17.5 , 2 , 32.61 , 2.751 , 0.036 , 5.67 , 273.65
378 , 1844 , 757.08 , -17.6 , 2 , 32.54 , 2.728 , 0.036 , 5.82 , 273.49
387 , 1895 , 751.96 , -17.8 , 2 , 32.49 , 2.687 , 0.036 , 5.97 , 273.35
397 , 1945 , 746.93 , -18.2 , 3 , 32.44 , 2.667 , 0.036 , 6.11 , 273.21
407 , 1998 , 741.64 , -18.7 , 3 , 32.40 , 2.648 , 0.036 , 6.26 , 273.06
417 , 2051 , 736.39 , -19.2 , 3 , 32.36 , 2.630 , 0.036 , 6.41 , 272.91
427 , 2100 , 731.55 , -19.5 , 3 , 32.30 , 2.601 , 0.036 , 6.54 , 272.77
437 , 2152 , 726.37 , -19.8 , 3 , 32.24 , 2.588 , 0.036 , 6.69 , 272.63
447 , 2206 , 721.18 , -19.6 , 3 , 32.19 , 2.580 , 0.036 , 6.84 , 272.48
457 , 2259 , 715.98 , -19.3 , 3 , 32.10 , 2.553 , 0.036 , 6.98 , 272.34
467 , 2312 , 710.97 , -19.2 , 2 , 31.97 , 2.541 , 0.036 , 7.12 , 272.20
477 , 2368 , 705.57 , -19.4 , 1 , 31.88 , 2.532 , 0.036 , 7.28 , 272.04
487 , 2424 , 700.30 , -19.8 , 2 , 31.86 , 2.530 , 0.036 , 7.43 , 271.89
497 , 2477 , 695.29 , -20.1 , 2 , 31.85 , 2.523 , 0.036 , 7.57 , 271.75
507 , 2529 , 690.47 , -20.5 , 2 , 31.82 , 2.486 , 0.036 , 7.71 , 271.61
517 , 2581 , 685.61 , -20.8 , 2 , 31.77 , 2.465 , 0.036 , 7.84 , 271.47
527 , 2634 , 680.69 , -21.0 , 2 , 31.72 , 2.452 , 0.036 , 7.98 , 271.33
537 , 2682 , 676.31 , -21.3 , 2 , 31.66 , 2.467 , 0.036 , 8.11 , 271.21
547 , 2729 , 671.93 , -21.6 , 2 , 31.62 , 2.452 , 0.036 , 8.24 , 271.08
557 , 2782 , 667.12 , -21.9 , 2 , 31.55 , 2.432 , 0.036 , 8.37 , 270.95
567 , 2836 , 662.28 , -22.3 , 3 , 31.50 , 2.418 , 0.037 , 8.51 , 270.81
576 , 2883 , 657.99 , -22.6 , 3 , 31.43 , 2.396 , 0.036 , 8.64 , 270.68
586 , 2926 , 654.15 , -22.9 , 3 , 31.30 , 2.384 , 0.036 , 8.75 , 270.57
596 , 2975 , 649.85 , -23.0 , 1 , 31.28 , 2.379 , 0.037 , 8.87 , 270.45
606 , 3022 , 645.71 , -23.3 , 2 , 31.27 , 2.391 , 0.037 , 8.99 , 270.33
616 , 3071 , 641.39 , -23.6 , 3 , 31.26 , 2.373 , 0.037 , 9.12 , 270.20
626 , 3123 , 636.80 , -24.1 , 5 , 31.21 , 2.297 , 0.036 , 9.25 , 270.07
636 , 3177 , 632.09 , -24.6 , 6 , 31.13 , 2.250 , 0.036 , 9.38 , 269.94
646 , 3227 , 627.78 , -24.9 , 8 , 31.08 , 2.212 , 0.035 , 9.50 , 269.82
656 , 3279 , 623.32 , -25.2 , 10 , 31.03 , 2.176 , 0.035 , 9.63 , 269.69
666 , 3326 , 619.23 , -25.4 , 11 , 30.98 , 2.153 , 0.035 , 9.74 , 269.58
676 , 3380 , 614.66 , -25.8 , 11 , 30.95 , 2.140 , 0.035 , 9.87 , 269.45
686 , 3433 , 610.19 , -26.1 , 11 , 30.91 , 2.122 , 0.035 , 9.99 , 269.33
696 , 3482 , 606.09 , -26.5 , 11 , 30.87 , 2.128 , 0.035 , 10.10 , 269.22
706 , 3529 , 602.15 , -26.8 , 10 , 30.83 , 2.116 , 0.035 , 10.21 , 269.11
716 , 3578 , 598.01 , -27.2 , 10 , 30.77 , 2.105 , 0.035 , 10.33 , 268.99
726 , 3626 , 594.07 , -27.6 , 8 , 30.68 , 2.096 , 0.035 , 10.44 , 268.88
736 , 3678 , 589.78 , -28.0 , 8 , 30.63 , 2.075 , 0.035 , 10.55 , 268.77
746 , 3726 , 585.85 , -28.5 , 8 , 30.60 , 2.064 , 0.035 , 10.66 , 268.66
756 , 3777 , 581.68 , -28.9 , 9 , 30.57 , 2.040 , 0.035 , 10.78 , 268.54
766 , 3825 , 577.74 , -29.3 , 9 , 30.52 , 2.031 , 0.035 , 10.89 , 268.43
776 , 3876 , 573.64 , -29.6 , 9 , 30.48 , 2.014 , 0.035 , 11.00 , 268.32
786 , 3922 , 569.97 , -30.0 , 10 , 30.41 , 2.007 , 0.035 , 11.10 , 268.22
796 , 3976 , 565.68 , -30.4 , 10 , 30.36 , 1.991 , 0.035 , 11.22 , 268.10
806 , 4030 , 561.39 , -30.8 , 10 , 30.32 , 1.971 , 0.035 , 11.34 , 267.98
816 , 4081 , 557.35 , -31.2 , 10 , 30.28 , 1.965 , 0.035 , 11.45 , 267.87
826 , 4136 , 553.05 , -31.7 , 10 , 30.23 , 1.952 , 0.035 , 11.57 , 267.75
836 , 4185 , 549.20 , -32.2 , 10 , 30.18 , 1.944 , 0.035 , 11.68 , 267.64
846 , 4241 , 544.87 , -32.6 , 10 , 30.12 , 1.925 , 0.035 , 11.80 , 267.52
856 , 4296 , 540.64 , -33.1 , 8 , 30.06 , 1.917 , 0.035 , 11.92 , 267.40
866 , 4348 , 536.61 , -33.5 , 7 , 30.01 , 1.902 , 0.035 , 12.03 , 267.29
875 , 4401 , 532.56 , -33.9 , 7 , 29.97 , 1.896 , 0.036 , 12.15 , 267.17
885 , 4456 , 528.41 , -34.2 , 7 , 29.92 , 1.885 , 0.036 , 12.26 , 267.06
895 , 4519 , 523.63 , -34.7 , 7 , 29.87 , 1.857 , 0.035 , 12.40 , 266.92
905 , 4580 , 519.11 , -35.1 , 7 , 29.81 , 1.842 , 0.035 , 12.52 , 266.80
915 , 4634 , 515.07 , -35.6 , 7 , 29.75 , 1.853 , 0.036 , 12.64 , 266.68
925 , 4695 , 510.63 , -36.1 , 7 , 29.71 , 1.828 , 0.036 , 12.76 , 266.56
935 , 4756 , 506.15 , -36.6 , 9 , 29.66 , 1.812 , 0.036 , 12.89 , 266.43
945 , 4818 , 501.64 , -36.9 , 9 , 29.61 , 1.795 , 0.036 , 13.02 , 266.30
955 , 4872 , 497.67 , -37.2 , 8 , 29.56 , 1.774 , 0.036 , 13.13 , 266.19
964 , 4928 , 493.69 , -37.7 , 8 , 29.50 , 1.772 , 0.036 , 13.24 , 266.08
974 , 4986 , 489.55 , -38.2 , 8 , 29.43 , 1.750 , 0.036 , 13.36 , 265.96
984 , 5036 , 485.95 , -38.6 , 8 , 29.36 , 1.735 , 0.036 , 13.46 , 265.86
994 , 5091 , 482.14 , -38.9 , 6 , 29.30 , 1.727 , 0.036 , 13.57 , 265.75
1004 , 5152 , 477.86 , -39.3 , 4 , 29.26 , 1.736 , 0.036 , 13.69 , 265.63
1014 , 5205 , 474.15 , -39.7 , 4 , 29.21 , 1.710 , 0.036 , 13.80 , 265.52
1024 , 5255 , 470.66 , -39.8 , 4 , 29.17 , 1.716 , 0.036 , 13.90 , 265.42
1034 , 5310 , 466.91 , -40.0 , 3 , 29.11 , 1.699 , 0.036 , 14.00 , 265.32
1044 , 5370 , 462.81 , -40.5 , 3 , 29.06 , 1.703 , 0.037 , 14.12 , 265.20
1054 , 5428 , 458.92 , -41.0 , 3 , 29.00 , 1.672 , 0.036 , 14.23 , 265.09
1064 , 5483 , 455.17 , -41.4 , 3 , 28.93 , 1.666 , 0.037 , 14.34 , 264.98
1074 , 5545 , 451.07 , -42.0 , 3 , 28.89 , 1.658 , 0.037 , 14.46 , 264.86
1084 , 5605 , 447.09 , -42.3 , 3 , 28.84 , 1.653 , 0.037 , 14.58 , 264.74
1094 , 5662 , 443.30 , -42.7 , 3 , 28.79 , 1.641 , 0.037 , 14.69 , 264.63
1104 , 5719 , 439.57 , -43.0 , 4 , 28.74 , 1.644 , 0.037 , 14.80 , 264.52
1114 , 5774 , 435.96 , -43.4 , 4 , 28.68 , 1.646 , 0.038 , 14.90 , 264.42
1124 , 5829 , 432.46 , -43.9 , 4 , 28.63 , 1.615 , 0.037 , 15.01 , 264.31
1134 , 5878 , 429.29 , -44.2 , 4 , 28.58 , 1.615 , 0.038 , 15.10 , 264.22
1144 , 5928 , 426.10 , -44.6 , 3 , 28.53 , 1.603 , 0.038 , 15.20 , 264.12
1154 , 5983 , 422.59 , -45.0 , 3 , 28.47 , 1.598 , 0.038 , 15.30 , 264.02
1164 , 6040 , 418.98 , -45.5 , 2 , 28.41 , 1.580 , 0.038 , 15.41 , 263.91
1173 , 6093 , 415.67 , -46.0 , 2 , 28.35 , 1.550 , 0.037 , 15.51 , 263.81
1183 , 6146 , 412.40 , -46.4 , 2 , 28.31 , 1.534 , 0.037 , 15.60 , 263.72
1193 , 6195 , 409.31 , -46.8 , 2 , 28.27 , 1.514 , 0.037 , 15.69 , 263.63
1203 , 6256 , 405.57 , -47.4 , 2 , 28.21 , 1.503 , 0.037 , 15.80 , 263.52
1213 , 6309 , 402.34 , -47.8 , 2 , 28.15 , 1.501 , 0.037 , 15.90 , 263.42
1223 , 6365 , 398.94 , -48.3 , 2 , 28.10 , 1.494 , 0.037 , 16.00 , 263.32
1233 , 6422 , 395.52 , -48.8 , 1 , 28.05 , 1.493 , 0.038 , 16.10 , 263.22
1243 , 6472 , 392.49 , -49.2 , 1 , 28.01 , 1.467 , 0.037 , 16.19 , 263.13
1253 , 6524 , 389.41 , -49.6 , 1 , 27.95 , 1.455 , 0.037 , 16.28 , 263.04
1263 , 6576 , 386.30 , -50.0 , 1 , 27.89 , 1.450 , 0.038 , 16.37 , 262.95
1273 , 6621 , 383.63 , -50.4 , 1 , 27.83 , 1.437 , 0.037 , 16.45 , 262.87
1283 , 6676 , 380.44 , -50.9 , 1 , 27.77 , 1.417 , 0.037 , 16.54 , 262.78
1293 , 6723 , 377.67 , -51.2 , 1 , 27.71 , 1.408 , 0.037 , 16.63 , 262.69
1303 , 6774 , 374.73 , -51.6 , 1 , 27.65 , 1.398 , 0.037 , 16.71 , 262.61
1313 , 6825 , 371.78 , -51.9 , 1 , 27.59 , 1.393 , 0.037 , 16.80 , 262.52
1323 , 6876 , 368.86 , -52.2 , 1 , 27.54 , 1.405 , 0.038 , 16.89 , 262.43
1333 , 6936 , 365.45 , -52.5 , 1 , 27.48 , 1.414 , 0.039 , 16.99 , 262.33
1343 , 6996 , 362.07 , -52.9 , 1 , 27.41 , 1.405 , 0.039 , 17.09 , 262.23
1353 , 7045 , 359.35 , -53.3 , 1 , 27.36 , 1.398 , 0.039 , 17.18 , 262.14
1363 , 7097 , 356.45 , -53.7 , 1 , 27.31 , 1.389 , 0.039 , 17.27 , 262.05
1373 , 7158 , 353.05 , -54.1 , 1 , 27.25 , 1.359 , 0.039 , 17.37 , 261.95
1383 , 7217 , 349.83 , -54.5 , 2 , 27.17 , 1.343 , 0.038 , 17.47 , 261.85
1393 , 7272 , 346.85 , -54.7 , 2 , 27.10 , 1.324 , 0.038 , 17.56 , 261.76
1403 , 7322 , 344.11 , -55.0 , 2 , 27.04 , 1.302 , 0.038 , 17.64 , 261.68
1413 , 7380 , 340.99 , -55.4 , 3 , 26.99 , 1.304 , 0.038 , 17.73 , 261.59
1423 , 7433 , 338.21 , -55.9 , 9 , 26.94 , 1.312 , 0.039 , 17.82 , 261.50
1433 , 7490 , 335.17 , -56.3 , 14 , 26.88 , 1.314 , 0.039 , 17.91 , 261.41
1443 , 7539 , 332.60 , -56.5 , 18 , 26.82 , 1.327 , 0.040 , 17.99 , 261.33
1453 , 7594 , 329.73 , -56.9 , 22 , 26.78 , 1.347 , 0.041 , 18.08 , 261.24
1463 , 7644 , 327.11 , -57.2 , 25 , 26.72 , 1.329 , 0.041 , 18.17 , 261.15
1472 , 7689 , 324.82 , -57.6 , 27 , 26.66 , 1.337 , 0.041 , 18.24 , 261.08
1482 , 7743 , 322.02 , -57.8 , 28 , 26.60 , 1.337 , 0.042 , 18.33 , 260.99
1492 , 7806 , 318.81 , -58.0 , 29 , 26.53 , 1.395 , 0.044 , 18.44 , 260.88
1502 , 7862 , 315.99 , -58.2 , 27 , 26.47 , 1.454 , 0.046 , 18.54 , 260.78
1512 , 7916 , 313.30 , -58.5 , 26 , 26.41 , 1.442 , 0.046 , 18.64 , 260.68
1522 , 7969 , 310.65 , -58.9 , 26 , 26.35 , 1.402 , 0.045 , 18.73 , 260.59
1532 , 8023 , 308.01 , -59.3 , 27 , 26.28 , 1.398 , 0.045 , 18.83 , 260.49
1541 , 8072 , 305.58 , -59.6 , 27 , 26.23 , 1.432 , 0.047 , 18.92 , 260.40
1551 , 8121 , 303.20 , -59.8 , 27 , 26.18 , 1.508 , 0.050 , 19.01 , 260.31
1561 , 8173 , 300.67 , -60.2 , 27 , 26.12 , 1.486 , 0.049 , 19.11 , 260.21
1571 , 8225 , 298.21 , -60.7 , 27 , 26.06 , 1.392 , 0.047 , 19.20 , 260.12
1581 , 8274 , 295.86 , -61.1 , 28 , 26.00 , 1.325 , 0.045 , 19.28 , 260.04
1591 , 8319 , 293.69 , -61.4 , 28 , 25.94 , 1.308 , 0.045 , 19.36 , 259.96
1601 , 8372 , 291.23 , -61.7 , 29 , 25.88 , 1.373 , 0.047 , 19.45 , 259.87
1611 , 8425 , 288.71 , -61.9 , 29 , 25.82 , 1.479 , 0.051 , 19.55 , 259.77
1621 , 8474 , 286.44 , -62.2 , 30 , 25.75 , 1.434 , 0.050 , 19.64 , 259.68
1631 , 8528 , 283.92 , -62.5 , 31 , 25.68 , 1.330 , 0.047 , 19.73 , 259.59
1641 , 8581 , 281.50 , -62.9 , 31 , 25.62 , 1.274 , 0.045 , 19.82 , 259.50
1651 , 8634 , 279.09 , -63.4 , 31 , 25.56 , 1.224 , 0.044 , 19.91 , 259.41
1661 , 8682 , 276.94 , -63.7 , 32 , 25.50 , 1.200 , 0.043 , 19.98 , 259.34
1671 , 8729 , 274.79 , -64.1 , 32 , 25.43 , 1.164 , 0.042 , 20.05 , 259.27
1681 , 8784 , 272.33 , -64.5 , 33 , 25.36 , 1.124 , 0.041 , 20.13 , 259.18
1691 , 8834 , 270.11 , -64.8 , 33 , 25.30 , 1.087 , 0.040 , 20.21 , 259.11
1701 , 8886 , 267.81 , -65.1 , 34 , 25.22 , 1.088 , 0.041 , 20.28 , 259.04
1711 , 8932 , 265.79 , -65.6 , 35 , 25.15 , 1.121 , 0.042 , 20.35 , 258.97
1721 , 8978 , 263.79 , -65.9 , 36 , 25.09 , 1.143 , 0.043 , 20.41 , 258.91
1731 , 9027 , 261.67 , -66.1 , 36 , 25.02 , 1.152 , 0.044 , 20.49 , 258.83
1741 , 9070 , 259.81 , -66.5 , 37 , 24.95 , 1.132 , 0.044 , 20.55 , 258.77
1751 , 9115 , 257.89 , -66.8 , 38 , 24.89 , 1.111 , 0.043 , 20.62 , 258.70
1761 , 9164 , 255.82 , -67.2 , 39 , 24.81 , 1.092 , 0.043 , 20.69 , 258.63
1771 , 9213 , 253.76 , -67.7 , 40 , 24.76 , 1.087 , 0.043 , 20.76 , 258.56
1781 , 9262 , 251.69 , -68.1 , 41 , 24.69 , 1.090 , 0.043 , 20.83 , 258.49
1790 , 9319 , 249.28 , -68.6 , 42 , 24.63 , 1.072 , 0.043 , 20.91 , 258.41
1800 , 9376 , 246.92 , -69.1 , 43 , 24.56 , 1.058 , 0.043 , 20.99 , 258.33
1810 , 9429 , 244.74 , -69.6 , 44 , 24.49 , 1.047 , 0.043 , 21.06 , 258.26
1820 , 9476 , 242.82 , -70.0 , 44 , 24.42 , 1.040 , 0.043 , 21.13 , 258.19
1830 , 9519 , 241.06 , -70.4 , 45 , 24.36 , 1.035 , 0.043 , 21.19 , 258.13
1840 , 9566 , 239.18 , -70.7 , 45 , 24.29 , 1.000 , 0.042 , 21.25 , 258.07
1850 , 9619 , 237.02 , -71.0 , 46 , 24.22 , 0.959 , 0.040 , 21.32 , 258.00
1860 , 9667 , 235.13 , -71.2 , 46 , 24.15 , 0.974 , 0.041 , 21.38 , 257.94
1870 , 9714 , 233.24 , -71.3 , 47 , 24.08 , 1.013 , 0.043 , 21.44 , 257.88
1880 , 9767 , 231.19 , -71.5 , 47 , 24.01 , 1.053 , 0.046 , 21.52 , 257.80
1890 , 9822 , 229.03 , -71.6 , 48 , 23.94 , 1.174 , 0.051 , 21.60 , 257.72
1900 , 9876 , 226.96 , -71.7 , 48 , 23.86 , 1.300 , 0.057 , 21.69 , 257.63
1910 , 9920 , 225.26 , -71.7 , 48 , 23.79 , 1.362 , 0.060 , 21.77 , 257.55
1920 , 9965 , 223.55 , -71.8 , 49 , 23.73 , 1.376 , 0.062 , 21.85 , 257.47
1930 , 10009 , 221.88 , -71.7 , 49 , 23.67 , 1.480 , 0.067 , 21.93 , 257.39
1940 , 10059 , 220.02 , -71.5 , 49 , 23.61 , 1.726 , 0.078 , 22.04 , 257.28
1950 , 10102 , 218.41 , -71.5 , 49 , 23.53 , 1.859 , 0.085 , 22.14 , 257.18
1960 , 10146 , 216.81 , -71.6 , 50 , 23.46 , 1.958 , 0.090 , 22.25 , 257.07
1970 , 10191 , 215.13 , -71.5 , 49 , 23.40 , 2.350 , 0.109 , 22.39 , 256.93
1980 , 10233 , 213.62 , -71.5 , 49 , 23.33 , 2.648 , 0.124 , 22.52 , 256.79
1990 , 10274 , 212.12 , -71.7 , 49 , 23.26 , 2.838 , 0.134 , 22.68 , 256.64
2000 , 10316 , 210.62 , -72.0 , 49 , 23.19 , 2.978 , 0.141 , 22.84 , 256.48
2010 , 10358 , 209.13 , -72.2 , 48 , 23.11 , 3.093 , 0.148 , 23.01 , 256.31
2020 , 10398 , 207.71 , -72.1 , 48 , 23.03 , 3.217 , 0.155 , 23.18 , 256.14
2030 , 10440 , 206.25 , -71.9 , 47 , 22.96 , 3.426 , 0.166 , 23.36 , 255.95
2040 , 10484 , 204.69 , -71.9 , 47 , 22.88 , 3.560 , 0.174 , 23.57 , 255.75
2050 , 10526 , 203.23 , -71.6 , 46 , 22.81 , 3.573 , 0.176 , 23.78 , 255.54
2060 , 10568 , 201.80 , -71.8 , 46 , 22.73 , 3.637 , 0.180 , 23.98 , 255.34
2070 , 10609 , 200.40 , -72.1 , 45 , 22.66 , 3.679 , 0.184 , 24.18 , 255.14
2079 , 10648 , 199.09 , -72.4 , 45 , 22.59 , 3.680 , 0.185 , 24.37 , 254.95
2089 , 10686 , 197.80 , -72.6 , 44 , 22.52 , 3.728 , 0.188 , 24.56 , 254.76
2099 , 10730 , 196.31 , -72.4 , 44 , 22.45 , 3.741 , 0.191 , 24.78 , 254.54
2109 , 10772 , 194.92 , -72.5 , 43 , 22.38 , 3.706 , 0.190 , 24.99 , 254.33
2119 , 10811 , 193.63 , -72.3 , 43 , 22.30 , 3.658 , 0.189 , 25.18 , 254.14
2129 , 10854 , 192.22 , -72.3 , 42 , 22.23 , 3.596 , 0.187 , 25.39 , 253.93
2139 , 10897 , 190.83 , -72.3 , 42 , 22.16 , 3.560 , 0.187 , 25.60 , 253.72
2149 , 10941 , 189.40 , -72.3 , 42 , 22.08 , 3.502 , 0.185 , 25.81 , 253.51
2159 , 10985 , 188.00 , -72.3 , 41 , 22.00 , 3.431 , 0.182 , 26.01 , 253.31
2169 , 11029 , 186.58 , -72.1 , 41 , 21.93 , 3.562 , 0.191 , 26.22 , 253.10
2179 , 11075 , 185.13 , -72.3 , 41 , 21.87 , 3.912 , 0.211 , 26.45 , 252.87
2189 , 11125 , 183.56 , -72.6 , 40 , 21.81 , 4.061 , 0.221 , 26.72 , 252.60
2199 , 11172 , 182.09 , -72.5 , 40 , 21.73 , 4.074 , 0.224 , 26.97 , 252.34
2209 , 11224 , 180.50 , -72.5 , 39 , 21.66 , 4.237 , 0.235 , 27.26 , 252.06
2219 , 11270 , 179.07 , -72.5 , 39 , 21.59 , 4.441 , 0.248 , 27.53 , 251.79
2229 , 11319 , 177.60 , -72.5 , 38 , 21.52 , 4.581 , 0.258 , 27.83 , 251.49
2239 , 11363 , 176.27 , -72.7 , 37 , 21.45 , 4.597 , 0.261 , 28.10 , 251.22
2249 , 11408 , 174.94 , -72.5 , 37 , 21.37 , 4.613 , 0.264 , 28.38 , 250.94
2259 , 11451 , 173.66 , -72.0 , 36 , 21.28 , 5.179 , 0.298 , 28.66 , 250.66
2269 , 11495 , 172.36 , -71.9 , 35 , 21.21 , 5.615 , 0.326 , 28.98 , 250.34
2279 , 11535 , 171.19 , -71.8 , 35 , 21.14 , 5.747 , 0.336 , 29.28 , 250.04
2289 , 11578 , 169.96 , -71.6 , 34 , 21.07 , 5.862 , 0.345 , 29.62 , 249.70
2299 , 11619 , 168.78 , -71.3 , 33 , 21.00 , 5.998 , 0.355 , 29.94 , 249.38
2309 , 11659 , 167.64 , -71.3 , 32 , 20.93 , 6.100 , 0.364 , 30.26 , 249.05
2319 , 11700 , 166.47 , -71.4 , 32 , 20.86 , 6.056 , 0.364 , 30.60 , 248.72
2329 , 11742 , 165.29 , -71.6 , 31 , 20.78 , 5.897 , 0.357 , 30.94 , 248.38
2339 , 11784 , 164.13 , -71.7 , 30 , 20.71 , 5.697 , 0.347 , 31.26 , 248.06
2349 , 11826 , 162.97 , -71.7 , 29 , 20.64 , 5.571 , 0.342 , 31.57 , 247.75
2359 , 11866 , 161.87 , -71.8 , 29 , 20.57 , 5.480 , 0.339 , 31.87 , 247.45
2369 , 11906 , 160.76 , -71.9 , 28 , 20.49 , 5.506 , 0.343 , 32.17 , 247.15
2378 , 11945 , 159.69 , -71.9 , 27 , 20.41 , 5.459 , 0.342 , 32.46 , 246.86
2388 , 11984 , 158.65 , -72.0 , 27 , 20.34 , 5.356 , 0.338 , 32.73 , 246.58
2398 , 12024 , 157.58 , -72.0 , 26 , 20.28 , 5.277 , 0.335 , 33.02 , 246.30
2408 , 12063 , 156.53 , -72.1 , 26 , 20.21 , 5.278 , 0.337 , 33.30 , 246.02
2418 , 12105 , 155.43 , -72.3 , 25 , 20.12 , 5.237 , 0.337 , 33.59 , 245.73
2428 , 12146 , 154.33 , -72.5 , 25 , 20.05 , 5.233 , 0.339 , 33.88 , 245.44
2438 , 12188 , 153.24 , -72.7 , 24 , 19.97 , 5.243 , 0.342 , 34.18 , 245.14
2448 , 12229 , 152.16 , -72.8 , 24 , 19.91 , 5.231 , 0.344 , 34.47 , 244.85
2458 , 12271 , 151.09 , -72.9 , 24 , 19.85 , 5.231 , 0.346 , 34.76 , 244.56
2467 , 12312 , 150.03 , -73.0 , 23 , 19.78 , 5.151 , 0.343 , 35.05 , 244.27
2477 , 12355 , 148.93 , -73.2 , 23 , 19.72 , 5.099 , 0.342 , 35.35 , 243.97
2487 , 12399 , 147.81 , -73.4 , 23 , 19.65 , 5.038 , 0.341 , 35.65 , 243.67
2497 , 12442 , 146.74 , -73.5 , 22 , 19.57 , 4.931 , 0.336 , 35.93 , 243.38
2507 , 12483 , 145.69 , -73.8 , 22 , 19.50 , 4.851 , 0.333 , 36.21 , 243.11
2517 , 12525 , 144.66 , -73.8 , 22 , 19.43 , 4.835 , 0.334 , 36.48 , 242.84
2527 , 12569 , 143.58 , -74.0 , 22 , 19.36 , 5.258 , 0.366 , 36.78 , 242.54
2537 , 12612 , 142.51 , -74.2 , 22 , 19.29 , 5.957 , 0.418 , 37.11 , 242.21
2547 , 12657 , 141.42 , -74.4 , 21 , 19.23 , 6.433 , 0.455 , 37.49 , 241.83
2557 , 12702 , 140.32 , -74.6 , 21 , 19.17 , 6.791 , 0.484 , 37.89 , 241.43
2567 , 12747 , 139.24 , -74.6 , 21 , 19.11 , 6.902 , 0.496 , 38.31 , 241.01
2577 , 12794 , 138.13 , -74.8 , 21 , 19.05 , 6.857 , 0.496 , 38.75 , 240.57
2587 , 12836 , 137.12 , -74.8 , 21 , 18.98 , 6.698 , 0.488 , 39.14 , 240.18
2597 , 12880 , 136.10 , -74.8 , 21 , 18.91 , 6.891 , 0.506 , 39.54 , 239.78
2607 , 12922 , 135.11 , -74.4 , 21 , 18.85 , 7.617 , 0.564 , 39.96 , 239.36
2617 , 12965 , 134.12 , -74.2 , 21 , 18.78 , 8.239 , 0.614 , 40.42 , 238.90
2627 , 13009 , 133.11 , -74.2 , 21 , 18.73 , 8.516 , 0.640 , 40.92 , 238.40
2637 , 13055 , 132.07 , -74.4 , 21 , 18.67 , 8.660 , 0.656 , 41.45 , 237.87
2647 , 13102 , 131.00 , -74.6 , 21 , 18.60 , 8.769 , 0.669 , 42.01 , 237.31
2657 , 13148 , 129.96 , -74.7 , 21 , 18.53 , 8.908 , 0.685 , 42.57 , 236.75
2667 , 13194 , 128.95 , -74.8 , 21 , 18.47 , 9.010 , 0.699 , 43.12 , 236.20
2677 , 13243 , 127.87 , -74.6 , 21 , 18.41 , 9.112 , 0.713 , 43.72 , 235.60
2686 , 13296 , 126.69 , -74.7 , 21 , 18.36 , 9.302 , 0.734 , 44.39 , 234.93
2696 , 13341 , 125.72 , -74.7 , 21 , 18.30 , 9.447 , 0.751 , 44.96 , 234.36
2706 , 13384 , 124.80 , -74.6 , 21 , 18.24 , 9.599 , 0.769 , 45.51 , 233.81
2716 , 13426 , 123.90 , -74.5 , 21 , 18.19 , 9.723 , 0.785 , 46.06 , 233.26
2726 , 13468 , 123.00 , -74.1 , 21 , 18.13 , 9.896 , 0.805 , 46.63 , 232.69
2736 , 13512 , 122.09 , -74.1 , 21 , 18.06 , 10.198 , 0.835 , 47.22 , 232.10
2746 , 13557 , 121.13 , -74.1 , 21 , 18.01 , 10.495 , 0.866 , 47.86 , 231.46
2756 , 13606 , 120.13 , -74.3 , 20 , 17.96 , 10.855 , 0.904 , 48.56 , 230.76
2766 , 13652 , 119.18 , -74.6 , 20 , 17.90 , 11.027 , 0.925 , 49.25 , 230.07
2776 , 13697 , 118.26 , -74.6 , 20 , 17.84 , 11.189 , 0.946 , 49.93 , 229.39
2786 , 13743 , 117.33 , -74.5 , 20 , 17.78 , 11.377 , 0.970 , 50.63 , 228.69
2796 , 13795 , 116.28 , -74.8 , 20 , 17.72 , 11.448 , 0.985 , 51.44 , 227.88
2806 , 13847 , 115.25 , -75.1 , 20 , 17.66 , 11.458 , 0.994 , 52.24 , 227.08
2816 , 13888 , 114.43 , -75.0 , 20 , 17.60 , 11.834 , 1.034 , 52.89 , 226.42
2826 , 13930 , 113.61 , -74.8 , 20 , 17.54 , 12.203 , 1.074 , 53.58 , 225.74
2836 , 13972 , 112.78 , -74.4 , 20 , 17.49 , 12.618 , 1.119 , 54.29 , 225.03
2846 , 14016 , 111.93 , -74.3 , 20 , 17.44 , 13.035 , 1.165 , 55.06 , 224.26
2856 , 14060 , 111.10 , -74.4 , 19 , 17.38 , 13.353 , 1.202 , 55.84 , 223.48
2866 , 14103 , 110.27 , -74.5 , 19 , 17.32 , 13.542 , 1.228 , 56.63 , 222.69
2876 , 14149 , 109.40 , -74.7 , 19 , 17.27 , 13.667 , 1.249 , 57.48 , 221.84
2886 , 14191 , 108.62 , -74.9 , 19 , 17.21 , 13.717 , 1.263 , 58.26 , 221.06
2896 , 14232 , 107.86 , -75.0 , 19 , 17.16 , 13.833 , 1.283 , 59.02 , 220.30
2906 , 14276 , 107.04 , -75.0 , 19 , 17.11 , 14.046 , 1.312 , 59.86 , 219.46
2916 , 14321 , 106.22 , -74.7 , 19 , 17.05 , 14.464 , 1.362 , 60.73 , 218.59
2926 , 14365 , 105.40 , -74.5 , 18 , 16.99 , 15.015 , 1.425 , 61.63 , 217.69
2936 , 14409 , 104.61 , -74.6 , 18 , 16.93 , 15.513 , 1.483 , 62.53 , 216.78
2946 , 14451 , 103.86 , -74.5 , 18 , 16.87 , 15.888 , 1.530 , 63.42 , 215.90
2956 , 14495 , 103.07 , -74.5 , 18 , 16.81 , 16.048 , 1.557 , 64.39 , 214.93
2966 , 14540 , 102.28 , -74.6 , 18 , 16.76 , 16.083 , 1.572 , 65.37 , 213.95
2976 , 14585 , 101.49 , -74.4 , 18 , 16.70 , 15.854 , 1.562 , 66.34 , 212.98
2986 , 14629 , 100.73 , -74.4 , 17 , 16.65 , 15.639 , 1.553 , 67.28 , 212.04
2995 , 14671 , 100.00 , -74.5 , 17 , 16.60 , 15.492 , 1.549 , 68.17 , 211.15
3004 , 14711 , 99.32 , -74.5 , 17 , 16.55 , 15.449 , 1.555 , 69.00 , 210.32
3014 , 14753 , 98.60 , -74.6 , 17 , 16.49 , 15.440 , 1.566 , 69.89 , 209.43
3024 , 14798 , 97.85 , -74.8 , 17 , 16.44 , 15.492 , 1.583 , 70.82 , 208.50
3034 , 14842 , 97.10 , -74.7 , 16 , 16.38 , 15.594 , 1.606 , 71.77 , 207.55
3044 , 14888 , 96.33 , -74.5 , 16 , 16.32 , 15.733 , 1.633 , 72.74 , 206.58
3054 , 14933 , 95.59 , -74.7 , 16 , 16.26 , 16.014 , 1.675 , 73.71 , 205.61
3064 , 14978 , 94.85 , -74.9 , 16 , 16.21 , 16.224 , 1.710 , 74.70 , 204.62
3074 , 15026 , 94.08 , -75.1 , 16 , 16.15 , 16.272 , 1.730 , 75.75 , 203.57
3084 , 15072 , 93.33 , -75.3 , 16 , 16.10 , 16.398 , 1.757 , 76.78 , 202.54
3094 , 15118 , 92.60 , -75.4 , 15 , 16.05 , 16.382 , 1.769 , 77.79 , 201.53
3104 , 15163 , 91.88 , -75.4 , 15 , 15.99 , 16.464 , 1.792 , 78.80 , 200.52
3114 , 15207 , 91.18 , -75.4 , 15 , 15.92 , 16.509 , 1.811 , 79.81 , 199.51
3124 , 15252 , 90.48 , -75.5 , 15 , 15.87 , 16.378 , 1.810 , 80.80 , 198.52
3134 , 15296 , 89.80 , -75.5 , 15 , 15.82 , 16.143 , 1.798 , 81.78 , 197.54
3144 , 15339 , 89.12 , -75.5 , 15 , 15.76 , 16.240 , 1.822 , 82.74 , 196.58
3154 , 15383 , 88.45 , -75.7 , 15 , 15.71 , 16.602 , 1.877 , 83.73 , 195.59
3164 , 15426 , 87.79 , -75.7 , 15 , 15.65 , 16.924 , 1.928 , 84.71 , 194.61
3174 , 15471 , 87.12 , -75.7 , 15 , 15.59 , 17.163 , 1.970 , 85.75 , 193.57
3184 , 15514 , 86.46 , -75.8 , 15 , 15.54 , 17.424 , 2.015 , 86.78 , 192.54
3194 , 15560 , 85.78 , -75.9 , 15 , 15.48 , 17.765 , 2.071 , 87.87 , 191.45
3204 , 15604 , 85.13 , -76.1 , 15 , 15.43 , 17.882 , 2.100 , 88.94 , 190.38
3213 , 15646 , 84.52 , -76.1 , 15 , 15.37 , 17.719 , 2.096 , 89.96 , 189.36
3223 , 15690 , 83.87 , -76.1 , 15 , 15.31 , 17.399 , 2.074 , 91.02 , 188.30
3233 , 15733 , 83.25 , -75.9 , 15 , 15.25 , 17.638 , 2.119 , 92.05 , 187.27
3243 , 15777 , 82.62 , -75.9 , 15 , 15.19 , 18.067 , 2.187 , 93.13 , 186.19
3253 , 15822 , 81.98 , -76.0 , 15 , 15.13 , 17.630 , 2.151 , 94.22 , 185.10
3263 , 15866 , 81.35 , -76.2 , 15 , 15.07 , 16.675 , 2.050 , 95.27 , 184.05
3273 , 15911 , 80.71 , -76.2 , 15 , 15.01 , 15.991 , 1.981 , 96.28 , 183.04
3283 , 15958 , 80.07 , -76.3 , 15 , 14.95 , 15.600 , 1.948 , 97.28 , 182.04
3292 , 16001 , 79.47 , -76.4 , 15 , 14.90 , 15.164 , 1.908 , 98.19 , 181.13
3301 , 16043 , 78.90 , -76.6 , 15 , 14.85 , 14.602 , 1.851 , 99.04 , 180.28
3311 , 16087 , 78.29 , -76.7 , 15 , 14.79 , 14.096 , 1.801 , 99.91 , 179.41
3321 , 16132 , 77.67 , -76.9 , 15 , 14.74 , 13.604 , 1.751 , 100.78 , 178.54
3331 , 16177 , 77.07 , -77.1 , 15 , 14.68 , 13.455 , 1.746 , 101.61 , 177.71
3341 , 16223 , 76.45 , -77.2 , 15 , 14.62 , 13.489 , 1.764 , 102.46 , 176.86
3351 , 16267 , 75.86 , -77.2 , 15 , 14.56 , 13.684 , 1.804 , 103.29 , 176.03
3361 , 16309 , 75.32 , -77.3 , 15 , 14.50 , 14.536 , 1.930 , 104.10 , 175.22
3371 , 16352 , 74.75 , -77.2 , 15 , 14.44 , 14.310 , 1.914 , 104.96 , 174.36
3381 , 16397 , 74.17 , -76.8 , 15 , 14.39 , 14.203 , 1.915 , 105.84 , 173.48
3391 , 16442 , 73.60 , -77.0 , 15 , 14.33 , 14.306 , 1.944 , 106.71 , 172.61
3401 , 16487 , 73.02 , -77.2 , 15 , 14.27 , 14.418 , 1.975 , 107.60 , 171.72
3411 , 16530 , 72.47 , -77.2 , 15 , 14.21 , 14.471 , 1.997 , 108.46 , 170.86
3421 , 16575 , 71.91 , -77.1 , 15 , 14.16 , 14.719 , 2.047 , 109.35 , 169.97
3431 , 16619 , 71.36 , -77.0 , 15 , 14.10 , 15.015 , 2.104 , 110.25 , 169.07
3441 , 16662 , 70.82 , -77.0 , 15 , 14.04 , 15.251 , 2.153 , 111.16 , 168.16
3451 , 16706 , 70.28 , -77.3 , 15 , 13.98 , 15.380 , 2.188 , 112.08 , 167.24
3461 , 16750 , 69.74 , -77.3 , 15 , 13.92 , 15.412 , 2.210 , 113.02 , 166.30
3471 , 16795 , 69.20 , -77.3 , 15 , 13.86 , 15.314 , 2.213 , 113.96 , 165.36
3481 , 16839 , 68.67 , -77.2 , 15 , 13.81 , 15.428 , 2.247 , 114.90 , 164.42
3491 , 16884 , 68.13 , -76.9 , 15 , 13.75 , 15.237 , 2.236 , 115.85 , 163.47
3501 , 16929 , 67.60 , -76.6 , 15 , 13.70 , 15.104 , 2.234 , 116.78 , 162.54
3511 , 16975 , 67.06 , -76.7 , 15 , 13.65 , 15.063 , 2.246 , 117.74 , 161.58
3521 , 17022 , 66.52 , -76.9 , 15 , 13.59 , 15.010 , 2.256 , 118.70 , 160.62
3531 , 17069 , 65.97 , -76.8 , 15 , 13.53 , 14.870 , 2.254 , 119.68 , 159.64
3541 , 17116 , 65.44 , -76.5 , 15 , 13.48 , 14.756 , 2.255 , 120.63 , 158.69
3551 , 17164 , 64.90 , -76.6 , 15 , 13.42 , 14.655 , 2.258 , 121.59 , 157.73
3561 , 17211 , 64.37 , -76.7 , 15 , 13.37 , 14.548 , 2.260 , 122.54 , 156.78
3571 , 17258 , 63.85 , -76.9 , 15 , 13.31 , 14.486 , 2.269 , 123.47 , 155.85
3581 , 17304 , 63.33 , -77.1 , 15 , 13.26 , 14.428 , 2.278 , 124.39 , 154.93
3591 , 17356 , 62.76 , -77.2 , 15 , 13.21 , 14.354 , 2.287 , 125.42 , 153.90
3601 , 17409 , 62.19 , -77.4 , 15 , 13.15 , 14.326 , 2.304 , 126.45 , 152.87
3610 , 17459 , 61.65 , -77.7 , 15 , 13.10 , 14.364 , 2.330 , 127.45 , 151.87
3620 , 17509 , 61.10 , -78.0 , 15 , 13.05 , 14.308 , 2.342 , 128.45 , 150.87
3630 , 17561 , 60.55 , -78.1 , 15 , 13.00 , 14.241 , 2.352 , 129.47 , 149.85
3640 , 17615 , 59.98 , -78.3 , 15 , 12.95 , 14.212 , 2.369 , 130.53 , 148.79
3650 , 17670 , 59.41 , -78.6 , 15 , 12.90 , 14.275 , 2.403 , 131.61 , 147.71
3660 , 17723 , 58.85 , -78.7 , 15 , 12.85 , 14.317 , 2.433 , 132.67 , 146.65
3670 , 17776 , 58.31 , -79.1 , 15 , 12.80 , 14.335 , 2.458 , 133.73 , 145.59
3680 , 17828 , 57.78 , -79.6 , 15 , 12.75 , 14.322 , 2.479 , 134.75 , 144.57
3690 , 17876 , 57.29 , -79.9 , 15 , 12.69 , 14.283 , 2.493 , 135.71 , 143.61
3700 , 17926 , 56.78 , -79.9 , 15 , 12.64 , 14.282 , 2.515 , 136.71 , 142.60
3710 , 17975 , 56.30 , -79.9 , 15 , 12.59 , 14.361 , 2.551 , 137.69 , 141.63
3720 , 18023 , 55.82 , -79.9 , 15 , 12.53 , 14.324 , 2.566 , 138.65 , 140.67
3730 , 18071 , 55.35 , -80.0 , 15 , 12.47 , 14.226 , 2.570 , 139.59 , 139.73
3740 , 18118 , 54.89 , -80.1 , 15 , 12.42 , 14.217 , 2.590 , 140.53 , 138.79
3750 , 18164 , 54.44 , -80.0 , 15 , 12.37 , 14.062 , 2.583 , 141.45 , 137.87
3760 , 18212 , 53.98 , -80.2 , 15 , 12.31 , 13.943 , 2.583 , 142.39 , 136.93
3770 , 18260 , 53.53 , -80.3 , 15 , 12.26 , 13.932 , 2.602 , 143.31 , 136.01
3780 , 18305 , 53.10 , -80.0 , 15 , 12.21 , 13.933 , 2.624 , 144.20 , 135.12
3790 , 18351 , 52.67 , -79.6 , 15 , 12.16 , 13.957 , 2.650 , 145.10 , 134.22
3800 , 18396 , 52.26 , -79.6 , 15 , 12.11 , 14.051 , 2.688 , 145.96 , 133.36
3810 , 18440 , 51.85 , -79.5 , 15 , 12.06 , 14.067 , 2.713 , 146.83 , 132.49
3820 , 18482 , 51.47 , -79.8 , 15 , 12.00 , 14.026 , 2.725 , 147.66 , 131.66
3830 , 18526 , 51.07 , -80.0 , 15 , 11.95 , 13.992 , 2.740 , 148.51 , 130.81
3840 , 18570 , 50.67 , -80.2 , 15 , 11.90 , 13.914 , 2.746 , 149.38 , 129.94
3850 , 18615 , 50.28 , -80.2 , 15 , 11.85 , 13.856 , 2.756 , 150.24 , 129.08
3860 , 18659 , 49.88 , -80.1 , 15 , 11.80 , 13.829 , 2.772 , 151.09 , 128.23
3870 , 18703 , 49.49 , -80.1 , 15 , 11.76 , 13.866 , 2.802 , 151.95 , 127.37
3880 , 18748 , 49.10 , -80.2 , 15 , 11.70 , 13.842 , 2.819 , 152.82 , 126.50
3890 , 18794 , 48.70 , -80.3 , 15 , 11.65 , 13.812 , 2.836 , 153.71 , 125.61
3900 , 18842 , 48.30 , -80.3 , 15 , 11.60 , 13.775 , 2.852 , 154.62 , 124.70
3909 , 18884 , 47.94 , -80.2 , 15 , 11.55 , 13.689 , 2.856 , 155.43 , 123.89
3919 , 18928 , 47.56 , -80.1 , 15 , 11.51 , 13.594 , 2.858 , 156.28 , 123.04
3929 , 18976 , 47.16 , -80.3 , 15 , 11.46 , 13.554 , 2.874 , 157.18 , 122.14
3939 , 19025 , 46.75 , -80.6 , 16 , 11.41 , 13.437 , 2.874 , 158.11 , 121.21
3949 , 19074 , 46.35 , -80.8 , 16 , 11.36 , 13.284 , 2.866 , 159.03 , 120.29
3959 , 19122 , 45.96 , -81.0 , 16 , 11.32 , 13.204 , 2.873 , 159.91 , 119.41
3969 , 19170 , 45.56 , -81.2 , 16 , 11.27 , 13.099 , 2.875 , 160.80 , 118.52
3979 , 19221 , 45.16 , -81.3 , 16 , 11.22 , 12.986 , 2.876 , 161.73 , 117.59
3989 , 19269 , 44.77 , -81.5 , 16 , 11.17 , 12.914 , 2.885 , 162.62 , 116.70
3999 , 19318 , 44.38 , -81.5 , 16 , 11.12 , 12.898 , 2.906 , 163.50 , 115.82
4009 , 19367 , 43.99 , -81.6 , 16 , 11.08 , 12.893 , 2.931 , 164.40 , 114.92
4019 , 19416 , 43.61 , -81.9 , 16 , 11.03 , 12.808 , 2.937 , 165.28 , 114.04
4029 , 19468 , 43.20 , -82.0 , 16 , 10.97 , 12.728 , 2.946 , 166.22 , 113.10
4039 , 19515 , 42.84 , -82.3 , 16 , 10.93 , 12.658 , 2.955 , 167.06 , 112.26
4049 , 19564 , 42.47 , -82.3 , 16 , 10.87 , 12.571 , 2.960 , 167.93 , 111.38
4059 , 19618 , 42.07 , -82.1 , 15 , 10.82 , 12.435 , 2.956 , 168.87 , 110.45
4069 , 19670 , 41.67 , -82.3 , 16 , 10.77 , 12.301 , 2.952 , 169.79 , 109.53
4079 , 19722 , 41.29 , -82.3 , 16 , 10.72 , 12.129 , 2.938 , 170.69 , 108.63
4089 , 19770 , 40.93 , -82.2 , 16 , 10.66 , 11.965 , 2.923 , 171.51 , 107.81
4099 , 19818 , 40.58 , -82.4 , 16 , 10.61 , 11.750 , 2.896 , 172.31 , 107.01
4109 , 19866 , 40.23 , -82.5 , 16 , 10.55 , 11.572 , 2.876 , 173.10 , 106.22
4119 , 19914 , 39.89 , -82.3 , 16 , 10.50 , 11.545 , 2.894 , 173.88 , 105.44
4129 , 19962 , 39.55 , -82.1 , 16 , 10.44 , 11.478 , 2.902 , 174.67 , 104.65
4139 , 20011 , 39.21 , -81.9 , 16 , 10.39 , 11.395 , 2.906 , 175.45 , 103.87
4149 , 20059 , 38.87 , -82.0 , 16 , 10.33 , 11.310 , 2.910 , 176.22 , 103.10
4159 , 20106 , 38.55 , -81.7 , 16 , 10.27 , 11.212 , 2.909 , 176.97 , 102.35
4169 , 20154 , 38.22 , -81.7 , 16 , 10.21 , 11.106 , 2.906 , 177.73 , 101.59
4179 , 20202 , 37.89 , -81.7 , 16 , 10.15 , 11.065 , 2.920 , 178.47 , 100.85
4189 , 20251 , 37.56 , -82.1 , 16 , 10.09 , 11.017 , 2.933 , 179.24 , 100.08
4199 , 20303 , 37.21 , -82.3 , 16 , 10.03 , 10.903 , 2.930 , 180.04 , 99.28
4209 , 20353 , 36.88 , -82.5 , 16 , 9.98 , 10.820 , 2.934 , 180.80 , 98.51
4219 , 20403 , 36.55 , -82.7 , 16 , 9.92 , 10.689 , 2.924 , 181.56 , 97.76
4228 , 20451 , 36.24 , -82.7 , 16 , 9.86 , 10.656 , 2.941 , 182.30 , 97.02
4238 , 20499 , 35.93 , -82.6 , 16 , 9.81 , 10.538 , 2.933 , 183.01 , 96.31
4248 , 20548 , 35.61 , -82.2 , 16 , 9.75 , 10.447 , 2.933 , 183.74 , 95.58
4258 , 20597 , 35.30 , -82.1 , 16 , 9.69 , 10.340 , 2.929 , 184.47 , 94.85
4268 , 20648 , 34.98 , -81.5 , 16 , 9.63 , 10.354 , 2.960 , 185.20 , 94.12
4278 , 20698 , 34.67 , -81.3 , 16 , 9.57 , 10.293 , 2.968 , 185.93 , 93.39
4288 , 20748 , 34.37 , -81.4 , 16 , 9.51 , 10.186 , 2.964 , 186.64 , 92.68
4298 , 20797 , 34.07 , -81.4 , 16 , 9.45 , 10.114 , 2.969 , 187.34 , 91.98
4308 , 20846 , 33.77 , -80.9 , 16 , 9.40 , 10.016 , 2.966 , 188.04 , 91.28
4318 , 20896 , 33.47 , -80.8 , 16 , 9.34 , 9.903 , 2.959 , 188.74 , 90.58
4328 , 20946 , 33.17 , -80.5 , 16 , 9.28 , 9.773 , 2.946 , 189.43 , 89.89
4338 , 20998 , 32.87 , -80.4 , 16 , 9.22 , 9.628 , 2.929 , 190.13 , 89.19
4348 , 21051 , 32.56 , -80.8 , 16 , 9.16 , 9.499 , 2.917 , 190.84 , 88.48
4358 , 21105 , 32.25 , -81.1 , 16 , 9.10 , 9.508 , 2.948 , 191.56 , 87.76
4368 , 21158 , 31.95 , -81.0 , 16 , 9.04 , 9.434 , 2.953 , 192.26 , 87.06
4378 , 21209 , 31.66 , -80.9 , 16 , 8.98 , 9.343 , 2.951 , 192.94 , 86.38
4388 , 21260 , 31.38 , -81.0 , 16 , 8.92 , 9.211 , 2.936 , 193.60 , 85.72
4398 , 21314 , 31.08 , -81.3 , 16 , 8.86 , 9.354 , 3.010 , 194.31 , 85.01
4408 , 21368 , 30.78 , -81.8 , 16 , 8.80 , 9.310 , 3.025 , 195.01 , 84.31
4418 , 21418 , 30.50 , -82.0 , 16 , 8.74 , 9.334 , 3.060 , 195.68 , 83.64
4428 , 21465 , 30.25 , -82.2 , 16 , 8.68 , 9.359 , 3.094 , 196.30 , 83.02
4438 , 21511 , 30.00 , -82.2 , 16 , 8.62 , 9.295 , 3.098 , 196.90 , 82.42
4448 , 21558 , 29.75 , -82.0 , 16 , 8.56 , 9.188 , 3.088 , 197.52 , 81.80
4458 , 21601 , 29.52 , -82.2 , 16 , 8.50 , 8.940 , 3.028 , 198.06 , 81.26
4468 , 21648 , 29.27 , -81.9 , 16 , 8.45 , 8.762 , 2.993 , 198.65 , 80.67
4478 , 21696 , 29.03 , -81.4 , 16 , 8.39 , 8.630 , 2.973 , 199.23 , 80.09
4488 , 21742 , 28.79 , -80.8 , 15 , 8.33 , 8.472 , 2.943 , 199.79 , 79.53
4498 , 21788 , 28.56 , -80.2 , 15 , 8.27 , 8.407 , 2.944 , 200.33 , 78.99
4508 , 21836 , 28.32 , -80.3 , 16 , 8.21 , 8.565 , 3.025 , 200.90 , 78.42
4518 , 21883 , 28.08 , -80.4 , 16 , 8.16 , 8.482 , 3.021 , 201.46 , 77.86
4527 , 21930 , 27.85 , -80.8 , 16 , 8.10 , 8.422 , 3.024 , 202.01 , 77.31
4537 , 21975 , 27.62 , -80.9 , 16 , 8.05 , 8.261 , 2.991 , 202.55 , 76.77
4547 , 22024 , 27.39 , -80.5 , 16 , 7.99 , 8.185 , 2.989 , 203.10 , 76.21
4557 , 22073 , 27.15 , -80.6 , 16 , 7.93 , 8.149 , 3.002 , 203.67 , 75.65
4567 , 22121 , 26.92 , -80.3 , 15 , 7.88 , 8.031 , 2.984 , 204.22 , 75.10
4577 , 22170 , 26.69 , -79.7 , 15 , 7.83 , 8.005 , 3.000 , 204.76 , 74.56
4587 , 22220 , 26.45 , -79.6 , 15 , 7.77 , 7.890 , 2.983 , 205.31 , 74.01
4597 , 22271 , 26.21 , -80.0 , 16 , 7.72 , 7.821 , 2.983 , 205.87 , 73.45
4607 , 22323 , 25.97 , -80.4 , 16 , 7.67 , 7.783 , 2.997 , 206.44 , 72.88
4617 , 22381 , 25.71 , -80.6 , 16 , 7.62 , 7.677 , 2.986 , 207.07 , 72.25
4627 , 22439 , 25.44 , -81.1 , 16 , 7.56 , 7.564 , 2.973 , 207.69 , 71.63
4637 , 22503 , 25.16 , -81.7 , 16 , 7.51 , 7.484 , 2.975 , 208.36 , 70.95
4647 , 22569 , 24.86 , -82.3 , 16 , 7.46 , 7.444 , 2.995 , 209.06 , 70.25
4657 , 22634 , 24.57 , -82.9 , 15 , 7.41 , 7.357 , 2.994 , 209.74 , 69.58
4667 , 22692 , 24.32 , -83.3 , 15 , 7.37 , 7.254 , 2.983 , 210.34 , 68.98
4677 , 22751 , 24.06 , -83.1 , 15 , 7.32 , 7.202 , 2.993 , 210.94 , 68.38
4687 , 22810 , 23.81 , -82.8 , 15 , 7.27 , 7.100 , 2.982 , 211.54 , 67.78
4697 , 22868 , 23.56 , -83.1 , 15 , 7.23 , 6.989 , 2.967 , 212.13 , 67.19
4707 , 22929 , 23.30 , -83.1 , 15 , 7.19 , 7.002 , 3.005 , 212.73 , 66.59
4717 , 22987 , 23.06 , -83.1 , 15 , 7.14 , 6.927 , 3.004 , 213.30 , 66.02
4727 , 23042 , 22.83 , -83.3 , 15 , 7.10 , 6.899 , 3.021 , 213.85 , 65.47
4737 , 23098 , 22.61 , -83.3 , 15 , 7.05 , 6.849 , 3.030 , 214.39 , 64.93
4747 , 23153 , 22.38 , -83.4 , 15 , 7.01 , 6.768 , 3.024 , 214.92 , 64.40
4757 , 23208 , 22.16 , -83.3 , 15 , 6.96 , 6.790 , 3.064 , 215.45 , 63.87
4767 , 23260 , 21.96 , -83.1 , 15 , 6.92 , 6.762 , 3.080 , 215.95 , 63.37
4777 , 23311 , 21.76 , -83.0 , 15 , 6.87 , 6.686 , 3.073 , 216.43 , 62.89
4787 , 23360 , 21.56 , -82.7 , 15 , 6.83 , 6.605 , 3.063 , 216.90 , 62.42
4797 , 23410 , 21.37 , -82.8 , 15 , 6.78 , 6.578 , 3.078 , 217.37 , 61.95
4807 , 23459 , 21.18 , -83.1 , 15 , 6.74 , 6.540 , 3.087 , 217.82 , 61.50
4817 , 23506 , 21.01 , -83.3 , 15 , 6.69 , 6.478 , 3.084 , 218.26 , 61.06
4826 , 23553 , 20.83 , -82.8 , 15 , 6.65 , 6.472 , 3.107 , 218.69 , 60.63
4836 , 23597 , 20.67 , -82.6 , 15 , 6.61 , 6.431 , 3.112 , 219.09 , 60.23
4846 , 23643 , 20.50 , -82.6 , 15 , 6.56 , 6.381 , 3.114 , 219.51 , 59.81
4856 , 23692 , 20.32 , -82.7 , 15 , 6.51 , 6.340 , 3.120 , 219.94 , 59.38
4866 , 23735 , 20.16 , -82.3 , 15 , 6.46 , 6.268 , 3.109 , 220.33 , 58.99
4876 , 23780 , 20.00 , -82.2 , 15 , 6.41 , 6.191 , 3.096 , 220.73 , 58.59
4886 , 23825 , 19.84 , -81.5 , 15 , 6.37 , 6.112 , 3.081 , 221.12 , 58.20
4896 , 23872 , 19.67 , -81.6 , 15 , 6.32 , 6.098 , 3.100 , 221.52 , 57.80
4906 , 23917 , 19.52 , -81.5 , 15 , 6.27 , 6.080 , 3.115 , 221.90 , 57.42
4916 , 23962 , 19.36 , -80.6 , 15 , 6.22 , 5.900 , 3.047 , 222.29 , 57.03
4926 , 24009 , 19.20 , -80.4 , 15 , 6.17 , 5.999 , 3.124 , 222.67 , 56.64
4936 , 24057 , 19.04 , -80.4 , 15 , 6.12 , 6.085 , 3.196 , 223.08 , 56.24
4946 , 24104 , 18.88 , -79.9 , 15 , 6.07 , 6.204 , 3.286 , 223.48 , 55.84
4956 , 24156 , 18.71 , -79.7 , 15 , 6.02 , 6.470 , 3.458 , 223.94 , 55.38
4966 , 24204 , 18.55 , -79.8 , 15 , 5.98 , 6.780 , 3.655 , 224.39 , 54.93
4976 , 24257 , 18.38 , -79.8 , 15 , 5.93 , 6.849 , 3.727 , 224.89 , 54.43
4986 , 24306 , 18.22 , -79.8 , 15 , 5.89 , 6.814 , 3.740 , 225.36 , 53.96
4996 , 24359 , 18.05 , -79.8 , 15 , 5.84 , 6.823 , 3.780 , 225.86 , 53.46
5006 , 24409 , 17.89 , -79.7 , 15 , 5.79 , 6.737 , 3.766 , 226.34 , 52.98
5016 , 24462 , 17.72 , -79.9 , 15 , 5.75 , 6.683 , 3.770 , 226.83 , 52.49
5026 , 24513 , 17.56 , -80.1 , 15 , 5.70 , 6.692 , 3.810 , 227.31 , 52.01
5036 , 24563 , 17.41 , -80.3 , 15 , 5.65 , 6.552 , 3.763 , 227.77 , 51.55
5046 , 24613 , 17.26 , -80.7 , 15 , 5.60 , 6.534 , 3.787 , 228.23 , 51.09
5056 , 24662 , 17.10 , -80.7 , 15 , 5.55 , 6.353 , 3.714 , 228.67 , 50.65
5066 , 24709 , 16.96 , -80.9 , 15 , 5.50 , 6.319 , 3.725 , 229.08 , 50.23
5076 , 24758 , 16.82 , -81.3 , 15 , 5.45 , 6.196 , 3.685 , 229.52 , 49.80
5086 , 24807 , 16.67 , -81.7 , 15 , 5.40 , 6.182 , 3.709 , 229.95 , 49.37
5096 , 24851 , 16.54 , -81.8 , 14 , 5.34 , 6.015 , 3.637 , 230.32 , 49.00
5106 , 24898 , 16.40 , -81.6 , 14 , 5.29 , 5.990 , 3.652 , 230.72 , 48.60
5116 , 24950 , 16.25 , -81.0 , 14 , 5.23 , 5.940 , 3.655 , 231.15 , 48.17
5126 , 24997 , 16.11 , -80.6 , 14 , 5.17 , 5.777 , 3.585 , 231.54 , 47.78
5135 , 25042 , 15.99 , -80.1 , 14 , 5.12 , 5.668 , 3.545 , 231.90 , 47.42
5145 , 25088 , 15.86 , -79.7 , 14 , 5.06 , 5.476 , 3.453 , 232.26 , 47.06
5155 , 25140 , 15.71 , -79.3 , 14 , 5.00 , 5.409 , 3.443 , 232.65 , 46.67
5165 , 25193 , 15.57 , -78.9 , 14 , 4.93 , 5.293 , 3.400 , 233.04 , 46.28
5175 , 25245 , 15.43 , -78.7 , 14 , 4.87 , 5.329 , 3.454 , 233.43 , 45.89
5185 , 25295 , 15.29 , -78.5 , 14 , 4.80 , 5.367 , 3.510 , 233.80 , 45.52
5195 , 25345 , 15.16 , -78.3 , 14 , 4.73 , 5.278 , 3.482 , 234.17 , 45.15
5205 , 25397 , 15.02 , -78.3 , 14 , 4.67 , 5.227 , 3.480 , 234.54 , 44.78
5215 , 25450 , 14.88 , -78.6 , 14 , 4.61 , 5.133 , 3.449 , 234.92 , 44.40
5225 , 25504 , 14.74 , -78.4 , 14 , 4.54 , 5.046 , 3.423 , 235.31 , 44.01
5235 , 25557 , 14.60 , -77.8 , 14 , 4.48 , 5.025 , 3.441 , 235.68 , 43.64
5245 , 25609 , 14.47 , -77.5 , 14 , 4.42 , 5.112 , 3.533 , 236.04 , 43.28
5255 , 25661 , 14.34 , -77.4 , 14 , 4.36 , 5.232 , 3.648 , 236.41 , 42.91
5265 , 25708 , 14.22 , -77.1 , 13 , 4.30 , 5.255 , 3.694 , 236.75 , 42.57
5275 , 25755 , 14.11 , -76.8 , 13 , 4.25 , 5.339 , 3.785 , 237.09 , 42.22
5285 , 25805 , 13.99 , -77.2 , 13 , 4.19 , 5.428 , 3.881 , 237.46 , 41.86
5295 , 25856 , 13.86 , -77.5 , 13 , 4.14 , 5.384 , 3.884 , 237.84 , 41.48
5305 , 25907 , 13.74 , -77.6 , 13 , 4.09 , 5.275 , 3.839 , 238.21 , 41.11
5315 , 25956 , 13.62 , -77.3 , 13 , 4.03 , 5.181 , 3.804 , 238.57 , 40.75
5325 , 26009 , 13.50 , -77.3 , 13 , 3.98 , 5.065 , 3.753 , 238.94 , 40.38
5335 , 26058 , 13.38 , -77.4 , 13 , 3.93 , 4.939 , 3.691 , 239.28 , 40.04
5345 , 26112 , 13.26 , -77.5 , 13 , 3.89 , 4.830 , 3.643 , 239.64 , 39.68
5355 , 26163 , 13.14 , -77.3 , 13 , 3.83 , 4.882 , 3.716 , 239.99 , 39.33
5365 , 26215 , 13.02 , -77.2 , 13 , 3.78 , 4.718 , 3.624 , 240.33 , 38.99
5375 , 26267 , 12.90 , -77.4 , 13 , 3.73 , 4.618 , 3.579 , 240.66 , 38.65
5385 , 26320 , 12.78 , -77.8 , 13 , 3.68 , 4.656 , 3.642 , 241.00 , 38.32
5395 , 26373 , 12.67 , -78.0 , 13 , 3.63 , 4.587 , 3.622 , 241.34 , 37.98
5405 , 26425 , 12.55 , -77.6 , 12 , 3.58 , 4.515 , 3.597 , 241.67 , 37.65
5415 , 26478 , 12.44 , -77.8 , 12 , 3.53 , 4.421 , 3.556 , 241.99 , 37.33
5425 , 26527 , 12.33 , -78.0 , 12 , 3.48 , 4.338 , 3.518 , 242.29 , 37.03
5435 , 26579 , 12.22 , -77.8 , 12 , 3.43 , 4.270 , 3.495 , 242.60 , 36.72
5444 , 26628 , 12.11 , -77.6 , 12 , 3.38 , 4.217 , 3.481 , 242.88 , 36.44
5454 , 26673 , 12.02 , -77.6 , 12 , 3.34 , 4.179 , 3.478 , 243.15 , 36.17
5464 , 26723 , 11.91 , -77.5 , 12 , 3.29 , 4.128 , 3.466 , 243.43 , 35.88
5474 , 26774 , 11.81 , -77.7 , 12 , 3.25 , 4.082 , 3.458 , 243.72 , 35.60
5484 , 26821 , 11.71 , -78.0 , 12 , 3.20 , 4.047 , 3.456 , 243.99 , 35.33
5494 , 26865 , 11.62 , -78.3 , 12 , 3.16 , 4.012 , 3.452 , 244.23 , 35.09
5504 , 26912 , 11.53 , -78.1 , 12 , 3.11 , 3.973 , 3.448 , 244.49 , 34.83
5514 , 26958 , 11.43 , -77.7 , 12 , 3.07 , 3.935 , 3.442 , 244.74 , 34.58
5524 , 27002 , 11.35 , -76.9 , 11 , 3.04 , 3.896 , 3.433 , 244.98 , 34.34
5533 , 27047 , 11.26 , -76.7 , 11 , 3.00 , 3.874 , 3.441 , 245.22 , 34.10
5543 , 27090 , 11.17 , -76.6 , 11 , 2.97 , 3.830 , 3.427 , 245.45 , 33.87
5553 , 27138 , 11.08 , -76.4 , 11 , 2.94 , 3.836 , 3.462 , 245.70 , 33.62
5563 , 27188 , 10.99 , -75.9 , 11 , 2.91 , 3.850 , 3.504 , 245.96 , 33.36
5573 , 27235 , 10.90 , -75.7 , 11 , 2.88 , 3.859 , 3.541 , 246.21 , 33.11
5583 , 27285 , 10.80 , -75.5 , 11 , 2.84 , 3.809 , 3.526 , 246.47 , 32.85
5593 , 27338 , 10.70 , -75.3 , 11 , 2.81 , 3.792 , 3.543 , 246.75 , 32.57
5603 , 27394 , 10.60 , -75.2 , 11 , 2.78 , 3.789 , 3.574 , 247.03 , 32.29
5613 , 27446 , 10.51 , -75.2 , 11 , 2.74 , 3.730 , 3.550 , 247.30 , 32.02
5623 , 27499 , 10.41 , -75.0 , 11 , 2.70 , 3.633 , 3.490 , 247.57 , 31.75
5633 , 27554 , 10.31 , -75.1 , 11 , 2.66 , 3.606 , 3.497 , 247.84 , 31.48
5643 , 27616 , 10.20 , -75.3 , 11 , 2.62 , 3.619 , 3.547 , 248.14 , 31.18
5653 , 27669 , 10.11 , -75.3 , 10 , 2.58 , 3.590 , 3.551 , 248.40 , 30.92
5663 , 27724 , 10.01 , -75.5 , 10 , 2.54 , 3.565 , 3.561 , 248.67 , 30.65
5673 , 27773 , 9.93 , -75.8 , 10 , 2.49 , 3.495 , 3.520 , 248.91 , 30.41
5683 , 27828 , 9.84 , -76.0 , 10 , 2.44 , 3.512 , 3.570 , 249.17 , 30.15
5693 , 27879 , 9.75 , -76.1 , 10 , 2.40 , 3.497 , 3.587 , 249.41 , 29.91
5703 , 27930 , 9.66 , -75.7 , 10 , 2.35 , 3.434 , 3.554 , 249.66 , 29.66
5713 , 27981 , 9.58 , -75.7 , 10 , 2.30 , 3.418 , 3.568 , 249.89 , 29.43
5723 , 28023 , 9.51 , -75.9 , 10 , 2.26 , 3.358 , 3.531 , 250.09 , 29.23
5732 , 28074 , 9.43 , -76.0 , 10 , 2.21 , 3.355 , 3.559 , 250.32 , 29.00
5742 , 28118 , 9.35 , -76.1 , 10 , 2.16 , 3.360 , 3.592 , 250.52 , 28.80
5751 , 28166 , 9.28 , -76.2 , 10 , 2.11 , 3.297 , 3.554 , 250.74 , 28.58
5760 , 28209 , 9.21 , -76.4 , 9 , 2.07 , 3.275 , 3.557 , 250.93 , 28.38
5770 , 28257 , 9.13 , -76.5 , 9 , 2.02 , 3.239 , 3.547 , 251.15 , 28.17
5780 , 28305 , 9.06 , -76.7 , 9 , 1.97 , 3.233 , 3.570 , 251.36 , 27.96
5790 , 28348 , 8.99 , -76.6 , 9 , 1.93 , 3.206 , 3.567 , 251.55 , 27.77
5800 , 28394 , 8.92 , -76.2 , 9 , 1.88 , 3.207 , 3.597 , 251.76 , 27.56
5810 , 28440 , 8.85 , -76.0 , 9 , 1.83 , 3.178 , 3.592 , 251.96 , 27.36
5820 , 28484 , 8.78 , -75.6 , 9 , 1.78 , 3.159 , 3.599 , 252.15 , 27.17
5830 , 28534 , 8.70 , -75.2 , 9 , 1.73 , 3.157 , 3.628 , 252.36 , 26.95
5840 , 28583 , 8.63 , -75.0 , 9 , 1.69 , 3.161 , 3.662 , 252.57 , 26.75
5850 , 28632 , 8.56 , -75.0 , 9 , 1.64 , 3.150 , 3.681 , 252.78 , 26.53
5860 , 28682 , 8.48 , -74.9 , 8 , 1.60 , 3.143 , 3.705 , 253.00 , 26.32
5870 , 28738 , 8.40 , -74.3 , 8 , 1.56 , 3.164 , 3.766 , 253.24 , 26.08
5880 , 28790 , 8.33 , -73.6 , 8 , 1.51 , 3.116 , 3.743 , 253.46 , 25.86
5890 , 28845 , 8.25 , -73.4 , 8 , 1.47 , 3.089 , 3.744 , 253.69 , 25.63
5900 , 28896 , 8.18 , -73.3 , 8 , 1.42 , 3.100 , 3.791 , 253.90 , 25.42
5910 , 28954 , 8.10 , -73.5 , 8 , 1.38 , 3.085 , 3.809 , 254.14 , 25.18
5920 , 29009 , 8.02 , -73.8 , 8 , 1.34 , 3.072 , 3.830 , 254.37 , 24.95
5930 , 29062 , 7.95 , -73.8 , 8 , 1.30 , 3.041 , 3.826 , 254.59 , 24.73
5940 , 29113 , 7.88 , -73.4 , 8 , 1.26 , 3.036 , 3.853 , 254.80 , 24.52
5950 , 29168 , 7.81 , -73.4 , 8 , 1.22 , 3.051 , 3.909 , 255.03 , 24.29
5960 , 29224 , 7.73 , -73.4 , 8 , 1.18 , 3.007 , 3.890 , 255.26 , 24.06
5970 , 29275 , 7.66 , -73.4 , 8 , 1.14 , 2.995 , 3.907 , 255.46 , 23.86
5980 , 29321 , 7.60 , -73.2 , 7 , 1.10 , 2.994 , 3.938 , 255.65 , 23.67
5990 , 29374 , 7.54 , -73.2 , 7 , 1.07 , 2.966 , 3.936 , 255.86 , 23.46
6000 , 29424 , 7.47 , -73.4 , 7 , 1.03 , 2.954 , 3.953 , 256.06 , 23.26
6010 , 29474 , 7.41 , -73.5 , 7 , 1.00 , 2.939 , 3.968 , 256.26 , 23.06
6020 , 29522 , 7.35 , -73.5 , 7 , 0.97 , 2.928 , 3.985 , 256.45 , 22.87
6030 , 29571 , 7.29 , -72.9 , 7 , 0.93 , 2.912 , 3.997 , 256.64 , 22.67
6040 , 29619 , 7.23 , -72.2 , 7 , 0.90 , 2.919 , 4.039 , 256.83 , 22.49
6050 , 29667 , 7.17 , -72.2 , 7 , 0.88 , 2.890 , 4.032 , 257.02 , 22.30
6059 , 29713 , 7.11 , -72.3 , 7 , 0.86 , 2.858 , 4.019 , 257.20 , 22.12
6068 , 29762 , 7.05 , -72.4 , 7 , 0.85 , 2.835 , 4.020 , 257.38 , 21.94
6078 , 29807 , 7.00 , -72.4 , 6 , 0.83 , 2.807 , 4.011 , 257.55 , 21.77
6088 , 29861 , 6.94 , -72.3 , 6 , 0.82 , 2.771 , 3.995 , 257.76 , 21.56
6098 , 29911 , 6.88 , -71.9 , 6 , 0.80 , 2.744 , 3.991 , 257.94 , 21.38
6108 , 29961 , 6.82 , -71.9 , 6 , 0.77 , 2.711 , 3.976 , 258.12 , 21.20
6118 , 30012 , 6.76 , -72.0 , 6 , 0.73 , 2.680 , 3.965 , 258.31 , 21.01
6128 , 30062 , 6.70 , -72.0 , 6 , 0.70 , 2.647 , 3.948 , 258.49 , 20.83
6138 , 30114 , 6.64 , -71.8 , 6 , 0.65 , 2.617 , 3.938 , 258.67 , 20.65
