# ------------------------------------------------------------
#
# Flight name: V1808
# Station: Davis
# Launch Date: 20 August 2008
# Launch Time: 23:29:22
# 
# This file created: Mon Sep 01 14:56:27 2008
# 
# 
# ------------------------------------------------------------
# DATA COLUMNS
# Time (s)
# Height (m)
# Atmospheric Pressure (hPa)
# Atmospheric Temperature (°C)
# Relative Humidity (%)
# Box Temperature (°C)
# Ozone Partial Pressure (mPa)
# Ozone Mixing Ratio (ppmV)
# Accumulated Ozone to this Height (Dobson Units)
# Remaining Ozone above this Height (Dobson Units)
# 
# ------------------------------------------------------------
# 
# Integrated Ozone = 204.6 DU
# Extrapolated Ozone =  28.0 DU
# 
# Total Ozone = 232.6 DU
# 
# 
# ------------------------------------------------------------
0 , 18 , 972.12 , -25.6 , 83 , 36.90 , 3.101 , 0.032 , 0.00 , 232.62
10 , 62 , 966.14 , -25.2 , 88 , 36.91 , 3.131 , 0.032 , 0.15 , 232.47
20 , 115 , 959.18 , -25.0 , 91 , 36.90 , 3.040 , 0.032 , 0.33 , 232.29
29 , 164 , 952.74 , -24.0 , 93 , 36.89 , 3.036 , 0.032 , 0.49 , 232.13
39 , 215 , 946.02 , -23.3 , 85 , 36.88 , 3.023 , 0.032 , 0.66 , 231.96
48 , 265 , 939.63 , -21.8 , 67 , 36.87 , 3.027 , 0.032 , 0.82 , 231.80
57 , 313 , 933.60 , -20.0 , 44 , 36.85 , 3.020 , 0.032 , 0.97 , 231.65
67 , 363 , 927.27 , -19.3 , 34 , 36.81 , 3.010 , 0.032 , 1.14 , 231.48
77 , 415 , 920.80 , -19.1 , 28 , 36.79 , 3.020 , 0.033 , 1.30 , 231.32
87 , 464 , 914.85 , -19.2 , 27 , 36.77 , 3.021 , 0.033 , 1.46 , 231.16
97 , 514 , 908.71 , -19.4 , 26 , 36.74 , 2.978 , 0.033 , 1.62 , 231.00
107 , 564 , 902.58 , -18.7 , 23 , 36.71 , 2.933 , 0.032 , 1.77 , 230.85
117 , 613 , 896.62 , -18.6 , 21 , 36.68 , 2.932 , 0.033 , 1.93 , 230.69
127 , 662 , 890.76 , -18.8 , 20 , 36.64 , 2.925 , 0.033 , 2.08 , 230.54
137 , 710 , 885.03 , -19.0 , 20 , 36.60 , 2.914 , 0.033 , 2.23 , 230.39
147 , 760 , 879.15 , -19.3 , 20 , 36.54 , 2.909 , 0.033 , 2.38 , 230.24
157 , 815 , 872.61 , -19.4 , 19 , 36.48 , 2.873 , 0.033 , 2.55 , 230.07
167 , 867 , 866.55 , -19.6 , 19 , 36.43 , 2.857 , 0.033 , 2.71 , 229.91
177 , 919 , 860.49 , -19.8 , 19 , 36.40 , 2.849 , 0.033 , 2.87 , 229.75
187 , 970 , 854.58 , -19.9 , 18 , 36.35 , 2.836 , 0.033 , 3.02 , 229.60
197 , 1023 , 848.46 , -19.7 , 18 , 36.30 , 2.816 , 0.033 , 3.18 , 229.44
207 , 1077 , 842.36 , -18.2 , 16 , 36.25 , 2.798 , 0.033 , 3.34 , 229.28
217 , 1130 , 836.42 , -18.0 , 16 , 36.19 , 2.786 , 0.033 , 3.50 , 229.12
227 , 1182 , 830.63 , -18.2 , 17 , 36.12 , 2.774 , 0.033 , 3.65 , 228.97
237 , 1238 , 824.37 , -18.3 , 16 , 36.05 , 2.748 , 0.033 , 3.81 , 228.81
247 , 1294 , 818.26 , -18.5 , 15 , 35.97 , 2.736 , 0.033 , 3.98 , 228.64
257 , 1344 , 812.73 , -18.6 , 15 , 35.91 , 2.720 , 0.033 , 4.12 , 228.50
267 , 1397 , 806.99 , -18.7 , 19 , 35.85 , 2.690 , 0.033 , 4.27 , 228.35
277 , 1446 , 801.73 , -19.1 , 22 , 35.80 , 2.682 , 0.033 , 4.41 , 228.21
287 , 1498 , 796.12 , -19.5 , 23 , 35.75 , 2.673 , 0.034 , 4.56 , 228.06
297 , 1548 , 790.72 , -19.9 , 22 , 35.70 , 2.645 , 0.033 , 4.70 , 227.92
307 , 1599 , 785.39 , -20.3 , 23 , 35.67 , 2.632 , 0.034 , 4.84 , 227.78
317 , 1653 , 779.63 , -20.6 , 21 , 35.63 , 2.617 , 0.034 , 5.00 , 227.62
327 , 1704 , 774.31 , -21.1 , 24 , 35.60 , 2.607 , 0.034 , 5.14 , 227.48
337 , 1753 , 769.14 , -21.5 , 31 , 35.56 , 2.584 , 0.034 , 5.27 , 227.35
347 , 1805 , 763.75 , -22.0 , 40 , 35.49 , 2.560 , 0.034 , 5.42 , 227.20
356 , 1854 , 758.69 , -22.4 , 44 , 35.43 , 2.544 , 0.034 , 5.55 , 227.07
365 , 1901 , 753.80 , -22.7 , 39 , 35.38 , 2.539 , 0.034 , 5.68 , 226.94
375 , 1960 , 747.76 , -23.2 , 49 , 35.32 , 2.562 , 0.034 , 5.84 , 226.78
385 , 2014 , 742.23 , -23.7 , 59 , 35.25 , 2.515 , 0.034 , 5.99 , 226.63
395 , 2070 , 736.58 , -24.1 , 74 , 35.20 , 2.461 , 0.033 , 6.14 , 226.48
405 , 2124 , 731.12 , -24.5 , 83 , 35.15 , 2.402 , 0.033 , 6.28 , 226.34
415 , 2175 , 726.01 , -24.9 , 85 , 35.11 , 2.374 , 0.033 , 6.42 , 226.20
425 , 2227 , 720.82 , -25.3 , 89 , 35.05 , 2.366 , 0.033 , 6.55 , 226.07
435 , 2276 , 716.01 , -25.7 , 92 , 35.01 , 2.376 , 0.033 , 6.68 , 225.94
445 , 2328 , 710.89 , -26.2 , 96 , 34.96 , 2.390 , 0.034 , 6.81 , 225.81
455 , 2382 , 705.56 , -26.5 , 98 , 34.92 , 2.388 , 0.034 , 6.95 , 225.67
464 , 2436 , 700.34 , -26.3 , 90 , 34.88 , 2.331 , 0.033 , 7.09 , 225.53
473 , 2488 , 695.30 , -25.9 , 70 , 34.82 , 2.306 , 0.033 , 7.22 , 225.40
484 , 2553 , 689.12 , -25.9 , 38 , 34.74 , 2.348 , 0.034 , 7.39 , 225.23
494 , 2607 , 683.93 , -26.0 , 21 , 34.68 , 2.367 , 0.035 , 7.53 , 225.09
504 , 2664 , 678.64 , -26.1 , 19 , 34.62 , 2.366 , 0.035 , 7.67 , 224.95
513 , 2721 , 673.23 , -26.4 , 16 , 34.57 , 2.372 , 0.035 , 7.82 , 224.80
523 , 2771 , 668.65 , -26.7 , 15 , 34.52 , 2.362 , 0.035 , 7.95 , 224.67
533 , 2825 , 663.67 , -27.0 , 14 , 34.48 , 2.356 , 0.035 , 8.09 , 224.53
543 , 2879 , 658.66 , -27.5 , 14 , 34.46 , 2.354 , 0.036 , 8.23 , 224.39
553 , 2932 , 653.81 , -27.9 , 15 , 34.42 , 2.319 , 0.035 , 8.37 , 224.25
563 , 2985 , 648.99 , -28.1 , 13 , 34.36 , 2.314 , 0.036 , 8.50 , 224.12
573 , 3038 , 644.27 , -28.5 , 13 , 34.31 , 2.317 , 0.036 , 8.64 , 223.99
583 , 3092 , 639.45 , -28.6 , 12 , 34.25 , 2.305 , 0.036 , 8.77 , 223.85
593 , 3148 , 634.40 , -28.9 , 12 , 34.19 , 2.370 , 0.037 , 8.92 , 223.70
603 , 3209 , 629.04 , -29.3 , 18 , 34.14 , 2.357 , 0.037 , 9.08 , 223.54
613 , 3270 , 623.64 , -29.8 , 18 , 34.09 , 2.311 , 0.037 , 9.24 , 223.39
623 , 3327 , 618.68 , -30.1 , 13 , 34.04 , 2.285 , 0.037 , 9.38 , 223.24
633 , 3384 , 613.75 , -30.6 , 13 , 33.98 , 2.251 , 0.037 , 9.52 , 223.10
643 , 3438 , 609.11 , -31.0 , 13 , 33.93 , 2.246 , 0.037 , 9.66 , 222.96
653 , 3489 , 604.70 , -31.3 , 12 , 33.89 , 2.237 , 0.037 , 9.79 , 222.83
663 , 3545 , 600.00 , -31.6 , 12 , 33.84 , 2.182 , 0.036 , 9.92 , 222.70
672 , 3597 , 595.54 , -31.8 , 11 , 33.80 , 2.148 , 0.036 , 10.05 , 222.57
682 , 3650 , 591.14 , -32.2 , 11 , 33.74 , 2.115 , 0.036 , 10.18 , 222.45
692 , 3704 , 586.61 , -32.6 , 13 , 33.70 , 2.041 , 0.035 , 10.30 , 222.32
702 , 3757 , 582.19 , -33.1 , 17 , 33.64 , 1.990 , 0.034 , 10.42 , 222.20
712 , 3817 , 577.25 , -33.6 , 24 , 33.57 , 1.956 , 0.034 , 10.55 , 222.07
722 , 3877 , 572.35 , -34.1 , 38 , 33.51 , 1.935 , 0.034 , 10.69 , 221.94
732 , 3935 , 567.62 , -34.6 , 45 , 33.44 , 1.909 , 0.034 , 10.81 , 221.81
741 , 3988 , 563.28 , -35.1 , 50 , 33.38 , 1.912 , 0.034 , 10.93 , 221.69
751 , 4046 , 558.58 , -35.6 , 55 , 33.34 , 1.884 , 0.034 , 11.05 , 221.57
761 , 4105 , 553.92 , -36.2 , 57 , 33.28 , 1.879 , 0.034 , 11.18 , 221.44
771 , 4168 , 548.89 , -36.7 , 58 , 33.22 , 1.866 , 0.034 , 11.31 , 221.31
781 , 4225 , 544.34 , -37.0 , 56 , 33.17 , 1.853 , 0.034 , 11.43 , 221.19
791 , 4288 , 539.39 , -37.4 , 52 , 33.11 , 1.835 , 0.034 , 11.57 , 221.05
801 , 4351 , 534.50 , -38.0 , 49 , 33.05 , 1.819 , 0.034 , 11.70 , 220.92
811 , 4413 , 529.76 , -38.5 , 53 , 33.00 , 1.811 , 0.034 , 11.83 , 220.80
821 , 4475 , 524.98 , -39.1 , 59 , 32.95 , 1.796 , 0.034 , 11.95 , 220.67
831 , 4537 , 520.19 , -39.6 , 63 , 32.90 , 1.772 , 0.034 , 12.08 , 220.54
841 , 4594 , 515.93 , -40.0 , 62 , 32.84 , 1.756 , 0.034 , 12.20 , 220.42
851 , 4653 , 511.44 , -40.6 , 58 , 32.78 , 1.747 , 0.034 , 12.32 , 220.30
861 , 4711 , 507.13 , -41.1 , 57 , 32.72 , 1.735 , 0.034 , 12.44 , 220.19
871 , 4770 , 502.76 , -41.6 , 55 , 32.66 , 1.719 , 0.034 , 12.55 , 220.07
881 , 4832 , 498.12 , -42.2 , 55 , 32.59 , 1.705 , 0.034 , 12.68 , 219.94
891 , 4893 , 493.63 , -42.7 , 55 , 32.53 , 1.697 , 0.034 , 12.80 , 219.82
901 , 4954 , 489.22 , -43.3 , 57 , 32.48 , 1.681 , 0.034 , 12.92 , 219.70
911 , 5015 , 484.82 , -43.9 , 58 , 32.41 , 1.675 , 0.035 , 13.04 , 219.58
921 , 5075 , 480.50 , -44.5 , 60 , 32.35 , 1.658 , 0.035 , 13.16 , 219.46
931 , 5138 , 475.97 , -45.0 , 62 , 32.29 , 1.637 , 0.034 , 13.28 , 219.34
941 , 5199 , 471.59 , -45.6 , 63 , 32.24 , 1.627 , 0.034 , 13.40 , 219.22
951 , 5258 , 467.45 , -46.1 , 61 , 32.18 , 1.617 , 0.035 , 13.51 , 219.11
961 , 5316 , 463.39 , -46.6 , 59 , 32.11 , 1.592 , 0.034 , 13.62 , 219.00
971 , 5375 , 459.26 , -47.0 , 58 , 32.04 , 1.583 , 0.034 , 13.73 , 218.89
980 , 5432 , 455.37 , -47.5 , 57 , 31.96 , 1.569 , 0.034 , 13.84 , 218.78
990 , 5489 , 451.41 , -48.0 , 58 , 31.89 , 1.566 , 0.035 , 13.95 , 218.67
1000 , 5553 , 447.06 , -48.6 , 59 , 31.84 , 1.550 , 0.035 , 14.07 , 218.55
1010 , 5613 , 443.00 , -49.1 , 62 , 31.78 , 1.529 , 0.035 , 14.18 , 218.44
1020 , 5671 , 439.08 , -49.6 , 65 , 31.71 , 1.513 , 0.034 , 14.29 , 218.34
1030 , 5733 , 434.94 , -50.1 , 69 , 31.65 , 1.513 , 0.035 , 14.40 , 218.22
1040 , 5793 , 430.97 , -50.7 , 73 , 31.59 , 1.491 , 0.035 , 14.51 , 218.11
1050 , 5854 , 426.93 , -51.2 , 72 , 31.52 , 1.483 , 0.035 , 14.62 , 218.00
1060 , 5920 , 422.62 , -51.7 , 69 , 31.45 , 1.474 , 0.035 , 14.74 , 217.88
1070 , 5986 , 418.31 , -52.0 , 65 , 31.38 , 1.487 , 0.036 , 14.86 , 217.77
1080 , 6051 , 414.13 , -52.2 , 61 , 31.31 , 1.501 , 0.036 , 14.97 , 217.65
1090 , 6114 , 410.12 , -52.4 , 58 , 31.24 , 1.535 , 0.037 , 15.09 , 217.53
1100 , 6179 , 406.01 , -52.7 , 57 , 31.19 , 1.572 , 0.039 , 15.21 , 217.41
1110 , 6242 , 402.09 , -53.1 , 56 , 31.12 , 1.608 , 0.040 , 15.34 , 217.28
1120 , 6299 , 398.55 , -53.5 , 54 , 31.04 , 1.631 , 0.041 , 15.45 , 217.17
1130 , 6360 , 394.78 , -54.1 , 54 , 30.95 , 1.627 , 0.041 , 15.57 , 217.05
1140 , 6426 , 390.73 , -54.7 , 54 , 30.88 , 1.614 , 0.041 , 15.70 , 216.92
1150 , 6495 , 386.49 , -55.3 , 57 , 30.80 , 1.580 , 0.041 , 15.84 , 216.78
1160 , 6551 , 383.13 , -55.8 , 59 , 30.73 , 1.569 , 0.041 , 15.95 , 216.67
1170 , 6612 , 379.50 , -56.0 , 55 , 30.66 , 1.577 , 0.042 , 16.07 , 216.55
1180 , 6671 , 375.98 , -56.3 , 47 , 30.59 , 1.619 , 0.043 , 16.18 , 216.44
1190 , 6731 , 372.45 , -56.6 , 42 , 30.52 , 1.623 , 0.044 , 16.31 , 216.32
1200 , 6788 , 369.07 , -56.8 , 40 , 30.44 , 1.596 , 0.043 , 16.42 , 216.20
1210 , 6847 , 365.67 , -57.1 , 38 , 30.36 , 1.580 , 0.043 , 16.54 , 216.08
1220 , 6914 , 361.82 , -57.4 , 34 , 30.28 , 1.586 , 0.044 , 16.67 , 215.95
1230 , 6981 , 358.01 , -57.7 , 31 , 30.21 , 1.614 , 0.045 , 16.80 , 215.82
1240 , 7047 , 354.24 , -58.2 , 31 , 30.13 , 1.585 , 0.045 , 16.94 , 215.68
1250 , 7107 , 350.89 , -58.5 , 33 , 30.04 , 1.530 , 0.044 , 17.05 , 215.57
1260 , 7166 , 347.62 , -58.8 , 33 , 29.95 , 1.509 , 0.043 , 17.17 , 215.46
1270 , 7228 , 344.17 , -59.2 , 34 , 29.88 , 1.478 , 0.043 , 17.28 , 215.34
1280 , 7292 , 340.72 , -59.5 , 33 , 29.80 , 1.520 , 0.045 , 17.40 , 215.22
1289 , 7348 , 337.65 , -59.8 , 32 , 29.74 , 1.570 , 0.047 , 17.51 , 215.11
1299 , 7406 , 334.55 , -60.2 , 32 , 29.66 , 1.561 , 0.047 , 17.63 , 214.99
1309 , 7475 , 330.85 , -60.5 , 30 , 29.58 , 1.629 , 0.049 , 17.77 , 214.85
1319 , 7540 , 327.39 , -61.0 , 28 , 29.51 , 1.677 , 0.051 , 17.90 , 214.72
1329 , 7610 , 323.73 , -61.7 , 27 , 29.45 , 1.695 , 0.052 , 18.05 , 214.57
1339 , 7678 , 320.21 , -62.2 , 26 , 29.37 , 1.702 , 0.053 , 18.20 , 214.42
1349 , 7739 , 317.04 , -62.4 , 25 , 29.30 , 1.737 , 0.055 , 18.34 , 214.29
1359 , 7800 , 313.94 , -62.6 , 23 , 29.23 , 1.816 , 0.058 , 18.47 , 214.15
1369 , 7860 , 310.85 , -62.8 , 22 , 29.16 , 1.927 , 0.062 , 18.62 , 214.00
1379 , 7917 , 307.99 , -63.0 , 21 , 29.08 , 2.052 , 0.067 , 18.76 , 213.86
1389 , 7971 , 305.34 , -63.3 , 20 , 29.00 , 2.143 , 0.070 , 18.91 , 213.71
1399 , 8030 , 302.40 , -63.5 , 19 , 28.90 , 2.193 , 0.073 , 19.07 , 213.55
1409 , 8088 , 299.53 , -63.7 , 18 , 28.83 , 2.202 , 0.074 , 19.24 , 213.38
1419 , 8152 , 296.44 , -63.9 , 18 , 28.75 , 2.028 , 0.068 , 19.41 , 213.21
1429 , 8205 , 293.87 , -64.3 , 17 , 28.67 , 1.818 , 0.062 , 19.54 , 213.08
1439 , 8263 , 291.11 , -64.7 , 16 , 28.59 , 1.689 , 0.058 , 19.67 , 212.95
1449 , 8324 , 288.18 , -65.1 , 16 , 28.51 , 1.642 , 0.057 , 19.81 , 212.81
1459 , 8379 , 285.60 , -65.5 , 16 , 28.42 , 1.625 , 0.057 , 19.92 , 212.70
1469 , 8442 , 282.68 , -65.9 , 16 , 28.33 , 1.604 , 0.057 , 20.05 , 212.57
1479 , 8495 , 280.19 , -66.0 , 16 , 28.25 , 1.620 , 0.058 , 20.17 , 212.45
1489 , 8554 , 277.46 , -66.4 , 16 , 28.17 , 1.773 , 0.064 , 20.30 , 212.32
1499 , 8610 , 274.91 , -66.6 , 15 , 28.09 , 2.026 , 0.074 , 20.44 , 212.19
1509 , 8659 , 272.71 , -66.6 , 15 , 28.01 , 2.282 , 0.084 , 20.57 , 212.05
1519 , 8719 , 270.02 , -66.5 , 15 , 27.93 , 2.472 , 0.092 , 20.76 , 211.86
1529 , 8787 , 267.00 , -66.1 , 15 , 27.84 , 2.481 , 0.093 , 20.98 , 211.64
1539 , 8848 , 264.32 , -66.3 , 15 , 27.75 , 2.361 , 0.089 , 21.17 , 211.45
1549 , 8903 , 261.95 , -66.4 , 14 , 27.66 , 2.284 , 0.087 , 21.34 , 211.29
1559 , 8956 , 259.63 , -66.5 , 14 , 27.58 , 2.397 , 0.092 , 21.50 , 211.12
1569 , 9019 , 256.96 , -66.9 , 14 , 27.51 , 2.510 , 0.098 , 21.70 , 210.92
1578 , 9077 , 254.50 , -67.5 , 14 , 27.43 , 2.545 , 0.100 , 21.89 , 210.73
1587 , 9118 , 252.77 , -67.8 , 13 , 27.37 , 2.524 , 0.100 , 22.03 , 210.59
1597 , 9157 , 251.15 , -68.0 , 13 , 27.30 , 2.515 , 0.100 , 22.16 , 210.46
1607 , 9216 , 248.66 , -68.2 , 13 , 27.21 , 2.472 , 0.099 , 22.35 , 210.27
1617 , 9274 , 246.27 , -68.3 , 13 , 27.13 , 2.508 , 0.102 , 22.54 , 210.08
1627 , 9327 , 244.10 , -68.4 , 13 , 27.04 , 2.628 , 0.108 , 22.72 , 209.90
1637 , 9385 , 241.75 , -68.5 , 13 , 26.95 , 2.773 , 0.115 , 22.93 , 209.69
1647 , 9446 , 239.31 , -68.6 , 13 , 26.87 , 2.884 , 0.121 , 23.15 , 209.47
1657 , 9509 , 236.80 , -68.7 , 13 , 26.79 , 2.909 , 0.123 , 23.40 , 209.23
1667 , 9563 , 234.69 , -68.8 , 13 , 26.70 , 2.854 , 0.122 , 23.60 , 209.02
1677 , 9633 , 231.97 , -68.8 , 12 , 26.62 , 2.701 , 0.116 , 23.85 , 208.77
1687 , 9700 , 229.37 , -69.0 , 12 , 26.53 , 2.831 , 0.123 , 24.10 , 208.52
1697 , 9779 , 226.37 , -69.0 , 12 , 26.45 , 3.343 , 0.148 , 24.42 , 208.20
1707 , 9853 , 223.55 , -68.9 , 12 , 26.38 , 3.964 , 0.177 , 24.78 , 207.84
1717 , 9903 , 221.71 , -69.2 , 12 , 26.29 , 4.384 , 0.198 , 25.06 , 207.57
1727 , 9955 , 219.79 , -69.6 , 12 , 26.21 , 4.625 , 0.210 , 25.36 , 207.26
1737 , 10013 , 217.64 , -69.9 , 12 , 26.13 , 4.718 , 0.217 , 25.73 , 206.89
1747 , 10067 , 215.68 , -69.8 , 12 , 26.05 , 4.733 , 0.219 , 26.06 , 206.56
1757 , 10115 , 213.96 , -70.0 , 12 , 25.96 , 4.757 , 0.222 , 26.36 , 206.26
1767 , 10155 , 212.53 , -70.1 , 12 , 25.87 , 4.764 , 0.224 , 26.62 , 206.01
1777 , 10196 , 211.06 , -70.1 , 12 , 25.78 , 4.770 , 0.226 , 26.88 , 205.74
1787 , 10237 , 209.59 , -70.1 , 12 , 25.69 , 4.806 , 0.229 , 27.14 , 205.48
1797 , 10277 , 208.20 , -70.2 , 12 , 25.61 , 4.890 , 0.235 , 27.40 , 205.22
1807 , 10316 , 206.82 , -70.2 , 12 , 25.53 , 5.100 , 0.247 , 27.66 , 204.96
1816 , 10355 , 205.49 , -70.2 , 12 , 25.44 , 5.084 , 0.247 , 27.92 , 204.70
1826 , 10404 , 203.81 , -70.1 , 12 , 25.37 , 4.998 , 0.245 , 28.24 , 204.38
1836 , 10471 , 201.52 , -70.4 , 12 , 25.28 , 5.085 , 0.252 , 28.69 , 203.93
1846 , 10514 , 200.06 , -70.7 , 12 , 25.20 , 5.318 , 0.266 , 28.99 , 203.63
1856 , 10559 , 198.54 , -70.9 , 12 , 25.11 , 5.482 , 0.276 , 29.32 , 203.30
1866 , 10602 , 197.11 , -70.9 , 12 , 25.03 , 5.667 , 0.287 , 29.64 , 202.99
1876 , 10641 , 195.82 , -70.9 , 12 , 24.95 , 5.846 , 0.299 , 29.93 , 202.69
1886 , 10680 , 194.52 , -70.9 , 12 , 24.87 , 5.953 , 0.306 , 30.24 , 202.38
1896 , 10719 , 193.24 , -70.8 , 12 , 24.79 , 6.015 , 0.311 , 30.55 , 202.07
1905 , 10757 , 192.02 , -71.0 , 12 , 24.71 , 6.058 , 0.316 , 30.86 , 201.76
1915 , 10794 , 190.79 , -71.2 , 12 , 24.63 , 6.020 , 0.316 , 31.16 , 201.46
1925 , 10840 , 189.32 , -71.3 , 12 , 24.55 , 5.896 , 0.311 , 31.53 , 201.10
1935 , 10895 , 187.59 , -71.4 , 12 , 24.47 , 5.761 , 0.307 , 31.95 , 200.67
1945 , 10937 , 186.24 , -71.6 , 12 , 24.39 , 5.776 , 0.310 , 32.28 , 200.34
1955 , 10978 , 184.97 , -71.5 , 12 , 24.30 , 5.834 , 0.315 , 32.59 , 200.03
1965 , 11019 , 183.67 , -71.6 , 12 , 24.23 , 5.920 , 0.322 , 32.92 , 199.70
1975 , 11060 , 182.41 , -71.7 , 12 , 24.15 , 5.900 , 0.323 , 33.24 , 199.38
1985 , 11100 , 181.18 , -71.8 , 12 , 24.07 , 5.834 , 0.322 , 33.55 , 199.07
1995 , 11141 , 179.92 , -71.9 , 12 , 23.99 , 5.796 , 0.322 , 33.87 , 198.75
2004 , 11181 , 178.71 , -72.1 , 12 , 23.91 , 5.786 , 0.324 , 34.18 , 198.44
2014 , 11220 , 177.51 , -72.1 , 12 , 23.84 , 5.783 , 0.326 , 34.49 , 198.13
2024 , 11262 , 176.24 , -72.3 , 13 , 23.77 , 5.768 , 0.327 , 34.81 , 197.81
2034 , 11305 , 174.98 , -72.2 , 13 , 23.69 , 5.842 , 0.334 , 35.14 , 197.48
2044 , 11346 , 173.75 , -72.2 , 13 , 23.60 , 6.013 , 0.346 , 35.48 , 197.15
2054 , 11387 , 172.54 , -72.4 , 13 , 23.52 , 6.136 , 0.356 , 35.81 , 196.81
2064 , 11431 , 171.26 , -72.4 , 12 , 23.44 , 6.327 , 0.369 , 36.18 , 196.45
2074 , 11476 , 169.96 , -72.4 , 12 , 23.37 , 6.471 , 0.381 , 36.56 , 196.06
2084 , 11519 , 168.72 , -72.4 , 12 , 23.29 , 6.470 , 0.383 , 36.93 , 195.69
2094 , 11559 , 167.57 , -72.4 , 12 , 23.20 , 6.424 , 0.383 , 37.28 , 195.34
2104 , 11601 , 166.36 , -72.6 , 12 , 23.12 , 6.312 , 0.379 , 37.65 , 194.97
2114 , 11644 , 165.17 , -72.6 , 12 , 23.04 , 6.297 , 0.381 , 38.01 , 194.62
2124 , 11686 , 163.99 , -72.7 , 12 , 22.96 , 6.366 , 0.388 , 38.36 , 194.26
2134 , 11724 , 162.92 , -72.7 , 12 , 22.88 , 6.423 , 0.394 , 38.69 , 193.93
2144 , 11763 , 161.84 , -72.6 , 12 , 22.81 , 6.489 , 0.401 , 39.03 , 193.59
2154 , 11806 , 160.66 , -72.7 , 12 , 22.73 , 6.548 , 0.408 , 39.41 , 193.21
2164 , 11847 , 159.53 , -72.7 , 12 , 22.66 , 6.574 , 0.412 , 39.77 , 192.85
2174 , 11890 , 158.38 , -72.8 , 12 , 22.59 , 6.669 , 0.421 , 40.15 , 192.47
2184 , 11933 , 157.21 , -73.1 , 12 , 22.51 , 6.646 , 0.423 , 40.54 , 192.08
2194 , 11977 , 156.05 , -73.2 , 12 , 22.44 , 6.646 , 0.426 , 40.93 , 191.69
2203 , 12019 , 154.93 , -73.1 , 12 , 22.37 , 6.633 , 0.428 , 41.31 , 191.32
2213 , 12059 , 153.86 , -73.0 , 12 , 22.29 , 6.693 , 0.435 , 41.67 , 190.95
2223 , 12102 , 152.76 , -73.1 , 12 , 22.21 , 6.775 , 0.443 , 42.05 , 190.57
2233 , 12144 , 151.64 , -73.3 , 12 , 22.13 , 6.784 , 0.447 , 42.45 , 190.18
2243 , 12190 , 150.47 , -73.4 , 12 , 22.05 , 6.681 , 0.444 , 42.86 , 189.76
2253 , 12233 , 149.37 , -73.3 , 11 , 21.98 , 6.569 , 0.440 , 43.24 , 189.38
2263 , 12278 , 148.22 , -73.4 , 11 , 21.91 , 6.499 , 0.438 , 43.64 , 188.98
2273 , 12328 , 146.95 , -73.6 , 11 , 21.83 , 6.322 , 0.430 , 44.08 , 188.54
2283 , 12375 , 145.77 , -74.0 , 11 , 21.75 , 6.166 , 0.423 , 44.47 , 188.15
2293 , 12422 , 144.60 , -74.2 , 12 , 21.68 , 6.135 , 0.424 , 44.86 , 187.76
2303 , 12469 , 143.45 , -74.6 , 12 , 21.61 , 6.169 , 0.430 , 45.25 , 187.37
2313 , 12511 , 142.40 , -74.9 , 12 , 21.54 , 6.268 , 0.440 , 45.61 , 187.01
2323 , 12553 , 141.38 , -75.0 , 12 , 21.46 , 6.453 , 0.456 , 45.97 , 186.65
2333 , 12597 , 140.32 , -75.0 , 12 , 21.39 , 6.635 , 0.473 , 46.36 , 186.26
2343 , 12639 , 139.30 , -74.9 , 12 , 21.31 , 6.787 , 0.487 , 46.75 , 185.87
2353 , 12682 , 138.27 , -75.1 , 12 , 21.23 , 6.818 , 0.493 , 47.15 , 185.47
2363 , 12727 , 137.19 , -75.3 , 12 , 21.16 , 6.823 , 0.497 , 47.57 , 185.05
2373 , 12769 , 136.20 , -75.6 , 13 , 21.09 , 6.762 , 0.496 , 47.96 , 184.67
2383 , 12813 , 135.19 , -75.5 , 13 , 21.01 , 6.702 , 0.496 , 48.35 , 184.27
2393 , 12856 , 134.18 , -75.4 , 13 , 20.93 , 6.508 , 0.485 , 48.74 , 183.88
2403 , 12895 , 133.27 , -75.6 , 13 , 20.86 , 6.391 , 0.480 , 49.09 , 183.53
2413 , 12939 , 132.28 , -75.6 , 13 , 20.79 , 6.169 , 0.466 , 49.46 , 183.16
2423 , 12981 , 131.31 , -75.8 , 13 , 20.71 , 5.998 , 0.457 , 49.81 , 182.81
2433 , 13020 , 130.42 , -75.9 , 13 , 20.64 , 5.901 , 0.452 , 50.13 , 182.49
2443 , 13062 , 129.47 , -75.7 , 13 , 20.56 , 5.768 , 0.445 , 50.47 , 182.15
2453 , 13101 , 128.60 , -75.9 , 13 , 20.49 , 5.668 , 0.441 , 50.77 , 181.85
2463 , 13142 , 127.70 , -76.1 , 13 , 20.42 , 5.619 , 0.440 , 51.09 , 181.54
2473 , 13188 , 126.69 , -76.0 , 13 , 20.34 , 5.549 , 0.438 , 51.44 , 181.18
2483 , 13225 , 125.87 , -76.0 , 13 , 20.27 , 5.498 , 0.437 , 51.72 , 180.90
2493 , 13262 , 125.06 , -76.0 , 14 , 20.20 , 5.414 , 0.433 , 52.00 , 180.62
2503 , 13304 , 124.17 , -76.1 , 14 , 20.12 , 5.431 , 0.437 , 52.30 , 180.32
2512 , 13342 , 123.34 , -76.2 , 14 , 20.05 , 5.510 , 0.447 , 52.59 , 180.03
2521 , 13378 , 122.58 , -76.5 , 14 , 19.98 , 5.490 , 0.448 , 52.86 , 179.76
2531 , 13415 , 121.80 , -76.3 , 14 , 19.92 , 5.511 , 0.453 , 53.14 , 179.48
2541 , 13462 , 120.81 , -76.4 , 14 , 19.85 , 5.610 , 0.464 , 53.49 , 179.13
2551 , 13505 , 119.90 , -76.6 , 14 , 19.79 , 5.816 , 0.485 , 53.84 , 178.78
2561 , 13548 , 119.00 , -76.8 , 14 , 19.72 , 5.985 , 0.503 , 54.19 , 178.43
2571 , 13590 , 118.14 , -77.0 , 14 , 19.65 , 6.185 , 0.524 , 54.54 , 178.08
2581 , 13631 , 117.31 , -76.9 , 14 , 19.58 , 6.495 , 0.554 , 54.89 , 177.73
2591 , 13672 , 116.46 , -77.0 , 14 , 19.52 , 6.965 , 0.598 , 55.27 , 177.35
2601 , 13716 , 115.57 , -77.0 , 14 , 19.45 , 7.411 , 0.641 , 55.71 , 176.91
2611 , 13762 , 114.65 , -77.3 , 14 , 19.39 , 7.754 , 0.676 , 56.19 , 176.43
2621 , 13807 , 113.77 , -77.4 , 14 , 19.32 , 7.912 , 0.695 , 56.67 , 175.96
2631 , 13852 , 112.86 , -77.5 , 14 , 19.27 , 7.976 , 0.707 , 57.17 , 175.45
2641 , 13897 , 111.99 , -77.6 , 14 , 19.21 , 8.081 , 0.722 , 57.66 , 174.96
2651 , 13941 , 111.13 , -77.6 , 14 , 19.15 , 8.174 , 0.735 , 58.15 , 174.47
2661 , 13984 , 110.30 , -77.7 , 14 , 19.10 , 8.314 , 0.754 , 58.64 , 173.98
2671 , 14026 , 109.48 , -77.9 , 14 , 19.04 , 8.422 , 0.769 , 59.13 , 173.49
2681 , 14069 , 108.66 , -78.1 , 14 , 18.99 , 8.363 , 0.770 , 59.63 , 172.99
2691 , 14111 , 107.87 , -78.3 , 14 , 18.93 , 8.041 , 0.745 , 60.11 , 172.51
2701 , 14156 , 107.03 , -78.4 , 15 , 18.88 , 7.538 , 0.704 , 60.58 , 172.04
2711 , 14200 , 106.19 , -78.7 , 15 , 18.82 , 7.122 , 0.671 , 61.04 , 171.58
2721 , 14244 , 105.38 , -78.9 , 15 , 18.76 , 6.810 , 0.646 , 61.46 , 171.16
2730 , 14283 , 104.67 , -79.0 , 15 , 18.71 , 6.610 , 0.631 , 61.82 , 170.80
2740 , 14321 , 103.97 , -79.1 , 15 , 18.65 , 6.535 , 0.629 , 62.17 , 170.45
2750 , 14359 , 103.26 , -79.1 , 15 , 18.59 , 6.508 , 0.630 , 62.52 , 170.10
2760 , 14400 , 102.52 , -79.3 , 15 , 18.53 , 6.479 , 0.632 , 62.89 , 169.73
2770 , 14441 , 101.79 , -79.2 , 15 , 18.47 , 6.488 , 0.637 , 63.25 , 169.37
2780 , 14482 , 101.05 , -79.1 , 16 , 18.41 , 6.499 , 0.643 , 63.63 , 169.00
2790 , 14523 , 100.33 , -79.0 , 16 , 18.34 , 6.472 , 0.645 , 63.99 , 168.63
2800 , 14563 , 99.63 , -78.8 , 16 , 18.28 , 6.610 , 0.663 , 64.36 , 168.26
2810 , 14607 , 98.86 , -78.6 , 16 , 18.21 , 6.958 , 0.704 , 64.77 , 167.85
2819 , 14646 , 98.18 , -78.5 , 16 , 18.15 , 7.838 , 0.798 , 65.17 , 167.45
2829 , 14688 , 97.47 , -78.6 , 16 , 18.09 , 8.892 , 0.912 , 65.65 , 166.97
2839 , 14730 , 96.74 , -78.9 , 16 , 18.03 , 9.784 , 1.011 , 66.21 , 166.41
2849 , 14774 , 95.99 , -78.9 , 16 , 17.96 , 10.280 , 1.071 , 66.82 , 165.80
2859 , 14816 , 95.30 , -79.0 , 16 , 17.89 , 10.661 , 1.119 , 67.42 , 165.20
2869 , 14857 , 94.60 , -78.9 , 16 , 17.82 , 11.102 , 1.174 , 68.05 , 164.57
2879 , 14900 , 93.90 , -79.0 , 15 , 17.76 , 11.805 , 1.257 , 68.72 , 163.90
2889 , 14941 , 93.23 , -79.1 , 15 , 17.68 , 12.262 , 1.315 , 69.41 , 163.22
2899 , 14984 , 92.52 , -79.1 , 15 , 17.62 , 12.561 , 1.358 , 70.15 , 162.47
2909 , 15031 , 91.76 , -79.3 , 15 , 17.55 , 12.659 , 1.380 , 70.97 , 161.65
2919 , 15076 , 91.04 , -79.2 , 15 , 17.48 , 12.633 , 1.388 , 71.77 , 160.86
2929 , 15122 , 90.29 , -79.0 , 15 , 17.42 , 12.740 , 1.411 , 72.58 , 160.04
2939 , 15166 , 89.60 , -79.2 , 15 , 17.35 , 13.015 , 1.452 , 73.36 , 159.26
2949 , 15210 , 88.91 , -79.2 , 15 , 17.28 , 13.254 , 1.491 , 74.17 , 158.45
2959 , 15256 , 88.20 , -79.0 , 15 , 17.22 , 13.319 , 1.510 , 75.01 , 157.61
2969 , 15300 , 87.51 , -79.1 , 15 , 17.15 , 13.375 , 1.528 , 75.84 , 156.78
2979 , 15346 , 86.81 , -79.1 , 15 , 17.09 , 13.175 , 1.518 , 76.68 , 155.94
2989 , 15390 , 86.13 , -79.4 , 15 , 17.03 , 13.203 , 1.533 , 77.50 , 155.12
2999 , 15434 , 85.47 , -79.7 , 15 , 16.96 , 13.196 , 1.544 , 78.29 , 154.33
3009 , 15478 , 84.81 , -79.8 , 14 , 16.90 , 13.181 , 1.554 , 79.10 , 153.52
3019 , 15522 , 84.15 , -80.1 , 14 , 16.84 , 13.279 , 1.578 , 79.93 , 152.69
3029 , 15565 , 83.51 , -80.1 , 14 , 16.78 , 13.471 , 1.613 , 80.72 , 151.90
3039 , 15607 , 82.89 , -80.1 , 14 , 16.72 , 13.596 , 1.640 , 81.52 , 151.10
3049 , 15650 , 82.27 , -80.3 , 14 , 16.66 , 13.816 , 1.679 , 82.34 , 150.28
3059 , 15694 , 81.63 , -80.5 , 14 , 16.60 , 13.919 , 1.705 , 83.20 , 149.42
3069 , 15738 , 80.99 , -80.4 , 14 , 16.54 , 14.236 , 1.758 , 84.07 , 148.55
3079 , 15786 , 80.31 , -80.4 , 14 , 16.48 , 14.538 , 1.810 , 85.03 , 147.59
3089 , 15834 , 79.63 , -80.2 , 14 , 16.42 , 14.709 , 1.847 , 86.01 , 146.61
3099 , 15877 , 79.03 , -80.2 , 14 , 16.36 , 14.898 , 1.885 , 86.89 , 145.73
3109 , 15921 , 78.40 , -80.2 , 14 , 16.29 , 15.106 , 1.927 , 87.83 , 144.79
3119 , 15969 , 77.74 , -80.3 , 14 , 16.24 , 15.434 , 1.985 , 88.85 , 143.77
3129 , 16015 , 77.11 , -80.4 , 14 , 16.18 , 15.405 , 1.998 , 89.84 , 142.78
3138 , 16060 , 76.50 , -80.4 , 14 , 16.12 , 15.018 , 1.963 , 90.80 , 141.82
3148 , 16106 , 75.88 , -80.6 , 14 , 16.06 , 14.635 , 1.929 , 91.74 , 140.88
3158 , 16148 , 75.32 , -80.8 , 14 , 16.00 , 14.441 , 1.917 , 92.60 , 140.02
3168 , 16190 , 74.76 , -81.0 , 14 , 15.94 , 14.138 , 1.891 , 93.45 , 139.17
3178 , 16232 , 74.20 , -80.8 , 14 , 15.88 , 13.547 , 1.826 , 94.26 , 138.36
3188 , 16273 , 73.66 , -80.7 , 14 , 15.82 , 13.222 , 1.795 , 95.03 , 137.59
3198 , 16314 , 73.13 , -80.7 , 14 , 15.76 , 13.126 , 1.795 , 95.78 , 136.84
3208 , 16354 , 72.61 , -80.8 , 14 , 15.69 , 13.235 , 1.823 , 96.53 , 136.10
3218 , 16395 , 72.08 , -80.9 , 14 , 15.63 , 13.104 , 1.818 , 97.29 , 135.34
3228 , 16437 , 71.54 , -81.0 , 14 , 15.56 , 12.903 , 1.804 , 98.06 , 134.56
3238 , 16479 , 71.01 , -80.6 , 14 , 15.50 , 12.800 , 1.802 , 98.81 , 133.81
3248 , 16520 , 70.50 , -80.7 , 14 , 15.44 , 12.838 , 1.821 , 99.54 , 133.08
3258 , 16560 , 70.00 , -80.6 , 14 , 15.37 , 12.904 , 1.843 , 100.27 , 132.35
3268 , 16602 , 69.48 , -80.6 , 14 , 15.31 , 12.945 , 1.863 , 101.03 , 131.59
3278 , 16642 , 68.99 , -80.3 , 14 , 15.24 , 13.058 , 1.893 , 101.76 , 130.86
3288 , 16682 , 68.51 , -80.4 , 14 , 15.18 , 13.063 , 1.907 , 102.48 , 130.14
3298 , 16721 , 68.04 , -80.7 , 14 , 15.11 , 12.979 , 1.908 , 103.19 , 129.44
3308 , 16759 , 67.57 , -80.9 , 14 , 15.05 , 12.805 , 1.895 , 103.89 , 128.73
3318 , 16799 , 67.10 , -81.1 , 14 , 14.98 , 12.771 , 1.903 , 104.59 , 128.03
3328 , 16841 , 66.59 , -81.2 , 14 , 14.91 , 12.545 , 1.884 , 105.35 , 127.27
3338 , 16883 , 66.10 , -81.0 , 14 , 14.85 , 12.289 , 1.859 , 106.08 , 126.54
3348 , 16925 , 65.61 , -80.9 , 14 , 14.78 , 12.181 , 1.857 , 106.79 , 125.83
3358 , 16964 , 65.15 , -80.8 , 14 , 14.71 , 12.080 , 1.854 , 107.47 , 125.15
3368 , 17004 , 64.69 , -80.7 , 14 , 14.65 , 12.090 , 1.869 , 108.14 , 124.48
3378 , 17047 , 64.20 , -80.8 , 14 , 14.58 , 12.144 , 1.891 , 108.87 , 123.75
3388 , 17087 , 63.74 , -80.8 , 14 , 14.51 , 12.277 , 1.926 , 109.56 , 123.06
3398 , 17131 , 63.26 , -81.0 , 14 , 14.44 , 12.279 , 1.941 , 110.30 , 122.32
3408 , 17177 , 62.74 , -81.1 , 14 , 14.37 , 12.017 , 1.915 , 111.09 , 121.53
3418 , 17218 , 62.28 , -81.4 , 14 , 14.31 , 11.570 , 1.858 , 111.78 , 120.85
3428 , 17258 , 61.83 , -81.4 , 14 , 14.24 , 11.009 , 1.780 , 112.41 , 120.21
3438 , 17301 , 61.37 , -81.4 , 14 , 14.17 , 10.507 , 1.712 , 113.06 , 119.56
3447 , 17340 , 60.94 , -81.4 , 14 , 14.11 , 10.253 , 1.683 , 113.63 , 118.99
3457 , 17379 , 60.52 , -81.5 , 14 , 14.04 , 10.100 , 1.669 , 114.19 , 118.43
3467 , 17421 , 60.06 , -81.6 , 14 , 13.97 , 9.960 , 1.658 , 114.78 , 117.84
3477 , 17463 , 59.62 , -81.8 , 14 , 13.91 , 9.816 , 1.646 , 115.36 , 117.26
3487 , 17503 , 59.19 , -82.0 , 14 , 13.84 , 9.648 , 1.630 , 115.92 , 116.70
3497 , 17546 , 58.74 , -81.8 , 14 , 13.77 , 9.688 , 1.649 , 116.49 , 116.13
3507 , 17588 , 58.30 , -81.8 , 14 , 13.70 , 9.722 , 1.668 , 117.07 , 115.55
3517 , 17631 , 57.86 , -81.7 , 14 , 13.63 , 9.800 , 1.694 , 117.66 , 114.96
3527 , 17674 , 57.41 , -81.3 , 14 , 13.57 , 9.700 , 1.690 , 118.26 , 114.36
3537 , 17720 , 56.95 , -81.2 , 14 , 13.50 , 9.761 , 1.714 , 118.88 , 113.74
3547 , 17768 , 56.46 , -81.6 , 14 , 13.43 , 9.714 , 1.721 , 119.54 , 113.08
3557 , 17818 , 55.96 , -82.0 , 14 , 13.36 , 9.694 , 1.732 , 120.22 , 112.40
3567 , 17866 , 55.48 , -82.1 , 14 , 13.29 , 9.721 , 1.752 , 120.88 , 111.74
3577 , 17911 , 55.04 , -82.2 , 14 , 13.23 , 9.773 , 1.776 , 121.50 , 111.12
3587 , 17956 , 54.60 , -82.3 , 14 , 13.16 , 9.822 , 1.799 , 122.12 , 110.50
3597 , 18005 , 54.11 , -82.5 , 14 , 13.09 , 9.849 , 1.820 , 122.81 , 109.81
3607 , 18052 , 53.66 , -82.9 , 14 , 13.03 , 9.888 , 1.843 , 123.46 , 109.16
3617 , 18099 , 53.21 , -82.9 , 14 , 12.97 , 9.895 , 1.860 , 124.13 , 108.49
3627 , 18148 , 52.75 , -83.0 , 14 , 12.90 , 9.764 , 1.851 , 124.80 , 107.82
3637 , 18198 , 52.27 , -82.9 , 14 , 12.83 , 9.624 , 1.841 , 125.49 , 107.13
3647 , 18250 , 51.79 , -82.7 , 14 , 12.77 , 9.672 , 1.868 , 126.20 , 106.42
3657 , 18300 , 51.33 , -82.8 , 14 , 12.71 , 9.638 , 1.878 , 126.88 , 105.74
3667 , 18346 , 50.90 , -82.8 , 14 , 12.65 , 9.745 , 1.914 , 127.52 , 105.10
3677 , 18394 , 50.47 , -82.7 , 14 , 12.58 , 9.769 , 1.936 , 128.18 , 104.44
3687 , 18439 , 50.06 , -82.8 , 14 , 12.52 , 9.885 , 1.975 , 128.81 , 103.81
3697 , 18487 , 49.63 , -83.1 , 14 , 12.46 , 9.892 , 1.993 , 129.48 , 103.14
3707 , 18530 , 49.25 , -83.1 , 14 , 12.40 , 9.952 , 2.021 , 130.09 , 102.53
3717 , 18572 , 48.88 , -82.8 , 14 , 12.35 , 10.025 , 2.051 , 130.68 , 101.94
3727 , 18614 , 48.51 , -82.6 , 14 , 12.29 , 10.048 , 2.071 , 131.28 , 101.34
3737 , 18660 , 48.12 , -82.4 , 14 , 12.23 , 10.092 , 2.097 , 131.92 , 100.70
3747 , 18701 , 47.77 , -82.0 , 14 , 12.17 , 10.206 , 2.137 , 132.51 , 100.11
3756 , 18740 , 47.43 , -81.8 , 14 , 12.11 , 10.281 , 2.168 , 133.08 , 99.54
3766 , 18780 , 47.09 , -81.8 , 14 , 12.06 , 10.293 , 2.186 , 133.66 , 98.96
3776 , 18820 , 46.76 , -81.7 , 14 , 12.01 , 10.190 , 2.179 , 134.24 , 98.38
3786 , 18863 , 46.40 , -81.4 , 14 , 11.95 , 10.096 , 2.176 , 134.85 , 97.77
3795 , 18905 , 46.06 , -81.7 , 14 , 11.89 , 10.029 , 2.177 , 135.44 , 97.18
3806 , 18949 , 45.69 , -81.8 , 14 , 11.84 , 9.958 , 2.179 , 136.07 , 96.55
3816 , 18994 , 45.33 , -82.0 , 14 , 11.78 , 9.880 , 2.179 , 136.69 , 95.93
3826 , 19038 , 44.98 , -82.1 , 14 , 11.72 , 9.820 , 2.183 , 137.30 , 95.32
3836 , 19083 , 44.61 , -82.3 , 14 , 11.66 , 9.600 , 2.152 , 137.93 , 94.69
3846 , 19129 , 44.25 , -82.4 , 14 , 11.61 , 9.455 , 2.137 , 138.54 , 94.08
3856 , 19174 , 43.89 , -82.7 , 14 , 11.55 , 9.259 , 2.109 , 139.14 , 93.48
3866 , 19220 , 43.53 , -82.6 , 14 , 11.49 , 9.075 , 2.085 , 139.74 , 92.88
3875 , 19266 , 43.17 , -82.7 , 14 , 11.44 , 9.004 , 2.086 , 140.33 , 92.30
3885 , 19313 , 42.81 , -82.9 , 14 , 11.38 , 8.873 , 2.072 , 140.91 , 91.71
3896 , 19366 , 42.41 , -82.8 , 14 , 11.32 , 8.603 , 2.029 , 141.57 , 91.05
3904 , 19407 , 42.10 , -82.8 , 14 , 11.27 , 8.394 , 1.994 , 142.06 , 90.56
3915 , 19457 , 41.72 , -83.0 , 14 , 11.21 , 8.128 , 1.948 , 142.65 , 89.97
3925 , 19503 , 41.37 , -83.0 , 14 , 11.16 , 7.990 , 1.931 , 143.18 , 89.44
3935 , 19552 , 41.01 , -83.0 , 14 , 11.10 , 7.967 , 1.943 , 143.74 , 88.89
3944 , 19591 , 40.73 , -83.0 , 14 , 11.05 , 7.929 , 1.947 , 144.17 , 88.45
3954 , 19637 , 40.39 , -83.1 , 14 , 11.00 , 7.845 , 1.942 , 144.68 , 87.94
3961 , 19671 , 40.14 , -83.1 , 14 , 10.97 , 7.799 , 1.943 , 145.07 , 87.55
3970 , 19713 , 39.84 , -82.9 , 14 , 10.92 , 7.705 , 1.934 , 145.52 , 87.10
3979 , 19752 , 39.56 , -83.0 , 14 , 10.87 , 7.637 , 1.930 , 145.95 , 86.67
3988 , 19798 , 39.24 , -83.0 , 14 , 10.83 , 7.588 , 1.934 , 146.45 , 86.18
3998 , 19842 , 38.93 , -83.2 , 14 , 10.78 , 7.556 , 1.941 , 146.92 , 85.70
4007 , 19882 , 38.65 , -83.3 , 14 , 10.74 , 7.488 , 1.937 , 147.35 , 85.27
4017 , 19926 , 38.34 , -83.3 , 14 , 10.70 , 7.427 , 1.937 , 147.81 , 84.81
4025 , 19963 , 38.09 , -83.1 , 14 , 10.67 , 7.397 , 1.942 , 148.20 , 84.42
4034 , 20001 , 37.83 , -82.6 , 14 , 10.64 , 7.360 , 1.945 , 148.60 , 84.02
4043 , 20041 , 37.56 , -82.7 , 14 , 10.62 , 7.348 , 1.956 , 149.02 , 83.60
4052 , 20084 , 37.27 , -82.9 , 14 , 10.59 , 7.357 , 1.974 , 149.46 , 83.16
4063 , 20128 , 36.98 , -82.8 , 14 , 10.55 , 7.293 , 1.972 , 149.92 , 82.70
4072 , 20161 , 36.76 , -82.6 , 14 , 10.53 , 7.275 , 1.979 , 150.26 , 82.36
4082 , 20206 , 36.47 , -82.5 , 14 , 10.49 , 7.240 , 1.985 , 150.72 , 81.90
4091 , 20243 , 36.22 , -82.6 , 14 , 10.46 , 7.216 , 1.992 , 151.10 , 81.52
4102 , 20291 , 35.92 , -82.9 , 14 , 10.43 , 7.135 , 1.987 , 151.59 , 81.03
4111 , 20330 , 35.66 , -83.2 , 14 , 10.39 , 7.066 , 1.982 , 151.99 , 80.64
4121 , 20375 , 35.38 , -83.3 , 14 , 10.37 , 7.083 , 2.002 , 152.43 , 80.19
4130 , 20419 , 35.10 , -83.5 , 14 , 10.33 , 6.973 , 1.987 , 152.87 , 79.75
4140 , 20467 , 34.79 , -83.6 , 14 , 10.30 , 6.840 , 1.966 , 153.35 , 79.27
4150 , 20514 , 34.50 , -83.7 , 14 , 10.26 , 6.716 , 1.946 , 153.80 , 78.82
4159 , 20563 , 34.20 , -84.0 , 14 , 10.23 , 6.594 , 1.928 , 154.26 , 78.36
4170 , 20614 , 33.89 , -84.2 , 14 , 10.19 , 6.471 , 1.909 , 154.73 , 77.89
4179 , 20656 , 33.63 , -84.4 , 14 , 10.16 , 6.375 , 1.896 , 155.12 , 77.50
4188 , 20703 , 33.34 , -84.4 , 14 , 10.12 , 6.327 , 1.898 , 155.55 , 77.07
4197 , 20748 , 33.07 , -84.6 , 14 , 10.09 , 6.280 , 1.899 , 155.95 , 76.67
4208 , 20800 , 32.76 , -84.6 , 14 , 10.05 , 6.206 , 1.894 , 156.42 , 76.20
4217 , 20842 , 32.51 , -84.2 , 14 , 10.01 , 6.168 , 1.897 , 156.79 , 75.83
4227 , 20891 , 32.23 , -84.3 , 14 , 9.98 , 6.122 , 1.900 , 157.22 , 75.40
4237 , 20939 , 31.95 , -84.6 , 14 , 9.94 , 6.043 , 1.891 , 157.63 , 74.99
4247 , 20990 , 31.66 , -84.8 , 14 , 9.89 , 6.030 , 1.905 , 158.07 , 74.55
4256 , 21031 , 31.42 , -85.0 , 14 , 9.86 , 5.935 , 1.889 , 158.43 , 74.19
4266 , 21076 , 31.16 , -85.0 , 14 , 9.82 , 5.851 , 1.877 , 158.81 , 73.81
4276 , 21121 , 30.91 , -84.6 , 14 , 9.78 , 5.800 , 1.876 , 159.18 , 73.44
4286 , 21167 , 30.65 , -84.6 , 14 , 9.73 , 5.743 , 1.873 , 159.56 , 73.06
4296 , 21215 , 30.39 , -84.8 , 14 , 9.69 , 5.632 , 1.853 , 159.95 , 72.67
4303 , 21252 , 30.18 , -84.9 , 14 , 9.66 , 5.579 , 1.848 , 160.25 , 72.37
4314 , 21307 , 29.89 , -85.1 , 14 , 9.61 , 5.596 , 1.873 , 160.69 , 71.93
4323 , 21352 , 29.64 , -85.3 , 14 , 9.57 , 5.506 , 1.857 , 161.05 , 71.57
4334 , 21402 , 29.37 , -85.3 , 14 , 9.53 , 5.470 , 1.862 , 161.44 , 71.18
4343 , 21445 , 29.15 , -85.1 , 14 , 9.49 , 5.438 , 1.866 , 161.78 , 70.84
4354 , 21498 , 28.87 , -84.9 , 14 , 9.44 , 5.392 , 1.868 , 162.19 , 70.43
4361 , 21534 , 28.68 , -84.7 , 14 , 9.41 , 5.370 , 1.872 , 162.46 , 70.16
4368 , 21568 , 28.50 , -84.5 , 14 , 9.38 , 5.359 , 1.880 , 162.73 , 69.89
4375 , 21603 , 28.32 , -84.7 , 14 , 9.34 , 5.363 , 1.893 , 162.99 , 69.63
4383 , 21642 , 28.12 , -84.9 , 14 , 9.30 , 5.322 , 1.892 , 163.29 , 69.33
4393 , 21689 , 27.88 , -84.9 , 14 , 9.26 , 5.307 , 1.903 , 163.65 , 68.97
4400 , 21723 , 27.71 , -84.4 , 14 , 9.23 , 5.275 , 1.903 , 163.91 , 68.71
4408 , 21763 , 27.51 , -84.3 , 14 , 9.19 , 5.252 , 1.909 , 164.21 , 68.41
4419 , 21818 , 27.24 , -84.4 , 14 , 9.14 , 5.192 , 1.906 , 164.62 , 68.00
4427 , 21859 , 27.04 , -84.5 , 14 , 9.09 , 5.158 , 1.907 , 164.92 , 67.70
4435 , 21895 , 26.86 , -84.5 , 14 , 9.06 , 5.138 , 1.913 , 165.19 , 67.43
4443 , 21931 , 26.69 , -84.6 , 14 , 9.02 , 5.130 , 1.922 , 165.45 , 67.17
4451 , 21974 , 26.48 , -84.4 , 14 , 8.98 , 5.121 , 1.934 , 165.76 , 66.86
4461 , 22018 , 26.27 , -84.0 , 14 , 8.92 , 5.111 , 1.946 , 166.09 , 66.53
4469 , 22060 , 26.07 , -84.0 , 14 , 8.88 , 5.097 , 1.955 , 166.39 , 66.23
4485 , 22135 , 25.72 , -84.2 , 15 , 8.80 , 5.076 , 1.973 , 166.94 , 65.68
4492 , 22163 , 25.59 , -84.2 , 15 , 8.77 , 5.058 , 1.976 , 167.14 , 65.48
4500 , 22199 , 25.43 , -84.3 , 15 , 8.73 , 5.035 , 1.980 , 167.40 , 65.22
4509 , 22243 , 25.22 , -84.2 , 15 , 8.68 , 5.032 , 1.995 , 167.72 , 64.90
4520 , 22292 , 25.00 , -84.2 , 15 , 8.63 , 5.047 , 2.019 , 168.07 , 64.55
4528 , 22328 , 24.84 , -83.8 , 14 , 8.60 , 5.067 , 2.040 , 168.32 , 64.30
4536 , 22362 , 24.69 , -83.5 , 14 , 8.57 , 5.075 , 2.056 , 168.58 , 64.05
4545 , 22402 , 24.51 , -83.3 , 15 , 8.52 , 5.086 , 2.075 , 168.86 , 63.76
4551 , 22427 , 24.40 , -83.1 , 15 , 8.49 , 5.104 , 2.092 , 169.04 , 63.58
4567 , 22494 , 24.11 , -83.0 , 15 , 8.42 , 5.195 , 2.155 , 169.53 , 63.09
4572 , 22513 , 24.03 , -83.0 , 15 , 8.40 , 5.201 , 2.165 , 169.67 , 62.95
4581 , 22552 , 23.86 , -83.1 , 15 , 8.36 , 5.245 , 2.198 , 169.96 , 62.66
4588 , 22583 , 23.72 , -83.2 , 15 , 8.33 , 5.267 , 2.220 , 170.20 , 62.42
4597 , 22623 , 23.56 , -83.3 , 15 , 8.28 , 5.280 , 2.241 , 170.49 , 62.13
4606 , 22660 , 23.40 , -83.2 , 15 , 8.24 , 5.278 , 2.256 , 170.77 , 61.85
4615 , 22700 , 23.23 , -83.1 , 15 , 8.19 , 5.273 , 2.269 , 171.07 , 61.56
4625 , 22744 , 23.05 , -82.9 , 15 , 8.14 , 5.277 , 2.289 , 171.40 , 61.22
4635 , 22782 , 22.89 , -82.8 , 15 , 8.09 , 5.312 , 2.321 , 171.68 , 60.94
4647 , 22838 , 22.66 , -82.4 , 15 , 8.01 , 5.361 , 2.366 , 172.11 , 60.51
4656 , 22878 , 22.50 , -82.0 , 15 , 7.96 , 5.485 , 2.438 , 172.41 , 60.21
4665 , 22918 , 22.34 , -82.0 , 15 , 7.91 , 5.628 , 2.519 , 172.73 , 59.89
4676 , 22971 , 22.13 , -82.0 , 15 , 7.83 , 5.780 , 2.612 , 173.15 , 59.47
4683 , 23007 , 21.99 , -82.1 , 15 , 7.79 , 5.837 , 2.655 , 173.44 , 59.18
4693 , 23054 , 21.80 , -81.9 , 15 , 7.72 , 5.913 , 2.712 , 173.84 , 58.78
4700 , 23086 , 21.68 , -81.5 , 15 , 7.68 , 6.023 , 2.778 , 174.10 , 58.52
4709 , 23130 , 21.51 , -81.2 , 15 , 7.61 , 6.129 , 2.849 , 174.49 , 58.14
4718 , 23174 , 21.35 , -81.2 , 15 , 7.55 , 6.179 , 2.895 , 174.86 , 57.76
4727 , 23218 , 21.18 , -81.2 , 15 , 7.49 , 6.204 , 2.930 , 175.25 , 57.37
4737 , 23272 , 20.97 , -81.3 , 15 , 7.41 , 6.198 , 2.955 , 175.72 , 56.90
4747 , 23323 , 20.78 , -81.6 , 15 , 7.35 , 6.220 , 2.993 , 176.16 , 56.46
4758 , 23378 , 20.58 , -81.8 , 15 , 7.27 , 6.310 , 3.066 , 176.64 , 55.98
4767 , 23431 , 20.39 , -81.8 , 15 , 7.20 , 6.451 , 3.164 , 177.12 , 55.50
4777 , 23478 , 20.22 , -81.7 , 14 , 7.14 , 6.639 , 3.284 , 177.56 , 55.06
4787 , 23530 , 20.03 , -81.4 , 14 , 7.07 , 6.780 , 3.385 , 178.05 , 54.57
4797 , 23581 , 19.85 , -81.0 , 14 , 7.00 , 6.795 , 3.423 , 178.53 , 54.09
4807 , 23627 , 19.69 , -81.0 , 14 , 6.93 , 6.722 , 3.414 , 178.97 , 53.65
4817 , 23675 , 19.52 , -80.8 , 14 , 6.87 , 6.668 , 3.415 , 179.41 , 53.21
4827 , 23722 , 19.36 , -80.9 , 14 , 6.81 , 6.665 , 3.443 , 179.86 , 52.76
4837 , 23771 , 19.19 , -81.0 , 14 , 6.75 , 6.615 , 3.447 , 180.32 , 52.30
4847 , 23819 , 19.03 , -81.3 , 14 , 6.69 , 6.572 , 3.454 , 180.76 , 51.86
4857 , 23867 , 18.87 , -81.3 , 14 , 6.62 , 6.425 , 3.405 , 181.20 , 51.43
4867 , 23915 , 18.71 , -81.1 , 14 , 6.57 , 6.256 , 3.344 , 181.63 , 51.00
4877 , 23963 , 18.55 , -81.1 , 14 , 6.51 , 6.066 , 3.271 , 182.04 , 50.58
4887 , 24018 , 18.36 , -81.3 , 14 , 6.45 , 5.869 , 3.196 , 182.50 , 50.12
4897 , 24065 , 18.21 , -81.5 , 14 , 6.39 , 5.766 , 3.166 , 182.89 , 49.74
4907 , 24115 , 18.05 , -81.7 , 14 , 6.34 , 5.690 , 3.152 , 183.29 , 49.33
4917 , 24168 , 17.88 , -81.6 , 14 , 6.28 , 5.538 , 3.097 , 183.71 , 48.91
4927 , 24215 , 17.73 , -81.7 , 14 , 6.22 , 5.453 , 3.075 , 184.07 , 48.55
4937 , 24262 , 17.58 , -81.5 , 14 , 6.17 , 5.435 , 3.091 , 184.43 , 48.19
4947 , 24310 , 17.43 , -80.8 , 14 , 6.11 , 5.253 , 3.013 , 184.79 , 47.83
4957 , 24357 , 17.29 , -80.6 , 14 , 6.06 , 5.183 , 2.998 , 185.14 , 47.48
4967 , 24406 , 17.14 , -80.6 , 14 , 6.00 , 5.108 , 2.980 , 185.49 , 47.13
4977 , 24453 , 17.00 , -80.6 , 14 , 5.95 , 5.044 , 2.968 , 185.82 , 46.80
4986 , 24498 , 16.86 , -80.4 , 13 , 5.90 , 4.979 , 2.953 , 186.14 , 46.48
4995 , 24541 , 16.74 , -80.6 , 14 , 5.85 , 4.926 , 2.944 , 186.43 , 46.19
5005 , 24586 , 16.60 , -80.8 , 14 , 5.80 , 4.875 , 2.937 , 186.75 , 45.87
5015 , 24629 , 16.47 , -81.0 , 13 , 5.74 , 4.839 , 2.937 , 187.04 , 45.58
5025 , 24678 , 16.33 , -80.6 , 13 , 5.69 , 4.696 , 2.876 , 187.37 , 45.25
5035 , 24725 , 16.20 , -80.5 , 13 , 5.64 , 4.645 , 2.868 , 187.68 , 44.95
5045 , 24769 , 16.07 , -80.1 , 13 , 5.60 , 4.623 , 2.877 , 187.96 , 44.66
5055 , 24813 , 15.95 , -80.1 , 13 , 5.55 , 4.556 , 2.857 , 188.24 , 44.38
5065 , 24858 , 15.82 , -79.9 , 13 , 5.50 , 4.491 , 2.839 , 188.52 , 44.10
5075 , 24903 , 15.69 , -79.2 , 13 , 5.46 , 4.513 , 2.876 , 188.81 , 43.81
5085 , 24950 , 15.57 , -78.6 , 13 , 5.42 , 4.563 , 2.931 , 189.10 , 43.52
5095 , 24996 , 15.44 , -78.6 , 13 , 5.38 , 4.562 , 2.955 , 189.40 , 43.23
5105 , 25042 , 15.32 , -78.6 , 13 , 5.34 , 4.564 , 2.980 , 189.69 , 42.94
5115 , 25085 , 15.20 , -78.6 , 13 , 5.31 , 4.547 , 2.991 , 189.96 , 42.66
5125 , 25130 , 15.08 , -78.7 , 13 , 5.27 , 4.525 , 3.001 , 190.24 , 42.38
5135 , 25178 , 14.96 , -78.8 , 13 , 5.24 , 4.524 , 3.025 , 190.54 , 42.08
5145 , 25222 , 14.84 , -78.6 , 13 , 5.21 , 4.491 , 3.026 , 190.82 , 41.80
5155 , 25273 , 14.71 , -78.7 , 13 , 5.18 , 4.493 , 3.055 , 191.14 , 41.49
5165 , 25320 , 14.59 , -78.7 , 12 , 5.15 , 4.475 , 3.068 , 191.42 , 41.20
5175 , 25366 , 14.47 , -79.0 , 12 , 5.12 , 4.437 , 3.066 , 191.71 , 40.91
5185 , 25414 , 14.35 , -79.3 , 12 , 5.09 , 4.418 , 3.080 , 192.01 , 40.61
5195 , 25465 , 14.22 , -79.5 , 12 , 5.06 , 4.401 , 3.095 , 192.31 , 40.31
5205 , 25516 , 14.09 , -79.6 , 12 , 5.03 , 4.368 , 3.099 , 192.63 , 39.99
5215 , 25567 , 13.96 , -79.6 , 12 , 5.00 , 4.343 , 3.110 , 192.94 , 39.68
5225 , 25621 , 13.83 , -79.8 , 12 , 4.97 , 4.317 , 3.121 , 193.27 , 39.35
5235 , 25674 , 13.70 , -79.8 , 12 , 4.94 , 4.310 , 3.145 , 193.58 , 39.04
5244 , 25725 , 13.58 , -79.7 , 12 , 4.91 , 4.289 , 3.159 , 193.89 , 38.73
5254 , 25778 , 13.45 , -79.6 , 12 , 4.88 , 4.273 , 3.176 , 194.20 , 38.42
5264 , 25832 , 13.33 , -79.2 , 12 , 4.84 , 4.266 , 3.201 , 194.53 , 38.09
5274 , 25888 , 13.19 , -79.2 , 12 , 4.80 , 4.253 , 3.223 , 194.86 , 37.76
5283 , 25939 , 13.08 , -79.3 , 12 , 4.77 , 4.215 , 3.223 , 195.16 , 37.46
5292 , 25988 , 12.96 , -79.4 , 12 , 4.75 , 4.196 , 3.236 , 195.45 , 37.17
5301 , 26035 , 12.86 , -79.7 , 11 , 4.72 , 4.157 , 3.233 , 195.72 , 36.90
5310 , 26083 , 12.75 , -80.0 , 11 , 4.70 , 4.094 , 3.211 , 195.99 , 36.63
5320 , 26135 , 12.63 , -80.4 , 11 , 4.67 , 4.095 , 3.242 , 196.29 , 36.33
5330 , 26188 , 12.51 , -80.7 , 11 , 4.65 , 4.038 , 3.226 , 196.59 , 36.03
5340 , 26239 , 12.40 , -80.9 , 11 , 4.62 , 4.020 , 3.241 , 196.88 , 35.74
5350 , 26288 , 12.29 , -81.0 , 11 , 4.60 , 3.967 , 3.226 , 197.15 , 35.47
5360 , 26335 , 12.19 , -80.3 , 11 , 4.57 , 3.950 , 3.240 , 197.42 , 35.21
5370 , 26383 , 12.09 , -79.9 , 11 , 4.54 , 4.070 , 3.366 , 197.68 , 34.94
5380 , 26428 , 11.99 , -79.4 , 11 , 4.49 , 4.090 , 3.410 , 197.94 , 34.68
5390 , 26468 , 11.91 , -79.1 , 11 , 4.45 , 4.063 , 3.412 , 198.17 , 34.45
5400 , 26508 , 11.83 , -78.7 , 11 , 4.44 , 4.031 , 3.409 , 198.39 , 34.23
5410 , 26550 , 11.74 , -78.6 , 11 , 4.42 , 3.993 , 3.401 , 198.63 , 34.00
5420 , 26593 , 11.65 , -78.2 , 11 , 4.41 , 3.954 , 3.394 , 198.86 , 33.76
5430 , 26634 , 11.57 , -77.9 , 10 , 4.40 , 3.926 , 3.394 , 199.08 , 33.54
5440 , 26675 , 11.48 , -78.3 , 11 , 4.40 , 3.885 , 3.383 , 199.31 , 33.31
5450 , 26716 , 11.40 , -78.5 , 11 , 4.39 , 3.845 , 3.373 , 199.53 , 33.09
5459 , 26752 , 11.33 , -78.3 , 10 , 4.39 , 3.768 , 3.325 , 199.71 , 32.91
5469 , 26788 , 11.26 , -78.1 , 10 , 4.38 , 3.744 , 3.325 , 199.90 , 32.72
5479 , 26828 , 11.18 , -78.2 , 10 , 4.37 , 3.714 , 3.322 , 200.11 , 32.51
5489 , 26867 , 11.10 , -78.3 , 10 , 4.36 , 3.731 , 3.360 , 200.31 , 32.31
5499 , 26907 , 11.03 , -77.7 , 10 , 4.34 , 3.689 , 3.346 , 200.51 , 32.11
5509 , 26948 , 10.95 , -76.3 , 10 , 4.31 , 3.666 , 3.349 , 200.72 , 31.90
5519 , 26987 , 10.87 , -75.4 , 9 , 4.28 , 3.642 , 3.349 , 200.92 , 31.71
5529 , 27028 , 10.80 , -74.9 , 9 , 4.25 , 3.715 , 3.441 , 201.12 , 31.50
5539 , 27071 , 10.72 , -75.2 , 10 , 4.22 , 3.750 , 3.499 , 201.34 , 31.28
5549 , 27112 , 10.64 , -75.4 , 10 , 4.17 , 3.695 , 3.472 , 201.55 , 31.07
5559 , 27152 , 10.57 , -75.1 , 9 , 4.13 , 3.740 , 3.539 , 201.75 , 30.87
5569 , 27195 , 10.49 , -75.1 , 9 , 4.09 , 3.707 , 3.534 , 201.97 , 30.65
5579 , 27240 , 10.41 , -75.1 , 9 , 4.04 , 3.674 , 3.530 , 202.20 , 30.42
5589 , 27282 , 10.33 , -75.0 , 9 , 4.01 , 3.643 , 3.525 , 202.41 , 30.21
5599 , 27330 , 10.25 , -74.9 , 9 , 3.97 , 3.635 , 3.546 , 202.64 , 29.98
5609 , 27373 , 10.17 , -74.4 , 9 , 3.94 , 3.619 , 3.556 , 202.85 , 29.77
5619 , 27417 , 10.10 , -74.2 , 9 , 3.92 , 3.635 , 3.600 , 203.07 , 29.55
5628 , 27459 , 10.02 , -74.2 , 8 , 3.89 , 3.641 , 3.632 , 203.28 , 29.34
5638 , 27504 , 9.95 , -74.1 , 8 , 3.86 , 3.587 , 3.606 , 203.50 , 29.13
5648 , 27545 , 9.88 , -73.5 , 8 , 3.83 , 3.575 , 3.619 , 203.69 , 28.93
5658 , 27585 , 9.81 , -73.2 , 8 , 3.81 , 3.581 , 3.650 , 203.89 , 28.73
5668 , 27627 , 9.74 , -73.4 , 8 , 3.78 , 3.563 , 3.658 , 204.09 , 28.53
5678 , 27664 , 9.68 , -73.2 , 8 , 3.74 , 3.551 , 3.669 , 204.27 , 28.35
5688 , 27704 , 9.61 , -72.9 , 8 , 3.70 , 3.541 , 3.684 , 204.46 , 28.16
5698 , 27737 , 9.56 , -72.6 , 7 , 3.66 , 3.548 , 3.712 , 204.62 , 28.00
