# ------------------------------------------------------------
#
# Flight name: V2408
# Station: Davis
# Launch Date: 30 September 2008
# Launch Time: 23:17:10
# 
# This file created: Thu Oct 02 09:57:16 2008
# 
# 
# ------------------------------------------------------------
# DATA COLUMNS
# Time (s)
# Height (m)
# Atmospheric Pressure (hPa)
# Atmospheric Temperature (°C)
# Relative Humidity (%)
# Box Temperature (°C)
# Ozone Partial Pressure (mPa)
# Ozone Mixing Ratio (ppmV)
# Accumulated Ozone to this Height (Dobson Units)
# Remaining Ozone above this Height (Dobson Units)
# 
# ------------------------------------------------------------
# 
# Integrated Ozone = 132.2 DU
# Extrapolated Ozone =  22.4 DU
# 
# Total Ozone = 154.6 DU
# 
# 
# ------------------------------------------------------------
0 , 18 , 982.80 , -23.0 , 34 , 38.96 , 2.910 , 0.030 , 0.00 , 154.63
10 , 66 , 976.32 , -22.4 , 30 , 39.09 , 2.900 , 0.030 , 0.15 , 154.48
20 , 120 , 969.16 , -22.6 , 29 , 39.10 , 2.773 , 0.029 , 0.32 , 154.31
30 , 170 , 962.62 , -22.9 , 29 , 39.05 , 2.778 , 0.029 , 0.46 , 154.16
40 , 221 , 955.88 , -23.2 , 29 , 39.02 , 2.783 , 0.029 , 0.62 , 154.01
50 , 267 , 949.92 , -23.5 , 30 , 39.01 , 2.791 , 0.029 , 0.76 , 153.87
60 , 318 , 943.32 , -23.8 , 31 , 38.99 , 2.776 , 0.029 , 0.91 , 153.72
70 , 369 , 936.73 , -24.1 , 31 , 38.98 , 2.756 , 0.029 , 1.06 , 153.57
80 , 417 , 930.57 , -24.5 , 32 , 38.98 , 2.743 , 0.029 , 1.21 , 153.42
90 , 471 , 923.69 , -25.0 , 33 , 38.92 , 2.705 , 0.029 , 1.37 , 153.26
100 , 523 , 917.07 , -25.2 , 34 , 38.90 , 2.690 , 0.029 , 1.52 , 153.11
110 , 575 , 910.49 , -25.5 , 34 , 38.87 , 2.671 , 0.029 , 1.67 , 152.96
120 , 624 , 904.39 , -25.6 , 34 , 38.82 , 2.659 , 0.029 , 1.81 , 152.82
130 , 675 , 898.05 , -26.0 , 35 , 38.79 , 2.664 , 0.030 , 1.96 , 152.67
140 , 736 , 890.49 , -26.3 , 40 , 38.74 , 2.630 , 0.030 , 2.14 , 152.49
150 , 790 , 883.89 , -26.5 , 46 , 38.68 , 2.630 , 0.030 , 2.29 , 152.34
160 , 853 , 876.20 , -27.0 , 51 , 38.66 , 2.620 , 0.030 , 2.47 , 152.16
170 , 907 , 869.60 , -27.3 , 54 , 38.65 , 2.613 , 0.030 , 2.63 , 152.00
179 , 958 , 863.53 , -27.3 , 57 , 38.64 , 2.604 , 0.030 , 2.77 , 151.86
189 , 1010 , 857.34 , -27.6 , 60 , 38.60 , 2.589 , 0.030 , 2.92 , 151.71
199 , 1064 , 850.90 , -28.0 , 63 , 38.58 , 2.582 , 0.030 , 3.07 , 151.55
208 , 1118 , 844.53 , -28.4 , 67 , 38.54 , 2.566 , 0.030 , 3.23 , 151.40
218 , 1169 , 838.44 , -28.7 , 72 , 38.54 , 2.566 , 0.031 , 3.37 , 151.25
228 , 1223 , 832.21 , -28.4 , 70 , 38.53 , 2.548 , 0.031 , 3.52 , 151.10
238 , 1280 , 825.66 , -27.8 , 55 , 38.47 , 2.539 , 0.031 , 3.68 , 150.95
248 , 1334 , 819.36 , -28.3 , 52 , 38.45 , 2.514 , 0.031 , 3.83 , 150.79
258 , 1393 , 812.73 , -28.4 , 50 , 38.42 , 2.518 , 0.031 , 4.00 , 150.63
268 , 1453 , 805.92 , -27.5 , 42 , 38.35 , 2.499 , 0.031 , 4.16 , 150.47
278 , 1510 , 799.61 , -26.4 , 34 , 38.32 , 2.479 , 0.031 , 4.32 , 150.31
288 , 1558 , 794.28 , -23.8 , 22 , 38.32 , 2.488 , 0.031 , 4.45 , 150.18
298 , 1608 , 788.87 , -22.4 , 22 , 38.32 , 2.506 , 0.032 , 4.58 , 150.05
308 , 1655 , 783.83 , -22.3 , 24 , 38.32 , 2.500 , 0.032 , 4.71 , 149.92
318 , 1707 , 778.35 , -22.1 , 21 , 38.30 , 2.483 , 0.032 , 4.85 , 149.78
328 , 1760 , 772.80 , -22.0 , 18 , 38.26 , 2.452 , 0.032 , 4.99 , 149.64
338 , 1812 , 767.29 , -22.2 , 19 , 38.21 , 2.417 , 0.032 , 5.12 , 149.50
348 , 1861 , 762.21 , -22.3 , 22 , 38.19 , 2.404 , 0.032 , 5.25 , 149.38
358 , 1910 , 757.14 , -22.5 , 21 , 38.15 , 2.350 , 0.031 , 5.38 , 149.25
367 , 1963 , 751.68 , -22.7 , 22 , 38.15 , 2.302 , 0.031 , 5.51 , 149.12
377 , 2018 , 746.04 , -23.0 , 22 , 38.14 , 2.291 , 0.031 , 5.65 , 148.98
387 , 2077 , 740.03 , -23.5 , 23 , 38.05 , 2.246 , 0.030 , 5.79 , 148.84
397 , 2130 , 734.76 , -24.0 , 22 , 38.00 , 2.213 , 0.030 , 5.92 , 148.71
407 , 2185 , 729.18 , -24.4 , 22 , 37.97 , 2.188 , 0.030 , 6.05 , 148.58
417 , 2234 , 724.35 , -24.8 , 22 , 37.96 , 2.173 , 0.030 , 6.16 , 148.47
427 , 2290 , 718.77 , -25.2 , 21 , 37.95 , 2.139 , 0.030 , 6.29 , 148.33
437 , 2343 , 713.55 , -25.5 , 17 , 37.90 , 2.117 , 0.030 , 6.42 , 148.21
447 , 2398 , 708.08 , -25.8 , 13 , 37.87 , 2.142 , 0.030 , 6.55 , 148.08
457 , 2468 , 701.32 , -26.0 , 8 , 37.79 , 2.180 , 0.031 , 6.71 , 147.92
467 , 2518 , 696.50 , -26.0 , 5 , 37.82 , 2.231 , 0.032 , 6.83 , 147.80
477 , 2569 , 691.54 , -26.1 , 5 , 37.82 , 2.220 , 0.032 , 6.95 , 147.67
487 , 2619 , 686.77 , -26.4 , 5 , 37.79 , 2.176 , 0.032 , 7.08 , 147.55
497 , 2669 , 682.10 , -26.6 , 5 , 37.79 , 2.160 , 0.032 , 7.19 , 147.44
507 , 2717 , 677.51 , -26.8 , 5 , 37.76 , 2.134 , 0.032 , 7.31 , 147.32
516 , 2768 , 672.74 , -26.9 , 5 , 37.72 , 2.123 , 0.032 , 7.43 , 147.20
526 , 2813 , 668.56 , -27.0 , 5 , 37.68 , 2.134 , 0.032 , 7.53 , 147.10
536 , 2860 , 664.25 , -27.2 , 6 , 37.67 , 2.111 , 0.032 , 7.64 , 146.99
546 , 2916 , 659.04 , -27.5 , 8 , 37.64 , 2.045 , 0.031 , 7.77 , 146.86
556 , 2970 , 654.19 , -27.9 , 9 , 37.59 , 2.023 , 0.031 , 7.89 , 146.74
566 , 3030 , 648.68 , -28.2 , 10 , 37.55 , 2.016 , 0.031 , 8.02 , 146.61
576 , 3091 , 643.20 , -28.7 , 12 , 37.49 , 1.997 , 0.031 , 8.15 , 146.47
586 , 3140 , 638.84 , -29.1 , 14 , 37.44 , 1.996 , 0.031 , 8.26 , 146.37
596 , 3188 , 634.55 , -29.4 , 14 , 37.41 , 1.984 , 0.031 , 8.37 , 146.26
606 , 3238 , 630.11 , -29.7 , 14 , 37.40 , 1.974 , 0.031 , 8.48 , 146.15
616 , 3292 , 625.35 , -30.1 , 13 , 37.38 , 1.955 , 0.031 , 8.60 , 146.03
626 , 3351 , 620.20 , -30.4 , 12 , 37.37 , 1.942 , 0.031 , 8.72 , 145.91
636 , 3400 , 615.88 , -30.7 , 13 , 37.34 , 1.941 , 0.032 , 8.83 , 145.80
646 , 3458 , 610.88 , -31.1 , 13 , 37.28 , 1.920 , 0.031 , 8.95 , 145.67
656 , 3513 , 606.11 , -31.3 , 12 , 37.24 , 1.919 , 0.032 , 9.07 , 145.56
666 , 3564 , 601.77 , -31.5 , 10 , 37.20 , 1.907 , 0.032 , 9.18 , 145.45
676 , 3616 , 597.42 , -31.7 , 9 , 37.15 , 1.888 , 0.032 , 9.29 , 145.34
686 , 3672 , 592.64 , -31.9 , 9 , 37.13 , 1.894 , 0.032 , 9.41 , 145.22
696 , 3729 , 587.94 , -32.1 , 10 , 37.09 , 1.891 , 0.032 , 9.53 , 145.10
706 , 3778 , 583.79 , -32.4 , 11 , 37.05 , 1.894 , 0.032 , 9.63 , 144.99
716 , 3831 , 579.45 , -32.8 , 13 , 37.03 , 1.886 , 0.033 , 9.75 , 144.88
726 , 3885 , 575.01 , -33.3 , 15 , 36.97 , 1.880 , 0.033 , 9.86 , 144.77
736 , 3936 , 570.85 , -33.6 , 14 , 36.93 , 1.889 , 0.033 , 9.97 , 144.66
746 , 3992 , 566.32 , -34.1 , 13 , 36.91 , 1.882 , 0.033 , 10.09 , 144.54
756 , 4042 , 562.24 , -34.4 , 12 , 36.87 , 1.877 , 0.033 , 10.19 , 144.43
766 , 4095 , 558.01 , -34.7 , 10 , 36.82 , 1.854 , 0.033 , 10.30 , 144.32
776 , 4152 , 553.51 , -34.9 , 9 , 36.79 , 1.843 , 0.033 , 10.42 , 144.21
786 , 4209 , 548.96 , -35.1 , 8 , 36.73 , 1.803 , 0.033 , 10.54 , 144.09
796 , 4259 , 545.06 , -35.5 , 7 , 36.68 , 1.803 , 0.033 , 10.64 , 143.99
806 , 4315 , 540.66 , -36.0 , 6 , 36.66 , 1.791 , 0.033 , 10.76 , 143.87
816 , 4374 , 536.11 , -36.4 , 6 , 36.59 , 1.776 , 0.033 , 10.88 , 143.75
825 , 4429 , 531.87 , -36.8 , 5 , 36.56 , 1.790 , 0.034 , 10.99 , 143.64
835 , 4485 , 527.57 , -36.8 , 4 , 36.54 , 1.815 , 0.034 , 11.10 , 143.52
845 , 4538 , 523.52 , -36.7 , 5 , 36.51 , 1.881 , 0.036 , 11.22 , 143.41
855 , 4593 , 519.41 , -37.0 , 6 , 36.47 , 1.912 , 0.037 , 11.33 , 143.29
865 , 4652 , 514.97 , -37.2 , 8 , 36.41 , 1.885 , 0.037 , 11.46 , 143.17
875 , 4714 , 510.35 , -37.1 , 17 , 36.37 , 1.872 , 0.037 , 11.60 , 143.03
885 , 4770 , 506.26 , -37.2 , 17 , 36.30 , 1.871 , 0.037 , 11.72 , 142.91
895 , 4831 , 501.77 , -37.5 , 16 , 36.27 , 1.874 , 0.037 , 11.85 , 142.78
905 , 4884 , 497.99 , -38.0 , 19 , 36.24 , 1.872 , 0.038 , 11.96 , 142.67
915 , 4941 , 493.81 , -38.4 , 28 , 36.17 , 1.843 , 0.037 , 12.08 , 142.55
925 , 4997 , 489.83 , -39.0 , 36 , 36.12 , 1.799 , 0.037 , 12.20 , 142.43
935 , 5052 , 485.91 , -39.5 , 40 , 36.07 , 1.770 , 0.036 , 12.31 , 142.32
945 , 5118 , 481.26 , -40.0 , 47 , 36.03 , 1.758 , 0.037 , 12.45 , 142.18
955 , 5180 , 476.87 , -40.4 , 52 , 35.99 , 1.778 , 0.037 , 12.57 , 142.05
965 , 5239 , 472.79 , -40.6 , 57 , 35.94 , 1.712 , 0.036 , 12.69 , 141.94
975 , 5291 , 469.17 , -40.9 , 60 , 35.88 , 1.629 , 0.035 , 12.79 , 141.83
985 , 5344 , 465.53 , -41.4 , 64 , 35.84 , 1.568 , 0.034 , 12.89 , 141.74
995 , 5399 , 461.79 , -41.7 , 68 , 35.81 , 1.526 , 0.033 , 12.99 , 141.64
1005 , 5449 , 458.35 , -42.0 , 69 , 35.76 , 1.500 , 0.033 , 13.08 , 141.55
1015 , 5501 , 454.83 , -42.4 , 68 , 35.69 , 1.489 , 0.033 , 13.17 , 141.46
1025 , 5563 , 450.70 , -43.0 , 68 , 35.66 , 1.463 , 0.032 , 13.28 , 141.35
1035 , 5615 , 447.20 , -43.4 , 66 , 35.63 , 1.463 , 0.033 , 13.37 , 141.26
1045 , 5666 , 443.82 , -43.8 , 64 , 35.56 , 1.436 , 0.032 , 13.45 , 141.17
1055 , 5715 , 440.60 , -44.2 , 63 , 35.52 , 1.405 , 0.032 , 13.53 , 141.09
1065 , 5771 , 436.92 , -44.7 , 63 , 35.45 , 1.397 , 0.032 , 13.63 , 141.00
1075 , 5825 , 433.46 , -45.1 , 63 , 35.38 , 1.400 , 0.032 , 13.72 , 140.91
1085 , 5875 , 430.17 , -45.5 , 63 , 35.35 , 1.397 , 0.032 , 13.80 , 140.83
1095 , 5937 , 426.20 , -46.0 , 63 , 35.33 , 1.373 , 0.032 , 13.90 , 140.73
1105 , 5988 , 422.97 , -46.4 , 63 , 35.27 , 1.382 , 0.033 , 13.98 , 140.64
1114 , 6033 , 420.10 , -46.7 , 62 , 35.21 , 1.399 , 0.033 , 14.06 , 140.57
1123 , 6080 , 417.10 , -47.0 , 61 , 35.16 , 1.402 , 0.034 , 14.14 , 140.49
1133 , 6132 , 413.84 , -47.4 , 61 , 35.14 , 1.391 , 0.034 , 14.22 , 140.40
1143 , 6189 , 410.30 , -47.9 , 60 , 35.09 , 1.393 , 0.034 , 14.32 , 140.31
1153 , 6243 , 406.91 , -48.3 , 61 , 35.02 , 1.392 , 0.034 , 14.41 , 140.22
1163 , 6300 , 403.41 , -48.7 , 61 , 34.97 , 1.387 , 0.034 , 14.50 , 140.12
1173 , 6354 , 400.13 , -49.2 , 60 , 34.92 , 1.362 , 0.034 , 14.59 , 140.04
1183 , 6403 , 397.11 , -49.6 , 60 , 34.87 , 1.348 , 0.034 , 14.67 , 139.95
1193 , 6450 , 394.29 , -50.0 , 60 , 34.81 , 1.377 , 0.035 , 14.75 , 139.88
1203 , 6502 , 391.17 , -50.4 , 62 , 34.77 , 1.391 , 0.036 , 14.84 , 139.79
1213 , 6559 , 387.75 , -50.8 , 63 , 34.72 , 1.384 , 0.036 , 14.93 , 139.69
1223 , 6624 , 383.91 , -51.4 , 61 , 34.66 , 1.375 , 0.036 , 15.04 , 139.59
1233 , 6671 , 381.13 , -51.7 , 61 , 34.60 , 1.384 , 0.036 , 15.12 , 139.51
1243 , 6714 , 378.61 , -52.0 , 61 , 34.56 , 1.399 , 0.037 , 15.19 , 139.43
1253 , 6776 , 375.00 , -52.5 , 66 , 34.50 , 1.417 , 0.038 , 15.30 , 139.33
1263 , 6822 , 372.34 , -52.9 , 70 , 34.43 , 1.481 , 0.040 , 15.38 , 139.25
1273 , 6871 , 369.48 , -53.3 , 73 , 34.39 , 1.511 , 0.041 , 15.47 , 139.16
1283 , 6918 , 366.81 , -53.4 , 72 , 34.33 , 1.542 , 0.042 , 15.56 , 139.07
1293 , 6966 , 364.07 , -53.6 , 66 , 34.27 , 1.589 , 0.044 , 15.65 , 138.98
1303 , 7016 , 361.28 , -53.7 , 59 , 34.23 , 1.642 , 0.045 , 15.75 , 138.88
1313 , 7067 , 358.39 , -53.8 , 48 , 34.15 , 1.661 , 0.046 , 15.86 , 138.77
1323 , 7107 , 356.16 , -53.8 , 37 , 34.09 , 1.702 , 0.048 , 15.94 , 138.69
1333 , 7153 , 353.65 , -54.0 , 30 , 34.04 , 1.710 , 0.048 , 16.03 , 138.59
1343 , 7205 , 350.78 , -54.2 , 26 , 33.98 , 1.649 , 0.047 , 16.14 , 138.49
1353 , 7261 , 347.74 , -54.5 , 22 , 33.91 , 1.599 , 0.046 , 16.25 , 138.38
1363 , 7312 , 344.94 , -54.7 , 18 , 33.84 , 1.593 , 0.046 , 16.35 , 138.27
1373 , 7367 , 342.00 , -54.8 , 15 , 33.79 , 1.611 , 0.047 , 16.46 , 138.17
1383 , 7430 , 338.66 , -55.1 , 13 , 33.72 , 1.640 , 0.048 , 16.59 , 138.04
1393 , 7472 , 336.46 , -55.3 , 12 , 33.65 , 1.669 , 0.050 , 16.67 , 137.95
1403 , 7512 , 334.33 , -55.5 , 11 , 33.59 , 1.657 , 0.050 , 16.76 , 137.87
1413 , 7555 , 332.07 , -55.7 , 10 , 33.56 , 1.640 , 0.049 , 16.85 , 137.78
1422 , 7601 , 329.71 , -56.0 , 9 , 33.49 , 1.597 , 0.048 , 16.94 , 137.69
1432 , 7655 , 326.91 , -56.3 , 9 , 33.44 , 1.536 , 0.047 , 17.04 , 137.59
1442 , 7705 , 324.32 , -56.7 , 8 , 33.39 , 1.456 , 0.045 , 17.14 , 137.49
1452 , 7753 , 321.89 , -57.0 , 8 , 33.32 , 1.372 , 0.043 , 17.22 , 137.41
1462 , 7796 , 319.70 , -57.4 , 8 , 33.25 , 1.311 , 0.041 , 17.29 , 137.34
1472 , 7840 , 317.46 , -57.7 , 8 , 33.19 , 1.281 , 0.040 , 17.36 , 137.26
1482 , 7891 , 314.93 , -58.1 , 8 , 33.15 , 1.256 , 0.040 , 17.44 , 137.18
1492 , 7950 , 311.96 , -58.6 , 8 , 33.08 , 1.230 , 0.039 , 17.54 , 137.09
1502 , 8003 , 309.33 , -59.1 , 8 , 33.03 , 1.220 , 0.039 , 17.62 , 137.01
1512 , 8046 , 307.23 , -59.5 , 9 , 32.97 , 1.211 , 0.039 , 17.68 , 136.94
1522 , 8088 , 305.15 , -59.9 , 9 , 32.93 , 1.199 , 0.039 , 17.75 , 136.88
1532 , 8134 , 302.94 , -60.3 , 9 , 32.87 , 1.188 , 0.039 , 17.82 , 136.81
1542 , 8186 , 300.39 , -60.8 , 10 , 32.81 , 1.183 , 0.039 , 17.90 , 136.73
1552 , 8246 , 297.50 , -61.1 , 11 , 32.75 , 1.157 , 0.039 , 17.99 , 136.64
1562 , 8295 , 295.17 , -61.5 , 11 , 32.67 , 1.150 , 0.039 , 18.06 , 136.57
1572 , 8337 , 293.17 , -61.8 , 11 , 32.61 , 1.140 , 0.039 , 18.12 , 136.51
1582 , 8379 , 291.21 , -62.1 , 11 , 32.56 , 1.134 , 0.039 , 18.18 , 136.45
1592 , 8421 , 289.22 , -62.5 , 11 , 32.51 , 1.125 , 0.039 , 18.24 , 136.39
1602 , 8463 , 287.24 , -62.8 , 11 , 32.46 , 1.121 , 0.039 , 18.30 , 136.33
1612 , 8508 , 285.17 , -63.1 , 10 , 32.40 , 1.097 , 0.038 , 18.36 , 136.26
1622 , 8555 , 282.98 , -63.3 , 10 , 32.33 , 1.092 , 0.039 , 18.43 , 136.20
1632 , 8612 , 280.40 , -63.6 , 10 , 32.24 , 1.119 , 0.040 , 18.51 , 136.12
1642 , 8664 , 277.99 , -63.7 , 10 , 32.16 , 1.179 , 0.042 , 18.59 , 136.04
1652 , 8721 , 275.45 , -63.6 , 9 , 32.10 , 1.365 , 0.050 , 18.68 , 135.95
1662 , 8782 , 272.73 , -63.9 , 9 , 32.04 , 1.516 , 0.056 , 18.79 , 135.83
1672 , 8833 , 270.44 , -64.0 , 8 , 31.97 , 1.616 , 0.060 , 18.90 , 135.73
1682 , 8873 , 268.69 , -64.0 , 8 , 31.91 , 1.702 , 0.063 , 18.98 , 135.64
1692 , 8912 , 267.00 , -64.0 , 8 , 31.85 , 1.776 , 0.067 , 19.07 , 135.56
1702 , 8950 , 265.31 , -63.9 , 8 , 31.80 , 1.868 , 0.070 , 19.16 , 135.47
1712 , 8991 , 263.55 , -63.9 , 7 , 31.74 , 1.943 , 0.074 , 19.26 , 135.37
1721 , 9029 , 261.93 , -63.9 , 7 , 31.67 , 2.045 , 0.078 , 19.36 , 135.27
1731 , 9066 , 260.35 , -64.0 , 7 , 31.60 , 2.165 , 0.083 , 19.46 , 135.17
1741 , 9104 , 258.75 , -64.2 , 7 , 31.53 , 2.198 , 0.085 , 19.57 , 135.06
1751 , 9143 , 257.10 , -64.5 , 6 , 31.45 , 2.215 , 0.086 , 19.68 , 134.95
1761 , 9183 , 255.43 , -64.7 , 6 , 31.38 , 2.235 , 0.087 , 19.79 , 134.84
1771 , 9223 , 253.75 , -65.0 , 6 , 31.31 , 2.226 , 0.088 , 19.91 , 134.72
1781 , 9264 , 252.03 , -65.2 , 6 , 31.23 , 2.146 , 0.085 , 20.02 , 134.60
1791 , 9302 , 250.46 , -65.3 , 6 , 31.16 , 2.072 , 0.083 , 20.13 , 134.50
1801 , 9342 , 248.82 , -65.4 , 6 , 31.11 , 2.032 , 0.082 , 20.23 , 134.39
1811 , 9383 , 247.17 , -65.4 , 5 , 31.04 , 2.003 , 0.081 , 20.34 , 134.29
1821 , 9423 , 245.54 , -65.6 , 5 , 30.98 , 2.007 , 0.082 , 20.45 , 134.18
1831 , 9465 , 243.86 , -65.8 , 5 , 30.91 , 1.997 , 0.082 , 20.55 , 134.07
1841 , 9505 , 242.23 , -65.9 , 5 , 30.85 , 1.998 , 0.082 , 20.66 , 133.97
1851 , 9546 , 240.60 , -66.0 , 5 , 30.77 , 2.063 , 0.086 , 20.77 , 133.86
1861 , 9587 , 238.99 , -65.9 , 5 , 30.69 , 2.261 , 0.095 , 20.88 , 133.75
1871 , 9629 , 237.33 , -65.9 , 5 , 30.63 , 2.488 , 0.105 , 21.01 , 133.62
1881 , 9682 , 235.28 , -66.0 , 5 , 30.57 , 2.748 , 0.117 , 21.19 , 133.44
1891 , 9749 , 232.69 , -66.5 , 5 , 30.49 , 3.069 , 0.132 , 21.45 , 133.18
1901 , 9795 , 230.92 , -66.8 , 5 , 30.43 , 3.330 , 0.144 , 21.64 , 132.99
1911 , 9840 , 229.22 , -66.8 , 5 , 30.36 , 3.510 , 0.153 , 21.84 , 132.79
1921 , 9886 , 227.47 , -67.1 , 5 , 30.28 , 3.609 , 0.159 , 22.05 , 132.57
1931 , 9928 , 225.89 , -67.2 , 5 , 30.21 , 3.690 , 0.163 , 22.25 , 132.37
1941 , 9970 , 224.32 , -67.3 , 5 , 30.16 , 3.764 , 0.168 , 22.46 , 132.17
1951 , 10012 , 222.75 , -67.3 , 6 , 30.10 , 3.872 , 0.174 , 22.67 , 131.96
1961 , 10053 , 221.26 , -67.2 , 6 , 30.02 , 4.004 , 0.181 , 22.88 , 131.75
1971 , 10093 , 219.78 , -67.4 , 6 , 29.96 , 4.108 , 0.187 , 23.09 , 131.53
1981 , 10133 , 218.33 , -67.6 , 6 , 29.91 , 4.240 , 0.194 , 23.31 , 131.32
1991 , 10175 , 216.83 , -67.6 , 6 , 29.84 , 4.282 , 0.197 , 23.54 , 131.08
2001 , 10214 , 215.40 , -67.6 , 6 , 29.78 , 4.336 , 0.201 , 23.77 , 130.86
2011 , 10254 , 214.00 , -67.6 , 6 , 29.70 , 4.371 , 0.204 , 23.99 , 130.63
2021 , 10295 , 212.54 , -67.8 , 6 , 29.62 , 4.405 , 0.207 , 24.23 , 130.40
2030 , 10333 , 211.19 , -67.9 , 6 , 29.56 , 4.399 , 0.208 , 24.45 , 130.18
2040 , 10372 , 209.83 , -68.1 , 6 , 29.49 , 4.356 , 0.208 , 24.68 , 129.95
2050 , 10413 , 208.40 , -68.2 , 6 , 29.43 , 4.405 , 0.211 , 24.91 , 129.72
2060 , 10450 , 207.10 , -68.3 , 6 , 29.36 , 4.479 , 0.216 , 25.13 , 129.50
2070 , 10489 , 205.78 , -68.5 , 6 , 29.30 , 4.526 , 0.220 , 25.36 , 129.27
2080 , 10528 , 204.44 , -68.3 , 6 , 29.25 , 4.556 , 0.223 , 25.59 , 129.04
2090 , 10566 , 203.16 , -68.2 , 6 , 29.19 , 4.635 , 0.228 , 25.82 , 128.81
2100 , 10605 , 201.84 , -68.4 , 7 , 29.11 , 4.702 , 0.233 , 26.06 , 128.57
2110 , 10643 , 200.54 , -68.6 , 7 , 29.05 , 4.760 , 0.237 , 26.30 , 128.33
2120 , 10680 , 199.31 , -68.6 , 7 , 28.99 , 4.864 , 0.244 , 26.53 , 128.09
2130 , 10717 , 198.08 , -68.4 , 7 , 28.93 , 4.949 , 0.250 , 26.78 , 127.85
2140 , 10755 , 196.82 , -68.7 , 7 , 28.88 , 4.941 , 0.251 , 27.02 , 127.60
2150 , 10794 , 195.56 , -68.9 , 7 , 28.80 , 4.917 , 0.251 , 27.27 , 127.35
2160 , 10831 , 194.34 , -69.1 , 7 , 28.73 , 4.904 , 0.252 , 27.52 , 127.11
2170 , 10870 , 193.08 , -69.2 , 7 , 28.66 , 4.887 , 0.253 , 27.77 , 126.86
2180 , 10909 , 191.81 , -69.3 , 7 , 28.61 , 4.867 , 0.254 , 28.02 , 126.61
2190 , 10948 , 190.58 , -69.2 , 7 , 28.55 , 4.858 , 0.255 , 28.27 , 126.36
2200 , 10986 , 189.36 , -69.1 , 7 , 28.50 , 4.928 , 0.260 , 28.52 , 126.11
2210 , 11028 , 188.04 , -69.0 , 7 , 28.43 , 5.049 , 0.268 , 28.79 , 125.84
2220 , 11090 , 186.11 , -68.7 , 7 , 28.37 , 5.210 , 0.280 , 29.21 , 125.42
2230 , 11170 , 183.63 , -69.1 , 7 , 28.30 , 5.241 , 0.285 , 29.76 , 124.87
2240 , 11220 , 182.08 , -69.6 , 7 , 28.23 , 5.274 , 0.290 , 30.11 , 124.51
2250 , 11263 , 180.79 , -70.0 , 7 , 28.17 , 5.251 , 0.290 , 30.41 , 124.22
2260 , 11308 , 179.41 , -70.4 , 7 , 28.11 , 5.227 , 0.291 , 30.73 , 123.90
2270 , 11361 , 177.83 , -70.6 , 7 , 28.04 , 5.183 , 0.291 , 31.09 , 123.54
2280 , 11402 , 176.59 , -70.6 , 7 , 27.98 , 5.156 , 0.292 , 31.38 , 123.25
2290 , 11443 , 175.38 , -70.4 , 6 , 27.92 , 5.202 , 0.297 , 31.66 , 122.97
2300 , 11482 , 174.22 , -70.2 , 6 , 27.86 , 5.286 , 0.303 , 31.93 , 122.70
2310 , 11522 , 173.07 , -70.1 , 6 , 27.80 , 5.361 , 0.310 , 32.21 , 122.42
2320 , 11562 , 171.91 , -69.8 , 6 , 27.74 , 5.378 , 0.313 , 32.49 , 122.13
2329 , 11600 , 170.82 , -69.9 , 6 , 27.68 , 5.385 , 0.315 , 32.76 , 121.86
2339 , 11637 , 169.75 , -70.1 , 6 , 27.63 , 5.368 , 0.316 , 33.03 , 121.60
2349 , 11677 , 168.61 , -70.4 , 6 , 27.58 , 5.347 , 0.317 , 33.32 , 121.31
2359 , 11717 , 167.47 , -70.6 , 6 , 27.52 , 5.336 , 0.319 , 33.60 , 121.03
2369 , 11758 , 166.33 , -70.5 , 6 , 27.47 , 5.314 , 0.319 , 33.89 , 120.74
2379 , 11800 , 165.16 , -70.6 , 6 , 27.40 , 5.261 , 0.319 , 34.18 , 120.44
2389 , 11842 , 163.99 , -70.7 , 6 , 27.35 , 5.192 , 0.317 , 34.48 , 120.15
2399 , 11882 , 162.88 , -71.0 , 6 , 27.29 , 5.179 , 0.318 , 34.76 , 119.87
2409 , 11926 , 161.69 , -71.0 , 7 , 27.24 , 5.138 , 0.318 , 35.05 , 119.57
2419 , 11968 , 160.53 , -71.2 , 7 , 27.18 , 4.999 , 0.311 , 35.34 , 119.29
2429 , 12011 , 159.36 , -71.1 , 7 , 27.12 , 4.923 , 0.309 , 35.63 , 119.00
2439 , 12056 , 158.17 , -71.1 , 7 , 27.06 , 4.908 , 0.310 , 35.92 , 118.71
2449 , 12099 , 157.03 , -71.3 , 7 , 27.00 , 4.909 , 0.313 , 36.20 , 118.43
2459 , 12140 , 155.94 , -71.4 , 7 , 26.94 , 4.899 , 0.314 , 36.47 , 118.16
2469 , 12182 , 154.83 , -71.3 , 7 , 26.88 , 4.939 , 0.319 , 36.74 , 117.88
2479 , 12223 , 153.74 , -71.1 , 7 , 26.83 , 4.856 , 0.316 , 37.02 , 117.61
2489 , 12266 , 152.64 , -71.0 , 7 , 26.77 , 4.687 , 0.307 , 37.29 , 117.34
2499 , 12307 , 151.59 , -71.1 , 7 , 26.71 , 4.547 , 0.300 , 37.54 , 117.09
2509 , 12348 , 150.54 , -71.1 , 7 , 26.65 , 4.403 , 0.292 , 37.79 , 116.84
2519 , 12388 , 149.54 , -71.0 , 6 , 26.59 , 4.353 , 0.291 , 38.02 , 116.61
2529 , 12424 , 148.62 , -70.9 , 6 , 26.52 , 4.330 , 0.291 , 38.23 , 116.40
2539 , 12461 , 147.69 , -70.9 , 6 , 26.46 , 4.265 , 0.289 , 38.44 , 116.19
2549 , 12500 , 146.71 , -70.9 , 6 , 26.39 , 4.100 , 0.279 , 38.66 , 115.97
2559 , 12540 , 145.73 , -70.8 , 6 , 26.33 , 3.967 , 0.272 , 38.87 , 115.76
2569 , 12578 , 144.80 , -71.0 , 6 , 26.27 , 3.879 , 0.268 , 39.07 , 115.56
2579 , 12619 , 143.81 , -71.0 , 6 , 26.21 , 3.795 , 0.264 , 39.28 , 115.35
2589 , 12662 , 142.76 , -71.1 , 6 , 26.15 , 3.760 , 0.263 , 39.50 , 115.13
2599 , 12706 , 141.71 , -71.3 , 6 , 26.09 , 3.773 , 0.266 , 39.72 , 114.91
2609 , 12750 , 140.66 , -71.4 , 6 , 26.03 , 3.754 , 0.267 , 39.94 , 114.69
2619 , 12793 , 139.64 , -71.5 , 6 , 25.97 , 3.703 , 0.265 , 40.15 , 114.47
2629 , 12837 , 138.59 , -71.2 , 5 , 25.90 , 3.567 , 0.257 , 40.37 , 114.26
2639 , 12881 , 137.57 , -71.0 , 5 , 25.84 , 3.344 , 0.243 , 40.57 , 114.06
2648 , 12921 , 136.63 , -71.0 , 5 , 25.78 , 3.028 , 0.222 , 40.74 , 113.89
2658 , 12961 , 135.71 , -71.1 , 5 , 25.71 , 2.957 , 0.218 , 40.90 , 113.73
2668 , 13003 , 134.76 , -71.1 , 5 , 25.64 , 3.279 , 0.243 , 41.08 , 113.55
2678 , 13042 , 133.87 , -71.2 , 5 , 25.57 , 3.543 , 0.265 , 41.25 , 113.37
2688 , 13081 , 132.99 , -71.5 , 5 , 25.50 , 3.633 , 0.273 , 41.44 , 113.19
2698 , 13122 , 132.07 , -71.6 , 5 , 25.43 , 3.738 , 0.283 , 41.64 , 112.99
2708 , 13164 , 131.14 , -71.5 , 5 , 25.37 , 3.755 , 0.286 , 41.85 , 112.78
2718 , 13204 , 130.25 , -71.6 , 5 , 25.30 , 3.558 , 0.273 , 42.05 , 112.58
2728 , 13244 , 129.37 , -71.6 , 5 , 25.24 , 3.515 , 0.272 , 42.24 , 112.39
2738 , 13285 , 128.48 , -71.5 , 5 , 25.18 , 3.425 , 0.267 , 42.43 , 112.20
2748 , 13328 , 127.55 , -71.7 , 5 , 25.11 , 3.229 , 0.253 , 42.62 , 112.01
2758 , 13371 , 126.62 , -71.9 , 5 , 25.04 , 3.031 , 0.239 , 42.80 , 111.83
2768 , 13411 , 125.76 , -72.2 , 5 , 24.98 , 2.879 , 0.229 , 42.96 , 111.67
2778 , 13453 , 124.86 , -72.6 , 5 , 24.92 , 2.778 , 0.222 , 43.12 , 111.51
2788 , 13495 , 123.97 , -72.9 , 5 , 24.86 , 2.665 , 0.215 , 43.27 , 111.36
2798 , 13534 , 123.14 , -72.9 , 5 , 24.80 , 2.511 , 0.204 , 43.41 , 111.22
2808 , 13573 , 122.34 , -72.8 , 5 , 24.74 , 2.226 , 0.182 , 43.53 , 111.10
2818 , 13615 , 121.46 , -73.0 , 5 , 24.68 , 1.986 , 0.164 , 43.65 , 110.98
2828 , 13653 , 120.67 , -73.2 , 5 , 24.62 , 1.843 , 0.153 , 43.75 , 110.88
2838 , 13693 , 119.85 , -73.3 , 5 , 24.56 , 1.729 , 0.144 , 43.84 , 110.78
2848 , 13731 , 119.06 , -73.4 , 5 , 24.51 , 1.653 , 0.139 , 43.93 , 110.70
2858 , 13773 , 118.22 , -73.4 , 5 , 24.45 , 1.604 , 0.136 , 44.02 , 110.60
2868 , 13814 , 117.39 , -73.5 , 5 , 24.39 , 1.547 , 0.132 , 44.11 , 110.52
2878 , 13855 , 116.58 , -73.6 , 5 , 24.33 , 1.452 , 0.125 , 44.19 , 110.43
2888 , 13896 , 115.76 , -73.7 , 5 , 24.28 , 1.351 , 0.117 , 44.27 , 110.36
2898 , 13936 , 114.96 , -73.7 , 5 , 24.22 , 1.227 , 0.107 , 44.34 , 110.29
2908 , 13975 , 114.21 , -73.8 , 5 , 24.16 , 1.093 , 0.096 , 44.40 , 110.23
2918 , 14013 , 113.45 , -73.8 , 5 , 24.11 , 0.991 , 0.087 , 44.46 , 110.17
2928 , 14052 , 112.69 , -74.1 , 5 , 24.05 , 0.873 , 0.077 , 44.51 , 110.12
2938 , 14091 , 111.96 , -74.1 , 5 , 24.00 , 0.788 , 0.070 , 44.55 , 110.08
2947 , 14125 , 111.30 , -74.2 , 5 , 23.94 , 0.704 , 0.063 , 44.58 , 110.04
2957 , 14162 , 110.60 , -74.1 , 5 , 23.89 , 0.631 , 0.057 , 44.62 , 110.01
2967 , 14201 , 109.85 , -73.7 , 5 , 23.83 , 0.595 , 0.054 , 44.65 , 109.98
2977 , 14239 , 109.14 , -73.8 , 5 , 23.78 , 0.621 , 0.057 , 44.68 , 109.95
2987 , 14278 , 108.41 , -73.7 , 5 , 23.72 , 0.631 , 0.058 , 44.71 , 109.91
2997 , 14317 , 107.69 , -73.7 , 5 , 23.66 , 0.597 , 0.055 , 44.75 , 109.88
3007 , 14354 , 107.01 , -73.4 , 5 , 23.61 , 0.552 , 0.052 , 44.77 , 109.85
3017 , 14393 , 106.31 , -73.3 , 5 , 23.56 , 0.507 , 0.048 , 44.80 , 109.83
3027 , 14431 , 105.61 , -73.5 , 5 , 23.50 , 0.497 , 0.047 , 44.83 , 109.80
3037 , 14473 , 104.87 , -73.5 , 5 , 23.44 , 0.483 , 0.046 , 44.86 , 109.77
3047 , 14514 , 104.13 , -73.8 , 5 , 23.39 , 0.446 , 0.043 , 44.88 , 109.75
3057 , 14554 , 103.42 , -74.0 , 5 , 23.34 , 0.443 , 0.043 , 44.91 , 109.72
3067 , 14595 , 102.68 , -74.4 , 5 , 23.29 , 0.461 , 0.045 , 44.93 , 109.70
3077 , 14636 , 101.97 , -74.7 , 5 , 23.23 , 0.466 , 0.046 , 44.96 , 109.67
3087 , 14675 , 101.28 , -74.7 , 5 , 23.18 , 0.465 , 0.046 , 44.98 , 109.65
3097 , 14714 , 100.62 , -74.8 , 5 , 23.12 , 0.478 , 0.048 , 45.01 , 109.62
3107 , 14751 , 99.97 , -74.7 , 5 , 23.07 , 0.489 , 0.049 , 45.03 , 109.60
3117 , 14789 , 99.32 , -74.8 , 5 , 23.01 , 0.498 , 0.050 , 45.06 , 109.57
3127 , 14826 , 98.68 , -74.8 , 5 , 22.96 , 0.508 , 0.052 , 45.08 , 109.55
3137 , 14864 , 98.04 , -74.6 , 5 , 22.91 , 0.505 , 0.052 , 45.11 , 109.52
3147 , 14903 , 97.38 , -74.4 , 5 , 22.87 , 0.502 , 0.052 , 45.13 , 109.49
3157 , 14944 , 96.71 , -74.3 , 5 , 22.81 , 0.555 , 0.057 , 45.16 , 109.46
3167 , 14983 , 96.05 , -74.2 , 5 , 22.76 , 0.717 , 0.075 , 45.20 , 109.43
3177 , 15022 , 95.41 , -74.1 , 5 , 22.71 , 0.896 , 0.094 , 45.24 , 109.39
3187 , 15062 , 94.77 , -74.2 , 5 , 22.66 , 0.956 , 0.101 , 45.29 , 109.34
3197 , 15103 , 94.10 , -74.4 , 5 , 22.60 , 0.853 , 0.091 , 45.34 , 109.29
3207 , 15143 , 93.45 , -74.5 , 5 , 22.55 , 0.734 , 0.079 , 45.38 , 109.24
3217 , 15184 , 92.80 , -74.5 , 5 , 22.50 , 0.661 , 0.071 , 45.42 , 109.21
3227 , 15226 , 92.12 , -74.4 , 5 , 22.46 , 0.632 , 0.069 , 45.46 , 109.17
3237 , 15269 , 91.45 , -74.4 , 5 , 22.40 , 0.613 , 0.067 , 45.50 , 109.13
3247 , 15311 , 90.79 , -74.6 , 5 , 22.36 , 0.592 , 0.065 , 45.53 , 109.10
3256 , 15354 , 90.13 , -74.5 , 5 , 22.31 , 0.582 , 0.065 , 45.56 , 109.06
3265 , 15393 , 89.51 , -74.7 , 5 , 22.27 , 0.585 , 0.065 , 45.60 , 109.03
3275 , 15436 , 88.86 , -74.9 , 5 , 22.22 , 0.579 , 0.065 , 45.63 , 109.00
3285 , 15479 , 88.20 , -74.8 , 5 , 22.17 , 0.596 , 0.068 , 45.66 , 108.96
3295 , 15524 , 87.53 , -75.0 , 5 , 22.13 , 0.638 , 0.073 , 45.70 , 108.93
3305 , 15566 , 86.89 , -75.2 , 4 , 22.08 , 0.672 , 0.077 , 45.74 , 108.89
3315 , 15610 , 86.24 , -75.6 , 4 , 22.03 , 0.693 , 0.080 , 45.78 , 108.85
3325 , 15652 , 85.61 , -75.6 , 4 , 21.98 , 0.701 , 0.082 , 45.82 , 108.81
3335 , 15694 , 84.99 , -75.6 , 5 , 21.93 , 0.703 , 0.083 , 45.86 , 108.77
3345 , 15736 , 84.37 , -75.7 , 5 , 21.89 , 0.710 , 0.084 , 45.90 , 108.73
3355 , 15777 , 83.78 , -75.6 , 4 , 21.84 , 0.718 , 0.086 , 45.94 , 108.69
3365 , 15818 , 83.19 , -75.7 , 4 , 21.79 , 0.702 , 0.084 , 45.98 , 108.65
3375 , 15857 , 82.62 , -75.7 , 4 , 21.74 , 0.668 , 0.081 , 46.02 , 108.61
3385 , 15895 , 82.08 , -75.7 , 4 , 21.70 , 0.624 , 0.076 , 46.05 , 108.58
3395 , 15933 , 81.55 , -75.9 , 4 , 21.65 , 0.587 , 0.072 , 46.08 , 108.55
3405 , 15970 , 81.02 , -75.6 , 4 , 21.60 , 0.574 , 0.071 , 46.11 , 108.52
3415 , 16006 , 80.52 , -75.3 , 4 , 21.56 , 0.583 , 0.072 , 46.14 , 108.49
3425 , 16043 , 80.01 , -75.2 , 5 , 21.51 , 0.647 , 0.081 , 46.17 , 108.46
3435 , 16077 , 79.54 , -75.0 , 4 , 21.47 , 0.729 , 0.092 , 46.20 , 108.43
3444 , 16110 , 79.09 , -74.9 , 5 , 21.42 , 0.765 , 0.097 , 46.24 , 108.39
3454 , 16145 , 78.62 , -74.7 , 5 , 21.39 , 0.779 , 0.099 , 46.27 , 108.36
3464 , 16183 , 78.11 , -74.5 , 5 , 21.34 , 0.729 , 0.093 , 46.31 , 108.32
3474 , 16219 , 77.62 , -74.3 , 5 , 21.30 , 0.608 , 0.078 , 46.34 , 108.28
3484 , 16257 , 77.12 , -74.0 , 5 , 21.25 , 0.534 , 0.069 , 46.37 , 108.26
3494 , 16293 , 76.64 , -73.5 , 4 , 21.21 , 0.508 , 0.066 , 46.40 , 108.23
3504 , 16331 , 76.15 , -73.7 , 5 , 21.16 , 0.511 , 0.067 , 46.42 , 108.20
3514 , 16370 , 75.64 , -73.7 , 4 , 21.11 , 0.510 , 0.067 , 46.45 , 108.18
3524 , 16410 , 75.13 , -73.6 , 4 , 21.07 , 0.518 , 0.069 , 46.48 , 108.15
3534 , 16449 , 74.63 , -73.5 , 4 , 21.02 , 0.532 , 0.071 , 46.51 , 108.12
3544 , 16489 , 74.11 , -73.5 , 4 , 20.96 , 0.527 , 0.071 , 46.54 , 108.09
3554 , 16530 , 73.60 , -73.7 , 4 , 20.91 , 0.503 , 0.068 , 46.56 , 108.06
3563 , 16569 , 73.11 , -73.8 , 4 , 20.86 , 0.467 , 0.064 , 46.59 , 108.04
3573 , 16608 , 72.61 , -73.8 , 4 , 20.81 , 0.418 , 0.058 , 46.61 , 108.02
3583 , 16650 , 72.10 , -73.8 , 4 , 20.75 , 0.378 , 0.052 , 46.64 , 107.99
3593 , 16690 , 71.61 , -73.6 , 4 , 20.70 , 0.357 , 0.050 , 46.66 , 107.97
3603 , 16732 , 71.09 , -73.5 , 4 , 20.64 , 0.343 , 0.048 , 46.68 , 107.95
3613 , 16774 , 70.58 , -73.4 , 4 , 20.58 , 0.339 , 0.048 , 46.69 , 107.93
3623 , 16815 , 70.09 , -73.7 , 4 , 20.53 , 0.340 , 0.048 , 46.71 , 107.91
3633 , 16857 , 69.58 , -73.7 , 4 , 20.47 , 0.335 , 0.048 , 46.73 , 107.90
3643 , 16898 , 69.10 , -73.8 , 4 , 20.41 , 0.329 , 0.048 , 46.75 , 107.88
3653 , 16938 , 68.63 , -73.9 , 4 , 20.35 , 0.335 , 0.049 , 46.77 , 107.86
3663 , 16977 , 68.17 , -74.1 , 4 , 20.30 , 0.351 , 0.051 , 46.79 , 107.84
3673 , 17017 , 67.70 , -74.0 , 4 , 20.24 , 0.356 , 0.053 , 46.81 , 107.82
3683 , 17058 , 67.23 , -74.2 , 4 , 20.18 , 0.349 , 0.052 , 46.83 , 107.80
3693 , 17098 , 66.77 , -74.3 , 4 , 20.12 , 0.332 , 0.050 , 46.84 , 107.78
3703 , 17139 , 66.30 , -74.3 , 4 , 20.06 , 0.313 , 0.047 , 46.86 , 107.77
3713 , 17178 , 65.85 , -74.0 , 4 , 20.00 , 0.309 , 0.047 , 46.88 , 107.75
3723 , 17216 , 65.43 , -73.9 , 4 , 19.95 , 0.354 , 0.054 , 46.90 , 107.73
3733 , 17256 , 64.99 , -73.9 , 4 , 19.89 , 0.410 , 0.063 , 46.92 , 107.71
3743 , 17296 , 64.54 , -73.9 , 4 , 19.84 , 0.446 , 0.069 , 46.94 , 107.69
3753 , 17337 , 64.09 , -74.0 , 4 , 19.78 , 0.476 , 0.074 , 46.96 , 107.66
3763 , 17377 , 63.65 , -74.1 , 4 , 19.73 , 0.497 , 0.078 , 46.99 , 107.64
3773 , 17416 , 63.22 , -74.1 , 4 , 19.68 , 0.504 , 0.080 , 47.02 , 107.61
3783 , 17457 , 62.78 , -74.4 , 4 , 19.62 , 0.511 , 0.081 , 47.05 , 107.58
3793 , 17501 , 62.31 , -74.4 , 4 , 19.57 , 0.518 , 0.083 , 47.08 , 107.55
3803 , 17544 , 61.85 , -74.6 , 4 , 19.51 , 0.536 , 0.087 , 47.11 , 107.52
3813 , 17587 , 61.40 , -74.6 , 4 , 19.46 , 0.543 , 0.088 , 47.14 , 107.49
3823 , 17630 , 60.94 , -74.9 , 4 , 19.41 , 0.559 , 0.092 , 47.17 , 107.46
3833 , 17673 , 60.49 , -74.9 , 4 , 19.36 , 0.592 , 0.098 , 47.20 , 107.42
3843 , 17716 , 60.04 , -75.0 , 4 , 19.31 , 0.691 , 0.115 , 47.24 , 107.39
3853 , 17761 , 59.58 , -74.8 , 4 , 19.26 , 0.836 , 0.140 , 47.29 , 107.34
3863 , 17805 , 59.12 , -74.9 , 4 , 19.22 , 0.947 , 0.160 , 47.34 , 107.29
3872 , 17847 , 58.71 , -75.1 , 4 , 19.17 , 1.023 , 0.174 , 47.40 , 107.23
3881 , 17886 , 58.31 , -74.9 , 4 , 19.13 , 1.073 , 0.184 , 47.45 , 107.17
3891 , 17927 , 57.89 , -74.6 , 4 , 19.08 , 1.094 , 0.189 , 47.52 , 107.11
3901 , 17971 , 57.46 , -74.6 , 4 , 19.03 , 1.182 , 0.206 , 47.58 , 107.04
3911 , 18015 , 57.03 , -74.5 , 4 , 18.98 , 1.251 , 0.219 , 47.66 , 106.97
3921 , 18059 , 56.60 , -74.6 , 4 , 18.94 , 1.287 , 0.227 , 47.73 , 106.90
3931 , 18103 , 56.17 , -74.6 , 4 , 18.89 , 1.303 , 0.232 , 47.81 , 106.82
3941 , 18147 , 55.75 , -74.7 , 4 , 18.84 , 1.444 , 0.259 , 47.89 , 106.74
3951 , 18189 , 55.35 , -74.5 , 4 , 18.80 , 1.540 , 0.278 , 47.98 , 106.65
3961 , 18230 , 54.96 , -74.4 , 4 , 18.74 , 1.596 , 0.290 , 48.06 , 106.57
3971 , 18269 , 54.59 , -74.2 , 4 , 18.70 , 1.561 , 0.286 , 48.15 , 106.48
3981 , 18307 , 54.23 , -74.2 , 4 , 18.66 , 1.461 , 0.269 , 48.22 , 106.40
3991 , 18345 , 53.89 , -74.3 , 4 , 18.61 , 1.480 , 0.275 , 48.30 , 106.33
4001 , 18383 , 53.54 , -74.4 , 4 , 18.56 , 1.512 , 0.282 , 48.38 , 106.25
4011 , 18420 , 53.19 , -74.5 , 4 , 18.52 , 1.537 , 0.289 , 48.45 , 106.18
4021 , 18458 , 52.84 , -74.2 , 4 , 18.47 , 1.477 , 0.280 , 48.53 , 106.10
4031 , 18495 , 52.51 , -74.0 , 4 , 18.43 , 1.316 , 0.251 , 48.60 , 106.03
4041 , 18533 , 52.17 , -73.9 , 4 , 18.38 , 1.145 , 0.219 , 48.66 , 105.96
4051 , 18572 , 51.82 , -73.6 , 4 , 18.34 , 1.038 , 0.200 , 48.72 , 105.91
4061 , 18611 , 51.48 , -73.7 , 4 , 18.29 , 0.979 , 0.190 , 48.78 , 105.85
4071 , 18650 , 51.13 , -73.9 , 4 , 18.25 , 0.943 , 0.184 , 48.83 , 105.80
4081 , 18691 , 50.78 , -74.0 , 4 , 18.20 , 0.929 , 0.183 , 48.88 , 105.75
4091 , 18731 , 50.43 , -73.9 , 4 , 18.16 , 0.927 , 0.184 , 48.93 , 105.70
4101 , 18772 , 50.07 , -74.1 , 4 , 18.11 , 0.921 , 0.184 , 48.98 , 105.65
4111 , 18813 , 49.73 , -74.1 , 4 , 18.07 , 0.913 , 0.184 , 49.03 , 105.60
4121 , 18853 , 49.38 , -74.2 , 4 , 18.02 , 0.889 , 0.180 , 49.08 , 105.55
4131 , 18894 , 49.04 , -74.4 , 4 , 17.98 , 0.852 , 0.174 , 49.13 , 105.50
4141 , 18937 , 48.68 , -74.1 , 4 , 17.93 , 0.806 , 0.166 , 49.18 , 105.45
4151 , 18979 , 48.33 , -74.0 , 4 , 17.89 , 0.768 , 0.159 , 49.22 , 105.41
4161 , 19021 , 47.98 , -73.9 , 4 , 17.84 , 0.741 , 0.154 , 49.26 , 105.36
4170 , 19064 , 47.63 , -74.0 , 4 , 17.80 , 0.717 , 0.150 , 49.31 , 105.32
4179 , 19101 , 47.33 , -74.3 , 4 , 17.76 , 0.704 , 0.149 , 49.34 , 105.29
4189 , 19142 , 46.99 , -74.1 , 4 , 17.72 , 0.687 , 0.146 , 49.38 , 105.25
4199 , 19184 , 46.66 , -73.8 , 3 , 17.67 , 0.685 , 0.147 , 49.42 , 105.21
4209 , 19228 , 46.31 , -73.7 , 3 , 17.63 , 0.686 , 0.148 , 49.46 , 105.17
4219 , 19271 , 45.97 , -73.8 , 3 , 17.58 , 0.689 , 0.150 , 49.50 , 105.13
4229 , 19314 , 45.63 , -73.5 , 3 , 17.53 , 0.717 , 0.157 , 49.54 , 105.09
4239 , 19357 , 45.29 , -73.7 , 3 , 17.48 , 0.886 , 0.195 , 49.59 , 105.04
4249 , 19400 , 44.97 , -73.9 , 3 , 17.44 , 1.190 , 0.265 , 49.65 , 104.98
4259 , 19442 , 44.64 , -74.1 , 3 , 17.39 , 1.539 , 0.345 , 49.73 , 104.90
4269 , 19483 , 44.32 , -73.9 , 3 , 17.34 , 1.867 , 0.421 , 49.82 , 104.81
4279 , 19523 , 44.03 , -73.4 , 3 , 17.30 , 2.263 , 0.514 , 49.93 , 104.70
4289 , 19563 , 43.73 , -73.2 , 3 , 17.26 , 2.710 , 0.620 , 50.07 , 104.56
4299 , 19604 , 43.42 , -73.2 , 3 , 17.21 , 2.889 , 0.665 , 50.22 , 104.41
4309 , 19646 , 43.11 , -72.8 , 3 , 17.17 , 2.998 , 0.696 , 50.39 , 104.24
4319 , 19689 , 42.79 , -72.3 , 3 , 17.13 , 3.203 , 0.748 , 50.57 , 104.06
4329 , 19731 , 42.49 , -71.9 , 3 , 17.08 , 3.547 , 0.835 , 50.76 , 103.87
4339 , 19772 , 42.19 , -71.5 , 3 , 17.04 , 3.886 , 0.921 , 50.96 , 103.67
4349 , 19813 , 41.90 , -71.5 , 3 , 17.00 , 4.078 , 0.973 , 51.18 , 103.45
4358 , 19850 , 41.64 , -71.5 , 3 , 16.95 , 4.318 , 1.037 , 51.39 , 103.24
4368 , 19888 , 41.38 , -71.4 , 3 , 16.92 , 4.643 , 1.122 , 51.61 , 103.01
4378 , 19927 , 41.10 , -71.3 , 3 , 16.87 , 4.861 , 1.183 , 51.86 , 102.77
4388 , 19967 , 40.83 , -71.2 , 3 , 16.83 , 4.715 , 1.155 , 52.12 , 102.51
4398 , 20007 , 40.55 , -71.1 , 3 , 16.79 , 4.679 , 1.154 , 52.37 , 102.26
4408 , 20047 , 40.28 , -71.1 , 3 , 16.75 , 4.704 , 1.168 , 52.62 , 102.01
4418 , 20085 , 40.02 , -70.9 , 3 , 16.70 , 4.656 , 1.163 , 52.86 , 101.77
4428 , 20125 , 39.75 , -70.9 , 3 , 16.66 , 4.619 , 1.162 , 53.10 , 101.53
4438 , 20166 , 39.47 , -70.9 , 3 , 16.62 , 4.381 , 1.110 , 53.35 , 101.28
4448 , 20209 , 39.19 , -70.8 , 3 , 16.58 , 3.993 , 1.019 , 53.59 , 101.04
4458 , 20251 , 38.92 , -70.6 , 3 , 16.54 , 3.627 , 0.932 , 53.80 , 100.83
4468 , 20295 , 38.63 , -70.4 , 3 , 16.50 , 3.410 , 0.883 , 54.01 , 100.62
4478 , 20337 , 38.35 , -70.5 , 3 , 16.46 , 3.331 , 0.869 , 54.20 , 100.43
4487 , 20380 , 38.08 , -70.5 , 3 , 16.42 , 3.318 , 0.871 , 54.39 , 100.24
4497 , 20422 , 37.81 , -70.1 , 3 , 16.38 , 3.362 , 0.889 , 54.57 , 100.06
4507 , 20467 , 37.52 , -69.9 , 3 , 16.34 , 3.389 , 0.903 , 54.77 , 99.85
4517 , 20512 , 37.24 , -70.0 , 3 , 16.30 , 3.368 , 0.904 , 54.98 , 99.65
4527 , 20556 , 36.96 , -70.1 , 2 , 16.26 , 3.332 , 0.901 , 55.17 , 99.46
4537 , 20599 , 36.70 , -70.0 , 2 , 16.22 , 3.296 , 0.898 , 55.36 , 99.27
4546 , 20639 , 36.45 , -69.6 , 2 , 16.18 , 3.307 , 0.907 , 55.53 , 99.09
4556 , 20680 , 36.20 , -69.5 , 2 , 16.15 , 3.387 , 0.936 , 55.72 , 98.91
4566 , 20722 , 35.95 , -69.3 , 2 , 16.11 , 3.557 , 0.990 , 55.91 , 98.72
4576 , 20765 , 35.69 , -68.9 , 2 , 16.07 , 3.763 , 1.054 , 56.12 , 98.51
4586 , 20809 , 35.43 , -69.1 , 2 , 16.03 , 3.987 , 1.125 , 56.34 , 98.29
4596 , 20851 , 35.18 , -69.3 , 2 , 15.99 , 4.190 , 1.191 , 56.57 , 98.06
4606 , 20894 , 34.93 , -69.4 , 2 , 15.96 , 4.354 , 1.247 , 56.81 , 97.81
4616 , 20938 , 34.67 , -69.2 , 2 , 15.92 , 4.494 , 1.296 , 57.07 , 97.56
4626 , 20979 , 34.43 , -69.0 , 2 , 15.88 , 4.595 , 1.335 , 57.32 , 97.31
4636 , 21022 , 34.18 , -68.8 , 2 , 15.85 , 4.674 , 1.367 , 57.58 , 97.04
4646 , 21067 , 33.93 , -68.5 , 2 , 15.81 , 5.097 , 1.502 , 57.87 , 96.76
4656 , 21111 , 33.68 , -68.5 , 2 , 15.77 , 5.486 , 1.629 , 58.18 , 96.45
4666 , 21155 , 33.44 , -68.1 , 2 , 15.73 , 5.804 , 1.736 , 58.50 , 96.12
4676 , 21200 , 33.19 , -68.2 , 2 , 15.70 , 6.096 , 1.837 , 58.86 , 95.77
4686 , 21245 , 32.94 , -68.1 , 2 , 15.66 , 6.220 , 1.888 , 59.22 , 95.41
4696 , 21290 , 32.69 , -68.2 , 2 , 15.63 , 6.270 , 1.918 , 59.59 , 95.04
4706 , 21334 , 32.45 , -68.3 , 2 , 15.59 , 6.449 , 1.987 , 59.96 , 94.67
4716 , 21380 , 32.21 , -68.5 , 2 , 15.55 , 6.701 , 2.081 , 60.35 , 94.27
4726 , 21425 , 31.96 , -69.0 , 2 , 15.52 , 6.924 , 2.166 , 60.76 , 93.87
4736 , 21470 , 31.73 , -69.3 , 2 , 15.48 , 7.056 , 2.224 , 61.17 , 93.45
4746 , 21516 , 31.48 , -69.4 , 2 , 15.45 , 7.023 , 2.231 , 61.60 , 93.03
4756 , 21562 , 31.24 , -69.5 , 2 , 15.41 , 6.842 , 2.190 , 62.03 , 92.60
4766 , 21609 , 30.99 , -69.5 , 2 , 15.37 , 6.299 , 2.032 , 62.44 , 92.19
4776 , 21654 , 30.76 , -69.4 , 2 , 15.34 , 5.800 , 1.886 , 62.80 , 91.83
4785 , 21697 , 30.54 , -69.0 , 2 , 15.30 , 5.484 , 1.796 , 63.12 , 91.51
4795 , 21739 , 30.33 , -69.0 , 2 , 15.28 , 5.378 , 1.773 , 63.42 , 91.21
4805 , 21781 , 30.11 , -69.2 , 2 , 15.24 , 5.263 , 1.748 , 63.72 , 90.91
4815 , 21824 , 29.90 , -69.5 , 2 , 15.21 , 5.159 , 1.726 , 64.01 , 90.62
4825 , 21866 , 29.69 , -69.7 , 2 , 15.17 , 5.070 , 1.708 , 64.30 , 90.33
4835 , 21908 , 29.48 , -69.7 , 2 , 15.14 , 5.036 , 1.708 , 64.57 , 90.05
4845 , 21949 , 29.28 , -70.0 , 2 , 15.11 , 5.000 , 1.708 , 64.85 , 89.78
4855 , 21987 , 29.09 , -69.7 , 2 , 15.07 , 4.946 , 1.700 , 65.10 , 89.53
4865 , 22027 , 28.89 , -69.8 , 2 , 15.04 , 4.944 , 1.711 , 65.36 , 89.26
4875 , 22065 , 28.71 , -69.7 , 2 , 15.01 , 4.934 , 1.719 , 65.61 , 89.02
4885 , 22106 , 28.52 , -69.6 , 2 , 14.98 , 4.965 , 1.741 , 65.88 , 88.75
4895 , 22147 , 28.32 , -69.4 , 2 , 14.95 , 5.040 , 1.780 , 66.15 , 88.48
4905 , 22191 , 28.11 , -69.1 , 2 , 14.93 , 5.181 , 1.843 , 66.45 , 88.18
4915 , 22234 , 27.91 , -68.9 , 2 , 14.90 , 5.447 , 1.952 , 66.75 , 87.88
4925 , 22276 , 27.71 , -68.9 , 2 , 14.88 , 5.869 , 2.118 , 67.06 , 87.56
4935 , 22320 , 27.51 , -68.6 , 2 , 14.85 , 6.337 , 2.303 , 67.42 , 87.21
4945 , 22367 , 27.29 , -68.4 , 2 , 14.82 , 6.755 , 2.475 , 67.82 , 86.80
4955 , 22416 , 27.07 , -68.2 , 2 , 14.79 , 7.127 , 2.632 , 68.27 , 86.35
4965 , 22466 , 26.85 , -68.1 , 2 , 14.77 , 7.395 , 2.755 , 68.75 , 85.88
4975 , 22519 , 26.61 , -68.1 , 2 , 14.74 , 7.541 , 2.834 , 69.27 , 85.36
4985 , 22574 , 26.37 , -68.2 , 2 , 14.72 , 7.603 , 2.883 , 69.81 , 84.81
4995 , 22628 , 26.13 , -68.4 , 2 , 14.69 , 7.688 , 2.942 , 70.36 , 84.27
5005 , 22685 , 25.89 , -68.2 , 2 , 14.67 , 7.686 , 2.969 , 70.94 , 83.69
5015 , 22743 , 25.64 , -68.1 , 2 , 14.64 , 7.514 , 2.931 , 71.52 , 83.11
5025 , 22800 , 25.39 , -68.3 , 2 , 14.61 , 7.425 , 2.924 , 72.08 , 82.55
5035 , 22856 , 25.16 , -68.1 , 2 , 14.59 , 7.384 , 2.935 , 72.62 , 82.00
5045 , 22909 , 24.94 , -67.5 , 2 , 14.56 , 7.397 , 2.966 , 73.14 , 81.49
5055 , 22961 , 24.72 , -67.1 , 1 , 14.53 , 7.427 , 3.004 , 73.64 , 80.99
5065 , 23012 , 24.52 , -67.3 , 2 , 14.51 , 7.434 , 3.032 , 74.13 , 80.50
5075 , 23059 , 24.33 , -67.4 , 2 , 14.48 , 7.421 , 3.051 , 74.59 , 80.04
5084 , 23101 , 24.16 , -67.4 , 2 , 14.46 , 7.405 , 3.065 , 75.00 , 79.63
5093 , 23141 , 24.00 , -67.5 , 2 , 14.43 , 7.380 , 3.075 , 75.39 , 79.24
5103 , 23185 , 23.82 , -67.6 , 2 , 14.41 , 7.357 , 3.088 , 75.81 , 78.82
5113 , 23226 , 23.66 , -67.8 , 2 , 14.38 , 7.289 , 3.081 , 76.21 , 78.42
5123 , 23267 , 23.50 , -67.8 , 1 , 14.36 , 7.165 , 3.049 , 76.59 , 78.03
5133 , 23308 , 23.34 , -67.6 , 1 , 14.33 , 7.076 , 3.032 , 76.98 , 77.64
5143 , 23349 , 23.18 , -67.7 , 1 , 14.31 , 6.986 , 3.014 , 77.36 , 77.27
5153 , 23391 , 23.02 , -67.6 , 1 , 14.28 , 6.895 , 2.995 , 77.74 , 76.89
5163 , 23435 , 22.85 , -67.6 , 1 , 14.26 , 6.822 , 2.985 , 78.14 , 76.49
5173 , 23479 , 22.69 , -67.2 , 1 , 14.23 , 6.761 , 2.980 , 78.52 , 76.10
5183 , 23523 , 22.52 , -66.7 , 1 , 14.21 , 6.812 , 3.025 , 78.92 , 75.71
5193 , 23570 , 22.35 , -66.5 , 1 , 14.18 , 6.953 , 3.111 , 79.34 , 75.29
5203 , 23617 , 22.17 , -66.5 , 1 , 14.15 , 7.055 , 3.182 , 79.77 , 74.86
5213 , 23667 , 21.99 , -66.3 , 1 , 14.13 , 7.128 , 3.241 , 80.23 , 74.40
5223 , 23717 , 21.81 , -66.4 , 1 , 14.11 , 7.126 , 3.267 , 80.70 , 73.93
5233 , 23770 , 21.62 , -66.1 , 1 , 14.08 , 7.081 , 3.276 , 81.19 , 73.44
5243 , 23824 , 21.43 , -65.5 , 1 , 14.05 , 7.084 , 3.306 , 81.69 , 72.94
5253 , 23877 , 21.24 , -65.4 , 1 , 14.03 , 7.012 , 3.301 , 82.17 , 72.46
5263 , 23931 , 21.05 , -65.5 , 1 , 14.00 , 6.930 , 3.292 , 82.66 , 71.97
5273 , 23985 , 20.87 , -65.5 , 1 , 13.97 , 6.851 , 3.283 , 83.15 , 71.48
5283 , 24039 , 20.68 , -65.4 , 1 , 13.95 , 6.778 , 3.277 , 83.62 , 71.01
5293 , 24093 , 20.50 , -65.0 , 1 , 13.93 , 6.709 , 3.273 , 84.10 , 70.53
5303 , 24146 , 20.32 , -64.5 , 1 , 13.90 , 6.672 , 3.283 , 84.55 , 70.08
5313 , 24199 , 20.15 , -64.6 , 1 , 13.87 , 6.618 , 3.285 , 85.00 , 69.62
5323 , 24251 , 19.98 , -64.4 , 1 , 13.85 , 6.564 , 3.286 , 85.45 , 69.18
5333 , 24302 , 19.81 , -64.5 , 1 , 13.82 , 6.498 , 3.280 , 85.88 , 68.75
5343 , 24352 , 19.65 , -64.5 , 1 , 13.79 , 6.441 , 3.278 , 86.30 , 68.33
5352 , 24397 , 19.51 , -64.3 , 1 , 13.77 , 6.385 , 3.273 , 86.67 , 67.96
5362 , 24442 , 19.36 , -64.0 , 1 , 13.75 , 6.327 , 3.268 , 87.04 , 67.59
5372 , 24488 , 19.22 , -63.7 , 1 , 13.73 , 6.259 , 3.257 , 87.41 , 67.21
5382 , 24536 , 19.07 , -63.4 , 1 , 13.71 , 6.286 , 3.296 , 87.79 , 66.83
5391 , 24578 , 18.94 , -63.5 , 1 , 13.68 , 6.286 , 3.319 , 88.13 , 66.49
5401 , 24618 , 18.81 , -63.5 , 1 , 13.67 , 6.330 , 3.365 , 88.47 , 66.16
5411 , 24664 , 18.67 , -63.6 , 1 , 13.65 , 6.350 , 3.400 , 88.84 , 65.79
5421 , 24711 , 18.53 , -63.4 , 1 , 13.63 , 6.440 , 3.475 , 89.22 , 65.41
5431 , 24754 , 18.40 , -63.2 , 1 , 13.62 , 6.491 , 3.527 , 89.58 , 65.05
5441 , 24799 , 18.27 , -63.0 , 1 , 13.60 , 6.544 , 3.582 , 89.96 , 64.67
5451 , 24843 , 18.14 , -62.2 , 1 , 13.58 , 6.512 , 3.591 , 90.33 , 64.30
5461 , 24891 , 18.00 , -61.5 , 1 , 13.56 , 6.557 , 3.643 , 90.73 , 63.90
5471 , 24939 , 17.86 , -61.4 , 1 , 13.55 , 6.388 , 3.577 , 91.12 , 63.51
5481 , 24985 , 17.73 , -61.6 , 1 , 13.54 , 6.390 , 3.605 , 91.50 , 63.13
5491 , 25031 , 17.59 , -61.5 , 1 , 13.52 , 6.409 , 3.642 , 91.87 , 62.75
5501 , 25082 , 17.45 , -61.7 , 1 , 13.51 , 6.309 , 3.615 , 92.28 , 62.35
5511 , 25132 , 17.31 , -61.8 , 1 , 13.50 , 6.247 , 3.609 , 92.68 , 61.95
5521 , 25182 , 17.17 , -61.6 , 1 , 13.49 , 6.242 , 3.635 , 93.08 , 61.55
5531 , 25233 , 17.03 , -61.5 , 1 , 13.47 , 6.341 , 3.723 , 93.49 , 61.14
5540 , 25282 , 16.90 , -61.4 , 1 , 13.46 , 6.390 , 3.781 , 93.89 , 60.74
5550 , 25327 , 16.77 , -61.3 , 1 , 13.45 , 6.492 , 3.870 , 94.26 , 60.37
5560 , 25379 , 16.63 , -60.8 , 1 , 13.44 , 6.436 , 3.870 , 94.69 , 59.94
5570 , 25432 , 16.49 , -60.1 , 1 , 13.43 , 6.428 , 3.897 , 95.12 , 59.51
5580 , 25488 , 16.35 , -59.8 , 1 , 13.42 , 6.312 , 3.861 , 95.57 , 59.06
5590 , 25540 , 16.21 , -59.6 , 1 , 13.40 , 6.290 , 3.880 , 95.98 , 58.65
5600 , 25592 , 16.08 , -59.0 , 1 , 13.38 , 6.252 , 3.889 , 96.39 , 58.23
5610 , 25642 , 15.95 , -59.1 , 1 , 13.37 , 6.129 , 3.843 , 96.78 , 57.85
5620 , 25690 , 15.83 , -58.8 , 1 , 13.36 , 6.066 , 3.833 , 97.15 , 57.47
5630 , 25740 , 15.70 , -58.4 , 1 , 13.35 , 6.003 , 3.823 , 97.53 , 57.10
5640 , 25786 , 15.59 , -57.7 , 1 , 13.33 , 6.017 , 3.860 , 97.88 , 56.75
5650 , 25830 , 15.48 , -57.6 , 1 , 13.32 , 6.013 , 3.885 , 98.21 , 56.42
5660 , 25876 , 15.37 , -57.4 , 1 , 13.31 , 6.016 , 3.915 , 98.55 , 56.08
5670 , 25919 , 15.26 , -57.2 , 1 , 13.30 , 5.947 , 3.897 , 98.88 , 55.75
5680 , 25962 , 15.16 , -57.1 , 1 , 13.29 , 5.976 , 3.942 , 99.20 , 55.43
5690 , 26007 , 15.05 , -56.8 , 1 , 13.28 , 5.922 , 3.935 , 99.53 , 55.10
5699 , 26051 , 14.95 , -56.2 , 1 , 13.28 , 5.920 , 3.961 , 99.85 , 54.78
5709 , 26094 , 14.85 , -56.3 , 1 , 13.27 , 5.905 , 3.977 , 100.17 , 54.46
5719 , 26142 , 14.73 , -56.2 , 1 , 13.26 , 5.873 , 3.986 , 100.52 , 54.11
5728 , 26188 , 14.63 , -55.6 , 1 , 13.26 , 5.835 , 3.989 , 100.85 , 53.77
5738 , 26236 , 14.52 , -55.0 , 1 , 13.25 , 5.860 , 4.036 , 101.20 , 53.43
5748 , 26287 , 14.40 , -54.2 , 1 , 13.24 , 5.985 , 4.155 , 101.58 , 53.05
5758 , 26342 , 14.28 , -53.7 , 1 , 13.22 , 6.066 , 4.248 , 101.99 , 52.64
5768 , 26399 , 14.16 , -53.9 , 1 , 13.21 , 6.081 , 4.296 , 102.41 , 52.22
5778 , 26457 , 14.03 , -54.2 , 1 , 13.19 , 6.053 , 4.315 , 102.84 , 51.79
5788 , 26516 , 13.90 , -54.6 , 1 , 13.17 , 6.065 , 4.364 , 103.28 , 51.35
5798 , 26575 , 13.77 , -54.8 , 1 , 13.15 , 6.018 , 4.370 , 103.72 , 50.91
5808 , 26638 , 13.64 , -54.6 , 1 , 13.14 , 5.927 , 4.347 , 104.18 , 50.44
5818 , 26698 , 13.51 , -54.2 , 1 , 13.12 , 5.840 , 4.323 , 104.62 , 50.01
5828 , 26758 , 13.38 , -54.0 , 1 , 13.10 , 5.853 , 4.374 , 105.05 , 49.57
5838 , 26820 , 13.25 , -54.1 , 1 , 13.08 , 5.833 , 4.401 , 105.50 , 49.13
5848 , 26882 , 13.13 , -54.0 , 1 , 13.05 , 5.739 , 4.372 , 105.94 , 48.69
5858 , 26943 , 13.00 , -53.2 , 1 , 13.02 , 5.613 , 4.317 , 106.37 , 48.26
5868 , 27007 , 12.87 , -53.4 , 1 , 12.99 , 5.601 , 4.351 , 106.81 , 47.82
5878 , 27072 , 12.74 , -53.5 , 1 , 12.96 , 5.642 , 4.427 , 107.25 , 47.37
5888 , 27136 , 12.62 , -53.5 , 1 , 12.92 , 5.624 , 4.457 , 107.70 , 46.93
5898 , 27203 , 12.49 , -53.4 , 1 , 12.89 , 5.608 , 4.492 , 108.16 , 46.47
5908 , 27266 , 12.37 , -52.7 , 1 , 12.85 , 5.536 , 4.477 , 108.59 , 46.04
5918 , 27328 , 12.25 , -51.4 , 1 , 12.81 , 5.508 , 4.497 , 109.01 , 45.62
5928 , 27387 , 12.14 , -51.2 , 1 , 12.78 , 5.448 , 4.488 , 109.40 , 45.23
5938 , 27445 , 12.03 , -50.9 , 1 , 12.74 , 5.425 , 4.510 , 109.78 , 44.85
5948 , 27503 , 11.92 , -50.3 , 1 , 12.71 , 5.419 , 4.546 , 110.16 , 44.47
5958 , 27552 , 11.83 , -49.8 , 1 , 12.68 , 5.396 , 4.560 , 110.49 , 44.14
5968 , 27604 , 11.74 , -49.3 , 1 , 12.65 , 5.378 , 4.581 , 110.82 , 43.81
5977 , 27652 , 11.66 , -49.3 , 1 , 12.62 , 5.354 , 4.593 , 111.13 , 43.50
5987 , 27696 , 11.58 , -48.7 , 1 , 12.59 , 5.344 , 4.617 , 111.41 , 43.21
5997 , 27749 , 11.48 , -47.9 , 1 , 12.57 , 5.299 , 4.615 , 111.75 , 42.88
6007 , 27797 , 11.40 , -47.4 , 1 , 12.54 , 5.244 , 4.600 , 112.06 , 42.57
6017 , 27844 , 11.32 , -47.3 , 1 , 12.50 , 5.287 , 4.671 , 112.35 , 42.28
6027 , 27892 , 11.24 , -47.0 , 1 , 12.48 , 5.297 , 4.714 , 112.65 , 41.97
6037 , 27940 , 11.16 , -47.1 , 1 , 12.45 , 5.322 , 4.771 , 112.96 , 41.67
6047 , 27987 , 11.08 , -46.9 , 1 , 12.42 , 5.367 , 4.844 , 113.25 , 41.37
6057 , 28041 , 10.99 , -46.8 , 1 , 12.39 , 5.277 , 4.803 , 113.60 , 41.03
6067 , 28093 , 10.90 , -46.8 , 1 , 12.36 , 5.213 , 4.782 , 113.92 , 40.70
6077 , 28151 , 10.81 , -47.0 , 1 , 12.33 , 5.153 , 4.768 , 114.28 , 40.35
6087 , 28208 , 10.71 , -47.2 , 1 , 12.31 , 5.093 , 4.754 , 114.63 , 40.00
6097 , 28267 , 10.62 , -47.3 , 1 , 12.28 , 5.078 , 4.782 , 114.99 , 39.64
6107 , 28328 , 10.52 , -47.2 , 1 , 12.26 , 5.060 , 4.809 , 115.36 , 39.27
6117 , 28387 , 10.43 , -47.1 , 1 , 12.23 , 5.078 , 4.869 , 115.71 , 38.91
6127 , 28447 , 10.33 , -47.3 , 1 , 12.20 , 5.065 , 4.901 , 116.08 , 38.55
6137 , 28506 , 10.24 , -47.1 , 1 , 12.18 , 5.038 , 4.918 , 116.43 , 38.20
6147 , 28562 , 10.16 , -47.4 , 1 , 12.15 , 5.021 , 4.944 , 116.77 , 37.86
6157 , 28620 , 10.07 , -47.3 , 1 , 12.13 , 4.945 , 4.912 , 117.11 , 37.52
6167 , 28680 , 9.98 , -47.0 , 1 , 12.11 , 4.815 , 4.827 , 117.46 , 37.17
6177 , 28729 , 9.90 , -46.9 , 1 , 12.09 , 4.714 , 4.761 , 117.74 , 36.88
6187 , 28777 , 9.83 , -47.1 , 1 , 12.07 , 4.660 , 4.740 , 118.01 , 36.62
6197 , 28822 , 9.76 , -47.4 , 1 , 12.06 , 4.597 , 4.708 , 118.26 , 36.37
6207 , 28864 , 9.70 , -47.7 , 1 , 12.04 , 4.542 , 4.681 , 118.49 , 36.14
6217 , 28907 , 9.64 , -47.4 , 1 , 12.03 , 4.487 , 4.655 , 118.72 , 35.91
6227 , 28949 , 9.58 , -46.5 , 1 , 12.02 , 4.448 , 4.644 , 118.94 , 35.68
6237 , 28988 , 9.52 , -45.7 , 1 , 12.00 , 4.440 , 4.662 , 119.15 , 35.48
6247 , 29026 , 9.47 , -45.5 , 1 , 11.98 , 4.399 , 4.646 , 119.35 , 35.28
6257 , 29070 , 9.41 , -45.1 , 1 , 11.96 , 4.378 , 4.654 , 119.58 , 35.05
6267 , 29108 , 9.35 , -44.6 , 1 , 11.93 , 4.358 , 4.660 , 119.77 , 34.86
6277 , 29154 , 9.29 , -43.8 , 1 , 11.91 , 4.307 , 4.637 , 120.01 , 34.62
6286 , 29196 , 9.23 , -43.4 , 1 , 11.89 , 4.285 , 4.642 , 120.22 , 34.41
6296 , 29238 , 9.17 , -43.3 , 1 , 11.86 , 4.246 , 4.629 , 120.43 , 34.20
6306 , 29284 , 9.11 , -43.2 , 1 , 11.84 , 4.219 , 4.631 , 120.66 , 33.97
6316 , 29330 , 9.05 , -43.3 , 1 , 11.82 , 4.167 , 4.605 , 120.89 , 33.74
6326 , 29376 , 8.99 , -43.6 , 1 , 11.79 , 4.101 , 4.563 , 121.11 , 33.52
6336 , 29422 , 8.93 , -44.0 , 1 , 11.77 , 4.030 , 4.515 , 121.33 , 33.30
6346 , 29469 , 8.86 , -44.2 , 1 , 11.75 , 4.015 , 4.531 , 121.55 , 33.08
6356 , 29517 , 8.80 , -44.3 , 1 , 11.73 , 3.981 , 4.524 , 121.78 , 32.85
6366 , 29564 , 8.74 , -43.8 , 1 , 11.71 , 3.935 , 4.502 , 121.99 , 32.64
6376 , 29613 , 8.68 , -42.9 , 1 , 11.69 , 3.910 , 4.507 , 122.22 , 32.41
6386 , 29660 , 8.62 , -42.4 , 1 , 11.67 , 3.881 , 4.505 , 122.43 , 32.20
6396 , 29708 , 8.55 , -42.2 , 1 , 11.65 , 3.852 , 4.504 , 122.65 , 31.98
6406 , 29749 , 8.50 , -41.8 , 1 , 11.63 , 3.818 , 4.490 , 122.83 , 31.80
6416 , 29794 , 8.45 , -41.5 , 1 , 11.60 , 3.785 , 4.481 , 123.03 , 31.60
6426 , 29835 , 8.39 , -41.6 , 1 , 11.58 , 3.742 , 4.458 , 123.22 , 31.41
6436 , 29877 , 8.34 , -41.8 , 1 , 11.56 , 3.705 , 4.441 , 123.40 , 31.23
6446 , 29919 , 8.29 , -42.0 , 1 , 11.54 , 3.697 , 4.459 , 123.58 , 31.05
6456 , 29961 , 8.24 , -42.1 , 1 , 11.52 , 3.664 , 4.447 , 123.76 , 30.87
6466 , 30000 , 8.19 , -41.7 , 1 , 11.50 , 3.640 , 4.442 , 123.92 , 30.70
6476 , 30041 , 8.14 , -41.1 , 1 , 11.48 , 3.620 , 4.445 , 124.10 , 30.53
6486 , 30079 , 8.10 , -40.4 , 1 , 11.47 , 3.630 , 4.482 , 124.26 , 30.37
6496 , 30116 , 8.05 , -39.9 , 1 , 11.45 , 3.634 , 4.511 , 124.41 , 30.22
6506 , 30149 , 8.02 , -39.2 , 1 , 11.44 , 3.628 , 4.527 , 124.55 , 30.08
6516 , 30185 , 7.97 , -38.5 , 0 , 11.42 , 3.637 , 4.561 , 124.70 , 29.93
6526 , 30228 , 7.92 , -37.5 , 0 , 11.41 , 3.615 , 4.561 , 124.88 , 29.75
6536 , 30263 , 7.88 , -36.5 , 0 , 11.39 , 3.603 , 4.570 , 125.02 , 29.61
6546 , 30303 , 7.84 , -35.6 , 0 , 11.38 , 3.574 , 4.559 , 125.18 , 29.44
6556 , 30342 , 7.79 , -35.1 , 0 , 11.36 , 3.569 , 4.579 , 125.35 , 29.28
6566 , 30387 , 7.74 , -35.0 , 0 , 11.34 , 3.537 , 4.567 , 125.53 , 29.10
6576 , 30429 , 7.70 , -35.0 , 0 , 11.33 , 3.512 , 4.562 , 125.69 , 28.93
6586 , 30472 , 7.65 , -34.6 , 0 , 11.31 , 3.489 , 4.560 , 125.86 , 28.76
6595 , 30513 , 7.61 , -34.3 , 0 , 11.30 , 3.453 , 4.540 , 126.02 , 28.60
6605 , 30558 , 7.56 , -34.5 , 0 , 11.28 , 3.445 , 4.558 , 126.20 , 28.43
6615 , 30605 , 7.51 , -34.2 , 0 , 11.27 , 3.421 , 4.557 , 126.38 , 28.25
6625 , 30655 , 7.45 , -34.1 , 0 , 11.27 , 3.393 , 4.552 , 126.57 , 28.06
6635 , 30707 , 7.40 , -34.2 , 0 , 11.26 , 3.359 , 4.540 , 126.77 , 27.86
6645 , 30755 , 7.35 , -34.0 , 0 , 11.26 , 3.334 , 4.537 , 126.95 , 27.67
6655 , 30806 , 7.29 , -33.8 , 0 , 11.26 , 3.311 , 4.539 , 127.14 , 27.49
6665 , 30849 , 7.25 , -33.5 , 0 , 11.27 , 3.289 , 4.537 , 127.30 , 27.33
6675 , 30897 , 7.20 , -33.5 , 0 , 11.27 , 3.253 , 4.518 , 127.48 , 27.15
6685 , 30950 , 7.15 , -33.4 , 0 , 11.26 , 3.234 , 4.525 , 127.67 , 26.96
6695 , 31001 , 7.09 , -32.8 , 0 , 11.26 , 3.194 , 4.502 , 127.86 , 26.77
6705 , 31052 , 7.04 , -32.8 , 0 , 11.26 , 3.170 , 4.501 , 128.04 , 26.59
6715 , 31105 , 6.99 , -33.0 , 0 , 11.26 , 3.147 , 4.503 , 128.23 , 26.40
6725 , 31161 , 6.93 , -32.5 , 0 , 11.26 , 3.137 , 4.524 , 128.43 , 26.20
6735 , 31211 , 6.89 , -32.2 , 0 , 11.26 , 3.106 , 4.511 , 128.60 , 26.03
6745 , 31269 , 6.83 , -31.4 , 0 , 11.26 , 3.097 , 4.534 , 128.80 , 25.83
6755 , 31324 , 6.78 , -30.5 , 0 , 11.25 , 3.072 , 4.533 , 128.99 , 25.64
6765 , 31376 , 6.73 , -30.4 , 0 , 11.24 , 3.047 , 4.529 , 129.17 , 25.46
6775 , 31427 , 6.68 , -30.3 , 0 , 11.23 , 3.028 , 4.534 , 129.34 , 25.29
6785 , 31475 , 6.63 , -29.9 , 0 , 11.22 , 3.008 , 4.533 , 129.50 , 25.13
6795 , 31528 , 6.59 , -29.6 , 0 , 11.21 , 2.997 , 4.551 , 129.67 , 24.95
6805 , 31567 , 6.55 , -29.6 , 0 , 11.20 , 2.974 , 4.541 , 129.80 , 24.82
6815 , 31601 , 6.52 , -27.9 , 0 , 11.19 , 2.964 , 4.548 , 129.91 , 24.71
6825 , 31639 , 6.48 , -26.1 , 0 , 11.18 , 2.971 , 4.583 , 130.04 , 24.59
6835 , 31668 , 6.46 , -25.7 , 0 , 11.18 , 2.982 , 4.617 , 130.13 , 24.50
6845 , 31702 , 6.43 , -25.5 , 0 , 11.17 , 2.990 , 4.651 , 130.24 , 24.39
6855 , 31727 , 6.41 , -25.1 , 0 , 11.17 , 2.996 , 4.677 , 130.32 , 24.30
6865 , 31760 , 6.38 , -24.8 , 0 , 11.18 , 2.999 , 4.703 , 130.43 , 24.20
6875 , 31789 , 6.35 , -24.2 , 0 , 11.18 , 3.008 , 4.736 , 130.52 , 24.10
6885 , 31824 , 6.32 , -23.7 , 0 , 11.19 , 3.020 , 4.777 , 130.64 , 23.99
6895 , 31854 , 6.30 , -23.5 , 0 , 11.20 , 3.035 , 4.821 , 130.74 , 23.89
6905 , 31893 , 6.26 , -23.7 , 0 , 11.21 , 3.034 , 4.846 , 130.86 , 23.76
6914 , 31928 , 6.23 , -23.7 , 0 , 11.21 , 3.047 , 4.890 , 130.98 , 23.65
6923 , 31962 , 6.20 , -23.2 , 0 , 11.22 , 3.037 , 4.896 , 131.09 , 23.54
6933 , 31993 , 6.18 , -23.3 , 0 , 11.23 , 3.014 , 4.879 , 131.19 , 23.43
6943 , 32031 , 6.14 , -23.6 , 0 , 11.25 , 2.995 , 4.874 , 131.32 , 23.31
6953 , 32074 , 6.11 , -23.6 , 0 , 11.26 , 2.960 , 4.846 , 131.46 , 23.17
6963 , 32111 , 6.08 , -23.8 , 0 , 11.28 , 2.952 , 4.857 , 131.57 , 23.05
6973 , 32160 , 6.04 , -23.7 , 0 , 11.30 , 2.922 , 4.841 , 131.73 , 22.90
6983 , 32212 , 5.99 , -23.2 , 0 , 11.32 , 2.895 , 4.829 , 131.89 , 22.74
6993 , 32257 , 5.96 , -23.2 , 0 , 11.34 , 2.873 , 4.822 , 132.03 , 22.60
7003 , 32305 , 5.92 , -23.2 , 0 , 11.37 , 2.844 , 4.806 , 132.18 , 22.45
