# ------------------------------------------------------------
#
# Flight name: V2608
# Station: Davis
# Launch Date: 15 October 2008
# Launch Time: 23:16:03
# 
# This file created: Fri Oct 17 09:52:11 2008
# 
# 
# ------------------------------------------------------------
# DATA COLUMNS
# Time (s)
# Height (m)
# Atmospheric Pressure (hPa)
# Atmospheric Temperature (°C)
# Relative Humidity (%)
# Box Temperature (°C)
# Ozone Partial Pressure (mPa)
# Ozone Mixing Ratio (ppmV)
# Accumulated Ozone to this Height (Dobson Units)
# Remaining Ozone above this Height (Dobson Units)
# 
# ------------------------------------------------------------
# 
# Integrated Ozone = 150.7 DU
# Extrapolated Ozone =  49.5 DU
# 
# Total Ozone = 200.2 DU
# 
# 
# ------------------------------------------------------------
0 , 18 , 977.85 , -17.0 , 76 , 32.35 , 2.517 , 0.026 , 0.00 , 200.15
10 , 68 , 971.31 , -17.6 , 77 , 32.36 , 2.524 , 0.026 , 0.13 , 200.02
20 , 122 , 964.29 , -18.2 , 80 , 32.34 , 2.462 , 0.026 , 0.28 , 199.88
30 , 175 , 957.47 , -18.6 , 81 , 32.28 , 2.429 , 0.025 , 0.41 , 199.74
40 , 227 , 950.80 , -19.0 , 80 , 32.23 , 2.415 , 0.025 , 0.55 , 199.60
50 , 277 , 944.40 , -19.3 , 79 , 32.20 , 2.382 , 0.025 , 0.67 , 199.48
60 , 328 , 937.98 , -19.7 , 78 , 32.15 , 2.360 , 0.025 , 0.80 , 199.35
70 , 381 , 931.35 , -20.0 , 79 , 32.08 , 2.360 , 0.025 , 0.93 , 199.22
80 , 430 , 925.14 , -20.4 , 79 , 32.04 , 2.354 , 0.025 , 1.06 , 199.09
90 , 479 , 919.08 , -20.8 , 83 , 31.99 , 2.307 , 0.025 , 1.18 , 198.97
100 , 530 , 912.67 , -21.3 , 86 , 31.94 , 2.297 , 0.025 , 1.31 , 198.84
110 , 589 , 905.44 , -21.8 , 88 , 31.87 , 2.303 , 0.025 , 1.45 , 198.70
120 , 644 , 898.71 , -22.3 , 89 , 31.82 , 2.310 , 0.026 , 1.59 , 198.56
130 , 702 , 891.55 , -22.8 , 93 , 31.77 , 2.311 , 0.026 , 1.73 , 198.42
140 , 760 , 884.53 , -23.4 , 96 , 31.73 , 2.306 , 0.026 , 1.88 , 198.27
150 , 816 , 877.77 , -23.9 , 97 , 31.68 , 2.298 , 0.026 , 2.02 , 198.14
160 , 879 , 870.23 , -24.4 , 98 , 31.63 , 2.277 , 0.026 , 2.17 , 197.98
170 , 940 , 863.02 , -25.0 , 97 , 31.57 , 2.258 , 0.026 , 2.32 , 197.83
180 , 999 , 856.06 , -25.5 , 97 , 31.52 , 2.253 , 0.026 , 2.47 , 197.69
190 , 1058 , 849.03 , -26.0 , 97 , 31.45 , 2.240 , 0.026 , 2.61 , 197.54
200 , 1116 , 842.23 , -26.4 , 98 , 31.36 , 2.226 , 0.026 , 2.75 , 197.40
210 , 1176 , 835.30 , -26.6 , 97 , 31.30 , 2.204 , 0.026 , 2.90 , 197.25
220 , 1230 , 829.07 , -27.0 , 96 , 31.24 , 2.176 , 0.026 , 3.03 , 197.12
230 , 1287 , 822.57 , -27.4 , 98 , 31.20 , 2.146 , 0.026 , 3.16 , 196.99
240 , 1340 , 816.52 , -27.6 , 98 , 31.15 , 2.115 , 0.026 , 3.29 , 196.87
249 , 1396 , 810.15 , -27.9 , 98 , 31.11 , 2.092 , 0.026 , 3.42 , 196.74
259 , 1449 , 804.19 , -28.2 , 97 , 31.03 , 2.081 , 0.026 , 3.54 , 196.61
269 , 1510 , 797.40 , -28.6 , 97 , 30.95 , 2.064 , 0.026 , 3.68 , 196.48
279 , 1575 , 790.18 , -29.2 , 96 , 30.89 , 2.067 , 0.026 , 3.82 , 196.33
289 , 1637 , 783.32 , -29.6 , 96 , 30.83 , 2.057 , 0.026 , 3.97 , 196.19
299 , 1705 , 775.95 , -30.1 , 97 , 30.76 , 2.045 , 0.026 , 4.12 , 196.03
309 , 1765 , 769.35 , -30.6 , 96 , 30.71 , 2.041 , 0.027 , 4.26 , 195.89
319 , 1828 , 762.56 , -31.1 , 98 , 30.70 , 2.034 , 0.027 , 4.40 , 195.75
329 , 1896 , 755.25 , -31.7 , 99 , 30.65 , 2.014 , 0.027 , 4.55 , 195.60
339 , 1956 , 748.85 , -32.1 , 97 , 30.60 , 2.013 , 0.027 , 4.69 , 195.46
349 , 2022 , 741.88 , -32.8 , 96 , 30.51 , 1.982 , 0.027 , 4.84 , 195.32
359 , 2081 , 735.71 , -32.0 , 93 , 30.45 , 1.984 , 0.027 , 4.97 , 195.19
369 , 2139 , 729.76 , -30.6 , 82 , 30.33 , 2.003 , 0.027 , 5.09 , 195.06
379 , 2194 , 724.13 , -30.5 , 67 , 30.25 , 2.067 , 0.029 , 5.22 , 194.93
389 , 2248 , 718.57 , -30.8 , 63 , 30.18 , 2.121 , 0.030 , 5.35 , 194.81
399 , 2305 , 712.84 , -31.0 , 64 , 30.10 , 2.154 , 0.030 , 5.48 , 194.67
409 , 2361 , 707.29 , -31.3 , 67 , 30.07 , 2.158 , 0.031 , 5.61 , 194.54
419 , 2416 , 701.83 , -31.7 , 73 , 30.04 , 2.142 , 0.031 , 5.75 , 194.41
429 , 2472 , 696.26 , -32.1 , 75 , 30.01 , 2.127 , 0.031 , 5.88 , 194.27
439 , 2526 , 690.93 , -32.1 , 64 , 29.99 , 2.105 , 0.030 , 6.01 , 194.14
449 , 2583 , 685.36 , -31.8 , 46 , 29.97 , 2.118 , 0.031 , 6.14 , 194.01
459 , 2641 , 679.74 , -31.2 , 36 , 29.94 , 2.136 , 0.031 , 6.28 , 193.87
469 , 2702 , 673.94 , -31.1 , 36 , 29.89 , 2.143 , 0.032 , 6.43 , 193.73
479 , 2759 , 668.52 , -31.2 , 34 , 29.83 , 2.133 , 0.032 , 6.56 , 193.59
489 , 2818 , 662.98 , -31.4 , 34 , 29.80 , 2.121 , 0.032 , 6.70 , 193.45
499 , 2876 , 657.62 , -31.9 , 34 , 29.77 , 2.128 , 0.032 , 6.84 , 193.31
509 , 2934 , 652.21 , -32.1 , 37 , 29.73 , 2.132 , 0.033 , 6.98 , 193.17
519 , 2990 , 647.09 , -32.4 , 36 , 29.70 , 2.117 , 0.033 , 7.11 , 193.04
529 , 3049 , 641.69 , -32.3 , 35 , 29.66 , 2.111 , 0.033 , 7.25 , 192.90
539 , 3116 , 635.60 , -32.6 , 31 , 29.61 , 2.115 , 0.033 , 7.41 , 192.74
548 , 3170 , 630.76 , -32.8 , 27 , 29.55 , 2.105 , 0.033 , 7.53 , 192.62
558 , 3222 , 626.10 , -33.1 , 26 , 29.50 , 2.085 , 0.033 , 7.66 , 192.49
568 , 3279 , 621.06 , -33.3 , 25 , 29.47 , 2.063 , 0.033 , 7.79 , 192.36
578 , 3343 , 615.41 , -33.5 , 23 , 29.44 , 2.057 , 0.033 , 7.94 , 192.21
588 , 3404 , 610.01 , -33.9 , 22 , 29.39 , 2.050 , 0.034 , 8.08 , 192.07
598 , 3470 , 604.33 , -34.1 , 22 , 29.33 , 2.067 , 0.034 , 8.23 , 191.92
608 , 3535 , 598.71 , -34.6 , 29 , 29.28 , 2.052 , 0.034 , 8.38 , 191.77
618 , 3588 , 594.20 , -35.0 , 41 , 29.24 , 2.046 , 0.034 , 8.51 , 191.64
628 , 3647 , 589.17 , -35.5 , 46 , 29.22 , 2.049 , 0.035 , 8.64 , 191.51
638 , 3707 , 584.14 , -36.0 , 50 , 29.19 , 2.038 , 0.035 , 8.78 , 191.37
648 , 3765 , 579.24 , -36.5 , 49 , 29.15 , 2.013 , 0.035 , 8.92 , 191.23
658 , 3822 , 574.52 , -37.0 , 55 , 29.10 , 1.977 , 0.034 , 9.05 , 191.10
668 , 3887 , 569.11 , -37.6 , 55 , 29.06 , 1.939 , 0.034 , 9.19 , 190.96
678 , 3945 , 564.37 , -38.0 , 73 , 29.00 , 1.828 , 0.032 , 9.32 , 190.83
688 , 4007 , 559.25 , -38.6 , 80 , 28.95 , 1.728 , 0.031 , 9.44 , 190.71
698 , 4070 , 554.18 , -39.2 , 83 , 28.90 , 1.659 , 0.030 , 9.57 , 190.58
708 , 4125 , 549.77 , -39.7 , 84 , 28.84 , 1.604 , 0.029 , 9.67 , 190.48
718 , 4182 , 545.19 , -40.0 , 79 , 28.79 , 1.565 , 0.029 , 9.77 , 190.38
728 , 4239 , 540.62 , -40.1 , 67 , 28.75 , 1.555 , 0.029 , 9.88 , 190.27
738 , 4300 , 535.83 , -40.0 , 46 , 28.72 , 1.620 , 0.030 , 9.99 , 190.16
748 , 4362 , 530.95 , -39.9 , 30 , 28.67 , 1.753 , 0.033 , 10.11 , 190.04
758 , 4426 , 525.99 , -40.1 , 21 , 28.62 , 1.857 , 0.035 , 10.24 , 189.91
768 , 4496 , 520.67 , -40.2 , 16 , 28.57 , 1.905 , 0.037 , 10.40 , 189.76
778 , 4561 , 515.66 , -40.5 , 18 , 28.51 , 1.870 , 0.036 , 10.54 , 189.61
788 , 4623 , 511.02 , -41.0 , 20 , 28.46 , 1.823 , 0.036 , 10.67 , 189.48
798 , 4681 , 506.70 , -41.3 , 24 , 28.40 , 1.776 , 0.035 , 10.79 , 189.36
808 , 4740 , 502.26 , -41.8 , 27 , 28.34 , 1.742 , 0.035 , 10.91 , 189.24
818 , 4804 , 497.57 , -42.2 , 31 , 28.29 , 1.743 , 0.035 , 11.04 , 189.11
828 , 4869 , 492.77 , -42.6 , 32 , 28.25 , 1.719 , 0.035 , 11.18 , 188.98
838 , 4925 , 488.68 , -43.1 , 33 , 28.20 , 1.775 , 0.036 , 11.29 , 188.86
847 , 4978 , 484.85 , -43.5 , 32 , 28.14 , 1.761 , 0.036 , 11.40 , 188.75
857 , 5037 , 480.61 , -44.0 , 32 , 28.10 , 1.736 , 0.036 , 11.52 , 188.63
867 , 5102 , 476.00 , -44.4 , 32 , 28.06 , 1.715 , 0.036 , 11.65 , 188.50
877 , 5164 , 471.59 , -45.0 , 33 , 28.02 , 1.713 , 0.036 , 11.78 , 188.37
887 , 5226 , 467.24 , -45.5 , 33 , 27.97 , 1.703 , 0.036 , 11.90 , 188.25
897 , 5288 , 462.89 , -46.0 , 34 , 27.92 , 1.701 , 0.037 , 12.03 , 188.12
907 , 5353 , 458.42 , -46.5 , 34 , 27.87 , 1.689 , 0.037 , 12.16 , 187.99
917 , 5415 , 454.13 , -46.9 , 32 , 27.80 , 1.680 , 0.037 , 12.28 , 187.87
927 , 5476 , 449.95 , -47.2 , 29 , 27.71 , 1.612 , 0.036 , 12.40 , 187.75
937 , 5538 , 445.75 , -47.7 , 28 , 27.65 , 1.554 , 0.035 , 12.52 , 187.63
947 , 5605 , 441.27 , -48.1 , 28 , 27.58 , 1.500 , 0.034 , 12.64 , 187.51
957 , 5662 , 437.45 , -48.4 , 28 , 27.52 , 1.488 , 0.034 , 12.75 , 187.41
967 , 5721 , 433.57 , -48.8 , 28 , 27.46 , 1.522 , 0.035 , 12.85 , 187.30
977 , 5784 , 429.43 , -49.0 , 27 , 27.41 , 1.514 , 0.035 , 12.97 , 187.18
987 , 5844 , 425.50 , -49.4 , 28 , 27.37 , 1.537 , 0.036 , 13.08 , 187.07
997 , 5904 , 421.60 , -49.8 , 27 , 27.32 , 1.577 , 0.037 , 13.19 , 186.96
1007 , 5967 , 417.58 , -50.2 , 27 , 27.28 , 1.591 , 0.038 , 13.31 , 186.84
1017 , 6027 , 413.74 , -50.6 , 25 , 27.22 , 1.723 , 0.042 , 13.43 , 186.72
1027 , 6091 , 409.69 , -51.0 , 25 , 27.16 , 1.832 , 0.045 , 13.57 , 186.58
1037 , 6154 , 405.74 , -51.2 , 26 , 27.10 , 1.863 , 0.046 , 13.71 , 186.44
1047 , 6220 , 401.61 , -51.5 , 26 , 27.06 , 1.870 , 0.047 , 13.86 , 186.29
1057 , 6282 , 397.80 , -51.9 , 27 , 27.02 , 1.783 , 0.045 , 14.00 , 186.15
1067 , 6343 , 394.09 , -52.3 , 29 , 26.96 , 1.688 , 0.043 , 14.13 , 186.02
1077 , 6404 , 390.37 , -52.8 , 31 , 26.89 , 1.563 , 0.040 , 14.25 , 185.90
1087 , 6474 , 386.14 , -53.4 , 34 , 26.81 , 1.471 , 0.038 , 14.38 , 185.77
1097 , 6532 , 382.70 , -53.8 , 34 , 26.74 , 1.436 , 0.038 , 14.48 , 185.67
1107 , 6594 , 379.02 , -54.3 , 31 , 26.68 , 1.526 , 0.040 , 14.59 , 185.56
1117 , 6651 , 375.64 , -54.7 , 29 , 26.60 , 1.644 , 0.044 , 14.71 , 185.45
1127 , 6715 , 371.87 , -55.1 , 26 , 26.53 , 1.633 , 0.044 , 14.84 , 185.31
1137 , 6778 , 368.24 , -55.6 , 23 , 26.47 , 1.596 , 0.043 , 14.96 , 185.19
1146 , 6838 , 364.76 , -56.1 , 21 , 26.42 , 1.601 , 0.044 , 15.08 , 185.07
1156 , 6898 , 361.33 , -56.4 , 20 , 26.35 , 1.614 , 0.045 , 15.20 , 184.95
1166 , 6957 , 357.98 , -56.8 , 18 , 26.30 , 1.695 , 0.047 , 15.32 , 184.83
1176 , 7021 , 354.40 , -57.1 , 17 , 26.26 , 1.794 , 0.051 , 15.46 , 184.69
1186 , 7081 , 351.04 , -57.5 , 16 , 26.21 , 1.871 , 0.053 , 15.60 , 184.55
1196 , 7141 , 347.75 , -57.7 , 16 , 26.16 , 1.907 , 0.055 , 15.74 , 184.41
1206 , 7205 , 344.19 , -58.1 , 15 , 26.11 , 1.903 , 0.055 , 15.89 , 184.26
1216 , 7276 , 340.36 , -58.5 , 14 , 26.05 , 1.959 , 0.058 , 16.06 , 184.09
1226 , 7342 , 336.79 , -58.7 , 14 , 25.97 , 1.971 , 0.059 , 16.23 , 183.92
1236 , 7406 , 333.40 , -58.8 , 14 , 25.90 , 2.009 , 0.060 , 16.39 , 183.76
1246 , 7468 , 330.09 , -59.1 , 13 , 25.83 , 2.131 , 0.065 , 16.55 , 183.60
1256 , 7520 , 327.35 , -59.4 , 13 , 25.76 , 2.224 , 0.068 , 16.69 , 183.46
1266 , 7584 , 324.02 , -59.8 , 12 , 25.70 , 2.299 , 0.071 , 16.88 , 183.28
1276 , 7656 , 320.30 , -60.3 , 12 , 25.63 , 2.363 , 0.074 , 17.09 , 183.06
1286 , 7722 , 316.94 , -60.6 , 12 , 25.55 , 2.417 , 0.076 , 17.29 , 182.86
1296 , 7774 , 314.29 , -60.8 , 11 , 25.47 , 2.499 , 0.080 , 17.45 , 182.70
1306 , 7817 , 312.15 , -61.1 , 11 , 25.41 , 2.556 , 0.082 , 17.59 , 182.56
1316 , 7859 , 309.99 , -61.3 , 11 , 25.36 , 2.602 , 0.084 , 17.73 , 182.42
1326 , 7909 , 307.52 , -61.4 , 11 , 25.32 , 2.665 , 0.087 , 17.89 , 182.26
1336 , 7972 , 304.43 , -61.6 , 11 , 25.25 , 2.734 , 0.090 , 18.11 , 182.04
1346 , 8027 , 301.73 , -61.7 , 10 , 25.17 , 2.808 , 0.093 , 18.30 , 181.85
1356 , 8087 , 298.82 , -62.0 , 10 , 25.11 , 2.866 , 0.096 , 18.52 , 181.63
1366 , 8144 , 296.06 , -62.1 , 10 , 25.03 , 2.857 , 0.096 , 18.73 , 181.42
1376 , 8188 , 293.99 , -62.3 , 11 , 24.96 , 2.749 , 0.094 , 18.89 , 181.27
1386 , 8244 , 291.30 , -62.6 , 11 , 24.89 , 2.663 , 0.091 , 19.08 , 181.07
1396 , 8291 , 289.10 , -63.0 , 11 , 24.82 , 2.659 , 0.092 , 19.24 , 180.91
1406 , 8350 , 286.34 , -63.4 , 12 , 24.76 , 2.623 , 0.092 , 19.44 , 180.71
1416 , 8402 , 283.92 , -63.7 , 12 , 24.70 , 2.613 , 0.092 , 19.62 , 180.54
1426 , 8445 , 281.92 , -63.8 , 12 , 24.65 , 2.620 , 0.093 , 19.76 , 180.39
1436 , 8500 , 279.43 , -63.9 , 12 , 24.59 , 2.646 , 0.095 , 19.95 , 180.20
1445 , 8554 , 276.94 , -63.9 , 12 , 24.53 , 2.746 , 0.099 , 20.14 , 180.01
1454 , 8615 , 274.22 , -64.1 , 12 , 24.47 , 2.824 , 0.103 , 20.35 , 179.80
1464 , 8655 , 272.41 , -64.3 , 12 , 24.41 , 2.909 , 0.107 , 20.50 , 179.65
1474 , 8698 , 270.53 , -64.5 , 12 , 24.36 , 2.988 , 0.110 , 20.67 , 179.49
1484 , 8742 , 268.57 , -64.4 , 13 , 24.28 , 2.988 , 0.111 , 20.84 , 179.31
1494 , 8788 , 266.55 , -64.6 , 12 , 24.21 , 2.897 , 0.109 , 21.01 , 179.14
1504 , 8846 , 264.02 , -64.8 , 12 , 24.15 , 2.815 , 0.107 , 21.23 , 178.92
1514 , 8919 , 260.88 , -65.2 , 12 , 24.09 , 2.767 , 0.106 , 21.49 , 178.66
1524 , 8994 , 257.70 , -65.6 , 13 , 24.02 , 2.728 , 0.106 , 21.76 , 178.39
1534 , 9044 , 255.59 , -65.6 , 13 , 23.95 , 2.783 , 0.109 , 21.94 , 178.22
1544 , 9087 , 253.77 , -65.6 , 13 , 23.89 , 2.891 , 0.114 , 22.10 , 178.06
1554 , 9130 , 252.00 , -65.6 , 13 , 23.84 , 3.030 , 0.120 , 22.26 , 177.89
1564 , 9174 , 250.16 , -65.8 , 12 , 23.78 , 3.124 , 0.125 , 22.44 , 177.71
1574 , 9217 , 248.38 , -65.7 , 12 , 23.72 , 3.162 , 0.127 , 22.61 , 177.54
1584 , 9261 , 246.61 , -65.6 , 12 , 23.64 , 3.206 , 0.130 , 22.79 , 177.36
1594 , 9305 , 244.81 , -65.7 , 12 , 23.58 , 3.274 , 0.134 , 22.98 , 177.17
1604 , 9364 , 242.47 , -65.9 , 12 , 23.54 , 3.370 , 0.139 , 23.23 , 176.92
1614 , 9436 , 239.59 , -65.9 , 12 , 23.48 , 3.602 , 0.150 , 23.56 , 176.59
1624 , 9494 , 237.32 , -65.8 , 12 , 23.40 , 3.819 , 0.161 , 23.84 , 176.31
1634 , 9537 , 235.66 , -65.9 , 12 , 23.33 , 3.931 , 0.167 , 24.06 , 176.10
1644 , 9582 , 233.91 , -66.1 , 11 , 23.25 , 3.999 , 0.171 , 24.29 , 175.86
1654 , 9626 , 232.22 , -66.2 , 11 , 23.19 , 4.086 , 0.176 , 24.52 , 175.63
1664 , 9669 , 230.57 , -66.4 , 11 , 23.14 , 4.061 , 0.176 , 24.75 , 175.40
1674 , 9711 , 228.98 , -66.6 , 11 , 23.10 , 3.976 , 0.174 , 24.97 , 175.18
1683 , 9751 , 227.47 , -66.6 , 11 , 23.04 , 3.897 , 0.171 , 25.17 , 174.98
1693 , 9793 , 225.90 , -66.8 , 11 , 22.99 , 3.888 , 0.172 , 25.39 , 174.77
1703 , 9836 , 224.26 , -67.0 , 11 , 22.94 , 3.887 , 0.173 , 25.61 , 174.54
1713 , 9879 , 222.68 , -67.2 , 11 , 22.88 , 3.861 , 0.173 , 25.83 , 174.32
1723 , 9923 , 221.08 , -67.3 , 10 , 22.82 , 3.817 , 0.173 , 26.05 , 174.11
1733 , 9968 , 219.43 , -67.4 , 10 , 22.75 , 3.876 , 0.177 , 26.27 , 173.88
1743 , 10010 , 217.90 , -67.6 , 10 , 22.69 , 3.975 , 0.182 , 26.49 , 173.66
1753 , 10051 , 216.41 , -67.9 , 10 , 22.64 , 4.013 , 0.185 , 26.71 , 173.45
1762 , 10093 , 214.93 , -67.9 , 10 , 22.57 , 4.075 , 0.190 , 26.92 , 173.23
1772 , 10133 , 213.49 , -68.1 , 10 , 22.50 , 4.096 , 0.192 , 27.14 , 173.01
1782 , 10175 , 212.00 , -68.1 , 10 , 22.44 , 3.986 , 0.188 , 27.36 , 172.79
1792 , 10218 , 210.48 , -68.2 , 10 , 22.37 , 3.952 , 0.188 , 27.59 , 172.56
1802 , 10260 , 209.02 , -68.3 , 10 , 22.31 , 3.995 , 0.191 , 27.81 , 172.34
1812 , 10302 , 207.54 , -68.3 , 10 , 22.25 , 4.094 , 0.197 , 28.04 , 172.12
1822 , 10347 , 206.02 , -68.2 , 10 , 22.19 , 4.306 , 0.209 , 28.28 , 171.87
1832 , 10388 , 204.58 , -68.3 , 10 , 22.13 , 4.479 , 0.219 , 28.52 , 171.63
1842 , 10430 , 203.16 , -68.6 , 10 , 22.08 , 4.593 , 0.226 , 28.77 , 171.38
1852 , 10472 , 201.75 , -68.6 , 10 , 22.02 , 4.625 , 0.229 , 29.02 , 171.13
1862 , 10515 , 200.32 , -68.6 , 10 , 21.96 , 4.614 , 0.230 , 29.28 , 170.87
1871 , 10555 , 198.96 , -68.7 , 10 , 21.89 , 4.530 , 0.228 , 29.53 , 170.62
1881 , 10597 , 197.59 , -68.8 , 10 , 21.82 , 4.426 , 0.224 , 29.77 , 170.38
1891 , 10640 , 196.17 , -69.0 , 10 , 21.77 , 4.375 , 0.223 , 30.02 , 170.13
1901 , 10683 , 194.75 , -69.2 , 10 , 21.70 , 4.303 , 0.221 , 30.27 , 169.88
1911 , 10725 , 193.38 , -69.3 , 10 , 21.63 , 4.291 , 0.222 , 30.51 , 169.64
1921 , 10769 , 191.97 , -69.2 , 9 , 21.56 , 4.288 , 0.223 , 30.76 , 169.39
1931 , 10812 , 190.59 , -69.4 , 10 , 21.49 , 4.332 , 0.227 , 31.00 , 169.15
1941 , 10852 , 189.31 , -69.4 , 10 , 21.44 , 4.429 , 0.234 , 31.24 , 168.91
1951 , 10895 , 187.96 , -69.6 , 10 , 21.38 , 4.534 , 0.241 , 31.49 , 168.66
1961 , 10938 , 186.61 , -69.7 , 10 , 21.33 , 4.607 , 0.247 , 31.75 , 168.40
1971 , 10981 , 185.25 , -69.4 , 10 , 21.28 , 4.711 , 0.254 , 32.02 , 168.13
1981 , 11024 , 183.94 , -69.3 , 10 , 21.23 , 4.747 , 0.258 , 32.29 , 167.87
1991 , 11066 , 182.65 , -69.4 , 10 , 21.18 , 4.735 , 0.259 , 32.55 , 167.60
2001 , 11107 , 181.39 , -69.6 , 10 , 21.13 , 4.725 , 0.260 , 32.81 , 167.35
2011 , 11149 , 180.12 , -69.5 , 10 , 21.07 , 4.721 , 0.262 , 33.07 , 167.08
2021 , 11190 , 178.90 , -69.5 , 10 , 21.02 , 4.727 , 0.264 , 33.32 , 166.83
2031 , 11229 , 177.73 , -69.1 , 10 , 20.97 , 4.699 , 0.264 , 33.57 , 166.58
2041 , 11270 , 176.49 , -69.2 , 10 , 20.92 , 4.661 , 0.264 , 33.82 , 166.33
2050 , 11311 , 175.28 , -69.4 , 10 , 20.88 , 4.615 , 0.263 , 34.08 , 166.08
2060 , 11353 , 174.07 , -69.6 , 10 , 20.83 , 4.546 , 0.261 , 34.33 , 165.82
2070 , 11394 , 172.86 , -69.8 , 10 , 20.78 , 4.442 , 0.257 , 34.58 , 165.58
2080 , 11436 , 171.65 , -70.1 , 9 , 20.73 , 4.382 , 0.255 , 34.82 , 165.33
2090 , 11478 , 170.46 , -70.2 , 9 , 20.68 , 4.302 , 0.252 , 35.06 , 165.09
2100 , 11519 , 169.28 , -70.2 , 9 , 20.63 , 4.176 , 0.247 , 35.29 , 164.86
2110 , 11561 , 168.08 , -70.4 , 9 , 20.58 , 4.080 , 0.243 , 35.52 , 164.63
2120 , 11603 , 166.90 , -70.6 , 9 , 20.52 , 4.011 , 0.240 , 35.75 , 164.40
2130 , 11644 , 165.75 , -70.8 , 9 , 20.45 , 3.955 , 0.239 , 35.96 , 164.19
2140 , 11684 , 164.63 , -70.8 , 9 , 20.39 , 3.900 , 0.237 , 36.17 , 163.98
2150 , 11723 , 163.54 , -70.7 , 9 , 20.33 , 3.827 , 0.234 , 36.38 , 163.77
2160 , 11763 , 162.43 , -70.6 , 9 , 20.26 , 3.734 , 0.230 , 36.58 , 163.57
2170 , 11805 , 161.29 , -70.9 , 9 , 20.20 , 3.683 , 0.228 , 36.79 , 163.37
2180 , 11845 , 160.21 , -71.1 , 9 , 20.16 , 3.656 , 0.228 , 36.98 , 163.17
2190 , 11884 , 159.15 , -71.2 , 9 , 20.11 , 3.691 , 0.232 , 37.17 , 162.98
2200 , 11924 , 158.08 , -71.1 , 9 , 20.05 , 3.688 , 0.233 , 37.37 , 162.78
2210 , 11965 , 156.99 , -71.1 , 9 , 19.99 , 3.542 , 0.226 , 37.57 , 162.58
2220 , 12006 , 155.90 , -71.1 , 9 , 19.94 , 3.375 , 0.216 , 37.76 , 162.39
2230 , 12047 , 154.82 , -71.0 , 9 , 19.89 , 3.221 , 0.208 , 37.94 , 162.21
2240 , 12087 , 153.78 , -71.2 , 9 , 19.84 , 3.115 , 0.203 , 38.11 , 162.04
2250 , 12126 , 152.77 , -71.3 , 9 , 19.77 , 3.043 , 0.199 , 38.27 , 161.88
2260 , 12168 , 151.70 , -71.4 , 9 , 19.71 , 2.972 , 0.196 , 38.43 , 161.72
2270 , 12209 , 150.63 , -71.6 , 9 , 19.64 , 2.887 , 0.192 , 38.60 , 161.55
2280 , 12252 , 149.56 , -71.7 , 9 , 19.58 , 2.794 , 0.187 , 38.76 , 161.39
2290 , 12295 , 148.45 , -71.7 , 9 , 19.53 , 2.750 , 0.185 , 38.92 , 161.23
2300 , 12337 , 147.40 , -71.8 , 9 , 19.47 , 2.662 , 0.181 , 39.07 , 161.08
2310 , 12382 , 146.29 , -72.1 , 9 , 19.40 , 2.504 , 0.171 , 39.23 , 160.93
2320 , 12426 , 145.19 , -72.2 , 9 , 19.34 , 2.394 , 0.165 , 39.37 , 160.78
2330 , 12472 , 144.06 , -72.3 , 9 , 19.28 , 2.270 , 0.158 , 39.52 , 160.64
2340 , 12517 , 142.96 , -72.3 , 9 , 19.22 , 2.162 , 0.151 , 39.65 , 160.50
2350 , 12562 , 141.87 , -72.4 , 9 , 19.17 , 2.089 , 0.147 , 39.78 , 160.37
2359 , 12601 , 140.94 , -72.4 , 9 , 19.13 , 1.986 , 0.141 , 39.88 , 160.27
2369 , 12640 , 140.01 , -72.5 , 9 , 19.08 , 1.868 , 0.133 , 39.98 , 160.17
2379 , 12680 , 139.06 , -72.4 , 9 , 19.03 , 1.674 , 0.120 , 40.08 , 160.07
2389 , 12719 , 138.12 , -72.6 , 9 , 18.98 , 1.456 , 0.105 , 40.16 , 159.99
2399 , 12760 , 137.18 , -72.4 , 9 , 18.92 , 1.238 , 0.090 , 40.24 , 159.92
2409 , 12800 , 136.24 , -72.3 , 9 , 18.87 , 0.990 , 0.073 , 40.30 , 159.86
2419 , 12839 , 135.33 , -72.4 , 9 , 18.82 , 0.794 , 0.059 , 40.34 , 159.81
2429 , 12879 , 134.42 , -72.5 , 9 , 18.76 , 0.655 , 0.049 , 40.38 , 159.77
2439 , 12918 , 133.54 , -72.7 , 9 , 18.70 , 0.553 , 0.041 , 40.41 , 159.74
2449 , 12957 , 132.65 , -72.8 , 9 , 18.65 , 0.490 , 0.037 , 40.44 , 159.71
2459 , 12996 , 131.76 , -73.0 , 9 , 18.59 , 0.443 , 0.034 , 40.47 , 159.69
2469 , 13038 , 130.83 , -73.0 , 9 , 18.53 , 0.410 , 0.031 , 40.49 , 159.66
2479 , 13077 , 129.95 , -73.0 , 9 , 18.48 , 0.390 , 0.030 , 40.51 , 159.64
2489 , 13115 , 129.12 , -73.1 , 9 , 18.42 , 0.367 , 0.028 , 40.53 , 159.62
2499 , 13153 , 128.28 , -72.9 , 9 , 18.37 , 0.329 , 0.026 , 40.55 , 159.60
2509 , 13192 , 127.43 , -72.8 , 9 , 18.32 , 0.290 , 0.023 , 40.56 , 159.59
2519 , 13231 , 126.59 , -73.0 , 9 , 18.27 , 0.260 , 0.021 , 40.58 , 159.57
2529 , 13270 , 125.75 , -73.1 , 9 , 18.22 , 0.242 , 0.019 , 40.59 , 159.56
2539 , 13311 , 124.88 , -73.3 , 9 , 18.17 , 0.229 , 0.018 , 40.60 , 159.55
2549 , 13351 , 124.01 , -73.4 , 9 , 18.12 , 0.220 , 0.018 , 40.62 , 159.53
2559 , 13393 , 123.13 , -73.5 , 9 , 18.07 , 0.216 , 0.018 , 40.63 , 159.52
2569 , 13433 , 122.29 , -73.7 , 9 , 18.02 , 0.210 , 0.017 , 40.64 , 159.51
2579 , 13474 , 121.44 , -73.9 , 9 , 17.97 , 0.207 , 0.017 , 40.65 , 159.50
2589 , 13514 , 120.61 , -73.9 , 9 , 17.92 , 0.202 , 0.017 , 40.66 , 159.49
2599 , 13554 , 119.79 , -74.2 , 9 , 17.87 , 0.203 , 0.017 , 40.67 , 159.48
2609 , 13594 , 118.95 , -73.9 , 8 , 17.81 , 0.199 , 0.017 , 40.69 , 159.47
2619 , 13635 , 118.12 , -73.7 , 8 , 17.76 , 0.198 , 0.017 , 40.70 , 159.46
2629 , 13676 , 117.31 , -73.6 , 8 , 17.72 , 0.195 , 0.017 , 40.71 , 159.44
2639 , 13714 , 116.55 , -73.8 , 9 , 17.67 , 0.192 , 0.016 , 40.72 , 159.43
2648 , 13752 , 115.78 , -73.8 , 9 , 17.63 , 0.190 , 0.016 , 40.73 , 159.42
2657 , 13790 , 115.04 , -73.7 , 9 , 17.59 , 0.191 , 0.017 , 40.74 , 159.41
2667 , 13830 , 114.25 , -73.8 , 8 , 17.54 , 0.196 , 0.017 , 40.75 , 159.40
2677 , 13873 , 113.40 , -73.9 , 8 , 17.50 , 0.208 , 0.018 , 40.76 , 159.39
2687 , 13916 , 112.58 , -73.9 , 8 , 17.45 , 0.226 , 0.020 , 40.77 , 159.38
2697 , 13957 , 111.79 , -73.6 , 8 , 17.40 , 0.242 , 0.022 , 40.78 , 159.37
2707 , 13997 , 111.02 , -73.5 , 8 , 17.35 , 0.262 , 0.024 , 40.80 , 159.35
2717 , 14039 , 110.22 , -73.7 , 8 , 17.30 , 0.283 , 0.026 , 40.81 , 159.34
2727 , 14083 , 109.40 , -73.9 , 8 , 17.25 , 0.299 , 0.027 , 40.83 , 159.32
2737 , 14127 , 108.58 , -73.8 , 8 , 17.20 , 0.311 , 0.029 , 40.85 , 159.30
2747 , 14172 , 107.75 , -73.7 , 8 , 17.16 , 0.314 , 0.029 , 40.87 , 159.28
2757 , 14216 , 106.93 , -74.1 , 8 , 17.11 , 0.311 , 0.029 , 40.89 , 159.26
2767 , 14260 , 106.13 , -74.2 , 8 , 17.07 , 0.302 , 0.028 , 40.90 , 159.25
2777 , 14303 , 105.35 , -74.3 , 8 , 17.03 , 0.292 , 0.028 , 40.92 , 159.23
2787 , 14344 , 104.60 , -74.4 , 8 , 16.98 , 0.281 , 0.027 , 40.94 , 159.21
2797 , 14385 , 103.88 , -74.3 , 8 , 16.93 , 0.269 , 0.026 , 40.95 , 159.20
2807 , 14425 , 103.16 , -74.2 , 8 , 16.89 , 0.260 , 0.025 , 40.97 , 159.18
2817 , 14468 , 102.40 , -74.2 , 8 , 16.84 , 0.249 , 0.024 , 40.98 , 159.17
2827 , 14510 , 101.66 , -74.3 , 8 , 16.80 , 0.246 , 0.024 , 41.00 , 159.15
2837 , 14552 , 100.94 , -74.5 , 8 , 16.75 , 0.244 , 0.024 , 41.01 , 159.14
2847 , 14594 , 100.21 , -74.7 , 8 , 16.71 , 0.236 , 0.024 , 41.02 , 159.13
2857 , 14636 , 99.49 , -74.7 , 8 , 16.66 , 0.228 , 0.023 , 41.04 , 159.11
2867 , 14678 , 98.77 , -74.7 , 8 , 16.62 , 0.223 , 0.023 , 41.05 , 159.10
2877 , 14717 , 98.10 , -74.9 , 8 , 16.58 , 0.228 , 0.023 , 41.06 , 159.09
2887 , 14756 , 97.44 , -75.1 , 7 , 16.53 , 0.233 , 0.024 , 41.07 , 159.08
2897 , 14797 , 96.76 , -74.8 , 7 , 16.49 , 0.247 , 0.026 , 41.09 , 159.06
2907 , 14838 , 96.08 , -74.4 , 7 , 16.44 , 0.255 , 0.026 , 41.10 , 159.05
2917 , 14880 , 95.40 , -74.3 , 7 , 16.40 , 0.256 , 0.027 , 41.12 , 159.04
2927 , 14921 , 94.72 , -74.5 , 7 , 16.36 , 0.252 , 0.027 , 41.13 , 159.02
2937 , 14962 , 94.06 , -74.4 , 7 , 16.31 , 0.247 , 0.026 , 41.14 , 159.01
2947 , 15004 , 93.38 , -74.2 , 7 , 16.26 , 0.245 , 0.026 , 41.16 , 158.99
2957 , 15047 , 92.69 , -73.9 , 7 , 16.22 , 0.276 , 0.030 , 41.17 , 158.98
2966 , 15087 , 92.07 , -73.7 , 7 , 16.18 , 0.323 , 0.035 , 41.19 , 158.96
2976 , 15126 , 91.45 , -73.6 , 7 , 16.14 , 0.388 , 0.042 , 41.21 , 158.94
2986 , 15170 , 90.77 , -73.2 , 7 , 16.09 , 0.482 , 0.053 , 41.23 , 158.92
2996 , 15212 , 90.12 , -73.1 , 7 , 16.05 , 0.583 , 0.065 , 41.26 , 158.89
3006 , 15256 , 89.44 , -73.1 , 7 , 16.00 , 0.608 , 0.068 , 41.30 , 158.85
3016 , 15299 , 88.78 , -73.2 , 7 , 15.96 , 0.584 , 0.066 , 41.33 , 158.82
3026 , 15344 , 88.11 , -73.6 , 7 , 15.91 , 0.568 , 0.064 , 41.37 , 158.78
3036 , 15388 , 87.44 , -73.8 , 7 , 15.87 , 0.563 , 0.064 , 41.40 , 158.75
3046 , 15431 , 86.80 , -73.8 , 7 , 15.82 , 0.549 , 0.063 , 41.44 , 158.72
3056 , 15474 , 86.16 , -73.8 , 7 , 15.77 , 0.526 , 0.061 , 41.47 , 158.68
3066 , 15518 , 85.51 , -73.4 , 7 , 15.73 , 0.508 , 0.059 , 41.50 , 158.65
3076 , 15562 , 84.88 , -73.4 , 7 , 15.68 , 0.510 , 0.060 , 41.53 , 158.62
3086 , 15604 , 84.28 , -73.4 , 7 , 15.64 , 0.505 , 0.060 , 41.56 , 158.60
3096 , 15645 , 83.68 , -73.5 , 7 , 15.60 , 0.498 , 0.060 , 41.58 , 158.57
3106 , 15687 , 83.07 , -73.4 , 7 , 15.55 , 0.484 , 0.058 , 41.61 , 158.54
3116 , 15731 , 82.45 , -73.5 , 7 , 15.50 , 0.478 , 0.058 , 41.64 , 158.51
3126 , 15774 , 81.86 , -73.7 , 6 , 15.46 , 0.475 , 0.058 , 41.67 , 158.48
3136 , 15815 , 81.28 , -73.5 , 6 , 15.42 , 0.477 , 0.059 , 41.69 , 158.46
3146 , 15857 , 80.69 , -73.2 , 7 , 15.38 , 0.488 , 0.060 , 41.72 , 158.43
3156 , 15901 , 80.10 , -73.2 , 6 , 15.33 , 0.507 , 0.063 , 41.75 , 158.40
3166 , 15943 , 79.52 , -73.3 , 6 , 15.29 , 0.520 , 0.065 , 41.78 , 158.37
3176 , 15984 , 78.97 , -73.3 , 6 , 15.25 , 0.515 , 0.065 , 41.81 , 158.34
3186 , 16025 , 78.42 , -73.0 , 6 , 15.21 , 0.497 , 0.063 , 41.84 , 158.31
3196 , 16067 , 77.86 , -73.1 , 6 , 15.16 , 0.470 , 0.060 , 41.86 , 158.29
3206 , 16108 , 77.31 , -73.0 , 6 , 15.12 , 0.445 , 0.058 , 41.89 , 158.26
3216 , 16150 , 76.76 , -72.9 , 6 , 15.08 , 0.434 , 0.056 , 41.91 , 158.24
3226 , 16193 , 76.20 , -72.6 , 6 , 15.04 , 0.461 , 0.060 , 41.94 , 158.21
3236 , 16237 , 75.63 , -72.3 , 6 , 15.00 , 0.495 , 0.065 , 41.97 , 158.18
3246 , 16282 , 75.05 , -72.0 , 6 , 14.96 , 0.536 , 0.071 , 42.00 , 158.15
3256 , 16328 , 74.47 , -71.9 , 6 , 14.92 , 0.569 , 0.076 , 42.03 , 158.12
3265 , 16371 , 73.92 , -71.8 , 6 , 14.88 , 0.611 , 0.083 , 42.07 , 158.08
3275 , 16416 , 73.37 , -71.8 , 6 , 14.84 , 0.649 , 0.088 , 42.11 , 158.05
3285 , 16459 , 72.83 , -72.1 , 6 , 14.80 , 0.678 , 0.093 , 42.14 , 158.01
3295 , 16504 , 72.28 , -72.2 , 6 , 14.75 , 0.698 , 0.097 , 42.19 , 157.97
3305 , 16547 , 71.75 , -72.1 , 6 , 14.71 , 0.693 , 0.097 , 42.23 , 157.93
3315 , 16590 , 71.23 , -71.9 , 6 , 14.67 , 0.671 , 0.094 , 42.27 , 157.89
3325 , 16632 , 70.73 , -71.8 , 6 , 14.63 , 0.639 , 0.090 , 42.30 , 157.85
3335 , 16673 , 70.24 , -71.4 , 6 , 14.59 , 0.626 , 0.089 , 42.34 , 157.82
3345 , 16713 , 69.76 , -71.1 , 6 , 14.54 , 0.607 , 0.087 , 42.37 , 157.78
3355 , 16753 , 69.29 , -70.9 , 6 , 14.50 , 0.598 , 0.086 , 42.40 , 157.75
3365 , 16792 , 68.83 , -71.0 , 5 , 14.46 , 0.595 , 0.086 , 42.43 , 157.72
3375 , 16832 , 68.38 , -70.8 , 5 , 14.42 , 0.611 , 0.089 , 42.46 , 157.69
3385 , 16871 , 67.92 , -70.5 , 5 , 14.38 , 0.670 , 0.099 , 42.50 , 157.65
3395 , 16911 , 67.47 , -70.5 , 5 , 14.34 , 0.741 , 0.110 , 42.54 , 157.62
3405 , 16952 , 67.00 , -70.5 , 5 , 14.30 , 0.819 , 0.122 , 42.58 , 157.57
3415 , 16995 , 66.52 , -70.4 , 5 , 14.26 , 0.898 , 0.135 , 42.63 , 157.52
3425 , 17038 , 66.03 , -70.3 , 5 , 14.22 , 0.958 , 0.145 , 42.68 , 157.47
3435 , 17082 , 65.55 , -69.8 , 5 , 14.18 , 1.044 , 0.159 , 42.74 , 157.41
3445 , 17126 , 65.07 , -69.5 , 5 , 14.13 , 1.150 , 0.177 , 42.80 , 157.35
3455 , 17172 , 64.57 , -69.3 , 5 , 14.09 , 1.234 , 0.191 , 42.87 , 157.28
3465 , 17217 , 64.09 , -69.3 , 5 , 14.05 , 1.319 , 0.206 , 42.95 , 157.20
3475 , 17263 , 63.60 , -69.2 , 5 , 14.01 , 1.384 , 0.218 , 43.03 , 157.12
3485 , 17310 , 63.09 , -69.2 , 5 , 13.97 , 1.417 , 0.225 , 43.12 , 157.03
3495 , 17358 , 62.58 , -69.4 , 5 , 13.93 , 1.451 , 0.232 , 43.21 , 156.94
3505 , 17405 , 62.10 , -69.2 , 5 , 13.89 , 1.445 , 0.233 , 43.30 , 156.85
3515 , 17451 , 61.62 , -69.1 , 5 , 13.85 , 1.434 , 0.233 , 43.39 , 156.76
3525 , 17496 , 61.15 , -69.2 , 5 , 13.81 , 1.499 , 0.245 , 43.48 , 156.67
3535 , 17542 , 60.69 , -69.2 , 5 , 13.77 , 1.573 , 0.259 , 43.57 , 156.58
3545 , 17589 , 60.21 , -69.2 , 5 , 13.73 , 1.567 , 0.260 , 43.67 , 156.48
3555 , 17634 , 59.76 , -69.0 , 4 , 13.69 , 1.512 , 0.253 , 43.76 , 156.39
3565 , 17675 , 59.35 , -68.7 , 4 , 13.65 , 1.491 , 0.251 , 43.84 , 156.31
3574 , 17714 , 58.96 , -68.8 , 4 , 13.61 , 1.541 , 0.261 , 43.92 , 156.23
3584 , 17752 , 58.59 , -68.6 , 4 , 13.58 , 1.808 , 0.309 , 44.00 , 156.15
3594 , 17793 , 58.19 , -68.3 , 4 , 13.54 , 2.101 , 0.361 , 44.11 , 156.04
3604 , 17834 , 57.80 , -68.2 , 4 , 13.50 , 2.204 , 0.381 , 44.22 , 155.93
3614 , 17876 , 57.39 , -67.9 , 4 , 13.46 , 2.263 , 0.394 , 44.35 , 155.80
3624 , 17917 , 57.01 , -67.6 , 4 , 13.43 , 2.291 , 0.402 , 44.47 , 155.68
3634 , 17956 , 56.64 , -67.6 , 4 , 13.39 , 2.333 , 0.412 , 44.59 , 155.56
3644 , 17997 , 56.25 , -67.3 , 4 , 13.36 , 2.378 , 0.423 , 44.72 , 155.44
3654 , 18039 , 55.86 , -66.9 , 4 , 13.32 , 2.401 , 0.430 , 44.85 , 155.31
3664 , 18081 , 55.48 , -66.6 , 4 , 13.29 , 2.416 , 0.435 , 44.98 , 155.17
3674 , 18121 , 55.11 , -66.2 , 4 , 13.25 , 2.475 , 0.449 , 45.10 , 155.05
3684 , 18162 , 54.73 , -66.0 , 4 , 13.21 , 2.545 , 0.465 , 45.24 , 154.91
3694 , 18206 , 54.34 , -66.0 , 4 , 13.18 , 2.607 , 0.480 , 45.39 , 154.77
3704 , 18251 , 53.94 , -65.8 , 4 , 13.14 , 2.613 , 0.484 , 45.54 , 154.61
3714 , 18295 , 53.55 , -65.5 , 4 , 13.10 , 2.629 , 0.491 , 45.69 , 154.46
3724 , 18340 , 53.15 , -65.4 , 4 , 13.07 , 2.634 , 0.496 , 45.84 , 154.31
3734 , 18387 , 52.75 , -65.5 , 4 , 13.03 , 2.632 , 0.499 , 46.00 , 154.15
3744 , 18436 , 52.32 , -65.7 , 4 , 13.00 , 2.618 , 0.500 , 46.17 , 153.98
3754 , 18487 , 51.88 , -65.8 , 4 , 12.96 , 2.600 , 0.501 , 46.34 , 153.81
3764 , 18538 , 51.45 , -65.9 , 3 , 12.92 , 2.546 , 0.495 , 46.51 , 153.64
3774 , 18589 , 51.02 , -65.8 , 3 , 12.89 , 2.528 , 0.496 , 46.68 , 153.47
3784 , 18640 , 50.59 , -65.6 , 3 , 12.85 , 2.472 , 0.489 , 46.85 , 153.30
3794 , 18690 , 50.18 , -65.5 , 3 , 12.82 , 2.322 , 0.463 , 47.00 , 153.15
3804 , 18738 , 49.78 , -65.6 , 3 , 12.78 , 2.137 , 0.429 , 47.14 , 153.01
3814 , 18789 , 49.37 , -65.2 , 3 , 12.75 , 1.978 , 0.401 , 47.28 , 152.87
3824 , 18837 , 48.98 , -64.9 , 3 , 12.71 , 1.723 , 0.352 , 47.39 , 152.76
3834 , 18885 , 48.60 , -64.4 , 3 , 12.68 , 1.414 , 0.291 , 47.49 , 152.66
3844 , 18932 , 48.23 , -64.3 , 3 , 12.64 , 1.205 , 0.250 , 47.57 , 152.58
3854 , 18980 , 47.85 , -64.4 , 3 , 12.61 , 1.082 , 0.226 , 47.64 , 152.51
3863 , 19026 , 47.49 , -64.3 , 3 , 12.58 , 1.017 , 0.214 , 47.70 , 152.45
3872 , 19069 , 47.16 , -64.1 , 3 , 12.54 , 0.986 , 0.209 , 47.76 , 152.39
3882 , 19114 , 46.81 , -63.9 , 3 , 12.51 , 0.979 , 0.209 , 47.82 , 152.33
3892 , 19160 , 46.46 , -63.6 , 3 , 12.48 , 0.996 , 0.214 , 47.88 , 152.28
3902 , 19203 , 46.14 , -63.3 , 3 , 12.44 , 1.052 , 0.228 , 47.93 , 152.22
3912 , 19247 , 45.80 , -63.3 , 3 , 12.41 , 1.170 , 0.256 , 48.00 , 152.16
3922 , 19291 , 45.48 , -63.1 , 3 , 12.37 , 1.331 , 0.293 , 48.07 , 152.09
3932 , 19335 , 45.15 , -62.9 , 3 , 12.34 , 1.557 , 0.345 , 48.15 , 152.00
3942 , 19381 , 44.82 , -62.5 , 3 , 12.31 , 1.892 , 0.422 , 48.25 , 151.90
3952 , 19427 , 44.49 , -62.1 , 3 , 12.27 , 2.514 , 0.565 , 48.38 , 151.77
3962 , 19472 , 44.16 , -61.7 , 3 , 12.24 , 2.754 , 0.624 , 48.53 , 151.62
3972 , 19519 , 43.83 , -61.6 , 3 , 12.21 , 2.575 , 0.588 , 48.69 , 151.46
3982 , 19567 , 43.49 , -61.5 , 3 , 12.18 , 2.329 , 0.535 , 48.84 , 151.31
3992 , 19614 , 43.16 , -61.0 , 3 , 12.14 , 2.103 , 0.487 , 48.97 , 151.18
4002 , 19663 , 42.82 , -60.7 , 3 , 12.11 , 1.957 , 0.457 , 49.10 , 151.05
4012 , 19712 , 42.49 , -60.5 , 3 , 12.07 , 1.894 , 0.446 , 49.22 , 150.93
4022 , 19760 , 42.16 , -60.5 , 3 , 12.04 , 1.870 , 0.444 , 49.33 , 150.82
4032 , 19810 , 41.82 , -60.2 , 3 , 12.01 , 1.949 , 0.466 , 49.45 , 150.70
4042 , 19862 , 41.48 , -59.9 , 3 , 11.98 , 2.028 , 0.489 , 49.58 , 150.57
4052 , 19913 , 41.14 , -59.4 , 3 , 11.95 , 2.093 , 0.509 , 49.72 , 150.43
4062 , 19965 , 40.80 , -59.3 , 3 , 11.92 , 2.153 , 0.528 , 49.85 , 150.30
4072 , 20015 , 40.48 , -59.1 , 3 , 11.89 , 2.219 , 0.548 , 49.99 , 150.16
4082 , 20063 , 40.17 , -58.8 , 3 , 11.85 , 2.365 , 0.589 , 50.13 , 150.02
4092 , 20114 , 39.84 , -58.8 , 3 , 11.82 , 2.496 , 0.626 , 50.29 , 149.86
4101 , 20165 , 39.52 , -59.0 , 2 , 11.79 , 2.630 , 0.665 , 50.45 , 149.70
4111 , 20213 , 39.22 , -59.2 , 2 , 11.77 , 2.764 , 0.705 , 50.62 , 149.54
4121 , 20265 , 38.89 , -59.2 , 2 , 11.74 , 2.892 , 0.744 , 50.80 , 149.35
4131 , 20317 , 38.57 , -58.8 , 2 , 11.71 , 3.151 , 0.817 , 51.00 , 149.15
4141 , 20368 , 38.26 , -58.7 , 2 , 11.68 , 3.533 , 0.923 , 51.21 , 148.94
4151 , 20413 , 37.99 , -57.9 , 2 , 11.65 , 4.019 , 1.058 , 51.42 , 148.73
4161 , 20457 , 37.72 , -56.9 , 2 , 11.62 , 4.720 , 1.251 , 51.67 , 148.48
4170 , 20499 , 37.47 , -56.2 , 2 , 11.59 , 5.433 , 1.450 , 51.93 , 148.22
4180 , 20542 , 37.22 , -56.1 , 2 , 11.56 , 6.012 , 1.615 , 52.24 , 147.92
4190 , 20588 , 36.95 , -55.8 , 2 , 11.53 , 6.521 , 1.765 , 52.60 , 147.56
4200 , 20633 , 36.69 , -55.4 , 2 , 11.50 , 7.043 , 1.919 , 52.97 , 147.18
4210 , 20677 , 36.44 , -55.2 , 2 , 11.47 , 7.399 , 2.030 , 53.37 , 146.78
4220 , 20722 , 36.19 , -54.6 , 2 , 11.43 , 7.650 , 2.114 , 53.78 , 146.37
4230 , 20766 , 35.94 , -54.3 , 2 , 11.40 , 7.825 , 2.177 , 54.20 , 145.95
4240 , 20809 , 35.70 , -54.0 , 2 , 11.37 , 7.966 , 2.232 , 54.63 , 145.53
4250 , 20853 , 35.45 , -53.4 , 2 , 11.34 , 8.164 , 2.303 , 55.06 , 145.09
4260 , 20899 , 35.20 , -52.9 , 2 , 11.31 , 8.362 , 2.376 , 55.53 , 144.63
4270 , 20944 , 34.95 , -52.2 , 2 , 11.28 , 8.445 , 2.416 , 55.99 , 144.16
4280 , 20989 , 34.72 , -52.2 , 2 , 11.25 , 8.546 , 2.462 , 56.45 , 143.70
4289 , 21031 , 34.49 , -52.2 , 2 , 11.22 , 8.550 , 2.479 , 56.89 , 143.26
4299 , 21078 , 34.24 , -51.6 , 2 , 11.19 , 8.646 , 2.525 , 57.38 , 142.77
4309 , 21125 , 33.99 , -51.0 , 2 , 11.17 , 8.695 , 2.558 , 57.88 , 142.27
4319 , 21175 , 33.73 , -51.0 , 2 , 11.14 , 8.635 , 2.560 , 58.40 , 141.75
4329 , 21225 , 33.47 , -51.0 , 2 , 11.11 , 8.590 , 2.566 , 58.93 , 141.22
4339 , 21278 , 33.20 , -50.9 , 2 , 11.09 , 8.524 , 2.567 , 59.48 , 140.67
4349 , 21334 , 32.92 , -51.0 , 2 , 11.06 , 8.528 , 2.591 , 60.05 , 140.10
4359 , 21387 , 32.65 , -50.6 , 2 , 11.04 , 8.722 , 2.671 , 60.61 , 139.54
4369 , 21441 , 32.38 , -50.0 , 1 , 11.01 , 8.846 , 2.732 , 61.18 , 138.97
4379 , 21493 , 32.13 , -49.3 , 1 , 10.99 , 8.933 , 2.781 , 61.74 , 138.41
4389 , 21547 , 31.86 , -48.9 , 1 , 10.97 , 8.905 , 2.795 , 62.32 , 137.83
4399 , 21601 , 31.60 , -48.8 , 1 , 10.94 , 8.949 , 2.832 , 62.90 , 137.25
4409 , 21654 , 31.35 , -48.7 , 1 , 10.92 , 9.079 , 2.896 , 63.48 , 136.67
4419 , 21707 , 31.09 , -48.5 , 1 , 10.90 , 9.129 , 2.936 , 64.06 , 136.09
4429 , 21759 , 30.85 , -48.4 , 1 , 10.88 , 9.157 , 2.968 , 64.63 , 135.52
4439 , 21810 , 30.61 , -48.3 , 1 , 10.86 , 9.194 , 3.003 , 65.19 , 134.96
4449 , 21863 , 30.37 , -48.3 , 1 , 10.84 , 9.190 , 3.026 , 65.77 , 134.38
4458 , 21911 , 30.15 , -48.1 , 1 , 10.82 , 9.150 , 3.035 , 66.29 , 133.86
4467 , 21955 , 29.95 , -47.7 , 1 , 10.80 , 9.016 , 3.011 , 66.77 , 133.38
4477 , 22004 , 29.72 , -47.4 , 1 , 10.78 , 8.973 , 3.019 , 67.30 , 132.85
4487 , 22056 , 29.49 , -46.9 , 1 , 10.75 , 8.933 , 3.029 , 67.86 , 132.29
4497 , 22110 , 29.25 , -46.9 , 1 , 10.73 , 8.912 , 3.047 , 68.43 , 131.72
4507 , 22162 , 29.02 , -46.7 , 1 , 10.71 , 8.901 , 3.067 , 68.98 , 131.17
4517 , 22216 , 28.79 , -46.2 , 1 , 10.69 , 8.850 , 3.074 , 69.55 , 130.60
4527 , 22269 , 28.56 , -46.0 , 1 , 10.67 , 8.844 , 3.097 , 70.12 , 130.04
4537 , 22325 , 28.32 , -45.7 , 1 , 10.65 , 8.849 , 3.125 , 70.70 , 129.46
4547 , 22380 , 28.09 , -45.2 , 1 , 10.63 , 8.901 , 3.169 , 71.27 , 128.88
4557 , 22430 , 27.88 , -45.0 , 1 , 10.61 , 8.900 , 3.192 , 71.80 , 128.35
4567 , 22488 , 27.64 , -44.8 , 1 , 10.59 , 8.878 , 3.212 , 72.41 , 127.74
4577 , 22545 , 27.40 , -44.8 , 1 , 10.57 , 8.840 , 3.226 , 73.01 , 127.14
4587 , 22599 , 27.18 , -44.7 , 1 , 10.56 , 8.803 , 3.239 , 73.57 , 126.58
4597 , 22653 , 26.96 , -44.3 , 1 , 10.54 , 8.846 , 3.281 , 74.13 , 126.02
4607 , 22708 , 26.74 , -44.2 , 1 , 10.53 , 8.800 , 3.291 , 74.71 , 125.44
4617 , 22764 , 26.52 , -44.0 , 1 , 10.51 , 8.789 , 3.314 , 75.29 , 124.87
4627 , 22819 , 26.30 , -43.9 , 1 , 10.49 , 8.709 , 3.311 , 75.85 , 124.30
4637 , 22872 , 26.10 , -43.6 , 1 , 10.48 , 8.669 , 3.322 , 76.40 , 123.76
4647 , 22924 , 25.90 , -43.1 , 1 , 10.47 , 8.541 , 3.298 , 76.92 , 123.23
4657 , 22976 , 25.70 , -42.5 , 1 , 10.45 , 8.496 , 3.306 , 77.43 , 122.72
4667 , 23030 , 25.49 , -42.3 , 1 , 10.44 , 8.417 , 3.302 , 77.97 , 122.18
4677 , 23080 , 25.31 , -41.8 , 1 , 10.43 , 8.347 , 3.298 , 78.46 , 121.70
4687 , 23130 , 25.12 , -41.5 , 1 , 10.42 , 8.267 , 3.291 , 78.95 , 121.21
4697 , 23181 , 24.93 , -41.3 , 1 , 10.41 , 8.279 , 3.321 , 79.44 , 120.71
4707 , 23234 , 24.74 , -41.3 , 1 , 10.40 , 8.446 , 3.415 , 79.95 , 120.20
4717 , 23285 , 24.55 , -40.7 , 1 , 10.39 , 8.641 , 3.520 , 80.46 , 119.69
4727 , 23338 , 24.36 , -40.1 , 1 , 10.39 , 8.761 , 3.596 , 80.98 , 119.17
4737 , 23389 , 24.18 , -40.2 , 1 , 10.39 , 8.853 , 3.662 , 81.51 , 118.64
4747 , 23444 , 23.99 , -40.0 , 1 , 10.40 , 8.923 , 3.720 , 82.07 , 118.08
4757 , 23494 , 23.81 , -39.6 , 1 , 10.40 , 8.955 , 3.761 , 82.59 , 117.56
4767 , 23550 , 23.62 , -39.0 , 0 , 10.41 , 8.987 , 3.806 , 83.17 , 116.98
4776 , 23603 , 23.44 , -38.3 , 0 , 10.42 , 8.993 , 3.837 , 83.71 , 116.44
4786 , 23655 , 23.26 , -38.1 , 0 , 10.43 , 9.031 , 3.883 , 84.25 , 115.90
4796 , 23711 , 23.07 , -38.2 , 0 , 10.44 , 9.072 , 3.932 , 84.83 , 115.32
4806 , 23769 , 22.88 , -37.4 , 0 , 10.45 , 9.071 , 3.965 , 85.44 , 114.71
4816 , 23827 , 22.69 , -36.6 , 0 , 10.46 , 9.218 , 4.063 , 86.04 , 114.11
4826 , 23885 , 22.50 , -36.7 , 0 , 10.47 , 9.291 , 4.130 , 86.65 , 113.50
4836 , 23943 , 22.31 , -36.5 , 0 , 10.48 , 9.275 , 4.158 , 87.27 , 112.88
4846 , 24001 , 22.12 , -35.6 , 0 , 10.49 , 9.445 , 4.269 , 87.89 , 112.26
4856 , 24056 , 21.95 , -34.7 , 0 , 10.51 , 9.602 , 4.375 , 88.48 , 111.67
4866 , 24113 , 21.77 , -33.3 , 0 , 10.52 , 9.739 , 4.473 , 89.10 , 111.05
4876 , 24169 , 21.60 , -32.5 , 0 , 10.53 , 9.777 , 4.527 , 89.71 , 110.44
4886 , 24224 , 21.43 , -32.1 , 0 , 10.54 , 9.765 , 4.556 , 90.31 , 109.84
4896 , 24277 , 21.27 , -31.5 , 0 , 10.55 , 9.598 , 4.513 , 90.89 , 109.26
4906 , 24331 , 21.11 , -30.8 , 0 , 10.56 , 9.419 , 4.462 , 91.47 , 108.68
4916 , 24384 , 20.95 , -30.1 , 0 , 10.56 , 9.292 , 4.435 , 92.02 , 108.13
4926 , 24435 , 20.80 , -29.6 , 0 , 10.57 , 9.286 , 4.464 , 92.54 , 107.61
4936 , 24486 , 20.65 , -29.3 , 0 , 10.58 , 9.371 , 4.537 , 93.07 , 107.09
4946 , 24539 , 20.50 , -29.0 , 0 , 10.58 , 9.481 , 4.624 , 93.61 , 106.54
4956 , 24590 , 20.36 , -28.9 , 0 , 10.59 , 9.373 , 4.604 , 94.14 , 106.01
4966 , 24638 , 20.22 , -28.5 , 0 , 10.60 , 9.255 , 4.577 , 94.64 , 105.52
4976 , 24687 , 20.08 , -28.1 , 0 , 10.61 , 9.193 , 4.578 , 95.14 , 105.01
4986 , 24739 , 19.94 , -27.8 , 0 , 10.63 , 9.179 , 4.604 , 95.66 , 104.49
4996 , 24787 , 19.80 , -27.6 , 0 , 10.64 , 9.131 , 4.611 , 96.15 , 104.00
5006 , 24839 , 19.66 , -27.5 , 0 , 10.65 , 9.142 , 4.650 , 96.66 , 103.49
5016 , 24887 , 19.53 , -27.4 , 0 , 10.66 , 9.134 , 4.677 , 97.15 , 103.00
5026 , 24939 , 19.39 , -27.3 , 0 , 10.67 , 9.012 , 4.648 , 97.67 , 102.49
5036 , 24991 , 19.25 , -26.1 , 0 , 10.67 , 9.007 , 4.679 , 98.18 , 101.97
5046 , 25044 , 19.11 , -25.8 , 0 , 10.67 , 9.104 , 4.764 , 98.70 , 101.45
5056 , 25097 , 18.97 , -26.1 , 0 , 10.67 , 9.127 , 4.811 , 99.23 , 100.92
5065 , 25147 , 18.84 , -26.4 , 0 , 10.66 , 9.114 , 4.837 , 99.72 , 100.43
5074 , 25196 , 18.71 , -26.7 , 0 , 10.66 , 9.097 , 4.861 , 100.21 , 99.94
5084 , 25248 , 18.58 , -26.9 , 0 , 10.66 , 9.100 , 4.898 , 100.74 , 99.42
5094 , 25304 , 18.43 , -26.7 , 0 , 10.65 , 9.135 , 4.955 , 101.29 , 98.86
5104 , 25360 , 18.29 , -26.0 , 0 , 10.65 , 9.193 , 5.026 , 101.85 , 98.30
5114 , 25418 , 18.15 , -26.1 , 0 , 10.65 , 9.368 , 5.163 , 102.44 , 97.71
5124 , 25474 , 18.01 , -25.9 , 0 , 10.66 , 9.432 , 5.238 , 103.01 , 97.14
5134 , 25533 , 17.86 , -26.1 , 0 , 10.67 , 9.495 , 5.317 , 103.63 , 96.53
5144 , 25591 , 17.72 , -26.3 , 0 , 10.68 , 9.462 , 5.340 , 104.22 , 95.93
5154 , 25649 , 17.57 , -26.4 , 0 , 10.70 , 9.380 , 5.337 , 104.82 , 95.33
5164 , 25709 , 17.43 , -26.1 , 0 , 10.71 , 9.285 , 5.326 , 105.43 , 94.72
5174 , 25764 , 17.30 , -25.9 , 0 , 10.74 , 9.102 , 5.262 , 105.99 , 94.17
5184 , 25821 , 17.16 , -25.4 , 0 , 10.76 , 8.914 , 5.194 , 106.54 , 93.61
5194 , 25879 , 17.03 , -24.5 , 0 , 10.78 , 8.843 , 5.194 , 107.10 , 93.05
5204 , 25932 , 16.90 , -24.1 , 0 , 10.80 , 8.856 , 5.240 , 107.61 , 92.54
5214 , 25989 , 16.77 , -23.9 , 0 , 10.83 , 8.879 , 5.294 , 108.15 , 92.00
5224 , 26040 , 16.65 , -23.7 , 0 , 10.86 , 8.840 , 5.308 , 108.64 , 91.51
5234 , 26094 , 16.53 , -23.7 , 0 , 10.88 , 8.888 , 5.376 , 109.16 , 90.99
5244 , 26147 , 16.41 , -23.4 , 0 , 10.91 , 8.941 , 5.448 , 109.67 , 90.48
5254 , 26197 , 16.30 , -23.0 , 0 , 10.93 , 8.987 , 5.514 , 110.16 , 89.99
5264 , 26249 , 16.19 , -22.1 , 0 , 10.95 , 9.118 , 5.633 , 110.66 , 89.49
5274 , 26301 , 16.07 , -21.7 , 0 , 10.97 , 9.031 , 5.619 , 111.17 , 88.98
5283 , 26352 , 15.96 , -21.5 , 0 , 10.98 , 8.761 , 5.489 , 111.65 , 88.50
5293 , 26404 , 15.85 , -21.0 , 0 , 10.98 , 8.528 , 5.381 , 112.13 , 88.02
5303 , 26456 , 15.74 , -20.5 , 0 , 10.98 , 8.322 , 5.288 , 112.60 , 87.55
5313 , 26508 , 15.63 , -20.6 , 0 , 10.97 , 8.234 , 5.269 , 113.06 , 87.09
5323 , 26561 , 15.52 , -20.9 , 0 , 10.96 , 8.143 , 5.248 , 113.52 , 86.63
5333 , 26613 , 15.41 , -20.8 , 0 , 10.95 , 8.114 , 5.267 , 113.98 , 86.17
5343 , 26665 , 15.30 , -20.3 , 0 , 10.94 , 8.058 , 5.267 , 114.43 , 85.72
5353 , 26718 , 15.19 , -19.7 , 0 , 10.93 , 8.098 , 5.332 , 114.88 , 85.27
5363 , 26772 , 15.08 , -19.1 , 0 , 10.92 , 8.173 , 5.420 , 115.35 , 84.81
5373 , 26821 , 14.98 , -18.8 , 0 , 10.92 , 8.248 , 5.506 , 115.78 , 84.37
5382 , 26872 , 14.88 , -18.0 , 0 , 10.91 , 8.247 , 5.543 , 116.22 , 83.93
5392 , 26923 , 14.78 , -17.2 , 0 , 10.91 , 8.310 , 5.623 , 116.67 , 83.49
5402 , 26975 , 14.68 , -16.7 , 0 , 10.91 , 8.379 , 5.709 , 117.12 , 83.03
5412 , 27024 , 14.58 , -16.5 , 0 , 10.92 , 8.427 , 5.780 , 117.55 , 82.60
5422 , 27074 , 14.48 , -15.9 , 0 , 10.92 , 8.505 , 5.872 , 118.00 , 82.15
5432 , 27122 , 14.39 , -14.9 , 0 , 10.94 , 8.575 , 5.959 , 118.43 , 81.72
5442 , 27177 , 14.29 , -13.9 , 0 , 10.96 , 8.674 , 6.071 , 118.92 , 81.23
5452 , 27227 , 14.19 , -13.6 , 0 , 10.98 , 8.718 , 6.143 , 119.38 , 80.77
5462 , 27279 , 14.10 , -13.8 , 0 , 11.01 , 8.751 , 6.208 , 119.85 , 80.30
5471 , 27325 , 14.01 , -13.8 , 0 , 11.04 , 8.695 , 6.206 , 120.27 , 79.89
5481 , 27371 , 13.93 , -13.2 , 0 , 11.07 , 8.654 , 6.214 , 120.68 , 79.47
5491 , 27423 , 13.83 , -12.5 , 0 , 11.09 , 8.682 , 6.277 , 121.15 , 79.01
5501 , 27470 , 13.75 , -12.7 , 0 , 11.12 , 8.647 , 6.290 , 121.57 , 78.59
5511 , 27519 , 13.66 , -13.0 , 0 , 11.14 , 8.665 , 6.343 , 122.00 , 78.15
5521 , 27568 , 13.57 , -13.3 , 0 , 11.16 , 8.642 , 6.368 , 122.45 , 77.70
5531 , 27622 , 13.48 , -13.6 , 0 , 11.17 , 8.578 , 6.365 , 122.92 , 77.23
5541 , 27673 , 13.38 , -14.1 , 0 , 11.18 , 8.631 , 6.449 , 123.39 , 76.76
5551 , 27723 , 13.30 , -13.7 , 0 , 11.20 , 8.709 , 6.549 , 123.83 , 76.32
5561 , 27772 , 13.21 , -13.0 , 0 , 11.21 , 8.750 , 6.623 , 124.27 , 75.88
5571 , 27822 , 13.13 , -12.7 , 0 , 11.22 , 8.697 , 6.626 , 124.73 , 75.42
5581 , 27874 , 13.04 , -12.4 , 0 , 11.24 , 8.636 , 6.625 , 125.20 , 74.96
5591 , 27922 , 12.95 , -12.0 , 0 , 11.25 , 8.636 , 6.667 , 125.62 , 74.53
5601 , 27976 , 12.86 , -11.7 , 0 , 11.26 , 8.633 , 6.710 , 126.10 , 74.05
5611 , 28025 , 12.78 , -11.4 , 0 , 11.27 , 8.687 , 6.796 , 126.54 , 73.61
5621 , 28076 , 12.70 , -11.2 , 0 , 11.28 , 8.707 , 6.857 , 127.00 , 73.16
5631 , 28127 , 12.61 , -11.0 , 0 , 11.28 , 8.653 , 6.861 , 127.45 , 72.70
5641 , 28174 , 12.54 , -10.9 , 0 , 11.28 , 8.678 , 6.923 , 127.87 , 72.28
5651 , 28226 , 12.45 , -10.7 , 0 , 11.28 , 8.592 , 6.901 , 128.34 , 71.82
5661 , 28276 , 12.37 , -10.9 , 0 , 11.27 , 8.604 , 6.955 , 128.77 , 71.38
5671 , 28328 , 12.29 , -10.9 , 0 , 11.26 , 8.603 , 7.002 , 129.24 , 70.91
5680 , 28378 , 12.21 , -10.7 , 0 , 11.24 , 8.622 , 7.063 , 129.68 , 70.47
5690 , 28431 , 12.12 , -10.5 , 0 , 11.23 , 8.582 , 7.078 , 130.14 , 70.01
5700 , 28480 , 12.05 , -10.4 , 0 , 11.21 , 8.564 , 7.109 , 130.58 , 69.57
5710 , 28532 , 11.97 , -9.9 , 0 , 11.19 , 8.479 , 7.086 , 131.03 , 69.12
5720 , 28577 , 11.90 , -9.4 , 0 , 11.17 , 8.506 , 7.150 , 131.42 , 68.73
5730 , 28626 , 11.82 , -9.4 , 0 , 11.15 , 8.490 , 7.182 , 131.84 , 68.31
5740 , 28678 , 11.74 , -9.2 , 0 , 11.13 , 8.525 , 7.261 , 132.30 , 67.86
5750 , 28729 , 11.66 , -9.1 , 0 , 11.12 , 8.418 , 7.216 , 132.74 , 67.41
5760 , 28775 , 11.59 , -8.6 , 0 , 11.09 , 8.382 , 7.229 , 133.14 , 67.02
5770 , 28820 , 11.53 , -8.4 , 0 , 11.08 , 8.357 , 7.249 , 133.52 , 66.64
5780 , 28863 , 11.46 , -8.4 , 0 , 11.06 , 8.284 , 7.226 , 133.88 , 66.27
5790 , 28905 , 11.40 , -8.3 , 0 , 11.05 , 8.250 , 7.236 , 134.24 , 65.91
5800 , 28949 , 11.34 , -7.9 , 0 , 11.03 , 8.268 , 7.292 , 134.60 , 65.55
5810 , 28993 , 11.27 , -7.3 , 0 , 11.02 , 8.165 , 7.243 , 134.97 , 65.18
5820 , 29037 , 11.21 , -6.9 , 0 , 11.01 , 8.101 , 7.226 , 135.33 , 64.82
5830 , 29082 , 11.15 , -6.8 , 0 , 11.00 , 8.128 , 7.292 , 135.70 , 64.45
5840 , 29122 , 11.09 , -6.8 , 0 , 10.98 , 8.077 , 7.284 , 136.03 , 64.12
5850 , 29167 , 11.03 , -6.7 , 0 , 10.97 , 8.372 , 7.594 , 136.40 , 63.75
5860 , 29217 , 10.95 , -6.6 , 0 , 10.96 , 8.278 , 7.557 , 136.83 , 63.32
5870 , 29266 , 10.89 , -6.0 , 0 , 10.94 , 8.181 , 7.515 , 137.23 , 62.92
5880 , 29312 , 10.82 , -6.0 , 0 , 10.93 , 8.044 , 7.433 , 137.61 , 62.54
5890 , 29360 , 10.76 , -6.0 , 0 , 10.92 , 8.005 , 7.442 , 138.00 , 62.15
5900 , 29407 , 10.69 , -6.2 , 0 , 10.91 , 7.931 , 7.417 , 138.38 , 61.78
5910 , 29457 , 10.62 , -6.6 , 0 , 10.91 , 7.880 , 7.418 , 138.78 , 61.37
5920 , 29518 , 10.54 , -7.1 , 0 , 10.91 , 7.744 , 7.347 , 139.26 , 60.89
5930 , 29568 , 10.47 , -7.5 , 0 , 10.90 , 7.665 , 7.318 , 139.65 , 60.51
5940 , 29625 , 10.40 , -7.8 , 0 , 10.90 , 7.501 , 7.215 , 140.08 , 60.07
5950 , 29669 , 10.34 , -8.2 , 0 , 10.91 , 7.499 , 7.254 , 140.43 , 59.73
5960 , 29719 , 10.27 , -8.5 , 0 , 10.92 , 7.490 , 7.293 , 140.81 , 59.34
5970 , 29770 , 10.20 , -8.9 , 0 , 10.92 , 7.338 , 7.191 , 141.19 , 58.96
5980 , 29824 , 10.13 , -9.3 , 0 , 10.93 , 7.298 , 7.202 , 141.59 , 58.56
5990 , 29874 , 10.07 , -9.5 , 0 , 10.94 , 7.310 , 7.261 , 141.97 , 58.18
6000 , 29927 , 10.00 , -9.8 , 0 , 10.95 , 7.242 , 7.244 , 142.36 , 57.79
6009 , 29979 , 9.93 , -9.7 , 0 , 10.96 , 7.159 , 7.208 , 142.74 , 57.41
6019 , 30025 , 9.87 , -9.1 , 0 , 10.97 , 7.148 , 7.240 , 143.08 , 57.07
6029 , 30074 , 9.81 , -8.4 , 0 , 10.97 , 7.105 , 7.243 , 143.44 , 56.71
6039 , 30123 , 9.75 , -8.1 , 0 , 10.98 , 7.055 , 7.237 , 143.79 , 56.37
6049 , 30173 , 9.69 , -7.5 , 0 , 10.99 , 7.047 , 7.276 , 144.15 , 56.00
6059 , 30226 , 9.62 , -6.7 , 0 , 10.99 , 7.001 , 7.277 , 144.53 , 55.63
6069 , 30272 , 9.56 , -6.2 , 0 , 11.00 , 7.029 , 7.350 , 144.85 , 55.30
6079 , 30316 , 9.51 , -5.8 , 0 , 11.00 , 6.970 , 7.329 , 145.16 , 54.99
6089 , 30363 , 9.45 , -5.6 , 0 , 11.01 , 6.959 , 7.362 , 145.49 , 54.66
6099 , 30410 , 9.40 , -5.7 , 0 , 11.02 , 6.928 , 7.372 , 145.82 , 54.34
6109 , 30454 , 9.34 , -6.0 , 0 , 11.03 , 6.883 , 7.365 , 146.12 , 54.03
6119 , 30497 , 9.29 , -6.2 , 0 , 11.04 , 6.857 , 7.379 , 146.42 , 53.73
6129 , 30542 , 9.24 , -6.2 , 0 , 11.06 , 6.823 , 7.384 , 146.73 , 53.42
6139 , 30584 , 9.19 , -6.3 , 0 , 11.07 , 6.804 , 7.404 , 147.02 , 53.13
6149 , 30629 , 9.14 , -6.3 , 0 , 11.09 , 6.782 , 7.422 , 147.33 , 52.82
6159 , 30665 , 9.10 , -6.2 , 0 , 11.11 , 6.749 , 7.420 , 147.58 , 52.58
6169 , 30709 , 9.04 , -6.5 , 0 , 11.13 , 6.722 , 7.432 , 147.87 , 52.28
6179 , 30749 , 9.00 , -6.6 , 0 , 11.14 , 6.645 , 7.385 , 148.15 , 52.01
6189 , 30788 , 8.95 , -6.7 , 0 , 11.16 , 6.639 , 7.415 , 148.41 , 51.75
6199 , 30832 , 8.90 , -6.9 , 0 , 11.17 , 6.652 , 7.471 , 148.70 , 51.45
6209 , 30874 , 8.85 , -7.4 , 0 , 11.18 , 6.543 , 7.390 , 148.99 , 51.16
6219 , 30913 , 8.81 , -7.4 , 0 , 11.20 , 6.517 , 7.397 , 149.24 , 50.91
6229 , 30960 , 8.76 , -7.4 , 0 , 11.20 , 6.501 , 7.423 , 149.56 , 50.60
6239 , 31002 , 8.71 , -7.1 , 0 , 11.21 , 6.446 , 7.400 , 149.83 , 50.32
6249 , 31045 , 8.66 , -6.8 , 0 , 11.22 , 6.401 , 7.389 , 150.11 , 50.04
6259 , 31087 , 8.62 , -6.6 , 0 , 11.23 , 6.310 , 7.323 , 150.38 , 49.77
6269 , 31130 , 8.57 , -6.6 , 0 , 11.23 , 6.272 , 7.320 , 150.65 , 49.50
