# ------------------------------------------------------------
#
# Flight name: V2908
# Station: Davis
# Launch Date: 11 December 2008
# Launch Time: 12:22:18
# 
# This file created: Thu Dec 18 12:04:05 2008
# 
# 
# ------------------------------------------------------------
# DATA COLUMNS
# Time (s)
# Height (m)
# Atmospheric Pressure (hPa)
# Atmospheric Temperature (°C)
# Relative Humidity (%)
# Box Temperature (°C)
# Ozone Partial Pressure (mPa)
# Ozone Mixing Ratio (ppmV)
# Accumulated Ozone to this Height (Dobson Units)
# Remaining Ozone above this Height (Dobson Units)
# 
# ------------------------------------------------------------
# 
# Integrated Ozone = 214.9 DU
# Extrapolated Ozone =  37.1 DU
# 
# Total Ozone = 251.9 DU
# 
# 
# ------------------------------------------------------------
0 , 18 , 979.82 , 1.6 , 59 , 34.66 , 1.712 , 0.017 , 0.00 , 251.95
10 , 66 , 973.92 , 0.5 , 62 , 34.62 , 1.819 , 0.019 , 0.08 , 251.87
20 , 125 , 966.78 , 0.0 , 63 , 34.59 , 1.774 , 0.018 , 0.19 , 251.76
30 , 181 , 960.06 , -0.4 , 64 , 34.62 , 1.703 , 0.018 , 0.28 , 251.67
40 , 221 , 955.23 , -0.5 , 63 , 34.62 , 1.718 , 0.018 , 0.35 , 251.60
50 , 264 , 950.10 , -0.9 , 64 , 34.61 , 1.728 , 0.018 , 0.43 , 251.52
60 , 310 , 944.61 , -1.3 , 66 , 34.61 , 1.724 , 0.018 , 0.50 , 251.45
69 , 350 , 939.92 , -1.7 , 67 , 34.61 , 1.722 , 0.018 , 0.57 , 251.38
79 , 397 , 934.41 , -2.1 , 69 , 34.60 , 1.712 , 0.018 , 0.65 , 251.30
89 , 444 , 928.83 , -2.6 , 71 , 34.58 , 1.676 , 0.018 , 0.73 , 251.22
99 , 498 , 922.59 , -3.1 , 73 , 34.55 , 1.655 , 0.018 , 0.82 , 251.13
109 , 548 , 916.71 , -3.6 , 75 , 34.52 , 1.649 , 0.018 , 0.90 , 251.05
119 , 599 , 910.83 , -4.0 , 76 , 34.51 , 1.632 , 0.018 , 0.99 , 250.96
129 , 641 , 905.96 , -4.5 , 78 , 34.45 , 1.616 , 0.018 , 1.06 , 250.89
139 , 682 , 901.34 , -4.8 , 79 , 34.41 , 1.604 , 0.018 , 1.12 , 250.83
148 , 725 , 896.36 , -5.2 , 81 , 34.40 , 1.593 , 0.018 , 1.19 , 250.76
158 , 773 , 890.95 , -5.7 , 82 , 34.34 , 1.571 , 0.018 , 1.27 , 250.68
168 , 824 , 885.12 , -6.1 , 85 , 34.31 , 1.555 , 0.018 , 1.35 , 250.60
178 , 878 , 879.03 , -6.6 , 88 , 34.29 , 1.545 , 0.018 , 1.43 , 250.52
188 , 928 , 873.45 , -6.9 , 88 , 34.28 , 1.516 , 0.017 , 1.51 , 250.44
198 , 977 , 867.96 , -7.3 , 90 , 34.28 , 1.474 , 0.017 , 1.58 , 250.37
208 , 1027 , 862.44 , -7.6 , 92 , 34.29 , 1.451 , 0.017 , 1.66 , 250.29
218 , 1074 , 857.26 , -7.8 , 93 , 34.28 , 1.418 , 0.017 , 1.72 , 250.22
228 , 1124 , 851.76 , -7.6 , 94 , 34.29 , 1.360 , 0.016 , 1.80 , 250.15
238 , 1170 , 846.71 , -7.8 , 94 , 34.28 , 1.328 , 0.016 , 1.86 , 250.09
248 , 1220 , 841.32 , -8.0 , 95 , 34.26 , 1.293 , 0.015 , 1.92 , 250.02
258 , 1265 , 836.38 , -8.0 , 94 , 34.24 , 1.281 , 0.015 , 1.98 , 249.97
268 , 1311 , 831.43 , -8.2 , 95 , 34.23 , 1.262 , 0.015 , 2.04 , 249.91
278 , 1362 , 826.00 , -8.5 , 96 , 34.22 , 1.239 , 0.015 , 2.11 , 249.84
288 , 1413 , 820.64 , -8.8 , 96 , 34.16 , 1.249 , 0.015 , 2.17 , 249.78
298 , 1465 , 815.09 , -9.2 , 97 , 34.11 , 1.239 , 0.015 , 2.24 , 249.71
308 , 1515 , 809.89 , -9.5 , 98 , 34.08 , 1.234 , 0.015 , 2.30 , 249.65
318 , 1565 , 804.68 , -9.8 , 98 , 34.09 , 1.218 , 0.015 , 2.36 , 249.59
328 , 1613 , 799.64 , -10.1 , 99 , 34.09 , 1.212 , 0.015 , 2.42 , 249.53
338 , 1670 , 793.76 , -10.6 , 98 , 34.07 , 1.196 , 0.015 , 2.49 , 249.46
348 , 1719 , 788.77 , -10.8 , 97 , 34.03 , 1.194 , 0.015 , 2.55 , 249.40
358 , 1763 , 784.17 , -11.2 , 97 , 34.01 , 1.180 , 0.015 , 2.61 , 249.34
368 , 1812 , 779.17 , -11.5 , 97 , 34.00 , 1.171 , 0.015 , 2.67 , 249.28
377 , 1860 , 774.32 , -11.7 , 97 , 33.99 , 1.164 , 0.015 , 2.73 , 249.22
387 , 1908 , 769.51 , -11.9 , 95 , 33.95 , 1.160 , 0.015 , 2.78 , 249.17
397 , 1964 , 763.92 , -12.2 , 95 , 33.92 , 1.159 , 0.015 , 2.85 , 249.10
407 , 2022 , 758.17 , -12.5 , 94 , 33.88 , 1.160 , 0.015 , 2.92 , 249.03
417 , 2070 , 753.34 , -12.7 , 92 , 33.83 , 1.159 , 0.015 , 2.98 , 248.97
427 , 2121 , 748.39 , -12.9 , 93 , 33.79 , 1.160 , 0.016 , 3.04 , 248.91
437 , 2177 , 742.89 , -13.2 , 92 , 33.75 , 1.174 , 0.016 , 3.11 , 248.84
447 , 2229 , 737.78 , -13.5 , 92 , 33.68 , 1.184 , 0.016 , 3.17 , 248.78
457 , 2282 , 732.72 , -13.7 , 91 , 33.64 , 1.186 , 0.016 , 3.23 , 248.72
467 , 2337 , 727.44 , -13.9 , 91 , 33.62 , 1.159 , 0.016 , 3.30 , 248.65
477 , 2392 , 722.12 , -14.1 , 90 , 33.56 , 1.135 , 0.016 , 3.37 , 248.58
487 , 2455 , 716.15 , -14.5 , 90 , 33.53 , 1.160 , 0.016 , 3.44 , 248.51
497 , 2510 , 710.98 , -14.7 , 87 , 33.53 , 1.220 , 0.017 , 3.51 , 248.44
507 , 2568 , 705.60 , -14.8 , 86 , 33.51 , 1.256 , 0.018 , 3.58 , 248.36
517 , 2621 , 700.70 , -14.8 , 81 , 33.48 , 1.253 , 0.018 , 3.65 , 248.30
527 , 2669 , 696.24 , -14.8 , 81 , 33.46 , 1.228 , 0.018 , 3.72 , 248.23
537 , 2718 , 691.75 , -14.8 , 82 , 33.44 , 1.232 , 0.018 , 3.78 , 248.17
547 , 2765 , 687.44 , -15.0 , 81 , 33.41 , 1.249 , 0.018 , 3.84 , 248.11
557 , 2813 , 683.08 , -15.0 , 81 , 33.39 , 1.269 , 0.019 , 3.90 , 248.05
567 , 2860 , 678.88 , -14.8 , 80 , 33.37 , 1.299 , 0.019 , 3.97 , 247.98
577 , 2908 , 674.56 , -14.6 , 80 , 33.35 , 1.334 , 0.020 , 4.03 , 247.92
587 , 2963 , 669.66 , -14.5 , 78 , 33.32 , 1.384 , 0.021 , 4.11 , 247.84
597 , 3028 , 663.95 , -14.6 , 78 , 33.26 , 1.442 , 0.022 , 4.21 , 247.74
607 , 3087 , 658.86 , -14.8 , 78 , 33.20 , 1.466 , 0.022 , 4.29 , 247.66
617 , 3137 , 654.53 , -15.1 , 76 , 33.15 , 1.447 , 0.022 , 4.37 , 247.58
627 , 3195 , 649.50 , -15.3 , 76 , 33.09 , 1.399 , 0.022 , 4.46 , 247.49
637 , 3251 , 644.72 , -15.6 , 75 , 33.05 , 1.382 , 0.021 , 4.54 , 247.41
646 , 3299 , 640.56 , -15.9 , 77 , 33.03 , 1.447 , 0.023 , 4.61 , 247.34
656 , 3347 , 636.49 , -16.2 , 77 , 33.01 , 1.439 , 0.023 , 4.68 , 247.27
666 , 3399 , 632.13 , -16.5 , 79 , 32.99 , 1.398 , 0.022 , 4.76 , 247.19
676 , 3462 , 626.88 , -16.9 , 80 , 32.97 , 1.345 , 0.021 , 4.85 , 247.10
686 , 3531 , 621.15 , -17.3 , 83 , 32.93 , 1.295 , 0.021 , 4.95 , 247.00
695 , 3585 , 616.64 , -17.5 , 85 , 32.90 , 1.291 , 0.021 , 5.02 , 246.93
705 , 3638 , 612.31 , -17.9 , 85 , 32.88 , 1.278 , 0.021 , 5.09 , 246.86
715 , 3695 , 607.65 , -18.4 , 86 , 32.85 , 1.274 , 0.021 , 5.17 , 246.78
725 , 3765 , 602.00 , -19.0 , 88 , 32.81 , 1.272 , 0.021 , 5.26 , 246.69
735 , 3829 , 596.84 , -19.5 , 90 , 32.77 , 1.259 , 0.021 , 5.35 , 246.60
745 , 3886 , 592.28 , -19.6 , 86 , 32.75 , 1.274 , 0.022 , 5.42 , 246.52
755 , 3947 , 587.45 , -19.7 , 86 , 32.74 , 1.283 , 0.022 , 5.51 , 246.44
765 , 3998 , 583.36 , -20.0 , 83 , 32.72 , 1.265 , 0.022 , 5.58 , 246.37
775 , 4050 , 579.27 , -20.3 , 89 , 32.69 , 1.217 , 0.021 , 5.65 , 246.30
785 , 4111 , 574.57 , -20.6 , 90 , 32.66 , 1.188 , 0.021 , 5.72 , 246.23
794 , 4173 , 569.79 , -21.1 , 91 , 32.62 , 1.185 , 0.021 , 5.80 , 246.15
804 , 4226 , 565.64 , -21.2 , 92 , 32.59 , 1.213 , 0.021 , 5.87 , 246.08
814 , 4283 , 561.32 , -21.5 , 91 , 32.57 , 1.221 , 0.022 , 5.94 , 246.00
824 , 4356 , 555.78 , -21.8 , 92 , 32.53 , 1.221 , 0.022 , 6.04 , 245.91
834 , 4413 , 551.50 , -22.1 , 90 , 32.51 , 1.246 , 0.023 , 6.12 , 245.83
844 , 4470 , 547.24 , -22.4 , 89 , 32.49 , 1.268 , 0.023 , 6.19 , 245.76
854 , 4526 , 543.06 , -22.8 , 89 , 32.47 , 1.289 , 0.024 , 6.27 , 245.68
864 , 4580 , 539.08 , -23.0 , 86 , 32.47 , 1.306 , 0.024 , 6.35 , 245.60
874 , 4641 , 534.63 , -23.4 , 85 , 32.45 , 1.293 , 0.024 , 6.43 , 245.52
884 , 4707 , 529.83 , -23.8 , 86 , 32.41 , 1.280 , 0.024 , 6.52 , 245.43
894 , 4765 , 525.59 , -24.1 , 84 , 32.37 , 1.236 , 0.024 , 6.60 , 245.35
904 , 4820 , 521.65 , -24.5 , 85 , 32.35 , 1.251 , 0.024 , 6.68 , 245.27
914 , 4883 , 517.17 , -24.9 , 86 , 32.31 , 1.255 , 0.024 , 6.76 , 245.19
924 , 4937 , 513.31 , -25.3 , 84 , 32.26 , 1.323 , 0.026 , 6.84 , 245.11
934 , 4990 , 509.58 , -25.9 , 79 , 32.24 , 1.420 , 0.028 , 6.92 , 245.03
944 , 5044 , 505.83 , -26.3 , 76 , 32.21 , 1.520 , 0.030 , 7.00 , 244.95
954 , 5099 , 501.95 , -26.5 , 78 , 32.18 , 1.544 , 0.031 , 7.09 , 244.85
964 , 5162 , 497.63 , -27.1 , 77 , 32.16 , 1.496 , 0.030 , 7.20 , 244.75
974 , 5218 , 493.76 , -27.5 , 75 , 32.12 , 1.546 , 0.031 , 7.29 , 244.66
984 , 5278 , 489.65 , -28.0 , 72 , 32.10 , 1.575 , 0.032 , 7.40 , 244.55
994 , 5340 , 485.41 , -28.5 , 67 , 32.08 , 1.617 , 0.033 , 7.50 , 244.44
1003 , 5402 , 481.26 , -29.1 , 60 , 32.03 , 1.674 , 0.035 , 7.62 , 244.33
1013 , 5473 , 476.50 , -29.7 , 60 , 31.99 , 1.668 , 0.035 , 7.75 , 244.20
1023 , 5533 , 472.49 , -30.2 , 61 , 31.97 , 1.675 , 0.035 , 7.86 , 244.09
1033 , 5588 , 468.87 , -30.6 , 63 , 31.94 , 1.669 , 0.036 , 7.96 , 243.99
1043 , 5646 , 465.03 , -31.0 , 67 , 31.92 , 1.635 , 0.035 , 8.07 , 243.88
1053 , 5708 , 460.99 , -31.5 , 68 , 31.91 , 1.597 , 0.035 , 8.18 , 243.77
1063 , 5765 , 457.28 , -31.9 , 70 , 31.86 , 1.541 , 0.034 , 8.28 , 243.67
1073 , 5821 , 453.64 , -32.3 , 72 , 31.84 , 1.471 , 0.032 , 8.37 , 243.58
1083 , 5884 , 449.61 , -32.8 , 72 , 31.80 , 1.418 , 0.032 , 8.48 , 243.47
1093 , 5942 , 445.91 , -33.4 , 72 , 31.77 , 1.388 , 0.031 , 8.57 , 243.38
1103 , 6006 , 441.88 , -33.8 , 72 , 31.73 , 1.366 , 0.031 , 8.67 , 243.28
1113 , 6073 , 437.63 , -34.4 , 69 , 31.69 , 1.314 , 0.030 , 8.77 , 243.18
1123 , 6141 , 433.41 , -35.0 , 68 , 31.66 , 1.272 , 0.029 , 8.87 , 243.08
1133 , 6207 , 429.34 , -35.5 , 67 , 31.62 , 1.241 , 0.029 , 8.96 , 242.99
1143 , 6271 , 425.40 , -36.1 , 67 , 31.59 , 1.228 , 0.029 , 9.05 , 242.90
1153 , 6328 , 421.94 , -36.5 , 66 , 31.57 , 1.222 , 0.029 , 9.13 , 242.82
1163 , 6391 , 418.07 , -37.1 , 64 , 31.53 , 1.186 , 0.028 , 9.22 , 242.73
1173 , 6452 , 414.44 , -37.4 , 59 , 31.50 , 1.299 , 0.031 , 9.30 , 242.65
1183 , 6514 , 410.70 , -37.9 , 56 , 31.49 , 1.415 , 0.034 , 9.40 , 242.55
1193 , 6572 , 407.23 , -38.3 , 55 , 31.47 , 1.491 , 0.037 , 9.50 , 242.45
1203 , 6631 , 403.78 , -38.8 , 55 , 31.44 , 1.538 , 0.038 , 9.60 , 242.35
1213 , 6694 , 400.05 , -39.4 , 57 , 31.40 , 1.553 , 0.039 , 9.71 , 242.24
1223 , 6770 , 395.65 , -40.0 , 57 , 31.36 , 1.547 , 0.039 , 9.85 , 242.10
1233 , 6832 , 392.04 , -40.4 , 57 , 31.32 , 1.581 , 0.040 , 9.96 , 241.99
1243 , 6883 , 389.16 , -40.8 , 57 , 31.29 , 1.623 , 0.042 , 10.05 , 241.90
1253 , 6937 , 386.04 , -41.2 , 56 , 31.26 , 1.632 , 0.042 , 10.16 , 241.79
1263 , 6989 , 383.13 , -41.6 , 56 , 31.24 , 1.635 , 0.043 , 10.25 , 241.70
1273 , 7054 , 379.45 , -42.0 , 57 , 31.20 , 1.583 , 0.042 , 10.38 , 241.57
1283 , 7106 , 376.58 , -42.4 , 56 , 31.16 , 1.563 , 0.042 , 10.47 , 241.48
1293 , 7163 , 373.37 , -42.8 , 54 , 31.14 , 1.548 , 0.041 , 10.58 , 241.37
1302 , 7228 , 369.82 , -43.4 , 55 , 31.11 , 1.501 , 0.041 , 10.69 , 241.26
1311 , 7287 , 366.57 , -43.9 , 56 , 31.07 , 1.526 , 0.042 , 10.80 , 241.15
1321 , 7338 , 363.78 , -44.3 , 56 , 31.03 , 1.604 , 0.044 , 10.89 , 241.06
1331 , 7394 , 360.76 , -44.8 , 56 , 30.99 , 1.619 , 0.045 , 11.00 , 240.95
1341 , 7461 , 357.13 , -45.4 , 55 , 30.97 , 1.582 , 0.044 , 11.12 , 240.83
1351 , 7522 , 353.90 , -45.9 , 57 , 30.93 , 1.554 , 0.044 , 11.24 , 240.71
1361 , 7578 , 350.93 , -46.4 , 59 , 30.89 , 1.522 , 0.043 , 11.34 , 240.61
1371 , 7641 , 347.61 , -46.9 , 59 , 30.85 , 1.484 , 0.043 , 11.45 , 240.50
1381 , 7691 , 344.97 , -47.4 , 59 , 30.82 , 1.457 , 0.042 , 11.54 , 240.41
1391 , 7744 , 342.22 , -47.8 , 60 , 30.78 , 1.438 , 0.042 , 11.63 , 240.32
1401 , 7802 , 339.22 , -48.3 , 60 , 30.75 , 1.432 , 0.042 , 11.73 , 240.22
1411 , 7862 , 336.17 , -48.8 , 59 , 30.71 , 1.407 , 0.042 , 11.83 , 240.12
1421 , 7904 , 334.03 , -49.1 , 58 , 30.66 , 1.417 , 0.042 , 11.90 , 240.05
1431 , 7943 , 332.00 , -49.4 , 56 , 30.62 , 1.432 , 0.043 , 11.97 , 239.98
1441 , 7994 , 329.46 , -49.7 , 56 , 30.58 , 1.440 , 0.044 , 12.06 , 239.89
1451 , 8049 , 326.67 , -50.2 , 58 , 30.53 , 1.440 , 0.044 , 12.16 , 239.79
1461 , 8108 , 323.73 , -50.6 , 60 , 30.48 , 1.431 , 0.044 , 12.26 , 239.69
1471 , 8163 , 321.03 , -51.0 , 62 , 30.45 , 1.406 , 0.044 , 12.35 , 239.60
1480 , 8212 , 318.59 , -51.3 , 61 , 30.40 , 1.347 , 0.042 , 12.44 , 239.51
1490 , 8256 , 316.46 , -51.6 , 61 , 30.36 , 1.296 , 0.041 , 12.50 , 239.44
1500 , 8302 , 314.21 , -52.0 , 60 , 30.31 , 1.269 , 0.040 , 12.58 , 239.37
1510 , 8352 , 311.79 , -52.4 , 60 , 30.27 , 1.283 , 0.041 , 12.66 , 239.29
1520 , 8398 , 309.56 , -52.7 , 60 , 30.24 , 1.293 , 0.042 , 12.73 , 239.22
1530 , 8447 , 307.22 , -53.1 , 61 , 30.21 , 1.268 , 0.041 , 12.80 , 239.14
1540 , 8493 , 305.05 , -53.4 , 63 , 30.16 , 1.252 , 0.041 , 12.88 , 239.07
1550 , 8540 , 302.83 , -53.8 , 63 , 30.12 , 1.222 , 0.040 , 12.95 , 239.00
1560 , 8585 , 300.73 , -54.1 , 62 , 30.08 , 1.197 , 0.040 , 13.01 , 238.94
1570 , 8629 , 298.66 , -54.5 , 60 , 30.04 , 1.210 , 0.041 , 13.08 , 238.87
1580 , 8673 , 296.60 , -54.9 , 59 , 29.98 , 1.234 , 0.042 , 13.15 , 238.80
1590 , 8717 , 294.58 , -55.3 , 59 , 29.92 , 1.265 , 0.043 , 13.21 , 238.74
1600 , 8763 , 292.45 , -55.7 , 58 , 29.88 , 1.295 , 0.044 , 13.29 , 238.66
1609 , 8805 , 290.52 , -56.0 , 59 , 29.83 , 1.287 , 0.044 , 13.35 , 238.60
1619 , 8847 , 288.60 , -56.4 , 62 , 29.79 , 1.252 , 0.043 , 13.42 , 238.53
1629 , 8892 , 286.57 , -56.7 , 63 , 29.74 , 1.250 , 0.044 , 13.49 , 238.46
1639 , 8937 , 284.53 , -56.9 , 63 , 29.70 , 1.244 , 0.044 , 13.56 , 238.39
1649 , 8983 , 282.46 , -57.2 , 64 , 29.65 , 1.254 , 0.044 , 13.63 , 238.32
1659 , 9029 , 280.43 , -57.5 , 65 , 29.61 , 1.296 , 0.046 , 13.70 , 238.25
1668 , 9073 , 278.48 , -57.8 , 66 , 29.57 , 1.291 , 0.046 , 13.78 , 238.17
1678 , 9115 , 276.61 , -58.2 , 66 , 29.52 , 1.240 , 0.045 , 13.84 , 238.11
1688 , 9160 , 274.67 , -58.6 , 66 , 29.46 , 1.184 , 0.043 , 13.91 , 238.04
1698 , 9203 , 272.77 , -58.9 , 65 , 29.41 , 1.139 , 0.042 , 13.97 , 237.98
1708 , 9246 , 270.90 , -59.3 , 66 , 29.36 , 1.130 , 0.042 , 14.04 , 237.91
1718 , 9290 , 269.03 , -59.6 , 67 , 29.31 , 1.176 , 0.044 , 14.10 , 237.85
1728 , 9333 , 267.18 , -59.8 , 68 , 29.26 , 1.200 , 0.045 , 14.16 , 237.79
1738 , 9377 , 265.31 , -60.1 , 69 , 29.21 , 1.223 , 0.046 , 14.23 , 237.72
1748 , 9420 , 263.47 , -60.3 , 68 , 29.16 , 1.256 , 0.048 , 14.30 , 237.65
1758 , 9462 , 261.69 , -60.6 , 67 , 29.11 , 1.289 , 0.049 , 14.37 , 237.58
1768 , 9503 , 259.96 , -60.9 , 66 , 29.07 , 1.279 , 0.049 , 14.43 , 237.52
1778 , 9546 , 258.19 , -61.3 , 65 , 29.02 , 1.269 , 0.049 , 14.50 , 237.45
1788 , 9587 , 256.47 , -61.6 , 65 , 28.97 , 1.275 , 0.050 , 14.57 , 237.38
1798 , 9630 , 254.72 , -62.1 , 65 , 28.91 , 1.301 , 0.051 , 14.64 , 237.31
1808 , 9670 , 253.07 , -62.4 , 64 , 28.85 , 1.294 , 0.051 , 14.71 , 237.24
1818 , 9709 , 251.44 , -62.7 , 65 , 28.80 , 1.286 , 0.051 , 14.77 , 237.18
1828 , 9749 , 249.84 , -63.1 , 64 , 28.74 , 1.307 , 0.052 , 14.84 , 237.11
1838 , 9791 , 248.15 , -63.3 , 64 , 28.70 , 1.368 , 0.055 , 14.91 , 237.04
1848 , 9833 , 246.42 , -63.2 , 65 , 28.64 , 1.493 , 0.061 , 14.99 , 236.96
1858 , 9875 , 244.76 , -63.2 , 65 , 28.58 , 1.572 , 0.064 , 15.07 , 236.88
1868 , 9914 , 243.23 , -62.9 , 64 , 28.53 , 1.883 , 0.077 , 15.15 , 236.80
1878 , 9951 , 241.77 , -62.5 , 64 , 28.48 , 2.218 , 0.092 , 15.25 , 236.70
1888 , 9991 , 240.21 , -61.5 , 60 , 28.43 , 2.694 , 0.112 , 15.38 , 236.57
1898 , 10030 , 238.68 , -61.4 , 56 , 28.37 , 3.098 , 0.130 , 15.52 , 236.43
1907 , 10067 , 237.29 , -61.4 , 53 , 28.31 , 3.266 , 0.138 , 15.67 , 236.28
1917 , 10104 , 235.86 , -61.4 , 50 , 28.26 , 3.214 , 0.136 , 15.83 , 236.12
1927 , 10143 , 234.37 , -61.5 , 49 , 28.20 , 2.994 , 0.128 , 15.98 , 235.97
1937 , 10182 , 232.90 , -61.7 , 48 , 28.14 , 2.840 , 0.122 , 16.12 , 235.82
1947 , 10225 , 231.29 , -61.9 , 47 , 28.09 , 2.897 , 0.125 , 16.28 , 235.67
1957 , 10270 , 229.63 , -62.0 , 48 , 28.03 , 2.996 , 0.130 , 16.45 , 235.50
1967 , 10314 , 227.98 , -62.2 , 48 , 27.97 , 3.040 , 0.133 , 16.62 , 235.33
1977 , 10357 , 226.41 , -62.4 , 48 , 27.92 , 3.074 , 0.136 , 16.79 , 235.16
1987 , 10398 , 224.90 , -62.6 , 47 , 27.86 , 3.163 , 0.141 , 16.95 , 235.00
1997 , 10438 , 223.44 , -62.6 , 47 , 27.80 , 3.305 , 0.148 , 17.12 , 234.83
2007 , 10479 , 221.96 , -62.9 , 46 , 27.74 , 3.433 , 0.155 , 17.30 , 234.65
2017 , 10522 , 220.43 , -62.9 , 46 , 27.68 , 3.571 , 0.162 , 17.49 , 234.46
2027 , 10564 , 218.92 , -62.9 , 45 , 27.62 , 3.694 , 0.169 , 17.68 , 234.27
2037 , 10605 , 217.46 , -62.8 , 43 , 27.56 , 3.978 , 0.183 , 17.89 , 234.06
2047 , 10646 , 216.02 , -62.5 , 38 , 27.51 , 4.418 , 0.205 , 18.11 , 233.84
2057 , 10688 , 214.55 , -62.2 , 33 , 27.44 , 4.754 , 0.222 , 18.35 , 233.60
2067 , 10730 , 213.12 , -61.7 , 29 , 27.39 , 5.036 , 0.236 , 18.61 , 233.34
2077 , 10770 , 211.73 , -61.6 , 25 , 27.33 , 5.154 , 0.243 , 18.87 , 233.07
2087 , 10810 , 210.37 , -61.8 , 24 , 27.27 , 4.937 , 0.235 , 19.13 , 232.82
2097 , 10849 , 209.06 , -61.3 , 22 , 27.21 , 4.833 , 0.231 , 19.37 , 232.58
2107 , 10889 , 207.72 , -61.0 , 20 , 27.16 , 4.981 , 0.240 , 19.62 , 232.33
2117 , 10928 , 206.40 , -60.8 , 18 , 27.10 , 5.097 , 0.247 , 19.87 , 232.08
2127 , 10969 , 205.06 , -60.8 , 16 , 27.03 , 5.158 , 0.252 , 20.14 , 231.81
2137 , 11009 , 203.74 , -60.9 , 14 , 26.98 , 5.113 , 0.251 , 20.40 , 231.55
2147 , 11047 , 202.48 , -60.8 , 13 , 26.92 , 5.085 , 0.251 , 20.65 , 231.30
2157 , 11089 , 201.13 , -60.6 , 13 , 26.87 , 4.981 , 0.248 , 20.91 , 231.03
2167 , 11132 , 199.75 , -60.7 , 12 , 26.81 , 4.917 , 0.246 , 21.18 , 230.77
2177 , 11173 , 198.43 , -60.8 , 11 , 26.74 , 4.919 , 0.248 , 21.44 , 230.51
2187 , 11211 , 197.22 , -60.5 , 11 , 26.68 , 4.955 , 0.251 , 21.68 , 230.27
2197 , 11251 , 195.97 , -60.3 , 10 , 26.63 , 5.069 , 0.259 , 21.93 , 230.02
2207 , 11289 , 194.77 , -60.2 , 9 , 26.57 , 5.193 , 0.267 , 22.18 , 229.77
2216 , 11326 , 193.61 , -60.2 , 8 , 26.52 , 5.204 , 0.269 , 22.42 , 229.52
2226 , 11363 , 192.48 , -60.1 , 7 , 26.46 , 5.244 , 0.272 , 22.67 , 229.28
2236 , 11401 , 191.30 , -60.2 , 7 , 26.41 , 5.241 , 0.274 , 22.92 , 229.03
2246 , 11439 , 190.15 , -60.3 , 7 , 26.35 , 5.222 , 0.275 , 23.17 , 228.78
2256 , 11478 , 188.94 , -60.2 , 6 , 26.29 , 5.157 , 0.273 , 23.43 , 228.52
2266 , 11519 , 187.71 , -59.9 , 6 , 26.24 , 5.114 , 0.272 , 23.70 , 228.25
2276 , 11559 , 186.51 , -59.5 , 5 , 26.17 , 5.061 , 0.271 , 23.95 , 228.00
2286 , 11599 , 185.34 , -59.6 , 5 , 26.12 , 5.052 , 0.273 , 24.21 , 227.74
2296 , 11639 , 184.15 , -59.7 , 5 , 26.07 , 5.065 , 0.275 , 24.46 , 227.49
2306 , 11679 , 182.98 , -59.5 , 4 , 26.01 , 5.071 , 0.277 , 24.72 , 227.23
2316 , 11719 , 181.80 , -59.5 , 4 , 25.95 , 5.018 , 0.276 , 24.97 , 226.98
2326 , 11759 , 180.66 , -59.4 , 4 , 25.90 , 5.023 , 0.278 , 25.22 , 226.72
2336 , 11798 , 179.51 , -59.5 , 4 , 25.85 , 4.984 , 0.278 , 25.48 , 226.47
2346 , 11838 , 178.38 , -59.5 , 3 , 25.79 , 4.940 , 0.277 , 25.72 , 226.23
2356 , 11877 , 177.27 , -59.6 , 3 , 25.74 , 4.889 , 0.276 , 25.97 , 225.98
2366 , 11917 , 176.15 , -59.7 , 3 , 25.68 , 4.835 , 0.274 , 26.21 , 225.74
2376 , 11959 , 174.97 , -59.6 , 3 , 25.62 , 4.732 , 0.270 , 26.46 , 225.49
2386 , 12000 , 173.81 , -59.8 , 3 , 25.58 , 4.612 , 0.265 , 26.71 , 225.24
2396 , 12042 , 172.65 , -59.9 , 3 , 25.52 , 4.497 , 0.260 , 26.95 , 225.00
2406 , 12086 , 171.44 , -59.9 , 3 , 25.47 , 4.350 , 0.254 , 27.19 , 224.76
2416 , 12129 , 170.26 , -59.9 , 3 , 25.41 , 4.354 , 0.256 , 27.43 , 224.52
2426 , 12169 , 169.16 , -60.0 , 3 , 25.36 , 4.325 , 0.256 , 27.65 , 224.30
2436 , 12210 , 168.07 , -60.0 , 3 , 25.31 , 4.259 , 0.253 , 27.87 , 224.08
2446 , 12249 , 167.00 , -60.1 , 3 , 25.25 , 4.148 , 0.248 , 28.08 , 223.87
2456 , 12291 , 165.90 , -60.1 , 3 , 25.20 , 4.189 , 0.252 , 28.30 , 223.65
2466 , 12331 , 164.83 , -60.0 , 3 , 25.15 , 4.437 , 0.269 , 28.52 , 223.43
2476 , 12370 , 163.80 , -59.6 , 3 , 25.10 , 4.508 , 0.275 , 28.74 , 223.21
2486 , 12410 , 162.76 , -59.6 , 3 , 25.05 , 4.448 , 0.273 , 28.97 , 222.98
2496 , 12451 , 161.70 , -59.6 , 3 , 25.00 , 4.328 , 0.268 , 29.19 , 222.76
2506 , 12490 , 160.70 , -59.6 , 3 , 24.95 , 4.267 , 0.266 , 29.41 , 222.54
2515 , 12527 , 159.75 , -59.6 , 3 , 24.90 , 4.193 , 0.262 , 29.60 , 222.35
2525 , 12565 , 158.78 , -59.7 , 3 , 24.85 , 4.087 , 0.257 , 29.80 , 222.15
2535 , 12606 , 157.73 , -59.5 , 3 , 24.81 , 4.111 , 0.261 , 30.02 , 221.93
2545 , 12648 , 156.69 , -59.4 , 2 , 24.76 , 4.071 , 0.260 , 30.23 , 221.72
2555 , 12689 , 155.67 , -59.2 , 2 , 24.71 , 4.057 , 0.261 , 30.44 , 221.51
2565 , 12729 , 154.68 , -59.2 , 2 , 24.66 , 4.097 , 0.265 , 30.64 , 221.30
2575 , 12766 , 153.75 , -59.1 , 2 , 24.61 , 4.147 , 0.270 , 30.84 , 221.11
2585 , 12805 , 152.81 , -59.1 , 2 , 24.57 , 4.165 , 0.273 , 31.04 , 220.91
2595 , 12845 , 151.84 , -59.1 , 2 , 24.52 , 4.275 , 0.282 , 31.25 , 220.69
2605 , 12886 , 150.85 , -59.0 , 2 , 24.47 , 4.465 , 0.296 , 31.48 , 220.47
2615 , 12925 , 149.91 , -59.0 , 2 , 24.42 , 4.655 , 0.311 , 31.70 , 220.25
2625 , 12965 , 148.95 , -58.9 , 2 , 24.38 , 4.788 , 0.321 , 31.94 , 220.01
2635 , 13004 , 148.03 , -58.8 , 2 , 24.34 , 4.935 , 0.333 , 32.18 , 219.77
2645 , 13044 , 147.08 , -58.6 , 2 , 24.29 , 5.025 , 0.342 , 32.43 , 219.52
2655 , 13085 , 146.13 , -58.5 , 2 , 24.24 , 5.076 , 0.347 , 32.69 , 219.26
2665 , 13126 , 145.18 , -58.3 , 2 , 24.20 , 5.084 , 0.350 , 32.96 , 218.99
2675 , 13167 , 144.25 , -58.0 , 2 , 24.15 , 5.169 , 0.358 , 33.21 , 218.74
2685 , 13207 , 143.32 , -57.9 , 2 , 24.11 , 5.183 , 0.362 , 33.48 , 218.47
2695 , 13248 , 142.40 , -58.0 , 2 , 24.06 , 5.176 , 0.363 , 33.74 , 218.21
2705 , 13289 , 141.47 , -58.1 , 2 , 24.01 , 5.233 , 0.370 , 34.01 , 217.94
2715 , 13327 , 140.61 , -58.0 , 2 , 23.97 , 5.177 , 0.368 , 34.26 , 217.69
2725 , 13365 , 139.77 , -57.9 , 2 , 23.92 , 5.032 , 0.360 , 34.50 , 217.45
2735 , 13405 , 138.89 , -57.8 , 2 , 23.88 , 4.911 , 0.354 , 34.75 , 217.20
2745 , 13446 , 138.00 , -57.7 , 1 , 23.83 , 4.707 , 0.341 , 34.99 , 216.96
2755 , 13488 , 137.07 , -57.7 , 1 , 23.79 , 4.669 , 0.341 , 35.25 , 216.70
2765 , 13530 , 136.16 , -57.8 , 1 , 23.74 , 4.754 , 0.349 , 35.49 , 216.46
2775 , 13573 , 135.24 , -57.9 , 1 , 23.70 , 5.000 , 0.370 , 35.75 , 216.19
2785 , 13617 , 134.30 , -57.9 , 1 , 23.65 , 5.292 , 0.394 , 36.04 , 215.91
2795 , 13662 , 133.34 , -57.9 , 1 , 23.61 , 5.616 , 0.421 , 36.35 , 215.60
2805 , 13706 , 132.42 , -57.9 , 1 , 23.56 , 5.890 , 0.445 , 36.66 , 215.29
2815 , 13750 , 131.48 , -58.0 , 1 , 23.52 , 6.068 , 0.461 , 36.99 , 214.96
2824 , 13793 , 130.60 , -58.0 , 1 , 23.48 , 6.179 , 0.473 , 37.32 , 214.63
2833 , 13833 , 129.78 , -58.1 , 1 , 23.44 , 6.252 , 0.482 , 37.63 , 214.32
2842 , 13873 , 128.95 , -58.2 , 1 , 23.40 , 6.279 , 0.487 , 37.95 , 214.00
2852 , 13914 , 128.10 , -58.2 , 1 , 23.35 , 6.332 , 0.494 , 38.27 , 213.68
2862 , 13957 , 127.24 , -58.3 , 1 , 23.31 , 6.206 , 0.488 , 38.61 , 213.34
2872 , 14000 , 126.38 , -58.3 , 1 , 23.27 , 6.125 , 0.485 , 38.94 , 213.01
2882 , 14042 , 125.53 , -58.4 , 1 , 23.22 , 6.262 , 0.499 , 39.27 , 212.68
2892 , 14084 , 124.69 , -58.3 , 1 , 23.18 , 6.005 , 0.482 , 39.60 , 212.35
2902 , 14127 , 123.85 , -58.3 , 1 , 23.14 , 5.759 , 0.465 , 39.91 , 212.04
2912 , 14168 , 123.05 , -58.1 , 1 , 23.10 , 5.469 , 0.444 , 40.20 , 211.75
2922 , 14208 , 122.26 , -58.0 , 1 , 23.05 , 5.164 , 0.422 , 40.46 , 211.49
2932 , 14249 , 121.47 , -57.8 , 1 , 23.01 , 5.152 , 0.424 , 40.73 , 211.22
2942 , 14290 , 120.68 , -57.6 , 1 , 22.97 , 5.090 , 0.422 , 40.99 , 210.96
2952 , 14332 , 119.88 , -57.6 , 1 , 22.92 , 4.692 , 0.391 , 41.25 , 210.70
2962 , 14371 , 119.14 , -57.4 , 1 , 22.88 , 4.360 , 0.366 , 41.47 , 210.48
2972 , 14412 , 118.38 , -57.5 , 1 , 22.84 , 4.379 , 0.370 , 41.69 , 210.26
2982 , 14453 , 117.61 , -57.6 , 1 , 22.80 , 4.552 , 0.387 , 41.92 , 210.03
2992 , 14495 , 116.83 , -57.7 , 1 , 22.76 , 4.894 , 0.419 , 42.17 , 209.78
3002 , 14537 , 116.04 , -57.6 , 1 , 22.71 , 4.293 , 0.370 , 42.42 , 209.53
3012 , 14580 , 115.25 , -57.5 , 1 , 22.68 , 3.424 , 0.297 , 42.62 , 209.33
3022 , 14622 , 114.50 , -57.6 , 1 , 22.63 , 3.165 , 0.276 , 42.79 , 209.16
3032 , 14664 , 113.73 , -57.8 , 1 , 22.59 , 3.349 , 0.295 , 42.97 , 208.98
3042 , 14705 , 112.99 , -58.0 , 1 , 22.55 , 3.622 , 0.321 , 43.15 , 208.80
3052 , 14746 , 112.27 , -58.0 , 1 , 22.51 , 3.807 , 0.339 , 43.33 , 208.62
3062 , 14789 , 111.50 , -58.1 , 1 , 22.47 , 3.950 , 0.354 , 43.54 , 208.41
3072 , 14832 , 110.74 , -58.1 , 1 , 22.43 , 4.235 , 0.382 , 43.77 , 208.18
3082 , 14877 , 109.94 , -58.1 , 1 , 22.38 , 4.459 , 0.406 , 44.01 , 207.94
3092 , 14923 , 109.15 , -58.0 , 1 , 22.35 , 4.410 , 0.404 , 44.26 , 207.69
3102 , 14967 , 108.40 , -58.0 , 1 , 22.31 , 4.418 , 0.408 , 44.51 , 207.44
3112 , 15008 , 107.68 , -57.9 , 1 , 22.26 , 4.387 , 0.407 , 44.74 , 207.21
3122 , 15050 , 106.97 , -57.6 , 1 , 22.22 , 4.134 , 0.386 , 44.96 , 206.99
3131 , 15089 , 106.31 , -57.5 , 1 , 22.19 , 3.844 , 0.362 , 45.16 , 206.79
3141 , 15130 , 105.62 , -57.4 , 1 , 22.15 , 3.473 , 0.329 , 45.34 , 206.61
3151 , 15174 , 104.90 , -57.3 , 1 , 22.11 , 3.016 , 0.288 , 45.52 , 206.43
3161 , 15216 , 104.20 , -57.2 , 1 , 22.07 , 2.815 , 0.270 , 45.67 , 206.28
3171 , 15260 , 103.48 , -56.8 , 1 , 22.03 , 2.837 , 0.274 , 45.83 , 206.12
3181 , 15303 , 102.77 , -56.8 , 1 , 22.00 , 2.777 , 0.270 , 45.98 , 205.97
3191 , 15347 , 102.07 , -56.9 , 1 , 21.96 , 2.717 , 0.266 , 46.13 , 205.82
3201 , 15390 , 101.38 , -57.1 , 1 , 21.92 , 2.759 , 0.272 , 46.27 , 205.67
3211 , 15433 , 100.69 , -57.0 , 1 , 21.88 , 2.972 , 0.295 , 46.43 , 205.52
3221 , 15475 , 100.01 , -57.1 , 1 , 21.85 , 3.129 , 0.313 , 46.59 , 205.36
3231 , 15519 , 99.33 , -57.2 , 1 , 21.81 , 3.072 , 0.309 , 46.76 , 205.19
3241 , 15562 , 98.65 , -57.3 , 1 , 21.78 , 3.006 , 0.305 , 46.92 , 205.03
3251 , 15605 , 97.99 , -57.0 , 1 , 21.75 , 3.083 , 0.315 , 47.09 , 204.86
3261 , 15648 , 97.31 , -56.9 , 1 , 21.71 , 3.593 , 0.369 , 47.27 , 204.68
3271 , 15692 , 96.65 , -56.6 , 1 , 21.68 , 4.193 , 0.434 , 47.48 , 204.47
3281 , 15733 , 96.02 , -56.4 , 1 , 21.65 , 4.278 , 0.446 , 47.69 , 204.26
3291 , 15773 , 95.43 , -56.4 , 1 , 21.62 , 4.065 , 0.426 , 47.90 , 204.05
3301 , 15813 , 94.82 , -56.4 , 1 , 21.59 , 4.057 , 0.428 , 48.11 , 203.84
3311 , 15854 , 94.21 , -56.1 , 1 , 21.55 , 4.551 , 0.483 , 48.32 , 203.63
3321 , 15895 , 93.61 , -56.2 , 1 , 21.52 , 4.780 , 0.511 , 48.56 , 203.39
3331 , 15939 , 92.96 , -56.1 , 1 , 21.50 , 4.405 , 0.474 , 48.81 , 203.14
3341 , 15982 , 92.33 , -55.8 , 1 , 21.47 , 5.075 , 0.550 , 49.07 , 202.88
3351 , 16025 , 91.71 , -55.6 , 1 , 21.44 , 6.197 , 0.676 , 49.37 , 202.58
3361 , 16069 , 91.08 , -55.7 , 1 , 21.41 , 6.507 , 0.714 , 49.71 , 202.24
3371 , 16113 , 90.45 , -55.7 , 1 , 21.38 , 6.581 , 0.728 , 50.07 , 201.88
3381 , 16156 , 89.84 , -55.7 , 1 , 21.35 , 6.426 , 0.715 , 50.42 , 201.53
3391 , 16199 , 89.23 , -55.6 , 1 , 21.32 , 5.942 , 0.666 , 50.75 , 201.20
3401 , 16243 , 88.62 , -55.3 , 1 , 21.29 , 5.806 , 0.655 , 51.07 , 200.88
3411 , 16285 , 88.04 , -55.2 , 1 , 21.27 , 5.598 , 0.636 , 51.36 , 200.59
3421 , 16326 , 87.47 , -55.3 , 1 , 21.23 , 5.056 , 0.578 , 51.64 , 200.31
3431 , 16368 , 86.90 , -55.4 , 1 , 21.20 , 4.396 , 0.506 , 51.88 , 200.07
3440 , 16409 , 86.34 , -55.2 , 1 , 21.18 , 4.091 , 0.474 , 52.10 , 199.85
3450 , 16449 , 85.81 , -55.1 , 1 , 21.15 , 4.032 , 0.470 , 52.29 , 199.66
3460 , 16490 , 85.26 , -55.1 , 1 , 21.12 , 3.915 , 0.459 , 52.49 , 199.46
3470 , 16529 , 84.73 , -55.0 , 1 , 21.09 , 3.851 , 0.455 , 52.68 , 199.26
3480 , 16570 , 84.19 , -54.9 , 1 , 21.06 , 3.965 , 0.471 , 52.88 , 199.07
3490 , 16613 , 83.63 , -55.0 , 1 , 21.03 , 4.294 , 0.513 , 53.10 , 198.85
3500 , 16655 , 83.08 , -54.8 , 1 , 21.00 , 4.782 , 0.576 , 53.34 , 198.61
3510 , 16699 , 82.51 , -54.6 , 1 , 20.97 , 5.483 , 0.664 , 53.61 , 198.34
3520 , 16742 , 81.96 , -54.6 , 1 , 20.95 , 6.446 , 0.786 , 53.93 , 198.02
3530 , 16785 , 81.41 , -54.6 , 1 , 20.92 , 7.283 , 0.895 , 54.30 , 197.65
3540 , 16826 , 80.89 , -54.5 , 1 , 20.89 , 7.764 , 0.960 , 54.68 , 197.27
3550 , 16869 , 80.35 , -54.5 , 1 , 20.86 , 7.602 , 0.946 , 55.08 , 196.87
3560 , 16910 , 79.84 , -54.4 , 1 , 20.83 , 7.601 , 0.952 , 55.47 , 196.48
3570 , 16952 , 79.31 , -54.3 , 1 , 20.80 , 7.900 , 0.996 , 55.87 , 196.08
3580 , 16994 , 78.79 , -54.2 , 1 , 20.77 , 8.319 , 1.056 , 56.29 , 195.66
3590 , 17037 , 78.26 , -54.2 , 1 , 20.74 , 8.487 , 1.084 , 56.74 , 195.21
3600 , 17080 , 77.74 , -53.9 , 1 , 20.71 , 8.467 , 1.089 , 57.18 , 194.77
3610 , 17125 , 77.20 , -53.5 , 1 , 20.67 , 8.722 , 1.130 , 57.66 , 194.29
3620 , 17169 , 76.68 , -53.2 , 1 , 20.64 , 8.571 , 1.118 , 58.12 , 193.83
3630 , 17214 , 76.14 , -53.1 , 1 , 20.60 , 8.001 , 1.051 , 58.58 , 193.37
3640 , 17260 , 75.60 , -53.0 , 1 , 20.57 , 7.390 , 0.977 , 59.01 , 192.94
3650 , 17306 , 75.06 , -53.0 , 1 , 20.54 , 6.432 , 0.857 , 59.40 , 192.55
3660 , 17352 , 74.53 , -52.6 , 1 , 20.51 , 5.970 , 0.801 , 59.75 , 192.20
3670 , 17395 , 74.03 , -52.4 , 1 , 20.47 , 6.163 , 0.833 , 60.07 , 191.88
3680 , 17439 , 73.53 , -52.3 , 1 , 20.44 , 6.401 , 0.871 , 60.41 , 191.54
3690 , 17485 , 73.01 , -52.4 , 1 , 20.41 , 6.604 , 0.904 , 60.77 , 191.18
3700 , 17529 , 72.52 , -52.4 , 1 , 20.38 , 6.869 , 0.947 , 61.14 , 190.81
3710 , 17573 , 72.02 , -52.4 , 1 , 20.34 , 7.096 , 0.985 , 61.51 , 190.44
3720 , 17616 , 71.55 , -52.4 , 1 , 20.31 , 7.311 , 1.022 , 61.89 , 190.06
3729 , 17657 , 71.09 , -52.3 , 1 , 20.28 , 7.603 , 1.070 , 62.27 , 189.68
3739 , 17698 , 70.64 , -52.2 , 1 , 20.24 , 8.065 , 1.142 , 62.66 , 189.29
3749 , 17743 , 70.15 , -52.1 , 1 , 20.21 , 8.500 , 1.212 , 63.11 , 188.84
3759 , 17788 , 69.67 , -51.9 , 1 , 20.18 , 9.217 , 1.323 , 63.59 , 188.36
3769 , 17832 , 69.20 , -51.9 , 1 , 20.15 , 9.858 , 1.425 , 64.10 , 187.85
3779 , 17875 , 68.74 , -52.1 , 1 , 20.12 , 10.322 , 1.502 , 64.63 , 187.32
3789 , 17916 , 68.30 , -52.3 , 1 , 20.09 , 10.525 , 1.541 , 65.16 , 186.79
3799 , 17957 , 67.87 , -52.2 , 1 , 20.06 , 10.521 , 1.550 , 65.69 , 186.26
3809 , 17998 , 67.44 , -52.0 , 1 , 20.03 , 10.641 , 1.578 , 66.21 , 185.74
3819 , 18039 , 67.02 , -52.0 , 1 , 20.00 , 10.579 , 1.579 , 66.74 , 185.21
3829 , 18080 , 66.59 , -51.9 , 1 , 19.98 , 10.454 , 1.570 , 67.27 , 184.68
3839 , 18122 , 66.17 , -51.8 , 1 , 19.95 , 10.418 , 1.574 , 67.80 , 184.15
3849 , 18163 , 65.75 , -51.6 , 1 , 19.92 , 10.407 , 1.583 , 68.32 , 183.63
3859 , 18203 , 65.34 , -51.5 , 1 , 19.89 , 10.397 , 1.591 , 68.83 , 183.12
3869 , 18245 , 64.92 , -51.6 , 1 , 19.87 , 10.104 , 1.556 , 69.35 , 182.60
3879 , 18287 , 64.51 , -51.5 , 1 , 19.84 , 10.092 , 1.564 , 69.86 , 182.09
3889 , 18329 , 64.09 , -51.4 , 1 , 19.82 , 10.098 , 1.576 , 70.39 , 181.56
3899 , 18373 , 63.65 , -51.2 , 1 , 19.79 , 9.397 , 1.476 , 70.91 , 181.04
3909 , 18416 , 63.23 , -51.0 , 1 , 19.76 , 8.326 , 1.317 , 71.37 , 180.58
3919 , 18458 , 62.83 , -51.1 , 1 , 19.73 , 7.617 , 1.212 , 71.78 , 180.17
3929 , 18500 , 62.42 , -51.1 , 1 , 19.70 , 7.004 , 1.122 , 72.15 , 179.80
3939 , 18542 , 62.02 , -50.7 , 1 , 19.68 , 6.696 , 1.080 , 72.50 , 179.45
3949 , 18585 , 61.61 , -50.5 , 1 , 19.65 , 6.608 , 1.073 , 72.85 , 179.10
3959 , 18630 , 61.19 , -50.2 , 1 , 19.61 , 6.657 , 1.088 , 73.20 , 178.74
3969 , 18676 , 60.76 , -50.0 , 1 , 19.59 , 6.739 , 1.109 , 73.58 , 178.37
3979 , 18722 , 60.33 , -50.1 , 1 , 19.56 , 6.880 , 1.140 , 73.96 , 177.99
3989 , 18767 , 59.92 , -50.1 , 1 , 19.53 , 7.017 , 1.171 , 74.34 , 177.61
3999 , 18813 , 59.50 , -50.1 , 1 , 19.50 , 7.104 , 1.194 , 74.72 , 177.23
4009 , 18859 , 59.08 , -49.9 , 1 , 19.47 , 7.381 , 1.249 , 75.13 , 176.82
4019 , 18905 , 58.67 , -49.9 , 1 , 19.44 , 7.648 , 1.304 , 75.54 , 176.41
4029 , 18951 , 58.26 , -50.0 , 1 , 19.41 , 7.842 , 1.346 , 75.97 , 175.98
4038 , 18995 , 57.87 , -49.9 , 1 , 19.38 , 8.045 , 1.390 , 76.40 , 175.55
4047 , 19035 , 57.51 , -49.7 , 1 , 19.35 , 8.204 , 1.426 , 76.79 , 175.16
4057 , 19080 , 57.12 , -49.6 , 1 , 19.33 , 8.273 , 1.448 , 77.24 , 174.71
4067 , 19126 , 56.72 , -49.4 , 1 , 19.30 , 8.392 , 1.480 , 77.70 , 174.25
4077 , 19173 , 56.31 , -49.4 , 1 , 19.27 , 8.336 , 1.480 , 78.17 , 173.78
4087 , 19219 , 55.91 , -49.4 , 1 , 19.24 , 8.377 , 1.498 , 78.64 , 173.31
4097 , 19265 , 55.52 , -49.4 , 1 , 19.21 , 8.535 , 1.537 , 79.11 , 172.84
4107 , 19310 , 55.14 , -49.3 , 1 , 19.19 , 8.721 , 1.582 , 79.57 , 172.38
4117 , 19354 , 54.77 , -49.2 , 1 , 19.16 , 8.903 , 1.625 , 80.04 , 171.91
4127 , 19397 , 54.42 , -48.9 , 1 , 19.14 , 9.310 , 1.711 , 80.51 , 171.44
4137 , 19440 , 54.07 , -48.6 , 1 , 19.12 , 10.055 , 1.860 , 81.01 , 170.94
4147 , 19484 , 53.70 , -48.3 , 1 , 19.10 , 10.521 , 1.959 , 81.56 , 170.39
4157 , 19529 , 53.34 , -47.9 , 1 , 19.07 , 10.857 , 2.036 , 82.13 , 169.82
4167 , 19572 , 52.99 , -47.7 , 1 , 19.06 , 11.239 , 2.121 , 82.70 , 169.25
4177 , 19616 , 52.64 , -47.3 , 1 , 19.04 , 11.712 , 2.225 , 83.30 , 168.65
4187 , 19659 , 52.29 , -46.9 , 1 , 19.02 , 12.303 , 2.353 , 83.92 , 168.02
4197 , 19702 , 51.96 , -46.6 , 1 , 19.00 , 12.816 , 2.466 , 84.56 , 167.39
4207 , 19744 , 51.64 , -46.1 , 0 , 18.97 , 13.235 , 2.563 , 85.21 , 166.74
4217 , 19786 , 51.31 , -45.8 , 0 , 18.95 , 13.569 , 2.644 , 85.87 , 166.08
4227 , 19827 , 50.99 , -45.7 , 0 , 18.93 , 13.935 , 2.733 , 86.55 , 165.39
4237 , 19869 , 50.67 , -45.7 , 1 , 18.91 , 13.993 , 2.761 , 87.24 , 164.71
4247 , 19912 , 50.35 , -45.6 , 1 , 18.88 , 14.115 , 2.804 , 87.96 , 163.99
4257 , 19956 , 50.01 , -45.6 , 1 , 18.86 , 13.900 , 2.779 , 88.69 , 163.26
4267 , 19999 , 49.69 , -45.5 , 1 , 18.84 , 13.690 , 2.755 , 89.39 , 162.56
4276 , 20041 , 49.38 , -45.4 , 1 , 18.81 , 13.486 , 2.731 , 90.06 , 161.89
4286 , 20082 , 49.08 , -45.2 , 1 , 18.79 , 12.676 , 2.583 , 90.71 , 161.24
4296 , 20127 , 48.75 , -45.2 , 1 , 18.76 , 11.687 , 2.397 , 91.35 , 160.60
4306 , 20172 , 48.42 , -45.0 , 0 , 18.74 , 11.024 , 2.277 , 91.96 , 159.99
4316 , 20217 , 48.10 , -44.9 , 0 , 18.71 , 10.637 , 2.212 , 92.53 , 159.42
4326 , 20261 , 47.78 , -44.9 , 0 , 18.68 , 10.382 , 2.173 , 93.08 , 158.87
4336 , 20307 , 47.45 , -45.0 , 1 , 18.65 , 10.264 , 2.163 , 93.64 , 158.31
4345 , 20349 , 47.16 , -44.9 , 1 , 18.62 , 10.141 , 2.151 , 94.14 , 157.81
4355 , 20391 , 46.86 , -44.9 , 1 , 18.60 , 10.088 , 2.153 , 94.65 , 157.30
4365 , 20435 , 46.55 , -44.8 , 1 , 18.57 , 10.020 , 2.153 , 95.17 , 156.78
4375 , 20479 , 46.25 , -44.7 , 1 , 18.54 , 10.041 , 2.171 , 95.69 , 156.26
4385 , 20522 , 45.95 , -44.6 , 1 , 18.51 , 10.100 , 2.198 , 96.21 , 155.74
4395 , 20567 , 45.64 , -44.5 , 1 , 18.48 , 10.079 , 2.208 , 96.74 , 155.21
4405 , 20612 , 45.34 , -44.3 , 0 , 18.45 , 10.090 , 2.226 , 97.27 , 154.68
4415 , 20657 , 45.03 , -44.2 , 0 , 18.43 , 10.078 , 2.238 , 97.81 , 154.14
4424 , 20701 , 44.74 , -44.1 , 0 , 18.40 , 10.043 , 2.245 , 98.33 , 153.62
4434 , 20745 , 44.45 , -43.9 , 0 , 18.38 , 9.927 , 2.233 , 98.84 , 153.11
4444 , 20790 , 44.15 , -43.8 , 0 , 18.35 , 9.766 , 2.212 , 99.37 , 152.58
4454 , 20835 , 43.85 , -43.6 , 0 , 18.32 , 9.631 , 2.196 , 99.88 , 152.07
4464 , 20878 , 43.58 , -43.5 , 0 , 18.29 , 9.534 , 2.188 , 100.36 , 151.59
4474 , 20923 , 43.28 , -43.5 , 0 , 18.27 , 9.457 , 2.185 , 100.86 , 151.09
4484 , 20967 , 43.00 , -43.4 , 0 , 18.24 , 9.383 , 2.182 , 101.35 , 150.60
4494 , 21011 , 42.72 , -43.2 , 0 , 18.22 , 9.352 , 2.189 , 101.84 , 150.11
4504 , 21057 , 42.43 , -43.1 , 0 , 18.19 , 9.406 , 2.217 , 102.34 , 149.61
4514 , 21103 , 42.14 , -42.9 , 0 , 18.17 , 9.434 , 2.239 , 102.84 , 149.11
4524 , 21149 , 41.85 , -43.0 , 0 , 18.14 , 9.499 , 2.270 , 103.36 , 148.59
4534 , 21195 , 41.57 , -43.0 , 0 , 18.12 , 9.538 , 2.294 , 103.87 , 148.08
4544 , 21240 , 41.29 , -43.1 , 0 , 18.09 , 9.529 , 2.308 , 104.38 , 147.57
4554 , 21286 , 41.01 , -43.1 , 0 , 18.07 , 9.554 , 2.330 , 104.89 , 147.06
4564 , 21332 , 40.73 , -42.8 , 0 , 18.04 , 9.497 , 2.332 , 105.40 , 146.55
4574 , 21381 , 40.44 , -42.3 , 0 , 18.02 , 9.414 , 2.328 , 105.94 , 146.01
4584 , 21429 , 40.15 , -41.9 , 0 , 17.99 , 9.399 , 2.341 , 106.47 , 145.48
4594 , 21478 , 39.86 , -41.6 , 0 , 17.97 , 9.404 , 2.359 , 107.00 , 144.95
4604 , 21527 , 39.58 , -41.7 , 0 , 17.94 , 9.334 , 2.358 , 107.54 , 144.41
4614 , 21574 , 39.30 , -41.8 , 0 , 17.92 , 9.237 , 2.350 , 108.05 , 143.90
4624 , 21620 , 39.03 , -41.9 , 0 , 17.89 , 9.189 , 2.354 , 108.54 , 143.40
4634 , 21669 , 38.76 , -41.7 , 0 , 17.87 , 9.134 , 2.357 , 109.06 , 142.89
4644 , 21716 , 38.48 , -41.5 , 0 , 17.84 , 9.086 , 2.361 , 109.57 , 142.38
4654 , 21762 , 38.22 , -41.4 , 0 , 17.82 , 9.063 , 2.371 , 110.05 , 141.89
4663 , 21808 , 37.97 , -41.2 , 0 , 17.80 , 9.036 , 2.380 , 110.54 , 141.41
4673 , 21852 , 37.72 , -41.3 , 0 , 17.78 , 8.999 , 2.386 , 110.99 , 140.96
4683 , 21899 , 37.46 , -41.3 , 0 , 17.76 , 8.925 , 2.382 , 111.48 , 140.47
4693 , 21945 , 37.21 , -41.3 , 0 , 17.74 , 8.875 , 2.385 , 111.96 , 139.99
4703 , 21995 , 36.93 , -40.8 , 0 , 17.71 , 8.865 , 2.400 , 112.48 , 139.47
4713 , 22041 , 36.69 , -40.1 , 0 , 17.69 , 8.861 , 2.416 , 112.95 , 139.00
4723 , 22088 , 36.43 , -40.1 , 0 , 17.67 , 8.880 , 2.437 , 113.43 , 138.52
4733 , 22136 , 36.18 , -40.0 , 0 , 17.65 , 8.856 , 2.448 , 113.92 , 138.02
4743 , 22184 , 35.93 , -39.9 , 0 , 17.63 , 8.833 , 2.459 , 114.41 , 137.54
4753 , 22231 , 35.68 , -39.7 , 0 , 17.61 , 8.830 , 2.475 , 114.90 , 137.05
4763 , 22279 , 35.43 , -39.7 , 0 , 17.59 , 8.825 , 2.491 , 115.38 , 136.57
4773 , 22327 , 35.18 , -39.7 , 0 , 17.58 , 8.823 , 2.508 , 115.88 , 136.07
4783 , 22376 , 34.93 , -39.6 , 0 , 17.56 , 8.818 , 2.524 , 116.37 , 135.58
4793 , 22422 , 34.70 , -39.3 , 0 , 17.54 , 8.827 , 2.544 , 116.84 , 135.11
4803 , 22469 , 34.46 , -39.2 , 0 , 17.52 , 8.821 , 2.560 , 117.32 , 134.63
4813 , 22518 , 34.21 , -39.2 , 0 , 17.50 , 8.862 , 2.590 , 117.82 , 134.13
4823 , 22566 , 33.97 , -39.2 , 0 , 17.48 , 8.856 , 2.607 , 118.31 , 133.64
4833 , 22615 , 33.73 , -38.4 , 0 , 17.46 , 8.875 , 2.631 , 118.81 , 133.14
4843 , 22661 , 33.51 , -38.0 , 0 , 17.44 , 8.920 , 2.662 , 119.27 , 132.68
4853 , 22711 , 33.26 , -37.9 , 0 , 17.42 , 8.994 , 2.704 , 119.79 , 132.16
4863 , 22759 , 33.03 , -38.1 , 0 , 17.40 , 9.042 , 2.737 , 120.29 , 131.66
4873 , 22809 , 32.80 , -37.8 , 0 , 17.39 , 9.030 , 2.753 , 120.80 , 131.15
4883 , 22858 , 32.56 , -37.7 , 0 , 17.37 , 9.081 , 2.789 , 121.32 , 130.63
4893 , 22907 , 32.33 , -37.5 , 0 , 17.35 , 9.112 , 2.818 , 121.82 , 130.13
4903 , 22957 , 32.10 , -37.4 , 0 , 17.34 , 9.077 , 2.828 , 122.35 , 129.60
4913 , 23006 , 31.87 , -36.8 , 0 , 17.32 , 9.083 , 2.850 , 122.85 , 129.10
4923 , 23055 , 31.65 , -36.5 , 0 , 17.31 , 9.056 , 2.861 , 123.36 , 128.59
4933 , 23104 , 31.43 , -36.3 , 0 , 17.29 , 8.997 , 2.863 , 123.86 , 128.09
4943 , 23152 , 31.21 , -36.1 , 0 , 17.28 , 8.983 , 2.879 , 124.35 , 127.59
4953 , 23201 , 30.99 , -35.8 , 0 , 17.26 , 9.071 , 2.927 , 124.86 , 127.09
4962 , 23246 , 30.79 , -35.3 , 0 , 17.25 , 9.328 , 3.030 , 125.33 , 126.62
4972 , 23292 , 30.58 , -34.9 , 0 , 17.23 , 9.729 , 3.181 , 125.82 , 126.13
4982 , 23341 , 30.37 , -34.6 , 0 , 17.22 , 10.179 , 3.352 , 126.37 , 125.58
4992 , 23389 , 30.17 , -34.4 , 0 , 17.20 , 10.684 , 3.542 , 126.93 , 125.02
5002 , 23437 , 29.96 , -33.8 , 0 , 17.19 , 10.739 , 3.585 , 127.51 , 124.44
5012 , 23486 , 29.75 , -33.4 , 0 , 17.18 , 10.723 , 3.604 , 128.10 , 123.85
5022 , 23533 , 29.55 , -33.3 , 0 , 17.17 , 10.829 , 3.665 , 128.68 , 123.27
5032 , 23581 , 29.35 , -33.4 , 0 , 17.16 , 10.983 , 3.742 , 129.27 , 122.68
5042 , 23629 , 29.15 , -33.4 , 0 , 17.15 , 11.062 , 3.795 , 129.87 , 122.08
5052 , 23677 , 28.95 , -33.4 , 0 , 17.14 , 11.125 , 3.843 , 130.47 , 121.48
5062 , 23726 , 28.75 , -33.1 , 0 , 17.13 , 11.100 , 3.861 , 131.07 , 120.88
5072 , 23776 , 28.55 , -32.9 , 0 , 17.12 , 11.167 , 3.912 , 131.69 , 120.25
5082 , 23824 , 28.35 , -32.8 , 0 , 17.10 , 11.163 , 3.937 , 132.30 , 119.65
5092 , 23872 , 28.16 , -32.6 , 0 , 17.10 , 11.158 , 3.963 , 132.90 , 119.05
5102 , 23922 , 27.96 , -32.7 , 0 , 17.09 , 11.161 , 3.992 , 133.52 , 118.43
5112 , 23971 , 27.76 , -32.8 , 0 , 17.08 , 11.103 , 3.999 , 134.14 , 117.81
5122 , 24021 , 27.57 , -32.8 , 0 , 17.07 , 11.084 , 4.020 , 134.75 , 117.19
5132 , 24071 , 27.37 , -32.7 , 0 , 17.06 , 11.071 , 4.044 , 135.38 , 116.57
5142 , 24119 , 27.19 , -32.4 , 0 , 17.05 , 11.020 , 4.054 , 135.98 , 115.97
5152 , 24171 , 26.99 , -32.4 , 0 , 17.04 , 11.030 , 4.087 , 136.61 , 115.34
5162 , 24220 , 26.80 , -32.7 , 0 , 17.04 , 10.983 , 4.098 , 137.22 , 114.73
5172 , 24267 , 26.62 , -33.1 , 0 , 17.02 , 10.994 , 4.130 , 137.80 , 114.15
5182 , 24316 , 26.44 , -33.4 , 0 , 17.02 , 11.037 , 4.175 , 138.40 , 113.55
5192 , 24363 , 26.26 , -33.2 , 0 , 17.01 , 11.372 , 4.330 , 138.99 , 112.95
5202 , 24409 , 26.09 , -33.2 , 0 , 17.00 , 11.932 , 4.573 , 139.60 , 112.35
5212 , 24458 , 25.91 , -33.2 , 0 , 16.99 , 12.332 , 4.760 , 140.27 , 111.68
5222 , 24506 , 25.73 , -33.1 , 0 , 16.99 , 12.525 , 4.867 , 140.93 , 111.02
5231 , 24552 , 25.56 , -33.0 , 0 , 16.98 , 12.648 , 4.947 , 141.58 , 110.37
5241 , 24597 , 25.40 , -33.1 , 0 , 16.98 , 12.622 , 4.969 , 142.23 , 109.72
5251 , 24646 , 25.23 , -33.0 , 0 , 16.97 , 12.516 , 4.962 , 142.91 , 109.04
5261 , 24693 , 25.05 , -32.9 , 0 , 16.97 , 12.348 , 4.929 , 143.58 , 108.37
5270 , 24739 , 24.89 , -32.7 , 0 , 16.96 , 12.099 , 4.860 , 144.20 , 107.75
5279 , 24781 , 24.75 , -32.3 , 0 , 16.96 , 11.803 , 4.770 , 144.76 , 107.19
5289 , 24825 , 24.59 , -31.6 , 0 , 16.96 , 11.645 , 4.735 , 145.34 , 106.61
5299 , 24872 , 24.43 , -31.2 , 0 , 16.95 , 11.575 , 4.738 , 145.95 , 106.00
5309 , 24916 , 24.28 , -31.0 , 0 , 16.95 , 11.479 , 4.729 , 146.52 , 105.43
5319 , 24965 , 24.11 , -30.7 , 0 , 16.95 , 11.430 , 4.741 , 147.15 , 104.80
5329 , 25012 , 23.95 , -30.2 , 0 , 16.95 , 11.324 , 4.728 , 147.74 , 104.21
5339 , 25060 , 23.79 , -29.8 , 0 , 16.95 , 11.210 , 4.712 , 148.34 , 103.61
5349 , 25108 , 23.63 , -29.9 , 0 , 16.95 , 11.065 , 4.683 , 148.93 , 103.02
5359 , 25157 , 23.47 , -29.9 , 0 , 16.95 , 10.946 , 4.665 , 149.53 , 102.42
5369 , 25204 , 23.31 , -29.8 , 0 , 16.95 , 10.848 , 4.653 , 150.09 , 101.86
5379 , 25253 , 23.15 , -30.0 , 0 , 16.95 , 10.710 , 4.626 , 150.68 , 101.27
5389 , 25302 , 22.99 , -30.1 , 0 , 16.95 , 10.656 , 4.634 , 151.26 , 100.69
5399 , 25350 , 22.84 , -30.0 , 0 , 16.95 , 10.627 , 4.653 , 151.83 , 100.12
5409 , 25398 , 22.69 , -30.1 , 0 , 16.96 , 10.567 , 4.658 , 152.39 , 99.56
5419 , 25449 , 22.52 , -30.3 , 0 , 16.95 , 10.522 , 4.671 , 152.99 , 98.96
5429 , 25499 , 22.37 , -30.0 , 0 , 16.95 , 10.527 , 4.706 , 153.57 , 98.38
5439 , 25550 , 22.21 , -29.8 , 0 , 16.95 , 10.490 , 4.724 , 154.17 , 97.78
5449 , 25602 , 22.04 , -29.9 , 0 , 16.95 , 10.415 , 4.725 , 154.77 , 97.18
5459 , 25654 , 21.88 , -30.2 , 0 , 16.96 , 10.375 , 4.741 , 155.37 , 96.58
5469 , 25705 , 21.73 , -30.1 , 0 , 16.95 , 10.352 , 4.764 , 155.95 , 96.00
5479 , 25756 , 21.57 , -29.5 , 0 , 16.95 , 10.190 , 4.724 , 156.54 , 95.41
5489 , 25806 , 21.42 , -29.3 , 0 , 16.95 , 10.104 , 4.717 , 157.10 , 94.85
5499 , 25858 , 21.27 , -29.4 , 0 , 16.95 , 10.027 , 4.714 , 157.67 , 94.28
5509 , 25907 , 21.12 , -29.4 , 0 , 16.95 , 9.960 , 4.716 , 158.22 , 93.73
5519 , 25955 , 20.98 , -29.1 , 0 , 16.95 , 9.855 , 4.698 , 158.75 , 93.20
5529 , 26006 , 20.83 , -28.4 , 0 , 16.95 , 9.792 , 4.700 , 159.29 , 92.66
5539 , 26056 , 20.69 , -28.1 , 0 , 16.94 , 9.685 , 4.682 , 159.83 , 92.12
5549 , 26102 , 20.55 , -27.8 , 0 , 16.94 , 9.585 , 4.663 , 160.32 , 91.63
5559 , 26154 , 20.41 , -27.3 , 0 , 16.93 , 9.537 , 4.673 , 160.86 , 91.09
5569 , 26202 , 20.27 , -27.1 , 0 , 16.93 , 9.570 , 4.721 , 161.36 , 90.59
5578 , 26250 , 20.14 , -27.1 , 0 , 16.93 , 9.520 , 4.728 , 161.87 , 90.08
5588 , 26295 , 20.01 , -27.4 , 0 , 16.92 , 9.409 , 4.702 , 162.34 , 89.61
5598 , 26344 , 19.87 , -27.6 , 0 , 16.91 , 9.319 , 4.689 , 162.84 , 89.11
5608 , 26394 , 19.74 , -27.6 , 0 , 16.91 , 9.290 , 4.707 , 163.35 , 88.60
5618 , 26444 , 19.60 , -27.4 , 0 , 16.91 , 9.245 , 4.717 , 163.86 , 88.09
5628 , 26492 , 19.47 , -27.4 , 0 , 16.90 , 9.217 , 4.734 , 164.35 , 87.60
5638 , 26544 , 19.33 , -27.4 , 0 , 16.90 , 9.113 , 4.715 , 164.87 , 87.08
5648 , 26595 , 19.19 , -27.5 , 0 , 16.89 , 9.053 , 4.717 , 165.37 , 86.58
5658 , 26644 , 19.06 , -27.7 , 0 , 16.89 , 8.928 , 4.683 , 165.86 , 86.09
5668 , 26693 , 18.93 , -27.9 , 0 , 16.88 , 8.831 , 4.665 , 166.34 , 85.61
5678 , 26746 , 18.79 , -28.0 , 0 , 16.88 , 8.780 , 4.672 , 166.85 , 85.10
5688 , 26799 , 18.66 , -27.7 , 0 , 16.88 , 8.733 , 4.681 , 167.36 , 84.59
5698 , 26850 , 18.52 , -27.7 , 0 , 16.87 , 8.709 , 4.701 , 167.85 , 84.10
5708 , 26902 , 18.39 , -27.7 , 0 , 16.87 , 8.627 , 4.691 , 168.34 , 83.61
5718 , 26949 , 18.27 , -27.4 , 0 , 16.86 , 8.491 , 4.648 , 168.79 , 83.16
5728 , 27001 , 18.14 , -27.3 , 0 , 16.86 , 8.439 , 4.653 , 169.27 , 82.68
5738 , 27052 , 18.01 , -27.2 , 0 , 16.86 , 8.321 , 4.620 , 169.74 , 82.21
5748 , 27106 , 17.88 , -27.2 , 0 , 16.86 , 8.280 , 4.632 , 170.23 , 81.72
5758 , 27157 , 17.75 , -27.1 , 0 , 16.87 , 8.209 , 4.625 , 170.69 , 81.26
5768 , 27208 , 17.62 , -27.0 , 0 , 16.88 , 8.088 , 4.589 , 171.15 , 80.80
5778 , 27260 , 17.50 , -26.6 , 0 , 16.89 , 7.962 , 4.550 , 171.60 , 80.35
5788 , 27307 , 17.38 , -26.4 , 0 , 16.89 , 7.884 , 4.535 , 172.01 , 79.94
5798 , 27360 , 17.26 , -26.3 , 0 , 16.90 , 7.801 , 4.521 , 172.47 , 79.48
5808 , 27417 , 17.12 , -26.4 , 0 , 16.90 , 7.723 , 4.511 , 172.94 , 79.01
5818 , 27472 , 16.99 , -26.5 , 0 , 16.90 , 7.659 , 4.507 , 173.40 , 78.55
5828 , 27531 , 16.85 , -26.8 , 0 , 16.90 , 7.631 , 4.528 , 173.90 , 78.05
5838 , 27586 , 16.73 , -26.9 , 0 , 16.89 , 7.563 , 4.521 , 174.35 , 77.59
5848 , 27636 , 16.61 , -27.0 , 0 , 16.89 , 7.566 , 4.555 , 174.77 , 77.18
5858 , 27687 , 16.49 , -27.4 , 0 , 16.88 , 7.535 , 4.568 , 175.19 , 76.76
5868 , 27737 , 16.38 , -27.6 , 0 , 16.86 , 7.507 , 4.584 , 175.61 , 76.34
5877 , 27789 , 16.26 , -27.8 , 0 , 16.84 , 7.356 , 4.524 , 176.03 , 75.92
5887 , 27836 , 16.15 , -27.7 , 0 , 16.82 , 7.273 , 4.502 , 176.41 , 75.54
5896 , 27885 , 16.04 , -27.4 , 0 , 16.77 , 7.363 , 4.589 , 176.80 , 75.15
5905 , 27931 , 15.94 , -27.4 , 0 , 16.72 , 7.486 , 4.696 , 177.17 , 74.78
5914 , 27979 , 15.84 , -27.4 , 0 , 16.70 , 7.628 , 4.817 , 177.57 , 74.38
5924 , 28029 , 15.73 , -27.3 , 0 , 16.69 , 7.663 , 4.873 , 178.00 , 73.95
5934 , 28079 , 15.62 , -27.4 , 0 , 16.68 , 7.709 , 4.936 , 178.41 , 73.54
5944 , 28131 , 15.50 , -27.5 , 0 , 16.66 , 7.748 , 4.997 , 178.86 , 73.09
5954 , 28181 , 15.40 , -27.0 , 0 , 16.65 , 7.709 , 5.006 , 179.28 , 72.67
5964 , 28232 , 15.29 , -26.8 , 0 , 16.63 , 7.674 , 5.019 , 179.71 , 72.24
5974 , 28281 , 15.19 , -26.7 , 0 , 16.62 , 7.663 , 5.047 , 180.12 , 71.83
5984 , 28334 , 15.07 , -26.7 , 0 , 16.60 , 7.600 , 5.042 , 180.57 , 71.38
5994 , 28386 , 14.97 , -26.6 , 0 , 16.59 , 7.512 , 5.019 , 180.99 , 70.96
6004 , 28439 , 14.86 , -26.3 , 0 , 16.58 , 7.520 , 5.062 , 181.43 , 70.52
6013 , 28485 , 14.76 , -26.1 , 0 , 16.57 , 7.411 , 5.020 , 181.80 , 70.15
6105 , 28975 , 13.80 , -25.5 , 0 , 16.50 , 7.396 , 5.361 , 185.76 , 66.19
6112 , 29008 , 13.73 , -25.0 , 0 , 16.49 , 7.374 , 5.369 , 186.02 , 65.93
6122 , 29061 , 13.63 , -24.7 , 0 , 16.49 , 7.283 , 5.342 , 186.45 , 65.50
6132 , 29114 , 13.53 , -24.8 , 0 , 16.48 , 7.182 , 5.306 , 186.86 , 65.09
6142 , 29168 , 13.43 , -25.0 , 0 , 16.48 , 7.169 , 5.337 , 187.28 , 64.67
6152 , 29220 , 13.34 , -25.1 , 0 , 16.48 , 7.123 , 5.339 , 187.68 , 64.27
6162 , 29269 , 13.25 , -25.4 , 0 , 16.49 , 7.062 , 5.330 , 188.06 , 63.89
6172 , 29322 , 13.15 , -25.7 , 0 , 16.50 , 7.067 , 5.373 , 188.47 , 63.48
6182 , 29371 , 13.06 , -25.9 , 0 , 16.50 , 7.013 , 5.369 , 188.85 , 63.10
6192 , 29423 , 12.97 , -25.7 , 0 , 16.51 , 6.907 , 5.325 , 189.24 , 62.71
6201 , 29471 , 12.89 , -25.9 , 0 , 16.52 , 6.899 , 5.354 , 189.60 , 62.35
6211 , 29517 , 12.80 , -26.2 , 0 , 16.52 , 6.963 , 5.439 , 189.95 , 62.00
6221 , 29567 , 12.71 , -26.4 , 0 , 16.53 , 7.074 , 5.564 , 190.34 , 61.61
6231 , 29617 , 12.63 , -26.4 , 0 , 16.53 , 7.041 , 5.576 , 190.72 , 61.23
6241 , 29664 , 12.55 , -26.4 , 0 , 16.52 , 7.021 , 5.596 , 191.08 , 60.87
6251 , 29713 , 12.46 , -26.6 , 0 , 16.52 , 6.972 , 5.595 , 191.46 , 60.49
6261 , 29760 , 12.38 , -27.0 , 0 , 16.51 , 6.977 , 5.636 , 191.81 , 60.14
6271 , 29804 , 12.30 , -27.3 , 0 , 16.50 , 6.955 , 5.653 , 192.15 , 59.80
6281 , 29852 , 12.22 , -26.7 , 0 , 16.50 , 6.955 , 5.690 , 192.51 , 59.44
6291 , 29896 , 12.15 , -26.3 , 0 , 16.49 , 7.086 , 5.833 , 192.85 , 59.10
6301 , 29939 , 12.08 , -25.8 , 0 , 16.48 , 7.137 , 5.910 , 193.19 , 58.76
6311 , 29986 , 12.00 , -25.3 , 0 , 16.46 , 7.233 , 6.028 , 193.55 , 58.40
6321 , 30029 , 11.93 , -25.2 , 0 , 16.45 , 7.216 , 6.050 , 193.89 , 58.06
6331 , 30072 , 11.86 , -24.7 , 0 , 16.43 , 7.252 , 6.116 , 194.23 , 57.72
6341 , 30118 , 11.78 , -24.5 , 0 , 16.41 , 7.201 , 6.112 , 194.59 , 57.36
6351 , 30162 , 11.71 , -24.7 , 0 , 16.39 , 7.245 , 6.186 , 194.94 , 57.01
6361 , 30208 , 11.64 , -24.6 , 0 , 16.37 , 7.204 , 6.190 , 195.29 , 56.66
6371 , 30253 , 11.57 , -24.4 , 0 , 16.36 , 7.201 , 6.225 , 195.64 , 56.31
6381 , 30301 , 11.49 , -24.4 , 0 , 16.34 , 7.156 , 6.228 , 196.02 , 55.93
6391 , 30347 , 11.42 , -24.5 , 0 , 16.32 , 7.083 , 6.204 , 196.38 , 55.57
6401 , 30393 , 11.35 , -24.5 , 0 , 16.30 , 7.003 , 6.172 , 196.73 , 55.22
6411 , 30443 , 11.27 , -24.6 , 0 , 16.28 , 6.988 , 6.202 , 197.11 , 54.84
6421 , 30490 , 11.20 , -24.5 , 0 , 16.27 , 6.973 , 6.228 , 197.46 , 54.49
6431 , 30535 , 11.13 , -24.4 , 0 , 16.25 , 6.780 , 6.094 , 197.80 , 54.15
6441 , 30585 , 11.05 , -24.0 , 0 , 16.23 , 6.670 , 6.036 , 198.16 , 53.79
6451 , 30626 , 10.99 , -23.4 , 0 , 16.22 , 6.640 , 6.043 , 198.46 , 53.49
6461 , 30672 , 10.92 , -23.1 , 0 , 16.21 , 6.699 , 6.135 , 198.79 , 53.16
6471 , 30720 , 10.85 , -23.0 , 0 , 16.19 , 6.682 , 6.160 , 199.13 , 52.82
6481 , 30769 , 10.78 , -23.0 , 0 , 16.18 , 6.687 , 6.205 , 199.48 , 52.47
6491 , 30809 , 10.72 , -23.0 , 0 , 16.17 , 6.774 , 6.321 , 199.78 , 52.17
6501 , 30854 , 10.65 , -23.0 , 0 , 16.16 , 6.755 , 6.342 , 200.11 , 51.84
6511 , 30904 , 10.58 , -23.1 , 0 , 16.14 , 6.747 , 6.378 , 200.47 , 51.48
6520 , 30947 , 10.52 , -23.2 , 0 , 16.13 , 6.706 , 6.376 , 200.78 , 51.17
6529 , 30987 , 10.46 , -23.4 , 0 , 16.12 , 6.609 , 6.319 , 201.07 , 50.88
6539 , 31030 , 10.40 , -23.6 , 0 , 16.11 , 6.506 , 6.257 , 201.37 , 50.58
6549 , 31075 , 10.33 , -23.6 , 0 , 16.09 , 6.342 , 6.137 , 201.68 , 50.27
6559 , 31125 , 10.26 , -23.1 , 0 , 16.08 , 6.255 , 6.094 , 202.02 , 49.93
6567 , 31159 , 10.22 , -22.7 , 0 , 16.07 , 6.209 , 6.077 , 202.25 , 49.70
6634 , 31482 , 9.78 , -21.9 , 0 , 16.05 , 6.142 , 6.282 , 204.40 , 47.55
6640 , 31512 , 9.74 , -21.7 , 0 , 16.05 , 6.124 , 6.289 , 204.59 , 47.36
6650 , 31557 , 9.68 , -21.4 , 0 , 16.06 , 6.033 , 6.234 , 204.89 , 47.06
6660 , 31606 , 9.61 , -21.2 , 0 , 16.06 , 5.930 , 6.169 , 205.20 , 46.75
6670 , 31657 , 9.55 , -20.8 , 0 , 16.07 , 5.812 , 6.087 , 205.52 , 46.43
6680 , 31706 , 9.48 , -20.8 , 0 , 16.07 , 5.771 , 6.086 , 205.83 , 46.12
6690 , 31755 , 9.42 , -20.9 , 0 , 16.07 , 5.729 , 6.081 , 206.12 , 45.83
6700 , 31800 , 9.36 , -20.9 , 0 , 16.07 , 5.683 , 6.068 , 206.40 , 45.55
6710 , 31852 , 9.30 , -21.1 , 0 , 16.07 , 5.663 , 6.090 , 206.72 , 45.23
6720 , 31895 , 9.24 , -20.9 , 0 , 16.07 , 5.604 , 6.062 , 206.97 , 44.98
6730 , 31939 , 9.19 , -20.6 , 0 , 16.06 , 5.559 , 6.049 , 207.23 , 44.72
6740 , 31990 , 9.13 , -20.7 , 0 , 16.05 , 5.543 , 6.074 , 207.54 , 44.41
6750 , 32034 , 9.07 , -20.7 , 0 , 16.04 , 5.466 , 6.025 , 207.79 , 44.16
6760 , 32081 , 9.01 , -20.8 , 0 , 16.03 , 5.444 , 6.039 , 208.07 , 43.88
6770 , 32130 , 8.96 , -20.5 , 0 , 16.01 , 5.407 , 6.038 , 208.35 , 43.60
6780 , 32174 , 8.90 , -20.5 , 0 , 15.99 , 5.350 , 6.009 , 208.60 , 43.35
6789 , 32221 , 8.85 , -20.6 , 0 , 15.97 , 5.314 , 6.008 , 208.87 , 43.08
6799 , 32264 , 8.79 , -20.6 , 0 , 15.95 , 5.199 , 5.911 , 209.11 , 42.83
6809 , 32311 , 8.74 , -20.8 , 0 , 15.94 , 5.153 , 5.897 , 209.37 , 42.58
6819 , 32369 , 8.67 , -20.9 , 0 , 15.91 , 5.091 , 5.871 , 209.69 , 42.26
6828 , 32415 , 8.62 , -21.0 , 0 , 15.89 , 5.050 , 5.860 , 209.94 , 42.01
6838 , 32460 , 8.56 , -21.1 , 0 , 15.87 , 5.065 , 5.915 , 210.19 , 41.76
6848 , 32508 , 8.51 , -21.4 , 0 , 15.85 , 5.059 , 5.946 , 210.45 , 41.50
6858 , 32561 , 8.45 , -21.8 , 0 , 15.83 , 4.994 , 5.912 , 210.73 , 41.22
6868 , 32618 , 8.38 , -22.2 , 0 , 15.80 , 4.963 , 5.921 , 211.04 , 40.91
6878 , 32681 , 8.31 , -21.7 , 0 , 15.79 , 4.928 , 5.929 , 211.37 , 40.58
6888 , 32733 , 8.25 , -22.0 , 0 , 15.76 , 4.923 , 5.966 , 211.65 , 40.30
6898 , 32772 , 8.21 , -22.4 , 0 , 15.74 , 4.837 , 5.892 , 211.85 , 40.10
6908 , 32824 , 8.15 , -21.8 , 0 , 15.72 , 4.821 , 5.915 , 212.12 , 39.83
6918 , 32880 , 8.09 , -21.9 , 0 , 15.70 , 4.828 , 5.969 , 212.41 , 39.54
6928 , 32931 , 8.03 , -21.7 , 0 , 15.68 , 4.870 , 6.062 , 212.67 , 39.27
6938 , 32982 , 7.98 , -21.5 , 0 , 15.66 , 4.926 , 6.175 , 212.94 , 39.01
6948 , 33034 , 7.92 , -21.4 , 0 , 15.64 , 4.811 , 6.073 , 213.21 , 38.74
6958 , 33082 , 7.87 , -21.5 , 0 , 15.62 , 4.878 , 6.199 , 213.46 , 38.49
6967 , 33128 , 7.82 , -21.6 , 0 , 15.61 , 4.897 , 6.262 , 213.70 , 38.25
6977 , 33168 , 7.78 , -21.6 , 0 , 15.59 , 4.909 , 6.311 , 213.91 , 38.04
6987 , 33213 , 7.73 , -21.5 , 0 , 15.58 , 4.929 , 6.376 , 214.15 , 37.80
6997 , 33264 , 7.68 , -20.9 , 0 , 15.57 , 4.809 , 6.264 , 214.41 , 37.54
7007 , 33307 , 7.63 , -20.7 , 0 , 15.56 , 4.755 , 6.229 , 214.63 , 37.32
7017 , 33352 , 7.59 , -20.3 , 0 , 15.54 , 4.699 , 6.194 , 214.86 , 37.09
