# ------------------------------------------------------------
#
# Flight name: V0109
# Station: Davis
# Launch Date: 15 January 2009
# Launch Time: 00:04:32
# 
# This file created: Wed Feb 18 12:13:43 2009
# 
# 
# ------------------------------------------------------------
# DATA COLUMNS
# Time (s)
# Height (m)
# Atmospheric Pressure (hPa)
# Atmospheric Temperature (°C)
# Relative Humidity (%)
# Box Temperature (°C)
# Ozone Partial Pressure (mPa)
# Ozone Mixing Ratio (ppmV)
# Accumulated Ozone to this Height (Dobson Units)
# Remaining Ozone above this Height (Dobson Units)
# 
# ------------------------------------------------------------
# 
# Integrated Ozone = 238.3 DU
# Extrapolated Ozone =  27.1 DU
# 
# Total Ozone = 265.5 DU
# 
# 
# ------------------------------------------------------------
0 , 18 , 981.44 , 0.2 , 58 , 31.41 , 0.737 , 0.008 , 0.00 , 265.46
10 , 72 , 974.82 , 0.1 , 55 , 31.40 , 0.986 , 0.010 , 0.05 , 265.41
20 , 128 , 968.01 , -0.3 , 56 , 31.29 , 1.152 , 0.012 , 0.11 , 265.35
30 , 187 , 960.89 , -0.8 , 58 , 31.19 , 1.269 , 0.013 , 0.18 , 265.28
40 , 245 , 953.87 , -1.3 , 60 , 31.14 , 1.356 , 0.014 , 0.25 , 265.20
49 , 303 , 947.00 , -1.8 , 61 , 31.09 , 1.410 , 0.015 , 0.33 , 265.12
59 , 367 , 939.39 , -2.4 , 64 , 31.04 , 1.456 , 0.015 , 0.42 , 265.03
69 , 433 , 931.57 , -3.0 , 66 , 31.01 , 1.494 , 0.016 , 0.52 , 264.94
79 , 494 , 924.44 , -3.6 , 70 , 31.00 , 1.519 , 0.016 , 0.61 , 264.84
89 , 549 , 918.00 , -4.1 , 72 , 30.89 , 1.541 , 0.017 , 0.69 , 264.76
99 , 607 , 911.23 , -4.7 , 74 , 30.78 , 1.561 , 0.017 , 0.79 , 264.67
109 , 670 , 904.01 , -5.2 , 77 , 30.77 , 1.574 , 0.017 , 0.88 , 264.57
119 , 727 , 897.45 , -5.5 , 77 , 30.73 , 1.576 , 0.018 , 0.97 , 264.48
129 , 783 , 891.03 , -5.9 , 79 , 30.68 , 1.577 , 0.018 , 1.06 , 264.39
139 , 835 , 885.23 , -6.4 , 80 , 30.65 , 1.580 , 0.018 , 1.14 , 264.31
149 , 883 , 879.70 , -6.8 , 81 , 30.57 , 1.590 , 0.018 , 1.22 , 264.23
159 , 938 , 873.55 , -7.4 , 84 , 30.50 , 1.587 , 0.018 , 1.31 , 264.14
169 , 994 , 867.34 , -7.8 , 87 , 30.45 , 1.588 , 0.018 , 1.40 , 264.05
179 , 1051 , 860.95 , -8.3 , 90 , 30.45 , 1.589 , 0.018 , 1.49 , 263.96
189 , 1107 , 854.82 , -8.6 , 91 , 30.42 , 1.580 , 0.018 , 1.58 , 263.87
199 , 1162 , 848.78 , -8.8 , 90 , 30.36 , 1.579 , 0.019 , 1.67 , 263.78
209 , 1225 , 841.84 , -9.1 , 86 , 30.27 , 1.553 , 0.018 , 1.77 , 263.68
219 , 1286 , 835.20 , -9.1 , 81 , 30.18 , 1.513 , 0.018 , 1.87 , 263.59
229 , 1348 , 828.56 , -9.5 , 80 , 30.20 , 1.430 , 0.017 , 1.96 , 263.49
238 , 1405 , 822.54 , -9.7 , 80 , 30.17 , 1.359 , 0.017 , 2.04 , 263.41
248 , 1457 , 816.99 , -9.5 , 78 , 30.10 , 1.259 , 0.015 , 2.11 , 263.34
258 , 1509 , 811.46 , -9.7 , 73 , 30.05 , 1.151 , 0.014 , 2.18 , 263.28
268 , 1562 , 805.92 , -9.9 , 70 , 29.99 , 1.104 , 0.014 , 2.24 , 263.22
278 , 1617 , 800.16 , -9.9 , 66 , 29.94 , 1.070 , 0.013 , 2.30 , 263.16
288 , 1676 , 794.13 , -10.1 , 65 , 29.87 , 1.043 , 0.013 , 2.36 , 263.09
298 , 1737 , 787.85 , -10.6 , 66 , 29.90 , 1.016 , 0.013 , 2.43 , 263.03
308 , 1795 , 781.87 , -11.1 , 67 , 29.81 , 0.994 , 0.013 , 2.49 , 262.97
318 , 1848 , 776.57 , -11.6 , 70 , 29.75 , 0.983 , 0.013 , 2.54 , 262.92
328 , 1905 , 770.78 , -12.1 , 71 , 29.69 , 0.974 , 0.013 , 2.60 , 262.86
338 , 1965 , 764.72 , -12.6 , 72 , 29.65 , 0.971 , 0.013 , 2.66 , 262.80
348 , 2021 , 759.16 , -13.0 , 74 , 29.72 , 0.964 , 0.013 , 2.71 , 262.74
358 , 2073 , 754.01 , -13.4 , 78 , 29.70 , 0.975 , 0.013 , 2.77 , 262.69
368 , 2128 , 748.52 , -14.0 , 81 , 29.63 , 0.986 , 0.013 , 2.82 , 262.63
378 , 2182 , 743.18 , -14.5 , 83 , 29.58 , 1.005 , 0.014 , 2.88 , 262.58
388 , 2236 , 737.90 , -15.0 , 86 , 29.53 , 1.014 , 0.014 , 2.93 , 262.52
398 , 2295 , 732.25 , -15.4 , 86 , 29.43 , 1.017 , 0.014 , 3.00 , 262.46
408 , 2346 , 727.29 , -15.9 , 85 , 29.38 , 1.048 , 0.014 , 3.05 , 262.40
418 , 2400 , 722.11 , -16.3 , 85 , 29.39 , 1.075 , 0.015 , 3.11 , 262.34
428 , 2453 , 716.97 , -16.8 , 87 , 29.36 , 1.083 , 0.015 , 3.17 , 262.28
438 , 2506 , 711.94 , -17.2 , 90 , 29.34 , 1.095 , 0.015 , 3.23 , 262.22
448 , 2557 , 707.09 , -17.7 , 92 , 29.32 , 1.097 , 0.016 , 3.29 , 262.16
458 , 2608 , 702.34 , -18.1 , 93 , 29.25 , 1.093 , 0.016 , 3.35 , 262.10
468 , 2657 , 697.73 , -18.5 , 95 , 29.23 , 1.094 , 0.016 , 3.41 , 262.05
478 , 2709 , 692.85 , -18.9 , 98 , 29.19 , 1.086 , 0.016 , 3.47 , 261.99
488 , 2758 , 688.31 , -19.3 , 100 , 29.15 , 1.071 , 0.016 , 3.52 , 261.93
498 , 2808 , 683.74 , -19.7 , 98 , 29.11 , 1.059 , 0.015 , 3.58 , 261.88
508 , 2861 , 678.83 , -20.1 , 97 , 29.06 , 1.059 , 0.016 , 3.64 , 261.82
518 , 2919 , 673.52 , -20.5 , 97 , 28.97 , 1.045 , 0.016 , 3.71 , 261.75
528 , 2971 , 668.80 , -20.9 , 97 , 28.91 , 1.037 , 0.016 , 3.76 , 261.69
538 , 3028 , 663.66 , -21.4 , 94 , 28.84 , 1.045 , 0.016 , 3.83 , 261.63
547 , 3088 , 658.29 , -21.9 , 88 , 28.86 , 1.068 , 0.016 , 3.89 , 261.56
557 , 3153 , 652.48 , -22.5 , 88 , 28.85 , 1.101 , 0.017 , 3.97 , 261.49
567 , 3218 , 646.71 , -23.1 , 91 , 28.79 , 1.117 , 0.017 , 4.05 , 261.41
577 , 3280 , 641.27 , -23.7 , 94 , 28.75 , 1.126 , 0.018 , 4.12 , 261.33
587 , 3343 , 635.78 , -24.2 , 97 , 28.72 , 1.131 , 0.018 , 4.20 , 261.26
597 , 3409 , 630.06 , -24.8 , 99 , 28.68 , 1.130 , 0.018 , 4.28 , 261.18
607 , 3462 , 625.43 , -25.2 , 99 , 28.63 , 1.124 , 0.018 , 4.35 , 261.11
617 , 3519 , 620.59 , -25.7 , 99 , 28.61 , 1.118 , 0.018 , 4.41 , 261.04
627 , 3578 , 615.48 , -26.2 , 97 , 28.56 , 1.118 , 0.018 , 4.49 , 260.97
637 , 3640 , 610.23 , -26.7 , 97 , 28.55 , 1.175 , 0.019 , 4.56 , 260.89
647 , 3702 , 605.06 , -27.1 , 97 , 28.52 , 1.152 , 0.019 , 4.64 , 260.81
657 , 3763 , 599.93 , -27.6 , 96 , 28.46 , 1.116 , 0.019 , 4.72 , 260.74
666 , 3823 , 594.95 , -28.1 , 94 , 28.42 , 1.092 , 0.018 , 4.79 , 260.66
677 , 3895 , 589.01 , -25.7 , 84 , 28.40 , 1.152 , 0.020 , 4.88 , 260.58
686 , 3951 , 584.50 , -25.4 , 73 , 28.38 , 1.302 , 0.022 , 4.95 , 260.50
696 , 4010 , 579.75 , -25.7 , 69 , 28.39 , 1.434 , 0.025 , 5.04 , 260.41
706 , 4072 , 574.85 , -26.1 , 68 , 28.39 , 1.519 , 0.026 , 5.14 , 260.31
716 , 4135 , 569.83 , -26.5 , 69 , 28.37 , 1.565 , 0.027 , 5.25 , 260.21
726 , 4198 , 564.88 , -26.9 , 68 , 28.33 , 1.578 , 0.028 , 5.36 , 260.10
735 , 4252 , 560.68 , -27.3 , 68 , 28.33 , 1.586 , 0.028 , 5.45 , 260.01
745 , 4312 , 556.02 , -27.7 , 66 , 28.34 , 1.593 , 0.029 , 5.55 , 259.90
755 , 4376 , 551.05 , -28.2 , 65 , 28.32 , 1.585 , 0.029 , 5.67 , 259.79
765 , 4436 , 546.48 , -28.6 , 65 , 28.28 , 1.593 , 0.029 , 5.77 , 259.68
775 , 4497 , 541.80 , -29.0 , 65 , 28.26 , 1.580 , 0.029 , 5.88 , 259.58
785 , 4559 , 537.16 , -29.3 , 63 , 28.24 , 1.555 , 0.029 , 5.99 , 259.47
795 , 4617 , 532.78 , -29.7 , 62 , 28.25 , 1.521 , 0.029 , 6.09 , 259.37
805 , 4676 , 528.39 , -30.1 , 64 , 28.27 , 1.457 , 0.028 , 6.18 , 259.27
815 , 4733 , 524.16 , -30.4 , 66 , 28.29 , 1.406 , 0.027 , 6.27 , 259.18
825 , 4797 , 519.50 , -31.0 , 70 , 28.26 , 1.402 , 0.027 , 6.37 , 259.08
835 , 4859 , 514.93 , -31.5 , 73 , 28.18 , 1.431 , 0.028 , 6.47 , 258.98
845 , 4922 , 510.36 , -31.9 , 73 , 28.11 , 1.477 , 0.029 , 6.57 , 258.88
855 , 4984 , 505.90 , -32.1 , 69 , 28.12 , 1.546 , 0.031 , 6.68 , 258.78
865 , 5052 , 501.08 , -32.6 , 67 , 28.12 , 1.586 , 0.032 , 6.80 , 258.66
874 , 5107 , 497.19 , -33.0 , 67 , 28.08 , 1.626 , 0.033 , 6.89 , 258.56
884 , 5162 , 493.29 , -33.4 , 67 , 28.03 , 1.628 , 0.033 , 7.00 , 258.46
894 , 5225 , 488.88 , -33.8 , 63 , 28.00 , 1.603 , 0.033 , 7.11 , 258.34
904 , 5291 , 484.29 , -34.3 , 58 , 27.97 , 1.520 , 0.031 , 7.23 , 258.23
914 , 5356 , 479.83 , -34.7 , 53 , 27.95 , 1.453 , 0.030 , 7.34 , 258.12
924 , 5422 , 475.30 , -35.1 , 51 , 27.90 , 1.468 , 0.031 , 7.44 , 258.01
934 , 5490 , 470.68 , -35.4 , 51 , 27.84 , 1.506 , 0.032 , 7.56 , 257.90
944 , 5559 , 466.03 , -36.0 , 51 , 27.75 , 1.533 , 0.033 , 7.68 , 257.78
954 , 5622 , 461.77 , -36.4 , 51 , 27.72 , 1.551 , 0.034 , 7.79 , 257.67
964 , 5684 , 457.65 , -36.9 , 51 , 27.75 , 1.569 , 0.034 , 7.90 , 257.55
974 , 5744 , 453.74 , -37.5 , 52 , 27.77 , 1.584 , 0.035 , 8.01 , 257.45
984 , 5803 , 449.84 , -38.0 , 54 , 27.77 , 1.590 , 0.035 , 8.12 , 257.34
994 , 5865 , 445.85 , -38.5 , 55 , 27.75 , 1.602 , 0.036 , 8.23 , 257.23
1004 , 5924 , 442.03 , -38.8 , 52 , 27.71 , 1.615 , 0.037 , 8.34 , 257.12
1014 , 5984 , 438.14 , -39.1 , 51 , 27.64 , 1.646 , 0.038 , 8.45 , 257.00
1024 , 6048 , 434.09 , -39.5 , 51 , 27.60 , 1.706 , 0.039 , 8.57 , 256.88
1034 , 6113 , 429.98 , -40.0 , 52 , 27.54 , 1.738 , 0.040 , 8.70 , 256.75
1044 , 6183 , 425.60 , -40.3 , 51 , 27.49 , 1.764 , 0.041 , 8.84 , 256.61
1054 , 6249 , 421.45 , -40.6 , 51 , 27.44 , 1.805 , 0.043 , 8.98 , 256.47
1064 , 6316 , 417.37 , -40.8 , 52 , 27.42 , 1.776 , 0.043 , 9.12 , 256.34
1074 , 6377 , 413.64 , -41.2 , 53 , 27.38 , 1.558 , 0.038 , 9.24 , 256.22
1084 , 6435 , 410.07 , -41.6 , 51 , 27.36 , 1.397 , 0.034 , 9.34 , 256.12
1094 , 6496 , 406.40 , -42.1 , 46 , 27.36 , 1.280 , 0.032 , 9.43 , 256.02
1104 , 6558 , 402.68 , -42.6 , 48 , 27.33 , 1.221 , 0.030 , 9.52 , 255.93
1114 , 6620 , 399.04 , -43.0 , 53 , 27.31 , 1.226 , 0.031 , 9.61 , 255.84
1124 , 6681 , 395.39 , -43.4 , 55 , 27.28 , 1.192 , 0.030 , 9.70 , 255.76
1134 , 6743 , 391.80 , -43.7 , 57 , 27.25 , 1.164 , 0.030 , 9.78 , 255.67
1144 , 6805 , 388.20 , -43.5 , 46 , 27.22 , 1.292 , 0.033 , 9.87 , 255.58
1154 , 6869 , 384.52 , -42.9 , 28 , 27.18 , 1.669 , 0.043 , 9.99 , 255.47
1164 , 6934 , 380.85 , -43.1 , 20 , 27.14 , 2.084 , 0.055 , 10.13 , 255.33
1173 , 6999 , 377.19 , -43.5 , 21 , 27.09 , 2.307 , 0.061 , 10.29 , 255.16
1183 , 7069 , 373.24 , -43.8 , 19 , 27.07 , 2.411 , 0.065 , 10.49 , 254.96
1193 , 7136 , 369.53 , -43.9 , 18 , 27.04 , 2.431 , 0.066 , 10.68 , 254.77
1203 , 7198 , 366.13 , -44.3 , 20 , 27.01 , 2.162 , 0.059 , 10.85 , 254.61
1213 , 7259 , 362.79 , -44.7 , 23 , 26.96 , 1.856 , 0.051 , 10.99 , 254.46
1223 , 7323 , 359.38 , -44.8 , 22 , 26.93 , 1.673 , 0.047 , 11.13 , 254.33
1233 , 7385 , 356.07 , -45.1 , 21 , 26.90 , 1.530 , 0.043 , 11.24 , 254.21
1242 , 7446 , 352.83 , -45.3 , 23 , 26.86 , 1.446 , 0.041 , 11.35 , 254.11
1253 , 7514 , 349.21 , -44.9 , 19 , 26.82 , 1.733 , 0.050 , 11.48 , 253.98
1261 , 7572 , 346.21 , -43.9 , 16 , 26.77 , 2.246 , 0.065 , 11.61 , 253.84
1273 , 7646 , 342.43 , -43.9 , 27 , 26.72 , 2.061 , 0.060 , 11.80 , 253.65
1283 , 7708 , 339.27 , -44.4 , 31 , 26.72 , 1.682 , 0.050 , 11.94 , 253.52
1293 , 7772 , 336.04 , -44.8 , 33 , 26.71 , 1.471 , 0.044 , 12.06 , 253.40
1303 , 7834 , 332.93 , -45.3 , 38 , 26.69 , 1.358 , 0.041 , 12.16 , 253.29
1313 , 7900 , 329.66 , -45.6 , 42 , 26.67 , 1.323 , 0.040 , 12.27 , 253.19
1323 , 7967 , 326.35 , -45.9 , 42 , 26.62 , 1.296 , 0.040 , 12.37 , 253.09
1333 , 8029 , 323.31 , -46.3 , 42 , 26.58 , 1.268 , 0.039 , 12.46 , 252.99
1343 , 8093 , 320.21 , -46.8 , 42 , 26.56 , 1.239 , 0.039 , 12.56 , 252.90
1353 , 8153 , 317.33 , -47.3 , 43 , 26.53 , 1.229 , 0.039 , 12.65 , 252.81
1363 , 8216 , 314.30 , -47.8 , 43 , 26.50 , 1.211 , 0.039 , 12.74 , 252.72
1373 , 8282 , 311.19 , -48.4 , 44 , 26.47 , 1.190 , 0.038 , 12.83 , 252.62
1383 , 8349 , 308.00 , -48.9 , 45 , 26.44 , 1.164 , 0.038 , 12.93 , 252.53
1393 , 8411 , 305.12 , -49.0 , 45 , 26.40 , 1.153 , 0.038 , 13.02 , 252.44
1403 , 8475 , 302.18 , -49.2 , 44 , 26.35 , 1.131 , 0.037 , 13.10 , 252.35
1413 , 8538 , 299.25 , -49.3 , 41 , 26.32 , 1.105 , 0.037 , 13.19 , 252.27
1423 , 8601 , 296.42 , -49.7 , 37 , 26.29 , 1.081 , 0.036 , 13.27 , 252.18
1433 , 8665 , 293.54 , -50.1 , 35 , 26.27 , 1.075 , 0.037 , 13.35 , 252.10
1443 , 8733 , 290.47 , -50.6 , 33 , 26.22 , 1.073 , 0.037 , 13.44 , 252.01
1453 , 8800 , 287.49 , -51.1 , 33 , 26.16 , 1.094 , 0.038 , 13.53 , 251.92
1462 , 8863 , 284.73 , -51.3 , 32 , 26.12 , 1.129 , 0.040 , 13.62 , 251.84
1472 , 8924 , 282.07 , -51.7 , 31 , 26.09 , 1.160 , 0.041 , 13.70 , 251.75
1482 , 8992 , 279.13 , -52.1 , 31 , 26.07 , 1.183 , 0.042 , 13.80 , 251.66
1492 , 9059 , 276.21 , -52.4 , 32 , 26.05 , 1.222 , 0.044 , 13.90 , 251.56
1502 , 9124 , 273.45 , -52.5 , 30 , 26.03 , 1.271 , 0.046 , 14.00 , 251.46
1512 , 9187 , 270.80 , -52.7 , 29 , 26.00 , 1.325 , 0.049 , 14.10 , 251.36
1522 , 9253 , 268.07 , -53.0 , 28 , 25.98 , 1.402 , 0.052 , 14.21 , 251.25
1532 , 9320 , 265.28 , -53.3 , 27 , 25.94 , 1.448 , 0.055 , 14.32 , 251.13
1542 , 9392 , 262.34 , -53.7 , 26 , 25.89 , 1.387 , 0.053 , 14.45 , 251.01
1552 , 9451 , 259.92 , -54.1 , 24 , 25.85 , 1.310 , 0.050 , 14.55 , 250.91
1562 , 9519 , 257.17 , -54.5 , 24 , 25.83 , 1.233 , 0.048 , 14.65 , 250.80
1572 , 9600 , 253.93 , -55.0 , 23 , 25.77 , 1.209 , 0.048 , 14.78 , 250.68
1582 , 9675 , 250.97 , -55.6 , 24 , 25.73 , 1.260 , 0.050 , 14.89 , 250.57
1592 , 9732 , 248.73 , -55.8 , 25 , 25.70 , 1.387 , 0.056 , 14.98 , 250.47
1602 , 9799 , 246.14 , -56.1 , 26 , 25.67 , 1.552 , 0.063 , 15.10 , 250.35
1612 , 9865 , 243.57 , -56.4 , 27 , 25.62 , 1.754 , 0.072 , 15.24 , 250.21
1622 , 9936 , 240.86 , -56.1 , 28 , 25.58 , 1.984 , 0.082 , 15.41 , 250.05
1632 , 9995 , 238.66 , -55.3 , 27 , 25.52 , 2.367 , 0.099 , 15.56 , 249.89
1642 , 10065 , 236.07 , -53.8 , 23 , 25.47 , 2.810 , 0.119 , 15.79 , 249.67
1652 , 10137 , 233.42 , -53.7 , 19 , 25.43 , 3.187 , 0.137 , 16.05 , 249.40
1662 , 10199 , 231.19 , -53.4 , 16 , 25.41 , 3.434 , 0.149 , 16.31 , 249.15
1672 , 10258 , 229.06 , -53.2 , 14 , 25.39 , 3.677 , 0.161 , 16.57 , 248.89
1682 , 10323 , 226.78 , -52.9 , 12 , 25.35 , 3.819 , 0.168 , 16.86 , 248.59
1692 , 10387 , 224.54 , -52.4 , 11 , 25.32 , 3.869 , 0.172 , 17.16 , 248.29
1702 , 10451 , 222.33 , -51.8 , 9 , 25.28 , 3.895 , 0.175 , 17.47 , 247.99
1712 , 10513 , 220.22 , -51.5 , 8 , 25.25 , 3.900 , 0.177 , 17.76 , 247.70
1722 , 10573 , 218.17 , -50.8 , 7 , 25.23 , 4.001 , 0.183 , 18.05 , 247.41
1732 , 10635 , 216.13 , -50.3 , 6 , 25.20 , 4.319 , 0.200 , 18.36 , 247.10
1742 , 10696 , 214.11 , -50.7 , 6 , 25.17 , 4.521 , 0.211 , 18.69 , 246.77
1752 , 10759 , 212.04 , -50.7 , 5 , 25.13 , 4.602 , 0.217 , 19.04 , 246.42
1762 , 10822 , 210.00 , -50.7 , 4 , 25.09 , 4.700 , 0.224 , 19.39 , 246.06
1771 , 10881 , 208.11 , -50.9 , 4 , 25.06 , 4.672 , 0.224 , 19.72 , 245.73
1781 , 10937 , 206.33 , -51.1 , 4 , 25.02 , 4.669 , 0.226 , 20.04 , 245.41
1791 , 10998 , 204.41 , -50.6 , 4 , 24.99 , 4.667 , 0.228 , 20.39 , 245.07
1801 , 11057 , 202.54 , -50.1 , 4 , 24.96 , 4.678 , 0.231 , 20.72 , 244.73
1811 , 11117 , 200.71 , -49.7 , 4 , 24.94 , 4.713 , 0.235 , 21.06 , 244.39
1821 , 11176 , 198.90 , -49.2 , 4 , 24.90 , 4.731 , 0.238 , 21.40 , 244.06
1831 , 11235 , 197.11 , -49.0 , 4 , 24.86 , 4.757 , 0.241 , 21.74 , 243.72
1841 , 11296 , 195.31 , -49.0 , 3 , 24.82 , 4.776 , 0.245 , 22.08 , 243.37
1851 , 11357 , 193.48 , -49.1 , 3 , 24.78 , 4.757 , 0.246 , 22.44 , 243.02
1861 , 11419 , 191.68 , -49.2 , 3 , 24.75 , 4.683 , 0.244 , 22.78 , 242.67
1871 , 11477 , 189.97 , -49.0 , 3 , 24.71 , 4.678 , 0.246 , 23.12 , 242.34
1881 , 11539 , 188.21 , -48.7 , 3 , 24.67 , 4.681 , 0.249 , 23.46 , 242.00
1891 , 11602 , 186.40 , -48.6 , 3 , 24.64 , 4.708 , 0.253 , 23.82 , 241.64
1901 , 11668 , 184.55 , -48.7 , 2 , 24.60 , 4.744 , 0.257 , 24.19 , 241.27
1911 , 11729 , 182.84 , -49.1 , 2 , 24.57 , 4.701 , 0.257 , 24.54 , 240.92
1921 , 11789 , 181.17 , -49.3 , 2 , 24.53 , 4.669 , 0.258 , 24.88 , 240.58
1931 , 11849 , 179.51 , -49.2 , 2 , 24.49 , 4.601 , 0.256 , 25.21 , 240.24
1941 , 11911 , 177.83 , -49.2 , 2 , 24.46 , 4.569 , 0.257 , 25.55 , 239.90
1951 , 11971 , 176.21 , -49.2 , 2 , 24.43 , 4.647 , 0.264 , 25.89 , 239.57
1961 , 12031 , 174.61 , -49.1 , 2 , 24.40 , 4.815 , 0.276 , 26.23 , 239.23
1971 , 12089 , 173.08 , -49.3 , 2 , 24.37 , 5.086 , 0.294 , 26.57 , 238.88
1981 , 12146 , 171.56 , -49.4 , 2 , 24.33 , 5.236 , 0.305 , 26.93 , 238.53
1991 , 12207 , 169.97 , -49.3 , 2 , 24.30 , 5.440 , 0.320 , 27.32 , 238.13
2001 , 12266 , 168.44 , -49.2 , 2 , 24.26 , 5.277 , 0.313 , 27.70 , 237.75
2011 , 12326 , 166.92 , -48.9 , 2 , 24.22 , 5.177 , 0.310 , 28.08 , 237.38
2021 , 12385 , 165.43 , -48.8 , 2 , 24.19 , 5.022 , 0.304 , 28.44 , 237.02
2031 , 12445 , 163.93 , -48.4 , 2 , 24.16 , 5.032 , 0.307 , 28.80 , 236.65
2041 , 12501 , 162.53 , -47.8 , 2 , 24.13 , 5.199 , 0.320 , 29.15 , 236.31
2051 , 12558 , 161.13 , -47.4 , 2 , 24.10 , 5.266 , 0.327 , 29.50 , 235.95
2061 , 12616 , 159.73 , -47.5 , 2 , 24.07 , 5.270 , 0.330 , 29.87 , 235.59
2070 , 12672 , 158.38 , -47.5 , 2 , 24.03 , 5.304 , 0.335 , 30.22 , 235.24
2080 , 12728 , 157.04 , -47.6 , 2 , 24.00 , 5.822 , 0.371 , 30.59 , 234.86
2090 , 12788 , 155.63 , -47.6 , 2 , 23.97 , 6.237 , 0.401 , 31.02 , 234.43
2100 , 12847 , 154.24 , -47.6 , 2 , 23.94 , 6.639 , 0.430 , 31.48 , 233.98
2110 , 12905 , 152.88 , -47.9 , 2 , 23.90 , 6.627 , 0.433 , 31.94 , 233.51
2120 , 12965 , 151.49 , -47.8 , 2 , 23.87 , 6.582 , 0.434 , 32.42 , 233.04
2130 , 13025 , 150.13 , -47.7 , 2 , 23.84 , 6.498 , 0.433 , 32.88 , 232.57
2140 , 13087 , 148.73 , -47.5 , 1 , 23.81 , 6.178 , 0.415 , 33.35 , 232.10
2150 , 13146 , 147.41 , -47.4 , 2 , 23.77 , 5.868 , 0.398 , 33.77 , 231.68
2160 , 13205 , 146.09 , -47.5 , 2 , 23.74 , 5.508 , 0.377 , 34.18 , 231.28
2170 , 13266 , 144.75 , -47.4 , 2 , 23.70 , 5.103 , 0.353 , 34.56 , 230.89
2180 , 13326 , 143.43 , -47.5 , 1 , 23.66 , 4.883 , 0.340 , 34.92 , 230.53
2190 , 13387 , 142.13 , -47.8 , 1 , 23.63 , 4.799 , 0.338 , 35.28 , 230.18
2200 , 13447 , 140.83 , -47.9 , 1 , 23.58 , 4.734 , 0.336 , 35.62 , 229.84
2210 , 13507 , 139.55 , -47.8 , 1 , 23.55 , 4.705 , 0.337 , 35.96 , 229.50
2220 , 13568 , 138.28 , -47.6 , 1 , 23.52 , 4.597 , 0.332 , 36.30 , 229.16
2230 , 13628 , 137.03 , -47.4 , 1 , 23.49 , 4.439 , 0.324 , 36.62 , 228.84
2240 , 13687 , 135.81 , -47.1 , 1 , 23.44 , 4.343 , 0.320 , 36.93 , 228.53
2250 , 13745 , 134.62 , -47.0 , 1 , 23.39 , 4.109 , 0.305 , 37.22 , 228.23
2260 , 13801 , 133.48 , -47.0 , 1 , 23.36 , 4.219 , 0.316 , 37.50 , 227.95
2270 , 13860 , 132.31 , -47.1 , 1 , 23.33 , 4.577 , 0.346 , 37.81 , 227.65
2280 , 13917 , 131.18 , -46.9 , 1 , 23.29 , 4.776 , 0.364 , 38.12 , 227.33
2290 , 13974 , 130.04 , -46.6 , 1 , 23.26 , 4.740 , 0.364 , 38.45 , 227.00
2300 , 14034 , 128.88 , -46.4 , 1 , 23.23 , 4.469 , 0.347 , 38.78 , 226.68
2310 , 14091 , 127.78 , -46.0 , 1 , 23.18 , 4.333 , 0.339 , 39.08 , 226.38
2320 , 14148 , 126.69 , -45.9 , 1 , 23.14 , 4.526 , 0.357 , 39.37 , 226.08
2330 , 14206 , 125.58 , -46.0 , 1 , 23.10 , 5.000 , 0.398 , 39.70 , 225.75
2340 , 14266 , 124.46 , -45.8 , 1 , 23.06 , 5.465 , 0.439 , 40.08 , 225.38
2350 , 14324 , 123.38 , -45.8 , 1 , 23.02 , 5.981 , 0.485 , 40.47 , 224.98
2360 , 14382 , 122.31 , -45.6 , 1 , 22.99 , 6.381 , 0.522 , 40.89 , 224.56
2370 , 14442 , 121.20 , -46.0 , 1 , 22.97 , 6.638 , 0.548 , 41.36 , 224.10
2379 , 14499 , 120.17 , -45.8 , 1 , 22.94 , 6.499 , 0.541 , 41.80 , 223.65
2389 , 14555 , 119.16 , -45.7 , 1 , 22.92 , 6.078 , 0.510 , 42.22 , 223.23
2399 , 14615 , 118.09 , -45.9 , 1 , 22.90 , 5.974 , 0.506 , 42.65 , 222.80
2409 , 14678 , 116.99 , -45.8 , 1 , 22.87 , 5.520 , 0.472 , 43.08 , 222.38
2419 , 14738 , 115.93 , -45.7 , 1 , 22.83 , 5.156 , 0.445 , 43.46 , 222.00
2429 , 14797 , 114.91 , -45.6 , 1 , 22.81 , 5.076 , 0.442 , 43.82 , 221.64
2439 , 14858 , 113.87 , -45.7 , 1 , 22.77 , 4.851 , 0.426 , 44.17 , 221.28
2449 , 14918 , 112.85 , -45.8 , 1 , 22.75 , 4.584 , 0.406 , 44.51 , 220.95
2459 , 14979 , 111.82 , -45.6 , 1 , 22.72 , 4.308 , 0.385 , 44.83 , 220.63
2469 , 15039 , 110.81 , -45.2 , 1 , 22.69 , 4.165 , 0.376 , 45.13 , 220.32
2479 , 15101 , 109.79 , -45.0 , 1 , 22.66 , 4.168 , 0.380 , 45.44 , 220.02
2489 , 15161 , 108.81 , -45.1 , 1 , 22.62 , 4.306 , 0.396 , 45.74 , 219.72
2499 , 15220 , 107.85 , -45.0 , 1 , 22.59 , 4.295 , 0.398 , 46.04 , 219.42
2509 , 15278 , 106.91 , -45.0 , 1 , 22.56 , 4.381 , 0.410 , 46.34 , 219.12
2519 , 15337 , 105.98 , -44.9 , 1 , 22.53 , 4.688 , 0.442 , 46.65 , 218.81
2529 , 15396 , 105.04 , -44.9 , 0 , 22.50 , 5.212 , 0.496 , 47.00 , 218.46
2539 , 15455 , 104.12 , -44.8 , 0 , 22.46 , 5.535 , 0.532 , 47.37 , 218.08
2549 , 15515 , 103.20 , -44.4 , 0 , 22.43 , 5.905 , 0.572 , 47.77 , 217.68
2559 , 15574 , 102.28 , -44.2 , 0 , 22.38 , 6.054 , 0.592 , 48.20 , 217.26
2569 , 15633 , 101.38 , -43.9 , 0 , 22.35 , 5.804 , 0.572 , 48.61 , 216.85
2579 , 15691 , 100.52 , -44.0 , 0 , 22.32 , 5.763 , 0.573 , 49.00 , 216.46
2589 , 15749 , 99.65 , -44.0 , 0 , 22.29 , 5.981 , 0.600 , 49.40 , 216.06
2599 , 15807 , 98.80 , -43.8 , 0 , 22.25 , 6.160 , 0.623 , 49.81 , 215.64
2609 , 15866 , 97.94 , -43.4 , 0 , 22.22 , 6.082 , 0.621 , 50.23 , 215.22
2619 , 15923 , 97.11 , -43.5 , 0 , 22.18 , 6.323 , 0.651 , 50.65 , 214.80
2629 , 15980 , 96.29 , -43.2 , 0 , 22.15 , 6.318 , 0.656 , 51.07 , 214.38
2639 , 16039 , 95.45 , -43.3 , 0 , 22.12 , 6.365 , 0.667 , 51.51 , 213.94
2649 , 16096 , 94.64 , -43.2 , 0 , 22.08 , 6.788 , 0.717 , 51.95 , 213.50
2659 , 16153 , 93.85 , -43.1 , 0 , 22.05 , 6.895 , 0.735 , 52.41 , 213.05
2669 , 16211 , 93.04 , -43.1 , 0 , 22.01 , 6.533 , 0.702 , 52.86 , 212.59
2678 , 16263 , 92.32 , -43.0 , 0 , 21.99 , 6.379 , 0.691 , 53.26 , 212.20
2688 , 16310 , 91.68 , -42.6 , 0 , 21.96 , 6.388 , 0.697 , 53.61 , 211.84
2698 , 16354 , 91.08 , -42.5 , 0 , 21.93 , 7.277 , 0.799 , 53.96 , 211.49
2708 , 16397 , 90.50 , -42.2 , 0 , 21.90 , 7.999 , 0.884 , 54.35 , 211.10
2718 , 16441 , 89.92 , -41.9 , 0 , 21.87 , 8.550 , 0.951 , 54.77 , 210.69
2728 , 16483 , 89.36 , -41.4 , 0 , 21.85 , 9.140 , 1.023 , 55.21 , 210.25
2738 , 16529 , 88.76 , -41.1 , 1 , 21.82 , 9.449 , 1.064 , 55.70 , 209.76
2748 , 16573 , 88.18 , -40.9 , 1 , 21.80 , 9.210 , 1.044 , 56.18 , 209.27
2758 , 16617 , 87.62 , -41.0 , 1 , 21.78 , 9.399 , 1.073 , 56.65 , 208.80
2768 , 16662 , 87.04 , -41.4 , 0 , 21.75 , 9.813 , 1.127 , 57.15 , 208.30
2778 , 16706 , 86.48 , -41.4 , 0 , 21.72 , 10.180 , 1.177 , 57.67 , 207.79
2788 , 16750 , 85.92 , -41.5 , 0 , 21.69 , 10.442 , 1.215 , 58.19 , 207.26
2798 , 16794 , 85.36 , -41.6 , 1 , 21.66 , 10.464 , 1.226 , 58.73 , 206.72
2808 , 16837 , 84.82 , -41.4 , 1 , 21.64 , 10.294 , 1.214 , 59.25 , 206.20
2818 , 16881 , 84.27 , -41.2 , 1 , 21.61 , 10.848 , 1.287 , 59.80 , 205.66
2828 , 16926 , 83.72 , -41.0 , 0 , 21.59 , 11.186 , 1.336 , 60.36 , 205.09
2838 , 16970 , 83.18 , -41.0 , 0 , 21.56 , 11.320 , 1.361 , 60.94 , 204.52
2848 , 17014 , 82.64 , -40.8 , 0 , 21.53 , 11.468 , 1.388 , 61.53 , 203.93
2858 , 17059 , 82.10 , -40.9 , 0 , 21.50 , 11.588 , 1.411 , 62.12 , 203.33
2868 , 17104 , 81.55 , -40.9 , 0 , 21.48 , 11.657 , 1.429 , 62.73 , 202.72
2878 , 17150 , 81.00 , -41.1 , 0 , 21.45 , 11.754 , 1.451 , 63.36 , 202.09
2888 , 17194 , 80.48 , -41.3 , 0 , 21.43 , 11.681 , 1.451 , 63.96 , 201.49
2898 , 17240 , 79.94 , -41.3 , 0 , 21.41 , 11.600 , 1.451 , 64.58 , 200.88
2908 , 17284 , 79.42 , -41.3 , 0 , 21.38 , 11.634 , 1.465 , 65.18 , 200.28
2918 , 17330 , 78.88 , -41.7 , 0 , 21.37 , 11.593 , 1.470 , 65.80 , 199.65
2928 , 17377 , 78.33 , -41.9 , 0 , 21.35 , 11.486 , 1.466 , 66.43 , 199.02
2938 , 17422 , 77.82 , -41.8 , 0 , 21.33 , 11.394 , 1.464 , 67.03 , 198.42
2948 , 17468 , 77.29 , -41.7 , 0 , 21.32 , 11.421 , 1.478 , 67.65 , 197.81
2958 , 17514 , 76.77 , -41.9 , 0 , 21.30 , 11.477 , 1.495 , 68.25 , 197.20
2968 , 17558 , 76.27 , -41.6 , 0 , 21.28 , 11.568 , 1.517 , 68.85 , 196.60
2978 , 17603 , 75.76 , -41.5 , 0 , 21.26 , 11.680 , 1.542 , 69.46 , 195.99
2987 , 17647 , 75.28 , -41.5 , 0 , 21.25 , 11.750 , 1.561 , 70.05 , 195.41
2997 , 17690 , 74.80 , -41.6 , 0 , 21.23 , 11.835 , 1.582 , 70.65 , 194.81
3007 , 17735 , 74.31 , -41.5 , 0 , 21.21 , 11.918 , 1.604 , 71.26 , 194.20
3017 , 17779 , 73.83 , -41.7 , 0 , 21.18 , 11.948 , 1.618 , 71.88 , 193.58
3027 , 17823 , 73.34 , -41.7 , 0 , 21.16 , 12.014 , 1.638 , 72.49 , 192.96
3037 , 17867 , 72.87 , -41.8 , 0 , 21.13 , 11.994 , 1.646 , 73.11 , 192.34
3047 , 17912 , 72.39 , -41.7 , 0 , 21.11 , 12.030 , 1.662 , 73.74 , 191.71
3057 , 17956 , 71.92 , -41.7 , 0 , 21.09 , 12.101 , 1.683 , 74.36 , 191.10
3067 , 18002 , 71.44 , -41.7 , 0 , 21.06 , 12.110 , 1.695 , 75.00 , 190.45
3077 , 18047 , 70.96 , -41.7 , 0 , 21.05 , 12.260 , 1.728 , 75.64 , 189.82
3087 , 18092 , 70.50 , -41.6 , 0 , 21.02 , 12.286 , 1.743 , 76.28 , 189.18
3097 , 18136 , 70.04 , -41.5 , 0 , 21.00 , 12.342 , 1.762 , 76.91 , 188.54
3107 , 18179 , 69.60 , -41.2 , 0 , 20.98 , 12.479 , 1.793 , 77.53 , 187.92
3117 , 18222 , 69.16 , -41.4 , 0 , 20.96 , 12.589 , 1.820 , 78.16 , 187.29
3127 , 18268 , 68.69 , -41.6 , 0 , 20.94 , 12.752 , 1.857 , 78.84 , 186.61
3137 , 18313 , 68.24 , -41.4 , 0 , 20.92 , 12.914 , 1.893 , 79.51 , 185.95
3147 , 18357 , 67.79 , -41.3 , 0 , 20.90 , 13.091 , 1.931 , 80.18 , 185.27
3157 , 18402 , 67.35 , -41.3 , 0 , 20.88 , 13.148 , 1.952 , 80.86 , 184.59
3167 , 18447 , 66.90 , -41.2 , 0 , 20.85 , 13.289 , 1.987 , 81.56 , 183.90
3177 , 18493 , 66.44 , -41.5 , 0 , 20.83 , 13.244 , 1.993 , 82.27 , 183.18
3187 , 18540 , 65.99 , -41.4 , 0 , 20.81 , 13.133 , 1.990 , 82.99 , 182.47
3197 , 18585 , 65.55 , -41.3 , 0 , 20.78 , 13.144 , 2.005 , 83.69 , 181.77
3207 , 18632 , 65.10 , -41.3 , 0 , 20.76 , 13.070 , 2.008 , 84.40 , 181.06
3217 , 18677 , 64.67 , -41.4 , 0 , 20.74 , 13.158 , 2.035 , 85.08 , 180.37
3226 , 18722 , 64.24 , -41.7 , 0 , 20.71 , 13.275 , 2.067 , 85.78 , 179.68
3237 , 18770 , 63.79 , -41.8 , 0 , 20.69 , 13.169 , 2.065 , 86.51 , 178.95
3247 , 18817 , 63.34 , -41.5 , 0 , 20.67 , 13.198 , 2.084 , 87.24 , 178.21
3257 , 18863 , 62.92 , -41.4 , 0 , 20.64 , 13.295 , 2.113 , 87.95 , 177.51
3267 , 18907 , 62.51 , -41.2 , 0 , 20.62 , 13.496 , 2.159 , 88.63 , 176.82
3277 , 18953 , 62.09 , -40.7 , 0 , 20.60 , 13.682 , 2.204 , 89.36 , 176.10
3286 , 18997 , 61.69 , -40.3 , 0 , 20.57 , 13.459 , 2.182 , 90.05 , 175.41
3296 , 19040 , 61.30 , -39.9 , 0 , 20.55 , 13.278 , 2.166 , 90.71 , 174.74
3306 , 19086 , 60.89 , -40.0 , 0 , 20.53 , 13.134 , 2.157 , 91.42 , 174.04
3316 , 19132 , 60.48 , -40.5 , 0 , 20.50 , 13.217 , 2.185 , 92.11 , 173.34
3326 , 19177 , 60.08 , -40.4 , 0 , 20.47 , 13.333 , 2.219 , 92.81 , 172.64
3336 , 19224 , 59.67 , -40.3 , 0 , 20.45 , 13.347 , 2.237 , 93.53 , 171.93
3346 , 19270 , 59.27 , -40.4 , 0 , 20.43 , 13.429 , 2.266 , 94.24 , 171.21
3356 , 19317 , 58.86 , -40.5 , 0 , 20.41 , 13.416 , 2.279 , 94.98 , 170.48
3366 , 19364 , 58.46 , -40.5 , 0 , 20.38 , 13.501 , 2.309 , 95.71 , 169.75
3375 , 19409 , 58.07 , -40.5 , 0 , 20.36 , 13.407 , 2.309 , 96.42 , 169.04
3386 , 19457 , 57.66 , -40.6 , 0 , 20.34 , 13.266 , 2.301 , 97.16 , 168.30
3396 , 19502 , 57.28 , -40.6 , 0 , 20.32 , 13.277 , 2.318 , 97.84 , 167.61
3406 , 19549 , 56.89 , -40.8 , 0 , 20.30 , 13.323 , 2.342 , 98.57 , 166.89
3416 , 19594 , 56.51 , -40.7 , 0 , 20.28 , 13.437 , 2.378 , 99.27 , 166.18
3426 , 19639 , 56.14 , -40.0 , 0 , 20.27 , 13.363 , 2.380 , 99.97 , 165.48
3436 , 19686 , 55.76 , -40.1 , 0 , 20.25 , 13.426 , 2.408 , 100.69 , 164.76
3446 , 19732 , 55.38 , -40.3 , 0 , 20.23 , 13.409 , 2.421 , 101.41 , 164.04
3452 , 19763 , 55.13 , -40.2 , 0 , 20.22 , 13.285 , 2.410 , 101.89 , 163.57
3506 , 20008 , 53.19 , -39.9 , 0 , 20.14 , 13.484 , 2.535 , 105.68 , 159.78
3513 , 20037 , 52.96 , -39.7 , 0 , 20.13 , 13.324 , 2.516 , 106.14 , 159.32
3523 , 20084 , 52.60 , -39.5 , 0 , 20.11 , 13.143 , 2.499 , 106.85 , 158.60
3533 , 20131 , 52.24 , -39.8 , 0 , 20.10 , 13.294 , 2.545 , 107.57 , 157.89
3543 , 20177 , 51.88 , -39.9 , 0 , 20.08 , 13.315 , 2.566 , 108.28 , 157.18
3553 , 20225 , 51.52 , -39.9 , 0 , 20.07 , 13.477 , 2.616 , 109.02 , 156.44
3563 , 20272 , 51.17 , -39.7 , 0 , 20.05 , 13.377 , 2.614 , 109.75 , 155.70
3573 , 20319 , 50.82 , -40.0 , 0 , 20.04 , 13.423 , 2.641 , 110.48 , 154.98
3583 , 20364 , 50.48 , -40.0 , 0 , 20.02 , 12.947 , 2.565 , 111.17 , 154.29
3592 , 20410 , 50.14 , -40.2 , 0 , 20.01 , 12.447 , 2.482 , 111.84 , 153.61
3601 , 20453 , 49.83 , -40.2 , 0 , 19.99 , 11.948 , 2.398 , 112.45 , 153.01
3611 , 20500 , 49.49 , -40.0 , 0 , 19.98 , 12.169 , 2.459 , 113.10 , 152.36
3620 , 20545 , 49.16 , -40.1 , 0 , 19.97 , 11.955 , 2.432 , 113.73 , 151.72
3630 , 20590 , 48.84 , -40.0 , 0 , 19.95 , 11.405 , 2.335 , 114.34 , 151.12
3639 , 20636 , 48.51 , -40.2 , 0 , 19.94 , 11.106 , 2.290 , 114.94 , 150.51
3650 , 20687 , 48.15 , -40.1 , 0 , 19.92 , 11.044 , 2.294 , 115.59 , 149.87
3660 , 20733 , 47.82 , -39.9 , 0 , 19.91 , 11.474 , 2.399 , 116.19 , 149.26
3670 , 20780 , 47.50 , -39.9 , 0 , 19.90 , 11.815 , 2.488 , 116.82 , 148.63
3679 , 20826 , 47.18 , -39.5 , 0 , 19.88 , 12.133 , 2.572 , 117.46 , 148.00
3689 , 20871 , 46.87 , -39.5 , 0 , 19.87 , 12.538 , 2.675 , 118.10 , 147.35
3699 , 20920 , 46.54 , -39.5 , 0 , 19.85 , 12.856 , 2.763 , 118.81 , 146.64
3709 , 20969 , 46.20 , -39.3 , 0 , 19.83 , 13.149 , 2.846 , 119.56 , 145.90
3719 , 21018 , 45.87 , -39.2 , 0 , 19.82 , 13.400 , 2.921 , 120.30 , 145.16
3729 , 21065 , 45.56 , -39.0 , 0 , 19.80 , 13.552 , 2.974 , 121.03 , 144.43
3739 , 21110 , 45.26 , -39.0 , 0 , 19.78 , 13.713 , 3.029 , 121.73 , 143.73
3749 , 21156 , 44.96 , -38.9 , 0 , 19.77 , 13.885 , 3.088 , 122.47 , 142.99
3759 , 21203 , 44.65 , -38.4 , 0 , 19.75 , 13.955 , 3.125 , 123.21 , 142.24
3769 , 21249 , 44.35 , -38.4 , 0 , 19.74 , 13.986 , 3.153 , 123.96 , 141.50
3779 , 21297 , 44.05 , -38.7 , 0 , 19.73 , 14.160 , 3.215 , 124.73 , 140.73
3789 , 21344 , 43.75 , -38.5 , 0 , 19.71 , 14.329 , 3.276 , 125.50 , 139.96
3799 , 21392 , 43.44 , -38.2 , 0 , 19.69 , 14.290 , 3.290 , 126.29 , 139.17
3808 , 21438 , 43.15 , -38.6 , 0 , 19.68 , 14.266 , 3.306 , 127.04 , 138.41
3819 , 21487 , 42.84 , -39.1 , 0 , 19.66 , 14.256 , 3.327 , 127.85 , 137.60
3829 , 21534 , 42.55 , -39.4 , 0 , 19.64 , 14.128 , 3.321 , 128.63 , 136.83
3839 , 21582 , 42.25 , -39.2 , 0 , 19.63 , 14.024 , 3.319 , 129.41 , 136.05
3849 , 21631 , 41.95 , -38.9 , 0 , 19.61 , 14.108 , 3.363 , 130.19 , 135.26
3859 , 21678 , 41.66 , -38.8 , 0 , 19.59 , 14.236 , 3.417 , 130.96 , 134.50
3869 , 21725 , 41.38 , -38.4 , 0 , 19.57 , 14.447 , 3.491 , 131.73 , 133.73
3879 , 21773 , 41.09 , -38.7 , 0 , 19.55 , 14.648 , 3.564 , 132.53 , 132.92
3888 , 21818 , 40.82 , -38.7 , 0 , 19.54 , 14.287 , 3.500 , 133.29 , 132.17
3897 , 21864 , 40.55 , -39.0 , 0 , 19.52 , 13.816 , 3.407 , 134.03 , 131.42
3907 , 21912 , 40.27 , -39.0 , 0 , 19.50 , 13.309 , 3.305 , 134.78 , 130.68
3916 , 21958 , 40.00 , -38.6 , 0 , 19.48 , 12.817 , 3.204 , 135.47 , 129.99
3926 , 22005 , 39.72 , -38.5 , 0 , 19.47 , 12.605 , 3.173 , 136.16 , 129.29
3936 , 22054 , 39.44 , -38.1 , 0 , 19.45 , 12.845 , 3.257 , 136.88 , 128.58
3946 , 22103 , 39.16 , -38.1 , 0 , 19.43 , 13.300 , 3.396 , 137.61 , 127.85
3955 , 22152 , 38.89 , -38.5 , 0 , 19.41 , 13.615 , 3.501 , 138.36 , 127.10
3965 , 22201 , 38.61 , -38.8 , 0 , 19.39 , 13.870 , 3.593 , 139.14 , 126.31
3976 , 22254 , 38.31 , -39.0 , 0 , 19.37 , 13.860 , 3.618 , 139.98 , 125.47
3986 , 22306 , 38.02 , -39.3 , 0 , 19.35 , 13.705 , 3.605 , 140.81 , 124.64
3996 , 22358 , 37.74 , -39.2 , 0 , 19.33 , 13.568 , 3.595 , 141.62 , 123.83
4006 , 22409 , 37.45 , -39.2 , 0 , 19.31 , 13.476 , 3.598 , 142.42 , 123.03
4016 , 22459 , 37.18 , -39.3 , 0 , 19.29 , 13.309 , 3.579 , 143.19 , 122.27
4026 , 22509 , 36.91 , -39.3 , 0 , 19.27 , 13.121 , 3.555 , 143.95 , 121.50
4036 , 22557 , 36.65 , -38.9 , 0 , 19.25 , 13.075 , 3.567 , 144.68 , 120.78
4046 , 22607 , 36.39 , -38.7 , 0 , 19.23 , 13.007 , 3.575 , 145.43 , 120.02
4056 , 22656 , 36.13 , -38.4 , 0 , 19.21 , 12.994 , 3.596 , 146.16 , 119.30
4066 , 22705 , 35.87 , -38.8 , 0 , 19.19 , 12.997 , 3.623 , 146.89 , 118.56
4075 , 22750 , 35.64 , -38.6 , 0 , 19.17 , 12.976 , 3.641 , 147.57 , 117.89
4086 , 22802 , 35.37 , -38.7 , 0 , 19.14 , 13.030 , 3.684 , 148.34 , 117.12
4096 , 22850 , 35.12 , -38.7 , 0 , 19.12 , 13.146 , 3.743 , 149.07 , 116.39
4106 , 22899 , 34.87 , -38.3 , 0 , 19.10 , 13.237 , 3.796 , 149.81 , 115.65
4116 , 22947 , 34.63 , -38.1 , 0 , 19.08 , 13.381 , 3.864 , 150.54 , 114.91
4126 , 22994 , 34.39 , -37.8 , 0 , 19.06 , 13.330 , 3.876 , 151.27 , 114.19
4136 , 23043 , 34.15 , -38.0 , 0 , 19.04 , 13.197 , 3.864 , 152.01 , 113.45
4146 , 23091 , 33.91 , -37.5 , 0 , 19.02 , 13.049 , 3.848 , 152.73 , 112.73
4156 , 23139 , 33.68 , -37.8 , 0 , 19.01 , 12.988 , 3.856 , 153.44 , 112.01
4166 , 23187 , 33.44 , -38.1 , 0 , 18.99 , 12.750 , 3.813 , 154.16 , 111.30
4176 , 23235 , 33.21 , -38.1 , 0 , 18.97 , 12.517 , 3.769 , 154.84 , 110.62
4186 , 23283 , 32.98 , -37.7 , 0 , 18.95 , 12.411 , 3.763 , 155.53 , 109.92
4196 , 23330 , 32.75 , -37.1 , 0 , 18.93 , 12.121 , 3.700 , 156.20 , 109.26
4206 , 23381 , 32.52 , -37.1 , 0 , 18.91 , 12.017 , 3.695 , 156.89 , 108.56
4216 , 23430 , 32.28 , -37.1 , 0 , 18.89 , 12.015 , 3.722 , 157.57 , 107.88
4226 , 23480 , 32.06 , -36.7 , 0 , 18.88 , 12.082 , 3.769 , 158.25 , 107.21
4235 , 23528 , 31.83 , -37.2 , 0 , 18.86 , 12.165 , 3.821 , 158.91 , 106.54
4244 , 23574 , 31.62 , -37.2 , 0 , 18.84 , 12.140 , 3.839 , 159.55 , 105.90
4254 , 23620 , 31.41 , -37.2 , 0 , 18.83 , 12.137 , 3.864 , 160.20 , 105.26
4264 , 23671 , 31.18 , -37.4 , 0 , 18.81 , 12.034 , 3.860 , 160.90 , 104.55
4273 , 23722 , 30.95 , -37.0 , 0 , 18.80 , 11.883 , 3.839 , 161.59 , 103.86
4284 , 23773 , 30.72 , -37.2 , 0 , 18.77 , 11.802 , 3.841 , 162.28 , 103.17
4294 , 23823 , 30.50 , -36.9 , 0 , 18.76 , 11.745 , 3.851 , 162.97 , 102.49
4304 , 23874 , 30.27 , -36.6 , 0 , 18.74 , 11.569 , 3.821 , 163.64 , 101.81
4314 , 23928 , 30.04 , -36.5 , 0 , 18.72 , 11.295 , 3.760 , 164.35 , 101.11
4324 , 23976 , 29.83 , -36.5 , 0 , 18.71 , 11.290 , 3.784 , 164.96 , 100.49
4334 , 24027 , 29.62 , -36.2 , 0 , 18.69 , 11.413 , 3.853 , 165.62 , 99.84
4343 , 24075 , 29.41 , -36.2 , 0 , 18.67 , 11.407 , 3.878 , 166.24 , 99.22
4354 , 24131 , 29.17 , -36.3 , 0 , 18.66 , 11.141 , 3.819 , 166.96 , 98.49
4364 , 24182 , 28.96 , -36.3 , 0 , 18.64 , 10.877 , 3.755 , 167.59 , 97.86
4374 , 24234 , 28.74 , -36.2 , 0 , 18.63 , 10.701 , 3.723 , 168.24 , 97.22
4384 , 24288 , 28.52 , -36.2 , 0 , 18.61 , 10.753 , 3.770 , 168.89 , 96.56
4394 , 24341 , 28.30 , -36.4 , 0 , 18.60 , 11.267 , 3.981 , 169.56 , 95.89
4404 , 24392 , 28.10 , -36.0 , 0 , 18.58 , 11.122 , 3.958 , 170.21 , 95.25
4413 , 24441 , 27.90 , -36.4 , 0 , 18.57 , 11.035 , 3.956 , 170.83 , 94.62
4424 , 24500 , 27.66 , -36.7 , 0 , 18.55 , 10.652 , 3.851 , 171.56 , 93.90
4434 , 24551 , 27.46 , -36.6 , 0 , 18.54 , 10.572 , 3.850 , 172.18 , 93.28
4443 , 24601 , 27.26 , -36.9 , 1 , 18.52 , 10.304 , 3.780 , 172.76 , 92.69
4452 , 24651 , 27.07 , -36.8 , 0 , 18.51 , 10.098 , 3.731 , 173.35 , 92.11
4462 , 24704 , 26.86 , -36.9 , 0 , 18.50 , 10.136 , 3.774 , 173.97 , 91.49
4471 , 24754 , 26.66 , -36.8 , 1 , 18.48 , 10.034 , 3.763 , 174.54 , 90.92
4481 , 24808 , 26.46 , -36.5 , 0 , 18.47 , 9.917 , 3.748 , 175.15 , 90.30
4490 , 24858 , 26.27 , -36.4 , 1 , 18.46 , 9.964 , 3.793 , 175.72 , 89.74
4500 , 24914 , 26.06 , -36.3 , 0 , 18.44 , 9.908 , 3.803 , 176.36 , 89.10
4510 , 24965 , 25.87 , -36.4 , 0 , 18.43 , 9.835 , 3.802 , 176.92 , 88.53
4519 , 25017 , 25.67 , -36.2 , 1 , 18.42 , 9.831 , 3.829 , 177.50 , 87.95
4530 , 25070 , 25.48 , -35.7 , 1 , 18.40 , 9.754 , 3.829 , 178.10 , 87.36
4539 , 25118 , 25.30 , -36.1 , 0 , 18.39 , 9.723 , 3.843 , 178.63 , 86.82
4548 , 25166 , 25.13 , -35.7 , 1 , 18.38 , 9.593 , 3.818 , 179.15 , 86.30
4558 , 25216 , 24.95 , -35.1 , 0 , 18.37 , 9.573 , 3.837 , 179.69 , 85.76
4568 , 25266 , 24.77 , -35.2 , 0 , 18.35 , 9.427 , 3.806 , 180.23 , 85.22
4577 , 25315 , 24.59 , -35.4 , 0 , 18.34 , 9.372 , 3.811 , 180.76 , 84.69
4587 , 25363 , 24.43 , -35.1 , 0 , 18.33 , 9.304 , 3.809 , 181.27 , 84.19
4597 , 25414 , 24.25 , -34.9 , 0 , 18.32 , 9.207 , 3.797 , 181.80 , 83.65
4607 , 25466 , 24.07 , -35.2 , 0 , 18.30 , 9.189 , 3.818 , 182.34 , 83.11
4617 , 25516 , 23.90 , -34.8 , 1 , 18.29 , 9.229 , 3.862 , 182.86 , 82.59
4626 , 25563 , 23.74 , -34.5 , 1 , 18.28 , 9.286 , 3.912 , 183.36 , 82.10
4636 , 25614 , 23.56 , -34.8 , 1 , 18.27 , 9.225 , 3.915 , 183.89 , 81.57
4646 , 25663 , 23.40 , -35.0 , 1 , 18.26 , 9.173 , 3.920 , 184.40 , 81.06
4656 , 25712 , 23.24 , -35.2 , 1 , 18.24 , 9.124 , 3.927 , 184.90 , 80.55
4666 , 25764 , 23.06 , -34.7 , 1 , 18.22 , 9.156 , 3.970 , 185.45 , 80.01
4675 , 25808 , 22.92 , -34.6 , 0 , 18.21 , 9.117 , 3.978 , 185.89 , 79.56
4684 , 25851 , 22.78 , -34.7 , 0 , 18.20 , 9.154 , 4.019 , 186.34 , 79.11
4694 , 25904 , 22.60 , -34.4 , 0 , 18.19 , 9.224 , 4.081 , 186.90 , 78.56
4704 , 25955 , 22.44 , -34.7 , 0 , 18.18 , 9.217 , 4.108 , 187.43 , 78.03
4715 , 26008 , 22.27 , -34.1 , 0 , 18.16 , 9.256 , 4.156 , 187.98 , 77.48
4724 , 26055 , 22.12 , -34.3 , 1 , 18.15 , 9.237 , 4.175 , 188.47 , 76.99
4735 , 26109 , 21.95 , -34.3 , 1 , 18.14 , 9.321 , 4.246 , 189.03 , 76.42
4745 , 26158 , 21.80 , -33.9 , 0 , 18.13 , 9.326 , 4.278 , 189.55 , 75.91
4754 , 26205 , 21.65 , -34.4 , 0 , 18.12 , 9.201 , 4.250 , 190.04 , 75.41
4763 , 26256 , 21.49 , -33.4 , 0 , 18.10 , 8.998 , 4.186 , 190.56 , 74.89
4774 , 26313 , 21.32 , -34.5 , 1 , 18.09 , 9.051 , 4.246 , 191.15 , 74.31
4782 , 26356 , 21.19 , -34.3 , 1 , 18.08 , 9.022 , 4.258 , 191.59 , 73.87
4791 , 26401 , 21.05 , -34.0 , 2 , 18.07 , 8.932 , 4.243 , 192.04 , 73.42
4800 , 26452 , 20.90 , -34.2 , 2 , 18.06 , 8.797 , 4.209 , 192.55 , 72.91
4808 , 26498 , 20.76 , -34.7 , 2 , 18.06 , 8.685 , 4.183 , 193.00 , 72.45
4819 , 26553 , 20.60 , -34.1 , 2 , 18.04 , 8.620 , 4.185 , 193.54 , 71.91
4827 , 26600 , 20.46 , -33.9 , 1 , 18.03 , 8.526 , 4.166 , 193.99 , 71.46
4838 , 26658 , 20.29 , -33.8 , 1 , 18.02 , 8.545 , 4.211 , 194.55 , 70.90
4847 , 26710 , 20.14 , -33.5 , 1 , 18.01 , 8.747 , 4.342 , 195.06 , 70.40
4855 , 26755 , 20.02 , -33.1 , 1 , 18.01 , 8.688 , 4.341 , 195.50 , 69.96
4865 , 26808 , 19.86 , -33.9 , 2 , 17.99 , 8.591 , 4.325 , 196.01 , 69.44
4874 , 26859 , 19.72 , -33.5 , 2 , 17.98 , 8.550 , 4.336 , 196.51 , 68.95
4884 , 26915 , 19.56 , -33.9 , 1 , 17.97 , 8.305 , 4.245 , 197.04 , 68.42
4895 , 26976 , 19.39 , -33.5 , 1 , 17.95 , 8.239 , 4.248 , 197.60 , 67.85
4905 , 27030 , 19.25 , -33.4 , 1 , 17.94 , 8.225 , 4.274 , 198.10 , 67.35
4914 , 27079 , 19.11 , -33.8 , 1 , 17.93 , 8.104 , 4.240 , 198.55 , 66.90
4924 , 27133 , 18.97 , -33.6 , 0 , 17.92 , 8.184 , 4.315 , 199.05 , 66.41
4934 , 27186 , 18.82 , -33.5 , 1 , 17.91 , 8.231 , 4.373 , 199.54 , 65.92
4945 , 27242 , 18.67 , -33.4 , 0 , 17.89 , 8.105 , 4.341 , 200.06 , 65.40
4954 , 27290 , 18.55 , -32.9 , 1 , 17.88 , 8.096 , 4.366 , 200.49 , 64.96
4963 , 27343 , 18.41 , -32.4 , 1 , 17.87 , 8.153 , 4.429 , 200.97 , 64.49
4972 , 27391 , 18.28 , -32.0 , 1 , 17.86 , 8.133 , 4.449 , 201.41 , 64.04
4982 , 27440 , 18.15 , -32.1 , 2 , 17.85 , 8.060 , 4.440 , 201.86 , 63.60
4992 , 27493 , 18.02 , -32.4 , 1 , 17.84 , 7.963 , 4.419 , 202.33 , 63.12
5001 , 27540 , 17.90 , -32.2 , 1 , 17.83 , 8.007 , 4.473 , 202.75 , 62.70
5011 , 27592 , 17.77 , -31.8 , 1 , 17.81 , 7.974 , 4.488 , 203.21 , 62.24
5019 , 27636 , 17.66 , -31.9 , 1 , 17.80 , 7.859 , 4.451 , 203.61 , 61.85
5029 , 27686 , 17.53 , -31.8 , 1 , 17.80 , 7.864 , 4.485 , 204.04 , 61.42
5040 , 27744 , 17.39 , -31.6 , 1 , 17.78 , 8.088 , 4.651 , 204.56 , 60.90
5050 , 27791 , 17.28 , -31.8 , 0 , 17.77 , 7.990 , 4.625 , 204.98 , 60.48
5059 , 27839 , 17.16 , -31.6 , 1 , 17.76 , 7.871 , 4.587 , 205.40 , 60.05
5069 , 27889 , 17.04 , -32.2 , 2 , 17.75 , 8.034 , 4.716 , 205.85 , 59.61
5079 , 27944 , 16.91 , -32.2 , 1 , 17.74 , 7.916 , 4.683 , 206.34 , 59.12
5088 , 27986 , 16.80 , -31.1 , 1 , 17.74 , 7.819 , 4.653 , 206.71 , 58.75
5098 , 28041 , 16.67 , -31.2 , 0 , 17.72 , 7.618 , 4.569 , 207.18 , 58.27
5108 , 28092 , 16.55 , -32.0 , 1 , 17.71 , 7.628 , 4.608 , 207.62 , 57.83
5117 , 28142 , 16.44 , -31.2 , 1 , 17.70 , 7.489 , 4.555 , 208.03 , 57.42
5126 , 28187 , 16.33 , -31.1 , 1 , 17.70 , 7.433 , 4.551 , 208.42 , 57.04
5135 , 28233 , 16.23 , -31.1 , 2 , 17.69 , 7.361 , 4.536 , 208.79 , 56.66
5144 , 28284 , 16.11 , -30.4 , 1 , 17.68 , 7.423 , 4.607 , 209.21 , 56.25
5155 , 28339 , 15.99 , -30.1 , 0 , 17.67 , 7.492 , 4.686 , 209.67 , 55.79
5163 , 28388 , 15.88 , -30.3 , 0 , 17.66 , 7.521 , 4.737 , 210.07 , 55.38
5172 , 28433 , 15.78 , -30.1 , 0 , 17.65 , 7.475 , 4.738 , 210.45 , 55.00
5182 , 28486 , 15.66 , -30.5 , 0 , 17.64 , 7.466 , 4.767 , 210.89 , 54.57
5188 , 28516 , 15.59 , -31.0 , 1 , 17.64 , 7.356 , 4.717 , 211.14 , 54.32
5196 , 28560 , 15.50 , -30.4 , 1 , 17.63 , 7.345 , 4.740 , 211.50 , 53.96
5204 , 28600 , 15.41 , -29.5 , 0 , 17.62 , 7.270 , 4.717 , 211.82 , 53.64
5213 , 28650 , 15.30 , -29.6 , 0 , 17.61 , 7.194 , 4.701 , 212.22 , 53.24
5230 , 28739 , 15.11 , -29.3 , 1 , 17.59 , 6.997 , 4.630 , 212.92 , 52.54
5237 , 28772 , 15.04 , -29.1 , 1 , 17.59 , 6.914 , 4.596 , 213.17 , 52.28
5245 , 28819 , 14.95 , -30.2 , 1 , 17.58 , 6.849 , 4.583 , 213.53 , 51.93
5256 , 28876 , 14.83 , -29.9 , 2 , 17.57 , 6.790 , 4.580 , 213.96 , 51.50
5265 , 28924 , 14.73 , -29.1 , 0 , 17.56 , 6.775 , 4.600 , 214.32 , 51.14
5275 , 28978 , 14.62 , -29.4 , 1 , 17.55 , 6.744 , 4.614 , 214.72 , 50.73
5284 , 29024 , 14.52 , -29.5 , 0 , 17.54 , 6.728 , 4.633 , 215.07 , 50.39
5290 , 29052 , 14.47 , -29.9 , 1 , 17.55 , 6.660 , 4.604 , 215.27 , 50.18
5296 , 29079 , 14.41 , -29.7 , 2 , 17.54 , 6.638 , 4.606 , 215.47 , 49.98
5302 , 29111 , 14.34 , -29.6 , 1 , 17.53 , 6.602 , 4.602 , 215.71 , 49.75
5311 , 29169 , 14.23 , -29.2 , 1 , 17.52 , 6.614 , 4.648 , 216.13 , 49.33
5317 , 29199 , 14.17 , -29.4 , 1 , 17.52 , 6.601 , 4.658 , 216.35 , 49.11
5325 , 29232 , 14.10 , -30.2 , 3 , 17.51 , 6.638 , 4.707 , 216.60 , 48.86
5334 , 29283 , 14.00 , -30.2 , 2 , 17.50 , 6.568 , 4.690 , 216.97 , 48.49
5343 , 29331 , 13.91 , -29.2 , 1 , 17.50 , 6.482 , 4.660 , 217.31 , 48.14
5353 , 29381 , 13.81 , -29.3 , 1 , 17.49 , 6.407 , 4.639 , 217.67 , 47.79
5361 , 29427 , 13.72 , -29.2 , 1 , 17.48 , 6.339 , 4.619 , 217.99 , 47.46
5370 , 29469 , 13.64 , -30.2 , 1 , 17.47 , 6.279 , 4.602 , 218.29 , 47.17
5379 , 29517 , 13.55 , -29.6 , 1 , 17.47 , 6.190 , 4.568 , 218.62 , 46.84
5388 , 29559 , 13.47 , -29.5 , 1 , 17.46 , 6.239 , 4.631 , 218.91 , 46.55
5399 , 29615 , 13.37 , -29.8 , 1 , 17.45 , 6.147 , 4.599 , 219.29 , 46.16
5406 , 29652 , 13.30 , -29.0 , 0 , 17.44 , 6.169 , 4.639 , 219.54 , 45.91
5415 , 29701 , 13.21 , -29.0 , 1 , 17.43 , 6.179 , 4.678 , 219.87 , 45.58
5425 , 29754 , 13.11 , -29.4 , 0 , 17.42 , 6.170 , 4.707 , 220.24 , 45.22
5432 , 29795 , 13.03 , -29.2 , 1 , 17.42 , 6.161 , 4.727 , 220.52 , 44.94
5440 , 29831 , 12.97 , -29.3 , 1 , 17.41 , 6.154 , 4.745 , 220.77 , 44.69
5449 , 29878 , 12.88 , -29.1 , 1 , 17.40 , 6.193 , 4.807 , 221.08 , 44.37
5459 , 29925 , 12.80 , -29.0 , 0 , 17.39 , 6.133 , 4.792 , 221.40 , 44.05
5468 , 29976 , 12.71 , -28.5 , 0 , 17.38 , 6.036 , 4.749 , 221.74 , 43.71
5478 , 30029 , 12.62 , -28.5 , 0 , 17.37 , 5.953 , 4.719 , 222.09 , 43.36
5486 , 30073 , 12.54 , -28.3 , 0 , 17.36 , 5.898 , 4.704 , 222.38 , 43.07
5495 , 30115 , 12.46 , -28.4 , 0 , 17.35 , 5.902 , 4.736 , 222.65 , 42.80
5505 , 30164 , 12.38 , -28.1 , 0 , 17.34 , 5.937 , 4.796 , 222.97 , 42.48
5513 , 30206 , 12.31 , -28.2 , 0 , 17.33 , 5.853 , 4.756 , 223.25 , 42.21
5523 , 30251 , 12.23 , -28.7 , 1 , 17.33 , 5.785 , 4.730 , 223.53 , 41.92
5534 , 30307 , 12.13 , -28.3 , 1 , 17.32 , 5.712 , 4.708 , 223.89 , 41.56
5543 , 30354 , 12.06 , -27.4 , 1 , 17.31 , 5.655 , 4.691 , 224.18 , 41.27
5552 , 30395 , 11.99 , -27.7 , 0 , 17.29 , 5.532 , 4.615 , 224.43 , 41.02
5562 , 30445 , 11.90 , -28.0 , 1 , 17.28 , 5.524 , 4.640 , 224.74 , 40.72
5570 , 30486 , 11.84 , -27.7 , 1 , 17.28 , 5.461 , 4.614 , 224.99 , 40.47
5581 , 30538 , 11.75 , -28.1 , 1 , 17.27 , 5.401 , 4.597 , 225.30 , 40.16
5590 , 30582 , 11.68 , -27.3 , 0 , 17.26 , 5.372 , 4.600 , 225.56 , 39.90
5599 , 30626 , 11.61 , -27.2 , 1 , 17.25 , 5.351 , 4.610 , 225.81 , 39.64
5609 , 30677 , 11.53 , -27.3 , 1 , 17.24 , 5.354 , 4.645 , 226.11 , 39.34
5620 , 30728 , 11.44 , -27.7 , 1 , 17.23 , 5.351 , 4.676 , 226.41 , 39.04
5629 , 30781 , 11.36 , -27.5 , 1 , 17.22 , 5.327 , 4.689 , 226.73 , 38.73
5639 , 30830 , 11.28 , -27.5 , 1 , 17.21 , 5.301 , 4.698 , 227.01 , 38.45
5650 , 30883 , 11.20 , -27.6 , 1 , 17.19 , 5.287 , 4.720 , 227.32 , 38.14
5661 , 30942 , 11.11 , -27.5 , 0 , 17.18 , 5.198 , 4.679 , 227.66 , 37.80
5669 , 30981 , 11.05 , -28.0 , 1 , 17.17 , 5.179 , 4.688 , 227.88 , 37.57
5680 , 31043 , 10.95 , -27.7 , 1 , 17.16 , 5.093 , 4.649 , 228.23 , 37.22
5689 , 31090 , 10.88 , -27.5 , 1 , 17.15 , 5.017 , 4.610 , 228.49 , 36.97
5700 , 31144 , 10.80 , -27.8 , 1 , 17.14 , 4.952 , 4.585 , 228.78 , 36.67
5708 , 31195 , 10.73 , -27.4 , 0 , 17.13 , 4.898 , 4.567 , 229.06 , 36.40
5719 , 31247 , 10.65 , -27.0 , 1 , 17.11 , 4.882 , 4.585 , 229.34 , 36.11
5728 , 31288 , 10.59 , -27.4 , 1 , 17.10 , 4.897 , 4.626 , 229.56 , 35.90
5738 , 31342 , 10.51 , -26.5 , 1 , 17.09 , 4.845 , 4.611 , 229.85 , 35.61
5746 , 31380 , 10.45 , -25.9 , 0 , 17.08 , 4.786 , 4.579 , 230.05 , 35.40
5757 , 31430 , 10.38 , -26.9 , 0 , 17.07 , 4.723 , 4.550 , 230.31 , 35.15
5764 , 31469 , 10.32 , -27.2 , 0 , 17.06 , 4.629 , 4.483 , 230.51 , 34.95
5773 , 31516 , 10.26 , -26.3 , 1 , 17.05 , 4.576 , 4.462 , 230.74 , 34.71
5781 , 31561 , 10.19 , -26.5 , 0 , 17.03 , 4.515 , 4.430 , 230.97 , 34.49
5791 , 31607 , 10.13 , -26.7 , 1 , 17.02 , 4.513 , 4.456 , 231.20 , 34.26
5801 , 31656 , 10.06 , -26.1 , 1 , 17.01 , 4.474 , 4.447 , 231.43 , 34.02
5811 , 31708 , 9.99 , -25.6 , 0 , 16.99 , 4.448 , 4.453 , 231.69 , 33.77
5821 , 31762 , 9.91 , -25.6 , 1 , 16.98 , 4.414 , 4.452 , 231.95 , 33.51
5830 , 31808 , 9.85 , -25.6 , 0 , 16.96 , 4.372 , 4.438 , 232.17 , 33.29
5840 , 31859 , 9.78 , -25.9 , 1 , 16.95 , 4.314 , 4.410 , 232.41 , 33.04
5849 , 31900 , 9.73 , -25.8 , 0 , 16.94 , 4.309 , 4.429 , 232.60 , 32.85
5856 , 31932 , 9.68 , -26.2 , 0 , 16.92 , 4.259 , 4.398 , 232.75 , 32.71
5863 , 31968 , 9.64 , -26.0 , 1 , 16.91 , 4.248 , 4.408 , 232.92 , 32.54
5871 , 32012 , 9.58 , -25.2 , 0 , 16.90 , 4.227 , 4.413 , 233.12 , 32.33
5879 , 32053 , 9.52 , -25.1 , 0 , 16.90 , 4.158 , 4.366 , 233.31 , 32.15
5888 , 32100 , 9.46 , -26.1 , 1 , 16.89 , 4.141 , 4.376 , 233.52 , 31.93
5896 , 32131 , 9.42 , -25.9 , 0 , 16.88 , 4.072 , 4.321 , 233.66 , 31.79
5904 , 32169 , 9.37 , -26.0 , 0 , 16.87 , 4.093 , 4.367 , 233.83 , 31.63
5913 , 32213 , 9.32 , -25.2 , 2 , 16.86 , 4.126 , 4.429 , 234.03 , 31.43
5921 , 32254 , 9.26 , -24.9 , 2 , 16.85 , 4.145 , 4.474 , 234.21 , 31.24
5931 , 32305 , 9.20 , -24.3 , 1 , 16.84 , 4.167 , 4.530 , 234.44 , 31.01
5942 , 32356 , 9.14 , -23.8 , 0 , 16.83 , 4.176 , 4.571 , 234.67 , 30.79
5950 , 32395 , 9.09 , -24.0 , 1 , 16.82 , 4.182 , 4.602 , 234.84 , 30.61
5965 , 32477 , 8.98 , -22.2 , 2 , 16.80 , 4.096 , 4.558 , 235.21 , 30.24
5972 , 32503 , 8.95 , -23.0 , 0 , 16.79 , 4.042 , 4.514 , 235.32 , 30.13
5982 , 32555 , 8.89 , -22.4 , 2 , 16.77 , 3.902 , 4.390 , 235.55 , 29.91
5990 , 32599 , 8.84 , -22.3 , 2 , 16.77 , 3.873 , 4.383 , 235.73 , 29.72
5998 , 32630 , 8.80 , -22.5 , 1 , 16.76 , 3.830 , 4.352 , 235.86 , 29.60
6005 , 32659 , 8.77 , -23.2 , 0 , 16.75 , 3.819 , 4.357 , 235.98 , 29.48
6014 , 32697 , 8.72 , -24.2 , 0 , 16.74 , 3.775 , 4.329 , 236.13 , 29.32
6022 , 32736 , 8.67 , -23.9 , 1 , 16.72 , 3.688 , 4.253 , 236.29 , 29.16
6029 , 32770 , 8.63 , -23.7 , 0 , 16.72 , 3.659 , 4.239 , 236.43 , 29.03
6039 , 32825 , 8.57 , -23.8 , 1 , 16.71 , 3.620 , 4.225 , 236.64 , 28.81
6047 , 32872 , 8.51 , -22.0 , 1 , 16.69 , 3.579 , 4.204 , 236.83 , 28.63
6054 , 32901 , 8.48 , -20.8 , 2 , 16.69 , 3.555 , 4.192 , 236.94 , 28.52
6062 , 32944 , 8.43 , -21.4 , 1 , 16.68 , 3.552 , 4.214 , 237.10 , 28.35
6071 , 32981 , 8.39 , -22.6 , 0 , 16.66 , 3.521 , 4.198 , 237.24 , 28.21
6080 , 33022 , 8.34 , -23.0 , 0 , 16.65 , 3.596 , 4.311 , 237.40 , 28.06
6087 , 33062 , 8.30 , -22.4 , 0 , 16.64 , 3.627 , 4.371 , 237.55 , 27.90
6098 , 33112 , 8.24 , -22.8 , 0 , 16.62 , 3.563 , 4.324 , 237.75 , 27.71
6108 , 33158 , 8.19 , -21.2 , 0 , 16.61 , 3.516 , 4.294 , 237.92 , 27.53
6114 , 33187 , 8.16 , -20.5 , 0 , 16.60 , 3.510 , 4.303 , 238.03 , 27.43
6120 , 33220 , 8.12 , -20.8 , 1 , 16.59 , 3.497 , 4.307 , 238.15 , 27.30
6129 , 33270 , 8.07 , -20.3 , 1 , 16.58 , 3.436 , 4.260 , 238.34 , 27.12
