# ------------------------------------------------------------
#
# Flight name: V0709
# Station: Davis
# Launch Date: 02 June 2009
# Launch Time: 23:51:50
# 
# This file created: Thu Jun 04 16:50:57 2009
# 
# 
# ------------------------------------------------------------
# DATA COLUMNS
# Time (s)
# Height (m)
# Atmospheric Pressure (hPa)
# Atmospheric Temperature (°C)
# Relative Humidity (%)
# Box Temperature (°C)
# Ozone Partial Pressure (mPa)
# Ozone Mixing Ratio (ppmV)
# Accumulated Ozone to this Height (Dobson Units)
# Remaining Ozone above this Height (Dobson Units)
# 
# ------------------------------------------------------------
# 
# Integrated Ozone = 203.1 DU
# Extrapolated Ozone =  31.6 DU
# 
# Total Ozone = 234.7 DU
# 
# 
# ------------------------------------------------------------
0 , 18 , 983.36 , -13.6 , 58 , 30.94 , 2.892 , 0.029 , 0.00 , 234.71
10 , 64 , 977.37 , -13.3 , 53 , 30.83 , 2.885 , 0.030 , 0.14 , 234.57
20 , 113 , 971.13 , -13.6 , 51 , 30.82 , 2.821 , 0.029 , 0.28 , 234.43
30 , 174 , 963.29 , -14.1 , 51 , 30.58 , 2.855 , 0.030 , 0.47 , 234.25
40 , 247 , 954.04 , -14.9 , 53 , 30.06 , 2.824 , 0.030 , 0.68 , 234.03
50 , 307 , 946.47 , -15.6 , 58 , 29.49 , 2.820 , 0.030 , 0.86 , 233.85
60 , 371 , 938.50 , -16.1 , 59 , 29.11 , 2.760 , 0.029 , 1.04 , 233.67
70 , 423 , 932.08 , -16.5 , 60 , 29.02 , 2.725 , 0.029 , 1.19 , 233.52
80 , 463 , 927.16 , -16.9 , 62 , 28.70 , 2.744 , 0.030 , 1.31 , 233.40
90 , 508 , 921.52 , -17.1 , 59 , 28.43 , 2.697 , 0.029 , 1.44 , 233.27
100 , 555 , 915.79 , -17.2 , 55 , 28.11 , 2.674 , 0.029 , 1.57 , 233.14
110 , 602 , 910.13 , -17.5 , 54 , 27.66 , 2.681 , 0.029 , 1.70 , 233.01
120 , 651 , 904.19 , -17.6 , 54 , 27.27 , 2.674 , 0.030 , 1.84 , 232.87
130 , 704 , 897.80 , -17.9 , 54 , 26.97 , 2.653 , 0.030 , 1.99 , 232.72
140 , 759 , 891.17 , -18.3 , 55 , 26.82 , 2.647 , 0.030 , 2.14 , 232.57
150 , 823 , 883.49 , -18.8 , 57 , 26.45 , 2.635 , 0.030 , 2.32 , 232.39
160 , 891 , 875.46 , -19.3 , 62 , 26.17 , 2.608 , 0.030 , 2.51 , 232.20
170 , 955 , 867.93 , -19.9 , 66 , 26.01 , 2.598 , 0.030 , 2.69 , 232.02
180 , 1009 , 861.71 , -20.3 , 71 , 25.91 , 2.566 , 0.030 , 2.84 , 231.87
190 , 1054 , 856.47 , -20.8 , 74 , 25.80 , 2.570 , 0.030 , 2.96 , 231.75
200 , 1103 , 850.81 , -21.2 , 78 , 25.52 , 2.558 , 0.030 , 3.10 , 231.61
210 , 1154 , 844.89 , -21.7 , 80 , 25.23 , 2.512 , 0.030 , 3.24 , 231.48
220 , 1203 , 839.36 , -22.2 , 83 , 25.14 , 2.517 , 0.030 , 3.37 , 231.34
230 , 1251 , 833.83 , -22.6 , 85 , 25.01 , 2.483 , 0.030 , 3.50 , 231.21
240 , 1299 , 828.41 , -23.1 , 90 , 25.00 , 2.475 , 0.030 , 3.62 , 231.09
250 , 1346 , 823.09 , -23.5 , 93 , 24.88 , 2.444 , 0.030 , 3.75 , 230.96
259 , 1395 , 817.60 , -23.9 , 94 , 24.65 , 2.418 , 0.030 , 3.88 , 230.83
269 , 1440 , 812.59 , -24.0 , 96 , 24.50 , 2.424 , 0.030 , 3.99 , 230.72
279 , 1490 , 806.97 , -24.0 , 96 , 24.25 , 2.388 , 0.030 , 4.13 , 230.58
289 , 1533 , 802.28 , -24.4 , 95 , 24.13 , 2.370 , 0.030 , 4.24 , 230.47
299 , 1581 , 797.03 , -24.8 , 95 , 24.11 , 2.350 , 0.029 , 4.36 , 230.35
309 , 1629 , 791.78 , -25.2 , 95 , 24.16 , 2.343 , 0.030 , 4.48 , 230.23
319 , 1669 , 787.42 , -25.5 , 95 , 24.07 , 2.341 , 0.030 , 4.58 , 230.13
329 , 1713 , 782.66 , -25.0 , 96 , 23.92 , 2.344 , 0.030 , 4.69 , 230.02
339 , 1757 , 777.90 , -24.9 , 92 , 23.71 , 2.308 , 0.030 , 4.81 , 229.90
349 , 1805 , 772.76 , -24.8 , 86 , 23.62 , 2.304 , 0.030 , 4.93 , 229.78
359 , 1853 , 767.67 , -24.5 , 81 , 23.55 , 2.317 , 0.030 , 5.05 , 229.66
369 , 1900 , 762.83 , -24.4 , 74 , 23.52 , 2.307 , 0.030 , 5.16 , 229.55
379 , 1953 , 757.29 , -24.5 , 69 , 23.30 , 2.284 , 0.030 , 5.29 , 229.42
389 , 1999 , 752.50 , -24.8 , 68 , 23.18 , 2.270 , 0.030 , 5.41 , 229.30
399 , 2046 , 747.59 , -24.9 , 65 , 23.15 , 2.256 , 0.030 , 5.53 , 229.18
409 , 2097 , 742.40 , -25.0 , 62 , 23.07 , 2.257 , 0.030 , 5.65 , 229.06
419 , 2149 , 737.13 , -25.2 , 64 , 22.96 , 2.228 , 0.030 , 5.78 , 228.93
429 , 2203 , 731.64 , -24.7 , 69 , 22.82 , 2.222 , 0.030 , 5.91 , 228.80
439 , 2260 , 725.97 , -24.8 , 68 , 22.67 , 2.210 , 0.030 , 6.04 , 228.67
449 , 2308 , 721.17 , -25.2 , 66 , 22.59 , 2.182 , 0.030 , 6.16 , 228.55
459 , 2355 , 716.50 , -25.6 , 66 , 22.45 , 2.167 , 0.030 , 6.27 , 228.44
469 , 2407 , 711.40 , -25.9 , 65 , 22.40 , 2.156 , 0.030 , 6.39 , 228.32
479 , 2457 , 706.49 , -26.2 , 62 , 22.37 , 2.124 , 0.030 , 6.51 , 228.20
489 , 2511 , 701.20 , -26.5 , 59 , 22.26 , 2.106 , 0.030 , 6.63 , 228.08
499 , 2563 , 696.23 , -26.4 , 61 , 22.14 , 2.128 , 0.031 , 6.75 , 227.96
509 , 2612 , 691.46 , -26.3 , 63 , 22.01 , 2.122 , 0.031 , 6.87 , 227.84
519 , 2658 , 687.08 , -26.7 , 64 , 22.04 , 2.098 , 0.031 , 6.97 , 227.74
529 , 2703 , 682.82 , -27.0 , 65 , 21.98 , 2.083 , 0.031 , 7.08 , 227.63
539 , 2752 , 678.18 , -27.4 , 66 , 21.90 , 2.058 , 0.030 , 7.19 , 227.52
549 , 2809 , 672.78 , -27.9 , 66 , 21.80 , 2.050 , 0.030 , 7.32 , 227.39
558 , 2864 , 667.71 , -28.3 , 68 , 21.68 , 2.042 , 0.031 , 7.44 , 227.27
568 , 2920 , 662.49 , -28.7 , 69 , 21.59 , 2.030 , 0.031 , 7.57 , 227.14
578 , 2972 , 657.71 , -29.1 , 70 , 21.55 , 2.016 , 0.031 , 7.68 , 227.03
588 , 3030 , 652.35 , -29.4 , 70 , 21.40 , 1.995 , 0.031 , 7.81 , 226.90
598 , 3083 , 647.57 , -29.6 , 71 , 21.34 , 1.971 , 0.030 , 7.93 , 226.78
608 , 3143 , 642.12 , -29.6 , 73 , 21.31 , 1.943 , 0.030 , 8.06 , 226.65
618 , 3200 , 637.00 , -29.9 , 74 , 21.21 , 1.925 , 0.030 , 8.18 , 226.53
628 , 3259 , 631.70 , -30.3 , 74 , 21.05 , 1.916 , 0.030 , 8.31 , 226.40
638 , 3316 , 626.72 , -30.8 , 75 , 21.20 , 1.896 , 0.030 , 8.42 , 226.29
648 , 3370 , 621.95 , -31.2 , 74 , 21.17 , 1.869 , 0.030 , 8.54 , 226.17
658 , 3432 , 616.54 , -31.7 , 73 , 21.02 , 1.859 , 0.030 , 8.67 , 226.04
668 , 3496 , 610.93 , -32.3 , 72 , 20.85 , 1.842 , 0.030 , 8.80 , 225.91
678 , 3557 , 605.67 , -32.8 , 72 , 20.74 , 1.825 , 0.030 , 8.93 , 225.79
688 , 3622 , 600.12 , -33.4 , 73 , 20.65 , 1.817 , 0.030 , 9.06 , 225.65
698 , 3680 , 595.14 , -33.6 , 69 , 20.54 , 1.797 , 0.030 , 9.18 , 225.53
708 , 3739 , 590.18 , -34.0 , 64 , 20.50 , 1.789 , 0.030 , 9.29 , 225.42
718 , 3799 , 585.15 , -34.1 , 62 , 20.44 , 1.781 , 0.030 , 9.42 , 225.30
728 , 3866 , 579.59 , -34.2 , 62 , 20.28 , 1.792 , 0.031 , 9.55 , 225.16
737 , 3917 , 575.33 , -34.1 , 45 , 20.12 , 1.800 , 0.031 , 9.65 , 225.06
746 , 3974 , 570.70 , -34.2 , 36 , 20.03 , 1.784 , 0.031 , 9.77 , 224.94
756 , 4025 , 566.50 , -34.5 , 39 , 19.95 , 1.789 , 0.032 , 9.87 , 224.84
766 , 4084 , 561.77 , -34.9 , 39 , 19.73 , 1.775 , 0.032 , 9.99 , 224.72
776 , 4143 , 557.02 , -34.8 , 30 , 19.57 , 1.793 , 0.032 , 10.11 , 224.60
786 , 4200 , 552.49 , -34.9 , 20 , 19.55 , 1.782 , 0.032 , 10.23 , 224.48
796 , 4255 , 548.18 , -35.2 , 36 , 19.54 , 1.804 , 0.033 , 10.34 , 224.37
806 , 4310 , 543.86 , -35.6 , 61 , 19.58 , 1.764 , 0.032 , 10.45 , 224.26
816 , 4363 , 539.73 , -36.0 , 75 , 19.51 , 1.714 , 0.032 , 10.55 , 224.16
826 , 4416 , 535.57 , -36.4 , 79 , 19.41 , 1.682 , 0.031 , 10.66 , 224.05
836 , 4473 , 531.23 , -36.9 , 81 , 19.36 , 1.652 , 0.031 , 10.76 , 223.95
846 , 4522 , 527.45 , -37.3 , 82 , 19.31 , 1.624 , 0.031 , 10.86 , 223.85
856 , 4572 , 523.63 , -37.7 , 79 , 19.22 , 1.606 , 0.031 , 10.95 , 223.76
865 , 4625 , 519.65 , -38.2 , 77 , 19.08 , 1.589 , 0.031 , 11.04 , 223.67
874 , 4674 , 515.94 , -38.6 , 74 , 18.82 , 1.568 , 0.030 , 11.13 , 223.58
884 , 4728 , 511.91 , -39.2 , 69 , 18.79 , 1.557 , 0.030 , 11.23 , 223.48
894 , 4785 , 507.67 , -39.7 , 69 , 18.96 , 1.542 , 0.030 , 11.33 , 223.38
904 , 4846 , 503.15 , -40.2 , 73 , 19.01 , 1.547 , 0.031 , 11.44 , 223.27
914 , 4900 , 499.17 , -40.3 , 61 , 19.09 , 1.540 , 0.031 , 11.54 , 223.17
924 , 4955 , 495.13 , -40.6 , 58 , 19.09 , 1.563 , 0.032 , 11.64 , 223.07
934 , 5002 , 491.73 , -40.9 , 60 , 19.05 , 1.567 , 0.032 , 11.72 , 222.99
944 , 5057 , 487.77 , -41.2 , 62 , 18.92 , 1.563 , 0.032 , 11.82 , 222.89
954 , 5109 , 484.02 , -41.5 , 65 , 18.83 , 1.550 , 0.032 , 11.92 , 222.79
964 , 5162 , 480.30 , -41.6 , 63 , 18.80 , 1.533 , 0.032 , 12.01 , 222.70
974 , 5221 , 476.11 , -41.9 , 56 , 18.78 , 1.507 , 0.032 , 12.12 , 222.59
984 , 5278 , 472.10 , -41.8 , 50 , 18.77 , 1.485 , 0.031 , 12.22 , 222.49
994 , 5330 , 468.48 , -42.0 , 58 , 18.67 , 1.501 , 0.032 , 12.31 , 222.40
1004 , 5391 , 464.33 , -42.5 , 67 , 18.57 , 1.485 , 0.032 , 12.41 , 222.30
1014 , 5444 , 460.64 , -43.0 , 73 , 18.59 , 1.453 , 0.032 , 12.50 , 222.21
1024 , 5502 , 456.70 , -43.5 , 78 , 18.51 , 1.431 , 0.031 , 12.60 , 222.11
1034 , 5570 , 452.11 , -43.9 , 72 , 18.43 , 1.406 , 0.031 , 12.71 , 222.00
1044 , 5635 , 447.75 , -44.2 , 61 , 18.35 , 1.412 , 0.032 , 12.82 , 221.89
1054 , 5688 , 444.19 , -44.5 , 59 , 18.30 , 1.414 , 0.032 , 12.91 , 221.80
1064 , 5745 , 440.42 , -44.9 , 58 , 18.26 , 1.404 , 0.032 , 13.01 , 221.70
1074 , 5801 , 436.78 , -45.4 , 59 , 18.27 , 1.399 , 0.032 , 13.10 , 221.61
1084 , 5859 , 433.00 , -45.8 , 57 , 18.35 , 1.393 , 0.032 , 13.19 , 221.52
1094 , 5917 , 429.20 , -46.0 , 56 , 18.25 , 1.384 , 0.032 , 13.29 , 221.42
1104 , 5972 , 425.66 , -46.2 , 52 , 18.20 , 1.371 , 0.032 , 13.38 , 221.33
1114 , 6029 , 422.07 , -46.4 , 41 , 18.18 , 1.362 , 0.032 , 13.47 , 221.24
1124 , 6085 , 418.51 , -46.7 , 30 , 18.13 , 1.365 , 0.033 , 13.56 , 221.15
1134 , 6137 , 415.22 , -46.9 , 26 , 18.20 , 1.364 , 0.033 , 13.65 , 221.06
1144 , 6193 , 411.75 , -47.2 , 24 , 18.26 , 1.345 , 0.033 , 13.74 , 220.97
1154 , 6251 , 408.10 , -47.4 , 27 , 18.23 , 1.321 , 0.032 , 13.83 , 220.88
1163 , 6314 , 404.28 , -47.9 , 33 , 18.07 , 1.319 , 0.033 , 13.93 , 220.78
1173 , 6369 , 400.90 , -48.3 , 36 , 17.96 , 1.325 , 0.033 , 14.02 , 220.69
1182 , 6426 , 397.44 , -48.5 , 39 , 17.94 , 1.335 , 0.034 , 14.11 , 220.60
1192 , 6485 , 393.86 , -48.9 , 45 , 17.86 , 1.340 , 0.034 , 14.20 , 220.51
1202 , 6546 , 390.22 , -49.3 , 49 , 17.88 , 1.316 , 0.034 , 14.30 , 220.41
1212 , 6608 , 386.54 , -49.8 , 53 , 17.86 , 1.283 , 0.033 , 14.40 , 220.31
1222 , 6671 , 382.83 , -50.2 , 58 , 17.88 , 1.251 , 0.033 , 14.49 , 220.22
1232 , 6737 , 379.00 , -50.8 , 63 , 17.81 , 1.228 , 0.032 , 14.59 , 220.12
1242 , 6800 , 375.32 , -51.4 , 67 , 17.67 , 1.214 , 0.032 , 14.69 , 220.02
1252 , 6868 , 371.42 , -52.0 , 71 , 17.52 , 1.196 , 0.032 , 14.79 , 219.92
1262 , 6936 , 367.52 , -52.6 , 74 , 17.42 , 1.169 , 0.032 , 14.88 , 219.83
1272 , 6997 , 364.07 , -53.2 , 77 , 17.44 , 1.158 , 0.032 , 14.97 , 219.74
1282 , 7059 , 360.55 , -53.6 , 79 , 17.52 , 1.155 , 0.032 , 15.06 , 219.65
1292 , 7122 , 357.05 , -54.0 , 79 , 17.49 , 1.140 , 0.032 , 15.15 , 219.56
1302 , 7178 , 353.95 , -54.5 , 78 , 17.47 , 1.115 , 0.031 , 15.23 , 219.48
1312 , 7231 , 351.03 , -54.9 , 77 , 17.43 , 1.107 , 0.032 , 15.30 , 219.41
1322 , 7284 , 348.14 , -55.3 , 75 , 17.50 , 1.105 , 0.032 , 15.37 , 219.34
1332 , 7340 , 345.06 , -55.8 , 74 , 17.52 , 1.086 , 0.031 , 15.45 , 219.26
1342 , 7398 , 341.92 , -56.2 , 71 , 17.44 , 1.085 , 0.032 , 15.53 , 219.18
1351 , 7454 , 338.94 , -56.7 , 72 , 17.34 , 1.068 , 0.032 , 15.60 , 219.11
1361 , 7502 , 336.37 , -57.1 , 73 , 17.30 , 1.071 , 0.032 , 15.66 , 219.05
1371 , 7555 , 333.58 , -57.4 , 75 , 17.36 , 1.064 , 0.032 , 15.73 , 218.98
1381 , 7613 , 330.54 , -57.6 , 76 , 17.35 , 1.041 , 0.031 , 15.81 , 218.90
1391 , 7668 , 327.65 , -57.9 , 76 , 17.37 , 1.030 , 0.031 , 15.88 , 218.83
1401 , 7723 , 324.79 , -58.3 , 74 , 17.33 , 1.008 , 0.031 , 15.95 , 218.76
1411 , 7776 , 322.09 , -58.4 , 73 , 17.33 , 0.986 , 0.031 , 16.02 , 218.69
1421 , 7831 , 319.25 , -58.8 , 71 , 17.39 , 0.955 , 0.030 , 16.09 , 218.62
1431 , 7882 , 316.68 , -59.1 , 70 , 17.40 , 0.936 , 0.030 , 16.15 , 218.56
1441 , 7937 , 313.89 , -59.6 , 69 , 17.36 , 0.912 , 0.029 , 16.21 , 218.50
1451 , 7987 , 311.42 , -60.0 , 69 , 17.34 , 0.898 , 0.029 , 16.27 , 218.44
1461 , 8037 , 308.90 , -60.3 , 68 , 17.35 , 0.891 , 0.029 , 16.33 , 218.39
1471 , 8090 , 306.30 , -60.4 , 68 , 17.39 , 0.887 , 0.029 , 16.38 , 218.33
1481 , 8154 , 303.16 , -60.9 , 68 , 17.35 , 0.879 , 0.029 , 16.46 , 218.25
1491 , 8208 , 300.55 , -61.3 , 69 , 17.31 , 0.869 , 0.029 , 16.52 , 218.19
1500 , 8264 , 297.84 , -61.7 , 69 , 17.27 , 0.858 , 0.029 , 16.58 , 218.13
1510 , 8314 , 295.46 , -61.9 , 69 , 17.31 , 0.850 , 0.029 , 16.63 , 218.08
1520 , 8366 , 292.95 , -62.1 , 68 , 17.39 , 0.852 , 0.029 , 16.69 , 218.02
1530 , 8427 , 290.07 , -62.4 , 68 , 17.40 , 0.833 , 0.029 , 16.75 , 217.96
1539 , 8476 , 287.80 , -62.8 , 67 , 17.38 , 0.808 , 0.028 , 16.81 , 217.90
1549 , 8519 , 285.79 , -63.0 , 67 , 17.43 , 0.794 , 0.028 , 16.85 , 217.86
1559 , 8576 , 283.15 , -63.3 , 66 , 17.45 , 0.786 , 0.028 , 16.91 , 217.80
1569 , 8628 , 280.74 , -63.7 , 66 , 17.38 , 0.774 , 0.028 , 16.96 , 217.75
1579 , 8692 , 277.84 , -64.2 , 66 , 17.35 , 0.768 , 0.028 , 17.02 , 217.69
1589 , 8741 , 275.61 , -64.3 , 68 , 17.35 , 0.817 , 0.030 , 17.07 , 217.64
1599 , 8787 , 273.54 , -64.4 , 69 , 17.40 , 0.867 , 0.032 , 17.12 , 217.59
1609 , 8840 , 271.21 , -64.6 , 70 , 17.45 , 0.925 , 0.034 , 17.18 , 217.53
1619 , 8895 , 268.75 , -64.8 , 71 , 17.42 , 1.006 , 0.037 , 17.25 , 217.46
1629 , 8953 , 266.22 , -65.0 , 72 , 17.38 , 1.080 , 0.041 , 17.33 , 217.38
1639 , 8999 , 264.20 , -65.1 , 72 , 17.34 , 1.134 , 0.043 , 17.40 , 217.31
1649 , 9044 , 262.24 , -65.1 , 71 , 17.31 , 1.244 , 0.047 , 17.47 , 217.24
1659 , 9091 , 260.25 , -65.2 , 68 , 17.29 , 1.443 , 0.055 , 17.55 , 217.16
1669 , 9133 , 258.43 , -65.5 , 66 , 17.31 , 1.665 , 0.064 , 17.63 , 217.08
1679 , 9174 , 256.72 , -65.7 , 64 , 17.34 , 1.876 , 0.073 , 17.73 , 216.98
1689 , 9213 , 255.09 , -65.2 , 61 , 17.32 , 2.112 , 0.083 , 17.83 , 216.88
1699 , 9255 , 253.32 , -64.5 , 58 , 17.30 , 2.373 , 0.094 , 17.95 , 216.76
1709 , 9317 , 250.76 , -64.2 , 54 , 17.23 , 2.614 , 0.104 , 18.15 , 216.56
1719 , 9359 , 249.03 , -64.5 , 51 , 17.18 , 2.810 , 0.113 , 18.30 , 216.41
1729 , 9397 , 247.50 , -64.6 , 49 , 17.18 , 2.988 , 0.121 , 18.44 , 216.27
1739 , 9435 , 245.96 , -64.7 , 47 , 17.19 , 3.190 , 0.130 , 18.59 , 216.12
1749 , 9474 , 244.41 , -64.9 , 45 , 17.18 , 3.359 , 0.137 , 18.76 , 215.95
1759 , 9516 , 242.73 , -64.8 , 43 , 17.16 , 3.500 , 0.144 , 18.94 , 215.77
1769 , 9556 , 241.13 , -64.5 , 41 , 17.14 , 3.648 , 0.151 , 19.13 , 215.58
1779 , 9597 , 239.53 , -64.3 , 40 , 17.12 , 3.740 , 0.156 , 19.32 , 215.39
1789 , 9639 , 237.90 , -63.8 , 38 , 17.13 , 3.828 , 0.161 , 19.53 , 215.18
1798 , 9679 , 236.35 , -63.7 , 36 , 17.12 , 3.860 , 0.163 , 19.73 , 214.98
1808 , 9720 , 234.75 , -63.3 , 35 , 17.12 , 3.870 , 0.165 , 19.93 , 214.78
1818 , 9772 , 232.77 , -63.0 , 33 , 17.07 , 3.866 , 0.166 , 20.19 , 214.52
1828 , 9827 , 230.71 , -62.9 , 31 , 17.00 , 3.856 , 0.167 , 20.46 , 214.25
1838 , 9881 , 228.71 , -63.0 , 30 , 16.94 , 3.832 , 0.168 , 20.73 , 213.98
1848 , 9922 , 227.16 , -63.2 , 28 , 16.90 , 3.916 , 0.172 , 20.93 , 213.78
1858 , 9960 , 225.76 , -63.2 , 27 , 16.91 , 4.111 , 0.182 , 21.13 , 213.58
1868 , 10000 , 224.32 , -63.0 , 25 , 16.93 , 4.222 , 0.188 , 21.34 , 213.37
1878 , 10041 , 222.82 , -62.6 , 23 , 16.92 , 4.339 , 0.195 , 21.57 , 213.14
1888 , 10082 , 221.35 , -62.7 , 21 , 16.91 , 4.456 , 0.201 , 21.80 , 212.91
1898 , 10124 , 219.84 , -63.0 , 19 , 16.86 , 4.490 , 0.204 , 22.04 , 212.67
1908 , 10169 , 218.22 , -63.0 , 17 , 16.81 , 4.556 , 0.209 , 22.30 , 212.41
1918 , 10223 , 216.33 , -63.3 , 16 , 16.77 , 4.605 , 0.213 , 22.62 , 212.09
1928 , 10281 , 214.30 , -63.9 , 15 , 16.73 , 4.568 , 0.213 , 22.96 , 211.75
1938 , 10327 , 212.69 , -64.1 , 14 , 16.66 , 4.574 , 0.215 , 23.23 , 211.48
1948 , 10370 , 211.20 , -64.1 , 13 , 16.64 , 4.567 , 0.216 , 23.48 , 211.23
1958 , 10412 , 209.75 , -64.1 , 12 , 16.61 , 4.573 , 0.218 , 23.73 , 210.98
1968 , 10453 , 208.34 , -64.2 , 12 , 16.58 , 4.607 , 0.221 , 23.98 , 210.73
1978 , 10494 , 206.97 , -64.0 , 11 , 16.57 , 4.626 , 0.224 , 24.22 , 210.49
1988 , 10535 , 205.57 , -64.0 , 10 , 16.57 , 4.596 , 0.224 , 24.46 , 210.25
1998 , 10578 , 204.14 , -63.9 , 10 , 16.55 , 4.586 , 0.225 , 24.72 , 209.99
2008 , 10619 , 202.78 , -63.1 , 9 , 16.54 , 4.677 , 0.231 , 24.96 , 209.75
2018 , 10659 , 201.48 , -62.2 , 9 , 16.48 , 4.750 , 0.236 , 25.20 , 209.51
2028 , 10697 , 200.23 , -61.9 , 8 , 16.41 , 4.817 , 0.241 , 25.43 , 209.28
2038 , 10735 , 199.01 , -61.9 , 8 , 16.37 , 4.868 , 0.245 , 25.67 , 209.04
2048 , 10776 , 197.68 , -62.0 , 7 , 16.34 , 4.968 , 0.251 , 25.93 , 208.78
2058 , 10822 , 196.23 , -62.0 , 7 , 16.32 , 5.101 , 0.260 , 26.22 , 208.49
2068 , 10874 , 194.60 , -62.1 , 6 , 16.28 , 5.137 , 0.264 , 26.56 , 208.15
2077 , 10912 , 193.39 , -62.3 , 6 , 16.24 , 5.234 , 0.271 , 26.81 , 207.90
2087 , 10952 , 192.15 , -62.6 , 6 , 16.22 , 5.259 , 0.274 , 27.08 , 207.63
2097 , 11006 , 190.45 , -62.8 , 6 , 16.20 , 5.259 , 0.276 , 27.45 , 207.26
2107 , 11052 , 189.05 , -63.1 , 5 , 16.14 , 5.258 , 0.278 , 27.76 , 206.95
2116 , 11091 , 187.85 , -63.3 , 5 , 16.09 , 5.264 , 0.280 , 28.02 , 206.69
2126 , 11130 , 186.66 , -63.2 , 5 , 16.05 , 5.310 , 0.284 , 28.28 , 206.43
2136 , 11170 , 185.44 , -63.2 , 5 , 16.02 , 5.402 , 0.291 , 28.56 , 206.15
2146 , 11212 , 184.17 , -63.2 , 5 , 15.99 , 5.483 , 0.298 , 28.86 , 205.85
2156 , 11256 , 182.86 , -63.2 , 5 , 15.94 , 5.524 , 0.302 , 29.17 , 205.54
2166 , 11300 , 181.57 , -63.6 , 5 , 15.91 , 5.565 , 0.307 , 29.48 , 205.23
2176 , 11343 , 180.31 , -63.6 , 5 , 15.86 , 5.606 , 0.311 , 29.78 , 204.93
2186 , 11383 , 179.13 , -63.4 , 5 , 15.84 , 5.579 , 0.311 , 30.07 , 204.64
2196 , 11424 , 177.95 , -63.4 , 4 , 15.85 , 5.666 , 0.318 , 30.37 , 204.34
2206 , 11465 , 176.75 , -63.3 , 4 , 15.83 , 5.741 , 0.325 , 30.67 , 204.04
2216 , 11507 , 175.53 , -63.2 , 4 , 15.80 , 5.748 , 0.327 , 30.98 , 203.73
2225 , 11547 , 174.40 , -63.4 , 4 , 15.74 , 5.767 , 0.331 , 31.28 , 203.43
2235 , 11587 , 173.27 , -63.8 , 4 , 15.69 , 5.798 , 0.335 , 31.58 , 203.13
2245 , 11626 , 172.18 , -64.0 , 4 , 15.66 , 5.758 , 0.334 , 31.86 , 202.85
2255 , 11664 , 171.12 , -64.0 , 4 , 15.63 , 5.726 , 0.335 , 32.14 , 202.57
2265 , 11701 , 170.07 , -63.7 , 4 , 15.60 , 5.758 , 0.339 , 32.42 , 202.29
2275 , 11739 , 169.03 , -63.7 , 4 , 15.59 , 5.752 , 0.340 , 32.70 , 202.01
2285 , 11780 , 167.90 , -63.8 , 4 , 15.55 , 5.849 , 0.348 , 33.01 , 201.70
2295 , 11824 , 166.71 , -64.0 , 4 , 15.49 , 5.883 , 0.353 , 33.34 , 201.37
2305 , 11863 , 165.65 , -64.1 , 4 , 15.44 , 5.921 , 0.357 , 33.63 , 201.08
2315 , 11902 , 164.58 , -64.2 , 4 , 15.41 , 5.972 , 0.363 , 33.94 , 200.77
2325 , 11942 , 163.51 , -64.3 , 4 , 15.38 , 5.935 , 0.363 , 34.25 , 200.46
2335 , 11986 , 162.33 , -64.4 , 4 , 15.33 , 5.972 , 0.368 , 34.58 , 200.13
2345 , 12032 , 161.12 , -64.6 , 4 , 15.29 , 5.996 , 0.372 , 34.94 , 199.77
2355 , 12075 , 159.99 , -64.7 , 4 , 15.27 , 6.002 , 0.375 , 35.27 , 199.44
2365 , 12117 , 158.89 , -64.8 , 4 , 15.25 , 6.023 , 0.379 , 35.60 , 199.11
2375 , 12161 , 157.76 , -65.0 , 4 , 15.20 , 6.046 , 0.383 , 35.94 , 198.77
2385 , 12203 , 156.67 , -65.2 , 4 , 15.12 , 6.143 , 0.392 , 36.27 , 198.44
2395 , 12245 , 155.59 , -65.3 , 4 , 15.04 , 6.307 , 0.405 , 36.61 , 198.10
2404 , 12285 , 154.58 , -65.5 , 4 , 15.00 , 6.383 , 0.413 , 36.94 , 197.77
2413 , 12323 , 153.60 , -65.5 , 4 , 14.98 , 6.434 , 0.419 , 37.26 , 197.45
2423 , 12365 , 152.56 , -65.5 , 4 , 14.98 , 6.563 , 0.430 , 37.61 , 197.10
2433 , 12408 , 151.46 , -65.6 , 4 , 14.93 , 6.612 , 0.437 , 37.98 , 196.73
2443 , 12451 , 150.40 , -65.8 , 4 , 14.87 , 6.689 , 0.445 , 38.35 , 196.36
2453 , 12494 , 149.35 , -65.8 , 4 , 14.84 , 6.736 , 0.451 , 38.72 , 195.99
2463 , 12538 , 148.27 , -65.9 , 4 , 14.80 , 6.657 , 0.449 , 39.11 , 195.60
2473 , 12582 , 147.19 , -66.2 , 4 , 14.75 , 6.636 , 0.451 , 39.49 , 195.22
2483 , 12628 , 146.09 , -66.1 , 4 , 14.72 , 6.686 , 0.458 , 39.89 , 194.82
2493 , 12670 , 145.08 , -66.2 , 4 , 14.68 , 6.722 , 0.463 , 40.25 , 194.46
2503 , 12711 , 144.08 , -66.3 , 4 , 14.64 , 6.768 , 0.470 , 40.62 , 194.09
2513 , 12751 , 143.15 , -66.3 , 4 , 14.61 , 6.941 , 0.485 , 40.97 , 193.74
2523 , 12790 , 142.21 , -66.6 , 4 , 14.59 , 6.951 , 0.489 , 41.33 , 193.38
2533 , 12828 , 141.33 , -66.5 , 4 , 14.55 , 7.047 , 0.499 , 41.67 , 193.04
2543 , 12866 , 140.46 , -66.2 , 4 , 14.50 , 7.347 , 0.523 , 42.03 , 192.68
2553 , 12902 , 139.61 , -66.2 , 4 , 14.48 , 7.607 , 0.545 , 42.38 , 192.33
2563 , 12938 , 138.78 , -66.3 , 4 , 14.43 , 7.786 , 0.561 , 42.75 , 191.96
2573 , 12976 , 137.92 , -66.6 , 4 , 14.40 , 7.973 , 0.578 , 43.13 , 191.58
2583 , 13013 , 137.07 , -66.8 , 4 , 14.34 , 8.080 , 0.589 , 43.52 , 191.19
2593 , 13052 , 136.20 , -66.9 , 5 , 14.29 , 8.129 , 0.597 , 43.93 , 190.78
2603 , 13091 , 135.32 , -67.1 , 5 , 14.28 , 8.168 , 0.604 , 44.35 , 190.36
2613 , 13129 , 134.45 , -67.3 , 5 , 14.27 , 8.261 , 0.614 , 44.76 , 189.95
2623 , 13167 , 133.62 , -67.5 , 5 , 14.24 , 8.312 , 0.622 , 45.17 , 189.54
2633 , 13207 , 132.74 , -67.7 , 5 , 14.19 , 8.369 , 0.630 , 45.61 , 189.10
2642 , 13243 , 131.94 , -67.7 , 5 , 14.14 , 8.529 , 0.646 , 46.01 , 188.70
2652 , 13282 , 131.09 , -67.7 , 5 , 14.12 , 8.636 , 0.659 , 46.45 , 188.26
2662 , 13320 , 130.26 , -67.7 , 5 , 14.08 , 8.795 , 0.675 , 46.88 , 187.83
2672 , 13358 , 129.43 , -67.3 , 5 , 14.02 , 9.191 , 0.710 , 47.34 , 187.38
2682 , 13398 , 128.58 , -67.1 , 5 , 13.98 , 9.608 , 0.747 , 47.83 , 186.88
2692 , 13439 , 127.71 , -67.3 , 5 , 13.95 , 9.929 , 0.777 , 48.35 , 186.36
2702 , 13482 , 126.81 , -67.6 , 5 , 13.92 , 9.879 , 0.779 , 48.90 , 185.81
2712 , 13524 , 125.92 , -67.8 , 5 , 13.89 , 9.947 , 0.790 , 49.46 , 185.25
2722 , 13567 , 125.02 , -67.9 , 5 , 13.82 , 9.972 , 0.798 , 50.02 , 184.69
2731 , 13607 , 124.19 , -67.7 , 5 , 13.76 , 10.013 , 0.806 , 50.54 , 184.17
2741 , 13647 , 123.37 , -67.7 , 5 , 13.71 , 10.223 , 0.829 , 51.07 , 183.64
2751 , 13688 , 122.53 , -67.7 , 5 , 13.69 , 10.500 , 0.857 , 51.63 , 183.08
2761 , 13732 , 121.63 , -67.9 , 5 , 13.63 , 10.579 , 0.870 , 52.24 , 182.47
2771 , 13776 , 120.75 , -67.9 , 5 , 13.58 , 10.761 , 0.891 , 52.86 , 181.85
2781 , 13823 , 119.82 , -68.2 , 5 , 13.55 , 10.936 , 0.913 , 53.52 , 181.19
2790 , 13867 , 118.93 , -68.5 , 5 , 13.48 , 10.896 , 0.916 , 54.16 , 180.55
2800 , 13912 , 118.05 , -68.8 , 5 , 13.42 , 10.879 , 0.922 , 54.80 , 179.91
2810 , 13959 , 117.11 , -68.9 , 5 , 13.39 , 10.906 , 0.931 , 55.48 , 179.23
2820 , 14007 , 116.19 , -68.8 , 5 , 13.34 , 10.983 , 0.945 , 56.17 , 178.54
2830 , 14055 , 115.26 , -69.0 , 5 , 13.30 , 11.144 , 0.967 , 56.87 , 177.84
2840 , 14106 , 114.28 , -69.4 , 5 , 13.26 , 11.270 , 0.986 , 57.62 , 177.09
2850 , 14152 , 113.39 , -69.8 , 6 , 13.20 , 11.232 , 0.991 , 58.32 , 176.39
2860 , 14199 , 112.51 , -70.1 , 6 , 13.16 , 11.244 , 0.999 , 59.01 , 175.70
2870 , 14245 , 111.64 , -70.1 , 6 , 13.12 , 11.179 , 1.001 , 59.70 , 175.01
2880 , 14292 , 110.76 , -69.8 , 6 , 13.08 , 11.040 , 0.997 , 60.39 , 174.33
2890 , 14339 , 109.88 , -70.1 , 6 , 13.02 , 10.921 , 0.994 , 61.08 , 173.63
2900 , 14385 , 109.03 , -70.4 , 6 , 12.98 , 10.804 , 0.991 , 61.75 , 172.96
2910 , 14432 , 108.18 , -70.7 , 6 , 12.94 , 10.657 , 0.985 , 62.41 , 172.30
2920 , 14475 , 107.40 , -70.5 , 6 , 12.92 , 10.464 , 0.974 , 63.01 , 171.70
2930 , 14516 , 106.65 , -69.9 , 6 , 12.90 , 10.006 , 0.938 , 63.58 , 171.13
2940 , 14561 , 105.85 , -69.8 , 6 , 12.88 , 9.527 , 0.900 , 64.16 , 170.55
2950 , 14604 , 105.10 , -69.8 , 6 , 12.82 , 9.240 , 0.879 , 64.69 , 170.02
2960 , 14650 , 104.29 , -69.8 , 6 , 12.77 , 9.147 , 0.877 , 65.25 , 169.46
2970 , 14695 , 103.49 , -69.9 , 6 , 12.75 , 9.277 , 0.896 , 65.80 , 168.91
2980 , 14740 , 102.71 , -70.1 , 6 , 12.71 , 9.419 , 0.917 , 66.36 , 168.35
2990 , 14785 , 101.94 , -70.3 , 6 , 12.66 , 9.655 , 0.947 , 66.93 , 167.78
3000 , 14831 , 101.15 , -70.5 , 6 , 12.63 , 9.882 , 0.977 , 67.53 , 167.18
3010 , 14878 , 100.35 , -70.7 , 6 , 12.59 , 10.122 , 1.009 , 68.15 , 166.56
3020 , 14925 , 99.56 , -71.0 , 6 , 12.55 , 10.264 , 1.031 , 68.79 , 165.92
3030 , 14971 , 98.79 , -71.3 , 6 , 12.50 , 10.404 , 1.053 , 69.42 , 165.29
3039 , 15014 , 98.07 , -71.4 , 6 , 12.44 , 10.547 , 1.075 , 70.03 , 164.68
3049 , 15058 , 97.34 , -71.4 , 6 , 12.38 , 10.952 , 1.125 , 70.66 , 164.05
3059 , 15105 , 96.58 , -71.7 , 6 , 12.33 , 11.416 , 1.182 , 71.36 , 163.35
3069 , 15152 , 95.80 , -72.1 , 7 , 12.27 , 11.733 , 1.225 , 72.10 , 162.61
3079 , 15200 , 95.03 , -72.3 , 7 , 12.22 , 11.864 , 1.248 , 72.84 , 161.87
3089 , 15248 , 94.25 , -72.7 , 7 , 12.19 , 12.081 , 1.282 , 73.63 , 161.08
3099 , 15298 , 93.45 , -73.1 , 7 , 12.16 , 12.154 , 1.301 , 74.45 , 160.26
3109 , 15347 , 92.67 , -73.4 , 7 , 12.13 , 12.182 , 1.315 , 75.25 , 159.46
3119 , 15395 , 91.91 , -73.6 , 7 , 12.10 , 12.294 , 1.338 , 76.04 , 158.67
3129 , 15444 , 91.15 , -73.8 , 7 , 12.06 , 12.357 , 1.356 , 76.85 , 157.86
3139 , 15491 , 90.42 , -73.6 , 7 , 12.01 , 12.571 , 1.390 , 77.64 , 157.07
3149 , 15541 , 89.65 , -73.8 , 8 , 11.95 , 12.995 , 1.450 , 78.51 , 156.20
3159 , 15592 , 88.87 , -74.1 , 8 , 11.91 , 13.312 , 1.498 , 79.41 , 155.30
3169 , 15640 , 88.14 , -74.2 , 8 , 11.88 , 13.627 , 1.546 , 80.29 , 154.42
3179 , 15689 , 87.40 , -74.2 , 8 , 11.83 , 14.055 , 1.608 , 81.21 , 153.50
3189 , 15738 , 86.67 , -74.5 , 8 , 11.77 , 14.288 , 1.648 , 82.15 , 152.56
3199 , 15784 , 85.98 , -74.7 , 8 , 11.71 , 14.574 , 1.695 , 83.06 , 151.65
3209 , 15831 , 85.29 , -74.9 , 8 , 11.67 , 14.839 , 1.740 , 83.99 , 150.72
3219 , 15876 , 84.64 , -74.8 , 8 , 11.63 , 14.888 , 1.759 , 84.89 , 149.82
3229 , 15918 , 84.02 , -74.7 , 9 , 11.58 , 15.186 , 1.807 , 85.76 , 148.95
3239 , 15962 , 83.39 , -74.7 , 9 , 11.54 , 15.441 , 1.852 , 86.67 , 148.04
3249 , 16007 , 82.74 , -74.9 , 9 , 11.49 , 15.600 , 1.885 , 87.62 , 147.09
3259 , 16052 , 82.10 , -75.2 , 9 , 11.43 , 15.764 , 1.920 , 88.59 , 146.12
3269 , 16093 , 81.52 , -75.4 , 9 , 11.39 , 15.862 , 1.946 , 89.48 , 145.23
3279 , 16134 , 80.95 , -75.7 , 9 , 11.33 , 15.860 , 1.959 , 90.35 , 144.36
3288 , 16173 , 80.40 , -76.0 , 9 , 11.29 , 15.881 , 1.975 , 91.21 , 143.50
3298 , 16212 , 79.86 , -75.9 , 9 , 11.24 , 15.889 , 1.990 , 92.06 , 142.65
3308 , 16253 , 79.29 , -75.4 , 10 , 11.19 , 15.974 , 2.015 , 92.95 , 141.76
3318 , 16295 , 78.72 , -75.4 , 10 , 11.15 , 15.929 , 2.023 , 93.86 , 140.85
3328 , 16337 , 78.15 , -75.6 , 10 , 11.12 , 16.008 , 2.048 , 94.78 , 139.94
3338 , 16378 , 77.60 , -75.6 , 10 , 11.09 , 15.835 , 2.041 , 95.67 , 139.04
3348 , 16420 , 77.04 , -75.9 , 10 , 11.04 , 15.702 , 2.038 , 96.56 , 138.15
3357 , 16458 , 76.54 , -76.1 , 10 , 10.99 , 15.513 , 2.027 , 97.38 , 137.34
3367 , 16496 , 76.03 , -75.8 , 10 , 10.94 , 15.398 , 2.025 , 98.19 , 136.52
3377 , 16541 , 75.44 , -76.0 , 10 , 10.88 , 15.377 , 2.038 , 99.13 , 135.58
3387 , 16585 , 74.87 , -76.0 , 10 , 10.84 , 15.384 , 2.055 , 100.06 , 134.65
3397 , 16629 , 74.30 , -76.0 , 10 , 10.80 , 15.399 , 2.073 , 100.98 , 133.73
3407 , 16672 , 73.75 , -76.2 , 11 , 10.76 , 15.483 , 2.099 , 101.89 , 132.82
3417 , 16716 , 73.19 , -76.1 , 11 , 10.70 , 15.385 , 2.102 , 102.81 , 131.90
3427 , 16761 , 72.61 , -75.6 , 11 , 10.65 , 15.558 , 2.143 , 103.78 , 130.93
3436 , 16806 , 72.05 , -75.4 , 11 , 10.59 , 15.556 , 2.159 , 104.73 , 129.98
3446 , 16848 , 71.53 , -75.6 , 11 , 10.54 , 15.649 , 2.188 , 105.62 , 129.09
3456 , 16894 , 70.97 , -75.8 , 11 , 10.49 , 15.536 , 2.189 , 106.60 , 128.11
3466 , 16941 , 70.40 , -76.0 , 11 , 10.45 , 15.882 , 2.256 , 107.60 , 127.11
3476 , 16987 , 69.83 , -76.4 , 11 , 10.39 , 15.963 , 2.286 , 108.61 , 126.10
3486 , 17037 , 69.23 , -76.6 , 11 , 10.34 , 15.700 , 2.268 , 109.70 , 125.01
3496 , 17087 , 68.63 , -76.7 , 11 , 10.29 , 15.657 , 2.282 , 110.78 , 123.93
3506 , 17138 , 68.02 , -77.0 , 11 , 10.24 , 15.508 , 2.280 , 111.87 , 122.84
3516 , 17187 , 67.45 , -77.0 , 11 , 10.19 , 15.553 , 2.306 , 112.91 , 121.81
3526 , 17237 , 66.86 , -76.8 , 11 , 10.14 , 15.466 , 2.313 , 113.98 , 120.73
3536 , 17287 , 66.28 , -76.9 , 11 , 10.08 , 15.361 , 2.318 , 115.04 , 119.67
3546 , 17336 , 65.71 , -77.2 , 11 , 10.03 , 15.314 , 2.330 , 116.07 , 118.64
3556 , 17385 , 65.15 , -77.4 , 12 , 9.98 , 15.440 , 2.370 , 117.11 , 117.60
3566 , 17434 , 64.61 , -77.6 , 12 , 9.93 , 15.437 , 2.389 , 118.14 , 116.57
3576 , 17481 , 64.07 , -78.0 , 12 , 9.89 , 15.214 , 2.374 , 119.14 , 115.57
3586 , 17529 , 63.54 , -78.1 , 12 , 9.83 , 14.898 , 2.344 , 120.13 , 114.58
3596 , 17577 , 63.01 , -78.1 , 12 , 9.77 , 14.726 , 2.337 , 121.12 , 113.59
3606 , 17626 , 62.46 , -78.4 , 12 , 9.73 , 14.723 , 2.357 , 122.13 , 112.59
3616 , 17675 , 61.93 , -78.8 , 12 , 9.67 , 14.900 , 2.406 , 123.13 , 111.58
3626 , 17722 , 61.42 , -79.1 , 12 , 9.62 , 14.771 , 2.405 , 124.10 , 110.61
3636 , 17771 , 60.89 , -79.4 , 12 , 9.57 , 14.507 , 2.382 , 125.09 , 109.62
3646 , 17816 , 60.41 , -79.2 , 12 , 9.52 , 14.287 , 2.365 , 126.00 , 108.71
3656 , 17861 , 59.94 , -79.2 , 12 , 9.47 , 14.129 , 2.357 , 126.87 , 107.84
3665 , 17904 , 59.49 , -79.3 , 12 , 9.41 , 14.034 , 2.359 , 127.71 , 107.00
3674 , 17944 , 59.06 , -79.3 , 12 , 9.37 , 13.993 , 2.369 , 128.51 , 106.20
3684 , 17988 , 58.61 , -79.2 , 12 , 9.32 , 13.872 , 2.367 , 129.35 , 105.36
3694 , 18032 , 58.15 , -79.5 , 13 , 9.26 , 13.836 , 2.379 , 130.21 , 104.50
3704 , 18080 , 57.67 , -79.8 , 13 , 9.21 , 13.657 , 2.368 , 131.12 , 103.59
3714 , 18126 , 57.20 , -80.0 , 13 , 9.16 , 13.489 , 2.358 , 132.00 , 102.71
3724 , 18172 , 56.74 , -79.8 , 13 , 9.10 , 13.406 , 2.363 , 132.86 , 101.85
3734 , 18220 , 56.25 , -79.9 , 13 , 9.05 , 13.245 , 2.354 , 133.75 , 100.96
3744 , 18267 , 55.79 , -80.0 , 13 , 8.99 , 12.968 , 2.324 , 134.61 , 100.10
3754 , 18313 , 55.34 , -79.7 , 13 , 8.94 , 12.765 , 2.307 , 135.43 , 99.28
3764 , 18359 , 54.89 , -79.7 , 13 , 8.88 , 12.676 , 2.309 , 136.25 , 98.46
3774 , 18406 , 54.43 , -79.8 , 13 , 8.84 , 12.515 , 2.299 , 137.08 , 97.63
3784 , 18452 , 54.00 , -80.1 , 13 , 8.78 , 12.841 , 2.378 , 137.89 , 96.82
3794 , 18499 , 53.55 , -80.5 , 13 , 8.73 , 12.739 , 2.379 , 138.73 , 95.98
3804 , 18546 , 53.11 , -80.6 , 14 , 8.67 , 12.631 , 2.378 , 139.56 , 95.15
3813 , 18591 , 52.68 , -80.3 , 13 , 8.62 , 12.600 , 2.392 , 140.36 , 94.35
3823 , 18640 , 52.23 , -80.3 , 14 , 8.57 , 12.439 , 2.381 , 141.21 , 93.50
3833 , 18690 , 51.77 , -80.7 , 14 , 8.51 , 12.314 , 2.379 , 142.08 , 92.63
3843 , 18739 , 51.32 , -80.8 , 14 , 8.45 , 12.245 , 2.386 , 142.92 , 91.79
3853 , 18788 , 50.87 , -80.8 , 14 , 8.40 , 12.136 , 2.385 , 143.76 , 90.95
3863 , 18839 , 50.42 , -80.7 , 14 , 8.35 , 12.064 , 2.393 , 144.62 , 90.09
3873 , 18886 , 49.99 , -80.7 , 14 , 8.29 , 11.928 , 2.386 , 145.42 , 89.29
3883 , 18936 , 49.55 , -80.4 , 14 , 8.24 , 11.747 , 2.371 , 146.24 , 88.47
3893 , 18987 , 49.11 , -80.6 , 14 , 8.19 , 11.689 , 2.380 , 147.07 , 87.64
3903 , 19038 , 48.66 , -80.8 , 14 , 8.14 , 11.512 , 2.366 , 147.91 , 86.80
3913 , 19089 , 48.23 , -81.0 , 14 , 8.08 , 11.227 , 2.328 , 148.72 , 85.99
3923 , 19141 , 47.78 , -81.3 , 14 , 8.03 , 11.054 , 2.313 , 149.54 , 85.17
3933 , 19192 , 47.35 , -81.6 , 14 , 7.98 , 10.863 , 2.294 , 150.33 , 84.38
3943 , 19242 , 46.93 , -81.9 , 14 , 7.93 , 10.652 , 2.270 , 151.08 , 83.63
3953 , 19295 , 46.49 , -82.0 , 14 , 7.87 , 10.547 , 2.269 , 151.87 , 82.84
3963 , 19347 , 46.06 , -82.0 , 14 , 7.83 , 10.415 , 2.261 , 152.64 , 82.07
3973 , 19399 , 45.63 , -81.9 , 14 , 7.77 , 10.331 , 2.264 , 153.40 , 81.31
3983 , 19450 , 45.22 , -81.9 , 15 , 7.72 , 10.234 , 2.263 , 154.14 , 80.57
3992 , 19498 , 44.83 , -82.1 , 15 , 7.67 , 10.110 , 2.255 , 154.84 , 79.88
4001 , 19543 , 44.47 , -82.4 , 15 , 7.62 , 10.043 , 2.258 , 155.47 , 79.24
4011 , 19591 , 44.09 , -82.5 , 15 , 7.57 , 9.998 , 2.267 , 156.14 , 78.57
4021 , 19640 , 43.71 , -82.3 , 15 , 7.52 , 9.939 , 2.274 , 156.83 , 77.88
4031 , 19686 , 43.35 , -82.4 , 15 , 7.46 , 9.883 , 2.280 , 157.49 , 77.22
4041 , 19734 , 42.98 , -82.5 , 15 , 7.41 , 9.828 , 2.287 , 158.15 , 76.56
4051 , 19781 , 42.61 , -82.5 , 15 , 7.36 , 9.844 , 2.310 , 158.81 , 75.90
4061 , 19829 , 42.25 , -82.6 , 15 , 7.31 , 9.840 , 2.329 , 159.48 , 75.23
4071 , 19876 , 41.90 , -82.8 , 15 , 7.26 , 9.829 , 2.346 , 160.13 , 74.58
4081 , 19923 , 41.54 , -82.8 , 15 , 7.21 , 9.772 , 2.352 , 160.79 , 73.92
4091 , 19969 , 41.20 , -82.8 , 15 , 7.16 , 9.721 , 2.359 , 161.42 , 73.29
4101 , 20014 , 40.87 , -82.7 , 15 , 7.11 , 9.617 , 2.353 , 162.04 , 72.67
4111 , 20061 , 40.52 , -82.8 , 15 , 7.06 , 9.462 , 2.335 , 162.67 , 72.04
4121 , 20106 , 40.20 , -82.5 , 15 , 7.02 , 9.248 , 2.300 , 163.26 , 71.45
4131 , 20153 , 39.87 , -82.2 , 15 , 6.97 , 9.032 , 2.266 , 163.87 , 70.84
4141 , 20200 , 39.53 , -82.1 , 15 , 6.92 , 8.789 , 2.223 , 164.46 , 70.25
4151 , 20248 , 39.19 , -82.0 , 16 , 6.87 , 8.553 , 2.182 , 165.05 , 69.66
4161 , 20294 , 38.87 , -81.6 , 16 , 6.83 , 8.322 , 2.141 , 165.59 , 69.12
4171 , 20340 , 38.56 , -81.5 , 16 , 6.78 , 8.076 , 2.095 , 166.13 , 68.58
4181 , 20387 , 38.23 , -81.6 , 16 , 6.74 , 7.918 , 2.071 , 166.66 , 68.05
4191 , 20434 , 37.92 , -81.7 , 16 , 6.70 , 7.782 , 2.052 , 167.17 , 67.54
4201 , 20480 , 37.60 , -81.8 , 16 , 6.66 , 7.667 , 2.039 , 167.68 , 67.03
4211 , 20529 , 37.28 , -81.3 , 16 , 6.61 , 7.548 , 2.025 , 168.20 , 66.51
4221 , 20578 , 36.95 , -81.3 , 16 , 6.57 , 7.416 , 2.007 , 168.72 , 65.99
4230 , 20624 , 36.65 , -81.6 , 16 , 6.53 , 7.351 , 2.006 , 169.19 , 65.52
4240 , 20669 , 36.36 , -81.8 , 16 , 6.49 , 7.298 , 2.007 , 169.66 , 65.05
4250 , 20716 , 36.06 , -81.9 , 16 , 6.46 , 7.230 , 2.005 , 170.14 , 64.57
4260 , 20762 , 35.76 , -81.6 , 16 , 6.41 , 7.171 , 2.005 , 170.60 , 64.11
4270 , 20807 , 35.47 , -81.5 , 16 , 6.37 , 7.100 , 2.002 , 171.06 , 63.65
4280 , 20854 , 35.18 , -81.6 , 16 , 6.33 , 7.076 , 2.011 , 171.52 , 63.19
4290 , 20899 , 34.90 , -81.7 , 16 , 6.29 , 7.022 , 2.012 , 171.97 , 62.74
4300 , 20944 , 34.62 , -81.7 , 16 , 6.25 , 7.032 , 2.031 , 172.41 , 62.30
4309 , 20987 , 34.35 , -81.6 , 16 , 6.21 , 7.030 , 2.046 , 172.85 , 61.86
4319 , 21030 , 34.09 , -81.9 , 16 , 6.17 , 7.026 , 2.061 , 173.27 , 61.44
4329 , 21076 , 33.81 , -82.2 , 16 , 6.13 , 7.026 , 2.078 , 173.73 , 60.98
4339 , 21123 , 33.53 , -82.3 , 16 , 6.09 , 7.015 , 2.092 , 174.20 , 60.51
4349 , 21172 , 33.24 , -82.2 , 16 , 6.05 , 7.015 , 2.110 , 174.67 , 60.04
4359 , 21221 , 32.95 , -82.0 , 16 , 6.00 , 7.017 , 2.130 , 175.16 , 59.55
4369 , 21270 , 32.66 , -81.9 , 16 , 5.96 , 7.052 , 2.159 , 175.65 , 59.06
4378 , 21315 , 32.40 , -82.0 , 16 , 5.92 , 7.182 , 2.217 , 176.10 , 58.61
4388 , 21366 , 32.10 , -82.0 , 16 , 5.88 , 7.241 , 2.256 , 176.62 , 58.09
4398 , 21414 , 31.83 , -81.9 , 16 , 5.84 , 7.341 , 2.306 , 177.11 , 57.60
4408 , 21467 , 31.53 , -82.2 , 16 , 5.79 , 7.393 , 2.345 , 177.66 , 57.05
4418 , 21519 , 31.24 , -82.4 , 16 , 5.75 , 7.351 , 2.353 , 178.20 , 56.51
4428 , 21572 , 30.94 , -82.7 , 16 , 5.70 , 7.347 , 2.375 , 178.76 , 55.95
4438 , 21625 , 30.65 , -83.1 , 16 , 5.66 , 7.294 , 2.380 , 179.31 , 55.40
4448 , 21679 , 30.35 , -83.5 , 16 , 5.62 , 7.242 , 2.386 , 179.86 , 54.85
4458 , 21731 , 30.07 , -83.8 , 16 , 5.57 , 7.149 , 2.378 , 180.39 , 54.32
4468 , 21778 , 29.81 , -84.0 , 16 , 5.53 , 7.060 , 2.368 , 180.88 , 53.84
4478 , 21827 , 29.55 , -83.6 , 16 , 5.48 , 6.956 , 2.354 , 181.36 , 53.35
4487 , 21872 , 29.31 , -83.6 , 16 , 5.44 , 6.795 , 2.318 , 181.80 , 52.91
4498 , 21920 , 29.06 , -83.5 , 16 , 5.39 , 6.675 , 2.297 , 182.26 , 52.45
4508 , 21967 , 28.82 , -83.2 , 16 , 5.34 , 6.521 , 2.263 , 182.70 , 52.01
4518 , 22012 , 28.59 , -83.1 , 16 , 5.30 , 6.337 , 2.217 , 183.11 , 51.60
4528 , 22058 , 28.35 , -83.1 , 16 , 5.26 , 6.199 , 2.187 , 183.52 , 51.19
4538 , 22103 , 28.12 , -83.1 , 16 , 5.21 , 6.118 , 2.176 , 183.92 , 50.79
4548 , 22148 , 27.90 , -83.3 , 16 , 5.17 , 6.037 , 2.164 , 184.30 , 50.41
4558 , 22192 , 27.67 , -83.4 , 16 , 5.12 , 5.973 , 2.158 , 184.68 , 50.03
4568 , 22237 , 27.45 , -83.5 , 16 , 5.08 , 5.919 , 2.156 , 185.06 , 49.65
4578 , 22280 , 27.24 , -83.6 , 16 , 5.04 , 5.882 , 2.160 , 185.42 , 49.29
4588 , 22325 , 27.02 , -83.7 , 16 , 5.00 , 5.873 , 2.174 , 185.80 , 48.91
4598 , 22371 , 26.79 , -83.8 , 16 , 4.95 , 5.848 , 2.183 , 186.18 , 48.53
4607 , 22415 , 26.58 , -84.0 , 16 , 4.91 , 5.788 , 2.177 , 186.54 , 48.17
4616 , 22455 , 26.39 , -84.1 , 16 , 4.87 , 5.731 , 2.172 , 186.87 , 47.84
4625 , 22496 , 26.20 , -84.0 , 16 , 4.83 , 5.666 , 2.163 , 187.20 , 47.51
4635 , 22536 , 26.01 , -84.1 , 16 , 4.78 , 5.624 , 2.163 , 187.53 , 47.18
4645 , 22586 , 25.77 , -84.1 , 16 , 4.74 , 5.573 , 2.162 , 187.92 , 46.79
4655 , 22634 , 25.55 , -84.3 , 16 , 4.70 , 5.498 , 2.152 , 188.31 , 46.40
4665 , 22682 , 25.33 , -84.3 , 16 , 4.65 , 5.436 , 2.146 , 188.68 , 46.03
4675 , 22727 , 25.12 , -84.1 , 16 , 4.60 , 5.364 , 2.135 , 189.03 , 45.68
4685 , 22770 , 24.93 , -83.9 , 16 , 4.55 , 5.317 , 2.133 , 189.35 , 45.36
4695 , 22816 , 24.73 , -83.9 , 16 , 4.50 , 5.251 , 2.124 , 189.70 , 45.01
4705 , 22862 , 24.52 , -83.6 , 16 , 4.46 , 5.180 , 2.112 , 190.04 , 44.67
4715 , 22908 , 24.32 , -83.6 , 16 , 4.41 , 5.115 , 2.103 , 190.38 , 44.33
4725 , 22956 , 24.11 , -83.7 , 16 , 4.36 , 5.074 , 2.105 , 190.72 , 43.99
4735 , 23005 , 23.90 , -83.9 , 16 , 4.31 , 5.028 , 2.104 , 191.08 , 43.63
4745 , 23057 , 23.67 , -83.9 , 16 , 4.26 , 4.954 , 2.093 , 191.45 , 43.26
4755 , 23111 , 23.44 , -83.9 , 16 , 4.20 , 4.967 , 2.119 , 191.83 , 42.88
4765 , 23162 , 23.23 , -83.7 , 16 , 4.15 , 4.928 , 2.122 , 192.19 , 42.52
4775 , 23215 , 23.01 , -83.8 , 16 , 4.10 , 4.883 , 2.123 , 192.56 , 42.15
4785 , 23268 , 22.79 , -84.1 , 16 , 4.05 , 4.889 , 2.145 , 192.93 , 41.78
4795 , 23322 , 22.57 , -84.5 , 16 , 4.00 , 4.874 , 2.160 , 193.30 , 41.41
4805 , 23375 , 22.35 , -84.9 , 16 , 3.95 , 4.859 , 2.174 , 193.67 , 41.04
4815 , 23426 , 22.14 , -85.3 , 16 , 3.90 , 4.852 , 2.191 , 194.03 , 40.68
4825 , 23479 , 21.93 , -85.6 , 16 , 3.85 , 4.855 , 2.214 , 194.40 , 40.31
4835 , 23531 , 21.72 , -85.8 , 16 , 3.80 , 4.832 , 2.224 , 194.76 , 39.95
4845 , 23581 , 21.53 , -85.2 , 16 , 3.75 , 4.819 , 2.239 , 195.11 , 39.60
4855 , 23631 , 21.33 , -85.0 , 16 , 3.70 , 4.795 , 2.248 , 195.45 , 39.26
4865 , 23680 , 21.14 , -85.3 , 16 , 3.65 , 4.770 , 2.256 , 195.79 , 38.92
4875 , 23731 , 20.95 , -85.0 , 16 , 3.60 , 4.766 , 2.275 , 196.14 , 38.57
4885 , 23783 , 20.75 , -84.8 , 16 , 3.55 , 4.751 , 2.289 , 196.49 , 38.22
4895 , 23835 , 20.56 , -84.7 , 16 , 3.50 , 4.698 , 2.285 , 196.84 , 37.87
4905 , 23886 , 20.37 , -84.5 , 16 , 3.46 , 4.636 , 2.276 , 197.19 , 37.53
4915 , 23936 , 20.19 , -84.4 , 16 , 3.41 , 4.560 , 2.259 , 197.51 , 37.20
4924 , 23985 , 20.01 , -84.4 , 16 , 3.36 , 4.476 , 2.237 , 197.83 , 36.88
4934 , 24035 , 19.83 , -84.2 , 16 , 3.31 , 4.339 , 2.188 , 198.14 , 36.57
4944 , 24086 , 19.64 , -84.0 , 16 , 3.26 , 4.236 , 2.156 , 198.45 , 36.26
4954 , 24140 , 19.46 , -84.3 , 17 , 3.21 , 4.144 , 2.130 , 198.77 , 35.94
4964 , 24193 , 19.27 , -84.6 , 17 , 3.17 , 4.052 , 2.103 , 199.09 , 35.62
4974 , 24248 , 19.08 , -84.6 , 17 , 3.12 , 4.004 , 2.099 , 199.40 , 35.31
4984 , 24303 , 18.89 , -84.7 , 17 , 3.07 , 3.981 , 2.108 , 199.72 , 34.99
4994 , 24359 , 18.70 , -84.9 , 17 , 3.03 , 3.946 , 2.111 , 200.04 , 34.67
5004 , 24414 , 18.51 , -85.0 , 17 , 2.98 , 3.944 , 2.131 , 200.35 , 34.36
5014 , 24466 , 18.34 , -84.9 , 16 , 2.93 , 3.960 , 2.160 , 200.64 , 34.07
5024 , 24521 , 18.16 , -85.0 , 16 , 2.88 , 3.987 , 2.196 , 200.95 , 33.76
5034 , 24575 , 17.98 , -84.9 , 16 , 2.84 , 4.021 , 2.237 , 201.27 , 33.44
5044 , 24628 , 17.81 , -85.0 , 16 , 2.80 , 4.049 , 2.274 , 201.57 , 33.14
5054 , 24685 , 17.62 , -85.5 , 17 , 2.75 , 4.059 , 2.303 , 201.90 , 32.81
5064 , 24737 , 17.46 , -85.8 , 17 , 2.71 , 4.065 , 2.329 , 202.21 , 32.50
5074 , 24791 , 17.28 , -86.0 , 16 , 2.67 , 4.040 , 2.338 , 202.52 , 32.19
5084 , 24844 , 17.12 , -86.1 , 16 , 2.63 , 4.041 , 2.361 , 202.83 , 31.88
5094 , 24893 , 16.97 , -86.1 , 16 , 2.59 , 4.004 , 2.360 , 203.11 , 31.60
