# ------------------------------------------------------------
#
# Flight name: V1409
# Station: Davis
# Launch Date: 21 July 2009
# Launch Time: 23:23:39
# 
# This file created: Tue Aug 11 15:07:23 2009
# 
# 
# ------------------------------------------------------------
# DATA COLUMNS
# Time (s)
# Height (m)
# Atmospheric Pressure (hPa)
# Atmospheric Temperature (°C)
# Relative Humidity (%)
# Box Temperature (°C)
# Ozone Partial Pressure (mPa)
# Ozone Mixing Ratio (ppmV)
# Accumulated Ozone to this Height (Dobson Units)
# Remaining Ozone above this Height (Dobson Units)
# 
# ------------------------------------------------------------
# 
# Integrated Ozone = 215.6 DU
# Extrapolated Ozone =  21.8 DU
# 
# Total Ozone = 237.4 DU
# 
# 
# ------------------------------------------------------------
0 , 18 , 968.46 , -8.3 , 57 , 36.40 , 2.879 , 0.030 , 0.00 , 237.37
10 , 48 , 964.65 , -8.4 , 56 , 36.33 , 2.846 , 0.030 , 0.09 , 237.29
20 , 86 , 959.91 , -8.6 , 56 , 36.25 , 2.796 , 0.029 , 0.20 , 237.18
30 , 136 , 953.71 , -8.9 , 57 , 36.13 , 2.885 , 0.030 , 0.34 , 237.03
40 , 179 , 948.54 , -9.2 , 58 , 35.99 , 2.939 , 0.031 , 0.47 , 236.91
50 , 230 , 942.20 , -9.4 , 59 , 35.85 , 2.873 , 0.030 , 0.62 , 236.75
60 , 277 , 936.52 , -9.7 , 60 , 35.78 , 2.851 , 0.030 , 0.76 , 236.61
70 , 319 , 931.48 , -9.9 , 61 , 35.69 , 2.821 , 0.030 , 0.88 , 236.49
80 , 365 , 925.89 , -10.1 , 63 , 35.60 , 2.762 , 0.030 , 1.01 , 236.36
90 , 414 , 920.07 , -10.4 , 65 , 35.47 , 2.740 , 0.030 , 1.15 , 236.22
99 , 462 , 914.33 , -10.9 , 67 , 35.34 , 2.721 , 0.030 , 1.28 , 236.09
108 , 503 , 909.39 , -11.3 , 69 , 35.26 , 2.731 , 0.030 , 1.40 , 235.97
118 , 549 , 903.99 , -11.6 , 71 , 35.17 , 2.827 , 0.031 , 1.53 , 235.84
128 , 605 , 897.42 , -12.2 , 74 , 35.09 , 2.736 , 0.030 , 1.69 , 235.68
138 , 659 , 891.07 , -12.7 , 77 , 35.01 , 2.692 , 0.030 , 1.84 , 235.53
148 , 714 , 884.68 , -13.2 , 80 , 34.89 , 2.648 , 0.030 , 2.00 , 235.38
158 , 771 , 878.07 , -13.7 , 82 , 34.79 , 2.612 , 0.030 , 2.15 , 235.22
168 , 825 , 871.85 , -14.1 , 83 , 34.67 , 2.580 , 0.030 , 2.30 , 235.08
178 , 878 , 865.76 , -14.1 , 82 , 34.58 , 2.551 , 0.029 , 2.44 , 234.94
188 , 931 , 859.78 , -14.1 , 78 , 34.48 , 2.521 , 0.029 , 2.58 , 234.80
198 , 980 , 854.16 , -14.4 , 76 , 34.38 , 2.515 , 0.029 , 2.71 , 234.67
208 , 1032 , 848.42 , -14.7 , 73 , 34.33 , 2.493 , 0.029 , 2.84 , 234.53
218 , 1082 , 842.76 , -15.0 , 75 , 34.23 , 2.470 , 0.029 , 2.97 , 234.40
228 , 1133 , 837.13 , -15.3 , 77 , 34.16 , 2.462 , 0.029 , 3.10 , 234.27
238 , 1189 , 830.98 , -15.5 , 77 , 34.05 , 2.478 , 0.030 , 3.25 , 234.13
248 , 1245 , 824.80 , -15.6 , 72 , 33.96 , 2.475 , 0.030 , 3.39 , 233.98
258 , 1301 , 818.65 , -16.0 , 72 , 33.85 , 2.443 , 0.030 , 3.54 , 233.84
268 , 1355 , 812.79 , -16.4 , 73 , 33.76 , 2.445 , 0.030 , 3.68 , 233.70
278 , 1407 , 807.26 , -16.6 , 73 , 33.69 , 2.435 , 0.030 , 3.81 , 233.57
288 , 1460 , 801.57 , -16.9 , 73 , 33.65 , 2.429 , 0.030 , 3.94 , 233.43
298 , 1515 , 795.68 , -17.2 , 74 , 33.53 , 2.415 , 0.030 , 4.08 , 233.29
308 , 1569 , 789.98 , -17.5 , 73 , 33.43 , 2.402 , 0.030 , 4.22 , 233.15
318 , 1624 , 784.17 , -17.7 , 71 , 33.27 , 2.378 , 0.030 , 4.36 , 233.01
327 , 1676 , 778.72 , -18.0 , 70 , 33.24 , 2.369 , 0.030 , 4.49 , 232.88
337 , 1729 , 773.28 , -18.3 , 70 , 33.21 , 2.355 , 0.030 , 4.62 , 232.75
347 , 1783 , 767.65 , -18.7 , 73 , 33.21 , 2.316 , 0.030 , 4.76 , 232.62
357 , 1835 , 762.36 , -19.1 , 74 , 33.12 , 2.278 , 0.030 , 4.88 , 232.49
367 , 1889 , 756.80 , -19.6 , 77 , 33.02 , 2.266 , 0.030 , 5.01 , 232.36
377 , 1944 , 751.22 , -20.1 , 81 , 32.94 , 2.238 , 0.030 , 5.14 , 232.23
387 , 1999 , 745.64 , -20.5 , 81 , 32.85 , 2.208 , 0.030 , 5.27 , 232.10
397 , 2052 , 740.30 , -20.7 , 80 , 32.73 , 2.197 , 0.030 , 5.40 , 231.97
406 , 2098 , 735.70 , -20.8 , 79 , 32.66 , 2.378 , 0.032 , 5.51 , 231.86
416 , 2148 , 730.73 , -21.0 , 78 , 32.56 , 2.345 , 0.032 , 5.64 , 231.74
426 , 2203 , 725.35 , -21.3 , 78 , 32.50 , 2.240 , 0.031 , 5.77 , 231.60
436 , 2257 , 720.05 , -21.4 , 77 , 32.47 , 2.156 , 0.030 , 5.90 , 231.47
446 , 2313 , 714.61 , -21.4 , 74 , 32.30 , 2.085 , 0.029 , 6.03 , 231.35
456 , 2370 , 709.08 , -21.7 , 75 , 32.23 , 2.052 , 0.029 , 6.15 , 231.22
466 , 2425 , 703.77 , -22.0 , 79 , 32.20 , 2.000 , 0.028 , 6.27 , 231.10
475 , 2472 , 699.33 , -22.3 , 84 , 32.09 , 1.999 , 0.029 , 6.37 , 231.00
485 , 2526 , 694.17 , -22.8 , 87 , 32.00 , 1.996 , 0.029 , 6.49 , 230.88
495 , 2578 , 689.33 , -23.3 , 88 , 31.95 , 2.001 , 0.029 , 6.60 , 230.77
505 , 2628 , 684.60 , -23.7 , 91 , 32.01 , 1.979 , 0.029 , 6.71 , 230.67
515 , 2679 , 679.86 , -24.1 , 93 , 31.88 , 1.955 , 0.029 , 6.82 , 230.56
525 , 2736 , 674.51 , -24.7 , 95 , 31.76 , 1.923 , 0.029 , 6.94 , 230.44
535 , 2788 , 669.71 , -25.1 , 98 , 31.75 , 1.925 , 0.029 , 7.05 , 230.33
545 , 2838 , 665.09 , -25.4 , 98 , 31.68 , 1.895 , 0.028 , 7.15 , 230.22
555 , 2889 , 660.49 , -25.8 , 98 , 31.60 , 1.880 , 0.028 , 7.25 , 230.12
565 , 2941 , 655.70 , -26.2 , 97 , 31.48 , 1.866 , 0.028 , 7.36 , 230.01
575 , 2994 , 650.97 , -26.6 , 97 , 31.41 , 1.858 , 0.029 , 7.47 , 229.91
585 , 3046 , 646.22 , -27.1 , 96 , 31.35 , 1.838 , 0.028 , 7.57 , 229.80
595 , 3098 , 641.66 , -27.4 , 97 , 31.32 , 1.826 , 0.028 , 7.68 , 229.70
605 , 3148 , 637.21 , -27.7 , 96 , 31.25 , 1.797 , 0.028 , 7.78 , 229.60
615 , 3199 , 632.70 , -28.0 , 95 , 31.14 , 1.787 , 0.028 , 7.88 , 229.50
625 , 3250 , 628.19 , -28.4 , 91 , 31.04 , 1.776 , 0.028 , 7.98 , 229.40
635 , 3304 , 623.50 , -28.6 , 84 , 31.00 , 1.782 , 0.029 , 8.08 , 229.29
645 , 3357 , 618.87 , -28.7 , 78 , 30.92 , 1.803 , 0.029 , 8.19 , 229.19
655 , 3410 , 614.31 , -28.9 , 75 , 30.86 , 1.738 , 0.028 , 8.29 , 229.08
665 , 3464 , 609.65 , -29.3 , 71 , 30.86 , 1.712 , 0.028 , 8.39 , 228.98
675 , 3518 , 605.11 , -29.6 , 69 , 30.72 , 1.680 , 0.028 , 8.49 , 228.88
685 , 3569 , 600.74 , -29.9 , 64 , 30.58 , 1.673 , 0.028 , 8.59 , 228.78
695 , 3624 , 596.11 , -30.2 , 60 , 30.55 , 1.659 , 0.028 , 8.69 , 228.68
705 , 3683 , 591.24 , -30.6 , 59 , 30.50 , 1.636 , 0.028 , 8.80 , 228.57
714 , 3739 , 586.59 , -30.9 , 60 , 30.51 , 1.606 , 0.027 , 8.90 , 228.47
724 , 3794 , 582.00 , -31.2 , 61 , 30.41 , 1.596 , 0.027 , 9.00 , 228.37
734 , 3850 , 577.46 , -31.7 , 62 , 30.32 , 1.575 , 0.027 , 9.10 , 228.28
744 , 3907 , 572.76 , -32.2 , 64 , 30.26 , 1.570 , 0.027 , 9.20 , 228.18
754 , 3965 , 568.14 , -32.7 , 66 , 30.19 , 1.556 , 0.027 , 9.30 , 228.08
764 , 4015 , 564.06 , -33.1 , 68 , 30.11 , 1.552 , 0.028 , 9.39 , 227.99
774 , 4072 , 559.50 , -33.6 , 69 , 30.06 , 1.528 , 0.027 , 9.49 , 227.89
784 , 4129 , 554.98 , -34.1 , 70 , 29.98 , 1.626 , 0.029 , 9.59 , 227.79
794 , 4189 , 550.27 , -34.6 , 72 , 29.94 , 1.592 , 0.029 , 9.70 , 227.68
804 , 4251 , 545.37 , -35.2 , 74 , 29.83 , 1.513 , 0.028 , 9.80 , 227.57
814 , 4305 , 541.16 , -35.7 , 76 , 29.72 , 1.486 , 0.027 , 9.90 , 227.48
824 , 4360 , 536.92 , -36.1 , 76 , 29.63 , 1.454 , 0.027 , 9.99 , 227.39
834 , 4417 , 532.49 , -36.3 , 71 , 29.55 , 1.441 , 0.027 , 10.08 , 227.29
844 , 4473 , 528.17 , -36.7 , 69 , 29.56 , 1.451 , 0.027 , 10.18 , 227.20
854 , 4529 , 523.92 , -37.1 , 69 , 29.40 , 1.611 , 0.031 , 10.27 , 227.10
864 , 4591 , 519.23 , -37.5 , 68 , 29.30 , 1.497 , 0.029 , 10.38 , 226.99
874 , 4648 , 515.01 , -38.0 , 68 , 29.35 , 1.427 , 0.028 , 10.48 , 226.90
884 , 4705 , 510.72 , -38.5 , 68 , 29.30 , 1.364 , 0.027 , 10.57 , 226.80
894 , 4762 , 506.50 , -39.0 , 67 , 29.19 , 1.349 , 0.027 , 10.66 , 226.72
904 , 4826 , 501.82 , -39.5 , 67 , 29.19 , 1.344 , 0.027 , 10.76 , 226.62
914 , 4886 , 497.38 , -39.9 , 67 , 29.13 , 1.339 , 0.027 , 10.85 , 226.52
924 , 4944 , 493.17 , -40.3 , 67 , 29.13 , 1.317 , 0.027 , 10.94 , 226.43
934 , 5003 , 488.95 , -40.7 , 67 , 29.04 , 1.296 , 0.027 , 11.03 , 226.35
944 , 5065 , 484.47 , -41.2 , 66 , 28.84 , 1.272 , 0.026 , 11.12 , 226.25
954 , 5122 , 480.43 , -41.7 , 66 , 28.81 , 1.281 , 0.027 , 11.21 , 226.17
964 , 5178 , 476.48 , -42.2 , 65 , 28.79 , 1.249 , 0.026 , 11.29 , 226.09
974 , 5236 , 472.45 , -42.7 , 65 , 28.60 , 1.280 , 0.027 , 11.37 , 226.00
984 , 5297 , 468.19 , -43.1 , 66 , 28.60 , 1.277 , 0.027 , 11.46 , 225.91
994 , 5352 , 464.34 , -43.3 , 66 , 28.61 , 1.235 , 0.027 , 11.55 , 225.83
1004 , 5414 , 460.06 , -43.7 , 70 , 28.51 , 1.203 , 0.026 , 11.64 , 225.74
1014 , 5479 , 455.68 , -44.3 , 70 , 28.45 , 1.186 , 0.026 , 11.73 , 225.65
1023 , 5533 , 451.98 , -44.7 , 70 , 28.39 , 1.173 , 0.026 , 11.80 , 225.57
1033 , 5592 , 448.03 , -45.3 , 71 , 28.34 , 1.164 , 0.026 , 11.88 , 225.49
1043 , 5651 , 444.05 , -45.8 , 72 , 28.30 , 1.141 , 0.026 , 11.96 , 225.41
1053 , 5712 , 439.99 , -46.3 , 72 , 28.22 , 1.126 , 0.026 , 12.05 , 225.33
1063 , 5774 , 435.91 , -46.8 , 70 , 28.14 , 1.118 , 0.026 , 12.13 , 225.25
1073 , 5830 , 432.25 , -47.3 , 66 , 28.09 , 1.112 , 0.026 , 12.20 , 225.17
1083 , 5895 , 428.00 , -47.8 , 65 , 28.09 , 1.098 , 0.026 , 12.29 , 225.09
1093 , 5961 , 423.75 , -48.4 , 64 , 28.01 , 1.070 , 0.025 , 12.37 , 225.00
1103 , 6020 , 419.95 , -49.0 , 63 , 27.91 , 1.095 , 0.026 , 12.45 , 224.92
1113 , 6082 , 416.01 , -49.5 , 63 , 27.88 , 1.132 , 0.027 , 12.53 , 224.84
1123 , 6142 , 412.17 , -50.0 , 63 , 27.71 , 1.084 , 0.026 , 12.62 , 224.76
1133 , 6199 , 408.59 , -50.5 , 62 , 27.61 , 1.065 , 0.026 , 12.69 , 224.69
1143 , 6255 , 405.13 , -50.8 , 62 , 27.59 , 1.035 , 0.026 , 12.76 , 224.61
1153 , 6308 , 401.81 , -51.3 , 63 , 27.49 , 1.051 , 0.026 , 12.83 , 224.55
1163 , 6364 , 398.40 , -51.7 , 64 , 27.47 , 1.070 , 0.027 , 12.90 , 224.48
1173 , 6422 , 394.84 , -52.2 , 62 , 27.44 , 1.049 , 0.027 , 12.97 , 224.40
1183 , 6477 , 391.49 , -52.6 , 62 , 27.38 , 1.032 , 0.026 , 13.04 , 224.33
1193 , 6536 , 387.88 , -53.0 , 62 , 27.21 , 1.035 , 0.027 , 13.12 , 224.25
1203 , 6591 , 384.59 , -53.5 , 61 , 27.06 , 1.053 , 0.027 , 13.19 , 224.18
1213 , 6647 , 381.26 , -54.0 , 61 , 26.95 , 1.059 , 0.028 , 13.26 , 224.11
1223 , 6706 , 377.75 , -54.4 , 60 , 26.94 , 1.103 , 0.029 , 13.34 , 224.03
1233 , 6765 , 374.28 , -54.9 , 59 , 26.93 , 1.060 , 0.028 , 13.42 , 223.95
1243 , 6821 , 371.06 , -55.5 , 58 , 26.87 , 1.020 , 0.027 , 13.49 , 223.88
1253 , 6872 , 368.07 , -55.9 , 58 , 26.81 , 0.999 , 0.027 , 13.55 , 223.82
1263 , 6929 , 364.79 , -56.2 , 57 , 26.73 , 0.986 , 0.027 , 13.63 , 223.75
1273 , 6987 , 361.48 , -56.5 , 56 , 26.65 , 0.981 , 0.027 , 13.70 , 223.68
1283 , 7045 , 358.16 , -56.9 , 57 , 26.55 , 0.996 , 0.028 , 13.77 , 223.61
1293 , 7104 , 354.83 , -57.3 , 58 , 26.48 , 0.964 , 0.027 , 13.84 , 223.53
1303 , 7169 , 351.23 , -57.8 , 59 , 26.43 , 0.940 , 0.027 , 13.92 , 223.46
1313 , 7232 , 347.74 , -58.4 , 61 , 26.38 , 0.906 , 0.026 , 13.99 , 223.38
1323 , 7295 , 344.25 , -59.0 , 65 , 26.22 , 0.861 , 0.025 , 14.06 , 223.31
1332 , 7360 , 340.69 , -59.5 , 66 , 26.08 , 0.833 , 0.024 , 14.13 , 223.24
1342 , 7412 , 337.85 , -59.9 , 65 , 25.95 , 0.827 , 0.024 , 14.18 , 223.19
1352 , 7470 , 334.72 , -60.3 , 63 , 25.85 , 0.832 , 0.025 , 14.24 , 223.13
1362 , 7538 , 331.12 , -60.9 , 61 , 25.77 , 0.835 , 0.025 , 14.32 , 223.06
1372 , 7601 , 327.77 , -61.4 , 60 , 25.66 , 0.845 , 0.026 , 14.38 , 222.99
1382 , 7667 , 324.28 , -62.1 , 59 , 25.55 , 0.827 , 0.026 , 14.45 , 222.92
1392 , 7724 , 321.31 , -62.6 , 58 , 25.41 , 0.807 , 0.025 , 14.51 , 222.86
1402 , 7782 , 318.26 , -63.2 , 58 , 25.31 , 0.826 , 0.026 , 14.57 , 222.80
1412 , 7844 , 315.08 , -63.7 , 59 , 25.19 , 0.798 , 0.025 , 14.64 , 222.73
1422 , 7906 , 311.90 , -64.3 , 59 , 25.08 , 0.766 , 0.025 , 14.70 , 222.67
1432 , 7970 , 308.67 , -64.9 , 58 , 24.97 , 0.753 , 0.024 , 14.76 , 222.61
1442 , 8036 , 305.33 , -65.6 , 58 , 24.88 , 0.741 , 0.024 , 14.83 , 222.55
1452 , 8099 , 302.16 , -66.1 , 58 , 24.85 , 0.732 , 0.024 , 14.89 , 222.49
1462 , 8159 , 299.20 , -66.4 , 58 , 24.75 , 0.735 , 0.025 , 14.95 , 222.43
1472 , 8224 , 296.02 , -66.8 , 59 , 24.65 , 0.785 , 0.027 , 15.01 , 222.36
1482 , 8290 , 292.78 , -67.4 , 60 , 24.61 , 0.811 , 0.028 , 15.08 , 222.29
1492 , 8350 , 289.86 , -67.3 , 61 , 24.55 , 0.798 , 0.028 , 15.14 , 222.23
1502 , 8409 , 287.04 , -67.3 , 59 , 24.44 , 0.835 , 0.029 , 15.21 , 222.17
1512 , 8471 , 284.09 , -67.5 , 57 , 24.32 , 0.865 , 0.030 , 15.28 , 222.10
1522 , 8534 , 281.13 , -67.7 , 56 , 24.24 , 0.900 , 0.032 , 15.35 , 222.03
1532 , 8597 , 278.22 , -67.6 , 54 , 24.13 , 0.964 , 0.035 , 15.42 , 221.95
1542 , 8647 , 275.91 , -67.5 , 53 , 24.06 , 0.978 , 0.035 , 15.49 , 221.89
1552 , 8716 , 272.78 , -67.4 , 52 , 23.99 , 1.021 , 0.037 , 15.58 , 221.80
1562 , 8777 , 270.04 , -67.5 , 52 , 23.90 , 1.044 , 0.039 , 15.66 , 221.71
1572 , 8828 , 267.74 , -67.4 , 49 , 23.83 , 1.034 , 0.039 , 15.73 , 221.64
1582 , 8887 , 265.16 , -67.1 , 47 , 23.71 , 0.974 , 0.037 , 15.81 , 221.57
1592 , 8947 , 262.52 , -66.7 , 47 , 23.62 , 1.155 , 0.044 , 15.89 , 221.48
1602 , 9001 , 260.19 , -66.4 , 45 , 23.56 , 1.513 , 0.058 , 15.99 , 221.39
1612 , 9055 , 257.88 , -66.3 , 41 , 23.48 , 1.834 , 0.071 , 16.10 , 221.27
1622 , 9110 , 255.54 , -66.3 , 39 , 23.40 , 2.038 , 0.080 , 16.24 , 221.13
1631 , 9154 , 253.69 , -66.4 , 36 , 23.31 , 2.198 , 0.087 , 16.36 , 221.01
1641 , 9196 , 251.95 , -66.1 , 34 , 23.28 , 2.355 , 0.093 , 16.49 , 220.89
1651 , 9245 , 249.89 , -66.2 , 32 , 23.22 , 2.424 , 0.097 , 16.64 , 220.73
1661 , 9307 , 247.37 , -66.4 , 29 , 23.13 , 2.423 , 0.098 , 16.84 , 220.54
1671 , 9352 , 245.54 , -66.5 , 27 , 23.04 , 2.502 , 0.102 , 16.98 , 220.39
1681 , 9409 , 243.22 , -66.5 , 26 , 22.97 , 2.616 , 0.108 , 17.17 , 220.20
1691 , 9482 , 240.32 , -66.6 , 25 , 22.87 , 2.756 , 0.115 , 17.43 , 219.95
1701 , 9550 , 237.61 , -66.8 , 24 , 22.76 , 2.821 , 0.119 , 17.68 , 219.70
1711 , 9598 , 235.73 , -66.8 , 22 , 22.69 , 2.778 , 0.118 , 17.85 , 219.52
1721 , 9650 , 233.70 , -66.7 , 21 , 22.65 , 2.842 , 0.122 , 18.04 , 219.33
1730 , 9702 , 231.73 , -66.8 , 20 , 22.59 , 2.968 , 0.128 , 18.24 , 219.14
1740 , 9756 , 229.65 , -66.9 , 20 , 22.53 , 3.093 , 0.135 , 18.45 , 218.92
1750 , 9793 , 228.23 , -66.8 , 19 , 22.45 , 3.240 , 0.142 , 18.61 , 218.77
1760 , 9831 , 226.82 , -67.0 , 19 , 22.41 , 3.363 , 0.148 , 18.77 , 218.60
1770 , 9867 , 225.47 , -67.1 , 18 , 22.38 , 3.406 , 0.151 , 18.93 , 218.44
1779 , 9908 , 223.95 , -67.1 , 18 , 22.34 , 3.436 , 0.153 , 19.11 , 218.26
1789 , 9960 , 222.00 , -67.3 , 17 , 22.27 , 3.472 , 0.156 , 19.35 , 218.02
1799 , 10016 , 219.95 , -67.7 , 17 , 22.20 , 3.517 , 0.160 , 19.61 , 217.77
1809 , 10058 , 218.42 , -68.0 , 17 , 22.13 , 3.579 , 0.164 , 19.80 , 217.57
1819 , 10108 , 216.60 , -68.3 , 17 , 22.09 , 3.589 , 0.166 , 20.04 , 217.34
1829 , 10167 , 214.49 , -68.5 , 17 , 22.04 , 3.925 , 0.183 , 20.33 , 217.05
1839 , 10224 , 212.46 , -68.8 , 16 , 21.97 , 4.104 , 0.193 , 20.63 , 216.74
1849 , 10283 , 210.39 , -69.1 , 16 , 21.87 , 3.992 , 0.190 , 20.94 , 216.43
1859 , 10340 , 208.39 , -69.5 , 17 , 21.79 , 3.908 , 0.188 , 21.24 , 216.13
1869 , 10400 , 206.27 , -70.0 , 17 , 21.73 , 3.905 , 0.189 , 21.56 , 215.82
1879 , 10465 , 204.04 , -70.6 , 17 , 21.67 , 3.874 , 0.190 , 21.89 , 215.48
1889 , 10537 , 201.58 , -70.8 , 17 , 21.60 , 3.828 , 0.190 , 22.26 , 215.12
1899 , 10599 , 199.49 , -71.0 , 17 , 21.54 , 3.898 , 0.195 , 22.58 , 214.80
1909 , 10655 , 197.59 , -71.4 , 18 , 21.47 , 3.905 , 0.198 , 22.87 , 214.50
1919 , 10709 , 195.79 , -71.5 , 18 , 21.40 , 3.913 , 0.200 , 23.15 , 214.22
1929 , 10756 , 194.25 , -71.3 , 18 , 21.35 , 4.007 , 0.206 , 23.40 , 213.97
1939 , 10807 , 192.57 , -70.9 , 18 , 21.30 , 4.172 , 0.217 , 23.68 , 213.69
1948 , 10860 , 190.85 , -70.7 , 18 , 21.25 , 4.361 , 0.228 , 23.98 , 213.39
1958 , 10916 , 189.08 , -70.7 , 18 , 21.22 , 4.550 , 0.241 , 24.31 , 213.06
1968 , 10956 , 187.79 , -70.7 , 18 , 21.18 , 4.754 , 0.253 , 24.56 , 212.81
1978 , 10994 , 186.58 , -70.6 , 17 , 21.15 , 4.877 , 0.261 , 24.81 , 212.57
1988 , 11035 , 185.31 , -70.3 , 17 , 21.11 , 4.977 , 0.269 , 25.07 , 212.30
1998 , 11075 , 184.07 , -70.0 , 17 , 21.09 , 5.055 , 0.275 , 25.34 , 212.04
2008 , 11114 , 182.85 , -70.0 , 17 , 21.07 , 5.152 , 0.282 , 25.61 , 211.77
2018 , 11154 , 181.64 , -69.8 , 16 , 21.05 , 5.194 , 0.286 , 25.88 , 211.50
2028 , 11193 , 180.44 , -69.8 , 16 , 21.02 , 5.189 , 0.288 , 26.15 , 211.23
2038 , 11232 , 179.28 , -70.0 , 16 , 20.98 , 5.177 , 0.289 , 26.41 , 210.96
2048 , 11274 , 178.01 , -69.9 , 16 , 20.96 , 5.143 , 0.289 , 26.70 , 210.67
2058 , 11319 , 176.66 , -69.9 , 16 , 20.93 , 5.102 , 0.289 , 27.01 , 210.36
2068 , 11360 , 175.46 , -70.0 , 15 , 20.90 , 5.099 , 0.291 , 27.28 , 210.09
2078 , 11398 , 174.32 , -69.9 , 15 , 20.86 , 5.207 , 0.299 , 27.55 , 209.83
2088 , 11438 , 173.18 , -70.1 , 15 , 20.83 , 5.267 , 0.304 , 27.82 , 209.55
2098 , 11478 , 172.00 , -70.2 , 15 , 20.79 , 5.217 , 0.303 , 28.10 , 209.27
2108 , 11518 , 170.85 , -70.2 , 15 , 20.77 , 5.176 , 0.303 , 28.38 , 208.99
2118 , 11560 , 169.65 , -70.3 , 15 , 20.74 , 5.204 , 0.307 , 28.67 , 208.71
2128 , 11602 , 168.46 , -70.5 , 15 , 20.69 , 5.279 , 0.313 , 28.96 , 208.42
2138 , 11644 , 167.28 , -70.7 , 15 , 20.63 , 5.302 , 0.317 , 29.25 , 208.12
2148 , 11686 , 166.09 , -70.8 , 15 , 20.59 , 5.264 , 0.317 , 29.55 , 207.83
2158 , 11728 , 164.92 , -70.9 , 15 , 20.55 , 5.237 , 0.318 , 29.84 , 207.53
2168 , 11772 , 163.69 , -71.0 , 15 , 20.52 , 5.290 , 0.323 , 30.15 , 207.22
2178 , 11818 , 162.41 , -71.2 , 15 , 20.48 , 5.338 , 0.329 , 30.48 , 206.89
2188 , 11862 , 161.20 , -71.5 , 15 , 20.45 , 5.389 , 0.334 , 30.80 , 206.58
2198 , 11904 , 160.06 , -71.8 , 16 , 20.41 , 5.445 , 0.340 , 31.10 , 206.27
2208 , 11946 , 158.94 , -71.9 , 16 , 20.37 , 5.437 , 0.342 , 31.40 , 205.97
2218 , 11990 , 157.76 , -71.9 , 16 , 20.32 , 5.277 , 0.334 , 31.72 , 205.65
2228 , 12034 , 156.57 , -72.2 , 16 , 20.28 , 5.202 , 0.332 , 32.03 , 205.34
2238 , 12081 , 155.32 , -72.4 , 16 , 20.25 , 5.323 , 0.343 , 32.36 , 205.01
2248 , 12129 , 154.06 , -72.7 , 17 , 20.22 , 5.142 , 0.334 , 32.70 , 204.67
2258 , 12178 , 152.79 , -73.1 , 17 , 20.19 , 4.979 , 0.326 , 33.03 , 204.34
2268 , 12224 , 151.57 , -73.4 , 17 , 20.14 , 4.894 , 0.323 , 33.34 , 204.03
2277 , 12267 , 150.48 , -73.6 , 17 , 20.10 , 4.761 , 0.316 , 33.62 , 203.76
2287 , 12306 , 149.47 , -73.7 , 17 , 20.06 , 4.713 , 0.315 , 33.87 , 203.50
2297 , 12349 , 148.37 , -73.7 , 18 , 20.01 , 4.718 , 0.318 , 34.15 , 203.23
2307 , 12393 , 147.25 , -74.0 , 18 , 19.97 , 4.758 , 0.323 , 34.43 , 202.95
2317 , 12436 , 146.18 , -74.4 , 18 , 19.93 , 4.768 , 0.326 , 34.70 , 202.67
2327 , 12480 , 145.09 , -74.6 , 18 , 19.92 , 4.829 , 0.333 , 34.99 , 202.39
2337 , 12521 , 144.06 , -74.7 , 18 , 19.88 , 4.961 , 0.344 , 35.26 , 202.11
2347 , 12563 , 143.03 , -74.6 , 18 , 19.84 , 5.185 , 0.363 , 35.55 , 201.82
2357 , 12604 , 142.02 , -74.3 , 18 , 19.79 , 5.411 , 0.381 , 35.84 , 201.53
2367 , 12644 , 141.05 , -74.4 , 19 , 19.75 , 5.587 , 0.396 , 36.14 , 201.23
2377 , 12686 , 140.01 , -74.3 , 19 , 19.71 , 5.737 , 0.410 , 36.47 , 200.90
2387 , 12739 , 138.76 , -74.2 , 19 , 19.66 , 6.009 , 0.433 , 36.89 , 200.48
2397 , 12792 , 137.50 , -74.0 , 19 , 19.61 , 6.311 , 0.459 , 37.33 , 200.04
2407 , 12831 , 136.59 , -74.0 , 19 , 19.57 , 6.682 , 0.489 , 37.67 , 199.70
2417 , 12872 , 135.63 , -74.2 , 19 , 19.52 , 6.947 , 0.512 , 38.05 , 199.32
2427 , 12913 , 134.67 , -74.1 , 18 , 19.47 , 7.184 , 0.533 , 38.45 , 198.92
2437 , 12953 , 133.75 , -74.2 , 18 , 19.42 , 7.315 , 0.547 , 38.84 , 198.53
2447 , 12992 , 132.87 , -74.0 , 18 , 19.37 , 7.508 , 0.565 , 39.23 , 198.15
2457 , 13033 , 131.94 , -74.0 , 18 , 19.32 , 7.679 , 0.582 , 39.65 , 197.73
2467 , 13074 , 131.02 , -74.1 , 18 , 19.29 , 7.804 , 0.596 , 40.08 , 197.30
2477 , 13117 , 130.05 , -74.1 , 18 , 19.24 , 7.870 , 0.605 , 40.54 , 196.84
2487 , 13161 , 129.06 , -74.1 , 18 , 19.19 , 7.947 , 0.616 , 41.01 , 196.36
2497 , 13208 , 128.02 , -74.3 , 17 , 19.15 , 8.015 , 0.626 , 41.52 , 195.85
2506 , 13251 , 127.08 , -74.4 , 17 , 19.11 , 8.066 , 0.635 , 41.99 , 195.39
2516 , 13292 , 126.19 , -74.4 , 17 , 19.08 , 8.147 , 0.646 , 42.44 , 194.93
2526 , 13338 , 125.19 , -74.5 , 17 , 19.03 , 8.204 , 0.655 , 42.95 , 194.42
2536 , 13384 , 124.21 , -74.8 , 17 , 18.97 , 8.391 , 0.676 , 43.47 , 193.91
2546 , 13431 , 123.21 , -74.9 , 17 , 18.93 , 8.683 , 0.705 , 44.01 , 193.36
2556 , 13475 , 122.28 , -75.1 , 17 , 18.88 , 9.017 , 0.737 , 44.54 , 192.83
2566 , 13519 , 121.36 , -75.3 , 17 , 18.84 , 8.719 , 0.718 , 45.07 , 192.30
2575 , 13561 , 120.47 , -75.5 , 17 , 18.79 , 8.285 , 0.688 , 45.56 , 191.81
2585 , 13603 , 119.60 , -75.8 , 17 , 18.76 , 8.328 , 0.696 , 46.04 , 191.33
2595 , 13648 , 118.66 , -75.9 , 17 , 18.72 , 8.596 , 0.724 , 46.56 , 190.81
2605 , 13694 , 117.74 , -76.2 , 17 , 18.67 , 8.921 , 0.758 , 47.10 , 190.27
2615 , 13735 , 116.89 , -76.4 , 17 , 18.62 , 8.798 , 0.753 , 47.61 , 189.77
2625 , 13778 , 116.02 , -76.5 , 18 , 18.58 , 8.191 , 0.706 , 48.11 , 189.26
2635 , 13822 , 115.14 , -76.4 , 18 , 18.53 , 7.910 , 0.687 , 48.59 , 188.78
2645 , 13863 , 114.33 , -76.5 , 18 , 18.48 , 7.762 , 0.679 , 49.03 , 188.34
2654 , 13901 , 113.57 , -76.8 , 18 , 18.44 , 7.608 , 0.670 , 49.44 , 187.94
2664 , 13944 , 112.74 , -76.9 , 18 , 18.39 , 7.528 , 0.668 , 49.88 , 187.50
2674 , 13984 , 111.95 , -77.0 , 18 , 18.34 , 7.375 , 0.659 , 50.29 , 187.08
2684 , 14025 , 111.15 , -77.1 , 18 , 18.29 , 7.209 , 0.649 , 50.70 , 186.68
2694 , 14066 , 110.36 , -77.2 , 18 , 18.25 , 7.280 , 0.660 , 51.11 , 186.27
2704 , 14107 , 109.57 , -77.1 , 19 , 18.20 , 7.491 , 0.684 , 51.53 , 185.85
2714 , 14148 , 108.80 , -77.1 , 19 , 18.15 , 7.859 , 0.722 , 51.96 , 185.42
2724 , 14193 , 107.93 , -77.2 , 19 , 18.10 , 8.033 , 0.744 , 52.45 , 184.92
2734 , 14240 , 107.06 , -77.3 , 19 , 18.04 , 8.317 , 0.777 , 52.98 , 184.39
2744 , 14282 , 106.28 , -77.5 , 19 , 18.00 , 8.549 , 0.804 , 53.47 , 183.91
2754 , 14322 , 105.53 , -77.7 , 19 , 17.95 , 8.751 , 0.829 , 53.95 , 183.42
2764 , 14365 , 104.74 , -77.7 , 19 , 17.91 , 8.992 , 0.858 , 54.47 , 182.90
2774 , 14411 , 103.91 , -77.8 , 20 , 17.87 , 9.323 , 0.897 , 55.05 , 182.32
2784 , 14455 , 103.11 , -77.7 , 20 , 17.82 , 9.739 , 0.945 , 55.63 , 181.74
2794 , 14498 , 102.34 , -77.7 , 20 , 17.78 , 10.126 , 0.989 , 56.22 , 181.16
2804 , 14540 , 101.59 , -77.5 , 20 , 17.74 , 10.543 , 1.038 , 56.82 , 180.56
2814 , 14584 , 100.82 , -77.7 , 20 , 17.69 , 10.864 , 1.078 , 57.46 , 179.91
2824 , 14626 , 100.07 , -77.8 , 20 , 17.64 , 11.160 , 1.115 , 58.11 , 179.26
2834 , 14671 , 99.28 , -78.0 , 20 , 17.54 , 11.228 , 1.131 , 58.81 , 178.57
2844 , 14715 , 98.53 , -78.1 , 20 , 17.44 , 11.290 , 1.146 , 59.49 , 177.89
2854 , 14762 , 97.72 , -78.1 , 21 , 17.37 , 11.473 , 1.174 , 60.22 , 177.15
2864 , 14813 , 96.86 , -78.1 , 21 , 17.32 , 11.916 , 1.230 , 61.04 , 176.33
2874 , 14862 , 96.02 , -78.2 , 21 , 17.28 , 12.453 , 1.297 , 61.88 , 175.50
2883 , 14909 , 95.23 , -78.4 , 21 , 17.23 , 12.809 , 1.345 , 62.70 , 174.67
2893 , 14955 , 94.46 , -78.6 , 21 , 17.20 , 13.136 , 1.391 , 63.53 , 173.84
2902 , 15000 , 93.72 , -78.8 , 21 , 17.17 , 13.265 , 1.415 , 64.35 , 173.02
2911 , 15041 , 93.06 , -79.0 , 21 , 17.15 , 13.402 , 1.440 , 65.10 , 172.27
2921 , 15085 , 92.33 , -79.2 , 21 , 17.12 , 13.517 , 1.464 , 65.93 , 171.44
2931 , 15131 , 91.59 , -79.3 , 21 , 17.08 , 13.527 , 1.477 , 66.80 , 170.58
2941 , 15177 , 90.85 , -79.3 , 22 , 17.04 , 13.646 , 1.502 , 67.67 , 169.71
2951 , 15222 , 90.13 , -79.1 , 22 , 17.00 , 13.843 , 1.536 , 68.53 , 168.85
2961 , 15269 , 89.39 , -79.1 , 22 , 16.94 , 14.015 , 1.568 , 69.43 , 167.94
2971 , 15313 , 88.70 , -79.4 , 22 , 16.89 , 13.974 , 1.575 , 70.29 , 167.09
2981 , 15355 , 88.04 , -79.6 , 22 , 16.85 , 13.866 , 1.575 , 71.11 , 166.26
2991 , 15399 , 87.37 , -79.6 , 22 , 16.81 , 14.110 , 1.615 , 71.95 , 165.42
3001 , 15442 , 86.71 , -79.6 , 22 , 16.75 , 14.534 , 1.676 , 72.81 , 164.56
3011 , 15485 , 86.05 , -79.6 , 22 , 16.70 , 14.587 , 1.695 , 73.68 , 163.69
3021 , 15526 , 85.42 , -79.5 , 22 , 16.65 , 14.618 , 1.711 , 74.53 , 162.84
3031 , 15571 , 84.74 , -79.6 , 22 , 16.61 , 14.493 , 1.710 , 75.45 , 161.93
3041 , 15613 , 84.12 , -79.7 , 22 , 16.55 , 13.993 , 1.663 , 76.28 , 161.10
3051 , 15656 , 83.49 , -80.0 , 22 , 16.50 , 13.786 , 1.651 , 77.10 , 160.28
3061 , 15699 , 82.86 , -80.0 , 22 , 16.46 , 13.909 , 1.679 , 77.93 , 159.45
3071 , 15741 , 82.24 , -80.1 , 22 , 16.41 , 13.988 , 1.701 , 78.75 , 158.62
3081 , 15783 , 81.64 , -80.3 , 22 , 16.35 , 14.005 , 1.715 , 79.57 , 157.80
3091 , 15825 , 81.03 , -80.6 , 22 , 16.29 , 13.836 , 1.708 , 80.39 , 156.99
3101 , 15867 , 80.43 , -80.7 , 22 , 16.24 , 13.774 , 1.713 , 81.20 , 156.18
3111 , 15909 , 79.83 , -80.8 , 22 , 16.19 , 13.452 , 1.685 , 82.01 , 155.37
3121 , 15952 , 79.22 , -80.8 , 22 , 16.13 , 13.429 , 1.695 , 82.82 , 154.56
3131 , 15997 , 78.59 , -80.9 , 22 , 16.07 , 15.021 , 1.911 , 83.72 , 153.66
3141 , 16042 , 77.96 , -81.1 , 22 , 16.02 , 14.755 , 1.893 , 84.66 , 152.71
3151 , 16087 , 77.34 , -81.2 , 22 , 15.97 , 14.442 , 1.867 , 85.57 , 151.80
3161 , 16132 , 76.72 , -81.3 , 22 , 15.91 , 14.225 , 1.854 , 86.48 , 150.89
3171 , 16177 , 76.12 , -81.2 , 22 , 15.86 , 14.255 , 1.873 , 87.37 , 150.00
3181 , 16220 , 75.53 , -81.1 , 22 , 15.81 , 14.161 , 1.875 , 88.24 , 149.13
3191 , 16266 , 74.92 , -81.1 , 22 , 15.76 , 14.065 , 1.877 , 89.15 , 148.23
3201 , 16311 , 74.31 , -81.3 , 22 , 15.70 , 13.990 , 1.883 , 90.05 , 147.33
3210 , 16355 , 73.74 , -81.5 , 22 , 15.65 , 13.968 , 1.894 , 90.90 , 146.48
3219 , 16394 , 73.22 , -81.7 , 21 , 15.60 , 14.013 , 1.914 , 91.68 , 145.70
3229 , 16437 , 72.67 , -81.7 , 21 , 15.54 , 14.000 , 1.926 , 92.52 , 144.86
3239 , 16482 , 72.09 , -81.8 , 21 , 15.49 , 14.005 , 1.943 , 93.40 , 143.97
3249 , 16530 , 71.48 , -81.8 , 21 , 15.44 , 13.894 , 1.944 , 94.34 , 143.03
3259 , 16578 , 70.87 , -82.0 , 21 , 15.38 , 13.665 , 1.928 , 95.27 , 142.10
3269 , 16620 , 70.33 , -82.2 , 21 , 15.32 , 13.481 , 1.917 , 96.09 , 141.28
3279 , 16663 , 69.79 , -82.1 , 21 , 15.26 , 14.204 , 2.035 , 96.93 , 140.44
3289 , 16708 , 69.23 , -82.2 , 21 , 15.20 , 15.177 , 2.192 , 97.87 , 139.51
3299 , 16751 , 68.70 , -82.3 , 21 , 15.15 , 15.101 , 2.198 , 98.79 , 138.59
3309 , 16795 , 68.16 , -82.6 , 21 , 15.09 , 14.943 , 2.192 , 99.71 , 137.66
3319 , 16838 , 67.64 , -82.7 , 21 , 15.03 , 14.711 , 2.175 , 100.62 , 136.75
3329 , 16883 , 67.10 , -82.7 , 21 , 14.98 , 14.479 , 2.158 , 101.54 , 135.84
3339 , 16929 , 66.55 , -82.8 , 21 , 14.92 , 14.237 , 2.139 , 102.48 , 134.90
3349 , 16974 , 66.01 , -82.9 , 21 , 14.86 , 13.877 , 2.102 , 103.37 , 134.00
3359 , 17019 , 65.48 , -83.0 , 21 , 14.80 , 13.611 , 2.079 , 104.25 , 133.12
3369 , 17065 , 64.94 , -83.3 , 21 , 14.74 , 14.076 , 2.168 , 105.15 , 132.22
3379 , 17113 , 64.38 , -83.6 , 20 , 14.68 , 14.251 , 2.214 , 106.13 , 131.25
3389 , 17158 , 63.85 , -83.6 , 20 , 14.62 , 14.364 , 2.250 , 107.05 , 130.33
3399 , 17205 , 63.32 , -83.5 , 20 , 14.57 , 14.059 , 2.220 , 107.99 , 129.38
3408 , 17248 , 62.83 , -83.5 , 20 , 14.51 , 13.683 , 2.178 , 108.83 , 128.54
3418 , 17292 , 62.33 , -83.4 , 20 , 14.46 , 13.310 , 2.135 , 109.69 , 127.69
3428 , 17339 , 61.81 , -83.5 , 20 , 14.40 , 13.219 , 2.139 , 110.56 , 126.81
3438 , 17387 , 61.28 , -83.6 , 20 , 14.34 , 13.197 , 2.154 , 111.47 , 125.90
3448 , 17435 , 60.75 , -83.8 , 20 , 14.28 , 13.370 , 2.201 , 112.37 , 125.01
3458 , 17478 , 60.28 , -84.1 , 20 , 14.22 , 13.507 , 2.241 , 113.21 , 124.17
3468 , 17523 , 59.79 , -84.2 , 20 , 14.16 , 13.563 , 2.269 , 114.08 , 123.30
3478 , 17570 , 59.29 , -84.3 , 20 , 14.10 , 13.743 , 2.318 , 114.98 , 122.40
3488 , 17615 , 58.80 , -84.3 , 20 , 14.04 , 13.714 , 2.332 , 115.87 , 121.50
3498 , 17661 , 58.31 , -84.4 , 20 , 13.98 , 13.310 , 2.283 , 116.76 , 120.61
3508 , 17706 , 57.85 , -84.4 , 20 , 13.92 , 12.719 , 2.199 , 117.58 , 119.79
3518 , 17751 , 57.37 , -84.6 , 20 , 13.86 , 12.961 , 2.259 , 118.42 , 118.95
3527 , 17795 , 56.92 , -84.9 , 20 , 13.80 , 13.787 , 2.422 , 119.26 , 118.12
3537 , 17836 , 56.50 , -85.2 , 20 , 13.74 , 13.710 , 2.427 , 120.07 , 117.31
3547 , 17881 , 56.04 , -85.5 , 20 , 13.68 , 13.341 , 2.381 , 120.93 , 116.44
3557 , 17922 , 55.62 , -85.6 , 20 , 13.62 , 12.922 , 2.323 , 121.71 , 115.66
3567 , 17964 , 55.19 , -85.5 , 20 , 13.57 , 12.750 , 2.310 , 122.50 , 114.88
3577 , 18006 , 54.78 , -85.5 , 20 , 13.50 , 12.674 , 2.314 , 123.26 , 114.12
3587 , 18049 , 54.35 , -85.3 , 20 , 13.44 , 12.694 , 2.336 , 124.04 , 113.34
3597 , 18092 , 53.92 , -84.9 , 20 , 13.38 , 12.799 , 2.374 , 124.83 , 112.54
3607 , 18134 , 53.51 , -84.7 , 20 , 13.32 , 12.861 , 2.403 , 125.60 , 111.77
3617 , 18176 , 53.11 , -84.7 , 20 , 13.26 , 12.524 , 2.358 , 126.36 , 111.02
3627 , 18217 , 52.72 , -84.7 , 20 , 13.20 , 12.297 , 2.332 , 127.08 , 110.29
3637 , 18259 , 52.32 , -84.7 , 20 , 13.14 , 12.109 , 2.314 , 127.81 , 109.56
3647 , 18301 , 51.92 , -84.7 , 20 , 13.08 , 12.102 , 2.331 , 128.55 , 108.83
3657 , 18344 , 51.51 , -84.7 , 20 , 13.02 , 11.956 , 2.321 , 129.29 , 108.08
3667 , 18389 , 51.10 , -84.7 , 20 , 12.96 , 11.945 , 2.337 , 130.05 , 107.32
3677 , 18433 , 50.70 , -84.6 , 20 , 12.91 , 12.012 , 2.369 , 130.81 , 106.57
3687 , 18477 , 50.29 , -84.7 , 20 , 12.85 , 12.195 , 2.425 , 131.57 , 105.80
3697 , 18523 , 49.87 , -84.8 , 20 , 12.78 , 12.061 , 2.419 , 132.38 , 105.00
3707 , 18568 , 49.47 , -84.9 , 20 , 12.72 , 11.555 , 2.336 , 133.13 , 104.24
3717 , 18614 , 49.05 , -85.3 , 20 , 12.66 , 11.090 , 2.261 , 133.88 , 103.49
3727 , 18661 , 48.63 , -85.7 , 20 , 12.60 , 10.823 , 2.225 , 134.63 , 102.75
3737 , 18709 , 48.22 , -85.9 , 20 , 12.54 , 10.759 , 2.231 , 135.36 , 102.02
3747 , 18757 , 47.79 , -86.1 , 20 , 12.48 , 12.935 , 2.706 , 136.18 , 101.19
3757 , 18804 , 47.39 , -86.1 , 20 , 12.42 , 12.662 , 2.672 , 137.04 , 100.33
3767 , 18849 , 46.99 , -86.1 , 20 , 12.37 , 11.807 , 2.512 , 137.85 , 99.53
3777 , 18894 , 46.61 , -86.1 , 20 , 12.30 , 11.242 , 2.412 , 138.60 , 98.78
3787 , 18940 , 46.22 , -86.2 , 20 , 12.25 , 10.839 , 2.345 , 139.33 , 98.05
3797 , 18987 , 45.83 , -86.2 , 20 , 12.19 , 10.616 , 2.316 , 140.05 , 97.33
3807 , 19034 , 45.44 , -86.1 , 20 , 12.13 , 12.168 , 2.678 , 140.82 , 96.56
3817 , 19078 , 45.07 , -86.0 , 21 , 12.07 , 11.952 , 2.652 , 141.59 , 95.78
3827 , 19124 , 44.69 , -86.0 , 21 , 12.01 , 11.444 , 2.560 , 142.37 , 95.01
3837 , 19170 , 44.32 , -86.1 , 21 , 11.95 , 11.268 , 2.542 , 143.12 , 94.26
3846 , 19214 , 43.96 , -86.3 , 21 , 11.89 , 11.191 , 2.546 , 143.84 , 93.54
3856 , 19257 , 43.62 , -86.3 , 21 , 11.83 , 11.063 , 2.536 , 144.52 , 92.85
3866 , 19306 , 43.23 , -86.3 , 21 , 11.77 , 11.058 , 2.558 , 145.30 , 92.07
3876 , 19353 , 42.86 , -86.2 , 22 , 11.71 , 11.105 , 2.591 , 146.06 , 91.31
3886 , 19405 , 42.46 , -86.3 , 22 , 11.64 , 11.195 , 2.637 , 146.88 , 90.49
3896 , 19453 , 42.08 , -86.5 , 22 , 11.58 , 11.319 , 2.689 , 147.67 , 89.70
3906 , 19501 , 41.71 , -86.7 , 22 , 11.51 , 11.427 , 2.740 , 148.47 , 88.91
3916 , 19549 , 41.35 , -87.0 , 22 , 11.44 , 11.438 , 2.766 , 149.25 , 88.12
3926 , 19600 , 40.97 , -87.4 , 22 , 11.38 , 11.388 , 2.780 , 150.10 , 87.28
3936 , 19648 , 40.60 , -87.4 , 22 , 11.31 , 11.434 , 2.816 , 150.90 , 86.47
3946 , 19697 , 40.24 , -87.5 , 23 , 11.24 , 11.335 , 2.817 , 151.71 , 85.67
3956 , 19746 , 39.88 , -87.5 , 23 , 11.18 , 11.156 , 2.797 , 152.51 , 84.87
3966 , 19793 , 39.54 , -87.5 , 23 , 11.12 , 11.113 , 2.811 , 153.26 , 84.11
3976 , 19841 , 39.19 , -87.6 , 23 , 11.06 , 11.073 , 2.826 , 154.04 , 83.33
3986 , 19889 , 38.84 , -87.8 , 23 , 10.99 , 11.061 , 2.848 , 154.81 , 82.56
3996 , 19942 , 38.47 , -87.6 , 23 , 10.93 , 11.048 , 2.872 , 155.66 , 81.72
4006 , 19991 , 38.12 , -87.9 , 23 , 10.86 , 11.039 , 2.896 , 156.45 , 80.93
4016 , 20039 , 37.79 , -88.1 , 23 , 10.80 , 10.892 , 2.882 , 157.21 , 80.17
4025 , 20079 , 37.51 , -88.1 , 23 , 10.74 , 10.790 , 2.877 , 157.84 , 79.53
4088 , 20362 , 35.60 , -88.3 , 24 , 10.35 , 10.843 , 3.046 , 162.31 , 75.07
4094 , 20387 , 35.43 , -88.3 , 24 , 10.30 , 10.597 , 2.991 , 162.70 , 74.67
4104 , 20431 , 35.14 , -88.5 , 24 , 10.24 , 10.223 , 2.909 , 163.37 , 74.00
4114 , 20477 , 34.85 , -88.6 , 24 , 10.18 , 9.820 , 2.818 , 164.04 , 73.34
4124 , 20521 , 34.56 , -88.5 , 24 , 10.12 , 9.338 , 2.702 , 164.66 , 72.72
4134 , 20563 , 34.30 , -88.4 , 24 , 10.05 , 8.603 , 2.508 , 165.20 , 72.17
4144 , 20604 , 34.04 , -88.4 , 24 , 9.99 , 8.088 , 2.376 , 165.70 , 71.67
4153 , 20646 , 33.78 , -88.3 , 24 , 9.94 , 7.744 , 2.293 , 166.19 , 71.18
4163 , 20689 , 33.51 , -88.3 , 24 , 9.88 , 7.706 , 2.300 , 166.67 , 70.70
4173 , 20737 , 33.21 , -88.4 , 24 , 9.82 , 8.704 , 2.621 , 167.25 , 70.13
4183 , 20781 , 32.94 , -88.5 , 24 , 9.76 , 7.929 , 2.407 , 167.79 , 69.59
4193 , 20828 , 32.66 , -88.5 , 24 , 9.71 , 7.531 , 2.306 , 168.31 , 69.06
4203 , 20875 , 32.37 , -88.3 , 24 , 9.65 , 7.593 , 2.346 , 168.84 , 68.54
4213 , 20923 , 32.09 , -88.1 , 24 , 9.59 , 7.366 , 2.295 , 169.35 , 68.02
4223 , 20969 , 31.82 , -88.1 , 24 , 9.54 , 7.094 , 2.229 , 169.84 , 67.53
4233 , 21017 , 31.54 , -88.0 , 24 , 9.48 , 6.983 , 2.214 , 170.33 , 67.05
4242 , 21061 , 31.28 , -88.1 , 24 , 9.42 , 6.942 , 2.219 , 170.78 , 66.59
4252 , 21108 , 31.01 , -88.0 , 24 , 9.37 , 6.876 , 2.217 , 171.25 , 66.12
4262 , 21156 , 30.74 , -87.9 , 24 , 9.31 , 6.832 , 2.223 , 171.74 , 65.64
4272 , 21206 , 30.46 , -87.6 , 24 , 9.25 , 6.716 , 2.205 , 172.22 , 65.15
4282 , 21250 , 30.21 , -87.4 , 24 , 9.19 , 6.533 , 2.162 , 172.65 , 64.72
4292 , 21300 , 29.94 , -87.5 , 24 , 9.13 , 6.443 , 2.152 , 173.12 , 64.26
4302 , 21347 , 29.67 , -87.4 , 25 , 9.08 , 6.363 , 2.144 , 173.56 , 63.82
4312 , 21397 , 29.40 , -87.6 , 25 , 9.02 , 7.092 , 2.412 , 174.04 , 63.33
4322 , 21444 , 29.15 , -87.7 , 25 , 8.96 , 7.952 , 2.728 , 174.56 , 62.82
4332 , 21494 , 28.88 , -87.9 , 25 , 8.90 , 7.682 , 2.660 , 175.13 , 62.25
4342 , 21541 , 28.63 , -88.0 , 25 , 8.84 , 7.430 , 2.595 , 175.64 , 61.73
4352 , 21590 , 28.38 , -88.2 , 25 , 8.79 , 7.259 , 2.558 , 176.17 , 61.21
4362 , 21640 , 28.11 , -88.2 , 25 , 8.73 , 7.104 , 2.527 , 176.69 , 60.68
4372 , 21692 , 27.85 , -88.1 , 25 , 8.67 , 6.851 , 2.460 , 177.22 , 60.16
4382 , 21744 , 27.58 , -88.2 , 25 , 8.61 , 6.820 , 2.473 , 177.74 , 59.64
4392 , 21794 , 27.33 , -87.9 , 25 , 8.56 , 6.451 , 2.361 , 178.22 , 59.15
4402 , 21845 , 27.07 , -87.6 , 25 , 8.50 , 6.680 , 2.467 , 178.71 , 58.67
4412 , 21896 , 26.82 , -87.6 , 25 , 8.44 , 7.951 , 2.965 , 179.25 , 58.13
4422 , 21945 , 26.58 , -87.6 , 25 , 8.39 , 7.833 , 2.947 , 179.81 , 57.56
4432 , 21997 , 26.32 , -87.8 , 25 , 8.33 , 7.690 , 2.921 , 180.40 , 56.97
4442 , 22046 , 26.09 , -87.6 , 25 , 8.27 , 7.593 , 2.910 , 180.94 , 56.44
4451 , 22095 , 25.85 , -87.5 , 25 , 8.22 , 7.496 , 2.900 , 181.48 , 55.90
4460 , 22141 , 25.64 , -87.4 , 25 , 8.17 , 7.381 , 2.879 , 181.98 , 55.40
4470 , 22190 , 25.41 , -87.8 , 25 , 8.12 , 7.305 , 2.875 , 182.50 , 54.87
4480 , 22238 , 25.18 , -88.1 , 25 , 8.06 , 7.159 , 2.843 , 183.00 , 54.37
4490 , 22285 , 24.96 , -88.4 , 25 , 8.01 , 6.913 , 2.769 , 183.49 , 53.88
4500 , 22334 , 24.74 , -88.3 , 25 , 7.95 , 6.760 , 2.732 , 183.97 , 53.40
4510 , 22381 , 24.53 , -88.1 , 25 , 7.90 , 6.767 , 2.759 , 184.44 , 52.94
4520 , 22433 , 24.29 , -87.8 , 25 , 7.84 , 6.786 , 2.793 , 184.95 , 52.42
4530 , 22479 , 24.09 , -87.6 , 25 , 7.79 , 6.739 , 2.798 , 185.41 , 51.97
4540 , 22529 , 23.87 , -87.5 , 25 , 7.74 , 6.688 , 2.802 , 185.89 , 51.48
4550 , 22576 , 23.66 , -87.5 , 25 , 7.69 , 6.636 , 2.805 , 186.35 , 51.03
4560 , 22624 , 23.45 , -86.9 , 25 , 7.63 , 6.552 , 2.794 , 186.80 , 50.57
4570 , 22671 , 23.25 , -86.9 , 26 , 7.58 , 6.421 , 2.762 , 187.24 , 50.13
4580 , 22721 , 23.04 , -87.0 , 26 , 7.53 , 6.368 , 2.764 , 187.71 , 49.66
4590 , 22768 , 22.84 , -87.1 , 26 , 7.48 , 6.403 , 2.803 , 188.15 , 49.23
4600 , 22819 , 22.63 , -87.3 , 26 , 7.44 , 6.192 , 2.736 , 188.61 , 48.77
4610 , 22867 , 22.43 , -87.4 , 26 , 7.40 , 5.876 , 2.620 , 189.03 , 48.34
4620 , 22917 , 22.22 , -87.2 , 26 , 7.36 , 5.643 , 2.539 , 189.45 , 47.93
4630 , 22969 , 22.01 , -87.4 , 26 , 7.32 , 5.521 , 2.508 , 189.87 , 47.50
4640 , 23017 , 21.82 , -87.6 , 26 , 7.27 , 5.475 , 2.509 , 190.25 , 47.12
4650 , 23065 , 21.63 , -87.7 , 26 , 7.24 , 5.432 , 2.512 , 190.63 , 46.74
4659 , 23114 , 21.43 , -87.7 , 25 , 7.19 , 5.378 , 2.509 , 191.01 , 46.36
4669 , 23162 , 21.24 , -87.7 , 25 , 7.16 , 5.352 , 2.520 , 191.39 , 45.98
4679 , 23215 , 21.04 , -87.3 , 25 , 7.12 , 5.275 , 2.507 , 191.80 , 45.57
4689 , 23264 , 20.85 , -86.9 , 25 , 7.08 , 5.233 , 2.510 , 192.18 , 45.20
4699 , 23316 , 20.65 , -86.8 , 25 , 7.04 , 5.294 , 2.563 , 192.57 , 44.81
4709 , 23369 , 20.45 , -86.8 , 26 , 6.99 , 5.349 , 2.615 , 192.98 , 44.40
4719 , 23423 , 20.25 , -87.2 , 26 , 6.95 , 5.391 , 2.662 , 193.40 , 43.98
4729 , 23475 , 20.06 , -87.3 , 26 , 6.90 , 5.343 , 2.664 , 193.80 , 43.57
4739 , 23527 , 19.87 , -87.2 , 26 , 6.86 , 5.341 , 2.688 , 194.21 , 43.17
4749 , 23583 , 19.66 , -87.1 , 26 , 6.81 , 5.291 , 2.691 , 194.64 , 42.74
4759 , 23637 , 19.47 , -87.1 , 26 , 6.77 , 5.257 , 2.700 , 195.05 , 42.32
4769 , 23692 , 19.27 , -87.2 , 26 , 6.72 , 5.210 , 2.704 , 195.47 , 41.90
4778 , 23743 , 19.09 , -87.1 , 26 , 6.68 , 5.244 , 2.746 , 195.85 , 41.52
4788 , 23794 , 18.92 , -87.0 , 26 , 6.63 , 5.204 , 2.751 , 196.24 , 41.13
4798 , 23844 , 18.74 , -87.2 , 26 , 6.58 , 5.033 , 2.685 , 196.61 , 40.76
4808 , 23897 , 18.56 , -87.1 , 26 , 6.53 , 4.895 , 2.637 , 196.99 , 40.39
4818 , 23949 , 18.39 , -86.9 , 25 , 6.48 , 4.796 , 2.608 , 197.36 , 40.02
4828 , 24000 , 18.21 , -86.5 , 25 , 6.43 , 4.715 , 2.589 , 197.71 , 39.67
4838 , 24052 , 18.04 , -86.4 , 25 , 6.38 , 4.630 , 2.566 , 198.06 , 39.31
4847 , 24100 , 17.89 , -86.4 , 26 , 6.33 , 4.559 , 2.549 , 198.37 , 39.00
4857 , 24150 , 17.72 , -86.3 , 26 , 6.27 , 4.485 , 2.531 , 198.71 , 38.67
4867 , 24202 , 17.55 , -86.0 , 25 , 6.22 , 4.447 , 2.534 , 199.04 , 38.33
4877 , 24252 , 17.39 , -85.9 , 25 , 6.17 , 4.428 , 2.546 , 199.36 , 38.01
4887 , 24303 , 17.23 , -85.5 , 25 , 6.11 , 4.399 , 2.553 , 199.68 , 37.69
4897 , 24353 , 17.08 , -85.4 , 26 , 6.06 , 4.392 , 2.572 , 200.00 , 37.38
4907 , 24404 , 16.92 , -85.5 , 26 , 6.00 , 4.416 , 2.610 , 200.32 , 37.05
4917 , 24459 , 16.75 , -85.8 , 26 , 5.95 , 4.438 , 2.650 , 200.67 , 36.70
4927 , 24508 , 16.60 , -85.7 , 25 , 5.89 , 4.374 , 2.635 , 200.98 , 36.39
4937 , 24559 , 16.45 , -85.9 , 25 , 5.84 , 4.343 , 2.640 , 201.30 , 36.07
4947 , 24612 , 16.29 , -86.2 , 25 , 5.79 , 4.323 , 2.654 , 201.63 , 35.74
4957 , 24669 , 16.12 , -86.4 , 25 , 5.73 , 4.256 , 2.640 , 201.98 , 35.39
4967 , 24721 , 15.97 , -86.7 , 25 , 5.68 , 4.221 , 2.643 , 202.30 , 35.07
4977 , 24774 , 15.81 , -86.5 , 25 , 5.62 , 4.205 , 2.659 , 202.63 , 34.75
4987 , 24831 , 15.65 , -86.4 , 25 , 5.57 , 4.200 , 2.684 , 202.97 , 34.40
4997 , 24886 , 15.49 , -86.5 , 25 , 5.52 , 4.178 , 2.697 , 203.31 , 34.07
5007 , 24936 , 15.35 , -86.4 , 25 , 5.47 , 4.167 , 2.714 , 203.61 , 33.77
5017 , 24988 , 15.21 , -86.0 , 25 , 5.41 , 4.164 , 2.738 , 203.92 , 33.45
5027 , 25042 , 15.06 , -86.0 , 25 , 5.36 , 4.160 , 2.763 , 204.24 , 33.13
5037 , 25095 , 14.91 , -86.1 , 25 , 5.31 , 4.069 , 2.729 , 204.56 , 32.82
5047 , 25146 , 14.77 , -85.7 , 25 , 5.26 , 3.984 , 2.697 , 204.85 , 32.52
5057 , 25200 , 14.63 , -85.4 , 25 , 5.21 , 3.901 , 2.666 , 205.16 , 32.22
5067 , 25253 , 14.49 , -85.2 , 25 , 5.16 , 3.816 , 2.634 , 205.45 , 31.92
5076 , 25300 , 14.36 , -85.2 , 25 , 5.11 , 3.756 , 2.614 , 205.71 , 31.67
5086 , 25345 , 14.25 , -84.8 , 25 , 5.07 , 3.742 , 2.626 , 205.95 , 31.43
5096 , 25391 , 14.13 , -84.7 , 25 , 5.03 , 3.715 , 2.629 , 206.19 , 31.18
5106 , 25439 , 14.01 , -84.9 , 25 , 4.99 , 3.628 , 2.590 , 206.45 , 30.93
5116 , 25490 , 13.88 , -84.9 , 25 , 4.94 , 3.640 , 2.623 , 206.71 , 30.66
5126 , 25536 , 13.76 , -84.6 , 25 , 4.89 , 3.613 , 2.625 , 206.95 , 30.42
5136 , 25586 , 13.64 , -84.6 , 25 , 4.84 , 3.595 , 2.636 , 207.21 , 30.17
5146 , 25635 , 13.52 , -84.2 , 24 , 4.79 , 3.587 , 2.653 , 207.46 , 29.92
5156 , 25684 , 13.40 , -84.1 , 24 , 4.74 , 3.594 , 2.682 , 207.71 , 29.66
5166 , 25732 , 13.28 , -84.1 , 24 , 4.68 , 3.593 , 2.705 , 207.96 , 29.42
5176 , 25780 , 13.17 , -84.0 , 24 , 4.63 , 3.595 , 2.730 , 208.20 , 29.17
5186 , 25829 , 13.05 , -83.6 , 24 , 4.58 , 3.601 , 2.758 , 208.46 , 28.92
5196 , 25876 , 12.94 , -83.2 , 24 , 4.53 , 3.611 , 2.790 , 208.69 , 28.68
5206 , 25921 , 12.84 , -83.1 , 24 , 4.49 , 3.607 , 2.810 , 208.92 , 28.45
5216 , 25972 , 12.72 , -83.2 , 24 , 4.44 , 3.593 , 2.824 , 209.18 , 28.19
5226 , 26024 , 12.60 , -83.3 , 24 , 4.39 , 3.562 , 2.826 , 209.45 , 27.93
5236 , 26072 , 12.50 , -83.4 , 24 , 4.34 , 3.529 , 2.824 , 209.69 , 27.69
5246 , 26121 , 12.39 , -83.4 , 23 , 4.30 , 3.526 , 2.847 , 209.93 , 27.44
5256 , 26169 , 12.28 , -83.3 , 23 , 4.25 , 3.527 , 2.872 , 210.17 , 27.20
5266 , 26216 , 12.18 , -82.4 , 23 , 4.20 , 3.489 , 2.865 , 210.41 , 26.96
5276 , 26265 , 12.07 , -82.5 , 23 , 4.16 , 3.440 , 2.850 , 210.65 , 26.73
5286 , 26312 , 11.97 , -82.7 , 23 , 4.11 , 3.426 , 2.862 , 210.88 , 26.49
5296 , 26361 , 11.86 , -82.9 , 23 , 4.06 , 3.408 , 2.873 , 211.12 , 26.26
5306 , 26411 , 11.76 , -82.8 , 23 , 4.02 , 3.390 , 2.883 , 211.36 , 26.02
5316 , 26456 , 11.66 , -82.6 , 22 , 3.97 , 3.351 , 2.873 , 211.57 , 25.80
5326 , 26504 , 11.56 , -82.2 , 22 , 3.93 , 3.313 , 2.865 , 211.80 , 25.58
5336 , 26550 , 11.47 , -82.0 , 22 , 3.88 , 3.297 , 2.875 , 212.01 , 25.36
5345 , 26592 , 11.38 , -81.8 , 22 , 3.84 , 3.282 , 2.883 , 212.21 , 25.17
5355 , 26638 , 11.29 , -81.8 , 22 , 3.80 , 3.272 , 2.898 , 212.42 , 24.96
5365 , 26681 , 11.20 , -81.4 , 21 , 3.76 , 3.233 , 2.886 , 212.62 , 24.76
5375 , 26717 , 11.13 , -80.7 , 21 , 3.73 , 3.211 , 2.885 , 212.78 , 24.60
5385 , 26760 , 11.05 , -80.3 , 21 , 3.69 , 3.216 , 2.912 , 212.97 , 24.40
5395 , 26807 , 10.96 , -80.2 , 21 , 3.67 , 3.188 , 2.910 , 213.18 , 24.19
5404 , 26844 , 10.88 , -80.3 , 21 , 3.64 , 3.158 , 2.901 , 213.35 , 24.03
5414 , 26883 , 10.81 , -80.0 , 20 , 3.62 , 3.129 , 2.895 , 213.52 , 23.86
5424 , 26927 , 10.72 , -79.9 , 20 , 3.60 , 3.090 , 2.882 , 213.71 , 23.66
5434 , 26974 , 10.64 , -79.7 , 20 , 3.58 , 3.060 , 2.876 , 213.91 , 23.47
5444 , 27022 , 10.55 , -79.8 , 20 , 3.55 , 3.059 , 2.900 , 214.12 , 23.26
5454 , 27063 , 10.47 , -78.8 , 19 , 3.53 , 3.023 , 2.887 , 214.29 , 23.09
5464 , 27109 , 10.39 , -78.2 , 19 , 3.51 , 2.963 , 2.852 , 214.48 , 22.89
5474 , 27153 , 10.31 , -77.9 , 19 , 3.49 , 2.945 , 2.857 , 214.66 , 22.72
5484 , 27198 , 10.23 , -77.7 , 18 , 3.46 , 2.871 , 2.808 , 214.84 , 22.54
5493 , 27242 , 10.15 , -77.8 , 18 , 3.43 , 2.871 , 2.829 , 215.02 , 22.36
5503 , 27289 , 10.07 , -77.9 , 18 , 3.40 , 2.848 , 2.829 , 215.20 , 22.18
5513 , 27340 , 9.97 , -78.0 , 18 , 3.37 , 2.802 , 2.809 , 215.40 , 21.97
5523 , 27385 , 9.90 , -78.1 , 17 , 3.34 , 2.762 , 2.791 , 215.57 , 21.80
