# ------------------------------------------------------------
#
# Flight name: V1709
# Station: Davis
# Launch Date: 11 August 2009
# Launch Time: 23:42:41
# 
# This file created: Wed Aug 12 12:33:37 2009
# 
# 
# ------------------------------------------------------------
# DATA COLUMNS
# Time (s)
# Height (m)
# Atmospheric Pressure (hPa)
# Atmospheric Temperature (°C)
# Relative Humidity (%)
# Box Temperature (°C)
# Ozone Partial Pressure (mPa)
# Ozone Mixing Ratio (ppmV)
# Accumulated Ozone to this Height (Dobson Units)
# Remaining Ozone above this Height (Dobson Units)
# 
# ------------------------------------------------------------
# 
# Integrated Ozone = 178.5 DU
# Extrapolated Ozone =  62.2 DU
# 
# Total Ozone = 240.6 DU
# 
# 
# ------------------------------------------------------------
0 , 18 , 987.85 , -12.8 , 68 , 36.45 , 2.173 , 0.022 , 0.00 , 240.63
10 , 57 , 982.82 , -11.4 , 71 , 36.47 , 2.468 , 0.025 , 0.09 , 240.53
19 , 99 , 977.45 , -11.6 , 70 , 36.48 , 2.771 , 0.028 , 0.21 , 240.42
29 , 146 , 971.45 , -12.0 , 70 , 36.49 , 2.960 , 0.030 , 0.35 , 240.28
39 , 188 , 966.12 , -12.2 , 73 , 36.49 , 3.101 , 0.032 , 0.48 , 240.15
49 , 229 , 960.85 , -12.5 , 74 , 36.48 , 3.139 , 0.033 , 0.61 , 240.02
59 , 271 , 955.70 , -12.8 , 76 , 36.47 , 3.171 , 0.033 , 0.75 , 239.88
69 , 311 , 950.70 , -13.1 , 77 , 36.46 , 3.197 , 0.034 , 0.88 , 239.75
79 , 356 , 945.05 , -13.5 , 78 , 36.46 , 3.201 , 0.034 , 1.03 , 239.60
89 , 408 , 938.63 , -13.9 , 79 , 36.46 , 3.203 , 0.034 , 1.20 , 239.43
99 , 460 , 932.15 , -14.4 , 81 , 36.46 , 3.186 , 0.034 , 1.38 , 239.25
109 , 514 , 925.51 , -14.9 , 84 , 36.45 , 3.133 , 0.034 , 1.55 , 239.07
119 , 566 , 919.19 , -15.2 , 85 , 36.44 , 3.153 , 0.034 , 1.72 , 238.90
129 , 627 , 911.78 , -15.6 , 85 , 36.41 , 3.129 , 0.034 , 1.92 , 238.70
139 , 689 , 904.36 , -16.1 , 86 , 36.39 , 3.107 , 0.034 , 2.13 , 238.50
149 , 741 , 898.07 , -16.5 , 86 , 36.37 , 3.073 , 0.034 , 2.30 , 238.33
159 , 786 , 892.71 , -16.7 , 88 , 36.36 , 3.059 , 0.034 , 2.44 , 238.19
169 , 831 , 887.43 , -17.0 , 90 , 36.35 , 3.041 , 0.034 , 2.58 , 238.05
179 , 885 , 881.08 , -17.4 , 91 , 36.34 , 3.004 , 0.034 , 2.75 , 237.87
189 , 933 , 875.44 , -17.9 , 94 , 36.32 , 2.963 , 0.034 , 2.91 , 237.72
199 , 985 , 869.31 , -18.2 , 93 , 36.30 , 2.957 , 0.034 , 3.07 , 237.56
209 , 1037 , 863.24 , -18.7 , 94 , 36.27 , 2.934 , 0.034 , 3.23 , 237.40
219 , 1096 , 856.46 , -19.2 , 96 , 36.25 , 2.909 , 0.034 , 3.41 , 237.21
229 , 1148 , 850.54 , -19.5 , 94 , 36.25 , 2.896 , 0.034 , 3.57 , 237.06
239 , 1199 , 844.67 , -19.9 , 92 , 36.23 , 2.874 , 0.034 , 3.73 , 236.90
249 , 1251 , 838.77 , -20.4 , 93 , 36.22 , 2.854 , 0.034 , 3.89 , 236.74
259 , 1303 , 832.94 , -20.8 , 93 , 36.20 , 2.845 , 0.034 , 4.05 , 236.58
269 , 1357 , 826.79 , -21.1 , 90 , 36.17 , 2.822 , 0.034 , 4.21 , 236.42
279 , 1411 , 820.85 , -21.2 , 90 , 36.12 , 2.799 , 0.034 , 4.37 , 236.26
289 , 1466 , 814.68 , -21.2 , 92 , 36.08 , 2.740 , 0.034 , 4.54 , 236.09
299 , 1521 , 808.66 , -20.0 , 92 , 36.02 , 2.722 , 0.034 , 4.70 , 235.93
309 , 1574 , 802.91 , -19.5 , 90 , 35.97 , 2.704 , 0.034 , 4.85 , 235.78
319 , 1631 , 796.81 , -19.3 , 89 , 35.94 , 2.680 , 0.034 , 5.01 , 235.62
328 , 1685 , 790.98 , -19.0 , 90 , 35.91 , 2.634 , 0.033 , 5.17 , 235.46
338 , 1735 , 785.70 , -18.9 , 90 , 35.87 , 2.588 , 0.033 , 5.30 , 235.32
348 , 1786 , 780.38 , -19.0 , 89 , 35.86 , 2.568 , 0.033 , 5.44 , 235.19
358 , 1842 , 774.46 , -19.3 , 89 , 35.85 , 2.554 , 0.033 , 5.60 , 235.03
368 , 1899 , 768.59 , -19.8 , 89 , 35.85 , 2.541 , 0.033 , 5.75 , 234.88
378 , 1953 , 763.05 , -20.0 , 89 , 35.83 , 2.536 , 0.033 , 5.89 , 234.73
388 , 2008 , 757.35 , -20.1 , 87 , 35.78 , 2.519 , 0.033 , 6.04 , 234.59
398 , 2063 , 751.75 , -20.1 , 84 , 35.74 , 2.516 , 0.033 , 6.19 , 234.44
408 , 2122 , 745.80 , -20.6 , 86 , 35.71 , 2.507 , 0.034 , 6.35 , 234.28
418 , 2176 , 740.36 , -21.0 , 91 , 35.69 , 2.490 , 0.034 , 6.49 , 234.14
428 , 2232 , 734.79 , -21.4 , 90 , 35.65 , 2.476 , 0.034 , 6.64 , 233.99
438 , 2292 , 728.81 , -22.0 , 85 , 35.62 , 2.461 , 0.034 , 6.80 , 233.83
448 , 2351 , 722.95 , -22.4 , 84 , 35.60 , 2.466 , 0.034 , 6.96 , 233.67
458 , 2411 , 717.07 , -22.9 , 85 , 35.56 , 2.464 , 0.034 , 7.12 , 233.51
468 , 2470 , 711.34 , -23.4 , 83 , 35.51 , 2.453 , 0.034 , 7.27 , 233.36
478 , 2527 , 705.79 , -23.8 , 83 , 35.46 , 2.470 , 0.035 , 7.42 , 233.21
488 , 2594 , 699.41 , -24.3 , 83 , 35.40 , 2.451 , 0.035 , 7.60 , 233.03
498 , 2653 , 693.69 , -24.6 , 84 , 35.36 , 2.455 , 0.035 , 7.76 , 232.87
508 , 2715 , 687.83 , -25.1 , 87 , 35.34 , 2.432 , 0.035 , 7.92 , 232.71
518 , 2779 , 681.83 , -25.4 , 84 , 35.30 , 2.423 , 0.036 , 8.09 , 232.54
528 , 2841 , 675.97 , -25.7 , 83 , 35.27 , 2.389 , 0.035 , 8.25 , 232.37
538 , 2904 , 670.10 , -25.9 , 83 , 35.24 , 2.365 , 0.035 , 8.42 , 232.21
548 , 2966 , 664.41 , -26.3 , 84 , 35.19 , 2.329 , 0.035 , 8.58 , 232.05
558 , 3029 , 658.65 , -26.5 , 85 , 35.15 , 2.288 , 0.035 , 8.73 , 231.89
568 , 3092 , 652.93 , -26.9 , 85 , 35.10 , 2.252 , 0.034 , 8.89 , 231.74
578 , 3148 , 647.88 , -27.2 , 85 , 35.05 , 2.238 , 0.035 , 9.03 , 231.60
588 , 3208 , 642.50 , -27.7 , 85 , 35.01 , 2.189 , 0.034 , 9.17 , 231.45
598 , 3266 , 637.35 , -28.0 , 84 , 34.98 , 2.181 , 0.034 , 9.31 , 231.32
608 , 3329 , 631.72 , -28.4 , 83 , 34.95 , 2.154 , 0.034 , 9.46 , 231.16
618 , 3392 , 626.19 , -28.7 , 82 , 34.89 , 2.128 , 0.034 , 9.61 , 231.02
628 , 3451 , 621.03 , -29.1 , 82 , 34.83 , 2.113 , 0.034 , 9.75 , 230.88
637 , 3507 , 616.26 , -29.5 , 84 , 34.81 , 2.091 , 0.034 , 9.88 , 230.75
647 , 3565 , 611.25 , -29.9 , 83 , 34.78 , 2.076 , 0.034 , 10.01 , 230.62
657 , 3629 , 605.72 , -30.5 , 81 , 34.75 , 2.073 , 0.034 , 10.16 , 230.47
667 , 3687 , 600.84 , -30.9 , 82 , 34.70 , 2.065 , 0.034 , 10.29 , 230.33
677 , 3746 , 595.82 , -31.4 , 84 , 34.65 , 2.042 , 0.034 , 10.43 , 230.20
687 , 3813 , 590.22 , -31.9 , 84 , 34.60 , 2.044 , 0.035 , 10.58 , 230.05
697 , 3874 , 585.15 , -32.3 , 83 , 34.57 , 2.013 , 0.034 , 10.72 , 229.91
707 , 3939 , 579.79 , -32.8 , 82 , 34.53 , 1.989 , 0.034 , 10.87 , 229.76
717 , 4005 , 574.38 , -33.3 , 82 , 34.49 , 1.979 , 0.034 , 11.01 , 229.62
727 , 4069 , 569.12 , -33.9 , 82 , 34.45 , 1.994 , 0.035 , 11.16 , 229.47
737 , 4133 , 563.98 , -34.3 , 82 , 34.40 , 1.965 , 0.035 , 11.30 , 229.33
747 , 4195 , 558.93 , -34.8 , 82 , 34.36 , 1.936 , 0.035 , 11.44 , 229.19
757 , 4258 , 553.97 , -35.3 , 81 , 34.32 , 1.906 , 0.034 , 11.57 , 229.06
767 , 4317 , 549.26 , -35.7 , 80 , 34.28 , 1.893 , 0.034 , 11.70 , 228.93
777 , 4381 , 544.22 , -36.1 , 81 , 34.24 , 1.875 , 0.034 , 11.84 , 228.79
787 , 4445 , 539.20 , -36.6 , 79 , 34.20 , 1.887 , 0.035 , 11.97 , 228.65
797 , 4507 , 534.44 , -37.1 , 80 , 34.16 , 1.889 , 0.035 , 12.11 , 228.52
807 , 4569 , 529.64 , -37.5 , 80 , 34.14 , 1.870 , 0.035 , 12.24 , 228.39
817 , 4629 , 525.07 , -38.0 , 78 , 34.09 , 1.861 , 0.035 , 12.37 , 228.26
827 , 4690 , 520.36 , -38.5 , 75 , 34.04 , 1.837 , 0.035 , 12.50 , 228.13
837 , 4751 , 515.82 , -39.1 , 74 , 34.00 , 1.830 , 0.035 , 12.63 , 228.00
847 , 4808 , 511.51 , -39.5 , 71 , 33.97 , 1.796 , 0.035 , 12.75 , 227.88
857 , 4868 , 507.02 , -40.0 , 71 , 33.92 , 1.783 , 0.035 , 12.87 , 227.76
867 , 4926 , 502.74 , -40.5 , 72 , 33.87 , 1.788 , 0.036 , 12.99 , 227.64
877 , 4990 , 498.08 , -41.0 , 70 , 33.83 , 1.764 , 0.035 , 13.12 , 227.51
887 , 5048 , 493.80 , -41.3 , 69 , 33.76 , 1.731 , 0.035 , 13.24 , 227.39
897 , 5107 , 489.56 , -41.0 , 72 , 33.72 , 1.705 , 0.035 , 13.36 , 227.27
907 , 5167 , 485.23 , -41.0 , 72 , 33.69 , 1.707 , 0.035 , 13.48 , 227.15
917 , 5227 , 480.96 , -41.2 , 71 , 33.65 , 1.716 , 0.036 , 13.60 , 227.03
927 , 5289 , 476.58 , -41.6 , 70 , 33.63 , 1.706 , 0.036 , 13.72 , 226.91
936 , 5352 , 472.18 , -42.1 , 70 , 33.59 , 1.700 , 0.036 , 13.84 , 226.78
946 , 5415 , 467.76 , -42.6 , 70 , 33.54 , 1.691 , 0.036 , 13.97 , 226.66
956 , 5485 , 462.96 , -43.2 , 70 , 33.50 , 1.673 , 0.036 , 14.11 , 226.52
966 , 5551 , 458.42 , -43.6 , 68 , 33.46 , 1.669 , 0.036 , 14.24 , 226.39
976 , 5613 , 454.22 , -43.9 , 68 , 33.42 , 1.650 , 0.036 , 14.36 , 226.27
986 , 5675 , 450.06 , -44.2 , 68 , 33.38 , 1.629 , 0.036 , 14.48 , 226.15
996 , 5735 , 446.00 , -44.7 , 68 , 33.34 , 1.630 , 0.037 , 14.59 , 226.04
1006 , 5805 , 441.38 , -45.3 , 69 , 33.29 , 1.614 , 0.037 , 14.73 , 225.90
1016 , 5870 , 437.11 , -45.9 , 69 , 33.24 , 1.591 , 0.036 , 14.85 , 225.78
1026 , 5931 , 433.09 , -46.3 , 69 , 33.21 , 1.594 , 0.037 , 14.97 , 225.66
1036 , 5990 , 429.23 , -46.6 , 69 , 33.17 , 1.597 , 0.037 , 15.08 , 225.55
1046 , 6052 , 425.24 , -47.1 , 70 , 33.12 , 1.584 , 0.037 , 15.20 , 225.43
1056 , 6115 , 421.24 , -47.6 , 70 , 33.07 , 1.575 , 0.037 , 15.31 , 225.32
1066 , 6178 , 417.22 , -48.1 , 70 , 33.02 , 1.586 , 0.038 , 15.43 , 225.20
1076 , 6242 , 413.16 , -48.6 , 70 , 32.96 , 1.576 , 0.038 , 15.55 , 225.07
1086 , 6304 , 409.30 , -49.1 , 69 , 32.92 , 1.584 , 0.039 , 15.67 , 224.96
1096 , 6367 , 405.39 , -49.6 , 67 , 32.87 , 1.584 , 0.039 , 15.79 , 224.84
1106 , 6428 , 401.64 , -50.1 , 67 , 32.81 , 1.549 , 0.039 , 15.91 , 224.72
1116 , 6492 , 397.68 , -50.6 , 66 , 32.76 , 1.506 , 0.038 , 16.03 , 224.60
1126 , 6561 , 393.51 , -51.0 , 66 , 32.71 , 1.539 , 0.039 , 16.15 , 224.48
1136 , 6627 , 389.52 , -51.5 , 65 , 32.64 , 1.582 , 0.041 , 16.28 , 224.35
1146 , 6696 , 385.38 , -52.0 , 65 , 32.59 , 1.600 , 0.042 , 16.41 , 224.22
1156 , 6760 , 381.62 , -52.5 , 65 , 32.53 , 1.565 , 0.041 , 16.53 , 224.09
1166 , 6820 , 378.07 , -52.8 , 64 , 32.48 , 1.547 , 0.041 , 16.65 , 223.98
1176 , 6895 , 373.70 , -53.3 , 64 , 32.41 , 1.531 , 0.041 , 16.79 , 223.84
1186 , 6966 , 369.59 , -53.7 , 66 , 32.35 , 1.482 , 0.040 , 16.92 , 223.71
1196 , 7033 , 365.77 , -54.2 , 66 , 32.29 , 1.448 , 0.040 , 17.04 , 223.59
1206 , 7092 , 362.40 , -54.5 , 66 , 32.23 , 1.403 , 0.039 , 17.15 , 223.48
1216 , 7150 , 359.11 , -54.9 , 66 , 32.18 , 1.395 , 0.039 , 17.25 , 223.38
1226 , 7221 , 355.17 , -55.4 , 65 , 32.11 , 1.384 , 0.039 , 17.37 , 223.26
1235 , 7289 , 351.38 , -56.0 , 65 , 32.05 , 1.363 , 0.039 , 17.48 , 223.14
1244 , 7345 , 348.29 , -56.4 , 65 , 32.00 , 1.355 , 0.039 , 17.58 , 223.05
1254 , 7409 , 344.79 , -56.9 , 65 , 31.96 , 1.340 , 0.039 , 17.69 , 222.94
1264 , 7473 , 341.31 , -57.4 , 65 , 31.91 , 1.314 , 0.038 , 17.79 , 222.84
1274 , 7540 , 337.71 , -58.0 , 66 , 31.85 , 1.289 , 0.038 , 17.90 , 222.73
1284 , 7606 , 334.18 , -58.5 , 67 , 31.80 , 1.264 , 0.038 , 18.01 , 222.62
1294 , 7682 , 330.14 , -59.2 , 65 , 31.74 , 1.255 , 0.038 , 18.13 , 222.50
1304 , 7747 , 326.75 , -59.8 , 65 , 31.67 , 1.248 , 0.038 , 18.23 , 222.40
1314 , 7807 , 323.65 , -60.4 , 65 , 31.61 , 1.241 , 0.038 , 18.32 , 222.30
1324 , 7868 , 320.45 , -60.9 , 66 , 31.56 , 1.227 , 0.038 , 18.42 , 222.21
1334 , 7935 , 317.03 , -61.4 , 65 , 31.50 , 1.221 , 0.039 , 18.52 , 222.10
1344 , 7995 , 313.99 , -61.9 , 64 , 31.44 , 1.213 , 0.039 , 18.62 , 222.01
1354 , 8057 , 310.82 , -62.4 , 63 , 31.38 , 1.199 , 0.039 , 18.71 , 221.91
1364 , 8127 , 307.32 , -63.0 , 62 , 31.31 , 1.193 , 0.039 , 18.82 , 221.81
1374 , 8185 , 304.46 , -63.4 , 62 , 31.25 , 1.195 , 0.039 , 18.91 , 221.72
1384 , 8241 , 301.66 , -63.5 , 65 , 31.18 , 1.240 , 0.041 , 19.00 , 221.63
1394 , 8307 , 298.45 , -63.8 , 65 , 31.13 , 1.246 , 0.042 , 19.10 , 221.53
1404 , 8369 , 295.42 , -64.0 , 64 , 31.06 , 1.227 , 0.042 , 19.20 , 221.43
1414 , 8428 , 292.58 , -64.1 , 61 , 31.00 , 1.264 , 0.043 , 19.30 , 221.33
1424 , 8486 , 289.83 , -64.3 , 57 , 30.93 , 1.324 , 0.046 , 19.39 , 221.24
1434 , 8546 , 287.02 , -64.6 , 54 , 30.86 , 1.315 , 0.046 , 19.49 , 221.13
1444 , 8608 , 284.13 , -65.0 , 54 , 30.79 , 1.317 , 0.046 , 19.60 , 221.03
1454 , 8676 , 280.97 , -65.3 , 53 , 30.73 , 1.247 , 0.044 , 19.71 , 220.92
1464 , 8734 , 278.27 , -65.4 , 53 , 30.66 , 1.192 , 0.043 , 19.81 , 220.82
1473 , 8782 , 276.11 , -65.6 , 52 , 30.59 , 1.183 , 0.043 , 19.88 , 220.75
1483 , 8823 , 274.25 , -65.8 , 52 , 30.52 , 1.251 , 0.046 , 19.94 , 220.68
1493 , 8871 , 272.06 , -65.9 , 52 , 30.45 , 1.349 , 0.050 , 20.03 , 220.60
1503 , 8933 , 269.31 , -66.0 , 51 , 30.38 , 1.366 , 0.051 , 20.13 , 220.49
1512 , 8984 , 267.06 , -65.9 , 48 , 30.30 , 1.314 , 0.049 , 20.22 , 220.40
1522 , 9030 , 265.01 , -66.0 , 39 , 30.22 , 1.201 , 0.045 , 20.30 , 220.33
1532 , 9079 , 262.90 , -66.1 , 37 , 30.16 , 1.134 , 0.043 , 20.37 , 220.25
1541 , 9129 , 260.73 , -66.5 , 36 , 30.09 , 1.128 , 0.043 , 20.45 , 220.18
1551 , 9173 , 258.85 , -66.7 , 35 , 30.02 , 1.157 , 0.045 , 20.51 , 220.12
1561 , 9218 , 256.94 , -66.8 , 36 , 29.95 , 1.206 , 0.047 , 20.58 , 220.05
1571 , 9264 , 254.99 , -67.0 , 36 , 29.88 , 1.246 , 0.049 , 20.66 , 219.97
1581 , 9318 , 252.70 , -67.2 , 35 , 29.81 , 1.313 , 0.052 , 20.75 , 219.88
1591 , 9369 , 250.56 , -67.4 , 35 , 29.73 , 1.485 , 0.059 , 20.84 , 219.79
1601 , 9414 , 248.72 , -67.7 , 34 , 29.67 , 1.618 , 0.065 , 20.93 , 219.70
1611 , 9458 , 246.90 , -67.9 , 34 , 29.60 , 1.689 , 0.068 , 21.03 , 219.60
1621 , 9500 , 245.16 , -68.1 , 34 , 29.54 , 1.718 , 0.070 , 21.12 , 219.51
1631 , 9543 , 243.40 , -68.2 , 34 , 29.46 , 1.733 , 0.071 , 21.22 , 219.41
1641 , 9589 , 241.57 , -68.5 , 34 , 29.38 , 1.727 , 0.071 , 21.32 , 219.31
1651 , 9632 , 239.83 , -68.7 , 35 , 29.32 , 1.742 , 0.073 , 21.42 , 219.21
1661 , 9675 , 238.11 , -68.9 , 36 , 29.25 , 1.741 , 0.073 , 21.52 , 219.11
1671 , 9718 , 236.41 , -68.8 , 36 , 29.18 , 1.731 , 0.073 , 21.62 , 219.01
1681 , 9761 , 234.72 , -68.8 , 36 , 29.11 , 1.686 , 0.072 , 21.72 , 218.91
1691 , 9804 , 233.03 , -68.9 , 36 , 29.04 , 1.665 , 0.071 , 21.81 , 218.82
1701 , 9859 , 230.91 , -69.1 , 36 , 28.98 , 1.767 , 0.077 , 21.94 , 218.69
1711 , 9911 , 228.88 , -69.1 , 35 , 28.91 , 1.826 , 0.080 , 22.06 , 218.57
1721 , 9958 , 227.11 , -69.2 , 35 , 28.83 , 1.809 , 0.080 , 22.17 , 218.46
1731 , 10005 , 225.31 , -69.2 , 33 , 28.76 , 1.697 , 0.075 , 22.28 , 218.35
1741 , 10046 , 223.78 , -69.2 , 32 , 28.69 , 1.590 , 0.071 , 22.37 , 218.26
1751 , 10087 , 222.25 , -69.2 , 31 , 28.63 , 1.630 , 0.073 , 22.46 , 218.17
1761 , 10131 , 220.61 , -69.4 , 30 , 28.56 , 1.989 , 0.090 , 22.56 , 218.07
1771 , 10173 , 219.06 , -69.4 , 30 , 28.49 , 2.319 , 0.106 , 22.68 , 217.95
1781 , 10215 , 217.54 , -69.4 , 29 , 28.43 , 2.778 , 0.128 , 22.82 , 217.80
1791 , 10254 , 216.10 , -69.5 , 29 , 28.36 , 3.221 , 0.149 , 22.98 , 217.65
1801 , 10295 , 214.64 , -69.7 , 28 , 28.29 , 3.486 , 0.162 , 23.16 , 217.47
1811 , 10335 , 213.21 , -69.8 , 28 , 28.22 , 3.641 , 0.171 , 23.35 , 217.28
1821 , 10375 , 211.77 , -69.9 , 28 , 28.14 , 3.733 , 0.176 , 23.55 , 217.08
1831 , 10416 , 210.31 , -69.9 , 27 , 28.07 , 3.838 , 0.182 , 23.75 , 216.88
1841 , 10458 , 208.83 , -70.0 , 27 , 27.99 , 3.920 , 0.188 , 23.97 , 216.66
1851 , 10499 , 207.41 , -70.2 , 26 , 27.93 , 4.024 , 0.194 , 24.18 , 216.45
1860 , 10539 , 206.01 , -70.3 , 26 , 27.86 , 4.092 , 0.199 , 24.40 , 216.23
1870 , 10580 , 204.58 , -70.1 , 26 , 27.79 , 4.164 , 0.204 , 24.63 , 216.00
1880 , 10623 , 203.10 , -70.2 , 25 , 27.72 , 4.246 , 0.209 , 24.87 , 215.76
1890 , 10666 , 201.63 , -70.3 , 25 , 27.65 , 4.280 , 0.212 , 25.11 , 215.52
1900 , 10710 , 200.16 , -70.3 , 25 , 27.58 , 4.389 , 0.219 , 25.36 , 215.27
1910 , 10752 , 198.75 , -70.3 , 24 , 27.51 , 4.508 , 0.227 , 25.61 , 215.02
1920 , 10792 , 197.41 , -70.5 , 24 , 27.44 , 4.659 , 0.236 , 25.85 , 214.77
1930 , 10832 , 196.08 , -70.5 , 24 , 27.37 , 4.766 , 0.243 , 26.11 , 214.52
1940 , 10874 , 194.69 , -70.5 , 24 , 27.31 , 4.833 , 0.248 , 26.38 , 214.25
1950 , 10917 , 193.30 , -70.3 , 23 , 27.24 , 4.938 , 0.255 , 26.65 , 213.98
1960 , 10957 , 192.00 , -70.3 , 23 , 27.18 , 5.056 , 0.263 , 26.92 , 213.71
1970 , 10998 , 190.67 , -70.2 , 23 , 27.10 , 5.115 , 0.268 , 27.20 , 213.43
1980 , 11040 , 189.32 , -70.2 , 23 , 27.02 , 5.194 , 0.274 , 27.48 , 213.14
1990 , 11085 , 187.90 , -70.5 , 22 , 26.94 , 5.271 , 0.281 , 27.80 , 212.83
2000 , 11127 , 186.56 , -70.4 , 22 , 26.87 , 5.303 , 0.284 , 28.09 , 212.53
2010 , 11170 , 185.23 , -70.5 , 22 , 26.80 , 5.369 , 0.290 , 28.40 , 212.23
2020 , 11210 , 183.97 , -70.7 , 22 , 26.74 , 5.409 , 0.294 , 28.69 , 211.94
2030 , 11252 , 182.68 , -70.9 , 21 , 26.67 , 5.462 , 0.299 , 28.99 , 211.64
2040 , 11294 , 181.39 , -71.0 , 21 , 26.60 , 5.483 , 0.302 , 29.29 , 211.33
2050 , 11335 , 180.15 , -71.0 , 21 , 26.54 , 5.526 , 0.307 , 29.59 , 211.04
2060 , 11374 , 178.94 , -70.8 , 21 , 26.46 , 5.584 , 0.312 , 29.89 , 210.74
2070 , 11416 , 177.70 , -70.8 , 21 , 26.39 , 5.650 , 0.318 , 30.20 , 210.43
2080 , 11457 , 176.46 , -70.9 , 21 , 26.32 , 5.718 , 0.324 , 30.51 , 210.12
2090 , 11498 , 175.26 , -71.1 , 20 , 26.24 , 5.762 , 0.329 , 30.82 , 209.81
2100 , 11537 , 174.11 , -71.1 , 20 , 26.16 , 5.834 , 0.335 , 31.12 , 209.51
2110 , 11577 , 172.91 , -71.1 , 20 , 26.09 , 5.845 , 0.338 , 31.44 , 209.19
2120 , 11620 , 171.68 , -71.0 , 20 , 26.00 , 5.884 , 0.343 , 31.77 , 208.86
2130 , 11664 , 170.40 , -71.0 , 20 , 25.92 , 5.969 , 0.350 , 32.12 , 208.51
2140 , 11706 , 169.19 , -71.1 , 20 , 25.85 , 6.101 , 0.361 , 32.46 , 208.17
2150 , 11746 , 168.05 , -71.1 , 19 , 25.79 , 6.246 , 0.372 , 32.79 , 207.84
2159 , 11785 , 166.94 , -71.0 , 19 , 25.73 , 6.362 , 0.381 , 33.12 , 207.51
2169 , 11826 , 165.81 , -71.2 , 19 , 25.67 , 6.445 , 0.389 , 33.46 , 207.17
2179 , 11867 , 164.64 , -71.4 , 19 , 25.61 , 6.491 , 0.394 , 33.82 , 206.81
2189 , 11907 , 163.52 , -71.4 , 19 , 25.54 , 6.490 , 0.397 , 34.17 , 206.46
2199 , 11949 , 162.39 , -71.2 , 18 , 25.47 , 6.543 , 0.403 , 34.53 , 206.10
2209 , 11990 , 161.25 , -71.1 , 18 , 25.40 , 6.627 , 0.411 , 34.89 , 205.73
2219 , 12032 , 160.11 , -71.1 , 18 , 25.34 , 6.649 , 0.415 , 35.27 , 205.36
2229 , 12074 , 158.99 , -71.3 , 18 , 25.27 , 6.639 , 0.418 , 35.64 , 204.99
2239 , 12115 , 157.88 , -71.4 , 18 , 25.20 , 6.664 , 0.422 , 36.00 , 204.63
2249 , 12157 , 156.77 , -71.3 , 18 , 25.13 , 6.688 , 0.427 , 36.38 , 204.25
2259 , 12198 , 155.69 , -71.4 , 18 , 25.06 , 6.727 , 0.432 , 36.74 , 203.89
2269 , 12239 , 154.60 , -71.5 , 17 , 24.98 , 6.796 , 0.440 , 37.12 , 203.51
2279 , 12281 , 153.51 , -71.6 , 17 , 24.91 , 6.826 , 0.445 , 37.50 , 203.13
2289 , 12322 , 152.45 , -71.6 , 17 , 24.84 , 6.856 , 0.450 , 37.87 , 202.76
2299 , 12362 , 151.41 , -71.5 , 17 , 24.77 , 6.854 , 0.453 , 38.24 , 202.39
2309 , 12403 , 150.36 , -71.3 , 17 , 24.71 , 6.930 , 0.461 , 38.62 , 202.01
2319 , 12446 , 149.27 , -71.3 , 17 , 24.64 , 7.045 , 0.472 , 39.02 , 201.61
2329 , 12489 , 148.19 , -71.5 , 17 , 24.57 , 7.123 , 0.481 , 39.42 , 201.20
2339 , 12530 , 147.17 , -71.6 , 17 , 24.50 , 7.193 , 0.489 , 39.82 , 200.81
2349 , 12571 , 146.14 , -71.8 , 17 , 24.43 , 7.273 , 0.498 , 40.22 , 200.41
2359 , 12612 , 145.14 , -71.9 , 17 , 24.36 , 7.305 , 0.503 , 40.61 , 200.02
2369 , 12653 , 144.12 , -71.7 , 16 , 24.30 , 7.419 , 0.515 , 41.02 , 199.61
2379 , 12695 , 143.09 , -71.7 , 16 , 24.23 , 7.512 , 0.525 , 41.44 , 199.18
2389 , 12737 , 142.08 , -71.7 , 16 , 24.16 , 7.552 , 0.531 , 41.86 , 198.76
2399 , 12778 , 141.09 , -71.8 , 16 , 24.09 , 7.604 , 0.539 , 42.28 , 198.35
2409 , 12821 , 140.07 , -72.0 , 16 , 24.03 , 7.693 , 0.549 , 42.72 , 197.91
2419 , 12863 , 139.08 , -72.2 , 16 , 23.96 , 7.766 , 0.558 , 43.16 , 197.47
2429 , 12905 , 138.10 , -72.1 , 16 , 23.89 , 7.855 , 0.569 , 43.59 , 197.04
2439 , 12948 , 137.07 , -72.2 , 16 , 23.83 , 8.019 , 0.585 , 44.06 , 196.57
2449 , 12994 , 136.03 , -72.2 , 16 , 23.76 , 8.131 , 0.598 , 44.55 , 196.08
2459 , 13038 , 135.01 , -72.3 , 16 , 23.69 , 8.102 , 0.600 , 45.03 , 195.60
2468 , 13078 , 134.09 , -72.4 , 16 , 23.62 , 7.991 , 0.596 , 45.46 , 195.17
2477 , 13115 , 133.25 , -72.3 , 16 , 23.57 , 7.951 , 0.597 , 45.85 , 194.77
2487 , 13154 , 132.36 , -72.5 , 16 , 23.51 , 7.949 , 0.601 , 46.27 , 194.35
2497 , 13197 , 131.40 , -72.6 , 16 , 23.44 , 7.979 , 0.607 , 46.73 , 193.90
2507 , 13240 , 130.45 , -72.7 , 15 , 23.38 , 8.038 , 0.616 , 47.19 , 193.43
2517 , 13282 , 129.52 , -72.8 , 15 , 23.32 , 8.091 , 0.625 , 47.65 , 192.98
2527 , 13322 , 128.64 , -72.9 , 15 , 23.25 , 8.144 , 0.633 , 48.09 , 192.54
2537 , 13362 , 127.75 , -72.9 , 15 , 23.18 , 8.204 , 0.642 , 48.53 , 192.10
2547 , 13401 , 126.91 , -72.8 , 15 , 23.12 , 8.319 , 0.656 , 48.96 , 191.66
2557 , 13442 , 126.02 , -72.8 , 15 , 23.05 , 8.489 , 0.674 , 49.43 , 191.20
2567 , 13485 , 125.11 , -72.8 , 15 , 22.98 , 8.646 , 0.691 , 49.92 , 190.71
2577 , 13525 , 124.24 , -72.8 , 15 , 22.91 , 8.748 , 0.704 , 50.40 , 190.23
2587 , 13566 , 123.39 , -72.9 , 15 , 22.85 , 8.740 , 0.708 , 50.87 , 189.76
2597 , 13606 , 122.55 , -72.9 , 14 , 22.78 , 8.652 , 0.706 , 51.34 , 189.29
2607 , 13644 , 121.75 , -72.9 , 14 , 22.72 , 8.482 , 0.697 , 51.78 , 188.85
2616 , 13680 , 121.01 , -72.9 , 14 , 22.66 , 8.359 , 0.691 , 52.19 , 188.44
2626 , 13716 , 120.26 , -72.8 , 14 , 22.59 , 8.167 , 0.679 , 52.59 , 188.03
2636 , 13754 , 119.48 , -72.7 , 14 , 22.53 , 7.929 , 0.664 , 53.01 , 187.62
2646 , 13794 , 118.67 , -72.5 , 14 , 22.47 , 7.730 , 0.651 , 53.43 , 187.20
2656 , 13834 , 117.88 , -72.5 , 14 , 22.41 , 7.934 , 0.673 , 53.84 , 186.79
2666 , 13873 , 117.09 , -72.7 , 14 , 22.35 , 8.388 , 0.716 , 54.27 , 186.36
2676 , 13913 , 116.30 , -72.8 , 14 , 22.29 , 8.842 , 0.760 , 54.73 , 185.89
2686 , 13955 , 115.47 , -72.8 , 14 , 22.22 , 9.214 , 0.798 , 55.24 , 185.38
2696 , 13996 , 114.66 , -72.8 , 13 , 22.16 , 9.546 , 0.833 , 55.76 , 184.86
2706 , 14037 , 113.86 , -72.8 , 13 , 22.09 , 9.843 , 0.864 , 56.30 , 184.33
2716 , 14078 , 113.07 , -72.7 , 13 , 22.02 , 10.029 , 0.887 , 56.85 , 183.78
2726 , 14122 , 112.23 , -72.8 , 13 , 21.96 , 10.212 , 0.910 , 57.45 , 183.18
2736 , 14162 , 111.46 , -72.8 , 13 , 21.89 , 10.358 , 0.929 , 58.00 , 182.63
2746 , 14204 , 110.68 , -72.9 , 13 , 21.83 , 10.481 , 0.947 , 58.58 , 182.05
2756 , 14245 , 109.90 , -73.2 , 14 , 21.76 , 10.607 , 0.965 , 59.17 , 181.46
2766 , 14286 , 109.13 , -73.3 , 14 , 21.69 , 10.695 , 0.980 , 59.76 , 180.87
2776 , 14328 , 108.35 , -73.4 , 14 , 21.62 , 10.711 , 0.989 , 60.37 , 180.26
2785 , 14368 , 107.60 , -73.6 , 14 , 21.55 , 10.694 , 0.994 , 60.95 , 179.68
2795 , 14410 , 106.84 , -73.8 , 14 , 21.48 , 10.621 , 0.994 , 61.55 , 179.08
2805 , 14451 , 106.08 , -73.9 , 14 , 21.42 , 10.508 , 0.991 , 62.14 , 178.49
2815 , 14493 , 105.32 , -74.0 , 14 , 21.35 , 10.317 , 0.980 , 62.73 , 177.90
2825 , 14536 , 104.55 , -74.0 , 14 , 21.28 , 10.120 , 0.968 , 63.33 , 177.30
2835 , 14578 , 103.80 , -74.1 , 14 , 21.21 , 9.906 , 0.954 , 63.89 , 176.74
2845 , 14620 , 103.06 , -74.2 , 14 , 21.15 , 9.788 , 0.950 , 64.45 , 176.18
2855 , 14663 , 102.29 , -74.2 , 14 , 21.08 , 9.697 , 0.948 , 65.02 , 175.60
2865 , 14708 , 101.50 , -74.2 , 14 , 21.01 , 9.578 , 0.944 , 65.61 , 175.02
2875 , 14753 , 100.73 , -74.0 , 14 , 20.94 , 9.265 , 0.920 , 66.18 , 174.45
2885 , 14797 , 99.97 , -73.9 , 14 , 20.88 , 8.995 , 0.900 , 66.73 , 173.90
2895 , 14841 , 99.22 , -74.0 , 14 , 20.81 , 8.868 , 0.894 , 67.26 , 173.37
2905 , 14885 , 98.48 , -74.2 , 14 , 20.74 , 8.754 , 0.889 , 67.78 , 172.85
2915 , 14927 , 97.78 , -74.3 , 14 , 20.67 , 8.649 , 0.885 , 68.27 , 172.36
2925 , 14969 , 97.07 , -74.2 , 14 , 20.61 , 8.597 , 0.886 , 68.76 , 171.86
2935 , 15010 , 96.39 , -74.2 , 14 , 20.54 , 8.549 , 0.887 , 69.24 , 171.39
2945 , 15052 , 95.69 , -74.3 , 14 , 20.48 , 8.443 , 0.882 , 69.73 , 170.90
2955 , 15095 , 94.98 , -74.3 , 14 , 20.41 , 8.364 , 0.881 , 70.22 , 170.40
2965 , 15139 , 94.28 , -74.5 , 14 , 20.34 , 8.352 , 0.886 , 70.71 , 169.92
2975 , 15182 , 93.58 , -74.7 , 14 , 20.28 , 8.394 , 0.897 , 71.20 , 169.43
2985 , 15224 , 92.90 , -74.7 , 14 , 20.21 , 8.440 , 0.908 , 71.68 , 168.94
2995 , 15265 , 92.25 , -74.7 , 14 , 20.14 , 8.539 , 0.926 , 72.16 , 168.47
3005 , 15306 , 91.60 , -74.8 , 14 , 20.08 , 8.752 , 0.955 , 72.64 , 167.99
3015 , 15347 , 90.96 , -74.9 , 14 , 20.01 , 9.026 , 0.992 , 73.14 , 167.49
3025 , 15387 , 90.34 , -75.1 , 14 , 19.95 , 9.227 , 1.021 , 73.63 , 167.00
3035 , 15425 , 89.75 , -75.2 , 14 , 19.89 , 9.371 , 1.044 , 74.11 , 166.52
3045 , 15462 , 89.17 , -75.3 , 14 , 19.83 , 9.483 , 1.063 , 74.59 , 166.04
3055 , 15499 , 88.60 , -75.2 , 14 , 19.77 , 9.666 , 1.091 , 75.07 , 165.56
3065 , 15538 , 88.00 , -75.2 , 14 , 19.71 , 9.920 , 1.127 , 75.60 , 165.03
3075 , 15577 , 87.42 , -75.1 , 14 , 19.65 , 10.117 , 1.157 , 76.12 , 164.51
3085 , 15615 , 86.84 , -75.1 , 14 , 19.59 , 10.259 , 1.181 , 76.66 , 163.97
3094 , 15653 , 86.28 , -75.0 , 14 , 19.53 , 10.390 , 1.204 , 77.18 , 163.44
3103 , 15689 , 85.75 , -75.1 , 14 , 19.48 , 10.488 , 1.223 , 77.70 , 162.93
3113 , 15728 , 85.17 , -75.0 , 14 , 19.42 , 10.656 , 1.251 , 78.26 , 162.37
3123 , 15768 , 84.58 , -74.8 , 14 , 19.36 , 10.994 , 1.300 , 78.85 , 161.78
3133 , 15809 , 84.00 , -74.6 , 13 , 19.30 , 11.569 , 1.377 , 79.47 , 161.16
3143 , 15850 , 83.40 , -74.6 , 13 , 19.24 , 12.131 , 1.455 , 80.13 , 160.50
3153 , 15892 , 82.80 , -74.8 , 13 , 19.18 , 12.476 , 1.507 , 80.84 , 159.79
3163 , 15935 , 82.19 , -74.8 , 13 , 19.13 , 12.830 , 1.561 , 81.58 , 159.05
3173 , 15980 , 81.55 , -75.0 , 13 , 19.07 , 13.089 , 1.605 , 82.38 , 158.25
3183 , 16026 , 80.91 , -75.1 , 13 , 19.01 , 13.273 , 1.640 , 83.19 , 157.44
3193 , 16069 , 80.31 , -75.4 , 13 , 18.95 , 13.326 , 1.659 , 83.98 , 156.65
3203 , 16113 , 79.70 , -75.2 , 13 , 18.89 , 13.523 , 1.697 , 84.78 , 155.85
3213 , 16156 , 79.11 , -75.2 , 13 , 18.84 , 13.690 , 1.730 , 85.58 , 155.05
3223 , 16200 , 78.52 , -75.2 , 13 , 18.78 , 13.880 , 1.768 , 86.40 , 154.23
3233 , 16243 , 77.94 , -75.2 , 13 , 18.73 , 14.026 , 1.800 , 87.21 , 153.42
3243 , 16286 , 77.36 , -75.3 , 12 , 18.67 , 14.047 , 1.816 , 88.03 , 152.59
3253 , 16330 , 76.77 , -75.3 , 12 , 18.61 , 14.160 , 1.844 , 88.89 , 151.74
3263 , 16375 , 76.17 , -75.3 , 12 , 18.56 , 14.205 , 1.865 , 89.76 , 150.87
3273 , 16421 , 75.58 , -75.2 , 12 , 18.50 , 14.331 , 1.896 , 90.65 , 149.98
3283 , 16466 , 74.99 , -75.2 , 12 , 18.45 , 14.371 , 1.916 , 91.54 , 149.09
3293 , 16510 , 74.42 , -75.3 , 12 , 18.39 , 14.425 , 1.938 , 92.40 , 148.22
3302 , 16552 , 73.88 , -75.4 , 12 , 18.34 , 14.407 , 1.950 , 93.23 , 147.40
3312 , 16595 , 73.33 , -75.6 , 12 , 18.29 , 14.330 , 1.954 , 94.07 , 146.56
3322 , 16639 , 72.79 , -75.7 , 12 , 18.23 , 14.261 , 1.959 , 94.91 , 145.72
3332 , 16682 , 72.24 , -75.7 , 12 , 18.18 , 14.219 , 1.968 , 95.76 , 144.87
3342 , 16725 , 71.70 , -75.8 , 11 , 18.12 , 14.130 , 1.971 , 96.59 , 144.04
3352 , 16767 , 71.19 , -76.0 , 11 , 18.07 , 14.063 , 1.976 , 97.40 , 143.23
3362 , 16808 , 70.68 , -75.8 , 11 , 18.01 , 14.034 , 1.986 , 98.19 , 142.43
3372 , 16850 , 70.17 , -76.0 , 11 , 17.96 , 13.865 , 1.976 , 98.99 , 141.64
3382 , 16892 , 69.67 , -75.8 , 11 , 17.91 , 13.771 , 1.977 , 99.77 , 140.85
3392 , 16932 , 69.18 , -75.7 , 11 , 17.85 , 13.586 , 1.964 , 100.54 , 140.09
3402 , 16975 , 68.67 , -75.7 , 11 , 17.80 , 13.425 , 1.955 , 101.32 , 139.31
3412 , 17017 , 68.17 , -75.8 , 11 , 17.74 , 13.455 , 1.974 , 102.09 , 138.53
3421 , 17057 , 67.70 , -75.9 , 11 , 17.68 , 13.447 , 1.986 , 102.82 , 137.80
3431 , 17095 , 67.25 , -76.0 , 11 , 17.62 , 13.416 , 1.995 , 103.53 , 137.10
3441 , 17136 , 66.78 , -76.2 , 11 , 17.57 , 13.347 , 1.999 , 104.28 , 136.35
3451 , 17179 , 66.28 , -76.2 , 11 , 17.50 , 13.310 , 2.008 , 105.06 , 135.56
3461 , 17221 , 65.80 , -76.2 , 11 , 17.45 , 13.201 , 2.006 , 105.83 , 134.80
3471 , 17263 , 65.33 , -76.1 , 11 , 17.39 , 13.013 , 1.992 , 106.57 , 134.06
3481 , 17305 , 64.85 , -76.2 , 11 , 17.33 , 12.761 , 1.968 , 107.31 , 133.32
3490 , 17345 , 64.40 , -76.3 , 10 , 17.27 , 12.470 , 1.936 , 108.02 , 132.61
3500 , 17388 , 63.93 , -76.1 , 10 , 17.22 , 12.262 , 1.918 , 108.73 , 131.90
3510 , 17434 , 63.41 , -76.2 , 10 , 17.17 , 11.973 , 1.888 , 109.50 , 131.13
3520 , 17479 , 62.92 , -75.9 , 10 , 17.11 , 11.940 , 1.898 , 110.24 , 130.39
3530 , 17523 , 62.44 , -76.0 , 10 , 17.05 , 11.687 , 1.872 , 110.95 , 129.68
3540 , 17568 , 61.96 , -76.3 , 10 , 17.00 , 11.467 , 1.851 , 111.65 , 128.97
3550 , 17613 , 61.48 , -76.4 , 10 , 16.94 , 11.416 , 1.857 , 112.36 , 128.26
3560 , 17657 , 61.01 , -76.6 , 10 , 16.89 , 11.347 , 1.860 , 113.05 , 127.58
3570 , 17701 , 60.55 , -76.5 , 10 , 16.84 , 11.068 , 1.828 , 113.72 , 126.91
3580 , 17745 , 60.09 , -76.7 , 10 , 16.78 , 10.783 , 1.795 , 114.38 , 126.25
3590 , 17790 , 59.62 , -76.8 , 10 , 16.73 , 10.734 , 1.800 , 115.04 , 125.58
3600 , 17835 , 59.15 , -76.7 , 10 , 16.68 , 10.660 , 1.802 , 115.71 , 124.92
3610 , 17879 , 58.70 , -76.7 , 10 , 16.62 , 10.511 , 1.791 , 116.35 , 124.28
3620 , 17923 , 58.25 , -76.6 , 10 , 16.57 , 10.429 , 1.790 , 116.98 , 123.65
3630 , 17966 , 57.81 , -76.6 , 10 , 16.51 , 10.475 , 1.812 , 117.61 , 123.02
3640 , 18011 , 57.37 , -76.5 , 10 , 16.46 , 10.573 , 1.843 , 118.24 , 122.39
3650 , 18055 , 56.93 , -76.5 , 10 , 16.41 , 10.688 , 1.878 , 118.90 , 121.73
3660 , 18100 , 56.49 , -76.4 , 10 , 16.35 , 10.818 , 1.915 , 119.55 , 121.08
3670 , 18145 , 56.05 , -76.4 , 10 , 16.30 , 10.991 , 1.961 , 120.23 , 120.40
3680 , 18188 , 55.63 , -76.6 , 10 , 16.25 , 11.062 , 1.988 , 120.87 , 119.76
3690 , 18230 , 55.22 , -76.7 , 10 , 16.20 , 11.065 , 2.004 , 121.52 , 119.11
3700 , 18274 , 54.80 , -76.7 , 10 , 16.15 , 11.083 , 2.022 , 122.19 , 118.44
3710 , 18318 , 54.38 , -76.8 , 10 , 16.10 , 11.023 , 2.027 , 122.85 , 117.77
3719 , 18358 , 54.01 , -76.7 , 10 , 16.05 , 10.978 , 2.033 , 123.46 , 117.17
3728 , 18397 , 53.64 , -76.4 , 10 , 16.00 , 10.877 , 2.028 , 124.04 , 116.59
3738 , 18438 , 53.26 , -75.9 , 10 , 15.96 , 10.892 , 2.045 , 124.65 , 115.97
3748 , 18481 , 52.87 , -75.9 , 10 , 15.91 , 10.975 , 2.076 , 125.30 , 115.33
3758 , 18525 , 52.47 , -76.1 , 10 , 15.86 , 10.991 , 2.095 , 125.95 , 114.68
3768 , 18570 , 52.06 , -76.1 , 10 , 15.81 , 11.030 , 2.119 , 126.63 , 114.00
3778 , 18616 , 51.65 , -76.3 , 11 , 15.76 , 10.984 , 2.127 , 127.32 , 113.31
3788 , 18660 , 51.25 , -76.5 , 11 , 15.71 , 10.999 , 2.146 , 127.99 , 112.64
3798 , 18705 , 50.85 , -76.6 , 11 , 15.66 , 11.034 , 2.170 , 128.67 , 111.96
3808 , 18750 , 50.46 , -76.8 , 11 , 15.61 , 11.042 , 2.188 , 129.35 , 111.28
3818 , 18796 , 50.06 , -77.0 , 11 , 15.56 , 11.037 , 2.205 , 130.04 , 110.59
3828 , 18839 , 49.68 , -77.0 , 11 , 15.52 , 11.077 , 2.230 , 130.70 , 109.92
3838 , 18883 , 49.30 , -77.2 , 11 , 15.47 , 11.092 , 2.250 , 131.37 , 109.26
3848 , 18927 , 48.93 , -77.3 , 11 , 15.42 , 11.185 , 2.286 , 132.04 , 108.59
3858 , 18971 , 48.56 , -77.2 , 11 , 15.37 , 11.298 , 2.327 , 132.72 , 107.91
3868 , 19014 , 48.19 , -77.0 , 11 , 15.33 , 11.396 , 2.365 , 133.40 , 107.23
3878 , 19059 , 47.82 , -76.9 , 11 , 15.28 , 11.451 , 2.395 , 134.10 , 106.53
3888 , 19103 , 47.45 , -77.0 , 11 , 15.23 , 11.347 , 2.391 , 134.79 , 105.84
3898 , 19148 , 47.08 , -77.2 , 11 , 15.18 , 11.337 , 2.408 , 135.49 , 105.14
3907 , 19190 , 46.74 , -77.2 , 11 , 15.14 , 11.240 , 2.405 , 136.14 , 104.49
3917 , 19235 , 46.37 , -77.3 , 11 , 15.09 , 11.085 , 2.390 , 136.83 , 103.80
3927 , 19281 , 46.00 , -77.2 , 11 , 15.04 , 10.900 , 2.370 , 137.54 , 103.09
3937 , 19328 , 45.62 , -77.3 , 11 , 15.00 , 10.691 , 2.343 , 138.24 , 102.39
3947 , 19375 , 45.25 , -77.2 , 11 , 14.95 , 10.494 , 2.319 , 138.92 , 101.71
3957 , 19422 , 44.88 , -77.2 , 11 , 14.90 , 10.252 , 2.284 , 139.59 , 101.04
3967 , 19467 , 44.53 , -77.3 , 11 , 14.85 , 10.175 , 2.285 , 140.22 , 100.41
3977 , 19514 , 44.17 , -77.4 , 11 , 14.81 , 10.033 , 2.272 , 140.87 , 99.75
3987 , 19561 , 43.81 , -77.6 , 11 , 14.76 , 9.991 , 2.281 , 141.52 , 99.10
3997 , 19609 , 43.44 , -77.9 , 11 , 14.71 , 9.910 , 2.281 , 142.18 , 98.45
4007 , 19655 , 43.09 , -78.2 , 11 , 14.66 , 9.834 , 2.282 , 142.81 , 97.82
4017 , 19702 , 42.74 , -78.2 , 11 , 14.61 , 9.811 , 2.295 , 143.44 , 97.19
4027 , 19747 , 42.40 , -78.0 , 11 , 14.56 , 9.699 , 2.287 , 144.05 , 96.58
4037 , 19792 , 42.07 , -77.9 , 11 , 14.51 , 9.450 , 2.246 , 144.65 , 95.98
4046 , 19833 , 41.77 , -77.9 , 11 , 14.47 , 9.275 , 2.221 , 145.18 , 95.45
4056 , 19877 , 41.45 , -77.8 , 11 , 14.42 , 9.177 , 2.214 , 145.73 , 94.89
4066 , 19923 , 41.11 , -77.8 , 11 , 14.37 , 9.240 , 2.247 , 146.33 , 94.30
4076 , 19971 , 40.78 , -77.7 , 11 , 14.32 , 9.261 , 2.271 , 146.93 , 93.70
4086 , 20017 , 40.45 , -77.8 , 11 , 14.27 , 9.231 , 2.282 , 147.52 , 93.11
4096 , 20064 , 40.12 , -78.0 , 11 , 14.22 , 9.265 , 2.310 , 148.12 , 92.50
4106 , 20111 , 39.78 , -78.1 , 11 , 14.17 , 9.430 , 2.370 , 148.73 , 91.89
4116 , 20157 , 39.47 , -78.0 , 11 , 14.13 , 9.568 , 2.424 , 149.33 , 91.29
4126 , 20202 , 39.16 , -77.7 , 11 , 14.08 , 9.878 , 2.523 , 149.94 , 90.68
4136 , 20251 , 38.83 , -77.8 , 11 , 14.03 , 10.195 , 2.626 , 150.61 , 90.02
4146 , 20297 , 38.51 , -77.8 , 11 , 13.98 , 10.285 , 2.671 , 151.27 , 89.35
4156 , 20344 , 38.20 , -78.0 , 11 , 13.93 , 10.349 , 2.709 , 151.93 , 88.70
4166 , 20391 , 37.89 , -78.2 , 11 , 13.88 , 10.480 , 2.766 , 152.61 , 88.02
4176 , 20437 , 37.58 , -78.1 , 11 , 13.83 , 10.405 , 2.769 , 153.27 , 87.35
4186 , 20485 , 37.27 , -78.1 , 11 , 13.78 , 10.286 , 2.760 , 153.96 , 86.66
4196 , 20533 , 36.95 , -78.3 , 11 , 13.73 , 10.164 , 2.751 , 154.65 , 85.98
4206 , 20582 , 36.64 , -78.2 , 11 , 13.68 , 10.039 , 2.740 , 155.32 , 85.31
4216 , 20629 , 36.34 , -78.3 , 11 , 13.63 , 9.950 , 2.738 , 155.98 , 84.65
4226 , 20675 , 36.05 , -78.2 , 11 , 13.58 , 9.546 , 2.648 , 156.60 , 84.03
4236 , 20720 , 35.76 , -78.3 , 11 , 13.53 , 9.313 , 2.604 , 157.19 , 83.44
4246 , 20766 , 35.48 , -78.4 , 12 , 13.48 , 8.946 , 2.522 , 157.76 , 82.86
4256 , 20810 , 35.20 , -78.4 , 12 , 13.43 , 8.585 , 2.439 , 158.30 , 82.32
4266 , 20855 , 34.92 , -78.6 , 12 , 13.38 , 8.373 , 2.398 , 158.83 , 81.79
4276 , 20900 , 34.65 , -78.8 , 12 , 13.33 , 8.094 , 2.336 , 159.34 , 81.29
4286 , 20948 , 34.36 , -79.0 , 12 , 13.27 , 7.903 , 2.300 , 159.87 , 80.75
4296 , 20998 , 34.05 , -79.3 , 12 , 13.22 , 7.714 , 2.265 , 160.42 , 80.21
4306 , 21047 , 33.77 , -79.5 , 12 , 13.17 , 7.607 , 2.253 , 160.94 , 79.69
4316 , 21093 , 33.49 , -78.9 , 11 , 13.12 , 7.582 , 2.264 , 161.42 , 79.21
4326 , 21136 , 33.24 , -78.7 , 12 , 13.07 , 7.600 , 2.286 , 161.88 , 78.75
4336 , 21181 , 32.98 , -78.9 , 12 , 13.02 , 7.628 , 2.313 , 162.35 , 78.28
4345 , 21222 , 32.74 , -78.9 , 12 , 12.97 , 7.657 , 2.339 , 162.79 , 77.84
4355 , 21262 , 32.51 , -78.8 , 12 , 12.92 , 7.627 , 2.346 , 163.22 , 77.41
4365 , 21305 , 32.27 , -79.0 , 12 , 12.87 , 7.654 , 2.372 , 163.67 , 76.96
4375 , 21349 , 32.02 , -79.1 , 12 , 12.82 , 7.741 , 2.418 , 164.14 , 76.49
4385 , 21392 , 31.77 , -79.2 , 12 , 12.77 , 7.761 , 2.443 , 164.61 , 76.02
4395 , 21435 , 31.54 , -79.2 , 12 , 12.72 , 7.768 , 2.463 , 165.07 , 75.56
4405 , 21479 , 31.29 , -79.2 , 12 , 12.67 , 7.907 , 2.527 , 165.55 , 75.08
4415 , 21522 , 31.05 , -79.4 , 12 , 12.61 , 8.102 , 2.609 , 166.03 , 74.60
4425 , 21565 , 30.82 , -79.6 , 12 , 12.57 , 8.174 , 2.652 , 166.51 , 74.12
4435 , 21607 , 30.59 , -79.8 , 12 , 12.52 , 8.261 , 2.700 , 167.00 , 73.63
4445 , 21649 , 30.37 , -79.8 , 12 , 12.46 , 8.429 , 2.776 , 167.49 , 73.14
4455 , 21694 , 30.13 , -79.7 , 12 , 12.41 , 8.471 , 2.812 , 168.01 , 72.62
4465 , 21737 , 29.90 , -79.7 , 12 , 12.36 , 8.389 , 2.806 , 168.52 , 72.11
4475 , 21778 , 29.68 , -79.7 , 12 , 12.31 , 8.350 , 2.813 , 169.00 , 71.63
4485 , 21824 , 29.44 , -79.8 , 12 , 12.26 , 8.289 , 2.815 , 169.53 , 71.10
4495 , 21868 , 29.22 , -79.9 , 12 , 12.21 , 8.359 , 2.861 , 170.04 , 70.59
4505 , 21912 , 28.99 , -80.0 , 12 , 12.16 , 8.352 , 2.881 , 170.56 , 70.07
4515 , 21959 , 28.75 , -80.1 , 12 , 12.11 , 8.300 , 2.887 , 171.09 , 69.53
4525 , 22005 , 28.52 , -80.1 , 12 , 12.06 , 8.230 , 2.886 , 171.63 , 69.00
4535 , 22053 , 28.28 , -79.8 , 12 , 12.01 , 8.208 , 2.903 , 172.18 , 68.45
4545 , 22103 , 28.02 , -79.8 , 12 , 11.96 , 8.156 , 2.910 , 172.76 , 67.87
4555 , 22152 , 27.79 , -80.0 , 12 , 11.91 , 8.095 , 2.913 , 173.30 , 67.32
4565 , 22202 , 27.54 , -80.2 , 12 , 11.85 , 8.093 , 2.939 , 173.88 , 66.75
4575 , 22254 , 27.29 , -80.3 , 12 , 11.80 , 8.061 , 2.954 , 174.46 , 66.17
4585 , 22306 , 27.04 , -80.4 , 12 , 11.75 , 8.055 , 2.979 , 175.04 , 65.59
4595 , 22358 , 26.79 , -80.7 , 12 , 11.70 , 8.050 , 3.005 , 175.63 , 65.00
4605 , 22408 , 26.55 , -81.0 , 12 , 11.65 , 8.132 , 3.062 , 176.20 , 64.43
4615 , 22459 , 26.31 , -81.2 , 12 , 11.60 , 8.103 , 3.079 , 176.78 , 63.85
4625 , 22510 , 26.07 , -81.2 , 12 , 11.54 , 8.070 , 3.095 , 177.36 , 63.27
4635 , 22561 , 25.84 , -81.4 , 12 , 11.49 , 7.974 , 3.086 , 177.93 , 62.69
4644 , 22610 , 25.61 , -81.4 , 12 , 11.45 , 7.875 , 3.074 , 178.48 , 62.15
