# ------------------------------------------------------------
#
# Flight name: V1609
# Station: Davis
# Launch Date: 04 August 2009
# Launch Time: 23:22:29
# 
# This file created: Wed Aug 05 15:52:58 2009
# 
# 
# ------------------------------------------------------------
# DATA COLUMNS
# Time (s)
# Height (m)
# Atmospheric Pressure (hPa)
# Atmospheric Temperature (°C)
# Relative Humidity (%)
# Box Temperature (°C)
# Ozone Partial Pressure (mPa)
# Ozone Mixing Ratio (ppmV)
# Accumulated Ozone to this Height (Dobson Units)
# Remaining Ozone above this Height (Dobson Units)
# 
# ------------------------------------------------------------
# 
# Integrated Ozone = 123.0 DU
# Extrapolated Ozone =  53.5 DU
# 
# Total Ozone = 176.5 DU
# 
# 
# ------------------------------------------------------------
1 , 18 , 992.07 , -22.6 , 42 , 37.94 , 1.592 , 0.016 , 0.00 , 176.46
9 , 49 , 987.84 , -20.6 , 36 , 37.82 , 2.002 , 0.020 , 0.06 , 176.40
19 , 88 , 982.64 , -20.1 , 32 , 37.66 , 2.325 , 0.024 , 0.15 , 176.31
29 , 128 , 977.39 , -20.4 , 31 , 37.46 , 2.471 , 0.025 , 0.25 , 176.21
39 , 166 , 972.27 , -20.7 , 32 , 37.29 , 2.617 , 0.027 , 0.36 , 176.10
49 , 207 , 966.99 , -20.9 , 33 , 37.12 , 2.691 , 0.028 , 0.47 , 175.99
59 , 248 , 961.56 , -21.2 , 34 , 36.94 , 2.709 , 0.028 , 0.59 , 175.87
69 , 292 , 955.85 , -21.4 , 36 , 36.77 , 2.741 , 0.029 , 0.72 , 175.74
79 , 338 , 949.88 , -21.6 , 39 , 36.60 , 2.738 , 0.029 , 0.86 , 175.60
89 , 382 , 944.30 , -21.8 , 44 , 36.44 , 2.737 , 0.029 , 0.98 , 175.47
99 , 427 , 938.53 , -21.7 , 58 , 36.29 , 2.718 , 0.029 , 1.11 , 175.34
109 , 473 , 932.60 , -21.8 , 72 , 36.15 , 2.680 , 0.029 , 1.25 , 175.21
119 , 518 , 926.92 , -22.2 , 76 , 36.02 , 2.666 , 0.029 , 1.38 , 175.08
129 , 563 , 921.38 , -22.4 , 82 , 35.89 , 2.656 , 0.029 , 1.50 , 174.95
139 , 608 , 915.65 , -22.8 , 84 , 35.78 , 2.642 , 0.029 , 1.63 , 174.82
149 , 652 , 910.17 , -23.1 , 86 , 35.69 , 2.625 , 0.029 , 1.76 , 174.70
159 , 692 , 905.18 , -23.5 , 89 , 35.59 , 2.608 , 0.029 , 1.87 , 174.58
168 , 732 , 900.26 , -23.8 , 91 , 35.49 , 2.610 , 0.029 , 1.99 , 174.47
178 , 774 , 895.09 , -24.1 , 92 , 35.40 , 2.598 , 0.029 , 2.10 , 174.35
188 , 817 , 889.82 , -24.4 , 90 , 35.31 , 2.580 , 0.029 , 2.22 , 174.23
198 , 861 , 884.50 , -24.7 , 85 , 35.20 , 2.574 , 0.029 , 2.35 , 174.11
208 , 904 , 879.24 , -25.0 , 81 , 35.08 , 2.563 , 0.029 , 2.47 , 173.99
218 , 947 , 874.11 , -25.3 , 75 , 34.97 , 2.552 , 0.029 , 2.59 , 173.87
228 , 993 , 868.59 , -25.6 , 69 , 34.88 , 2.543 , 0.029 , 2.71 , 173.74
238 , 1039 , 863.07 , -26.0 , 60 , 34.79 , 2.551 , 0.030 , 2.84 , 173.62
248 , 1085 , 857.59 , -26.3 , 49 , 34.71 , 2.531 , 0.030 , 2.97 , 173.49
258 , 1132 , 852.08 , -26.4 , 42 , 34.59 , 2.525 , 0.030 , 3.10 , 173.36
268 , 1178 , 846.58 , -26.3 , 41 , 34.48 , 2.517 , 0.030 , 3.23 , 173.23
278 , 1224 , 841.29 , -26.4 , 40 , 34.37 , 2.510 , 0.030 , 3.35 , 173.11
288 , 1270 , 835.90 , -26.3 , 42 , 34.29 , 2.491 , 0.030 , 3.48 , 172.98
298 , 1319 , 830.21 , -26.4 , 42 , 34.23 , 2.472 , 0.030 , 3.61 , 172.85
308 , 1366 , 824.83 , -26.5 , 40 , 34.14 , 2.465 , 0.030 , 3.74 , 172.72
317 , 1409 , 819.95 , -25.9 , 39 , 34.04 , 2.447 , 0.030 , 3.85 , 172.60
327 , 1451 , 815.24 , -23.6 , 47 , 33.94 , 2.424 , 0.030 , 3.96 , 172.49
337 , 1492 , 810.71 , -22.7 , 55 , 33.83 , 2.394 , 0.030 , 4.07 , 172.39
347 , 1536 , 805.83 , -22.5 , 64 , 33.72 , 2.344 , 0.029 , 4.18 , 172.28
357 , 1578 , 801.24 , -22.4 , 82 , 33.64 , 2.338 , 0.029 , 4.29 , 172.17
367 , 1623 , 796.33 , -22.5 , 88 , 33.57 , 2.300 , 0.029 , 4.40 , 172.06
377 , 1669 , 791.35 , -22.7 , 89 , 33.50 , 2.282 , 0.029 , 4.51 , 171.94
387 , 1716 , 786.37 , -23.0 , 89 , 33.42 , 2.255 , 0.029 , 4.63 , 171.83
397 , 1762 , 781.41 , -23.3 , 87 , 33.34 , 2.237 , 0.029 , 4.74 , 171.72
407 , 1810 , 776.32 , -23.6 , 85 , 33.28 , 2.221 , 0.029 , 4.85 , 171.60
417 , 1860 , 771.01 , -23.9 , 83 , 33.25 , 2.203 , 0.029 , 4.97 , 171.48
425 , 1906 , 766.12 , -24.1 , 82 , 33.22 , 2.184 , 0.029 , 5.08 , 171.37
435 , 1955 , 761.03 , -24.0 , 65 , 33.19 , 2.177 , 0.029 , 5.20 , 171.26
444 , 1998 , 756.51 , -24.0 , 53 , 33.13 , 2.193 , 0.029 , 5.30 , 171.16
454 , 2045 , 751.65 , -24.2 , 53 , 33.08 , 2.188 , 0.029 , 5.41 , 171.04
464 , 2093 , 746.71 , -24.5 , 70 , 33.02 , 2.176 , 0.029 , 5.53 , 170.93
474 , 2143 , 741.67 , -24.9 , 78 , 32.93 , 2.163 , 0.029 , 5.64 , 170.82
484 , 2193 , 736.52 , -25.3 , 79 , 32.86 , 2.152 , 0.029 , 5.76 , 170.70
494 , 2243 , 731.51 , -25.7 , 85 , 32.77 , 2.138 , 0.029 , 5.88 , 170.58
504 , 2295 , 726.28 , -26.1 , 90 , 32.69 , 2.119 , 0.029 , 6.00 , 170.46
514 , 2346 , 721.14 , -26.5 , 89 , 32.66 , 2.090 , 0.029 , 6.11 , 170.34
524 , 2395 , 716.29 , -26.8 , 86 , 32.63 , 2.067 , 0.029 , 6.23 , 170.23
534 , 2441 , 711.68 , -27.1 , 87 , 32.57 , 2.049 , 0.029 , 6.33 , 170.13
544 , 2486 , 707.27 , -27.3 , 82 , 32.49 , 2.021 , 0.029 , 6.43 , 170.03
554 , 2529 , 703.06 , -27.5 , 71 , 32.40 , 2.006 , 0.029 , 6.52 , 169.93
564 , 2572 , 698.83 , -27.6 , 56 , 32.30 , 1.987 , 0.028 , 6.62 , 169.84
574 , 2616 , 694.59 , -27.9 , 46 , 32.20 , 1.973 , 0.028 , 6.71 , 169.74
584 , 2661 , 690.24 , -28.2 , 44 , 32.13 , 1.966 , 0.028 , 6.81 , 169.64
594 , 2707 , 685.87 , -28.5 , 43 , 32.05 , 1.956 , 0.029 , 6.91 , 169.55
604 , 2756 , 681.12 , -28.9 , 41 , 31.98 , 1.941 , 0.029 , 7.02 , 169.44
614 , 2805 , 676.51 , -29.2 , 39 , 31.91 , 1.931 , 0.029 , 7.12 , 169.34
623 , 2849 , 672.36 , -29.5 , 38 , 31.84 , 1.922 , 0.029 , 7.22 , 169.24
633 , 2892 , 668.32 , -29.8 , 39 , 31.77 , 1.914 , 0.029 , 7.31 , 169.15
643 , 2938 , 663.99 , -30.1 , 38 , 31.71 , 1.900 , 0.029 , 7.40 , 169.05
653 , 2985 , 659.64 , -30.4 , 36 , 31.65 , 1.889 , 0.029 , 7.50 , 168.95
663 , 3035 , 654.97 , -30.7 , 35 , 31.58 , 1.877 , 0.029 , 7.61 , 168.85
673 , 3083 , 650.56 , -30.9 , 34 , 31.52 , 1.874 , 0.029 , 7.71 , 168.75
683 , 3134 , 645.90 , -31.2 , 33 , 31.44 , 1.865 , 0.029 , 7.81 , 168.64
693 , 3185 , 641.32 , -31.5 , 34 , 31.38 , 1.847 , 0.029 , 7.92 , 168.54
703 , 3235 , 636.78 , -31.9 , 38 , 31.32 , 1.849 , 0.029 , 8.02 , 168.44
713 , 3283 , 632.41 , -32.3 , 41 , 31.28 , 1.865 , 0.029 , 8.12 , 168.33
723 , 3335 , 627.83 , -32.7 , 41 , 31.23 , 1.885 , 0.030 , 8.23 , 168.23
733 , 3388 , 623.10 , -33.1 , 40 , 31.19 , 1.901 , 0.031 , 8.34 , 168.11
743 , 3441 , 618.37 , -33.5 , 41 , 31.13 , 1.897 , 0.031 , 8.46 , 168.00
753 , 3490 , 614.12 , -33.7 , 39 , 31.06 , 1.889 , 0.031 , 8.56 , 167.90
763 , 3543 , 609.43 , -34.1 , 38 , 30.97 , 1.858 , 0.030 , 8.67 , 167.78
773 , 3600 , 604.47 , -34.5 , 38 , 30.87 , 1.837 , 0.030 , 8.79 , 167.66
783 , 3653 , 599.95 , -34.9 , 38 , 30.77 , 1.816 , 0.030 , 8.90 , 167.56
793 , 3708 , 595.25 , -35.3 , 37 , 30.69 , 1.785 , 0.030 , 9.01 , 167.44
803 , 3762 , 590.65 , -35.7 , 38 , 30.62 , 1.744 , 0.030 , 9.12 , 167.34
813 , 3810 , 586.54 , -36.1 , 40 , 30.53 , 1.722 , 0.029 , 9.22 , 167.24
823 , 3861 , 582.23 , -36.5 , 39 , 30.41 , 1.710 , 0.029 , 9.32 , 167.14
833 , 3916 , 577.67 , -36.8 , 37 , 30.32 , 1.695 , 0.029 , 9.42 , 167.04
843 , 3967 , 573.37 , -37.1 , 35 , 30.24 , 1.706 , 0.030 , 9.52 , 166.93
853 , 4019 , 569.07 , -37.4 , 33 , 30.18 , 1.704 , 0.030 , 9.62 , 166.83
863 , 4074 , 564.55 , -37.8 , 33 , 30.11 , 1.682 , 0.030 , 9.73 , 166.73
873 , 4126 , 560.31 , -38.2 , 33 , 30.04 , 1.646 , 0.029 , 9.83 , 166.63
883 , 4181 , 555.83 , -38.7 , 33 , 29.96 , 1.619 , 0.029 , 9.93 , 166.52
893 , 4236 , 551.40 , -39.2 , 33 , 29.90 , 1.602 , 0.029 , 10.03 , 166.42
903 , 4294 , 546.78 , -39.8 , 35 , 29.85 , 1.587 , 0.029 , 10.14 , 166.32
913 , 4356 , 541.83 , -40.3 , 36 , 29.77 , 1.580 , 0.029 , 10.25 , 166.20
922 , 4419 , 536.82 , -40.6 , 35 , 29.70 , 1.576 , 0.029 , 10.37 , 166.09
932 , 4472 , 532.66 , -40.6 , 28 , 29.62 , 1.617 , 0.030 , 10.47 , 165.99
942 , 4521 , 528.84 , -40.6 , 24 , 29.55 , 1.650 , 0.031 , 10.56 , 165.90
952 , 4576 , 524.56 , -40.9 , 23 , 29.48 , 1.651 , 0.031 , 10.67 , 165.79
962 , 4632 , 520.25 , -41.2 , 22 , 29.42 , 1.645 , 0.032 , 10.77 , 165.68
972 , 4697 , 515.35 , -41.7 , 20 , 29.36 , 1.625 , 0.032 , 10.90 , 165.56
982 , 4754 , 511.01 , -42.1 , 18 , 29.31 , 1.616 , 0.032 , 11.00 , 165.45
992 , 4808 , 506.92 , -42.5 , 18 , 29.28 , 1.594 , 0.031 , 11.11 , 165.35
1002 , 4864 , 502.70 , -42.8 , 19 , 29.23 , 1.578 , 0.031 , 11.21 , 165.25
1012 , 4919 , 498.64 , -43.2 , 18 , 29.17 , 1.580 , 0.032 , 11.31 , 165.15
1022 , 4975 , 494.51 , -43.4 , 17 , 29.11 , 1.582 , 0.032 , 11.41 , 165.04
1032 , 5033 , 490.29 , -43.4 , 14 , 29.04 , 1.583 , 0.032 , 11.52 , 164.94
1042 , 5091 , 486.05 , -43.8 , 12 , 28.98 , 1.587 , 0.033 , 11.63 , 164.83
1052 , 5145 , 482.13 , -44.0 , 11 , 28.91 , 1.564 , 0.032 , 11.73 , 164.73
1062 , 5201 , 478.16 , -44.1 , 10 , 28.83 , 1.561 , 0.033 , 11.83 , 164.62
1072 , 5259 , 474.02 , -44.5 , 11 , 28.73 , 1.571 , 0.033 , 11.94 , 164.52
1082 , 5317 , 469.94 , -44.9 , 14 , 28.63 , 1.572 , 0.033 , 12.05 , 164.41
1092 , 5373 , 466.04 , -45.1 , 16 , 28.55 , 1.557 , 0.033 , 12.15 , 164.31
1102 , 5428 , 462.21 , -45.3 , 16 , 28.48 , 1.498 , 0.032 , 12.25 , 164.21
1112 , 5484 , 458.32 , -45.7 , 15 , 28.41 , 1.447 , 0.032 , 12.35 , 164.11
1122 , 5539 , 454.56 , -46.1 , 15 , 28.35 , 1.415 , 0.031 , 12.44 , 164.02
1132 , 5598 , 450.49 , -46.6 , 17 , 28.28 , 1.377 , 0.031 , 12.54 , 163.92
1142 , 5655 , 446.68 , -47.1 , 18 , 28.21 , 1.354 , 0.030 , 12.63 , 163.82
1152 , 5708 , 443.07 , -47.5 , 18 , 28.16 , 1.339 , 0.030 , 12.72 , 163.74
1162 , 5766 , 439.22 , -48.0 , 18 , 28.11 , 1.326 , 0.030 , 12.81 , 163.65
1172 , 5830 , 434.96 , -48.5 , 18 , 28.05 , 1.321 , 0.030 , 12.91 , 163.54
1182 , 5889 , 431.10 , -48.9 , 18 , 27.98 , 1.322 , 0.031 , 13.01 , 163.45
1192 , 5950 , 427.09 , -49.3 , 18 , 27.91 , 1.320 , 0.031 , 13.10 , 163.35
1202 , 6007 , 423.38 , -49.8 , 17 , 27.83 , 1.322 , 0.031 , 13.19 , 163.26
1212 , 6068 , 419.46 , -50.3 , 17 , 27.75 , 1.300 , 0.031 , 13.29 , 163.17
1221 , 6122 , 415.98 , -50.7 , 17 , 27.70 , 1.278 , 0.031 , 13.37 , 163.08
1230 , 6175 , 412.60 , -51.2 , 18 , 27.65 , 1.267 , 0.031 , 13.46 , 163.00
1240 , 6232 , 408.98 , -51.7 , 18 , 27.57 , 1.257 , 0.031 , 13.54 , 162.91
1250 , 6295 , 405.03 , -52.2 , 18 , 27.49 , 1.237 , 0.031 , 13.64 , 162.82
1260 , 6354 , 401.37 , -52.6 , 18 , 27.43 , 1.245 , 0.031 , 13.73 , 162.73
1270 , 6415 , 397.58 , -53.1 , 18 , 27.36 , 1.241 , 0.031 , 13.82 , 162.64
1280 , 6474 , 393.95 , -53.5 , 18 , 27.27 , 1.227 , 0.031 , 13.91 , 162.55
1290 , 6531 , 390.46 , -53.8 , 18 , 27.20 , 1.213 , 0.031 , 14.00 , 162.46
1300 , 6592 , 386.78 , -54.2 , 17 , 27.12 , 1.214 , 0.031 , 14.09 , 162.37
1310 , 6656 , 382.92 , -54.6 , 16 , 27.06 , 1.235 , 0.032 , 14.18 , 162.27
1320 , 6717 , 379.28 , -55.1 , 16 , 26.99 , 1.246 , 0.033 , 14.28 , 162.18
1330 , 6769 , 376.20 , -55.5 , 16 , 26.93 , 1.241 , 0.033 , 14.36 , 162.10
1340 , 6830 , 372.64 , -55.8 , 15 , 26.88 , 1.207 , 0.032 , 14.45 , 162.01
1350 , 6885 , 369.39 , -56.1 , 15 , 26.82 , 1.192 , 0.032 , 14.53 , 161.92
1360 , 6941 , 366.18 , -56.5 , 15 , 26.75 , 1.179 , 0.032 , 14.61 , 161.84
1370 , 6998 , 362.92 , -56.9 , 14 , 26.69 , 1.167 , 0.032 , 14.70 , 161.76
1380 , 7054 , 359.70 , -57.3 , 15 , 26.63 , 1.164 , 0.032 , 14.78 , 161.68
1390 , 7117 , 356.15 , -57.8 , 16 , 26.56 , 1.184 , 0.033 , 14.87 , 161.59
1400 , 7180 , 352.57 , -58.2 , 17 , 26.48 , 1.215 , 0.034 , 14.97 , 161.49
1410 , 7237 , 349.42 , -58.5 , 18 , 26.42 , 1.243 , 0.036 , 15.05 , 161.40
1420 , 7294 , 346.22 , -58.9 , 20 , 26.35 , 1.282 , 0.037 , 15.15 , 161.31
1430 , 7355 , 342.91 , -59.3 , 22 , 26.29 , 1.291 , 0.038 , 15.24 , 161.21
1440 , 7408 , 340.01 , -59.5 , 23 , 26.22 , 1.301 , 0.038 , 15.33 , 161.13
1450 , 7464 , 336.95 , -59.7 , 24 , 26.17 , 1.292 , 0.038 , 15.42 , 161.03
1460 , 7521 , 333.91 , -60.1 , 24 , 26.11 , 1.290 , 0.039 , 15.51 , 160.94
1470 , 7577 , 330.93 , -60.4 , 25 , 26.05 , 1.280 , 0.039 , 15.61 , 160.85
1480 , 7632 , 327.98 , -60.6 , 25 , 25.99 , 1.262 , 0.038 , 15.70 , 160.76
1490 , 7687 , 325.09 , -61.0 , 24 , 25.95 , 1.242 , 0.038 , 15.78 , 160.67
1500 , 7741 , 322.31 , -61.3 , 23 , 25.91 , 1.234 , 0.038 , 15.87 , 160.59
1510 , 7794 , 319.57 , -61.7 , 23 , 25.86 , 1.211 , 0.038 , 15.95 , 160.51
1520 , 7851 , 316.63 , -61.9 , 21 , 25.82 , 1.188 , 0.038 , 16.04 , 160.42
1529 , 7905 , 313.87 , -62.2 , 21 , 25.77 , 1.192 , 0.038 , 16.12 , 160.34
1539 , 7958 , 311.17 , -62.5 , 21 , 25.72 , 1.193 , 0.038 , 16.20 , 160.26
1549 , 8020 , 308.08 , -63.1 , 22 , 25.67 , 1.206 , 0.039 , 16.29 , 160.16
1559 , 8079 , 305.10 , -63.5 , 23 , 25.62 , 1.190 , 0.039 , 16.39 , 160.07
1569 , 8127 , 302.75 , -63.8 , 23 , 25.57 , 1.150 , 0.038 , 16.46 , 160.00
1579 , 8184 , 299.93 , -64.1 , 24 , 25.53 , 1.113 , 0.037 , 16.54 , 159.92
1589 , 8245 , 296.95 , -64.4 , 24 , 25.48 , 1.102 , 0.037 , 16.63 , 159.83
1599 , 8301 , 294.23 , -64.7 , 23 , 25.43 , 1.114 , 0.038 , 16.71 , 159.75
1609 , 8358 , 291.50 , -65.1 , 23 , 25.38 , 1.116 , 0.038 , 16.79 , 159.67
1619 , 8417 , 288.69 , -65.6 , 23 , 25.33 , 1.124 , 0.039 , 16.88 , 159.58
1629 , 8463 , 286.52 , -65.9 , 23 , 25.27 , 1.164 , 0.041 , 16.94 , 159.51
1639 , 8514 , 284.12 , -66.3 , 23 , 25.23 , 1.257 , 0.044 , 17.03 , 159.43
1649 , 8574 , 281.30 , -66.6 , 23 , 25.19 , 1.268 , 0.045 , 17.12 , 159.33
1659 , 8634 , 278.54 , -66.7 , 24 , 25.14 , 1.241 , 0.045 , 17.22 , 159.23
1669 , 8693 , 275.82 , -66.8 , 24 , 25.08 , 1.248 , 0.045 , 17.32 , 159.14
1679 , 8737 , 273.80 , -66.9 , 24 , 25.04 , 1.279 , 0.047 , 17.39 , 159.07
1689 , 8791 , 271.36 , -67.0 , 24 , 25.02 , 1.336 , 0.049 , 17.48 , 158.97
1699 , 8847 , 268.85 , -67.1 , 23 , 25.00 , 1.329 , 0.049 , 17.58 , 158.88
1709 , 8898 , 266.58 , -67.1 , 23 , 24.97 , 1.469 , 0.055 , 17.68 , 158.78
1719 , 8957 , 264.01 , -67.1 , 23 , 24.93 , 1.736 , 0.066 , 17.80 , 158.66
1729 , 9022 , 261.19 , -67.3 , 23 , 24.87 , 1.855 , 0.071 , 17.95 , 158.51
1739 , 9075 , 258.89 , -67.6 , 23 , 24.82 , 1.897 , 0.073 , 18.08 , 158.38
1749 , 9125 , 256.76 , -67.5 , 23 , 24.77 , 1.981 , 0.077 , 18.21 , 158.25
1759 , 9187 , 254.14 , -67.6 , 22 , 24.72 , 2.028 , 0.080 , 18.37 , 158.09
1769 , 9246 , 251.62 , -67.6 , 22 , 24.66 , 1.976 , 0.079 , 18.53 , 157.93
1779 , 9303 , 249.27 , -67.9 , 21 , 24.60 , 2.010 , 0.081 , 18.68 , 157.78
1789 , 9360 , 246.90 , -68.0 , 21 , 24.54 , 2.092 , 0.085 , 18.83 , 157.63
1798 , 9413 , 244.74 , -68.3 , 20 , 24.48 , 2.096 , 0.086 , 18.97 , 157.48
1808 , 9454 , 243.08 , -68.5 , 20 , 24.45 , 2.045 , 0.084 , 19.09 , 157.37
1818 , 9498 , 241.31 , -68.5 , 20 , 24.42 , 2.041 , 0.085 , 19.20 , 157.25
1828 , 9542 , 239.53 , -68.7 , 20 , 24.38 , 2.114 , 0.088 , 19.33 , 157.13
1838 , 9580 , 238.02 , -68.8 , 19 , 24.33 , 2.141 , 0.090 , 19.43 , 157.03
1847 , 9620 , 236.43 , -69.0 , 19 , 24.29 , 2.157 , 0.091 , 19.55 , 156.91
1856 , 9655 , 235.04 , -69.1 , 19 , 24.25 , 2.225 , 0.095 , 19.65 , 156.81
1866 , 9690 , 233.67 , -69.1 , 18 , 24.20 , 2.306 , 0.099 , 19.75 , 156.71
1876 , 9729 , 232.15 , -69.2 , 18 , 24.15 , 2.460 , 0.106 , 19.87 , 156.58
1886 , 9768 , 230.64 , -69.1 , 18 , 24.09 , 2.601 , 0.113 , 20.00 , 156.45
1896 , 9816 , 228.77 , -69.4 , 18 , 24.03 , 2.766 , 0.121 , 20.18 , 156.28
1906 , 9864 , 226.96 , -69.6 , 18 , 23.97 , 2.986 , 0.132 , 20.36 , 156.10
1916 , 9908 , 225.30 , -69.7 , 17 , 23.92 , 3.268 , 0.145 , 20.54 , 155.92
1926 , 9943 , 223.95 , -69.8 , 18 , 23.87 , 3.505 , 0.157 , 20.70 , 155.76
1936 , 9982 , 222.48 , -69.9 , 18 , 23.82 , 3.621 , 0.163 , 20.88 , 155.57
1946 , 10027 , 220.83 , -69.8 , 18 , 23.77 , 3.833 , 0.174 , 21.10 , 155.35
1956 , 10079 , 218.92 , -69.8 , 18 , 23.72 , 4.000 , 0.183 , 21.37 , 155.08
1966 , 10130 , 217.02 , -70.1 , 18 , 23.66 , 4.096 , 0.189 , 21.65 , 154.81
1976 , 10183 , 215.11 , -70.5 , 18 , 23.60 , 4.158 , 0.193 , 21.94 , 154.52
1986 , 10232 , 213.35 , -70.7 , 18 , 23.55 , 4.159 , 0.195 , 22.21 , 154.25
1996 , 10287 , 211.36 , -70.7 , 18 , 23.50 , 4.152 , 0.196 , 22.51 , 153.94
2006 , 10329 , 209.87 , -70.6 , 18 , 23.44 , 4.189 , 0.200 , 22.75 , 153.71
2016 , 10370 , 208.44 , -70.4 , 18 , 23.39 , 4.278 , 0.205 , 22.98 , 153.48
2026 , 10412 , 206.96 , -70.5 , 18 , 23.34 , 4.338 , 0.210 , 23.22 , 153.24
2036 , 10455 , 205.46 , -70.6 , 18 , 23.31 , 4.310 , 0.210 , 23.47 , 152.99
2046 , 10497 , 204.00 , -70.5 , 18 , 23.27 , 4.312 , 0.211 , 23.71 , 152.75
2056 , 10539 , 202.56 , -70.6 , 18 , 23.22 , 4.261 , 0.210 , 23.95 , 152.51
2066 , 10580 , 201.19 , -70.7 , 18 , 23.18 , 4.102 , 0.204 , 24.17 , 152.28
2076 , 10619 , 199.84 , -70.8 , 18 , 23.13 , 3.978 , 0.199 , 24.39 , 152.07
2086 , 10660 , 198.46 , -71.0 , 18 , 23.06 , 3.869 , 0.195 , 24.60 , 151.85
2096 , 10700 , 197.14 , -71.1 , 18 , 23.00 , 3.808 , 0.193 , 24.80 , 151.65
2106 , 10739 , 195.83 , -71.3 , 17 , 22.95 , 3.800 , 0.194 , 25.01 , 151.45
2116 , 10778 , 194.56 , -71.5 , 17 , 22.90 , 3.766 , 0.194 , 25.20 , 151.26
2126 , 10816 , 193.31 , -71.6 , 17 , 22.85 , 3.800 , 0.197 , 25.39 , 151.07
2136 , 10855 , 192.03 , -71.6 , 17 , 22.80 , 3.958 , 0.206 , 25.59 , 150.86
2146 , 10895 , 190.73 , -71.6 , 17 , 22.76 , 4.129 , 0.216 , 25.81 , 150.65
2155 , 10932 , 189.54 , -71.5 , 17 , 22.71 , 4.245 , 0.224 , 26.02 , 150.44
2164 , 10968 , 188.38 , -71.6 , 17 , 22.67 , 4.339 , 0.230 , 26.23 , 150.23
2174 , 11005 , 187.20 , -71.7 , 17 , 22.63 , 4.463 , 0.238 , 26.44 , 150.01
2184 , 11044 , 185.99 , -71.7 , 17 , 22.58 , 4.541 , 0.244 , 26.68 , 149.78
2194 , 11081 , 184.79 , -71.8 , 17 , 22.51 , 4.582 , 0.248 , 26.91 , 149.55
2204 , 11120 , 183.60 , -72.1 , 17 , 22.46 , 4.501 , 0.245 , 27.14 , 149.32
2214 , 11158 , 182.40 , -72.2 , 17 , 22.40 , 4.322 , 0.237 , 27.37 , 149.09
2224 , 11196 , 181.22 , -72.3 , 17 , 22.33 , 4.224 , 0.233 , 27.59 , 148.87
2234 , 11233 , 180.08 , -72.3 , 17 , 22.27 , 4.321 , 0.240 , 27.80 , 148.66
2244 , 11274 , 178.86 , -72.4 , 17 , 22.21 , 4.377 , 0.245 , 28.03 , 148.42
2254 , 11312 , 177.69 , -72.5 , 17 , 22.16 , 4.493 , 0.253 , 28.26 , 148.19
2264 , 11352 , 176.49 , -72.5 , 18 , 22.10 , 4.556 , 0.258 , 28.50 , 147.95
2274 , 11391 , 175.32 , -72.6 , 18 , 22.05 , 4.698 , 0.268 , 28.75 , 147.71
2284 , 11431 , 174.13 , -72.8 , 18 , 21.99 , 4.749 , 0.273 , 29.00 , 147.46
2294 , 11472 , 172.90 , -73.0 , 18 , 21.93 , 4.728 , 0.273 , 29.27 , 147.19
2304 , 11514 , 171.67 , -72.7 , 18 , 21.88 , 4.690 , 0.273 , 29.53 , 146.92
2314 , 11556 , 170.44 , -72.7 , 18 , 21.83 , 4.777 , 0.280 , 29.80 , 146.66
2324 , 11599 , 169.20 , -72.8 , 18 , 21.78 , 4.840 , 0.286 , 30.08 , 146.38
2332 , 11635 , 168.18 , -72.9 , 18 , 21.73 , 4.813 , 0.286 , 30.31 , 146.15
2342 , 11675 , 167.02 , -73.2 , 18 , 21.68 , 4.860 , 0.291 , 30.57 , 145.89
2351 , 11712 , 165.98 , -73.4 , 18 , 21.63 , 4.884 , 0.294 , 30.81 , 145.64
2361 , 11753 , 164.81 , -73.5 , 18 , 21.58 , 4.935 , 0.299 , 31.09 , 145.37
2371 , 11796 , 163.61 , -73.6 , 19 , 21.52 , 4.916 , 0.300 , 31.37 , 145.09
2381 , 11839 , 162.40 , -73.5 , 19 , 21.46 , 4.913 , 0.303 , 31.66 , 144.80
2391 , 11883 , 161.18 , -73.5 , 19 , 21.41 , 4.772 , 0.296 , 31.95 , 144.51
2400 , 11920 , 160.16 , -73.6 , 19 , 21.35 , 4.613 , 0.288 , 32.18 , 144.28
2410 , 11958 , 159.14 , -73.6 , 19 , 21.29 , 4.545 , 0.286 , 32.41 , 144.05
2420 , 11995 , 158.12 , -73.8 , 19 , 21.25 , 4.463 , 0.282 , 32.64 , 143.82
2430 , 12033 , 157.11 , -74.1 , 19 , 21.19 , 4.441 , 0.283 , 32.87 , 143.59
2440 , 12072 , 156.05 , -74.1 , 19 , 21.14 , 4.352 , 0.279 , 33.10 , 143.36
2450 , 12111 , 155.00 , -74.2 , 19 , 21.10 , 4.361 , 0.281 , 33.33 , 143.12
2460 , 12149 , 153.99 , -74.4 , 19 , 21.05 , 4.357 , 0.283 , 33.56 , 142.90
2470 , 12187 , 152.99 , -74.6 , 19 , 20.99 , 4.226 , 0.276 , 33.78 , 142.68
2479 , 12225 , 151.99 , -74.7 , 19 , 20.94 , 4.130 , 0.272 , 33.99 , 142.46
2489 , 12264 , 150.99 , -74.6 , 19 , 20.90 , 4.104 , 0.272 , 34.21 , 142.25
2499 , 12301 , 150.02 , -74.6 , 19 , 20.85 , 4.022 , 0.268 , 34.42 , 142.04
2509 , 12341 , 148.99 , -74.5 , 19 , 20.80 , 3.966 , 0.266 , 34.63 , 141.82
2519 , 12384 , 147.90 , -74.4 , 19 , 20.75 , 4.061 , 0.275 , 34.87 , 141.59
2529 , 12436 , 146.58 , -74.7 , 19 , 20.70 , 4.226 , 0.288 , 35.16 , 141.30
2539 , 12490 , 145.22 , -75.2 , 19 , 20.65 , 4.394 , 0.303 , 35.48 , 140.98
2549 , 12537 , 144.05 , -75.6 , 19 , 20.59 , 4.467 , 0.310 , 35.76 , 140.70
2559 , 12575 , 143.11 , -75.8 , 19 , 20.53 , 4.674 , 0.327 , 36.00 , 140.46
2569 , 12615 , 142.12 , -75.9 , 19 , 20.48 , 4.795 , 0.337 , 36.25 , 140.20
2579 , 12654 , 141.15 , -76.0 , 19 , 20.42 , 4.869 , 0.345 , 36.52 , 139.94
2589 , 12698 , 140.10 , -76.0 , 19 , 20.38 , 4.972 , 0.355 , 36.81 , 139.65
2599 , 12739 , 139.08 , -76.3 , 20 , 20.33 , 5.125 , 0.368 , 37.10 , 139.36
2609 , 12780 , 138.11 , -76.6 , 20 , 20.28 , 5.248 , 0.380 , 37.38 , 139.07
2619 , 12820 , 137.15 , -76.6 , 20 , 20.23 , 5.387 , 0.393 , 37.68 , 138.78
2629 , 12861 , 136.18 , -76.6 , 20 , 20.18 , 5.365 , 0.394 , 37.98 , 138.48
2639 , 12901 , 135.23 , -76.8 , 20 , 20.13 , 5.398 , 0.399 , 38.28 , 138.18
2649 , 12944 , 134.22 , -76.9 , 20 , 20.09 , 5.246 , 0.391 , 38.59 , 137.87
2659 , 12987 , 133.22 , -76.9 , 20 , 20.04 , 5.012 , 0.376 , 38.89 , 137.56
2669 , 13026 , 132.31 , -77.0 , 20 , 19.99 , 4.897 , 0.370 , 39.16 , 137.30
2679 , 13065 , 131.43 , -77.1 , 20 , 19.94 , 5.067 , 0.386 , 39.42 , 137.03
2689 , 13104 , 130.53 , -77.0 , 21 , 19.89 , 5.313 , 0.407 , 39.70 , 136.75
2699 , 13145 , 129.61 , -76.8 , 21 , 19.84 , 5.625 , 0.434 , 40.01 , 136.45
2709 , 13185 , 128.71 , -76.8 , 21 , 19.80 , 5.860 , 0.455 , 40.32 , 136.13
2719 , 13225 , 127.81 , -77.0 , 21 , 19.75 , 5.956 , 0.466 , 40.65 , 135.81
2729 , 13268 , 126.86 , -77.1 , 21 , 19.71 , 6.090 , 0.480 , 41.01 , 135.45
2739 , 13313 , 125.87 , -77.0 , 21 , 19.66 , 6.198 , 0.492 , 41.39 , 135.07
2749 , 13354 , 124.97 , -77.3 , 21 , 19.62 , 6.132 , 0.491 , 41.74 , 134.72
2759 , 13393 , 124.13 , -77.5 , 21 , 19.57 , 6.096 , 0.491 , 42.06 , 134.39
2769 , 13430 , 123.32 , -77.4 , 21 , 19.52 , 6.071 , 0.492 , 42.37 , 134.08
2778 , 13466 , 122.55 , -77.5 , 21 , 19.47 , 6.109 , 0.498 , 42.68 , 133.78
2788 , 13503 , 121.76 , -77.6 , 21 , 19.43 , 6.102 , 0.501 , 42.99 , 133.47
2798 , 13542 , 120.94 , -77.7 , 21 , 19.39 , 6.160 , 0.509 , 43.32 , 133.14
2808 , 13580 , 120.13 , -77.8 , 21 , 19.35 , 6.265 , 0.521 , 43.64 , 132.81
2818 , 13619 , 119.33 , -77.9 , 21 , 19.30 , 6.326 , 0.530 , 43.98 , 132.48
2828 , 13658 , 118.51 , -78.1 , 21 , 19.26 , 6.355 , 0.536 , 44.32 , 132.14
2838 , 13696 , 117.71 , -78.1 , 22 , 19.22 , 6.410 , 0.545 , 44.66 , 131.80
2848 , 13736 , 116.91 , -78.2 , 22 , 19.17 , 6.457 , 0.552 , 45.01 , 131.45
2858 , 13775 , 116.10 , -78.1 , 22 , 19.13 , 6.635 , 0.572 , 45.37 , 131.09
2868 , 13814 , 115.31 , -78.2 , 22 , 19.09 , 6.735 , 0.584 , 45.73 , 130.73
2878 , 13853 , 114.53 , -78.3 , 22 , 19.04 , 6.824 , 0.596 , 46.09 , 130.37
2888 , 13892 , 113.75 , -78.2 , 22 , 18.99 , 6.958 , 0.612 , 46.46 , 129.99
2898 , 13930 , 112.99 , -78.2 , 21 , 18.95 , 7.079 , 0.627 , 46.83 , 129.62
2908 , 13968 , 112.24 , -78.1 , 21 , 18.91 , 7.280 , 0.649 , 47.21 , 129.25
2918 , 14007 , 111.47 , -78.3 , 22 , 18.86 , 7.380 , 0.662 , 47.61 , 128.85
2928 , 14046 , 110.71 , -78.3 , 21 , 18.82 , 7.419 , 0.670 , 48.01 , 128.45
2938 , 14087 , 109.93 , -78.4 , 21 , 18.78 , 7.593 , 0.691 , 48.43 , 128.03
2948 , 14131 , 109.09 , -78.7 , 21 , 18.74 , 7.763 , 0.712 , 48.90 , 127.56
2958 , 14173 , 108.27 , -78.8 , 21 , 18.70 , 7.949 , 0.734 , 49.36 , 127.10
2968 , 14217 , 107.44 , -79.1 , 21 , 18.65 , 8.150 , 0.759 , 49.85 , 126.61
2978 , 14264 , 106.55 , -79.2 , 21 , 18.61 , 8.183 , 0.768 , 50.38 , 126.07
2988 , 14309 , 105.71 , -79.3 , 21 , 18.57 , 8.386 , 0.793 , 50.90 , 125.56
2998 , 14352 , 104.91 , -79.1 , 21 , 18.52 , 8.490 , 0.809 , 51.41 , 125.05
3008 , 14397 , 104.09 , -79.0 , 21 , 18.48 , 8.507 , 0.817 , 51.93 , 124.52
3018 , 14440 , 103.31 , -78.9 , 21 , 18.43 , 8.631 , 0.835 , 52.45 , 124.01
3028 , 14483 , 102.53 , -79.0 , 21 , 18.39 , 8.741 , 0.852 , 52.96 , 123.50
3038 , 14525 , 101.76 , -79.0 , 21 , 18.35 , 9.005 , 0.885 , 53.49 , 122.97
3048 , 14569 , 100.99 , -79.1 , 21 , 18.31 , 9.242 , 0.915 , 54.04 , 122.42
3058 , 14610 , 100.25 , -79.2 , 21 , 18.26 , 9.444 , 0.942 , 54.58 , 121.88
3068 , 14652 , 99.53 , -79.0 , 21 , 18.22 , 9.501 , 0.955 , 55.12 , 121.34
3078 , 14691 , 98.85 , -79.1 , 21 , 18.18 , 9.600 , 0.971 , 55.64 , 120.82
3088 , 14730 , 98.17 , -79.0 , 21 , 18.13 , 9.719 , 0.990 , 56.16 , 120.30
3097 , 14767 , 97.53 , -79.0 , 21 , 18.09 , 9.769 , 1.002 , 56.66 , 119.79
3106 , 14801 , 96.95 , -79.1 , 21 , 18.05 , 9.944 , 1.026 , 57.13 , 119.33
3116 , 14838 , 96.32 , -79.3 , 21 , 18.01 , 9.922 , 1.030 , 57.64 , 118.82
3126 , 14875 , 95.68 , -79.3 , 21 , 17.97 , 9.859 , 1.030 , 58.16 , 118.30
3136 , 14913 , 95.05 , -79.4 , 21 , 17.92 , 9.776 , 1.028 , 58.67 , 117.78
3146 , 14950 , 94.43 , -79.5 , 21 , 17.88 , 9.625 , 1.019 , 59.18 , 117.28
3156 , 14990 , 93.76 , -79.5 , 21 , 17.83 , 9.306 , 0.992 , 59.70 , 116.75
3166 , 15029 , 93.12 , -79.7 , 21 , 17.79 , 9.007 , 0.967 , 60.20 , 116.26
3176 , 15068 , 92.49 , -79.6 , 21 , 17.74 , 8.719 , 0.943 , 60.68 , 115.78
3186 , 15108 , 91.84 , -79.7 , 21 , 17.69 , 8.565 , 0.933 , 61.15 , 115.30
3196 , 15149 , 91.17 , -79.8 , 21 , 17.65 , 8.484 , 0.931 , 61.65 , 114.81
3206 , 15192 , 90.49 , -79.8 , 22 , 17.60 , 8.480 , 0.937 , 62.15 , 114.31
3216 , 15233 , 89.83 , -79.6 , 21 , 17.56 , 8.674 , 0.966 , 62.65 , 113.81
3226 , 15278 , 89.12 , -79.6 , 21 , 17.51 , 9.000 , 1.010 , 63.20 , 113.26
3236 , 15323 , 88.41 , -79.8 , 21 , 17.47 , 9.410 , 1.064 , 63.78 , 112.68
3246 , 15368 , 87.71 , -80.1 , 21 , 17.42 , 9.623 , 1.097 , 64.38 , 112.08
3256 , 15413 , 87.01 , -80.3 , 21 , 17.37 , 9.729 , 1.118 , 64.99 , 111.47
3266 , 15459 , 86.30 , -80.3 , 21 , 17.32 , 9.879 , 1.145 , 65.62 , 110.84
3275 , 15503 , 85.64 , -80.4 , 21 , 17.28 , 10.039 , 1.172 , 66.22 , 110.23
3285 , 15546 , 84.99 , -80.5 , 21 , 17.23 , 10.429 , 1.227 , 66.85 , 109.61
3295 , 15591 , 84.32 , -80.6 , 21 , 17.19 , 10.638 , 1.262 , 67.50 , 108.95
3305 , 15634 , 83.67 , -80.7 , 21 , 17.14 , 10.627 , 1.270 , 68.15 , 108.31
3315 , 15677 , 83.03 , -80.7 , 21 , 17.09 , 10.705 , 1.289 , 68.79 , 107.66
3325 , 15719 , 82.42 , -80.7 , 21 , 17.05 , 10.746 , 1.304 , 69.42 , 107.04
3335 , 15762 , 81.80 , -80.7 , 21 , 16.99 , 10.808 , 1.321 , 70.07 , 106.39
3345 , 15804 , 81.18 , -80.7 , 21 , 16.95 , 10.875 , 1.340 , 70.71 , 105.75
3355 , 15845 , 80.60 , -80.7 , 21 , 16.90 , 10.924 , 1.355 , 71.33 , 105.13
3365 , 15885 , 80.03 , -80.9 , 21 , 16.85 , 10.620 , 1.327 , 71.94 , 104.52
3375 , 15927 , 79.44 , -81.3 , 21 , 16.80 , 10.331 , 1.300 , 72.55 , 103.91
3385 , 15967 , 78.87 , -81.5 , 21 , 16.76 , 9.994 , 1.267 , 73.13 , 103.33
3395 , 16006 , 78.32 , -81.6 , 21 , 16.71 , 9.577 , 1.223 , 73.66 , 102.80
3405 , 16044 , 77.79 , -81.7 , 21 , 16.66 , 8.957 , 1.151 , 74.16 , 102.30
3414 , 16080 , 77.30 , -81.7 , 21 , 16.62 , 8.429 , 1.090 , 74.59 , 101.86
3424 , 16116 , 76.79 , -81.8 , 21 , 16.57 , 8.043 , 1.047 , 75.02 , 101.44
3434 , 16155 , 76.26 , -81.7 , 21 , 16.52 , 7.815 , 1.025 , 75.45 , 101.00
3444 , 16195 , 75.73 , -81.8 , 22 , 16.48 , 7.731 , 1.021 , 75.89 , 100.57
3454 , 16234 , 75.20 , -82.0 , 22 , 16.42 , 7.697 , 1.023 , 76.31 , 100.15
3464 , 16272 , 74.69 , -82.0 , 22 , 16.38 , 7.849 , 1.051 , 76.73 , 99.73
3474 , 16309 , 74.19 , -82.1 , 22 , 16.33 , 7.981 , 1.076 , 77.15 , 99.31
3484 , 16346 , 73.71 , -82.2 , 22 , 16.28 , 8.033 , 1.090 , 77.56 , 98.90
3494 , 16384 , 73.20 , -82.4 , 22 , 16.23 , 8.059 , 1.101 , 78.00 , 98.46
3504 , 16425 , 72.67 , -82.4 , 22 , 16.18 , 8.104 , 1.115 , 78.46 , 98.00
3514 , 16465 , 72.15 , -82.7 , 22 , 16.13 , 8.196 , 1.136 , 78.93 , 97.53
3524 , 16506 , 71.62 , -82.8 , 22 , 16.08 , 8.231 , 1.149 , 79.40 , 97.06
3534 , 16548 , 71.08 , -82.9 , 22 , 16.03 , 8.214 , 1.156 , 79.89 , 96.57
3544 , 16591 , 70.54 , -83.1 , 22 , 15.98 , 8.142 , 1.154 , 80.38 , 96.07
3554 , 16631 , 70.03 , -83.2 , 23 , 15.92 , 7.995 , 1.142 , 80.85 , 95.61
3564 , 16672 , 69.51 , -83.4 , 23 , 15.88 , 7.774 , 1.118 , 81.31 , 95.15
3574 , 16716 , 68.97 , -83.6 , 23 , 15.83 , 7.735 , 1.122 , 81.79 , 94.67
3584 , 16760 , 68.43 , -83.8 , 23 , 15.77 , 7.748 , 1.132 , 82.27 , 94.18
3594 , 16803 , 67.89 , -83.8 , 23 , 15.72 , 7.701 , 1.134 , 82.75 , 93.71
3604 , 16847 , 67.36 , -83.9 , 23 , 15.67 , 7.832 , 1.163 , 83.24 , 93.22
3614 , 16892 , 66.82 , -84.1 , 23 , 15.62 , 7.911 , 1.184 , 83.74 , 92.72
3624 , 16935 , 66.30 , -84.1 , 23 , 15.57 , 7.959 , 1.200 , 84.22 , 92.24
3634 , 16978 , 65.78 , -84.4 , 23 , 15.52 , 8.022 , 1.219 , 84.71 , 91.74
3644 , 17022 , 65.26 , -84.7 , 23 , 15.47 , 8.043 , 1.233 , 85.22 , 91.23
3654 , 17066 , 64.75 , -84.9 , 23 , 15.42 , 8.051 , 1.243 , 85.72 , 90.73
3664 , 17109 , 64.24 , -85.0 , 23 , 15.36 , 8.059 , 1.255 , 86.22 , 90.23
3674 , 17152 , 63.74 , -85.2 , 24 , 15.31 , 8.022 , 1.259 , 86.72 , 89.73
3684 , 17194 , 63.25 , -85.4 , 24 , 15.26 , 8.032 , 1.270 , 87.21 , 89.25
3694 , 17236 , 62.77 , -85.6 , 24 , 15.21 , 8.101 , 1.291 , 87.69 , 88.77
3704 , 17277 , 62.30 , -85.6 , 24 , 15.15 , 8.146 , 1.308 , 88.17 , 88.28
3714 , 17318 , 61.84 , -85.3 , 24 , 15.10 , 8.285 , 1.340 , 88.65 , 87.81
3723 , 17356 , 61.42 , -85.3 , 24 , 15.05 , 8.419 , 1.371 , 89.11 , 87.35
3733 , 17395 , 60.98 , -85.3 , 24 , 15.00 , 8.482 , 1.391 , 89.58 , 86.88
3743 , 17437 , 60.51 , -85.2 , 24 , 14.95 , 8.522 , 1.408 , 90.10 , 86.36
3753 , 17480 , 60.05 , -85.1 , 24 , 14.90 , 8.651 , 1.441 , 90.62 , 85.84
3763 , 17522 , 59.59 , -85.0 , 24 , 14.84 , 8.708 , 1.461 , 91.15 , 85.31
3773 , 17562 , 59.16 , -85.1 , 24 , 14.79 , 8.877 , 1.501 , 91.65 , 84.80
3783 , 17604 , 58.70 , -85.0 , 24 , 14.74 , 9.048 , 1.541 , 92.20 , 84.26
3793 , 17646 , 58.27 , -85.0 , 25 , 14.69 , 9.033 , 1.550 , 92.73 , 83.73
3803 , 17686 , 57.84 , -85.0 , 25 , 14.63 , 9.029 , 1.561 , 93.25 , 83.21
3813 , 17726 , 57.42 , -85.1 , 25 , 14.58 , 9.087 , 1.582 , 93.77 , 82.69
3823 , 17769 , 56.98 , -85.1 , 25 , 14.53 , 9.082 , 1.594 , 94.33 , 82.13
3833 , 17812 , 56.53 , -85.2 , 25 , 14.48 , 9.144 , 1.618 , 94.90 , 81.56
3843 , 17855 , 56.09 , -85.3 , 25 , 14.43 , 9.111 , 1.624 , 95.46 , 81.00
3853 , 17896 , 55.67 , -85.4 , 25 , 14.38 , 9.118 , 1.638 , 95.99 , 80.46
3863 , 17938 , 55.25 , -85.3 , 25 , 14.33 , 9.182 , 1.662 , 96.55 , 79.91
3873 , 17982 , 54.81 , -85.1 , 25 , 14.28 , 9.293 , 1.695 , 97.12 , 79.33
3883 , 18025 , 54.39 , -84.9 , 25 , 14.23 , 9.395 , 1.727 , 97.70 , 78.76
3893 , 18067 , 53.97 , -85.0 , 25 , 14.18 , 9.504 , 1.761 , 98.28 , 78.18
3903 , 18111 , 53.55 , -85.3 , 25 , 14.13 , 9.658 , 1.804 , 98.87 , 77.58
3913 , 18153 , 53.14 , -85.5 , 25 , 14.08 , 9.734 , 1.832 , 99.46 , 77.00
3923 , 18193 , 52.75 , -85.4 , 25 , 14.03 , 9.762 , 1.851 , 100.02 , 76.44
3933 , 18234 , 52.36 , -85.4 , 25 , 13.98 , 9.864 , 1.884 , 100.60 , 75.86
3943 , 18276 , 51.96 , -85.6 , 25 , 13.93 , 9.855 , 1.897 , 101.19 , 75.27
3953 , 18315 , 51.59 , -85.9 , 25 , 13.88 , 9.918 , 1.923 , 101.75 , 74.70
3963 , 18356 , 51.20 , -86.0 , 25 , 13.83 , 9.870 , 1.928 , 102.34 , 74.12
3973 , 18399 , 50.81 , -85.7 , 25 , 13.78 , 9.850 , 1.939 , 102.94 , 73.52
3983 , 18440 , 50.43 , -85.8 , 25 , 13.73 , 9.785 , 1.940 , 103.52 , 72.94
3993 , 18480 , 50.06 , -85.9 , 25 , 13.69 , 9.700 , 1.938 , 104.08 , 72.38
4003 , 18519 , 49.70 , -85.9 , 25 , 13.63 , 9.582 , 1.928 , 104.63 , 71.83
4013 , 18558 , 49.35 , -85.9 , 25 , 13.58 , 9.537 , 1.932 , 105.16 , 71.30
4023 , 18595 , 49.02 , -85.8 , 25 , 13.54 , 9.421 , 1.922 , 105.67 , 70.79
4032 , 18634 , 48.67 , -85.5 , 25 , 13.49 , 9.247 , 1.900 , 106.20 , 70.26
4042 , 18673 , 48.33 , -85.4 , 25 , 13.44 , 9.064 , 1.875 , 106.70 , 69.76
4052 , 18715 , 47.96 , -85.6 , 25 , 13.39 , 8.895 , 1.855 , 107.25 , 69.21
4062 , 18757 , 47.59 , -85.6 , 25 , 13.34 , 8.863 , 1.862 , 107.79 , 68.67
4072 , 18800 , 47.22 , -85.7 , 25 , 13.30 , 9.008 , 1.907 , 108.33 , 68.12
4082 , 18842 , 46.87 , -85.8 , 25 , 13.24 , 9.232 , 1.970 , 108.88 , 67.57
4092 , 18885 , 46.50 , -85.9 , 25 , 13.20 , 9.436 , 2.030 , 109.47 , 66.99
4102 , 18927 , 46.14 , -86.1 , 25 , 13.15 , 9.638 , 2.089 , 110.05 , 66.41
4112 , 18970 , 45.78 , -86.2 , 25 , 13.10 , 9.764 , 2.133 , 110.64 , 65.82
4122 , 19013 , 45.43 , -86.4 , 25 , 13.05 , 9.952 , 2.191 , 111.25 , 65.21
4132 , 19056 , 45.06 , -86.5 , 25 , 13.00 , 10.083 , 2.238 , 111.88 , 64.58
4142 , 19098 , 44.72 , -86.3 , 25 , 12.95 , 10.217 , 2.285 , 112.50 , 63.96
4152 , 19142 , 44.36 , -86.1 , 25 , 12.90 , 10.251 , 2.311 , 113.14 , 63.31
4162 , 19187 , 44.00 , -86.2 , 25 , 12.85 , 10.206 , 2.319 , 113.80 , 62.66
4172 , 19231 , 43.65 , -86.1 , 25 , 12.80 , 10.171 , 2.330 , 114.45 , 62.01
4182 , 19275 , 43.30 , -86.1 , 25 , 12.75 , 10.066 , 2.325 , 115.10 , 61.36
4192 , 19320 , 42.94 , -86.2 , 24 , 12.70 , 9.982 , 2.325 , 115.75 , 60.71
4202 , 19366 , 42.59 , -86.3 , 24 , 12.65 , 9.808 , 2.303 , 116.40 , 60.06
4212 , 19412 , 42.23 , -86.4 , 24 , 12.60 , 9.583 , 2.269 , 117.04 , 59.42
4222 , 19457 , 41.89 , -86.1 , 24 , 12.55 , 9.307 , 2.222 , 117.65 , 58.81
4232 , 19500 , 41.56 , -86.3 , 24 , 12.50 , 9.074 , 2.183 , 118.22 , 58.23
4242 , 19544 , 41.22 , -86.6 , 24 , 12.45 , 8.915 , 2.163 , 118.79 , 57.66
4252 , 19588 , 40.89 , -86.7 , 24 , 12.40 , 8.729 , 2.135 , 119.36 , 57.10
4262 , 19631 , 40.57 , -86.8 , 24 , 12.35 , 8.478 , 2.090 , 119.90 , 56.56
4272 , 19672 , 40.27 , -87.0 , 24 , 12.30 , 8.174 , 2.030 , 120.39 , 56.07
4282 , 19714 , 39.95 , -87.0 , 24 , 12.25 , 7.804 , 1.953 , 120.88 , 55.58
4292 , 19758 , 39.63 , -86.7 , 24 , 12.20 , 7.498 , 1.892 , 121.36 , 55.09
4302 , 19798 , 39.34 , -86.9 , 24 , 12.15 , 7.284 , 1.851 , 121.79 , 54.67
4311 , 19837 , 39.06 , -87.2 , 24 , 12.11 , 7.105 , 1.819 , 122.20 , 54.26
4321 , 19875 , 38.79 , -87.1 , 24 , 12.06 , 6.951 , 1.792 , 122.59 , 53.87
4330 , 19914 , 38.52 , -86.6 , 24 , 12.01 , 6.777 , 1.760 , 122.97 , 53.49
