# ------------------------------------------------------------
#
# Flight name: V2209
# Station: Davis
# Launch Date: 15 September 2009
# Launch Time: 23:29:53
# 
# This file created: Wed Sep 16 15:32:50 2009
# 
# 
# ------------------------------------------------------------
# DATA COLUMNS
# Time (s)
# Height (m)
# Atmospheric Pressure (hPa)
# Atmospheric Temperature (°C)
# Relative Humidity (%)
# Box Temperature (°C)
# Ozone Partial Pressure (mPa)
# Ozone Mixing Ratio (ppmV)
# Accumulated Ozone to this Height (Dobson Units)
# Remaining Ozone above this Height (Dobson Units)
# 
# ------------------------------------------------------------
# 
# Integrated Ozone = 114.8 DU
# Extrapolated Ozone =  44.3 DU
# 
# Total Ozone = 159.1 DU
# 
# 
# ------------------------------------------------------------
1 , 18 , 986.07 , -6.8 , 41 , 38.59 , 3.061 , 0.031 , 0.00 , 159.08
10 , 45 , 982.64 , -7.3 , 44 , 38.53 , 3.112 , 0.032 , 0.08 , 159.00
20 , 84 , 977.74 , -7.3 , 44 , 38.38 , 3.114 , 0.032 , 0.21 , 158.88
30 , 117 , 973.55 , -7.3 , 44 , 38.26 , 3.119 , 0.032 , 0.31 , 158.77
39 , 152 , 969.23 , -7.4 , 45 , 38.18 , 3.122 , 0.032 , 0.42 , 158.66
48 , 187 , 964.90 , -7.5 , 45 , 38.10 , 3.116 , 0.032 , 0.53 , 158.55
57 , 221 , 960.58 , -7.7 , 46 , 37.99 , 3.118 , 0.032 , 0.64 , 158.44
67 , 259 , 955.89 , -8.0 , 47 , 37.89 , 3.078 , 0.032 , 0.76 , 158.32
77 , 298 , 951.12 , -8.2 , 48 , 37.74 , 3.083 , 0.032 , 0.88 , 158.20
87 , 335 , 946.61 , -8.3 , 50 , 37.60 , 3.048 , 0.032 , 1.00 , 158.08
97 , 372 , 942.12 , -8.6 , 51 , 37.48 , 3.038 , 0.032 , 1.11 , 157.97
107 , 408 , 937.78 , -9.0 , 53 , 37.37 , 3.034 , 0.032 , 1.22 , 157.86
117 , 438 , 934.17 , -9.2 , 56 , 37.25 , 3.010 , 0.032 , 1.32 , 157.77
127 , 473 , 929.94 , -9.1 , 60 , 37.13 , 2.976 , 0.032 , 1.42 , 157.66
137 , 513 , 925.08 , -9.2 , 62 , 37.05 , 2.953 , 0.032 , 1.55 , 157.54
147 , 552 , 920.45 , -9.6 , 63 , 36.93 , 2.938 , 0.032 , 1.66 , 157.42
157 , 591 , 915.77 , -9.8 , 63 , 36.81 , 2.953 , 0.032 , 1.78 , 157.30
167 , 637 , 910.37 , -10.3 , 64 , 36.71 , 2.918 , 0.032 , 1.92 , 157.16
177 , 684 , 904.79 , -10.7 , 67 , 36.65 , 2.899 , 0.032 , 2.06 , 157.02
187 , 729 , 899.54 , -11.1 , 69 , 36.57 , 2.882 , 0.032 , 2.19 , 156.89
197 , 772 , 894.52 , -11.5 , 71 , 36.49 , 2.862 , 0.032 , 2.32 , 156.76
207 , 817 , 889.27 , -12.0 , 73 , 36.41 , 2.837 , 0.032 , 2.45 , 156.63
217 , 861 , 884.10 , -12.4 , 76 , 36.34 , 2.825 , 0.032 , 2.58 , 156.50
227 , 908 , 878.72 , -12.8 , 78 , 36.29 , 2.809 , 0.032 , 2.72 , 156.37
237 , 956 , 873.26 , -13.3 , 79 , 36.22 , 2.809 , 0.032 , 2.86 , 156.23
247 , 1002 , 867.96 , -13.7 , 81 , 36.15 , 2.785 , 0.032 , 2.99 , 156.09
257 , 1049 , 862.63 , -14.1 , 83 , 36.08 , 2.773 , 0.032 , 3.13 , 155.96
267 , 1094 , 857.45 , -14.5 , 84 , 35.99 , 2.754 , 0.032 , 3.26 , 155.83
277 , 1143 , 851.97 , -15.0 , 86 , 35.89 , 2.728 , 0.032 , 3.40 , 155.69
287 , 1194 , 846.27 , -15.4 , 89 , 35.78 , 2.714 , 0.032 , 3.54 , 155.54
297 , 1241 , 840.96 , -15.7 , 91 , 35.67 , 2.685 , 0.032 , 3.67 , 155.41
307 , 1288 , 835.70 , -16.1 , 92 , 35.57 , 2.657 , 0.032 , 3.81 , 155.28
317 , 1334 , 830.63 , -16.3 , 93 , 35.47 , 2.637 , 0.032 , 3.93 , 155.15
327 , 1379 , 825.68 , -16.6 , 95 , 35.37 , 2.618 , 0.032 , 4.06 , 155.03
337 , 1425 , 820.68 , -16.7 , 95 , 35.26 , 2.589 , 0.032 , 4.18 , 154.90
347 , 1472 , 815.56 , -16.9 , 93 , 35.12 , 2.568 , 0.031 , 4.31 , 154.77
357 , 1517 , 810.62 , -17.0 , 93 , 35.01 , 2.545 , 0.031 , 4.43 , 154.65
366 , 1561 , 805.89 , -17.2 , 93 , 34.92 , 2.527 , 0.031 , 4.55 , 154.53
376 , 1604 , 801.32 , -17.3 , 93 , 34.85 , 2.510 , 0.031 , 4.66 , 154.42
386 , 1648 , 796.61 , -17.3 , 89 , 34.74 , 2.546 , 0.032 , 4.78 , 154.30
396 , 1690 , 792.11 , -17.5 , 87 , 34.63 , 2.593 , 0.033 , 4.89 , 154.19
406 , 1733 , 787.67 , -17.8 , 88 , 34.52 , 2.519 , 0.032 , 5.01 , 154.08
416 , 1773 , 783.38 , -18.2 , 90 , 34.37 , 2.511 , 0.032 , 5.12 , 153.97
426 , 1816 , 778.90 , -18.4 , 90 , 34.27 , 2.447 , 0.031 , 5.23 , 153.85
436 , 1857 , 774.66 , -18.7 , 90 , 34.19 , 2.444 , 0.032 , 5.33 , 153.75
446 , 1895 , 770.70 , -18.8 , 89 , 34.06 , 2.465 , 0.032 , 5.43 , 153.65
456 , 1932 , 766.92 , -18.8 , 87 , 33.92 , 2.461 , 0.032 , 5.53 , 153.55
466 , 1968 , 763.15 , -18.8 , 83 , 33.87 , 2.442 , 0.032 , 5.62 , 153.46
476 , 2004 , 759.46 , -18.8 , 78 , 33.81 , 2.452 , 0.032 , 5.72 , 153.37
486 , 2041 , 755.76 , -18.9 , 77 , 33.73 , 2.454 , 0.032 , 5.81 , 153.27
496 , 2077 , 752.13 , -19.0 , 74 , 33.64 , 2.448 , 0.033 , 5.91 , 153.18
506 , 2114 , 748.40 , -19.2 , 72 , 33.55 , 2.434 , 0.033 , 6.00 , 153.08
516 , 2152 , 744.59 , -19.4 , 71 , 33.46 , 2.444 , 0.033 , 6.10 , 152.98
526 , 2189 , 740.85 , -19.7 , 70 , 33.36 , 2.417 , 0.033 , 6.20 , 152.89
536 , 2227 , 737.02 , -19.9 , 69 , 33.26 , 2.401 , 0.033 , 6.29 , 152.79
546 , 2265 , 733.25 , -20.1 , 67 , 33.17 , 2.387 , 0.033 , 6.39 , 152.69
556 , 2305 , 729.35 , -20.3 , 66 , 33.07 , 2.370 , 0.032 , 6.49 , 152.59
566 , 2343 , 725.58 , -20.4 , 64 , 32.96 , 2.355 , 0.032 , 6.59 , 152.50
576 , 2383 , 721.73 , -20.5 , 62 , 32.86 , 2.338 , 0.032 , 6.69 , 152.40
586 , 2425 , 717.66 , -20.7 , 60 , 32.75 , 2.342 , 0.033 , 6.79 , 152.29
596 , 2467 , 713.57 , -20.9 , 61 , 32.65 , 2.334 , 0.033 , 6.90 , 152.19
606 , 2510 , 709.40 , -21.0 , 62 , 32.55 , 2.312 , 0.033 , 7.00 , 152.08
616 , 2556 , 705.01 , -21.1 , 63 , 32.44 , 2.305 , 0.033 , 7.12 , 151.97
626 , 2604 , 700.45 , -21.4 , 62 , 32.35 , 2.294 , 0.033 , 7.23 , 151.85
636 , 2652 , 695.87 , -21.7 , 61 , 32.25 , 2.289 , 0.033 , 7.35 , 151.73
646 , 2702 , 691.18 , -22.0 , 61 , 32.15 , 2.278 , 0.033 , 7.47 , 151.61
656 , 2753 , 686.41 , -22.4 , 61 , 32.06 , 2.267 , 0.033 , 7.60 , 151.48
665 , 2802 , 681.84 , -22.7 , 59 , 31.97 , 2.258 , 0.033 , 7.72 , 151.36
674 , 2850 , 677.38 , -23.1 , 59 , 31.89 , 2.241 , 0.033 , 7.83 , 151.25
684 , 2900 , 672.73 , -23.5 , 60 , 31.81 , 2.231 , 0.033 , 7.96 , 151.13
694 , 2958 , 667.41 , -24.0 , 61 , 31.71 , 2.232 , 0.033 , 8.10 , 150.99
704 , 3017 , 662.03 , -24.5 , 62 , 31.58 , 2.228 , 0.034 , 8.24 , 150.84
714 , 3079 , 656.45 , -25.0 , 63 , 31.45 , 2.178 , 0.033 , 8.39 , 150.70
724 , 3136 , 651.29 , -25.5 , 64 , 31.35 , 2.161 , 0.033 , 8.52 , 150.56
734 , 3195 , 645.98 , -26.0 , 65 , 31.25 , 2.154 , 0.033 , 8.66 , 150.42
744 , 3260 , 640.23 , -26.5 , 67 , 31.14 , 2.121 , 0.033 , 8.81 , 150.27
754 , 3324 , 634.61 , -27.0 , 68 , 31.04 , 2.111 , 0.033 , 8.96 , 150.12
764 , 3388 , 628.98 , -27.4 , 68 , 30.95 , 2.126 , 0.034 , 9.11 , 149.98
774 , 3453 , 623.31 , -27.8 , 68 , 30.88 , 2.068 , 0.033 , 9.26 , 149.83
784 , 3516 , 617.83 , -28.0 , 68 , 30.82 , 2.042 , 0.033 , 9.40 , 149.68
794 , 3577 , 612.59 , -28.3 , 69 , 30.75 , 2.027 , 0.033 , 9.54 , 149.55
804 , 3637 , 607.47 , -28.5 , 71 , 30.68 , 2.020 , 0.033 , 9.67 , 149.41
814 , 3705 , 601.80 , -28.9 , 71 , 30.59 , 2.008 , 0.033 , 9.82 , 149.26
824 , 3767 , 596.53 , -29.3 , 71 , 30.48 , 1.982 , 0.033 , 9.96 , 149.12
834 , 3834 , 590.97 , -29.5 , 72 , 30.40 , 1.949 , 0.033 , 10.10 , 148.98
844 , 3898 , 585.72 , -29.6 , 73 , 30.33 , 1.932 , 0.033 , 10.24 , 148.84
854 , 3961 , 580.52 , -29.9 , 70 , 30.27 , 1.869 , 0.032 , 10.37 , 148.71
864 , 4023 , 575.50 , -30.3 , 68 , 30.20 , 1.803 , 0.031 , 10.50 , 148.58
873 , 4080 , 570.91 , -30.7 , 68 , 30.15 , 1.769 , 0.031 , 10.61 , 148.47
883 , 4135 , 566.53 , -31.2 , 68 , 30.08 , 1.765 , 0.031 , 10.72 , 148.36
893 , 4191 , 562.01 , -31.6 , 67 , 30.02 , 1.752 , 0.031 , 10.83 , 148.25
903 , 4246 , 557.67 , -32.1 , 68 , 29.95 , 1.726 , 0.031 , 10.94 , 148.14
913 , 4300 , 553.44 , -32.5 , 70 , 29.89 , 1.709 , 0.031 , 11.04 , 148.04
923 , 4353 , 549.26 , -32.8 , 67 , 29.81 , 1.683 , 0.031 , 11.14 , 147.94
933 , 4402 , 545.44 , -33.1 , 63 , 29.72 , 1.664 , 0.031 , 11.24 , 147.85
943 , 4455 , 541.36 , -33.6 , 61 , 29.64 , 1.656 , 0.031 , 11.33 , 147.75
953 , 4503 , 537.66 , -34.0 , 61 , 29.52 , 1.643 , 0.031 , 11.42 , 147.66
963 , 4552 , 533.96 , -34.3 , 62 , 29.44 , 1.605 , 0.030 , 11.51 , 147.57
973 , 4598 , 530.43 , -34.6 , 60 , 29.36 , 1.591 , 0.030 , 11.59 , 147.49
982 , 4644 , 526.91 , -35.0 , 59 , 29.28 , 1.591 , 0.030 , 11.68 , 147.40
992 , 4693 , 523.21 , -35.3 , 55 , 29.16 , 1.578 , 0.030 , 11.77 , 147.32
1002 , 4743 , 519.50 , -35.5 , 48 , 29.03 , 1.554 , 0.030 , 11.85 , 147.23
1012 , 4785 , 516.34 , -35.7 , 47 , 28.95 , 1.575 , 0.031 , 11.93 , 147.15
1022 , 4829 , 513.11 , -36.0 , 44 , 28.84 , 1.579 , 0.031 , 12.01 , 147.07
1032 , 4871 , 509.98 , -36.3 , 41 , 28.77 , 1.632 , 0.032 , 12.09 , 147.00
1042 , 4917 , 506.60 , -36.6 , 39 , 28.72 , 1.619 , 0.032 , 12.17 , 146.91
1052 , 4963 , 503.31 , -36.9 , 36 , 28.66 , 1.601 , 0.032 , 12.25 , 146.83
1061 , 5005 , 500.24 , -37.2 , 34 , 28.61 , 1.616 , 0.032 , 12.33 , 146.75
1071 , 5046 , 497.27 , -37.5 , 33 , 28.55 , 1.648 , 0.033 , 12.41 , 146.68
1081 , 5088 , 494.22 , -37.9 , 34 , 28.48 , 1.668 , 0.034 , 12.49 , 146.59
1091 , 5133 , 491.06 , -38.3 , 34 , 28.41 , 1.661 , 0.034 , 12.57 , 146.51
1101 , 5178 , 487.85 , -38.7 , 34 , 28.34 , 1.658 , 0.034 , 12.66 , 146.42
1111 , 5222 , 484.71 , -39.1 , 36 , 28.26 , 1.630 , 0.034 , 12.74 , 146.34
1121 , 5262 , 481.90 , -39.5 , 37 , 28.18 , 1.569 , 0.033 , 12.82 , 146.27
1131 , 5305 , 478.87 , -39.9 , 38 , 28.11 , 1.557 , 0.033 , 12.89 , 146.19
1141 , 5352 , 475.58 , -40.3 , 38 , 28.02 , 1.567 , 0.033 , 12.98 , 146.10
1151 , 5398 , 472.37 , -40.7 , 38 , 27.93 , 1.505 , 0.032 , 13.06 , 146.02
1161 , 5450 , 468.79 , -41.2 , 38 , 27.85 , 1.497 , 0.032 , 13.15 , 145.93
1171 , 5497 , 465.55 , -41.7 , 40 , 27.76 , 1.498 , 0.032 , 13.23 , 145.85
1181 , 5543 , 462.37 , -42.1 , 40 , 27.65 , 1.485 , 0.032 , 13.31 , 145.77
1191 , 5591 , 459.12 , -42.5 , 40 , 27.49 , 1.463 , 0.032 , 13.40 , 145.69
1201 , 5641 , 455.73 , -43.0 , 41 , 27.40 , 1.447 , 0.032 , 13.48 , 145.60
1211 , 5694 , 452.14 , -43.5 , 42 , 27.33 , 1.428 , 0.032 , 13.57 , 145.51
1221 , 5746 , 448.62 , -44.0 , 43 , 27.25 , 1.394 , 0.031 , 13.66 , 145.43
1231 , 5794 , 445.44 , -44.5 , 45 , 27.17 , 1.387 , 0.031 , 13.74 , 145.35
1241 , 5845 , 442.07 , -44.9 , 47 , 27.09 , 1.390 , 0.031 , 13.82 , 145.26
1251 , 5895 , 438.76 , -45.4 , 48 , 26.99 , 1.399 , 0.032 , 13.90 , 145.18
1261 , 5943 , 435.58 , -45.7 , 48 , 26.86 , 1.398 , 0.032 , 13.98 , 145.10
1271 , 5993 , 432.33 , -46.1 , 43 , 26.77 , 1.401 , 0.032 , 14.06 , 145.02
1281 , 6045 , 428.96 , -46.5 , 41 , 26.69 , 1.394 , 0.032 , 14.15 , 144.93
1290 , 6091 , 426.02 , -46.8 , 41 , 26.63 , 1.381 , 0.032 , 14.23 , 144.86
1300 , 6143 , 422.67 , -47.3 , 42 , 26.55 , 1.378 , 0.033 , 14.31 , 144.77
1310 , 6198 , 419.14 , -47.7 , 42 , 26.46 , 1.326 , 0.032 , 14.40 , 144.68
1320 , 6252 , 415.74 , -48.0 , 39 , 26.37 , 1.342 , 0.032 , 14.49 , 144.60
1330 , 6309 , 412.16 , -48.5 , 41 , 26.26 , 1.358 , 0.033 , 14.58 , 144.50
1340 , 6363 , 408.77 , -48.8 , 42 , 26.11 , 1.377 , 0.034 , 14.67 , 144.41
1350 , 6417 , 405.46 , -49.3 , 43 , 26.00 , 1.373 , 0.034 , 14.76 , 144.33
1360 , 6472 , 402.03 , -49.8 , 45 , 25.94 , 1.379 , 0.034 , 14.85 , 144.23
1370 , 6529 , 398.53 , -50.3 , 47 , 25.87 , 1.369 , 0.034 , 14.94 , 144.14
1380 , 6583 , 395.26 , -50.8 , 49 , 25.75 , 1.361 , 0.034 , 15.03 , 144.05
1390 , 6640 , 391.79 , -51.3 , 50 , 25.66 , 1.357 , 0.035 , 15.13 , 143.96
1400 , 6698 , 388.31 , -51.8 , 50 , 25.54 , 1.328 , 0.034 , 15.22 , 143.86
1410 , 6755 , 384.92 , -52.3 , 50 , 25.43 , 1.313 , 0.034 , 15.31 , 143.77
1420 , 6800 , 382.27 , -52.7 , 51 , 25.36 , 1.298 , 0.034 , 15.38 , 143.70
1430 , 6846 , 379.54 , -53.1 , 52 , 25.27 , 1.312 , 0.035 , 15.46 , 143.62
1440 , 6887 , 377.14 , -53.5 , 52 , 25.18 , 1.333 , 0.035 , 15.52 , 143.56
1450 , 6942 , 373.91 , -54.0 , 53 , 25.07 , 1.341 , 0.036 , 15.62 , 143.47
1460 , 6990 , 371.12 , -54.4 , 54 , 24.96 , 1.322 , 0.036 , 15.69 , 143.39
1470 , 7036 , 368.46 , -54.8 , 57 , 24.87 , 1.332 , 0.036 , 15.77 , 143.31
1480 , 7088 , 365.47 , -55.1 , 60 , 24.80 , 1.317 , 0.036 , 15.85 , 143.23
1490 , 7144 , 362.26 , -55.5 , 61 , 24.76 , 1.307 , 0.036 , 15.95 , 143.14
1500 , 7197 , 359.28 , -55.8 , 62 , 24.70 , 1.308 , 0.036 , 16.03 , 143.05
1510 , 7253 , 356.14 , -56.1 , 61 , 24.64 , 1.297 , 0.036 , 16.12 , 142.96
1520 , 7310 , 352.94 , -56.4 , 59 , 24.54 , 1.275 , 0.036 , 16.21 , 142.87
1530 , 7359 , 350.22 , -56.7 , 57 , 24.44 , 1.268 , 0.036 , 16.29 , 142.79
1540 , 7414 , 347.18 , -57.1 , 54 , 24.32 , 1.254 , 0.036 , 16.38 , 142.71
1550 , 7456 , 344.89 , -57.5 , 52 , 24.20 , 1.232 , 0.036 , 16.44 , 142.64
1560 , 7491 , 342.96 , -57.8 , 52 , 24.12 , 1.213 , 0.035 , 16.50 , 142.59
1570 , 7525 , 341.15 , -58.1 , 52 , 24.00 , 1.189 , 0.035 , 16.55 , 142.54
1580 , 7561 , 339.17 , -58.4 , 52 , 23.89 , 1.182 , 0.035 , 16.60 , 142.48
1590 , 7608 , 336.65 , -58.8 , 51 , 23.77 , 1.160 , 0.034 , 16.67 , 142.41
1599 , 7644 , 334.76 , -59.1 , 49 , 23.71 , 1.157 , 0.035 , 16.72 , 142.36
1609 , 7673 , 333.20 , -59.3 , 48 , 23.65 , 1.152 , 0.035 , 16.76 , 142.32
1619 , 7705 , 331.50 , -59.6 , 48 , 23.56 , 1.136 , 0.034 , 16.81 , 142.27
1629 , 7737 , 329.80 , -59.8 , 48 , 23.47 , 1.123 , 0.034 , 16.86 , 142.23
1639 , 7766 , 328.26 , -60.1 , 47 , 23.41 , 1.126 , 0.034 , 16.90 , 142.19
1649 , 7800 , 326.50 , -60.3 , 47 , 23.36 , 1.110 , 0.034 , 16.94 , 142.14
1659 , 7849 , 323.92 , -60.7 , 46 , 23.29 , 1.101 , 0.034 , 17.01 , 142.07
1669 , 7903 , 321.11 , -61.1 , 46 , 23.23 , 1.102 , 0.034 , 17.09 , 141.99
1679 , 7956 , 318.36 , -61.5 , 46 , 23.18 , 1.090 , 0.034 , 17.16 , 141.92
1689 , 7997 , 316.26 , -61.8 , 45 , 23.08 , 1.076 , 0.034 , 17.22 , 141.86
1699 , 8043 , 313.95 , -62.2 , 44 , 22.99 , 1.083 , 0.034 , 17.28 , 141.80
1709 , 8091 , 311.49 , -62.6 , 43 , 22.91 , 1.077 , 0.035 , 17.35 , 141.73
1719 , 8128 , 309.62 , -62.9 , 42 , 22.82 , 1.074 , 0.035 , 17.40 , 141.68
1729 , 8178 , 307.12 , -63.3 , 42 , 22.77 , 1.053 , 0.034 , 17.47 , 141.61
1739 , 8225 , 304.77 , -63.8 , 43 , 22.71 , 1.032 , 0.034 , 17.53 , 141.55
1749 , 8266 , 302.75 , -64.2 , 43 , 22.63 , 1.022 , 0.034 , 17.59 , 141.50
1759 , 8305 , 300.83 , -64.5 , 43 , 22.58 , 1.024 , 0.034 , 17.64 , 141.45
1769 , 8344 , 298.90 , -64.8 , 44 , 22.53 , 1.017 , 0.034 , 17.69 , 141.39
1779 , 8387 , 296.78 , -65.2 , 45 , 22.45 , 1.005 , 0.034 , 17.75 , 141.34
1789 , 8428 , 294.80 , -65.6 , 45 , 22.36 , 1.005 , 0.034 , 17.80 , 141.28
1799 , 8472 , 292.67 , -66.0 , 46 , 22.31 , 0.990 , 0.034 , 17.86 , 141.23
1809 , 8523 , 290.25 , -66.5 , 48 , 22.22 , 0.982 , 0.034 , 17.92 , 141.16
1819 , 8572 , 287.88 , -67.0 , 49 , 22.15 , 0.976 , 0.034 , 17.98 , 141.10
1829 , 8616 , 285.78 , -67.4 , 51 , 22.07 , 0.968 , 0.034 , 18.04 , 141.04
1839 , 8660 , 283.69 , -67.8 , 52 , 22.01 , 0.962 , 0.034 , 18.10 , 140.99
1849 , 8714 , 281.18 , -68.3 , 54 , 21.95 , 0.945 , 0.034 , 18.16 , 140.92
1859 , 8750 , 279.47 , -68.7 , 56 , 21.88 , 0.943 , 0.034 , 18.21 , 140.87
1868 , 8789 , 277.65 , -69.1 , 58 , 21.84 , 0.948 , 0.034 , 18.26 , 140.83
1878 , 8836 , 275.48 , -69.5 , 60 , 21.78 , 0.946 , 0.034 , 18.32 , 140.77
1888 , 8887 , 273.15 , -69.6 , 62 , 21.72 , 0.958 , 0.035 , 18.38 , 140.70
1898 , 8918 , 271.71 , -69.5 , 63 , 21.65 , 1.011 , 0.037 , 18.42 , 140.66
1907 , 8946 , 270.44 , -69.6 , 63 , 21.61 , 1.072 , 0.040 , 18.46 , 140.62
1917 , 8974 , 269.20 , -69.5 , 62 , 21.58 , 1.147 , 0.043 , 18.50 , 140.58
1927 , 9006 , 267.74 , -68.7 , 61 , 21.50 , 1.276 , 0.048 , 18.55 , 140.53
1937 , 9046 , 265.99 , -67.5 , 59 , 21.43 , 1.483 , 0.056 , 18.62 , 140.46
1947 , 9080 , 264.45 , -67.6 , 57 , 21.40 , 1.664 , 0.063 , 18.70 , 140.39
1957 , 9136 , 262.03 , -67.5 , 53 , 21.37 , 1.805 , 0.069 , 18.82 , 140.26
1967 , 9177 , 260.24 , -67.6 , 49 , 21.32 , 2.013 , 0.077 , 18.92 , 140.16
1977 , 9204 , 259.09 , -67.7 , 46 , 21.29 , 2.117 , 0.082 , 19.00 , 140.09
1987 , 9234 , 257.78 , -67.8 , 43 , 21.29 , 2.111 , 0.082 , 19.08 , 140.00
1997 , 9266 , 256.43 , -67.8 , 40 , 21.24 , 2.065 , 0.081 , 19.17 , 139.92
2007 , 9297 , 255.09 , -67.8 , 37 , 21.18 , 1.873 , 0.073 , 19.25 , 139.83
2016 , 9333 , 253.56 , -67.7 , 35 , 21.09 , 1.678 , 0.066 , 19.33 , 139.75
2026 , 9386 , 251.36 , -67.8 , 34 , 21.02 , 1.542 , 0.061 , 19.44 , 139.64
2036 , 9427 , 249.65 , -68.0 , 32 , 20.94 , 1.556 , 0.062 , 19.53 , 139.56
2046 , 9465 , 248.04 , -68.2 , 30 , 20.86 , 1.561 , 0.063 , 19.61 , 139.48
2056 , 9497 , 246.74 , -68.5 , 28 , 20.83 , 1.547 , 0.063 , 19.67 , 139.41
2066 , 9531 , 245.33 , -68.8 , 27 , 20.80 , 1.539 , 0.063 , 19.74 , 139.34
2076 , 9569 , 243.80 , -68.8 , 26 , 20.75 , 1.566 , 0.064 , 19.82 , 139.27
2086 , 9603 , 242.42 , -68.9 , 26 , 20.73 , 1.730 , 0.071 , 19.89 , 139.19
2096 , 9639 , 240.96 , -69.0 , 25 , 20.70 , 1.898 , 0.079 , 19.98 , 139.10
2106 , 9675 , 239.52 , -68.8 , 25 , 20.69 , 2.086 , 0.087 , 20.07 , 139.01
2116 , 9718 , 237.80 , -68.7 , 24 , 20.64 , 2.256 , 0.095 , 20.20 , 138.89
2126 , 9761 , 236.11 , -68.2 , 23 , 20.57 , 2.522 , 0.107 , 20.33 , 138.75
2136 , 9798 , 234.64 , -68.1 , 23 , 20.52 , 2.764 , 0.118 , 20.46 , 138.62
2146 , 9836 , 233.17 , -68.3 , 23 , 20.48 , 2.804 , 0.120 , 20.60 , 138.48
2156 , 9872 , 231.75 , -68.6 , 23 , 20.46 , 2.755 , 0.119 , 20.73 , 138.35
2166 , 9907 , 230.39 , -68.8 , 24 , 20.45 , 2.647 , 0.115 , 20.86 , 138.22
2176 , 9946 , 228.93 , -68.8 , 24 , 20.41 , 2.501 , 0.109 , 20.99 , 138.10
2186 , 9985 , 227.42 , -68.9 , 24 , 20.34 , 2.361 , 0.104 , 21.11 , 137.97
2196 , 10030 , 225.71 , -69.1 , 24 , 20.25 , 2.270 , 0.101 , 21.25 , 137.83
2206 , 10073 , 224.11 , -69.3 , 24 , 20.15 , 2.241 , 0.100 , 21.38 , 137.70
2215 , 10113 , 222.61 , -69.5 , 24 , 20.07 , 2.239 , 0.101 , 21.50 , 137.59
2224 , 10151 , 221.18 , -69.5 , 24 , 20.04 , 2.264 , 0.102 , 21.61 , 137.47
2234 , 10192 , 219.66 , -69.7 , 23 , 20.03 , 2.310 , 0.105 , 21.74 , 137.35
2244 , 10232 , 218.18 , -69.7 , 23 , 19.96 , 2.278 , 0.104 , 21.86 , 137.22
2254 , 10284 , 216.30 , -69.5 , 22 , 19.88 , 2.317 , 0.107 , 22.02 , 137.07
2264 , 10333 , 214.55 , -69.3 , 22 , 19.84 , 2.667 , 0.124 , 22.18 , 136.91
2274 , 10374 , 213.05 , -69.4 , 22 , 19.79 , 3.011 , 0.141 , 22.33 , 136.75
2284 , 10423 , 211.33 , -69.6 , 21 , 19.71 , 3.303 , 0.156 , 22.53 , 136.55
2294 , 10468 , 209.73 , -70.1 , 21 , 19.66 , 3.518 , 0.168 , 22.74 , 136.34
2304 , 10514 , 208.12 , -70.4 , 21 , 19.60 , 3.609 , 0.173 , 22.96 , 136.13
2314 , 10567 , 206.24 , -70.9 , 21 , 19.50 , 3.669 , 0.178 , 23.22 , 135.87
2324 , 10621 , 204.38 , -71.4 , 21 , 19.43 , 3.694 , 0.181 , 23.48 , 135.60
2334 , 10665 , 202.87 , -71.7 , 21 , 19.38 , 3.738 , 0.184 , 23.70 , 135.38
2344 , 10708 , 201.38 , -71.9 , 22 , 19.36 , 3.784 , 0.188 , 23.92 , 135.17
2354 , 10751 , 199.91 , -72.0 , 22 , 19.30 , 3.887 , 0.194 , 24.14 , 134.94
2364 , 10793 , 198.51 , -72.3 , 23 , 19.25 , 3.973 , 0.200 , 24.36 , 134.73
2374 , 10838 , 196.99 , -72.6 , 24 , 19.22 , 4.025 , 0.204 , 24.60 , 134.48
2384 , 10878 , 195.64 , -72.6 , 24 , 19.16 , 4.116 , 0.210 , 24.82 , 134.26
2393 , 10924 , 194.13 , -72.5 , 25 , 19.11 , 4.262 , 0.220 , 25.08 , 134.01
2403 , 10968 , 192.69 , -71.5 , 25 , 19.04 , 4.437 , 0.230 , 25.33 , 133.75
2413 , 11012 , 191.26 , -71.1 , 25 , 18.98 , 4.702 , 0.246 , 25.60 , 133.48
2423 , 11055 , 189.88 , -70.8 , 25 , 18.90 , 4.913 , 0.259 , 25.88 , 133.21
2433 , 11090 , 188.74 , -70.5 , 25 , 18.86 , 5.175 , 0.274 , 26.11 , 132.97
2443 , 11126 , 187.61 , -70.2 , 24 , 18.86 , 5.340 , 0.285 , 26.36 , 132.72
2453 , 11161 , 186.49 , -70.2 , 23 , 18.82 , 5.452 , 0.292 , 26.62 , 132.46
2463 , 11200 , 185.29 , -69.9 , 22 , 18.79 , 5.536 , 0.299 , 26.90 , 132.18
2473 , 11249 , 183.76 , -69.4 , 21 , 18.74 , 5.591 , 0.304 , 27.26 , 131.82
2483 , 11294 , 182.37 , -69.4 , 20 , 18.68 , 5.694 , 0.312 , 27.60 , 131.48
2493 , 11329 , 181.33 , -69.1 , 19 , 18.66 , 5.848 , 0.323 , 27.86 , 131.22
2503 , 11368 , 180.15 , -69.2 , 18 , 18.64 , 6.043 , 0.335 , 28.17 , 130.91
2513 , 11426 , 178.40 , -69.4 , 17 , 18.58 , 6.136 , 0.344 , 28.64 , 130.45
2523 , 11474 , 176.96 , -69.7 , 16 , 18.51 , 6.165 , 0.348 , 29.03 , 130.05
2533 , 11521 , 175.57 , -70.1 , 16 , 18.47 , 6.201 , 0.353 , 29.42 , 129.67
2543 , 11579 , 173.86 , -70.5 , 15 , 18.41 , 6.222 , 0.358 , 29.89 , 129.19
2552 , 11626 , 172.50 , -70.9 , 15 , 18.36 , 6.238 , 0.362 , 30.28 , 128.80
2562 , 11663 , 171.41 , -71.0 , 14 , 18.34 , 6.177 , 0.360 , 30.59 , 128.49
2572 , 11701 , 170.32 , -71.0 , 14 , 18.32 , 6.009 , 0.353 , 30.90 , 128.18
2582 , 11736 , 169.31 , -71.1 , 14 , 18.31 , 5.995 , 0.354 , 31.18 , 127.90
2592 , 11774 , 168.21 , -71.1 , 14 , 18.28 , 6.033 , 0.359 , 31.49 , 127.59
2602 , 11813 , 167.12 , -71.2 , 14 , 18.23 , 5.979 , 0.358 , 31.80 , 127.29
2612 , 11852 , 166.02 , -71.1 , 14 , 18.19 , 5.928 , 0.357 , 32.11 , 126.98
2622 , 11891 , 164.92 , -70.6 , 14 , 18.16 , 5.941 , 0.360 , 32.42 , 126.66
2632 , 11938 , 163.63 , -70.4 , 14 , 18.12 , 5.919 , 0.362 , 32.79 , 126.30
2642 , 11975 , 162.62 , -70.6 , 14 , 18.08 , 5.931 , 0.365 , 33.08 , 126.01
2652 , 12016 , 161.48 , -71.0 , 14 , 18.05 , 5.821 , 0.360 , 33.40 , 125.68
2662 , 12056 , 160.42 , -71.3 , 14 , 18.01 , 5.771 , 0.360 , 33.70 , 125.38
2672 , 12093 , 159.41 , -71.6 , 14 , 17.97 , 5.737 , 0.360 , 33.99 , 125.09
2682 , 12129 , 158.42 , -71.8 , 14 , 17.95 , 5.673 , 0.358 , 34.27 , 124.81
2692 , 12166 , 157.45 , -71.8 , 14 , 17.92 , 5.661 , 0.360 , 34.55 , 124.54
2702 , 12202 , 156.48 , -71.5 , 14 , 17.89 , 5.727 , 0.366 , 34.82 , 124.26
2712 , 12239 , 155.51 , -71.5 , 14 , 17.84 , 5.864 , 0.377 , 35.11 , 123.97
2722 , 12277 , 154.50 , -71.6 , 14 , 17.79 , 6.144 , 0.398 , 35.42 , 123.67
2732 , 12314 , 153.55 , -71.6 , 14 , 17.73 , 6.422 , 0.418 , 35.72 , 123.36
2742 , 12350 , 152.60 , -71.3 , 14 , 17.70 , 6.671 , 0.437 , 36.04 , 123.04
2752 , 12386 , 151.68 , -71.1 , 14 , 17.66 , 6.819 , 0.450 , 36.36 , 122.72
2762 , 12422 , 150.76 , -71.0 , 13 , 17.61 , 6.898 , 0.458 , 36.70 , 122.39
2772 , 12459 , 149.81 , -70.9 , 13 , 17.55 , 6.939 , 0.463 , 37.04 , 122.04
2782 , 12499 , 148.82 , -71.0 , 13 , 17.50 , 6.904 , 0.464 , 37.40 , 121.68
2792 , 12536 , 147.88 , -71.3 , 13 , 17.44 , 6.876 , 0.465 , 37.74 , 121.34
2802 , 12572 , 146.98 , -71.5 , 12 , 17.40 , 6.885 , 0.468 , 38.08 , 121.01
2811 , 12608 , 146.10 , -71.7 , 12 , 17.37 , 6.829 , 0.467 , 38.40 , 120.68
2821 , 12643 , 145.23 , -71.9 , 12 , 17.34 , 6.754 , 0.465 , 38.72 , 120.36
2831 , 12682 , 144.27 , -72.2 , 12 , 17.31 , 6.739 , 0.467 , 39.08 , 120.01
2841 , 12720 , 143.33 , -72.5 , 12 , 17.29 , 6.677 , 0.466 , 39.42 , 119.66
2851 , 12758 , 142.40 , -72.7 , 12 , 17.26 , 6.587 , 0.463 , 39.76 , 119.32
2861 , 12796 , 141.49 , -72.8 , 12 , 17.23 , 6.575 , 0.465 , 40.10 , 118.99
2870 , 12839 , 140.47 , -72.8 , 12 , 17.20 , 6.457 , 0.460 , 40.47 , 118.61
2880 , 12877 , 139.55 , -72.9 , 12 , 17.17 , 6.353 , 0.455 , 40.80 , 118.28
2890 , 12915 , 138.66 , -72.6 , 12 , 17.14 , 6.296 , 0.454 , 41.12 , 117.96
2900 , 12957 , 137.65 , -72.6 , 12 , 17.10 , 6.254 , 0.454 , 41.48 , 117.60
2910 , 13007 , 136.49 , -72.8 , 12 , 17.06 , 6.142 , 0.450 , 41.90 , 117.19
2920 , 13045 , 135.60 , -72.9 , 12 , 17.01 , 6.023 , 0.444 , 42.21 , 116.87
2929 , 13079 , 134.83 , -73.1 , 12 , 16.97 , 5.951 , 0.441 , 42.48 , 116.60
2940 , 13120 , 133.88 , -73.3 , 12 , 16.93 , 5.841 , 0.436 , 42.81 , 116.28
2948 , 13149 , 133.23 , -73.6 , 12 , 16.91 , 5.820 , 0.437 , 43.03 , 116.05
2958 , 13184 , 132.43 , -73.8 , 12 , 16.87 , 5.780 , 0.436 , 43.31 , 115.78
2968 , 13218 , 131.65 , -73.8 , 12 , 16.83 , 5.729 , 0.435 , 43.57 , 115.51
2978 , 13253 , 130.86 , -73.8 , 12 , 16.79 , 5.654 , 0.432 , 43.85 , 115.24
2988 , 13291 , 130.02 , -74.1 , 13 , 16.75 , 5.642 , 0.434 , 44.13 , 114.95
2998 , 13327 , 129.21 , -74.2 , 13 , 16.72 , 5.658 , 0.438 , 44.41 , 114.67
3008 , 13365 , 128.38 , -74.3 , 13 , 16.69 , 5.654 , 0.440 , 44.70 , 114.38
3018 , 13403 , 127.55 , -74.5 , 13 , 16.65 , 5.623 , 0.441 , 44.99 , 114.10
3028 , 13441 , 126.71 , -74.6 , 13 , 16.62 , 5.596 , 0.442 , 45.28 , 113.80
3037 , 13477 , 125.93 , -74.7 , 13 , 16.58 , 5.529 , 0.439 , 45.55 , 113.53
3047 , 13513 , 125.15 , -74.8 , 13 , 16.55 , 5.405 , 0.432 , 45.82 , 113.26
3057 , 13552 , 124.32 , -74.7 , 13 , 16.50 , 5.439 , 0.437 , 46.10 , 112.98
3067 , 13591 , 123.49 , -74.9 , 13 , 16.46 , 5.581 , 0.452 , 46.40 , 112.69
3077 , 13629 , 122.67 , -75.2 , 13 , 16.41 , 5.638 , 0.460 , 46.69 , 112.39
3087 , 13667 , 121.88 , -75.4 , 13 , 16.36 , 5.617 , 0.461 , 46.98 , 112.10
3097 , 13706 , 121.05 , -75.3 , 14 , 16.31 , 5.683 , 0.469 , 47.28 , 111.80
3107 , 13747 , 120.19 , -75.5 , 14 , 16.26 , 5.834 , 0.485 , 47.60 , 111.48
3117 , 13787 , 119.37 , -75.8 , 14 , 16.21 , 5.901 , 0.494 , 47.92 , 111.16
3127 , 13826 , 118.58 , -76.0 , 14 , 16.16 , 5.959 , 0.503 , 48.23 , 110.85
3137 , 13865 , 117.76 , -75.8 , 14 , 16.12 , 6.120 , 0.520 , 48.56 , 110.52
3147 , 13905 , 116.96 , -75.9 , 14 , 16.07 , 6.166 , 0.527 , 48.89 , 110.19
3157 , 13945 , 116.14 , -75.9 , 14 , 16.02 , 6.228 , 0.536 , 49.24 , 109.85
3167 , 13987 , 115.31 , -75.9 , 14 , 15.97 , 6.439 , 0.558 , 49.60 , 109.49
3177 , 14027 , 114.51 , -76.1 , 14 , 15.92 , 6.616 , 0.578 , 49.96 , 109.13
3187 , 14068 , 113.70 , -76.1 , 14 , 15.88 , 6.701 , 0.589 , 50.33 , 108.76
3197 , 14108 , 112.92 , -76.2 , 14 , 15.83 , 6.857 , 0.607 , 50.70 , 108.38
3207 , 14148 , 112.13 , -76.5 , 14 , 15.79 , 6.930 , 0.618 , 51.08 , 108.00
3217 , 14189 , 111.33 , -76.4 , 15 , 15.74 , 7.002 , 0.629 , 51.47 , 107.61
3227 , 14230 , 110.54 , -76.2 , 15 , 15.69 , 7.120 , 0.644 , 51.87 , 107.21
3237 , 14271 , 109.77 , -76.2 , 15 , 15.64 , 7.212 , 0.657 , 52.27 , 106.82
3246 , 14309 , 109.04 , -76.3 , 15 , 15.60 , 7.242 , 0.664 , 52.65 , 106.44
3256 , 14349 , 108.29 , -76.4 , 15 , 15.55 , 7.266 , 0.671 , 53.04 , 106.04
3266 , 14390 , 107.52 , -76.6 , 15 , 15.51 , 7.201 , 0.670 , 53.45 , 105.63
3276 , 14432 , 106.74 , -76.8 , 15 , 15.46 , 7.067 , 0.662 , 53.86 , 105.22
3286 , 14473 , 105.98 , -76.9 , 15 , 15.41 , 6.751 , 0.637 , 54.25 , 104.84
3296 , 14513 , 105.25 , -76.8 , 15 , 15.36 , 6.292 , 0.598 , 54.60 , 104.48
3306 , 14551 , 104.54 , -76.8 , 15 , 15.31 , 5.915 , 0.566 , 54.93 , 104.16
3316 , 14591 , 103.82 , -76.8 , 15 , 15.27 , 5.581 , 0.538 , 55.24 , 103.84
3326 , 14632 , 103.08 , -76.8 , 15 , 15.22 , 5.284 , 0.513 , 55.55 , 103.53
3336 , 14672 , 102.37 , -77.0 , 15 , 15.17 , 5.054 , 0.494 , 55.83 , 103.25
3346 , 14710 , 101.70 , -77.2 , 14 , 15.12 , 4.953 , 0.487 , 56.09 , 102.99
3356 , 14746 , 101.05 , -77.3 , 14 , 15.08 , 5.022 , 0.497 , 56.34 , 102.74
3366 , 14785 , 100.38 , -77.4 , 14 , 15.03 , 5.041 , 0.502 , 56.61 , 102.48
3376 , 14824 , 99.69 , -77.3 , 14 , 14.99 , 5.159 , 0.518 , 56.89 , 102.20
3386 , 14863 , 99.01 , -77.4 , 14 , 14.94 , 5.339 , 0.539 , 57.17 , 101.92
3396 , 14901 , 98.37 , -77.4 , 14 , 14.90 , 5.466 , 0.556 , 57.45 , 101.64
3406 , 14939 , 97.70 , -77.3 , 14 , 14.85 , 5.410 , 0.554 , 57.74 , 101.35
3416 , 14976 , 97.09 , -77.4 , 14 , 14.81 , 5.298 , 0.546 , 58.00 , 101.08
3426 , 15012 , 96.47 , -77.5 , 14 , 14.77 , 5.161 , 0.535 , 58.27 , 100.82
3436 , 15050 , 95.84 , -77.5 , 13 , 14.72 , 5.053 , 0.527 , 58.53 , 100.55
3446 , 15090 , 95.17 , -77.4 , 13 , 14.68 , 4.688 , 0.493 , 58.80 , 100.28
3456 , 15128 , 94.54 , -77.5 , 14 , 14.64 , 4.253 , 0.450 , 59.03 , 100.05
3466 , 15166 , 93.91 , -77.6 , 14 , 14.59 , 3.895 , 0.415 , 59.25 , 99.83
3476 , 15206 , 93.25 , -77.5 , 14 , 14.55 , 3.755 , 0.403 , 59.46 , 99.62
3486 , 15245 , 92.63 , -77.5 , 13 , 14.51 , 3.851 , 0.416 , 59.66 , 99.42
3495 , 15281 , 92.04 , -77.5 , 13 , 14.47 , 4.009 , 0.436 , 59.86 , 99.22
3505 , 15317 , 91.48 , -77.4 , 13 , 14.43 , 3.911 , 0.428 , 60.05 , 99.03
3515 , 15358 , 90.82 , -77.3 , 13 , 14.38 , 3.602 , 0.397 , 60.27 , 98.82
3525 , 15396 , 90.22 , -77.1 , 13 , 14.34 , 3.404 , 0.377 , 60.45 , 98.63
3535 , 15436 , 89.60 , -76.9 , 13 , 14.29 , 3.499 , 0.390 , 60.64 , 98.45
3545 , 15475 , 88.98 , -76.6 , 13 , 14.25 , 3.633 , 0.408 , 60.83 , 98.25
3555 , 15515 , 88.37 , -76.7 , 13 , 14.20 , 3.845 , 0.435 , 61.04 , 98.05
3565 , 15554 , 87.77 , -76.9 , 13 , 14.16 , 4.037 , 0.460 , 61.25 , 97.83
3574 , 15594 , 87.16 , -76.9 , 13 , 14.11 , 4.193 , 0.481 , 61.47 , 97.61
3584 , 15634 , 86.56 , -76.9 , 13 , 14.07 , 4.304 , 0.497 , 61.71 , 97.38
3594 , 15676 , 85.94 , -76.8 , 12 , 14.02 , 4.386 , 0.510 , 61.95 , 97.13
3604 , 15718 , 85.30 , -76.9 , 12 , 13.98 , 4.404 , 0.516 , 62.21 , 96.87
3614 , 15765 , 84.61 , -77.1 , 12 , 13.93 , 4.522 , 0.535 , 62.50 , 96.58
3624 , 15811 , 83.94 , -77.2 , 13 , 13.88 , 4.802 , 0.572 , 62.79 , 96.29
3634 , 15852 , 83.34 , -77.2 , 13 , 13.84 , 5.205 , 0.625 , 63.07 , 96.01
3644 , 15891 , 82.78 , -77.1 , 13 , 13.79 , 5.649 , 0.682 , 63.36 , 95.72
3654 , 15933 , 82.17 , -77.1 , 13 , 13.74 , 6.036 , 0.735 , 63.71 , 95.38
3664 , 15974 , 81.58 , -76.8 , 13 , 13.70 , 6.348 , 0.778 , 64.05 , 95.03
3674 , 16014 , 81.01 , -76.6 , 13 , 13.65 , 6.392 , 0.789 , 64.41 , 94.68
3684 , 16055 , 80.44 , -76.5 , 13 , 13.61 , 5.679 , 0.706 , 64.74 , 94.34
3694 , 16095 , 79.88 , -76.6 , 13 , 13.56 , 4.945 , 0.619 , 65.04 , 94.05
3704 , 16137 , 79.30 , -76.7 , 13 , 13.52 , 4.523 , 0.570 , 65.31 , 93.77
3714 , 16178 , 78.73 , -77.0 , 13 , 13.47 , 4.253 , 0.540 , 65.56 , 93.52
3724 , 16219 , 78.17 , -77.1 , 13 , 13.42 , 4.111 , 0.526 , 65.79 , 93.29
3734 , 16262 , 77.59 , -77.1 , 13 , 13.38 , 4.111 , 0.530 , 66.03 , 93.05
3744 , 16303 , 77.03 , -77.2 , 13 , 13.34 , 4.286 , 0.556 , 66.27 , 92.81
3754 , 16344 , 76.49 , -77.4 , 13 , 13.29 , 4.443 , 0.581 , 66.52 , 92.56
3764 , 16385 , 75.95 , -77.3 , 13 , 13.24 , 4.633 , 0.610 , 66.77 , 92.31
3774 , 16425 , 75.42 , -77.3 , 13 , 13.20 , 4.667 , 0.619 , 67.03 , 92.05
3784 , 16469 , 74.84 , -77.3 , 13 , 13.15 , 4.596 , 0.614 , 67.31 , 91.77
3794 , 16511 , 74.29 , -77.5 , 14 , 13.10 , 4.495 , 0.605 , 67.58 , 91.51
3804 , 16552 , 73.76 , -77.6 , 14 , 13.06 , 4.475 , 0.607 , 67.83 , 91.25
3814 , 16595 , 73.21 , -77.6 , 14 , 13.01 , 4.406 , 0.602 , 68.09 , 90.99
3824 , 16636 , 72.69 , -77.6 , 14 , 12.97 , 4.179 , 0.575 , 68.33 , 90.75
3834 , 16679 , 72.14 , -77.9 , 14 , 12.92 , 4.107 , 0.569 , 68.58 , 90.50
3844 , 16722 , 71.61 , -78.0 , 14 , 12.88 , 3.914 , 0.547 , 68.82 , 90.27
3854 , 16763 , 71.09 , -78.1 , 14 , 12.83 , 3.867 , 0.544 , 69.04 , 90.05
3864 , 16805 , 70.57 , -78.0 , 14 , 12.79 , 4.139 , 0.587 , 69.27 , 89.81
3874 , 16848 , 70.04 , -78.0 , 14 , 12.74 , 4.569 , 0.652 , 69.53 , 89.55
3883 , 16887 , 69.56 , -77.8 , 14 , 12.70 , 5.176 , 0.744 , 69.79 , 89.29
3893 , 16926 , 69.09 , -77.8 , 14 , 12.65 , 5.816 , 0.842 , 70.09 , 88.99
3903 , 16965 , 68.62 , -77.9 , 14 , 12.61 , 6.221 , 0.907 , 70.41 , 88.67
3913 , 17006 , 68.13 , -77.9 , 14 , 12.56 , 6.631 , 0.973 , 70.77 , 88.31
3923 , 17046 , 67.66 , -77.9 , 14 , 12.52 , 7.103 , 1.050 , 71.15 , 87.93
3933 , 17085 , 67.19 , -78.0 , 14 , 12.47 , 7.792 , 1.160 , 71.56 , 87.52
3943 , 17125 , 66.73 , -78.2 , 14 , 12.43 , 8.365 , 1.254 , 72.00 , 87.08
3953 , 17165 , 66.26 , -78.3 , 14 , 12.38 , 8.445 , 1.275 , 72.47 , 86.61
3963 , 17203 , 65.82 , -78.5 , 14 , 12.33 , 8.379 , 1.273 , 72.91 , 86.17
3973 , 17242 , 65.38 , -78.8 , 14 , 12.29 , 8.533 , 1.305 , 73.36 , 85.72
3983 , 17282 , 64.91 , -78.9 , 14 , 12.24 , 8.303 , 1.279 , 73.84 , 85.25
3993 , 17323 , 64.45 , -79.1 , 14 , 12.20 , 7.672 , 1.190 , 74.29 , 84.80
4003 , 17360 , 64.02 , -79.2 , 14 , 12.16 , 6.722 , 1.050 , 74.66 , 84.42
4013 , 17400 , 63.58 , -79.3 , 14 , 12.11 , 5.656 , 0.889 , 75.00 , 84.08
4023 , 17437 , 63.16 , -79.4 , 14 , 12.06 , 4.715 , 0.746 , 75.27 , 83.81
4033 , 17476 , 62.73 , -79.5 , 14 , 12.02 , 3.824 , 0.610 , 75.50 , 83.58
4043 , 17515 , 62.30 , -79.6 , 14 , 11.97 , 3.012 , 0.483 , 75.69 , 83.39
4053 , 17555 , 61.87 , -79.6 , 14 , 11.93 , 2.518 , 0.407 , 75.84 , 83.24
4063 , 17595 , 61.43 , -79.7 , 14 , 11.88 , 2.357 , 0.384 , 75.98 , 83.11
4073 , 17636 , 60.99 , -79.8 , 14 , 11.84 , 2.078 , 0.341 , 76.10 , 82.98
4083 , 17677 , 60.55 , -79.8 , 14 , 11.79 , 1.746 , 0.288 , 76.21 , 82.87
4093 , 17717 , 60.12 , -79.8 , 14 , 11.75 , 1.495 , 0.249 , 76.30 , 82.78
4103 , 17759 , 59.67 , -79.8 , 14 , 11.70 , 1.315 , 0.220 , 76.39 , 82.70
4113 , 17802 , 59.22 , -79.7 , 14 , 11.66 , 1.213 , 0.205 , 76.46 , 82.62
4123 , 17846 , 58.77 , -79.6 , 14 , 11.61 , 1.178 , 0.201 , 76.53 , 82.55
4133 , 17890 , 58.31 , -79.5 , 14 , 11.57 , 1.224 , 0.210 , 76.61 , 82.48
4143 , 17934 , 57.86 , -79.5 , 14 , 11.52 , 1.298 , 0.224 , 76.68 , 82.40
4153 , 17979 , 57.40 , -79.1 , 14 , 11.47 , 1.456 , 0.254 , 76.77 , 82.31
4163 , 18027 , 56.92 , -78.7 , 13 , 11.43 , 1.698 , 0.298 , 76.88 , 82.21
4173 , 18074 , 56.46 , -78.6 , 13 , 11.39 , 1.901 , 0.337 , 76.99 , 82.09
4182 , 18118 , 56.02 , -78.6 , 13 , 11.34 , 2.061 , 0.368 , 77.11 , 81.97
4192 , 18160 , 55.60 , -78.6 , 13 , 11.30 , 2.185 , 0.393 , 77.24 , 81.84
4202 , 18203 , 55.19 , -78.5 , 13 , 11.25 , 2.309 , 0.418 , 77.37 , 81.71
4211 , 18245 , 54.78 , -78.5 , 13 , 11.21 , 2.438 , 0.445 , 77.51 , 81.57
4221 , 18289 , 54.36 , -78.8 , 13 , 11.17 , 2.546 , 0.468 , 77.66 , 81.42
4231 , 18337 , 53.90 , -79.1 , 12 , 11.12 , 2.649 , 0.491 , 77.84 , 81.25
4241 , 18381 , 53.49 , -79.1 , 12 , 11.08 , 2.701 , 0.505 , 78.00 , 81.08
4251 , 18421 , 53.12 , -79.2 , 12 , 11.03 , 2.743 , 0.516 , 78.15 , 80.93
4261 , 18462 , 52.73 , -79.3 , 12 , 10.99 , 2.778 , 0.527 , 78.31 , 80.78
4271 , 18504 , 52.34 , -79.2 , 12 , 10.94 , 2.795 , 0.534 , 78.47 , 80.61
4281 , 18545 , 51.97 , -79.0 , 12 , 10.90 , 2.849 , 0.548 , 78.63 , 80.45
4291 , 18583 , 51.61 , -78.8 , 11 , 10.85 , 2.891 , 0.560 , 78.78 , 80.30
4301 , 18626 , 51.23 , -78.6 , 11 , 10.81 , 2.944 , 0.575 , 78.96 , 80.13
4311 , 18669 , 50.85 , -78.6 , 11 , 10.76 , 2.954 , 0.581 , 79.13 , 79.95
4321 , 18711 , 50.47 , -78.5 , 11 , 10.72 , 2.931 , 0.581 , 79.30 , 79.78
4330 , 18751 , 50.11 , -78.3 , 11 , 10.68 , 2.928 , 0.584 , 79.47 , 79.62
4340 , 18789 , 49.78 , -78.5 , 11 , 10.64 , 2.855 , 0.573 , 79.62 , 79.46
4350 , 18829 , 49.44 , -78.5 , 11 , 10.59 , 2.691 , 0.544 , 79.77 , 79.31
4360 , 18872 , 49.06 , -78.5 , 11 , 10.55 , 2.445 , 0.498 , 79.92 , 79.16
4370 , 18915 , 48.69 , -78.6 , 11 , 10.51 , 2.268 , 0.466 , 80.07 , 79.02
4380 , 18956 , 48.34 , -78.6 , 11 , 10.47 , 2.124 , 0.439 , 80.19 , 78.89
4390 , 19002 , 47.96 , -78.4 , 10 , 10.43 , 1.952 , 0.407 , 80.32 , 78.77
4400 , 19045 , 47.60 , -78.3 , 10 , 10.38 , 1.778 , 0.374 , 80.43 , 78.65
4410 , 19091 , 47.22 , -78.3 , 10 , 10.34 , 1.631 , 0.346 , 80.54 , 78.55
4420 , 19136 , 46.84 , -78.4 , 10 , 10.30 , 1.510 , 0.322 , 80.64 , 78.45
4430 , 19181 , 46.48 , -78.3 , 10 , 10.26 , 1.380 , 0.297 , 80.73 , 78.36
4440 , 19225 , 46.12 , -78.4 , 10 , 10.22 , 1.186 , 0.257 , 80.80 , 78.28
4450 , 19269 , 45.76 , -78.4 , 10 , 10.19 , 1.078 , 0.235 , 80.87 , 78.21
4460 , 19314 , 45.40 , -78.4 , 10 , 10.15 , 1.088 , 0.240 , 80.94 , 78.14
4470 , 19363 , 45.02 , -78.3 , 10 , 10.12 , 1.039 , 0.231 , 81.01 , 78.07
4480 , 19409 , 44.65 , -78.3 , 10 , 10.08 , 0.919 , 0.206 , 81.08 , 78.01
4490 , 19455 , 44.29 , -78.3 , 10 , 10.05 , 0.856 , 0.193 , 81.13 , 77.95
4500 , 19502 , 43.93 , -78.2 , 10 , 10.01 , 0.987 , 0.225 , 81.19 , 77.89
4510 , 19549 , 43.57 , -78.1 , 10 , 9.98 , 1.205 , 0.277 , 81.26 , 77.82
4519 , 19595 , 43.23 , -78.0 , 10 , 9.95 , 1.272 , 0.294 , 81.34 , 77.74
4528 , 19636 , 42.92 , -78.0 , 10 , 9.92 , 1.274 , 0.297 , 81.41 , 77.67
4538 , 19679 , 42.59 , -77.8 , 10 , 9.89 , 1.314 , 0.308 , 81.49 , 77.59
4548 , 19724 , 42.26 , -77.6 , 10 , 9.86 , 1.374 , 0.325 , 81.57 , 77.51
4558 , 19769 , 41.92 , -77.5 , 10 , 9.82 , 1.373 , 0.327 , 81.66 , 77.42
4568 , 19813 , 41.60 , -77.3 , 10 , 9.79 , 1.312 , 0.315 , 81.74 , 77.34
4578 , 19859 , 41.27 , -77.2 , 10 , 9.75 , 1.255 , 0.304 , 81.82 , 77.26
4588 , 19903 , 40.96 , -77.1 , 10 , 9.72 , 1.211 , 0.296 , 81.90 , 77.19
4598 , 19949 , 40.63 , -77.0 , 10 , 9.68 , 1.194 , 0.294 , 81.97 , 77.11
4608 , 19993 , 40.32 , -76.9 , 10 , 9.65 , 1.216 , 0.302 , 82.04 , 77.04
4618 , 20037 , 40.01 , -77.0 , 10 , 9.61 , 1.275 , 0.319 , 82.12 , 76.96
4628 , 20082 , 39.70 , -76.9 , 9 , 9.58 , 1.351 , 0.340 , 82.20 , 76.88
4638 , 20126 , 39.40 , -76.9 , 9 , 9.54 , 1.410 , 0.358 , 82.28 , 76.80
4648 , 20171 , 39.09 , -76.8 , 9 , 9.51 , 1.423 , 0.364 , 82.37 , 76.71
4658 , 20216 , 38.79 , -76.8 , 9 , 9.47 , 1.399 , 0.361 , 82.46 , 76.62
4667 , 20258 , 38.50 , -76.7 , 9 , 9.44 , 1.369 , 0.356 , 82.54 , 76.54
4677 , 20300 , 38.22 , -76.6 , 9 , 9.41 , 1.317 , 0.345 , 82.62 , 76.46
4687 , 20345 , 37.93 , -76.2 , 9 , 9.37 , 1.264 , 0.333 , 82.70 , 76.39
4697 , 20390 , 37.63 , -76.1 , 9 , 9.34 , 1.302 , 0.346 , 82.78 , 76.31
4707 , 20435 , 37.34 , -76.1 , 9 , 9.30 , 1.428 , 0.383 , 82.86 , 76.22
4717 , 20481 , 37.04 , -76.0 , 9 , 9.27 , 1.632 , 0.441 , 82.96 , 76.13
4727 , 20526 , 36.75 , -76.0 , 9 , 9.24 , 1.773 , 0.483 , 83.06 , 76.02
4737 , 20573 , 36.46 , -76.1 , 9 , 9.21 , 1.834 , 0.503 , 83.18 , 75.91
4747 , 20619 , 36.17 , -76.2 , 9 , 9.17 , 1.836 , 0.508 , 83.29 , 75.79
4757 , 20662 , 35.90 , -76.3 , 9 , 9.14 , 1.811 , 0.504 , 83.40 , 75.68
4767 , 20706 , 35.62 , -76.2 , 9 , 9.10 , 1.787 , 0.502 , 83.51 , 75.57
4777 , 20749 , 35.36 , -76.0 , 8 , 9.07 , 1.717 , 0.486 , 83.61 , 75.47
4787 , 20794 , 35.09 , -75.6 , 8 , 9.03 , 1.640 , 0.467 , 83.71 , 75.37
4797 , 20838 , 34.82 , -75.4 , 8 , 9.00 , 1.574 , 0.452 , 83.81 , 75.27
4807 , 20884 , 34.54 , -75.3 , 8 , 8.96 , 1.571 , 0.455 , 83.91 , 75.17
4817 , 20931 , 34.27 , -75.1 , 8 , 8.93 , 1.597 , 0.466 , 84.01 , 75.07
4827 , 20976 , 34.00 , -74.8 , 8 , 8.89 , 1.654 , 0.487 , 84.11 , 74.97
4837 , 21021 , 33.74 , -74.5 , 8 , 8.86 , 1.701 , 0.504 , 84.21 , 74.87
4847 , 21066 , 33.48 , -74.1 , 8 , 8.82 , 1.893 , 0.566 , 84.32 , 74.76
4856 , 21109 , 33.24 , -73.9 , 8 , 8.79 , 2.244 , 0.675 , 84.44 , 74.64
4866 , 21153 , 32.98 , -73.7 , 7 , 8.76 , 2.487 , 0.754 , 84.58 , 74.50
4876 , 21199 , 32.73 , -73.7 , 7 , 8.72 , 2.677 , 0.818 , 84.74 , 74.34
4886 , 21245 , 32.47 , -73.6 , 7 , 8.68 , 2.807 , 0.865 , 84.92 , 74.17
4896 , 21290 , 32.22 , -73.3 , 7 , 8.65 , 2.875 , 0.892 , 85.09 , 74.00
4906 , 21337 , 31.96 , -72.8 , 7 , 8.61 , 2.908 , 0.910 , 85.27 , 73.81
4916 , 21384 , 31.71 , -72.4 , 7 , 8.58 , 2.883 , 0.909 , 85.45 , 73.63
4926 , 21434 , 31.44 , -72.0 , 7 , 8.54 , 2.853 , 0.908 , 85.65 , 73.44
4935 , 21482 , 31.18 , -71.9 , 6 , 8.50 , 2.879 , 0.923 , 85.83 , 73.25
4946 , 21533 , 30.91 , -71.3 , 6 , 8.46 , 2.965 , 0.959 , 86.03 , 73.05
4956 , 21582 , 30.66 , -71.2 , 6 , 8.43 , 3.072 , 1.002 , 86.23 , 72.86
4966 , 21631 , 30.40 , -71.2 , 6 , 8.40 , 3.174 , 1.044 , 86.43 , 72.65
4976 , 21679 , 30.16 , -71.3 , 6 , 8.36 , 3.245 , 1.076 , 86.64 , 72.45
4986 , 21730 , 29.90 , -71.4 , 6 , 8.32 , 3.313 , 1.108 , 86.86 , 72.22
4996 , 21780 , 29.65 , -71.5 , 5 , 8.29 , 3.369 , 1.136 , 87.09 , 72.00
5006 , 21831 , 29.39 , -71.3 , 5 , 8.25 , 3.405 , 1.158 , 87.31 , 71.77
5016 , 21881 , 29.15 , -71.2 , 5 , 8.22 , 3.489 , 1.197 , 87.54 , 71.54
5026 , 21929 , 28.91 , -71.2 , 5 , 8.18 , 3.558 , 1.231 , 87.77 , 71.31
5036 , 21976 , 28.68 , -70.9 , 5 , 8.15 , 3.659 , 1.276 , 88.00 , 71.09
5046 , 22024 , 28.45 , -70.3 , 5 , 8.11 , 3.931 , 1.382 , 88.24 , 70.84
5056 , 22069 , 28.23 , -70.0 , 5 , 8.08 , 4.278 , 1.515 , 88.49 , 70.60
5066 , 22114 , 28.02 , -69.5 , 4 , 8.04 , 4.739 , 1.691 , 88.75 , 70.33
5076 , 22159 , 27.81 , -69.2 , 4 , 8.01 , 5.272 , 1.896 , 89.05 , 70.03
5086 , 22206 , 27.60 , -69.1 , 4 , 7.98 , 5.679 , 2.058 , 89.39 , 69.69
5096 , 22249 , 27.39 , -68.9 , 4 , 7.94 , 5.980 , 2.183 , 89.73 , 69.36
5106 , 22294 , 27.19 , -68.4 , 4 , 7.91 , 6.212 , 2.285 , 90.08 , 69.00
5116 , 22340 , 26.98 , -68.1 , 4 , 7.88 , 6.410 , 2.376 , 90.47 , 68.61
5125 , 22383 , 26.79 , -68.1 , 4 , 7.85 , 6.565 , 2.451 , 90.83 , 68.25
5135 , 22425 , 26.61 , -67.9 , 4 , 7.82 , 6.662 , 2.504 , 91.20 , 67.89
5145 , 22470 , 26.41 , -68.0 , 3 , 7.79 , 6.743 , 2.554 , 91.60 , 67.49
5155 , 22514 , 26.21 , -68.0 , 3 , 7.76 , 6.790 , 2.590 , 91.98 , 67.10
5164 , 22555 , 26.03 , -68.0 , 3 , 7.73 , 6.804 , 2.613 , 92.35 , 66.73
5174 , 22596 , 25.86 , -67.9 , 3 , 7.70 , 6.772 , 2.619 , 92.72 , 66.37
5184 , 22637 , 25.68 , -67.5 , 3 , 7.68 , 6.784 , 2.641 , 93.08 , 66.00
5194 , 22678 , 25.51 , -67.1 , 3 , 7.65 , 6.803 , 2.667 , 93.45 , 65.63
5204 , 22722 , 25.32 , -67.1 , 3 , 7.63 , 6.811 , 2.690 , 93.84 , 65.24
5214 , 22763 , 25.15 , -67.1 , 3 , 7.61 , 6.780 , 2.696 , 94.21 , 64.88
5224 , 22806 , 24.97 , -67.2 , 3 , 7.58 , 6.752 , 2.704 , 94.58 , 64.50
5234 , 22849 , 24.80 , -67.2 , 3 , 7.57 , 6.707 , 2.705 , 94.96 , 64.12
5244 , 22892 , 24.62 , -67.0 , 3 , 7.55 , 6.712 , 2.726 , 95.34 , 63.74
5254 , 22937 , 24.43 , -67.0 , 3 , 7.53 , 6.708 , 2.745 , 95.74 , 63.35
5264 , 22982 , 24.25 , -66.6 , 2 , 7.52 , 6.648 , 2.741 , 96.13 , 62.96
5273 , 23024 , 24.09 , -66.1 , 2 , 7.52 , 6.658 , 2.764 , 96.49 , 62.59
5283 , 23066 , 23.92 , -66.0 , 2 , 7.51 , 6.653 , 2.782 , 96.86 , 62.22
5293 , 23112 , 23.74 , -65.9 , 2 , 7.51 , 6.662 , 2.806 , 97.26 , 61.83
5303 , 23163 , 23.54 , -65.9 , 2 , 7.50 , 6.677 , 2.836 , 97.70 , 61.39
5313 , 23211 , 23.35 , -65.8 , 2 , 7.50 , 6.685 , 2.862 , 98.12 , 60.96
5323 , 23262 , 23.16 , -66.2 , 2 , 7.50 , 6.587 , 2.844 , 98.55 , 60.53
5333 , 23311 , 22.97 , -66.1 , 2 , 7.50 , 6.524 , 2.840 , 98.97 , 60.11
5343 , 23360 , 22.79 , -66.1 , 2 , 7.49 , 6.533 , 2.867 , 99.39 , 59.69
5353 , 23405 , 22.62 , -66.1 , 2 , 7.48 , 6.482 , 2.866 , 99.77 , 59.31
5363 , 23453 , 22.44 , -65.7 , 2 , 7.46 , 6.443 , 2.871 , 100.17 , 58.91
5373 , 23500 , 22.27 , -65.6 , 2 , 7.44 , 6.407 , 2.877 , 100.57 , 58.52
5383 , 23547 , 22.10 , -65.2 , 2 , 7.41 , 6.393 , 2.893 , 100.96 , 58.12
5393 , 23592 , 21.93 , -64.8 , 2 , 7.39 , 6.415 , 2.925 , 101.33 , 57.75
5403 , 23642 , 21.76 , -64.7 , 2 , 7.36 , 6.393 , 2.939 , 101.74 , 57.34
5413 , 23689 , 21.59 , -64.9 , 2 , 7.33 , 6.404 , 2.967 , 102.14 , 56.94
5423 , 23736 , 21.42 , -64.8 , 2 , 7.31 , 6.373 , 2.975 , 102.52 , 56.56
5433 , 23781 , 21.27 , -64.7 , 2 , 7.28 , 6.334 , 2.978 , 102.89 , 56.19
5443 , 23828 , 21.10 , -64.7 , 2 , 7.26 , 6.292 , 2.982 , 103.28 , 55.81
5453 , 23877 , 20.93 , -64.9 , 2 , 7.24 , 6.261 , 2.991 , 103.67 , 55.41
5463 , 23920 , 20.78 , -64.9 , 2 , 7.23 , 6.210 , 2.988 , 104.03 , 55.06
5473 , 23967 , 20.63 , -64.5 , 2 , 7.22 , 6.151 , 2.982 , 104.40 , 54.68
5482 , 24012 , 20.47 , -64.0 , 2 , 7.22 , 6.133 , 2.996 , 104.76 , 54.33
5491 , 24055 , 20.33 , -63.9 , 2 , 7.21 , 6.125 , 3.013 , 105.10 , 53.98
5501 , 24098 , 20.19 , -64.0 , 2 , 7.21 , 6.153 , 3.048 , 105.44 , 53.65
5511 , 24145 , 20.03 , -64.2 , 2 , 7.20 , 6.091 , 3.041 , 105.81 , 53.27
5521 , 24191 , 19.88 , -64.2 , 2 , 7.19 , 6.073 , 3.054 , 106.17 , 52.91
5531 , 24235 , 19.74 , -64.1 , 2 , 7.17 , 6.050 , 3.065 , 106.51 , 52.57
5541 , 24280 , 19.60 , -64.1 , 2 , 7.15 , 5.980 , 3.052 , 106.86 , 52.22
5551 , 24325 , 19.45 , -64.0 , 2 , 7.13 , 5.909 , 3.037 , 107.20 , 51.88
5561 , 24369 , 19.31 , -63.9 , 2 , 7.11 , 5.920 , 3.065 , 107.54 , 51.54
5571 , 24414 , 19.17 , -63.8 , 2 , 7.08 , 5.930 , 3.093 , 107.88 , 51.20
5581 , 24457 , 19.04 , -63.7 , 2 , 7.04 , 5.902 , 3.100 , 108.21 , 50.87
5591 , 24502 , 18.90 , -63.8 , 2 , 7.01 , 5.882 , 3.112 , 108.55 , 50.53
5601 , 24549 , 18.75 , -63.5 , 1 , 6.98 , 5.902 , 3.147 , 108.91 , 50.17
5611 , 24597 , 18.61 , -62.6 , 1 , 6.94 , 5.897 , 3.169 , 109.27 , 49.81
5621 , 24640 , 18.48 , -62.0 , 1 , 6.91 , 5.891 , 3.187 , 109.60 , 49.49
5631 , 24686 , 18.34 , -61.7 , 1 , 6.87 , 5.815 , 3.170 , 109.94 , 49.14
5641 , 24735 , 18.20 , -61.2 , 1 , 6.84 , 5.783 , 3.178 , 110.31 , 48.78
5651 , 24775 , 18.08 , -60.8 , 1 , 6.81 , 5.761 , 3.186 , 110.60 , 48.48
5661 , 24819 , 17.96 , -60.6 , 1 , 6.78 , 5.752 , 3.204 , 110.92 , 48.17
5671 , 24859 , 17.84 , -59.8 , 1 , 6.75 , 5.758 , 3.228 , 111.21 , 47.87
5681 , 24901 , 17.72 , -59.2 , 1 , 6.72 , 5.761 , 3.251 , 111.52 , 47.57
5690 , 24942 , 17.61 , -58.9 , 1 , 6.69 , 5.769 , 3.277 , 111.81 , 47.27
5700 , 24978 , 17.50 , -58.5 , 1 , 6.67 , 5.771 , 3.297 , 112.07 , 47.01
5710 , 25018 , 17.39 , -58.4 , 1 , 6.64 , 5.753 , 3.308 , 112.37 , 46.72
5720 , 25058 , 17.28 , -58.3 , 1 , 6.61 , 5.749 , 3.327 , 112.65 , 46.43
5730 , 25099 , 17.17 , -58.4 , 1 , 6.59 , 5.749 , 3.348 , 112.95 , 46.13
5740 , 25138 , 17.06 , -58.3 , 1 , 6.56 , 5.701 , 3.341 , 113.23 , 45.85
5750 , 25179 , 16.95 , -58.1 , 1 , 6.54 , 5.672 , 3.346 , 113.52 , 45.56
5760 , 25220 , 16.84 , -58.0 , 1 , 6.51 , 5.656 , 3.358 , 113.81 , 45.27
5770 , 25266 , 16.72 , -57.8 , 1 , 6.48 , 5.636 , 3.371 , 114.14 , 44.95
5779 , 25308 , 16.61 , -57.7 , 1 , 6.46 , 5.640 , 3.396 , 114.44 , 44.65
5789 , 25355 , 16.49 , -57.3 , 1 , 6.43 , 5.616 , 3.406 , 114.76 , 44.32
