# ------------------------------------------------------------
#
# Flight name: V2609
# Station: Davis
# Launch Date: 13 October 2009
# Launch Time: 23:25:40
# 
# This file created: Thu Oct 15 10:28:57 2009
# 
# 
# ------------------------------------------------------------
# DATA COLUMNS
# Time (s)
# Height (m)
# Atmospheric Pressure (hPa)
# Atmospheric Temperature (°C)
# Relative Humidity (%)
# Box Temperature (°C)
# Ozone Partial Pressure (mPa)
# Ozone Mixing Ratio (ppmV)
# Accumulated Ozone to this Height (Dobson Units)
# Remaining Ozone above this Height (Dobson Units)
# 
# ------------------------------------------------------------
# 
# Integrated Ozone = 126.2 DU
# Extrapolated Ozone =  32.9 DU
# 
# Total Ozone = 159.1 DU
# 
# 
# ------------------------------------------------------------
0 , 18 , 976.13 , -8.7 , 37 , 34.51 , 2.368 , 0.024 , 0.00 , 159.06
10 , 57 , 971.21 , -8.5 , 33 , 34.44 , 2.598 , 0.027 , 0.10 , 158.96
20 , 98 , 966.02 , -8.9 , 33 , 34.25 , 2.512 , 0.026 , 0.21 , 158.86
30 , 144 , 960.32 , -9.3 , 34 , 34.11 , 2.476 , 0.026 , 0.32 , 158.74
40 , 197 , 953.76 , -9.7 , 35 , 34.01 , 2.284 , 0.024 , 0.45 , 158.61
50 , 242 , 948.17 , -10.0 , 35 , 33.83 , 2.349 , 0.025 , 0.56 , 158.50
60 , 283 , 943.19 , -10.1 , 36 , 33.64 , 2.359 , 0.025 , 0.66 , 158.40
70 , 324 , 938.20 , -9.9 , 35 , 33.44 , 2.432 , 0.026 , 0.76 , 158.30
80 , 377 , 931.66 , -9.9 , 36 , 33.19 , 2.411 , 0.026 , 0.89 , 158.17
90 , 428 , 925.57 , -10.3 , 36 , 33.01 , 2.377 , 0.026 , 1.02 , 158.05
100 , 488 , 918.43 , -10.8 , 38 , 32.79 , 2.360 , 0.026 , 1.16 , 157.90
110 , 550 , 910.95 , -11.3 , 39 , 32.61 , 2.359 , 0.026 , 1.31 , 157.75
120 , 614 , 903.40 , -11.8 , 41 , 32.39 , 2.341 , 0.026 , 1.47 , 157.60
129 , 672 , 896.60 , -12.2 , 42 , 32.18 , 2.329 , 0.026 , 1.61 , 157.46
139 , 729 , 889.86 , -12.6 , 43 , 31.98 , 2.298 , 0.026 , 1.74 , 157.32
149 , 787 , 883.15 , -13.2 , 45 , 31.85 , 2.284 , 0.026 , 1.88 , 157.18
159 , 845 , 876.41 , -13.8 , 47 , 31.72 , 2.278 , 0.026 , 2.02 , 157.04
169 , 903 , 869.74 , -14.3 , 48 , 31.58 , 2.278 , 0.026 , 2.16 , 156.91
179 , 967 , 862.50 , -14.9 , 50 , 31.41 , 2.270 , 0.026 , 2.31 , 156.76
189 , 1030 , 855.29 , -15.5 , 53 , 31.24 , 2.243 , 0.026 , 2.46 , 156.61
199 , 1086 , 848.99 , -16.1 , 55 , 31.11 , 2.223 , 0.026 , 2.59 , 156.48
209 , 1146 , 842.21 , -16.7 , 57 , 30.88 , 2.214 , 0.026 , 2.73 , 156.34
219 , 1206 , 835.53 , -17.2 , 59 , 30.70 , 2.196 , 0.026 , 2.86 , 156.20
229 , 1261 , 829.41 , -17.7 , 61 , 30.52 , 2.176 , 0.026 , 2.99 , 156.07
238 , 1305 , 824.49 , -18.2 , 64 , 30.44 , 2.182 , 0.026 , 3.09 , 155.97
248 , 1361 , 818.40 , -18.7 , 67 , 30.26 , 2.139 , 0.026 , 3.22 , 155.84
258 , 1420 , 811.93 , -19.3 , 70 , 30.08 , 2.105 , 0.026 , 3.35 , 155.71
268 , 1466 , 806.83 , -19.7 , 78 , 29.93 , 2.079 , 0.026 , 3.46 , 155.61
278 , 1515 , 801.58 , -20.1 , 84 , 29.77 , 2.046 , 0.026 , 3.56 , 155.50
288 , 1573 , 795.33 , -20.6 , 86 , 29.64 , 2.051 , 0.026 , 3.69 , 155.37
298 , 1627 , 789.49 , -21.0 , 87 , 29.53 , 2.029 , 0.026 , 3.81 , 155.25
308 , 1677 , 784.22 , -21.5 , 89 , 29.38 , 2.034 , 0.026 , 3.92 , 155.15
318 , 1723 , 779.32 , -21.8 , 90 , 29.23 , 2.004 , 0.026 , 4.02 , 155.05
328 , 1765 , 774.86 , -22.1 , 93 , 29.11 , 1.980 , 0.026 , 4.11 , 154.96
338 , 1815 , 769.64 , -22.4 , 95 , 29.02 , 1.962 , 0.025 , 4.21 , 154.85
348 , 1870 , 763.89 , -22.8 , 96 , 28.86 , 1.912 , 0.025 , 4.33 , 154.74
358 , 1925 , 758.16 , -23.1 , 96 , 28.71 , 1.906 , 0.025 , 4.44 , 154.62
368 , 1972 , 753.26 , -23.3 , 97 , 28.55 , 1.899 , 0.025 , 4.54 , 154.53
378 , 2014 , 749.03 , -23.5 , 97 , 28.47 , 1.890 , 0.025 , 4.62 , 154.44
388 , 2053 , 745.00 , -23.8 , 97 , 28.43 , 1.875 , 0.025 , 4.70 , 154.36
398 , 2095 , 740.75 , -24.2 , 97 , 28.38 , 1.869 , 0.025 , 4.79 , 154.28
408 , 2140 , 736.20 , -24.3 , 98 , 28.28 , 1.860 , 0.025 , 4.88 , 154.19
418 , 2181 , 732.07 , -23.6 , 99 , 28.18 , 1.821 , 0.025 , 4.96 , 154.10
428 , 2218 , 728.40 , -20.5 , 90 , 28.05 , 1.797 , 0.025 , 5.03 , 154.03
437 , 2252 , 725.05 , -18.5 , 74 , 27.96 , 1.799 , 0.025 , 5.10 , 153.97
447 , 2284 , 721.94 , -18.3 , 67 , 27.87 , 1.805 , 0.025 , 5.16 , 153.91
457 , 2320 , 718.51 , -18.3 , 62 , 27.78 , 1.810 , 0.025 , 5.22 , 153.84
467 , 2358 , 714.85 , -18.2 , 58 , 27.74 , 1.784 , 0.025 , 5.30 , 153.77
477 , 2399 , 710.93 , -18.4 , 57 , 27.68 , 1.767 , 0.025 , 5.37 , 153.69
487 , 2443 , 706.71 , -18.6 , 57 , 27.63 , 1.779 , 0.025 , 5.46 , 153.61
497 , 2494 , 701.89 , -18.9 , 58 , 27.53 , 1.744 , 0.025 , 5.55 , 153.51
507 , 2546 , 696.98 , -19.2 , 59 , 27.45 , 1.738 , 0.025 , 5.65 , 153.41
517 , 2597 , 692.20 , -19.6 , 60 , 27.36 , 1.753 , 0.025 , 5.74 , 153.32
527 , 2644 , 687.85 , -19.8 , 59 , 27.28 , 1.757 , 0.026 , 5.83 , 153.23
537 , 2689 , 683.68 , -20.1 , 60 , 27.24 , 1.751 , 0.026 , 5.91 , 153.15
547 , 2731 , 679.88 , -20.3 , 60 , 27.17 , 1.751 , 0.026 , 5.99 , 153.07
557 , 2775 , 675.81 , -20.7 , 61 , 27.12 , 1.758 , 0.026 , 6.07 , 152.99
567 , 2822 , 671.57 , -20.7 , 60 , 27.11 , 1.757 , 0.026 , 6.16 , 152.90
577 , 2866 , 667.52 , -20.5 , 58 , 27.05 , 1.747 , 0.026 , 6.25 , 152.82
587 , 2910 , 663.55 , -20.6 , 58 , 27.00 , 1.766 , 0.027 , 6.33 , 152.73
597 , 2957 , 659.39 , -21.0 , 58 , 26.94 , 1.789 , 0.027 , 6.42 , 152.65
607 , 3004 , 655.18 , -21.2 , 59 , 26.89 , 1.806 , 0.028 , 6.51 , 152.55
617 , 3057 , 650.54 , -20.9 , 56 , 26.83 , 1.840 , 0.028 , 6.61 , 152.45
627 , 3099 , 646.80 , -21.0 , 53 , 26.79 , 1.874 , 0.029 , 6.69 , 152.37
637 , 3139 , 643.30 , -21.3 , 53 , 26.75 , 1.911 , 0.030 , 6.78 , 152.29
647 , 3187 , 639.16 , -21.6 , 54 , 26.70 , 1.932 , 0.030 , 6.87 , 152.19
657 , 3237 , 634.83 , -21.8 , 53 , 26.64 , 1.948 , 0.031 , 6.98 , 152.08
667 , 3297 , 629.69 , -21.8 , 50 , 26.56 , 1.924 , 0.031 , 7.10 , 151.96
677 , 3350 , 625.16 , -22.1 , 48 , 26.50 , 1.898 , 0.030 , 7.21 , 151.85
687 , 3405 , 620.52 , -22.2 , 47 , 26.45 , 1.912 , 0.031 , 7.32 , 151.74
697 , 3463 , 615.60 , -22.6 , 48 , 26.36 , 1.930 , 0.031 , 7.44 , 151.62
707 , 3524 , 610.50 , -23.1 , 49 , 26.27 , 1.920 , 0.031 , 7.57 , 151.49
717 , 3576 , 606.18 , -23.3 , 47 , 26.23 , 1.921 , 0.032 , 7.68 , 151.39
727 , 3637 , 601.18 , -23.7 , 44 , 26.11 , 1.904 , 0.032 , 7.80 , 151.26
737 , 3696 , 596.34 , -24.0 , 43 , 26.00 , 1.879 , 0.032 , 7.92 , 151.14
746 , 3747 , 592.11 , -24.3 , 43 , 25.95 , 1.875 , 0.032 , 8.03 , 151.03
755 , 3787 , 588.88 , -24.5 , 43 , 25.91 , 1.877 , 0.032 , 8.11 , 150.95
765 , 3844 , 584.27 , -24.8 , 43 , 25.82 , 1.804 , 0.031 , 8.22 , 150.84
775 , 3899 , 579.86 , -25.2 , 44 , 25.74 , 1.771 , 0.031 , 8.33 , 150.73
785 , 3948 , 576.01 , -25.6 , 44 , 25.72 , 1.782 , 0.031 , 8.42 , 150.64
795 , 4001 , 571.79 , -26.0 , 46 , 25.65 , 1.813 , 0.032 , 8.53 , 150.53
805 , 4060 , 567.11 , -26.4 , 47 , 25.54 , 1.810 , 0.032 , 8.65 , 150.42
815 , 4113 , 562.98 , -26.8 , 46 , 25.49 , 1.784 , 0.032 , 8.75 , 150.31
825 , 4166 , 558.89 , -27.2 , 46 , 25.45 , 1.769 , 0.032 , 8.85 , 150.21
835 , 4218 , 554.83 , -27.4 , 44 , 25.39 , 1.749 , 0.032 , 8.95 , 150.11
845 , 4273 , 550.62 , -27.6 , 41 , 25.32 , 1.734 , 0.031 , 9.06 , 150.01
855 , 4327 , 546.52 , -27.9 , 37 , 25.25 , 1.711 , 0.031 , 9.16 , 149.90
865 , 4384 , 542.14 , -28.1 , 35 , 25.15 , 1.688 , 0.031 , 9.27 , 149.80
875 , 4438 , 538.09 , -28.3 , 32 , 25.04 , 1.653 , 0.031 , 9.37 , 149.70
885 , 4488 , 534.35 , -28.6 , 31 , 24.98 , 1.621 , 0.030 , 9.46 , 149.61
895 , 4543 , 530.29 , -29.1 , 32 , 24.90 , 1.550 , 0.029 , 9.55 , 149.51
905 , 4594 , 526.51 , -29.5 , 33 , 24.83 , 1.515 , 0.029 , 9.64 , 149.42
915 , 4648 , 522.52 , -29.9 , 33 , 24.73 , 1.481 , 0.028 , 9.73 , 149.33
925 , 4700 , 518.73 , -30.3 , 34 , 24.65 , 1.463 , 0.028 , 9.81 , 149.25
935 , 4752 , 514.95 , -30.6 , 33 , 24.60 , 1.440 , 0.028 , 9.90 , 149.17
945 , 4804 , 511.18 , -31.0 , 33 , 24.52 , 1.420 , 0.028 , 9.98 , 149.08
955 , 4855 , 507.52 , -31.5 , 33 , 24.46 , 1.414 , 0.028 , 10.06 , 149.00
964 , 4901 , 504.22 , -31.9 , 33 , 24.37 , 1.326 , 0.026 , 10.13 , 148.93
974 , 4952 , 500.61 , -32.2 , 33 , 24.31 , 1.373 , 0.027 , 10.21 , 148.86
984 , 5006 , 496.75 , -32.5 , 31 , 24.24 , 1.336 , 0.027 , 10.29 , 148.77
994 , 5056 , 493.27 , -33.0 , 31 , 24.16 , 1.302 , 0.026 , 10.36 , 148.70
1004 , 5114 , 489.16 , -33.5 , 31 , 24.08 , 1.284 , 0.026 , 10.45 , 148.61
1014 , 5168 , 485.40 , -34.0 , 32 , 23.97 , 1.262 , 0.026 , 10.53 , 148.54
1024 , 5233 , 480.93 , -34.6 , 34 , 23.88 , 1.245 , 0.026 , 10.62 , 148.45
1034 , 5294 , 476.78 , -35.2 , 36 , 23.79 , 1.232 , 0.026 , 10.70 , 148.36
1044 , 5346 , 473.23 , -35.7 , 38 , 23.66 , 1.194 , 0.025 , 10.77 , 148.29
1054 , 5398 , 469.69 , -36.1 , 39 , 23.59 , 1.219 , 0.026 , 10.84 , 148.22
1063 , 5449 , 466.22 , -36.6 , 40 , 23.50 , 1.215 , 0.026 , 10.92 , 148.15
1073 , 5496 , 463.10 , -37.0 , 41 , 23.45 , 1.209 , 0.026 , 10.98 , 148.08
1083 , 5542 , 460.03 , -37.3 , 41 , 23.39 , 1.197 , 0.026 , 11.04 , 148.02
1093 , 5603 , 455.98 , -37.7 , 35 , 23.28 , 1.175 , 0.026 , 11.13 , 147.94
1103 , 5663 , 452.01 , -38.3 , 34 , 23.17 , 1.195 , 0.026 , 11.21 , 147.85
1112 , 5717 , 448.46 , -38.8 , 35 , 23.08 , 1.186 , 0.026 , 11.28 , 147.78
1122 , 5764 , 445.42 , -39.3 , 36 , 22.99 , 1.193 , 0.027 , 11.35 , 147.72
1132 , 5813 , 442.22 , -39.7 , 35 , 22.90 , 1.179 , 0.027 , 11.41 , 147.65
1142 , 5856 , 439.44 , -40.1 , 35 , 22.84 , 1.188 , 0.027 , 11.47 , 147.59
1152 , 5902 , 436.45 , -40.5 , 35 , 22.78 , 1.172 , 0.027 , 11.54 , 147.53
1162 , 5951 , 433.33 , -40.9 , 34 , 22.69 , 1.158 , 0.027 , 11.60 , 147.46
1172 , 6003 , 430.05 , -41.4 , 35 , 22.61 , 1.149 , 0.027 , 11.67 , 147.39
1182 , 6046 , 427.31 , -41.8 , 36 , 22.56 , 1.174 , 0.027 , 11.73 , 147.33
1192 , 6087 , 424.73 , -42.1 , 37 , 22.48 , 1.172 , 0.028 , 11.79 , 147.28
1202 , 6129 , 422.11 , -42.5 , 39 , 22.44 , 1.165 , 0.028 , 11.84 , 147.22
1212 , 6179 , 418.97 , -42.9 , 39 , 22.40 , 1.158 , 0.028 , 11.91 , 147.15
1222 , 6229 , 415.90 , -43.2 , 37 , 22.31 , 1.152 , 0.028 , 11.98 , 147.08
1232 , 6277 , 412.92 , -43.4 , 32 , 22.19 , 1.122 , 0.027 , 12.04 , 147.02
1242 , 6324 , 410.08 , -43.7 , 29 , 22.11 , 1.152 , 0.028 , 12.10 , 146.96
1252 , 6370 , 407.25 , -43.8 , 30 , 22.02 , 1.150 , 0.028 , 12.17 , 146.90
1262 , 6425 , 403.92 , -44.3 , 32 , 21.96 , 1.211 , 0.030 , 12.24 , 146.82
1272 , 6484 , 400.39 , -44.8 , 33 , 21.88 , 1.205 , 0.030 , 12.33 , 146.73
1282 , 6534 , 397.40 , -45.2 , 35 , 21.82 , 1.209 , 0.030 , 12.40 , 146.66
1292 , 6580 , 394.68 , -45.7 , 34 , 21.78 , 1.213 , 0.031 , 12.46 , 146.60
1302 , 6636 , 391.36 , -46.2 , 33 , 21.72 , 1.211 , 0.031 , 12.55 , 146.52
1312 , 6684 , 388.53 , -46.6 , 31 , 21.64 , 1.196 , 0.031 , 12.61 , 146.45
1322 , 6731 , 385.79 , -47.0 , 30 , 21.53 , 1.098 , 0.028 , 12.68 , 146.38
1332 , 6781 , 382.90 , -47.5 , 30 , 21.48 , 1.151 , 0.030 , 12.74 , 146.32
1342 , 6829 , 380.10 , -48.0 , 31 , 21.38 , 1.139 , 0.030 , 12.81 , 146.25
1352 , 6887 , 376.80 , -48.5 , 32 , 21.26 , 1.134 , 0.030 , 12.89 , 146.17
1362 , 6943 , 373.58 , -49.1 , 34 , 21.18 , 1.127 , 0.030 , 12.97 , 146.10
1371 , 7002 , 370.24 , -49.6 , 33 , 21.09 , 1.116 , 0.030 , 13.05 , 146.02
1381 , 7053 , 367.37 , -50.1 , 34 , 20.97 , 1.116 , 0.030 , 13.11 , 145.95
1391 , 7103 , 364.54 , -50.6 , 35 , 20.87 , 1.120 , 0.031 , 13.18 , 145.88
1401 , 7161 , 361.30 , -51.1 , 37 , 20.78 , 1.116 , 0.031 , 13.26 , 145.80
1411 , 7222 , 357.95 , -51.6 , 40 , 20.72 , 1.093 , 0.031 , 13.34 , 145.72
1421 , 7281 , 354.68 , -52.2 , 42 , 20.63 , 1.093 , 0.031 , 13.42 , 145.64
1431 , 7337 , 351.60 , -52.7 , 45 , 20.56 , 1.079 , 0.031 , 13.50 , 145.57
1441 , 7392 , 348.64 , -53.2 , 48 , 20.49 , 1.066 , 0.031 , 13.57 , 145.49
1451 , 7439 , 346.10 , -53.6 , 50 , 20.36 , 1.046 , 0.030 , 13.63 , 145.43
1461 , 7489 , 343.39 , -54.0 , 52 , 20.27 , 1.010 , 0.029 , 13.69 , 145.37
1471 , 7538 , 340.81 , -54.5 , 54 , 20.19 , 0.970 , 0.028 , 13.75 , 145.31
1481 , 7584 , 338.33 , -54.9 , 54 , 20.13 , 1.018 , 0.030 , 13.81 , 145.25
1491 , 7632 , 335.79 , -55.3 , 55 , 20.05 , 1.011 , 0.030 , 13.87 , 145.19
1501 , 7683 , 333.15 , -55.8 , 56 , 20.01 , 1.034 , 0.031 , 13.93 , 145.13
1511 , 7735 , 330.40 , -56.3 , 56 , 19.96 , 1.063 , 0.032 , 14.00 , 145.06
1521 , 7784 , 327.89 , -56.7 , 57 , 19.89 , 1.077 , 0.033 , 14.07 , 145.00
1531 , 7831 , 325.47 , -57.2 , 57 , 19.85 , 1.092 , 0.034 , 14.13 , 144.93
1541 , 7883 , 322.81 , -57.6 , 57 , 19.79 , 1.009 , 0.031 , 14.20 , 144.87
1551 , 7934 , 320.18 , -58.1 , 56 , 19.71 , 1.078 , 0.034 , 14.26 , 144.80
1561 , 7984 , 317.65 , -58.6 , 56 , 19.63 , 1.062 , 0.033 , 14.33 , 144.73
1571 , 8038 , 314.93 , -59.1 , 55 , 19.56 , 1.051 , 0.033 , 14.40 , 144.66
1581 , 8095 , 312.06 , -59.6 , 55 , 19.49 , 1.047 , 0.034 , 14.48 , 144.58
1591 , 8142 , 309.75 , -60.0 , 57 , 19.44 , 0.975 , 0.031 , 14.54 , 144.52
1601 , 8196 , 307.06 , -60.5 , 58 , 19.41 , 1.005 , 0.033 , 14.61 , 144.46
1611 , 8240 , 304.89 , -61.0 , 61 , 19.35 , 0.987 , 0.032 , 14.66 , 144.40
1619 , 8276 , 303.11 , -61.3 , 62 , 19.31 , 0.819 , 0.027 , 14.70 , 144.36
1628 , 8325 , 300.74 , -61.7 , 62 , 19.22 , 0.721 , 0.024 , 14.75 , 144.31
1637 , 8366 , 298.74 , -62.1 , 63 , 19.16 , 0.898 , 0.030 , 14.79 , 144.27
1647 , 8413 , 296.48 , -62.5 , 64 , 19.09 , 0.910 , 0.031 , 14.85 , 144.21
1657 , 8463 , 294.11 , -62.9 , 64 , 19.02 , 0.886 , 0.030 , 14.91 , 144.16
1666 , 8516 , 291.58 , -63.4 , 64 , 18.97 , 0.856 , 0.029 , 14.96 , 144.10
1675 , 8565 , 289.26 , -63.9 , 63 , 18.94 , 0.852 , 0.029 , 15.02 , 144.04
1685 , 8612 , 287.05 , -64.3 , 62 , 18.90 , 0.837 , 0.029 , 15.07 , 143.99
1695 , 8659 , 284.82 , -64.7 , 61 , 18.86 , 0.827 , 0.029 , 15.12 , 143.94
1705 , 8713 , 282.30 , -65.2 , 61 , 18.80 , 0.809 , 0.029 , 15.18 , 143.88
1715 , 8767 , 279.82 , -65.6 , 61 , 18.78 , 0.792 , 0.028 , 15.23 , 143.83
1725 , 8829 , 276.97 , -66.1 , 60 , 18.75 , 0.743 , 0.027 , 15.30 , 143.77
1735 , 8895 , 273.99 , -66.6 , 59 , 18.68 , 0.778 , 0.028 , 15.36 , 143.70
1744 , 8937 , 272.07 , -67.0 , 59 , 18.61 , 0.790 , 0.029 , 15.40 , 143.66
1754 , 8981 , 270.08 , -67.2 , 59 , 18.53 , 0.777 , 0.029 , 15.45 , 143.61
1764 , 9028 , 268.00 , -67.6 , 59 , 18.44 , 0.788 , 0.029 , 15.50 , 143.56
1774 , 9081 , 265.67 , -68.1 , 60 , 18.35 , 0.645 , 0.024 , 15.55 , 143.52
1784 , 9144 , 262.86 , -68.6 , 60 , 18.33 , 0.725 , 0.028 , 15.60 , 143.46
1794 , 9194 , 260.70 , -69.0 , 60 , 18.29 , 0.794 , 0.030 , 15.65 , 143.41
1804 , 9243 , 258.53 , -69.2 , 59 , 18.24 , 0.794 , 0.031 , 15.71 , 143.36
1814 , 9297 , 256.22 , -69.0 , 58 , 18.18 , 0.858 , 0.034 , 15.76 , 143.30
1824 , 9341 , 254.33 , -69.1 , 57 , 18.14 , 0.986 , 0.039 , 15.82 , 143.24
1834 , 9390 , 252.28 , -69.4 , 56 , 18.07 , 1.067 , 0.042 , 15.88 , 143.18
1844 , 9434 , 250.40 , -69.5 , 55 , 18.01 , 1.138 , 0.045 , 15.95 , 143.11
1854 , 9479 , 248.51 , -69.5 , 54 , 17.94 , 1.223 , 0.049 , 16.02 , 143.04
1864 , 9538 , 246.08 , -69.5 , 52 , 17.90 , 1.317 , 0.054 , 16.12 , 142.94
1874 , 9590 , 243.93 , -69.4 , 51 , 17.90 , 1.417 , 0.058 , 16.21 , 142.85
1884 , 9638 , 242.00 , -69.7 , 50 , 17.86 , 1.533 , 0.063 , 16.31 , 142.76
1894 , 9684 , 240.11 , -69.8 , 49 , 17.80 , 1.641 , 0.068 , 16.40 , 142.66
1904 , 9729 , 238.32 , -70.1 , 48 , 17.75 , 1.722 , 0.072 , 16.50 , 142.56
1914 , 9774 , 236.52 , -69.6 , 47 , 17.71 , 1.817 , 0.077 , 16.61 , 142.45
1924 , 9821 , 234.66 , -69.3 , 46 , 17.67 , 2.007 , 0.086 , 16.73 , 142.33
1934 , 9866 , 232.90 , -69.2 , 45 , 17.64 , 2.054 , 0.088 , 16.85 , 142.21
1944 , 9912 , 231.12 , -69.4 , 44 , 17.59 , 2.102 , 0.091 , 16.97 , 142.09
1954 , 9958 , 229.31 , -69.7 , 44 , 17.55 , 2.288 , 0.100 , 17.11 , 141.95
1964 , 10003 , 227.60 , -70.1 , 43 , 17.55 , 2.501 , 0.110 , 17.25 , 141.81
1974 , 10051 , 225.79 , -70.4 , 43 , 17.52 , 2.553 , 0.113 , 17.41 , 141.65
1983 , 10107 , 223.64 , -70.9 , 42 , 17.47 , 2.587 , 0.116 , 17.60 , 141.46
1993 , 10181 , 220.88 , -71.5 , 43 , 17.45 , 2.590 , 0.117 , 17.86 , 141.20
2003 , 10232 , 218.98 , -71.7 , 43 , 17.45 , 2.561 , 0.117 , 18.03 , 141.03
2013 , 10279 , 217.24 , -72.0 , 43 , 17.41 , 2.367 , 0.109 , 18.19 , 140.87
2023 , 10330 , 215.34 , -72.3 , 43 , 17.35 , 2.235 , 0.104 , 18.35 , 140.71
2033 , 10380 , 213.54 , -72.6 , 43 , 17.29 , 2.395 , 0.112 , 18.50 , 140.56
2043 , 10428 , 211.79 , -72.4 , 43 , 17.26 , 2.612 , 0.123 , 18.67 , 140.40
2053 , 10481 , 209.88 , -72.3 , 43 , 17.24 , 2.729 , 0.130 , 18.86 , 140.21
2063 , 10536 , 207.92 , -72.3 , 44 , 17.19 , 2.845 , 0.137 , 19.06 , 140.00
2073 , 10588 , 206.12 , -72.6 , 45 , 17.15 , 2.971 , 0.144 , 19.26 , 139.80
2083 , 10633 , 204.53 , -72.7 , 46 , 17.12 , 3.040 , 0.149 , 19.45 , 139.62
2093 , 10675 , 203.06 , -72.6 , 46 , 17.10 , 3.148 , 0.155 , 19.62 , 139.44
2103 , 10724 , 201.40 , -72.0 , 46 , 17.09 , 3.319 , 0.165 , 19.83 , 139.23
2113 , 10779 , 199.50 , -71.8 , 45 , 17.08 , 3.360 , 0.168 , 20.08 , 138.98
2123 , 10838 , 197.52 , -71.8 , 44 , 17.04 , 3.605 , 0.183 , 20.35 , 138.71
2133 , 10882 , 196.06 , -71.8 , 43 , 16.98 , 3.797 , 0.194 , 20.57 , 138.49
2143 , 10926 , 194.59 , -72.1 , 42 , 16.92 , 3.903 , 0.201 , 20.80 , 138.26
2153 , 10968 , 193.22 , -72.3 , 41 , 16.87 , 3.985 , 0.206 , 21.02 , 138.04
2163 , 11008 , 191.89 , -72.0 , 39 , 16.85 , 4.057 , 0.211 , 21.24 , 137.82
2173 , 11059 , 190.25 , -71.4 , 38 , 16.79 , 4.180 , 0.220 , 21.52 , 137.54
2183 , 11113 , 188.52 , -71.2 , 37 , 16.72 , 4.290 , 0.228 , 21.82 , 137.24
2193 , 11166 , 186.82 , -71.3 , 35 , 16.67 , 4.379 , 0.234 , 22.13 , 136.93
2203 , 11218 , 185.20 , -71.0 , 34 , 16.65 , 4.455 , 0.241 , 22.44 , 136.62
2213 , 11281 , 183.25 , -70.8 , 33 , 16.62 , 4.422 , 0.241 , 22.81 , 136.25
2223 , 11337 , 181.52 , -71.2 , 33 , 16.58 , 4.429 , 0.244 , 23.14 , 135.92
2233 , 11392 , 179.82 , -71.7 , 32 , 16.54 , 4.393 , 0.244 , 23.47 , 135.60
2243 , 11444 , 178.25 , -72.1 , 32 , 16.47 , 4.395 , 0.247 , 23.77 , 135.29
2253 , 11496 , 176.68 , -72.5 , 32 , 16.42 , 4.371 , 0.247 , 24.08 , 134.98
2263 , 11542 , 175.29 , -73.0 , 32 , 16.37 , 4.183 , 0.239 , 24.34 , 134.72
2273 , 11590 , 173.88 , -73.4 , 32 , 16.32 , 4.029 , 0.232 , 24.61 , 134.46
2282 , 11635 , 172.52 , -73.8 , 33 , 16.28 , 4.110 , 0.238 , 24.86 , 134.21
2291 , 11681 , 171.16 , -74.3 , 33 , 16.26 , 4.191 , 0.245 , 25.12 , 133.95
2301 , 11727 , 169.84 , -74.6 , 33 , 16.22 , 4.159 , 0.245 , 25.37 , 133.69
2311 , 11771 , 168.56 , -74.9 , 34 , 16.20 , 4.121 , 0.245 , 25.62 , 133.44
2321 , 11814 , 167.31 , -75.2 , 34 , 16.18 , 4.092 , 0.245 , 25.86 , 133.20
2331 , 11860 , 165.99 , -75.2 , 35 , 16.16 , 4.068 , 0.245 , 26.12 , 132.95
2341 , 11904 , 164.71 , -75.1 , 36 , 16.14 , 4.042 , 0.245 , 26.36 , 132.70
2351 , 11949 , 163.45 , -75.0 , 36 , 16.12 , 4.037 , 0.247 , 26.61 , 132.45
2361 , 11995 , 162.15 , -74.7 , 36 , 16.10 , 4.081 , 0.252 , 26.86 , 132.20
2371 , 12042 , 160.84 , -74.8 , 37 , 16.06 , 4.169 , 0.259 , 27.13 , 131.93
2381 , 12086 , 159.64 , -74.8 , 36 , 16.05 , 4.214 , 0.264 , 27.38 , 131.69
2391 , 12130 , 158.45 , -74.6 , 36 , 16.03 , 4.075 , 0.257 , 27.62 , 131.44
2401 , 12173 , 157.27 , -74.5 , 36 , 16.01 , 4.086 , 0.260 , 27.86 , 131.20
2411 , 12217 , 156.08 , -74.6 , 34 , 16.00 , 4.214 , 0.270 , 28.11 , 130.95
2421 , 12261 , 154.89 , -74.6 , 33 , 16.00 , 4.291 , 0.277 , 28.37 , 130.70
2430 , 12302 , 153.82 , -74.5 , 32 , 16.00 , 4.354 , 0.283 , 28.60 , 130.46
2440 , 12344 , 152.72 , -74.5 , 31 , 16.00 , 4.419 , 0.289 , 28.85 , 130.21
2450 , 12388 , 151.55 , -74.5 , 29 , 16.00 , 4.492 , 0.296 , 29.12 , 129.94
2460 , 12435 , 150.33 , -74.5 , 28 , 15.99 , 4.562 , 0.303 , 29.41 , 129.65
2470 , 12478 , 149.22 , -74.7 , 28 , 15.97 , 4.526 , 0.303 , 29.68 , 129.39
2480 , 12522 , 148.10 , -74.9 , 27 , 15.94 , 4.420 , 0.298 , 29.94 , 129.12
2490 , 12570 , 146.87 , -75.5 , 27 , 15.90 , 4.463 , 0.304 , 30.23 , 128.83
2500 , 12618 , 145.66 , -75.8 , 26 , 15.88 , 4.525 , 0.311 , 30.53 , 128.53
2510 , 12664 , 144.51 , -76.0 , 25 , 15.88 , 4.497 , 0.311 , 30.81 , 128.25
2520 , 12709 , 143.38 , -76.1 , 25 , 15.87 , 4.490 , 0.313 , 31.09 , 127.97
2530 , 12753 , 142.29 , -76.2 , 25 , 15.87 , 4.502 , 0.316 , 31.36 , 127.70
2540 , 12797 , 141.22 , -76.4 , 24 , 15.87 , 4.570 , 0.324 , 31.63 , 127.43
2550 , 12841 , 140.13 , -76.4 , 24 , 15.87 , 4.616 , 0.329 , 31.91 , 127.15
2560 , 12887 , 139.02 , -76.1 , 24 , 15.86 , 4.693 , 0.338 , 32.20 , 126.86
2570 , 12930 , 137.99 , -76.4 , 24 , 15.85 , 4.708 , 0.341 , 32.48 , 126.58
2580 , 12973 , 136.96 , -76.7 , 24 , 15.85 , 4.776 , 0.349 , 32.76 , 126.30
2590 , 13015 , 135.96 , -76.8 , 23 , 15.84 , 4.803 , 0.353 , 33.04 , 126.03
2599 , 13056 , 135.01 , -77.0 , 23 , 15.84 , 4.838 , 0.358 , 33.30 , 125.76
2608 , 13093 , 134.14 , -77.1 , 23 , 15.83 , 4.800 , 0.358 , 33.55 , 125.51
2618 , 13132 , 133.23 , -77.1 , 23 , 15.82 , 4.774 , 0.358 , 33.81 , 125.26
2628 , 13171 , 132.32 , -76.7 , 22 , 15.81 , 4.791 , 0.362 , 34.06 , 125.00
2638 , 13211 , 131.41 , -76.6 , 22 , 15.79 , 4.803 , 0.365 , 34.33 , 124.74
2648 , 13251 , 130.49 , -76.2 , 22 , 15.78 , 4.759 , 0.365 , 34.59 , 124.47
2658 , 13293 , 129.54 , -76.2 , 21 , 15.76 , 4.691 , 0.362 , 34.86 , 124.20
2668 , 13336 , 128.59 , -75.9 , 21 , 15.75 , 4.612 , 0.359 , 35.13 , 123.93
2678 , 13379 , 127.64 , -75.6 , 20 , 15.73 , 4.589 , 0.360 , 35.40 , 123.66
2688 , 13423 , 126.67 , -75.6 , 20 , 15.70 , 4.560 , 0.360 , 35.68 , 123.38
2698 , 13471 , 125.61 , -75.3 , 19 , 15.68 , 4.493 , 0.358 , 35.98 , 123.08
2708 , 13514 , 124.70 , -75.5 , 19 , 15.65 , 4.392 , 0.352 , 36.23 , 122.83
2718 , 13555 , 123.80 , -75.4 , 18 , 15.63 , 4.304 , 0.348 , 36.48 , 122.58
2728 , 13598 , 122.89 , -75.4 , 18 , 15.61 , 4.211 , 0.343 , 36.73 , 122.33
2738 , 13642 , 121.96 , -75.4 , 17 , 15.59 , 4.061 , 0.333 , 36.98 , 122.08
2748 , 13686 , 121.03 , -75.4 , 17 , 15.56 , 3.948 , 0.326 , 37.22 , 121.84
2758 , 13731 , 120.10 , -75.6 , 17 , 15.54 , 3.851 , 0.321 , 37.46 , 121.60
2768 , 13777 , 119.15 , -75.5 , 16 , 15.52 , 3.752 , 0.315 , 37.70 , 121.37
2778 , 13822 , 118.23 , -75.5 , 16 , 15.49 , 3.699 , 0.313 , 37.92 , 121.14
2788 , 13866 , 117.33 , -75.5 , 16 , 15.46 , 3.764 , 0.321 , 38.15 , 120.92
2798 , 13910 , 116.43 , -75.6 , 15 , 15.44 , 3.826 , 0.329 , 38.38 , 120.68
2808 , 13957 , 115.49 , -75.4 , 15 , 15.41 , 3.888 , 0.337 , 38.62 , 120.44
2818 , 14005 , 114.55 , -75.6 , 15 , 15.38 , 3.967 , 0.346 , 38.88 , 120.18
2828 , 14053 , 113.60 , -75.8 , 14 , 15.36 , 3.975 , 0.350 , 39.14 , 119.92
2838 , 14099 , 112.70 , -75.9 , 14 , 15.34 , 3.963 , 0.352 , 39.39 , 119.67
2847 , 14143 , 111.85 , -75.9 , 14 , 15.32 , 3.978 , 0.356 , 39.63 , 119.44
2857 , 14186 , 111.01 , -75.9 , 14 , 15.29 , 3.971 , 0.358 , 39.86 , 119.20
2867 , 14231 , 110.14 , -75.9 , 14 , 15.27 , 3.955 , 0.359 , 40.11 , 118.95
2877 , 14278 , 109.26 , -76.0 , 14 , 15.26 , 3.931 , 0.360 , 40.36 , 118.70
2887 , 14325 , 108.37 , -76.0 , 13 , 15.23 , 3.842 , 0.354 , 40.61 , 118.45
2897 , 14371 , 107.51 , -76.1 , 13 , 15.21 , 3.681 , 0.342 , 40.85 , 118.22
2907 , 14418 , 106.63 , -76.4 , 13 , 15.19 , 3.543 , 0.332 , 41.08 , 117.98
2917 , 14462 , 105.83 , -76.6 , 13 , 15.17 , 3.435 , 0.325 , 41.29 , 117.78
2926 , 14505 , 105.04 , -76.8 , 13 , 15.14 , 3.301 , 0.314 , 41.49 , 117.58
2936 , 14548 , 104.26 , -77.0 , 12 , 15.12 , 3.184 , 0.305 , 41.68 , 117.38
2946 , 14592 , 103.46 , -77.0 , 12 , 15.10 , 3.004 , 0.290 , 41.87 , 117.20
2956 , 14638 , 102.63 , -76.9 , 12 , 15.07 , 2.860 , 0.279 , 42.05 , 117.01
2966 , 14683 , 101.84 , -77.0 , 12 , 15.05 , 2.646 , 0.260 , 42.22 , 116.84
2976 , 14725 , 101.09 , -77.0 , 12 , 15.02 , 2.440 , 0.241 , 42.37 , 116.69
2986 , 14770 , 100.29 , -77.1 , 12 , 15.00 , 2.102 , 0.210 , 42.51 , 116.55
2995 , 14811 , 99.58 , -77.0 , 11 , 14.99 , 1.806 , 0.181 , 42.62 , 116.44
3005 , 14852 , 98.88 , -77.1 , 11 , 14.97 , 1.560 , 0.158 , 42.71 , 116.35
3015 , 14897 , 98.11 , -77.3 , 11 , 14.95 , 1.398 , 0.142 , 42.81 , 116.26
3025 , 14940 , 97.38 , -77.5 , 11 , 14.93 , 1.267 , 0.130 , 42.88 , 116.18
3035 , 14981 , 96.68 , -77.4 , 11 , 14.92 , 1.175 , 0.121 , 42.95 , 116.11
3045 , 15025 , 95.94 , -77.5 , 11 , 14.89 , 1.168 , 0.122 , 43.02 , 116.04
3055 , 15067 , 95.23 , -77.7 , 11 , 14.87 , 1.175 , 0.123 , 43.09 , 115.97
3065 , 15110 , 94.53 , -77.7 , 10 , 14.84 , 1.123 , 0.119 , 43.16 , 115.90
3075 , 15154 , 93.80 , -77.7 , 10 , 14.81 , 1.024 , 0.109 , 43.23 , 115.84
3085 , 15197 , 93.10 , -77.6 , 10 , 14.79 , 0.881 , 0.095 , 43.28 , 115.78
3095 , 15242 , 92.37 , -77.6 , 10 , 14.76 , 0.768 , 0.083 , 43.33 , 115.73
3105 , 15287 , 91.64 , -77.5 , 10 , 14.73 , 0.686 , 0.075 , 43.38 , 115.68
3115 , 15331 , 90.94 , -77.4 , 10 , 14.70 , 0.738 , 0.081 , 43.42 , 115.64
3125 , 15376 , 90.24 , -77.2 , 10 , 14.68 , 0.747 , 0.083 , 43.47 , 115.60
3135 , 15423 , 89.50 , -76.8 , 10 , 14.66 , 0.652 , 0.073 , 43.51 , 115.55
3145 , 15469 , 88.79 , -76.7 , 10 , 14.64 , 0.522 , 0.059 , 43.55 , 115.51
3155 , 15513 , 88.10 , -76.7 , 9 , 14.62 , 0.445 , 0.050 , 43.58 , 115.48
3165 , 15561 , 87.37 , -76.5 , 9 , 14.59 , 0.414 , 0.047 , 43.61 , 115.46
3175 , 15610 , 86.63 , -76.4 , 9 , 14.57 , 0.407 , 0.047 , 43.63 , 115.43
3185 , 15658 , 85.91 , -76.7 , 9 , 14.55 , 0.401 , 0.047 , 43.66 , 115.40
3195 , 15705 , 85.21 , -76.7 , 9 , 14.52 , 0.399 , 0.047 , 43.69 , 115.38
3205 , 15753 , 84.50 , -77.0 , 9 , 14.49 , 0.394 , 0.047 , 43.71 , 115.35
3215 , 15798 , 83.85 , -77.2 , 9 , 14.46 , 0.389 , 0.046 , 43.74 , 115.33
3225 , 15845 , 83.15 , -77.3 , 9 , 14.42 , 0.372 , 0.045 , 43.76 , 115.30
3234 , 15891 , 82.49 , -77.3 , 9 , 14.39 , 0.354 , 0.043 , 43.78 , 115.28
3244 , 15935 , 81.86 , -77.2 , 8 , 14.36 , 0.297 , 0.036 , 43.80 , 115.26
3254 , 15982 , 81.19 , -77.0 , 8 , 14.32 , 0.257 , 0.032 , 43.82 , 115.24
3264 , 16031 , 80.51 , -77.2 , 8 , 14.29 , 0.236 , 0.029 , 43.84 , 115.22
3274 , 16080 , 79.82 , -77.2 , 8 , 14.25 , 0.212 , 0.027 , 43.85 , 115.21
3284 , 16128 , 79.15 , -76.9 , 8 , 14.22 , 0.193 , 0.024 , 43.87 , 115.19
3294 , 16179 , 78.46 , -77.0 , 8 , 14.18 , 0.182 , 0.023 , 43.88 , 115.18
3304 , 16229 , 77.78 , -76.7 , 8 , 14.14 , 0.177 , 0.023 , 43.89 , 115.17
3314 , 16276 , 77.14 , -76.6 , 8 , 14.10 , 0.175 , 0.023 , 43.90 , 115.16
3324 , 16321 , 76.54 , -76.6 , 8 , 14.06 , 0.177 , 0.023 , 43.92 , 115.15
3334 , 16368 , 75.92 , -76.6 , 8 , 14.02 , 0.188 , 0.025 , 43.93 , 115.14
3344 , 16416 , 75.28 , -76.7 , 8 , 13.98 , 0.195 , 0.026 , 43.94 , 115.12
3354 , 16464 , 74.67 , -76.7 , 8 , 13.93 , 0.203 , 0.027 , 43.95 , 115.11
3364 , 16511 , 74.06 , -76.5 , 8 , 13.89 , 0.215 , 0.029 , 43.97 , 115.10
3374 , 16558 , 73.46 , -76.5 , 8 , 13.84 , 0.216 , 0.029 , 43.98 , 115.08
3384 , 16603 , 72.88 , -76.6 , 7 , 13.80 , 0.207 , 0.028 , 43.99 , 115.07
3394 , 16648 , 72.32 , -76.9 , 7 , 13.75 , 0.193 , 0.027 , 44.01 , 115.06
3404 , 16693 , 71.75 , -76.9 , 7 , 13.71 , 0.171 , 0.024 , 44.02 , 115.05
3414 , 16738 , 71.19 , -77.2 , 7 , 13.67 , 0.154 , 0.022 , 44.03 , 115.04
3424 , 16785 , 70.61 , -76.7 , 7 , 13.63 , 0.154 , 0.022 , 44.04 , 115.03
3434 , 16830 , 70.06 , -76.2 , 7 , 13.59 , 0.173 , 0.025 , 44.05 , 115.02
3444 , 16873 , 69.54 , -76.1 , 7 , 13.55 , 0.189 , 0.027 , 44.06 , 115.00
3454 , 16916 , 69.02 , -75.9 , 7 , 13.51 , 0.190 , 0.028 , 44.07 , 114.99
3464 , 16961 , 68.49 , -75.6 , 7 , 13.47 , 0.185 , 0.027 , 44.08 , 114.98
3474 , 17007 , 67.95 , -75.6 , 7 , 13.44 , 0.175 , 0.026 , 44.09 , 114.97
3484 , 17055 , 67.38 , -75.8 , 7 , 13.39 , 0.155 , 0.023 , 44.10 , 114.96
3494 , 17105 , 66.80 , -75.8 , 7 , 13.35 , 0.142 , 0.021 , 44.11 , 114.95
3504 , 17150 , 66.28 , -75.9 , 7 , 13.31 , 0.135 , 0.020 , 44.12 , 114.94
3514 , 17196 , 65.76 , -75.8 , 6 , 13.27 , 0.126 , 0.019 , 44.13 , 114.93
3524 , 17243 , 65.23 , -75.6 , 6 , 13.23 , 0.120 , 0.018 , 44.14 , 114.93
3533 , 17287 , 64.73 , -75.7 , 6 , 13.19 , 0.114 , 0.018 , 44.14 , 114.92
3542 , 17331 , 64.24 , -75.9 , 6 , 13.16 , 0.113 , 0.018 , 44.15 , 114.91
3551 , 17377 , 63.73 , -76.0 , 6 , 13.12 , 0.114 , 0.018 , 44.16 , 114.90
3561 , 17425 , 63.20 , -75.7 , 6 , 13.08 , 0.120 , 0.019 , 44.17 , 114.90
3571 , 17476 , 62.64 , -75.0 , 6 , 13.04 , 0.135 , 0.021 , 44.17 , 114.89
3581 , 17527 , 62.10 , -74.8 , 6 , 13.00 , 0.145 , 0.023 , 44.18 , 114.88
3591 , 17577 , 61.57 , -75.1 , 6 , 12.96 , 0.151 , 0.025 , 44.19 , 114.87
3601 , 17626 , 61.05 , -75.4 , 6 , 12.92 , 0.156 , 0.026 , 44.20 , 114.86
3611 , 17669 , 60.59 , -75.4 , 6 , 12.88 , 0.151 , 0.025 , 44.21 , 114.85
3621 , 17714 , 60.12 , -75.3 , 5 , 12.84 , 0.144 , 0.024 , 44.22 , 114.84
3631 , 17760 , 59.65 , -75.0 , 5 , 12.80 , 0.140 , 0.023 , 44.23 , 114.83
3641 , 17804 , 59.20 , -74.6 , 5 , 12.76 , 0.141 , 0.024 , 44.24 , 114.82
3651 , 17848 , 58.75 , -74.4 , 5 , 12.72 , 0.136 , 0.023 , 44.25 , 114.81
3661 , 17891 , 58.32 , -74.2 , 5 , 12.68 , 0.143 , 0.024 , 44.26 , 114.81
3671 , 17935 , 57.88 , -74.0 , 5 , 12.64 , 0.152 , 0.026 , 44.27 , 114.80
3681 , 17977 , 57.47 , -73.7 , 5 , 12.60 , 0.154 , 0.027 , 44.27 , 114.79
3691 , 18019 , 57.06 , -73.7 , 5 , 12.56 , 0.160 , 0.028 , 44.28 , 114.78
3701 , 18059 , 56.66 , -73.5 , 5 , 12.52 , 0.177 , 0.031 , 44.29 , 114.77
3711 , 18100 , 56.27 , -73.3 , 5 , 12.48 , 0.187 , 0.033 , 44.30 , 114.76
3721 , 18139 , 55.89 , -73.0 , 4 , 12.45 , 0.202 , 0.036 , 44.31 , 114.75
3731 , 18180 , 55.51 , -72.9 , 4 , 12.41 , 0.227 , 0.041 , 44.32 , 114.74
3741 , 18222 , 55.11 , -72.7 , 4 , 12.37 , 0.257 , 0.047 , 44.34 , 114.72
3751 , 18263 , 54.73 , -72.3 , 4 , 12.33 , 0.323 , 0.059 , 44.35 , 114.71
3761 , 18307 , 54.32 , -72.2 , 4 , 12.29 , 0.388 , 0.072 , 44.37 , 114.69
3771 , 18351 , 53.91 , -71.9 , 4 , 12.25 , 0.435 , 0.081 , 44.40 , 114.66
3781 , 18397 , 53.49 , -71.8 , 4 , 12.22 , 0.463 , 0.087 , 44.43 , 114.64
3791 , 18444 , 53.07 , -71.6 , 4 , 12.18 , 0.479 , 0.090 , 44.46 , 114.61
3801 , 18492 , 52.64 , -71.5 , 4 , 12.14 , 0.494 , 0.094 , 44.49 , 114.57
3811 , 18541 , 52.21 , -71.5 , 4 , 12.11 , 0.522 , 0.100 , 44.52 , 114.54
3821 , 18590 , 51.77 , -71.4 , 4 , 12.07 , 0.527 , 0.102 , 44.56 , 114.51
3831 , 18641 , 51.33 , -71.2 , 3 , 12.03 , 0.520 , 0.101 , 44.59 , 114.47
3841 , 18694 , 50.87 , -71.1 , 3 , 11.99 , 0.468 , 0.092 , 44.63 , 114.44
3850 , 18746 , 50.43 , -71.1 , 3 , 11.96 , 0.439 , 0.087 , 44.66 , 114.41
3860 , 18798 , 49.99 , -71.1 , 3 , 11.93 , 0.417 , 0.083 , 44.69 , 114.38
3870 , 18848 , 49.57 , -70.7 , 3 , 11.89 , 0.406 , 0.082 , 44.71 , 114.35
3880 , 18897 , 49.16 , -70.5 , 3 , 11.85 , 0.399 , 0.081 , 44.74 , 114.32
3890 , 18945 , 48.76 , -70.3 , 3 , 11.82 , 0.384 , 0.079 , 44.77 , 114.30
3900 , 18993 , 48.37 , -70.2 , 3 , 11.78 , 0.373 , 0.077 , 44.79 , 114.27
3910 , 19043 , 47.97 , -70.1 , 3 , 11.75 , 0.364 , 0.076 , 44.81 , 114.25
3920 , 19087 , 47.61 , -70.0 , 3 , 11.71 , 0.363 , 0.076 , 44.84 , 114.23
3930 , 19137 , 47.21 , -70.2 , 3 , 11.68 , 0.372 , 0.079 , 44.86 , 114.20
3940 , 19186 , 46.82 , -70.0 , 3 , 11.64 , 0.409 , 0.087 , 44.89 , 114.18
3950 , 19234 , 46.44 , -70.0 , 3 , 11.61 , 0.503 , 0.108 , 44.91 , 114.15
3960 , 19282 , 46.07 , -70.2 , 3 , 11.57 , 0.619 , 0.134 , 44.95 , 114.11
3970 , 19328 , 45.71 , -69.9 , 3 , 11.54 , 0.819 , 0.179 , 44.99 , 114.07
3980 , 19376 , 45.35 , -69.5 , 3 , 11.51 , 1.132 , 0.250 , 45.06 , 114.01
3990 , 19423 , 45.00 , -69.0 , 3 , 11.48 , 1.504 , 0.334 , 45.14 , 113.92
4000 , 19469 , 44.65 , -69.0 , 3 , 11.44 , 1.629 , 0.365 , 45.23 , 113.83
4010 , 19513 , 44.32 , -68.5 , 3 , 11.41 , 1.720 , 0.388 , 45.33 , 113.73
4020 , 19556 , 44.00 , -68.4 , 3 , 11.38 , 1.823 , 0.414 , 45.43 , 113.63
4030 , 19599 , 43.69 , -68.5 , 3 , 11.35 , 1.865 , 0.427 , 45.54 , 113.53
4040 , 19644 , 43.37 , -68.4 , 3 , 11.32 , 1.851 , 0.427 , 45.64 , 113.42
4050 , 19690 , 43.03 , -68.4 , 3 , 11.29 , 1.769 , 0.411 , 45.75 , 113.31
4060 , 19735 , 42.71 , -68.0 , 3 , 11.26 , 1.665 , 0.390 , 45.86 , 113.21
4070 , 19784 , 42.36 , -67.7 , 3 , 11.23 , 1.597 , 0.377 , 45.96 , 113.10
4080 , 19833 , 42.02 , -67.5 , 3 , 11.20 , 1.593 , 0.379 , 46.06 , 113.00
4090 , 19883 , 41.67 , -67.1 , 2 , 11.17 , 1.630 , 0.391 , 46.17 , 112.89
4100 , 19933 , 41.33 , -66.7 , 2 , 11.14 , 1.712 , 0.414 , 46.28 , 112.78
4110 , 19984 , 40.98 , -66.1 , 2 , 11.11 , 1.867 , 0.455 , 46.40 , 112.67
4120 , 20035 , 40.64 , -66.0 , 2 , 11.09 , 2.111 , 0.520 , 46.53 , 112.53
4130 , 20087 , 40.30 , -65.4 , 2 , 11.06 , 2.339 , 0.580 , 46.68 , 112.38
4140 , 20135 , 39.98 , -65.0 , 2 , 11.03 , 2.559 , 0.640 , 46.83 , 112.23
4150 , 20182 , 39.67 , -64.8 , 2 , 11.01 , 2.788 , 0.703 , 47.00 , 112.07
4159 , 20228 , 39.37 , -64.5 , 2 , 10.98 , 3.029 , 0.769 , 47.17 , 111.89
4168 , 20272 , 39.09 , -64.2 , 2 , 10.96 , 3.272 , 0.837 , 47.35 , 111.72
4178 , 20320 , 38.78 , -63.4 , 2 , 10.94 , 3.524 , 0.909 , 47.56 , 111.50
4188 , 20370 , 38.47 , -62.9 , 2 , 10.91 , 3.748 , 0.974 , 47.79 , 111.27
4198 , 20418 , 38.17 , -62.6 , 2 , 10.89 , 3.854 , 1.010 , 48.02 , 111.04
4208 , 20467 , 37.87 , -62.2 , 2 , 10.87 , 3.858 , 1.019 , 48.27 , 110.79
4218 , 20522 , 37.53 , -61.8 , 2 , 10.85 , 3.786 , 1.009 , 48.53 , 110.53
4228 , 20575 , 37.21 , -61.5 , 2 , 10.83 , 3.743 , 1.006 , 48.79 , 110.27
4238 , 20626 , 36.91 , -61.5 , 2 , 10.81 , 3.768 , 1.021 , 49.03 , 110.03
4248 , 20677 , 36.61 , -61.9 , 2 , 10.79 , 3.788 , 1.035 , 49.28 , 109.78
4258 , 20730 , 36.29 , -61.6 , 2 , 10.77 , 3.796 , 1.046 , 49.54 , 109.53
4268 , 20785 , 35.97 , -61.6 , 2 , 10.75 , 3.940 , 1.095 , 49.80 , 109.26
4278 , 20839 , 35.66 , -61.9 , 2 , 10.73 , 4.130 , 1.158 , 50.08 , 108.98
4288 , 20889 , 35.37 , -62.0 , 2 , 10.71 , 4.267 , 1.206 , 50.35 , 108.71
4298 , 20937 , 35.10 , -62.1 , 2 , 10.69 , 4.383 , 1.249 , 50.62 , 108.44
4308 , 20990 , 34.80 , -62.0 , 2 , 10.67 , 4.515 , 1.297 , 50.92 , 108.14
4318 , 21039 , 34.53 , -61.4 , 2 , 10.65 , 4.550 , 1.318 , 51.20 , 107.86
4328 , 21088 , 34.25 , -61.1 , 2 , 10.62 , 4.498 , 1.313 , 51.48 , 107.58
4338 , 21138 , 33.98 , -61.0 , 2 , 10.60 , 4.478 , 1.318 , 51.77 , 107.29
4348 , 21187 , 33.71 , -61.0 , 2 , 10.58 , 4.445 , 1.319 , 52.05 , 107.01
4358 , 21235 , 33.45 , -61.0 , 2 , 10.55 , 4.428 , 1.324 , 52.32 , 106.74
4367 , 21285 , 33.18 , -61.0 , 2 , 10.53 , 4.468 , 1.347 , 52.60 , 106.46
4377 , 21335 , 32.92 , -60.9 , 2 , 10.51 , 4.498 , 1.367 , 52.88 , 106.18
4387 , 21386 , 32.65 , -60.2 , 2 , 10.48 , 4.528 , 1.387 , 53.18 , 105.89
4397 , 21439 , 32.37 , -59.6 , 2 , 10.46 , 4.648 , 1.436 , 53.48 , 105.58
4407 , 21489 , 32.12 , -59.2 , 2 , 10.43 , 4.793 , 1.492 , 53.78 , 105.28
4417 , 21540 , 31.86 , -58.9 , 2 , 10.41 , 4.932 , 1.548 , 54.09 , 104.97
4427 , 21591 , 31.60 , -59.1 , 2 , 10.39 , 5.079 , 1.607 , 54.41 , 104.65
4437 , 21641 , 31.34 , -58.9 , 2 , 10.37 , 5.224 , 1.666 , 54.74 , 104.32
4447 , 21693 , 31.09 , -58.3 , 1 , 10.35 , 5.439 , 1.750 , 55.09 , 103.98
4457 , 21742 , 30.84 , -58.1 , 1 , 10.32 , 5.608 , 1.818 , 55.43 , 103.63
4466 , 21790 , 30.61 , -57.9 , 1 , 10.30 , 5.769 , 1.885 , 55.77 , 103.29
4475 , 21835 , 30.39 , -57.3 , 1 , 10.29 , 5.990 , 1.971 , 56.10 , 102.96
4485 , 21884 , 30.16 , -56.9 , 1 , 10.27 , 6.172 , 2.046 , 56.47 , 102.59
4495 , 21934 , 29.92 , -56.2 , 1 , 10.25 , 6.410 , 2.142 , 56.87 , 102.20
4505 , 21985 , 29.68 , -55.5 , 1 , 10.23 , 6.620 , 2.230 , 57.27 , 101.79
4515 , 22037 , 29.44 , -54.5 , 1 , 10.21 , 6.876 , 2.335 , 57.71 , 101.36
4525 , 22087 , 29.22 , -53.7 , 1 , 10.19 , 7.121 , 2.437 , 58.14 , 100.93
4535 , 22137 , 28.99 , -53.4 , 1 , 10.17 , 7.333 , 2.530 , 58.59 , 100.47
4545 , 22188 , 28.76 , -53.2 , 1 , 10.15 , 7.493 , 2.605 , 59.05 , 100.01
4555 , 22239 , 28.53 , -52.6 , 1 , 10.12 , 7.575 , 2.655 , 59.52 , 99.54
4565 , 22290 , 28.31 , -52.1 , 1 , 10.10 , 7.630 , 2.695 , 59.99 , 99.07
4575 , 22341 , 28.09 , -51.6 , 1 , 10.08 , 7.648 , 2.723 , 60.47 , 98.60
4585 , 22394 , 27.86 , -51.1 , 1 , 10.06 , 7.722 , 2.772 , 60.96 , 98.11
4595 , 22445 , 27.64 , -50.7 , 1 , 10.03 , 7.732 , 2.797 , 61.44 , 97.63
4605 , 22496 , 27.42 , -50.7 , 1 , 10.01 , 7.764 , 2.831 , 61.92 , 97.14
4615 , 22551 , 27.20 , -50.8 , 1 , 9.99 , 7.768 , 2.856 , 62.43 , 96.63
4625 , 22607 , 26.96 , -50.7 , 1 , 9.97 , 7.691 , 2.853 , 62.96 , 96.10
4635 , 22654 , 26.77 , -50.7 , 1 , 9.95 , 7.628 , 2.850 , 63.40 , 95.67
4645 , 22702 , 26.57 , -50.5 , 1 , 9.93 , 7.615 , 2.866 , 63.84 , 95.22
4655 , 22751 , 26.37 , -49.9 , 1 , 9.90 , 7.570 , 2.871 , 64.29 , 94.77
4665 , 22802 , 26.17 , -49.0 , 1 , 9.89 , 7.497 , 2.865 , 64.76 , 94.30
4675 , 22855 , 25.95 , -49.2 , 1 , 9.87 , 7.404 , 2.853 , 65.23 , 93.83
4685 , 22908 , 25.75 , -48.9 , 1 , 9.84 , 7.319 , 2.842 , 65.70 , 93.37
4695 , 22960 , 25.55 , -49.0 , 1 , 9.82 , 7.228 , 2.829 , 66.15 , 92.91
4705 , 23013 , 25.34 , -49.0 , 1 , 9.80 , 7.161 , 2.826 , 66.61 , 92.45
4715 , 23066 , 25.14 , -48.9 , 1 , 9.79 , 7.119 , 2.832 , 67.07 , 92.00
4725 , 23120 , 24.93 , -48.7 , 1 , 9.78 , 7.038 , 2.823 , 67.52 , 91.54
4735 , 23174 , 24.73 , -48.5 , 1 , 9.76 , 6.997 , 2.830 , 67.98 , 91.08
4745 , 23228 , 24.52 , -47.9 , 1 , 9.75 , 6.891 , 2.810 , 68.43 , 90.63
4755 , 23283 , 24.32 , -47.6 , 1 , 9.73 , 6.877 , 2.828 , 68.88 , 90.18
4765 , 23338 , 24.12 , -47.7 , 1 , 9.72 , 6.905 , 2.863 , 69.34 , 89.73
4774 , 23391 , 23.93 , -48.1 , 1 , 9.71 , 6.859 , 2.867 , 69.77 , 89.29
4784 , 23441 , 23.74 , -48.2 , 1 , 9.70 , 6.803 , 2.865 , 70.19 , 88.88
4794 , 23494 , 23.55 , -48.9 , 1 , 9.69 , 6.839 , 2.903 , 70.62 , 88.45
4804 , 23548 , 23.36 , -49.0 , 1 , 9.68 , 6.845 , 2.930 , 71.06 , 88.00
4814 , 23598 , 23.18 , -48.1 , 1 , 9.67 , 6.870 , 2.963 , 71.47 , 87.59
4824 , 23648 , 23.01 , -47.1 , 1 , 9.66 , 6.978 , 3.033 , 71.88 , 87.18
4834 , 23695 , 22.84 , -45.9 , 1 , 9.65 , 7.069 , 3.095 , 72.28 , 86.78
4844 , 23741 , 22.69 , -45.4 , 1 , 9.64 , 7.248 , 3.194 , 72.67 , 86.39
4854 , 23789 , 22.53 , -45.1 , 1 , 9.63 , 7.338 , 3.258 , 73.08 , 85.98
4864 , 23836 , 22.37 , -44.8 , 1 , 9.63 , 7.454 , 3.333 , 73.50 , 85.57
4874 , 23883 , 22.21 , -44.4 , 1 , 9.63 , 7.529 , 3.390 , 73.91 , 85.16
4884 , 23931 , 22.05 , -44.3 , 1 , 9.63 , 7.591 , 3.442 , 74.34 , 84.72
4894 , 23984 , 21.88 , -44.0 , 1 , 9.63 , 7.623 , 3.485 , 74.81 , 84.25
4904 , 24035 , 21.71 , -43.6 , 1 , 9.63 , 7.631 , 3.514 , 75.27 , 83.79
4914 , 24090 , 21.54 , -43.5 , 1 , 9.63 , 7.712 , 3.581 , 75.77 , 83.29
4924 , 24144 , 21.36 , -43.3 , 1 , 9.63 , 7.713 , 3.610 , 76.26 , 82.81
4934 , 24201 , 21.19 , -43.1 , 1 , 9.64 , 7.729 , 3.648 , 76.77 , 82.30
4944 , 24256 , 21.01 , -42.2 , 1 , 9.64 , 7.937 , 3.777 , 77.27 , 81.79
4954 , 24310 , 20.85 , -41.8 , 1 , 9.64 , 8.045 , 3.859 , 77.77 , 81.29
4964 , 24363 , 20.68 , -41.7 , 1 , 9.65 , 8.098 , 3.916 , 78.28 , 80.78
4974 , 24421 , 20.51 , -41.9 , 1 , 9.65 , 8.104 , 3.952 , 78.83 , 80.24
4984 , 24482 , 20.32 , -42.0 , 1 , 9.66 , 8.145 , 4.007 , 79.40 , 79.67
4994 , 24543 , 20.14 , -42.0 , 1 , 9.66 , 8.161 , 4.052 , 79.98 , 79.08
5004 , 24599 , 19.97 , -42.0 , 1 , 9.67 , 8.157 , 4.084 , 80.51 , 78.55
5014 , 24654 , 19.81 , -42.2 , 1 , 9.68 , 8.174 , 4.126 , 81.04 , 78.02
5024 , 24710 , 19.65 , -41.6 , 1 , 9.69 , 8.183 , 4.165 , 81.57 , 77.49
5034 , 24766 , 19.49 , -41.4 , 1 , 9.69 , 8.211 , 4.213 , 82.10 , 76.96
5044 , 24822 , 19.33 , -41.2 , 1 , 9.70 , 8.236 , 4.261 , 82.64 , 76.42
5053 , 24874 , 19.18 , -41.0 , 1 , 9.71 , 8.270 , 4.312 , 83.14 , 75.92
5063 , 24925 , 19.04 , -40.8 , 1 , 9.72 , 8.275 , 4.347 , 83.63 , 75.43
5073 , 24976 , 18.89 , -40.4 , 1 , 9.73 , 8.297 , 4.391 , 84.12 , 74.94
5083 , 25025 , 18.76 , -40.3 , 1 , 9.74 , 8.308 , 4.429 , 84.59 , 74.47
5092 , 25075 , 18.62 , -40.7 , 1 , 9.74 , 8.235 , 4.422 , 85.07 , 74.00
5102 , 25122 , 18.49 , -40.6 , 1 , 9.75 , 8.142 , 4.403 , 85.52 , 73.54
5112 , 25176 , 18.35 , -40.4 , 1 , 9.75 , 8.060 , 4.393 , 86.02 , 73.04
5122 , 25228 , 18.21 , -39.6 , 1 , 9.75 , 8.043 , 4.417 , 86.51 , 72.55
5132 , 25281 , 18.07 , -38.7 , 1 , 9.75 , 7.951 , 4.401 , 87.00 , 72.07
5142 , 25336 , 17.92 , -38.3 , 1 , 9.76 , 7.864 , 4.387 , 87.50 , 71.57
5152 , 25388 , 17.79 , -38.4 , 1 , 9.76 , 7.868 , 4.423 , 87.96 , 71.10
5162 , 25441 , 17.65 , -38.4 , 1 , 9.76 , 7.860 , 4.453 , 88.44 , 70.62
5172 , 25495 , 17.51 , -38.5 , 1 , 9.76 , 7.846 , 4.480 , 88.93 , 70.13
5182 , 25550 , 17.38 , -38.0 , 1 , 9.76 , 7.834 , 4.508 , 89.42 , 69.64
5192 , 25606 , 17.23 , -37.2 , 1 , 9.75 , 7.889 , 4.577 , 89.93 , 69.13
5202 , 25660 , 17.10 , -36.3 , 1 , 9.74 , 7.913 , 4.627 , 90.41 , 68.65
5212 , 25717 , 16.96 , -35.9 , 1 , 9.73 , 7.899 , 4.658 , 90.93 , 68.13
5222 , 25775 , 16.82 , -35.5 , 1 , 9.71 , 7.886 , 4.689 , 91.45 , 67.62
5232 , 25836 , 16.67 , -35.8 , 1 , 9.69 , 7.924 , 4.752 , 91.99 , 67.07
5241 , 25888 , 16.55 , -36.1 , 1 , 9.67 , 7.819 , 4.725 , 92.46 , 66.60
5251 , 25944 , 16.42 , -36.2 , 1 , 9.66 , 7.785 , 4.742 , 92.96 , 66.11
5261 , 26000 , 16.28 , -35.2 , 1 , 9.64 , 7.762 , 4.767 , 93.45 , 65.61
5271 , 26058 , 16.15 , -35.1 , 1 , 9.62 , 7.627 , 4.723 , 93.95 , 65.11
5281 , 26116 , 16.01 , -35.3 , 1 , 9.59 , 7.557 , 4.719 , 94.46 , 64.60
5291 , 26174 , 15.88 , -34.7 , 1 , 9.57 , 7.454 , 4.693 , 94.95 , 64.11
5301 , 26235 , 15.74 , -34.5 , 1 , 9.55 , 7.388 , 4.693 , 95.46 , 63.60
5311 , 26297 , 15.60 , -34.3 , 1 , 9.53 , 7.382 , 4.731 , 95.98 , 63.08
5321 , 26355 , 15.48 , -33.9 , 1 , 9.50 , 7.325 , 4.733 , 96.46 , 62.61
5331 , 26413 , 15.35 , -33.5 , 1 , 9.49 , 7.239 , 4.717 , 96.93 , 62.13
5341 , 26468 , 15.23 , -33.3 , 1 , 9.47 , 7.241 , 4.755 , 97.39 , 61.68
5351 , 26524 , 15.11 , -33.2 , 1 , 9.44 , 7.170 , 4.746 , 97.83 , 61.23
5361 , 26582 , 14.98 , -32.6 , 1 , 9.42 , 7.155 , 4.775 , 98.30 , 60.76
5371 , 26636 , 14.87 , -32.4 , 1 , 9.41 , 7.249 , 4.875 , 98.74 , 60.33
5381 , 26691 , 14.75 , -31.9 , 1 , 9.39 , 7.216 , 4.891 , 99.18 , 59.88
5390 , 26744 , 14.64 , -32.0 , 1 , 9.38 , 7.225 , 4.934 , 99.61 , 59.46
5400 , 26799 , 14.53 , -32.3 , 1 , 9.36 , 7.178 , 4.940 , 100.05 , 59.01
5410 , 26854 , 14.42 , -32.1 , 1 , 9.34 , 7.109 , 4.932 , 100.50 , 58.57
5420 , 26911 , 14.30 , -31.8 , 1 , 9.33 , 7.171 , 5.015 , 100.95 , 58.11
5430 , 26965 , 14.19 , -31.6 , 1 , 9.32 , 7.140 , 5.031 , 101.38 , 57.68
5440 , 27019 , 14.08 , -31.6 , 1 , 9.30 , 7.106 , 5.045 , 101.81 , 57.25
5450 , 27076 , 13.97 , -31.3 , 1 , 9.29 , 7.110 , 5.089 , 102.26 , 56.80
5460 , 27131 , 13.86 , -30.5 , 1 , 9.27 , 7.139 , 5.150 , 102.70 , 56.36
5470 , 27188 , 13.75 , -30.3 , 1 , 9.26 , 7.263 , 5.282 , 103.15 , 55.91
5480 , 27240 , 13.65 , -30.4 , 1 , 9.25 , 7.226 , 5.293 , 103.57 , 55.49
5490 , 27296 , 13.54 , -30.2 , 1 , 9.23 , 7.190 , 5.308 , 104.02 , 55.04
5500 , 27349 , 13.44 , -30.0 , 1 , 9.22 , 7.238 , 5.384 , 104.45 , 54.62
5510 , 27403 , 13.34 , -30.1 , 1 , 9.21 , 7.284 , 5.459 , 104.88 , 54.19
5520 , 27454 , 13.25 , -30.0 , 1 , 9.20 , 7.223 , 5.452 , 105.28 , 53.78
5530 , 27510 , 13.14 , -29.9 , 1 , 9.18 , 7.182 , 5.464 , 105.73 , 53.33
5540 , 27565 , 13.04 , -28.5 , 1 , 9.17 , 7.226 , 5.540 , 106.17 , 52.89
5550 , 27620 , 12.94 , -28.4 , 1 , 9.16 , 7.406 , 5.722 , 106.61 , 52.45
5560 , 27676 , 12.84 , -27.8 , 1 , 9.15 , 7.419 , 5.777 , 107.07 , 51.99
5570 , 27733 , 12.74 , -27.6 , 1 , 9.14 , 7.251 , 5.691 , 107.54 , 51.53
5580 , 27786 , 12.65 , -27.8 , 1 , 9.13 , 7.261 , 5.741 , 107.95 , 51.11
5590 , 27836 , 12.56 , -27.9 , 1 , 9.12 , 7.190 , 5.725 , 108.35 , 50.71
5600 , 27884 , 12.48 , -27.6 , 1 , 9.12 , 7.133 , 5.718 , 108.73 , 50.33
5610 , 27935 , 12.39 , -27.0 , 1 , 9.11 , 7.034 , 5.678 , 109.13 , 49.94
5620 , 27985 , 12.30 , -26.4 , 1 , 9.10 , 6.892 , 5.602 , 109.51 , 49.55
5630 , 28035 , 12.22 , -25.6 , 1 , 9.09 , 6.715 , 5.496 , 109.87 , 49.19
5640 , 28090 , 12.13 , -25.3 , 1 , 9.09 , 6.681 , 5.510 , 110.28 , 48.79
5650 , 28141 , 12.04 , -25.4 , 1 , 9.08 , 6.705 , 5.569 , 110.65 , 48.41
5660 , 28192 , 11.96 , -25.6 , 1 , 9.08 , 6.616 , 5.534 , 111.02 , 48.04
5670 , 28241 , 11.88 , -25.7 , 1 , 9.07 , 6.544 , 5.510 , 111.37 , 47.69
5680 , 28293 , 11.79 , -26.0 , 1 , 9.06 , 6.566 , 5.569 , 111.74 , 47.32
5690 , 28339 , 11.72 , -26.0 , 1 , 9.06 , 6.451 , 5.506 , 112.07 , 46.99
5699 , 28388 , 11.64 , -25.7 , 1 , 9.05 , 6.420 , 5.517 , 112.41 , 46.65
5709 , 28431 , 11.57 , -25.6 , 1 , 9.04 , 6.346 , 5.486 , 112.71 , 46.35
5719 , 28481 , 11.49 , -25.5 , 1 , 9.04 , 6.280 , 5.466 , 113.05 , 46.01
5729 , 28529 , 11.41 , -25.6 , 1 , 9.03 , 6.219 , 5.449 , 113.38 , 45.68
5739 , 28584 , 11.33 , -25.7 , 1 , 9.02 , 6.237 , 5.507 , 113.75 , 45.31
5749 , 28632 , 11.25 , -25.9 , 1 , 9.02 , 6.180 , 5.493 , 114.08 , 44.99
5759 , 28683 , 11.17 , -25.8 , 1 , 9.01 , 6.152 , 5.507 , 114.42 , 44.64
5769 , 28734 , 11.09 , -25.7 , 1 , 9.01 , 6.093 , 5.492 , 114.76 , 44.30
5779 , 28787 , 11.01 , -25.5 , 1 , 9.00 , 6.040 , 5.485 , 115.11 , 43.95
5789 , 28838 , 10.94 , -25.3 , 1 , 9.00 , 5.968 , 5.457 , 115.44 , 43.62
5799 , 28889 , 10.86 , -25.3 , 1 , 8.99 , 5.847 , 5.385 , 115.77 , 43.29
5809 , 28941 , 10.78 , -25.6 , 1 , 8.99 , 5.770 , 5.352 , 116.10 , 42.96
5819 , 28993 , 10.70 , -26.0 , 1 , 8.99 , 5.724 , 5.347 , 116.43 , 42.64
5829 , 29045 , 10.63 , -26.4 , 1 , 8.98 , 5.657 , 5.323 , 116.75 , 42.31
5839 , 29096 , 10.55 , -26.7 , 1 , 8.98 , 5.605 , 5.311 , 117.07 , 42.00
5849 , 29151 , 10.47 , -26.9 , 1 , 8.98 , 5.519 , 5.270 , 117.40 , 41.66
5859 , 29204 , 10.40 , -26.9 , 1 , 8.98 , 5.482 , 5.273 , 117.72 , 41.35
5869 , 29257 , 10.32 , -26.9 , 1 , 8.97 , 5.421 , 5.253 , 118.03 , 41.03
5879 , 29308 , 10.25 , -27.1 , 1 , 8.97 , 5.367 , 5.237 , 118.34 , 40.73
5889 , 29363 , 10.17 , -27.2 , 1 , 8.98 , 5.298 , 5.210 , 118.65 , 40.41
5899 , 29419 , 10.09 , -27.1 , 1 , 8.98 , 5.242 , 5.195 , 118.98 , 40.08
5909 , 29472 , 10.02 , -27.2 , 1 , 8.98 , 5.171 , 5.163 , 119.28 , 39.78
5919 , 29526 , 9.94 , -27.3 , 1 , 8.98 , 5.109 , 5.139 , 119.59 , 39.48
5929 , 29581 , 9.87 , -27.5 , 1 , 8.99 , 5.025 , 5.093 , 119.89 , 39.17
5939 , 29635 , 9.79 , -27.3 , 1 , 8.99 , 4.975 , 5.080 , 120.19 , 38.88
5949 , 29687 , 9.72 , -26.6 , 1 , 9.00 , 4.905 , 5.045 , 120.47 , 38.59
5959 , 29744 , 9.65 , -26.6 , 1 , 9.00 , 4.817 , 4.994 , 120.77 , 38.29
5969 , 29796 , 9.58 , -26.5 , 1 , 9.00 , 4.737 , 4.947 , 121.04 , 38.02
5979 , 29852 , 9.50 , -26.5 , 1 , 9.00 , 4.689 , 4.934 , 121.33 , 37.73
5989 , 29907 , 9.43 , -26.6 , 1 , 9.01 , 4.599 , 4.877 , 121.61 , 37.45
5998 , 29960 , 9.36 , -26.8 , 1 , 9.01 , 4.542 , 4.852 , 121.88 , 37.19
6007 , 30012 , 9.29 , -27.0 , 1 , 9.02 , 4.542 , 4.887 , 122.13 , 36.93
6017 , 30062 , 9.23 , -27.1 , 1 , 9.02 , 4.614 , 4.999 , 122.38 , 36.68
6027 , 30122 , 9.15 , -27.3 , 1 , 9.02 , 4.661 , 5.092 , 122.69 , 36.37
6037 , 30179 , 9.08 , -27.3 , 1 , 9.03 , 4.595 , 5.060 , 122.98 , 36.08
6047 , 30235 , 9.01 , -27.0 , 1 , 9.03 , 4.534 , 5.032 , 123.26 , 35.80
6057 , 30291 , 8.94 , -27.0 , 1 , 9.03 , 4.474 , 5.004 , 123.54 , 35.53
6067 , 30344 , 8.88 , -26.8 , 1 , 9.04 , 4.458 , 5.023 , 123.79 , 35.27
6077 , 30397 , 8.81 , -26.7 , 1 , 9.04 , 4.416 , 5.012 , 124.05 , 35.01
6087 , 30453 , 8.74 , -26.6 , 1 , 9.04 , 4.364 , 4.993 , 124.32 , 34.74
6097 , 30509 , 8.67 , -26.7 , 1 , 9.04 , 4.289 , 4.945 , 124.59 , 34.48
6107 , 30559 , 8.61 , -26.6 , 1 , 9.04 , 4.266 , 4.952 , 124.82 , 34.24
6117 , 30611 , 8.55 , -26.4 , 1 , 9.04 , 4.265 , 4.986 , 125.06 , 34.00
6127 , 30664 , 8.49 , -26.0 , 1 , 9.04 , 4.280 , 5.041 , 125.31 , 33.75
6137 , 30710 , 8.44 , -25.7 , 1 , 9.03 , 4.317 , 5.118 , 125.53 , 33.54
6147 , 30759 , 8.38 , -25.6 , 1 , 9.03 , 4.260 , 5.084 , 125.75 , 33.31
6157 , 30806 , 8.33 , -24.4 , 1 , 9.02 , 4.180 , 5.020 , 125.97 , 33.10
6167 , 30851 , 8.27 , -23.8 , 1 , 9.02 , 4.167 , 5.036 , 126.17 , 32.89
