# ------------------------------------------------------------
#
# Flight name: V0410
# Station: Davis
# Launch Date: 14 April 2010
# Launch Time: 11:16:55
# 
# This file created: Fri Apr 23 16:35:48 2010
# 
# 
# ------------------------------------------------------------
# DATA COLUMNS
# Time (s)
# Height (m)
# Atmospheric Pressure (hPa)
# Atmospheric Temperature (°C)
# Relative Humidity (%)
# Box Temperature (°C)
# Ozone Partial Pressure (mPa)
# Ozone Mixing Ratio (ppmV)
# Accumulated Ozone to this Height (Dobson Units)
# Remaining Ozone above this Height (Dobson Units)
# 
# ------------------------------------------------------------
# 
# Integrated Ozone = 257.2 DU
# Extrapolated Ozone =  20.7 DU
# 
# Total Ozone = 277.9 DU
# 
# 
# ------------------------------------------------------------
0 , 18 , 999.23 , -18.3 , 81 , 34.23 , 2.238 , 0.022 , 0.00 , 277.92
10 , 62 , 993.31 , -17.6 , 83 , 34.15 , 2.290 , 0.023 , 0.11 , 277.82
20 , 115 , 986.31 , -17.9 , 83 , 34.11 , 2.309 , 0.023 , 0.23 , 277.69
30 , 164 , 979.84 , -18.2 , 82 , 34.08 , 2.315 , 0.024 , 0.35 , 277.57
39 , 212 , 973.54 , -18.2 , 73 , 34.01 , 2.304 , 0.024 , 0.47 , 277.45
48 , 259 , 967.41 , -17.6 , 55 , 33.87 , 2.304 , 0.024 , 0.59 , 277.34
58 , 308 , 961.08 , -17.6 , 49 , 33.85 , 2.296 , 0.024 , 0.71 , 277.22
68 , 353 , 955.34 , -17.9 , 49 , 33.73 , 2.271 , 0.024 , 0.81 , 277.11
78 , 399 , 949.51 , -18.3 , 50 , 33.52 , 2.268 , 0.024 , 0.92 , 277.00
88 , 447 , 943.40 , -18.5 , 49 , 33.37 , 2.259 , 0.024 , 1.04 , 276.89
98 , 494 , 937.49 , -17.8 , 42 , 33.27 , 2.256 , 0.024 , 1.15 , 276.77
108 , 541 , 931.66 , -17.1 , 37 , 33.19 , 2.254 , 0.024 , 1.26 , 276.66
118 , 591 , 925.39 , -16.5 , 37 , 33.16 , 2.165 , 0.023 , 1.38 , 276.55
128 , 642 , 919.17 , -16.4 , 45 , 33.09 , 2.113 , 0.023 , 1.49 , 276.43
138 , 691 , 913.20 , -15.9 , 37 , 33.00 , 2.149 , 0.024 , 1.60 , 276.32
148 , 740 , 907.30 , -15.5 , 25 , 32.89 , 2.195 , 0.024 , 1.71 , 276.21
158 , 788 , 901.56 , -15.2 , 16 , 32.80 , 2.203 , 0.024 , 1.82 , 276.10
168 , 836 , 895.88 , -15.0 , 11 , 32.72 , 2.197 , 0.025 , 1.93 , 275.99
178 , 883 , 890.30 , -14.3 , 7 , 32.72 , 2.159 , 0.024 , 2.04 , 275.88
188 , 934 , 884.37 , -13.8 , 5 , 32.64 , 2.133 , 0.024 , 2.15 , 275.77
198 , 982 , 878.72 , -13.9 , 6 , 32.55 , 2.108 , 0.024 , 2.26 , 275.66
208 , 1030 , 873.19 , -13.7 , 9 , 32.51 , 2.097 , 0.024 , 2.37 , 275.56
218 , 1077 , 867.79 , -13.9 , 11 , 32.45 , 2.083 , 0.024 , 2.47 , 275.46
228 , 1131 , 861.67 , -14.1 , 12 , 32.39 , 2.089 , 0.024 , 2.59 , 275.34
238 , 1181 , 856.00 , -14.3 , 14 , 32.45 , 2.062 , 0.024 , 2.69 , 275.23
248 , 1228 , 850.65 , -14.5 , 16 , 32.38 , 2.056 , 0.024 , 2.80 , 275.13
258 , 1274 , 845.51 , -14.7 , 20 , 32.29 , 2.071 , 0.024 , 2.89 , 275.03
268 , 1322 , 840.25 , -14.6 , 27 , 32.18 , 2.064 , 0.025 , 3.00 , 274.93
278 , 1370 , 834.87 , -14.8 , 39 , 32.12 , 2.053 , 0.025 , 3.10 , 274.82
288 , 1419 , 829.55 , -15.1 , 44 , 32.08 , 2.051 , 0.025 , 3.20 , 274.72
298 , 1471 , 823.81 , -15.5 , 48 , 31.98 , 2.030 , 0.025 , 3.32 , 274.61
308 , 1515 , 819.00 , -15.5 , 54 , 31.98 , 2.007 , 0.025 , 3.41 , 274.52
318 , 1555 , 814.72 , -15.6 , 56 , 31.98 , 1.990 , 0.024 , 3.49 , 274.43
328 , 1595 , 810.40 , -15.7 , 61 , 31.96 , 1.966 , 0.024 , 3.57 , 274.35
338 , 1639 , 805.67 , -15.6 , 68 , 31.89 , 1.943 , 0.024 , 3.66 , 274.26
348 , 1684 , 800.86 , -15.6 , 71 , 31.80 , 1.921 , 0.024 , 3.76 , 274.17
357 , 1728 , 796.21 , -15.6 , 73 , 31.74 , 1.903 , 0.024 , 3.84 , 274.08
367 , 1774 , 791.40 , -15.5 , 72 , 31.68 , 1.886 , 0.024 , 3.93 , 273.99
377 , 1817 , 786.85 , -15.4 , 72 , 31.67 , 1.869 , 0.024 , 4.02 , 273.90
387 , 1864 , 782.01 , -15.6 , 71 , 31.64 , 1.850 , 0.024 , 4.11 , 273.81
397 , 1909 , 777.30 , -15.7 , 70 , 31.63 , 1.825 , 0.023 , 4.20 , 273.73
407 , 1955 , 772.66 , -15.8 , 68 , 31.60 , 1.815 , 0.023 , 4.28 , 273.64
417 , 2000 , 767.98 , -16.1 , 68 , 31.55 , 1.809 , 0.024 , 4.37 , 273.55
427 , 2046 , 763.28 , -16.5 , 68 , 31.52 , 1.801 , 0.024 , 4.46 , 273.47
437 , 2094 , 758.46 , -16.8 , 69 , 31.47 , 1.782 , 0.023 , 4.55 , 273.38
447 , 2141 , 753.69 , -17.1 , 69 , 31.44 , 1.767 , 0.023 , 4.64 , 273.29
457 , 2187 , 749.15 , -17.5 , 68 , 31.41 , 1.768 , 0.024 , 4.72 , 273.20
467 , 2234 , 744.47 , -17.8 , 67 , 31.37 , 1.751 , 0.024 , 4.81 , 273.12
477 , 2274 , 740.48 , -18.0 , 66 , 31.37 , 1.746 , 0.024 , 4.88 , 273.04
487 , 2313 , 736.55 , -18.3 , 66 , 31.37 , 1.740 , 0.024 , 4.96 , 272.97
497 , 2355 , 732.46 , -18.6 , 66 , 31.36 , 1.744 , 0.024 , 5.03 , 272.89
507 , 2404 , 727.70 , -18.9 , 66 , 31.29 , 1.738 , 0.024 , 5.12 , 272.80
517 , 2464 , 721.83 , -19.4 , 66 , 31.18 , 1.749 , 0.024 , 5.23 , 272.69
527 , 2522 , 716.16 , -19.7 , 66 , 31.11 , 1.744 , 0.024 , 5.34 , 272.58
537 , 2573 , 711.24 , -20.1 , 67 , 31.11 , 1.731 , 0.024 , 5.44 , 272.49
547 , 2619 , 706.88 , -20.5 , 69 , 31.13 , 1.721 , 0.024 , 5.52 , 272.41
557 , 2667 , 702.26 , -20.9 , 70 , 31.11 , 1.715 , 0.024 , 5.61 , 272.32
567 , 2718 , 697.50 , -21.3 , 71 , 31.07 , 1.729 , 0.025 , 5.70 , 272.22
577 , 2771 , 692.51 , -21.7 , 73 , 31.06 , 1.716 , 0.025 , 5.80 , 272.13
587 , 2815 , 688.34 , -21.9 , 76 , 31.05 , 1.701 , 0.025 , 5.88 , 272.04
597 , 2857 , 684.47 , -22.1 , 77 , 31.02 , 1.716 , 0.025 , 5.96 , 271.97
607 , 2900 , 680.41 , -22.4 , 77 , 30.99 , 1.751 , 0.026 , 6.04 , 271.89
617 , 2947 , 676.13 , -22.6 , 78 , 30.89 , 1.791 , 0.026 , 6.13 , 271.80
627 , 2995 , 671.67 , -22.7 , 78 , 30.80 , 1.844 , 0.027 , 6.22 , 271.70
637 , 3040 , 667.60 , -22.9 , 77 , 30.78 , 1.861 , 0.028 , 6.31 , 271.62
647 , 3082 , 663.78 , -23.1 , 76 , 30.80 , 1.890 , 0.028 , 6.39 , 271.53
657 , 3141 , 658.40 , -23.4 , 72 , 30.67 , 1.877 , 0.029 , 6.52 , 271.41
666 , 3188 , 654.22 , -23.7 , 72 , 30.63 , 1.867 , 0.029 , 6.61 , 271.32
676 , 3232 , 650.28 , -24.0 , 72 , 30.63 , 1.866 , 0.029 , 6.70 , 271.23
686 , 3277 , 646.24 , -24.3 , 71 , 30.59 , 1.864 , 0.029 , 6.79 , 271.13
696 , 3323 , 642.22 , -24.6 , 71 , 30.56 , 1.864 , 0.029 , 6.88 , 271.04
706 , 3367 , 638.30 , -24.8 , 73 , 30.53 , 1.874 , 0.029 , 6.97 , 270.95
716 , 3410 , 634.57 , -25.1 , 73 , 30.51 , 1.881 , 0.030 , 7.06 , 270.87
726 , 3454 , 630.72 , -25.3 , 70 , 30.51 , 1.892 , 0.030 , 7.15 , 270.78
736 , 3500 , 626.78 , -25.6 , 68 , 30.49 , 1.884 , 0.030 , 7.24 , 270.68
746 , 3549 , 622.54 , -25.9 , 67 , 30.45 , 1.852 , 0.030 , 7.34 , 270.58
756 , 3597 , 618.40 , -26.2 , 67 , 30.42 , 1.837 , 0.030 , 7.44 , 270.48
766 , 3646 , 614.21 , -26.5 , 66 , 30.37 , 1.796 , 0.029 , 7.54 , 270.39
776 , 3691 , 610.41 , -26.8 , 65 , 30.38 , 1.752 , 0.029 , 7.62 , 270.30
786 , 3739 , 606.36 , -27.2 , 65 , 30.36 , 1.709 , 0.028 , 7.72 , 270.21
796 , 3782 , 602.75 , -27.6 , 67 , 30.33 , 1.669 , 0.028 , 7.80 , 270.13
806 , 3826 , 599.09 , -27.8 , 64 , 30.31 , 1.658 , 0.028 , 7.88 , 270.05
816 , 3867 , 595.65 , -28.1 , 61 , 30.25 , 1.657 , 0.028 , 7.95 , 269.97
826 , 3912 , 591.89 , -28.4 , 62 , 30.22 , 1.643 , 0.028 , 8.03 , 269.89
836 , 3958 , 588.13 , -28.8 , 63 , 30.18 , 1.655 , 0.028 , 8.12 , 269.81
846 , 4008 , 584.01 , -29.1 , 64 , 30.13 , 1.651 , 0.028 , 8.21 , 269.72
856 , 4049 , 580.68 , -29.4 , 62 , 30.13 , 1.661 , 0.029 , 8.28 , 269.64
866 , 4090 , 577.38 , -29.6 , 59 , 30.12 , 1.656 , 0.029 , 8.36 , 269.57
876 , 4131 , 574.04 , -29.9 , 59 , 30.10 , 1.674 , 0.029 , 8.43 , 269.49
886 , 4170 , 570.90 , -30.1 , 58 , 30.09 , 1.702 , 0.030 , 8.51 , 269.42
896 , 4210 , 567.70 , -30.4 , 57 , 30.05 , 1.745 , 0.031 , 8.58 , 269.34
906 , 4252 , 564.34 , -30.5 , 53 , 29.99 , 1.788 , 0.032 , 8.67 , 269.26
916 , 4294 , 561.00 , -30.8 , 54 , 29.95 , 1.794 , 0.032 , 8.75 , 269.18
926 , 4337 , 557.61 , -31.1 , 54 , 29.94 , 1.772 , 0.032 , 8.83 , 269.09
936 , 4381 , 554.21 , -31.3 , 54 , 29.88 , 1.727 , 0.031 , 8.92 , 269.01
946 , 4426 , 550.70 , -31.5 , 55 , 29.84 , 1.684 , 0.031 , 9.00 , 268.92
956 , 4472 , 547.09 , -31.6 , 53 , 29.79 , 1.624 , 0.030 , 9.09 , 268.83
965 , 4514 , 543.82 , -31.8 , 53 , 29.77 , 1.595 , 0.029 , 9.17 , 268.76
974 , 4566 , 539.86 , -32.1 , 53 , 29.73 , 1.549 , 0.029 , 9.26 , 268.67
984 , 4609 , 536.60 , -32.4 , 53 , 29.71 , 1.536 , 0.029 , 9.33 , 268.59
994 , 4654 , 533.15 , -32.5 , 53 , 29.68 , 1.521 , 0.029 , 9.41 , 268.52
1004 , 4695 , 530.05 , -32.6 , 49 , 29.73 , 1.498 , 0.028 , 9.48 , 268.45
1014 , 4738 , 526.82 , -33.0 , 51 , 29.75 , 1.465 , 0.028 , 9.55 , 268.38
1024 , 4783 , 523.49 , -33.2 , 51 , 29.70 , 1.432 , 0.027 , 9.62 , 268.30
1034 , 4826 , 520.32 , -33.5 , 51 , 29.66 , 1.436 , 0.028 , 9.69 , 268.23
1044 , 4870 , 517.06 , -33.9 , 54 , 29.61 , 1.426 , 0.028 , 9.76 , 268.16
1054 , 4912 , 513.94 , -34.3 , 55 , 29.55 , 1.439 , 0.028 , 9.83 , 268.09
1064 , 4957 , 510.64 , -34.6 , 56 , 29.49 , 1.446 , 0.028 , 9.90 , 268.02
1074 , 5003 , 507.26 , -34.9 , 58 , 29.45 , 1.436 , 0.028 , 9.98 , 267.95
1084 , 5045 , 504.27 , -35.2 , 58 , 29.43 , 1.435 , 0.028 , 10.05 , 267.88
1094 , 5088 , 501.17 , -35.4 , 58 , 29.39 , 1.431 , 0.029 , 10.12 , 267.81
1104 , 5133 , 497.88 , -35.7 , 57 , 29.35 , 1.421 , 0.029 , 10.19 , 267.73
1114 , 5181 , 494.46 , -35.8 , 56 , 29.30 , 1.428 , 0.029 , 10.27 , 267.66
1124 , 5227 , 491.22 , -36.1 , 55 , 29.25 , 1.440 , 0.029 , 10.34 , 267.58
1134 , 5274 , 487.93 , -36.4 , 57 , 29.20 , 1.459 , 0.030 , 10.42 , 267.51
1144 , 5317 , 484.89 , -36.6 , 57 , 29.19 , 1.434 , 0.030 , 10.49 , 267.43
1154 , 5359 , 481.91 , -36.9 , 57 , 29.17 , 1.394 , 0.029 , 10.56 , 267.37
1164 , 5410 , 478.42 , -37.3 , 58 , 29.14 , 1.376 , 0.029 , 10.64 , 267.29
1174 , 5456 , 475.25 , -37.6 , 59 , 29.07 , 1.367 , 0.029 , 10.71 , 267.21
1184 , 5512 , 471.38 , -38.0 , 60 , 29.05 , 1.346 , 0.029 , 10.80 , 267.13
1194 , 5561 , 468.04 , -38.2 , 59 , 29.00 , 1.328 , 0.028 , 10.87 , 267.05
1204 , 5607 , 464.94 , -38.4 , 57 , 28.98 , 1.305 , 0.028 , 10.94 , 266.98
1213 , 5655 , 461.67 , -38.7 , 59 , 28.95 , 1.313 , 0.028 , 11.01 , 266.91
1223 , 5706 , 458.23 , -39.1 , 61 , 28.92 , 1.292 , 0.028 , 11.09 , 266.83
1233 , 5750 , 455.32 , -39.4 , 63 , 28.90 , 1.279 , 0.028 , 11.16 , 266.77
1243 , 5791 , 452.61 , -39.7 , 64 , 28.89 , 1.274 , 0.028 , 11.22 , 266.71
1253 , 5837 , 449.58 , -40.0 , 63 , 28.85 , 1.278 , 0.028 , 11.28 , 266.64
1263 , 5881 , 446.68 , -40.4 , 61 , 28.81 , 1.284 , 0.029 , 11.35 , 266.58
1272 , 5923 , 443.91 , -40.7 , 59 , 28.76 , 1.286 , 0.029 , 11.41 , 266.51
1281 , 5965 , 441.21 , -40.9 , 59 , 28.73 , 1.269 , 0.029 , 11.47 , 266.45
1291 , 6009 , 438.35 , -41.1 , 60 , 28.75 , 1.293 , 0.029 , 11.54 , 266.38
1301 , 6063 , 434.89 , -41.4 , 60 , 28.74 , 1.310 , 0.030 , 11.62 , 266.30
1311 , 6106 , 432.12 , -41.4 , 62 , 28.68 , 1.326 , 0.031 , 11.69 , 266.24
1321 , 6149 , 429.37 , -41.6 , 61 , 28.62 , 1.354 , 0.032 , 11.76 , 266.17
1331 , 6205 , 425.87 , -41.9 , 62 , 28.56 , 1.386 , 0.033 , 11.84 , 266.08
1341 , 6253 , 422.83 , -42.1 , 63 , 28.54 , 1.375 , 0.033 , 11.92 , 266.00
1351 , 6302 , 419.77 , -42.5 , 63 , 28.49 , 1.351 , 0.032 , 12.00 , 265.92
1361 , 6345 , 417.10 , -42.8 , 62 , 28.45 , 1.361 , 0.033 , 12.07 , 265.86
1371 , 6392 , 414.22 , -43.1 , 63 , 28.42 , 1.376 , 0.033 , 12.14 , 265.78
1381 , 6440 , 411.27 , -43.5 , 64 , 28.38 , 1.379 , 0.034 , 12.22 , 265.70
1391 , 6483 , 408.65 , -43.9 , 65 , 28.35 , 1.353 , 0.033 , 12.29 , 265.63
1401 , 6530 , 405.81 , -44.3 , 65 , 28.33 , 1.331 , 0.033 , 12.36 , 265.56
1411 , 6576 , 403.02 , -44.6 , 65 , 28.25 , 1.322 , 0.033 , 12.44 , 265.49
1421 , 6628 , 399.92 , -45.0 , 65 , 28.18 , 1.309 , 0.033 , 12.52 , 265.41
1431 , 6675 , 397.07 , -45.5 , 65 , 28.13 , 1.280 , 0.032 , 12.59 , 265.34
1441 , 6715 , 394.72 , -45.8 , 64 , 28.20 , 1.245 , 0.032 , 12.65 , 265.28
1451 , 6751 , 392.56 , -46.0 , 61 , 28.20 , 1.218 , 0.031 , 12.70 , 265.22
1461 , 6793 , 390.13 , -46.0 , 57 , 28.16 , 1.223 , 0.031 , 12.76 , 265.16
1471 , 6842 , 387.21 , -46.3 , 54 , 28.09 , 1.188 , 0.031 , 12.83 , 265.09
1481 , 6889 , 384.52 , -46.8 , 54 , 28.05 , 1.149 , 0.030 , 12.90 , 265.03
1491 , 6933 , 381.96 , -47.2 , 54 , 28.01 , 1.127 , 0.030 , 12.96 , 264.97
1501 , 6979 , 379.33 , -47.5 , 54 , 27.96 , 1.129 , 0.030 , 13.02 , 264.91
1511 , 7030 , 376.36 , -47.8 , 53 , 27.88 , 1.101 , 0.029 , 13.09 , 264.84
1521 , 7076 , 373.76 , -48.1 , 52 , 27.83 , 1.049 , 0.028 , 13.15 , 264.78
1531 , 7117 , 371.46 , -48.4 , 51 , 27.82 , 1.051 , 0.028 , 13.20 , 264.73
1541 , 7173 , 368.29 , -48.7 , 49 , 27.76 , 1.034 , 0.028 , 13.27 , 264.66
1551 , 7222 , 365.54 , -49.0 , 48 , 27.71 , 1.022 , 0.028 , 13.33 , 264.60
1561 , 7262 , 363.35 , -49.3 , 48 , 27.69 , 1.040 , 0.029 , 13.38 , 264.55
1571 , 7311 , 360.63 , -49.7 , 48 , 27.64 , 1.058 , 0.029 , 13.44 , 264.48
1581 , 7361 , 357.90 , -50.1 , 47 , 27.57 , 1.034 , 0.029 , 13.50 , 264.42
1590 , 7408 , 355.34 , -50.4 , 46 , 27.52 , 1.044 , 0.029 , 13.56 , 264.36
1600 , 7459 , 352.52 , -50.9 , 45 , 27.47 , 1.046 , 0.030 , 13.63 , 264.30
1610 , 7513 , 349.65 , -51.3 , 45 , 27.42 , 1.021 , 0.029 , 13.69 , 264.23
1620 , 7560 , 347.10 , -51.8 , 45 , 27.40 , 1.001 , 0.029 , 13.75 , 264.17
1630 , 7609 , 344.50 , -52.0 , 45 , 27.33 , 0.996 , 0.029 , 13.81 , 264.11
1640 , 7656 , 341.99 , -52.3 , 44 , 27.30 , 1.008 , 0.029 , 13.87 , 264.06
1650 , 7702 , 339.56 , -52.7 , 43 , 27.25 , 1.020 , 0.030 , 13.93 , 264.00
1660 , 7753 , 336.86 , -53.1 , 42 , 27.20 , 1.027 , 0.030 , 13.99 , 263.93
1670 , 7806 , 334.12 , -53.5 , 42 , 27.14 , 1.023 , 0.031 , 14.06 , 263.87
1680 , 7856 , 331.54 , -53.9 , 42 , 27.06 , 1.013 , 0.031 , 14.12 , 263.81
1690 , 7894 , 329.58 , -54.2 , 44 , 26.99 , 1.014 , 0.031 , 14.17 , 263.76
1700 , 7935 , 327.48 , -54.5 , 45 , 26.95 , 1.039 , 0.032 , 14.22 , 263.71
1710 , 7987 , 324.84 , -54.8 , 46 , 26.90 , 1.069 , 0.033 , 14.29 , 263.64
1720 , 8043 , 321.98 , -55.1 , 44 , 26.85 , 1.063 , 0.033 , 14.36 , 263.56
1730 , 8095 , 319.35 , -55.4 , 43 , 26.80 , 1.046 , 0.033 , 14.43 , 263.50
1740 , 8150 , 316.65 , -55.8 , 42 , 26.76 , 1.046 , 0.033 , 14.50 , 263.43
1750 , 8200 , 314.16 , -56.1 , 41 , 26.73 , 1.027 , 0.033 , 14.56 , 263.36
1760 , 8248 , 311.79 , -56.4 , 41 , 26.67 , 1.026 , 0.033 , 14.62 , 263.30
1770 , 8309 , 308.81 , -56.8 , 40 , 26.63 , 1.034 , 0.033 , 14.70 , 263.22
1780 , 8365 , 306.05 , -57.3 , 39 , 26.59 , 1.019 , 0.033 , 14.78 , 263.15
1790 , 8423 , 303.29 , -57.6 , 38 , 26.54 , 1.009 , 0.033 , 14.85 , 263.08
1800 , 8483 , 300.41 , -57.9 , 36 , 26.48 , 1.000 , 0.033 , 14.92 , 263.00
1810 , 8542 , 297.61 , -58.2 , 34 , 26.42 , 0.981 , 0.033 , 15.00 , 262.93
1820 , 8599 , 294.92 , -58.7 , 33 , 26.37 , 0.968 , 0.033 , 15.07 , 262.86
1830 , 8664 , 291.85 , -59.3 , 33 , 26.31 , 0.961 , 0.033 , 15.15 , 262.78
1840 , 8727 , 288.93 , -59.9 , 34 , 26.24 , 0.928 , 0.032 , 15.22 , 262.70
1850 , 8784 , 286.32 , -60.4 , 36 , 26.19 , 0.912 , 0.032 , 15.29 , 262.64
1860 , 8834 , 284.03 , -60.9 , 37 , 26.13 , 0.904 , 0.032 , 15.34 , 262.58
1870 , 8884 , 281.74 , -61.4 , 39 , 26.05 , 0.892 , 0.032 , 15.40 , 262.52
1880 , 8927 , 279.80 , -61.8 , 41 , 25.99 , 0.885 , 0.032 , 15.45 , 262.47
1890 , 8973 , 277.71 , -62.2 , 42 , 25.93 , 0.902 , 0.032 , 15.50 , 262.42
1899 , 9026 , 275.33 , -62.5 , 44 , 25.88 , 0.929 , 0.034 , 15.57 , 262.36
1909 , 9083 , 272.79 , -63.0 , 45 , 25.83 , 0.913 , 0.033 , 15.63 , 262.29
1919 , 9142 , 270.21 , -63.5 , 47 , 25.79 , 0.893 , 0.033 , 15.70 , 262.22
1929 , 9197 , 267.79 , -63.8 , 48 , 25.73 , 0.866 , 0.032 , 15.76 , 262.16
1939 , 9248 , 265.54 , -64.3 , 50 , 25.65 , 0.866 , 0.033 , 15.82 , 262.10
1949 , 9291 , 263.70 , -64.6 , 52 , 25.57 , 0.835 , 0.032 , 15.87 , 262.06
1959 , 9331 , 261.99 , -64.7 , 53 , 25.52 , 0.831 , 0.032 , 15.91 , 262.01
1969 , 9370 , 260.30 , -64.9 , 53 , 25.47 , 0.815 , 0.031 , 15.95 , 261.97
1979 , 9410 , 258.59 , -65.1 , 52 , 25.42 , 0.814 , 0.031 , 15.99 , 261.93
1989 , 9449 , 256.97 , -65.1 , 51 , 25.34 , 0.870 , 0.034 , 16.04 , 261.89
1999 , 9488 , 255.30 , -65.4 , 50 , 25.27 , 0.919 , 0.036 , 16.08 , 261.84
2009 , 9528 , 253.65 , -65.3 , 50 , 25.20 , 0.975 , 0.038 , 16.13 , 261.79
2019 , 9565 , 252.12 , -65.4 , 49 , 25.12 , 1.061 , 0.042 , 16.18 , 261.75
2029 , 9602 , 250.58 , -65.6 , 49 , 25.05 , 1.113 , 0.044 , 16.23 , 261.69
2039 , 9640 , 249.02 , -65.8 , 49 , 25.01 , 1.142 , 0.046 , 16.29 , 261.64
2049 , 9679 , 247.42 , -65.9 , 49 , 24.96 , 1.182 , 0.048 , 16.35 , 261.58
2059 , 9717 , 245.88 , -66.2 , 49 , 24.88 , 1.223 , 0.050 , 16.41 , 261.52
2069 , 9753 , 244.40 , -66.5 , 49 , 24.82 , 1.272 , 0.052 , 16.47 , 261.46
2079 , 9791 , 242.88 , -66.7 , 49 , 24.79 , 1.338 , 0.055 , 16.53 , 261.40
2089 , 9829 , 241.34 , -66.9 , 49 , 24.73 , 1.444 , 0.060 , 16.60 , 261.33
2099 , 9873 , 239.59 , -66.4 , 49 , 24.64 , 1.617 , 0.068 , 16.69 , 261.24
2109 , 9914 , 237.99 , -66.1 , 49 , 24.55 , 1.851 , 0.078 , 16.78 , 261.15
2119 , 9953 , 236.46 , -65.9 , 51 , 24.47 , 2.044 , 0.086 , 16.88 , 261.05
2129 , 9993 , 234.91 , -65.1 , 51 , 24.39 , 2.292 , 0.098 , 16.99 , 260.93
2139 , 10032 , 233.40 , -64.8 , 52 , 24.32 , 2.534 , 0.109 , 17.11 , 260.81
2149 , 10071 , 231.93 , -64.9 , 53 , 24.25 , 2.712 , 0.117 , 17.24 , 260.68
2159 , 10110 , 230.46 , -64.5 , 52 , 24.18 , 2.858 , 0.124 , 17.38 , 260.54
2169 , 10150 , 228.94 , -63.3 , 49 , 24.12 , 3.083 , 0.135 , 17.54 , 260.39
2179 , 10190 , 227.46 , -62.9 , 45 , 24.05 , 3.157 , 0.139 , 17.70 , 260.23
2189 , 10231 , 225.95 , -63.1 , 42 , 23.99 , 3.219 , 0.142 , 17.87 , 260.06
2198 , 10269 , 224.54 , -63.3 , 39 , 23.93 , 3.314 , 0.148 , 18.03 , 259.90
2208 , 10308 , 223.15 , -63.4 , 36 , 23.87 , 3.431 , 0.154 , 18.19 , 259.73
2218 , 10352 , 221.55 , -63.6 , 33 , 23.80 , 3.554 , 0.160 , 18.39 , 259.53
2228 , 10394 , 220.04 , -63.6 , 31 , 23.74 , 3.599 , 0.164 , 18.58 , 259.34
2238 , 10436 , 218.52 , -63.7 , 30 , 23.68 , 3.593 , 0.164 , 18.78 , 259.14
2248 , 10474 , 217.17 , -63.8 , 28 , 23.61 , 3.660 , 0.169 , 18.96 , 258.97
2258 , 10513 , 215.81 , -63.6 , 26 , 23.55 , 3.759 , 0.174 , 19.14 , 258.78
2268 , 10550 , 214.49 , -63.0 , 23 , 23.49 , 3.854 , 0.180 , 19.33 , 258.60
2278 , 10586 , 213.25 , -61.9 , 20 , 23.43 , 4.007 , 0.188 , 19.51 , 258.42
2288 , 10625 , 211.91 , -60.8 , 17 , 23.36 , 4.090 , 0.193 , 19.71 , 258.22
2298 , 10662 , 210.66 , -59.9 , 15 , 23.30 , 4.104 , 0.195 , 19.90 , 258.03
2308 , 10699 , 209.43 , -60.0 , 12 , 23.24 , 4.201 , 0.201 , 20.09 , 257.83
2318 , 10735 , 208.21 , -59.7 , 10 , 23.18 , 4.217 , 0.203 , 20.28 , 257.64
2328 , 10771 , 207.00 , -59.3 , 9 , 23.12 , 4.210 , 0.203 , 20.48 , 257.45
2338 , 10811 , 205.70 , -59.3 , 8 , 23.06 , 4.168 , 0.203 , 20.69 , 257.24
2348 , 10850 , 204.41 , -59.4 , 7 , 22.99 , 4.137 , 0.202 , 20.89 , 257.03
2358 , 10886 , 203.25 , -59.1 , 6 , 22.93 , 4.183 , 0.206 , 21.08 , 256.84
2368 , 10921 , 202.12 , -58.7 , 5 , 22.87 , 4.282 , 0.212 , 21.27 , 256.66
2378 , 10959 , 200.90 , -58.5 , 5 , 22.81 , 4.312 , 0.215 , 21.47 , 256.45
2388 , 11000 , 199.61 , -58.4 , 4 , 22.75 , 4.301 , 0.215 , 21.69 , 256.23
2398 , 11038 , 198.39 , -58.5 , 4 , 22.69 , 4.275 , 0.215 , 21.90 , 256.03
2408 , 11075 , 197.24 , -58.2 , 4 , 22.64 , 4.231 , 0.215 , 22.09 , 255.83
2418 , 11112 , 196.08 , -57.8 , 3 , 22.57 , 4.284 , 0.218 , 22.29 , 255.63
2428 , 11148 , 194.95 , -57.5 , 3 , 22.51 , 4.304 , 0.221 , 22.49 , 255.44
2438 , 11185 , 193.82 , -57.0 , 3 , 22.46 , 4.320 , 0.223 , 22.69 , 255.24
2448 , 11224 , 192.63 , -56.9 , 3 , 22.40 , 4.352 , 0.226 , 22.90 , 255.03
2458 , 11263 , 191.46 , -57.1 , 2 , 22.34 , 4.207 , 0.220 , 23.10 , 254.82
2468 , 11300 , 190.31 , -57.0 , 2 , 22.28 , 3.875 , 0.204 , 23.29 , 254.63
2478 , 11339 , 189.15 , -56.9 , 2 , 22.23 , 3.615 , 0.191 , 23.47 , 254.45
2488 , 11380 , 187.94 , -56.8 , 2 , 22.17 , 3.467 , 0.184 , 23.65 , 254.27
2498 , 11421 , 186.72 , -56.7 , 2 , 22.12 , 3.382 , 0.181 , 23.83 , 254.09
2508 , 11462 , 185.53 , -56.4 , 2 , 22.06 , 3.412 , 0.184 , 24.00 , 253.92
2518 , 11501 , 184.37 , -56.2 , 2 , 22.00 , 3.635 , 0.197 , 24.18 , 253.75
2527 , 11539 , 183.27 , -56.0 , 2 , 21.95 , 3.898 , 0.213 , 24.35 , 253.57
2537 , 11577 , 182.20 , -56.2 , 2 , 21.90 , 4.066 , 0.223 , 24.54 , 253.39
2547 , 11615 , 181.10 , -56.3 , 2 , 21.85 , 4.209 , 0.232 , 24.74 , 253.19
2557 , 11653 , 180.01 , -56.6 , 2 , 21.79 , 4.302 , 0.239 , 24.94 , 252.99
2567 , 11692 , 178.90 , -56.8 , 2 , 21.74 , 4.349 , 0.243 , 25.15 , 252.78
2577 , 11731 , 177.81 , -56.7 , 2 , 21.69 , 4.380 , 0.246 , 25.36 , 252.56
2587 , 11770 , 176.74 , -56.5 , 1 , 21.64 , 4.427 , 0.250 , 25.57 , 252.36
2597 , 11810 , 175.62 , -56.2 , 1 , 21.58 , 4.443 , 0.253 , 25.79 , 252.13
2607 , 11850 , 174.52 , -56.5 , 1 , 21.53 , 4.329 , 0.248 , 26.01 , 251.92
2617 , 11887 , 173.49 , -56.6 , 1 , 21.49 , 4.096 , 0.236 , 26.21 , 251.72
2627 , 11924 , 172.50 , -56.8 , 1 , 21.43 , 3.943 , 0.229 , 26.39 , 251.54
2637 , 11961 , 171.50 , -56.5 , 1 , 21.38 , 3.757 , 0.219 , 26.57 , 251.36
2647 , 11997 , 170.51 , -56.3 , 1 , 21.34 , 3.519 , 0.206 , 26.73 , 251.19
2657 , 12034 , 169.52 , -56.4 , 1 , 21.29 , 3.345 , 0.197 , 26.89 , 251.04
2667 , 12073 , 168.48 , -56.3 , 1 , 21.24 , 3.394 , 0.201 , 27.05 , 250.87
2677 , 12115 , 167.38 , -56.3 , 1 , 21.19 , 3.756 , 0.224 , 27.24 , 250.69
2687 , 12159 , 166.22 , -56.5 , 1 , 21.14 , 4.279 , 0.257 , 27.46 , 250.47
2697 , 12200 , 165.15 , -56.9 , 1 , 21.09 , 4.707 , 0.285 , 27.69 , 250.24
2707 , 12240 , 164.09 , -57.1 , 1 , 21.05 , 4.935 , 0.301 , 27.93 , 249.99
2717 , 12281 , 163.05 , -56.9 , 1 , 21.00 , 5.058 , 0.310 , 28.18 , 249.74
2727 , 12321 , 162.02 , -56.6 , 1 , 20.95 , 4.854 , 0.300 , 28.43 , 249.49
2737 , 12364 , 160.93 , -56.5 , 1 , 20.91 , 4.563 , 0.284 , 28.68 , 249.24
2747 , 12406 , 159.85 , -56.6 , 1 , 20.86 , 4.292 , 0.268 , 28.92 , 249.01
2757 , 12451 , 158.74 , -56.6 , 1 , 20.82 , 4.170 , 0.263 , 29.15 , 248.77
2767 , 12492 , 157.70 , -56.4 , 1 , 20.77 , 4.160 , 0.264 , 29.37 , 248.56
2777 , 12532 , 156.70 , -56.0 , 1 , 20.72 , 3.978 , 0.254 , 29.57 , 248.36
2787 , 12574 , 155.69 , -55.8 , 1 , 20.68 , 3.779 , 0.243 , 29.77 , 248.16
2797 , 12614 , 154.70 , -55.8 , 1 , 20.63 , 3.546 , 0.229 , 29.95 , 247.97
2807 , 12655 , 153.72 , -56.0 , 1 , 20.59 , 3.319 , 0.216 , 30.12 , 247.80
2817 , 12696 , 152.73 , -55.9 , 1 , 20.55 , 3.201 , 0.210 , 30.29 , 247.63
2826 , 12734 , 151.82 , -55.9 , 1 , 20.50 , 3.154 , 0.208 , 30.44 , 247.48
2836 , 12773 , 150.89 , -55.9 , 1 , 20.46 , 3.121 , 0.207 , 30.59 , 247.33
2846 , 12814 , 149.91 , -55.6 , 1 , 20.42 , 3.109 , 0.207 , 30.75 , 247.17
2856 , 12853 , 149.00 , -55.4 , 1 , 20.37 , 3.272 , 0.220 , 30.91 , 247.02
2866 , 12891 , 148.11 , -55.4 , 1 , 20.33 , 3.718 , 0.251 , 31.07 , 246.85
2876 , 12931 , 147.20 , -55.4 , 1 , 20.29 , 4.213 , 0.286 , 31.26 , 246.66
2886 , 12969 , 146.32 , -55.3 , 1 , 20.25 , 4.530 , 0.310 , 31.47 , 246.45
2896 , 13005 , 145.48 , -55.3 , 1 , 20.20 , 4.733 , 0.325 , 31.68 , 246.24
2906 , 13042 , 144.66 , -55.2 , 1 , 20.16 , 4.944 , 0.342 , 31.90 , 246.03
2916 , 13078 , 143.85 , -55.2 , 1 , 20.12 , 5.156 , 0.358 , 32.12 , 245.80
2926 , 13113 , 143.06 , -55.5 , 1 , 20.08 , 5.283 , 0.369 , 32.35 , 245.58
2936 , 13149 , 142.24 , -55.8 , 1 , 20.03 , 5.278 , 0.371 , 32.59 , 245.34
2946 , 13187 , 141.40 , -55.9 , 1 , 20.00 , 5.253 , 0.371 , 32.83 , 245.09
2956 , 13223 , 140.60 , -55.9 , 1 , 19.96 , 5.214 , 0.371 , 33.07 , 244.86
2966 , 13259 , 139.80 , -56.0 , 1 , 19.92 , 5.148 , 0.368 , 33.30 , 244.63
2976 , 13296 , 138.99 , -55.7 , 1 , 19.88 , 5.118 , 0.368 , 33.54 , 244.39
2986 , 13334 , 138.16 , -55.7 , 1 , 19.84 , 5.366 , 0.388 , 33.78 , 244.14
2996 , 13371 , 137.37 , -55.9 , 1 , 19.80 , 5.867 , 0.427 , 34.04 , 243.89
3006 , 13408 , 136.57 , -56.0 , 1 , 19.76 , 6.524 , 0.478 , 34.32 , 243.60
3016 , 13445 , 135.77 , -56.2 , 1 , 19.73 , 7.084 , 0.522 , 34.64 , 243.29
3026 , 13484 , 134.93 , -56.0 , 1 , 19.69 , 7.399 , 0.548 , 34.99 , 242.93
3036 , 13524 , 134.10 , -55.9 , 1 , 19.65 , 7.407 , 0.552 , 35.35 , 242.57
3046 , 13563 , 133.27 , -55.8 , 1 , 19.61 , 7.338 , 0.551 , 35.72 , 242.21
3056 , 13603 , 132.44 , -55.9 , 1 , 19.57 , 7.167 , 0.541 , 36.07 , 241.85
3066 , 13643 , 131.61 , -56.2 , 1 , 19.54 , 7.110 , 0.540 , 36.43 , 241.50
3076 , 13683 , 130.78 , -56.4 , 1 , 19.50 , 7.098 , 0.543 , 36.78 , 241.14
3086 , 13725 , 129.92 , -56.5 , 1 , 19.46 , 7.212 , 0.555 , 37.15 , 240.77
3096 , 13767 , 129.06 , -56.3 , 1 , 19.42 , 7.329 , 0.568 , 37.54 , 240.39
3106 , 13810 , 128.20 , -56.4 , 1 , 19.38 , 7.446 , 0.581 , 37.93 , 240.00
3116 , 13851 , 127.37 , -56.4 , 1 , 19.34 , 7.518 , 0.590 , 38.31 , 239.61
3126 , 13891 , 126.57 , -56.4 , 1 , 19.31 , 7.713 , 0.609 , 38.69 , 239.24
3136 , 13928 , 125.82 , -56.4 , 1 , 19.27 , 8.001 , 0.636 , 39.06 , 238.87
3145 , 13966 , 125.07 , -56.5 , 1 , 19.23 , 8.255 , 0.660 , 39.44 , 238.49
3155 , 14006 , 124.30 , -56.3 , 1 , 19.19 , 8.388 , 0.675 , 39.85 , 238.08
3165 , 14046 , 123.51 , -56.3 , 1 , 19.15 , 8.516 , 0.689 , 40.27 , 237.66
3175 , 14084 , 122.78 , -56.3 , 1 , 19.11 , 8.725 , 0.711 , 40.67 , 237.25
3185 , 14120 , 122.08 , -56.2 , 1 , 19.07 , 8.905 , 0.729 , 41.07 , 236.85
3195 , 14157 , 121.38 , -56.1 , 1 , 19.03 , 9.086 , 0.749 , 41.48 , 236.45
3205 , 14196 , 120.64 , -55.9 , 1 , 18.99 , 9.333 , 0.774 , 41.93 , 236.00
3215 , 14234 , 119.91 , -56.1 , 1 , 18.95 , 9.549 , 0.796 , 42.38 , 235.55
3225 , 14272 , 119.19 , -55.8 , 1 , 18.91 , 9.753 , 0.818 , 42.84 , 235.09
3235 , 14310 , 118.49 , -55.8 , 1 , 18.87 , 10.029 , 0.846 , 43.30 , 234.63
3245 , 14347 , 117.79 , -55.9 , 1 , 18.83 , 10.050 , 0.853 , 43.76 , 234.16
3255 , 14386 , 117.09 , -55.8 , 1 , 18.79 , 9.929 , 0.848 , 44.24 , 233.69
3265 , 14424 , 116.39 , -55.9 , 1 , 18.75 , 9.857 , 0.847 , 44.70 , 233.22
3275 , 14463 , 115.67 , -55.8 , 1 , 18.71 , 9.953 , 0.860 , 45.19 , 232.74
3285 , 14501 , 114.97 , -55.8 , 1 , 18.67 , 10.189 , 0.886 , 45.67 , 232.26
3295 , 14541 , 114.25 , -55.7 , 1 , 18.62 , 10.521 , 0.921 , 46.18 , 231.74
3305 , 14581 , 113.54 , -55.7 , 1 , 18.59 , 10.786 , 0.950 , 46.71 , 231.21
3315 , 14621 , 112.84 , -55.5 , 1 , 18.54 , 11.039 , 0.978 , 47.24 , 230.68
3325 , 14660 , 112.14 , -55.4 , 1 , 18.50 , 11.191 , 0.998 , 47.79 , 230.14
3335 , 14702 , 111.41 , -55.1 , 1 , 18.46 , 11.487 , 1.031 , 48.37 , 229.55
3345 , 14743 , 110.69 , -55.0 , 1 , 18.42 , 11.555 , 1.044 , 48.96 , 228.97
3355 , 14783 , 110.00 , -55.1 , 1 , 18.38 , 11.825 , 1.075 , 49.54 , 228.39
3365 , 14823 , 109.31 , -55.1 , 1 , 18.33 , 12.081 , 1.105 , 50.13 , 227.80
3375 , 14865 , 108.61 , -55.4 , 1 , 18.29 , 12.528 , 1.154 , 50.76 , 227.17
3385 , 14906 , 107.90 , -55.6 , 1 , 18.25 , 12.656 , 1.173 , 51.41 , 226.52
3395 , 14947 , 107.21 , -55.5 , 1 , 18.21 , 12.660 , 1.181 , 52.04 , 225.88
3405 , 14989 , 106.51 , -55.6 , 1 , 18.17 , 12.699 , 1.192 , 52.70 , 225.23
3415 , 15031 , 105.81 , -55.5 , 1 , 18.13 , 12.433 , 1.175 , 53.35 , 224.57
3425 , 15074 , 105.10 , -55.6 , 1 , 18.09 , 12.548 , 1.194 , 54.02 , 223.91
3435 , 15116 , 104.41 , -55.8 , 1 , 18.05 , 12.648 , 1.211 , 54.68 , 223.25
3444 , 15156 , 103.75 , -55.9 , 1 , 18.02 , 12.761 , 1.230 , 55.31 , 222.62
3454 , 15195 , 103.11 , -56.1 , 1 , 17.98 , 12.854 , 1.247 , 55.94 , 221.99
3464 , 15236 , 102.45 , -55.9 , 1 , 17.94 , 12.912 , 1.260 , 56.59 , 221.34
3474 , 15279 , 101.75 , -56.0 , 1 , 17.90 , 12.990 , 1.277 , 57.29 , 220.64
3484 , 15323 , 101.06 , -56.1 , 1 , 17.86 , 12.977 , 1.284 , 57.99 , 219.93
3494 , 15367 , 100.37 , -56.3 , 1 , 17.83 , 13.011 , 1.296 , 58.69 , 219.23
3504 , 15409 , 99.70 , -56.3 , 1 , 17.79 , 12.968 , 1.301 , 59.38 , 218.55
3514 , 15451 , 99.04 , -56.4 , 1 , 17.75 , 13.019 , 1.315 , 60.06 , 217.86
3524 , 15494 , 98.38 , -56.5 , 1 , 17.71 , 12.989 , 1.320 , 60.75 , 217.18
3534 , 15536 , 97.72 , -56.6 , 1 , 17.67 , 12.913 , 1.321 , 61.43 , 216.50
3544 , 15579 , 97.06 , -56.5 , 1 , 17.63 , 12.890 , 1.328 , 62.12 , 215.81
3554 , 15622 , 96.41 , -56.6 , 1 , 17.60 , 12.838 , 1.332 , 62.81 , 215.12
3564 , 15665 , 95.75 , -56.6 , 1 , 17.56 , 12.711 , 1.327 , 63.49 , 214.43
3574 , 15706 , 95.13 , -56.6 , 1 , 17.52 , 12.708 , 1.336 , 64.15 , 213.78
3584 , 15748 , 94.51 , -56.7 , 1 , 17.48 , 12.677 , 1.341 , 64.80 , 213.12
3594 , 15790 , 93.88 , -56.8 , 1 , 17.44 , 12.584 , 1.340 , 65.47 , 212.45
3604 , 15832 , 93.26 , -56.9 , 1 , 17.41 , 12.430 , 1.333 , 66.13 , 211.80
3614 , 15876 , 92.62 , -56.9 , 1 , 17.37 , 12.317 , 1.330 , 66.80 , 211.13
3624 , 15920 , 91.97 , -57.0 , 1 , 17.33 , 12.159 , 1.322 , 67.48 , 210.45
3634 , 15963 , 91.35 , -56.9 , 1 , 17.29 , 11.963 , 1.310 , 68.12 , 209.81
3644 , 16006 , 90.73 , -56.7 , 1 , 17.25 , 11.801 , 1.301 , 68.75 , 209.17
3654 , 16048 , 90.14 , -56.7 , 1 , 17.22 , 11.635 , 1.291 , 69.36 , 208.56
3664 , 16091 , 89.53 , -56.8 , 1 , 17.18 , 11.480 , 1.282 , 69.98 , 207.94
3674 , 16133 , 88.93 , -57.0 , 1 , 17.14 , 11.575 , 1.301 , 70.59 , 207.33
3684 , 16176 , 88.33 , -57.2 , 1 , 17.11 , 11.482 , 1.300 , 71.21 , 206.72
3694 , 16217 , 87.75 , -57.4 , 1 , 17.07 , 11.432 , 1.303 , 71.80 , 206.12
3704 , 16258 , 87.19 , -57.3 , 1 , 17.04 , 11.377 , 1.305 , 72.39 , 205.54
3714 , 16296 , 86.66 , -57.2 , 1 , 17.00 , 11.447 , 1.321 , 72.93 , 205.00
3724 , 16334 , 86.15 , -57.1 , 1 , 16.96 , 11.522 , 1.337 , 73.46 , 204.46
3734 , 16373 , 85.62 , -57.2 , 1 , 16.92 , 11.699 , 1.366 , 74.03 , 203.90
3744 , 16413 , 85.08 , -57.1 , 1 , 16.89 , 11.791 , 1.386 , 74.61 , 203.31
3754 , 16453 , 84.54 , -57.2 , 1 , 16.85 , 11.910 , 1.409 , 75.21 , 202.72
3763 , 16490 , 84.05 , -57.1 , 1 , 16.81 , 12.155 , 1.446 , 75.77 , 202.16
3773 , 16529 , 83.53 , -57.1 , 1 , 16.78 , 12.365 , 1.480 , 76.36 , 201.57
3783 , 16570 , 82.99 , -57.0 , 1 , 16.74 , 12.605 , 1.519 , 77.01 , 200.92
3793 , 16611 , 82.46 , -57.1 , 1 , 16.71 , 12.614 , 1.530 , 77.64 , 200.28
3803 , 16652 , 81.93 , -57.2 , 1 , 16.67 , 12.657 , 1.545 , 78.29 , 199.64
3813 , 16692 , 81.41 , -57.5 , 1 , 16.63 , 12.728 , 1.564 , 78.93 , 199.00
3823 , 16733 , 80.88 , -57.7 , 1 , 16.60 , 12.944 , 1.601 , 79.59 , 198.34
3833 , 16775 , 80.34 , -57.9 , 1 , 16.56 , 13.007 , 1.619 , 80.27 , 197.65
3843 , 16820 , 79.77 , -58.1 , 1 , 16.53 , 12.884 , 1.615 , 81.00 , 196.93
3853 , 16864 , 79.22 , -58.0 , 1 , 16.49 , 12.935 , 1.633 , 81.71 , 196.22
3863 , 16905 , 78.70 , -57.9 , 1 , 16.45 , 13.053 , 1.659 , 82.38 , 195.54
3873 , 16947 , 78.17 , -57.9 , 1 , 16.42 , 13.045 , 1.669 , 83.07 , 194.85
3883 , 16991 , 77.64 , -57.7 , 1 , 16.38 , 13.045 , 1.680 , 83.78 , 194.15
3893 , 17035 , 77.10 , -57.7 , 1 , 16.34 , 13.091 , 1.698 , 84.49 , 193.43
3903 , 17078 , 76.56 , -57.2 , 1 , 16.31 , 13.174 , 1.721 , 85.22 , 192.71
3913 , 17122 , 76.04 , -56.8 , 1 , 16.27 , 13.403 , 1.763 , 85.93 , 191.99
3923 , 17165 , 75.53 , -56.7 , 1 , 16.23 , 13.783 , 1.825 , 86.66 , 191.27
3933 , 17207 , 75.02 , -56.9 , 1 , 16.19 , 14.160 , 1.887 , 87.40 , 190.53
3943 , 17252 , 74.50 , -57.1 , 1 , 16.16 , 14.480 , 1.944 , 88.20 , 189.73
3953 , 17294 , 74.01 , -57.4 , 1 , 16.12 , 14.520 , 1.962 , 88.95 , 188.97
3963 , 17336 , 73.51 , -57.5 , 1 , 16.08 , 14.697 , 1.999 , 89.73 , 188.19
3973 , 17380 , 73.00 , -57.6 , 1 , 16.05 , 14.856 , 2.035 , 90.54 , 187.39
3983 , 17423 , 72.50 , -57.7 , 1 , 16.01 , 15.008 , 2.070 , 91.34 , 186.58
3993 , 17465 , 72.02 , -57.9 , 1 , 15.97 , 15.133 , 2.101 , 92.15 , 185.78
4003 , 17506 , 71.55 , -58.1 , 1 , 15.94 , 15.130 , 2.115 , 92.92 , 185.01
4013 , 17549 , 71.07 , -58.3 , 1 , 15.90 , 15.283 , 2.150 , 93.73 , 184.19
4023 , 17590 , 70.60 , -58.2 , 1 , 15.87 , 15.396 , 2.181 , 94.53 , 183.39
4033 , 17630 , 70.16 , -57.9 , 1 , 15.83 , 15.402 , 2.195 , 95.30 , 182.62
4043 , 17670 , 69.72 , -57.8 , 1 , 15.79 , 15.502 , 2.224 , 96.07 , 181.86
4053 , 17713 , 69.24 , -57.9 , 1 , 15.76 , 15.554 , 2.246 , 96.91 , 181.02
4062 , 17752 , 68.82 , -57.9 , 1 , 15.73 , 15.552 , 2.260 , 97.66 , 180.26
4071 , 17788 , 68.42 , -58.0 , 1 , 15.69 , 15.613 , 2.282 , 98.37 , 179.56
4081 , 17828 , 67.99 , -58.0 , 1 , 15.66 , 15.609 , 2.296 , 99.16 , 178.77
4091 , 17872 , 67.52 , -58.2 , 1 , 15.62 , 15.590 , 2.309 , 100.01 , 177.92
4101 , 17916 , 67.05 , -58.4 , 1 , 15.58 , 15.740 , 2.348 , 100.87 , 177.06
4111 , 17962 , 66.56 , -58.6 , 1 , 15.55 , 15.621 , 2.347 , 101.78 , 176.15
4121 , 18008 , 66.07 , -58.6 , 1 , 15.51 , 15.480 , 2.343 , 102.68 , 175.25
4131 , 18053 , 65.59 , -58.6 , 1 , 15.48 , 15.515 , 2.365 , 103.56 , 174.36
4141 , 18100 , 65.11 , -58.7 , 1 , 15.44 , 15.552 , 2.389 , 104.47 , 173.45
4151 , 18145 , 64.64 , -58.5 , 1 , 15.40 , 15.542 , 2.404 , 105.36 , 172.56
4161 , 18189 , 64.19 , -58.5 , 1 , 15.37 , 15.619 , 2.433 , 106.22 , 171.70
4171 , 18233 , 63.75 , -58.4 , 1 , 15.33 , 15.758 , 2.472 , 107.08 , 170.85
4181 , 18274 , 63.33 , -58.5 , 1 , 15.29 , 15.731 , 2.484 , 107.89 , 170.04
4191 , 18314 , 62.92 , -58.5 , 1 , 15.25 , 15.640 , 2.486 , 108.69 , 169.24
4201 , 18356 , 62.51 , -58.5 , 1 , 15.22 , 15.700 , 2.512 , 109.51 , 168.41
4211 , 18400 , 62.07 , -58.5 , 1 , 15.18 , 15.539 , 2.504 , 110.38 , 167.54
4221 , 18447 , 61.61 , -58.6 , 1 , 15.15 , 15.533 , 2.521 , 111.28 , 166.64
4231 , 18491 , 61.18 , -58.6 , 1 , 15.11 , 15.286 , 2.499 , 112.14 , 165.79
4241 , 18536 , 60.74 , -58.6 , 1 , 15.07 , 15.063 , 2.480 , 113.00 , 164.93
4250 , 18580 , 60.32 , -58.6 , 1 , 15.03 , 14.917 , 2.473 , 113.83 , 164.09
4260 , 18624 , 59.90 , -58.8 , 1 , 15.00 , 14.754 , 2.463 , 114.65 , 163.28
4270 , 18671 , 59.45 , -59.0 , 1 , 14.96 , 14.565 , 2.450 , 115.51 , 162.42
4280 , 18717 , 59.02 , -59.0 , 1 , 14.93 , 14.508 , 2.458 , 116.36 , 161.57
4290 , 18761 , 58.60 , -59.2 , 1 , 14.89 , 14.361 , 2.451 , 117.16 , 160.76
4300 , 18806 , 58.18 , -59.2 , 1 , 14.85 , 14.271 , 2.453 , 117.97 , 159.96
4310 , 18850 , 57.78 , -59.0 , 1 , 14.81 , 14.248 , 2.466 , 118.75 , 159.17
4320 , 18891 , 57.40 , -59.0 , 1 , 14.78 , 14.034 , 2.445 , 119.49 , 158.44
4330 , 18934 , 57.01 , -59.1 , 1 , 14.74 , 13.998 , 2.456 , 120.25 , 157.67
4340 , 18979 , 56.60 , -59.0 , 1 , 14.70 , 13.996 , 2.473 , 121.05 , 156.88
4350 , 19023 , 56.20 , -58.8 , 1 , 14.67 , 13.986 , 2.488 , 121.81 , 156.11
4360 , 19067 , 55.81 , -58.7 , 1 , 14.63 , 13.909 , 2.492 , 122.59 , 155.33
4370 , 19111 , 55.42 , -58.8 , 1 , 14.59 , 13.848 , 2.499 , 123.36 , 154.57
4379 , 19155 , 55.03 , -58.8 , 1 , 14.55 , 13.842 , 2.515 , 124.12 , 153.80
4389 , 19197 , 54.66 , -58.9 , 1 , 14.52 , 13.834 , 2.531 , 124.86 , 153.06
4399 , 19243 , 54.27 , -58.9 , 1 , 14.48 , 13.892 , 2.560 , 125.65 , 152.28
4409 , 19287 , 53.89 , -58.8 , 1 , 14.44 , 13.909 , 2.581 , 126.42 , 151.51
4419 , 19330 , 53.52 , -58.8 , 1 , 14.41 , 13.841 , 2.586 , 127.18 , 150.74
4429 , 19374 , 53.14 , -59.1 , 1 , 14.37 , 13.896 , 2.615 , 127.94 , 149.98
4438 , 19416 , 52.79 , -59.3 , 1 , 14.34 , 13.878 , 2.629 , 128.67 , 149.25
4448 , 19458 , 52.43 , -59.5 , 1 , 14.30 , 13.917 , 2.654 , 129.42 , 148.51
4458 , 19502 , 52.07 , -59.3 , 1 , 14.26 , 13.939 , 2.677 , 130.19 , 147.74
4468 , 19548 , 51.69 , -59.4 , 1 , 14.22 , 13.820 , 2.674 , 130.99 , 146.94
4478 , 19593 , 51.32 , -59.3 , 1 , 14.19 , 13.793 , 2.688 , 131.78 , 146.14
4488 , 19637 , 50.96 , -59.4 , 1 , 14.15 , 13.655 , 2.680 , 132.54 , 145.39
4498 , 19683 , 50.58 , -59.3 , 1 , 14.11 , 13.648 , 2.698 , 133.34 , 144.59
4508 , 19727 , 50.23 , -59.3 , 1 , 14.08 , 13.528 , 2.693 , 134.08 , 143.84
4518 , 19771 , 49.88 , -59.3 , 1 , 14.04 , 13.439 , 2.694 , 134.84 , 143.09
4528 , 19817 , 49.51 , -59.5 , 1 , 14.00 , 13.310 , 2.688 , 135.61 , 142.32
4538 , 19861 , 49.16 , -59.6 , 1 , 13.96 , 13.275 , 2.700 , 136.35 , 141.57
4548 , 19907 , 48.81 , -59.7 , 1 , 13.92 , 13.279 , 2.721 , 137.11 , 140.81
4558 , 19952 , 48.45 , -59.9 , 1 , 13.89 , 13.312 , 2.748 , 137.88 , 140.05
4568 , 19997 , 48.10 , -60.0 , 1 , 13.85 , 13.234 , 2.751 , 138.64 , 139.29
4578 , 20043 , 47.75 , -60.2 , 1 , 13.82 , 13.151 , 2.754 , 139.40 , 138.52
4588 , 20090 , 47.40 , -60.5 , 1 , 13.78 , 13.179 , 2.781 , 140.18 , 137.75
4598 , 20136 , 47.05 , -60.3 , 1 , 13.74 , 13.128 , 2.790 , 140.95 , 136.98
4608 , 20182 , 46.70 , -59.8 , 1 , 13.70 , 13.136 , 2.813 , 141.72 , 136.21
4618 , 20230 , 46.34 , -59.4 , 1 , 13.66 , 13.331 , 2.877 , 142.52 , 135.41
4628 , 20277 , 45.99 , -59.5 , 1 , 13.63 , 13.485 , 2.932 , 143.32 , 134.61
4638 , 20324 , 45.65 , -59.9 , 1 , 13.59 , 13.356 , 2.926 , 144.11 , 133.82
4648 , 20371 , 45.31 , -60.1 , 1 , 13.55 , 13.228 , 2.919 , 144.89 , 133.04
4658 , 20415 , 44.99 , -60.2 , 1 , 13.51 , 13.064 , 2.904 , 145.64 , 132.29
4668 , 20464 , 44.64 , -59.8 , 1 , 13.48 , 12.905 , 2.891 , 146.43 , 131.50
4677 , 20507 , 44.33 , -59.6 , 1 , 13.44 , 12.927 , 2.916 , 147.13 , 130.79
4687 , 20550 , 44.03 , -59.7 , 1 , 13.40 , 13.057 , 2.966 , 147.84 , 130.08
4697 , 20594 , 43.72 , -59.3 , 1 , 13.37 , 13.071 , 2.990 , 148.57 , 129.36
4707 , 20639 , 43.40 , -59.2 , 1 , 13.33 , 13.109 , 3.020 , 149.31 , 128.61
4717 , 20683 , 43.10 , -59.2 , 1 , 13.29 , 13.118 , 3.044 , 150.04 , 127.89
4727 , 20727 , 42.80 , -59.1 , 1 , 13.26 , 13.150 , 3.073 , 150.77 , 127.16
4737 , 20771 , 42.50 , -59.2 , 1 , 13.22 , 13.108 , 3.084 , 151.50 , 126.43
4747 , 20815 , 42.21 , -59.3 , 1 , 13.18 , 13.076 , 3.098 , 152.21 , 125.71
4757 , 20856 , 41.93 , -59.3 , 1 , 13.14 , 13.114 , 3.128 , 152.90 , 125.03
4767 , 20898 , 41.65 , -59.3 , 1 , 13.11 , 13.000 , 3.121 , 153.58 , 124.34
4777 , 20940 , 41.37 , -59.2 , 1 , 13.07 , 13.059 , 3.156 , 154.27 , 123.66
4787 , 20982 , 41.09 , -58.9 , 1 , 13.03 , 13.209 , 3.214 , 154.96 , 122.96
4797 , 21023 , 40.82 , -58.6 , 1 , 12.99 , 13.356 , 3.272 , 155.66 , 122.26
4807 , 21063 , 40.56 , -58.5 , 1 , 12.96 , 13.316 , 3.283 , 156.33 , 121.60
4817 , 21106 , 40.29 , -58.5 , 1 , 12.92 , 13.246 , 3.288 , 157.04 , 120.88
4827 , 21147 , 40.02 , -58.5 , 1 , 12.88 , 13.157 , 3.287 , 157.73 , 120.20
4837 , 21190 , 39.75 , -58.5 , 1 , 12.85 , 13.114 , 3.299 , 158.43 , 119.49
4847 , 21235 , 39.47 , -58.5 , 1 , 12.81 , 13.148 , 3.331 , 159.18 , 118.75
4857 , 21281 , 39.18 , -58.5 , 1 , 12.77 , 13.115 , 3.347 , 159.94 , 117.98
4867 , 21327 , 38.90 , -58.8 , 1 , 12.73 , 13.013 , 3.345 , 160.68 , 117.24
4877 , 21373 , 38.61 , -59.1 , 1 , 12.69 , 12.871 , 3.334 , 161.44 , 116.48
4887 , 21422 , 38.31 , -59.2 , 1 , 12.66 , 12.827 , 3.348 , 162.24 , 115.69
4897 , 21471 , 38.01 , -59.3 , 1 , 12.62 , 12.670 , 3.334 , 163.03 , 114.90
4907 , 21520 , 37.71 , -59.3 , 1 , 12.58 , 12.541 , 3.326 , 163.81 , 114.12
4917 , 21572 , 37.40 , -59.0 , 1 , 12.54 , 12.478 , 3.336 , 164.62 , 113.31
4927 , 21624 , 37.10 , -58.9 , 1 , 12.51 , 12.417 , 3.347 , 165.43 , 112.50
4937 , 21676 , 36.79 , -58.8 , 1 , 12.47 , 12.340 , 3.354 , 166.24 , 111.69
4947 , 21728 , 36.48 , -58.9 , 1 , 12.43 , 12.271 , 3.364 , 167.05 , 110.87
4957 , 21784 , 36.16 , -58.8 , 1 , 12.40 , 12.339 , 3.412 , 167.91 , 110.01
4967 , 21840 , 35.84 , -59.3 , 1 , 12.36 , 12.387 , 3.456 , 168.79 , 109.14
4977 , 21895 , 35.52 , -59.7 , 1 , 12.33 , 12.306 , 3.464 , 169.64 , 108.28
4986 , 21947 , 35.23 , -60.0 , 1 , 12.29 , 12.261 , 3.480 , 170.44 , 107.48
4996 , 21999 , 34.94 , -60.3 , 1 , 12.26 , 12.232 , 3.501 , 171.26 , 106.67
5006 , 22051 , 34.65 , -60.2 , 1 , 12.22 , 12.074 , 3.485 , 172.05 , 105.87
5016 , 22101 , 34.37 , -60.2 , 1 , 12.19 , 12.107 , 3.522 , 172.82 , 105.11
5026 , 22150 , 34.10 , -60.3 , 1 , 12.16 , 12.110 , 3.551 , 173.57 , 104.35
5036 , 22198 , 33.84 , -60.3 , 1 , 12.12 , 12.175 , 3.598 , 174.31 , 103.62
5046 , 22248 , 33.57 , -60.3 , 1 , 12.08 , 12.152 , 3.620 , 175.09 , 102.84
5056 , 22295 , 33.32 , -60.5 , 1 , 12.05 , 12.193 , 3.660 , 175.81 , 102.11
5066 , 22342 , 33.06 , -60.7 , 1 , 12.01 , 12.171 , 3.681 , 176.54 , 101.39
5076 , 22390 , 32.81 , -60.8 , 1 , 11.98 , 12.168 , 3.709 , 177.28 , 100.64
5086 , 22437 , 32.57 , -60.9 , 1 , 11.94 , 12.132 , 3.725 , 178.00 , 99.93
5096 , 22485 , 32.31 , -60.9 , 1 , 11.91 , 12.175 , 3.768 , 178.74 , 99.18
5106 , 22533 , 32.07 , -61.1 , 1 , 11.88 , 12.124 , 3.781 , 179.48 , 98.45
5116 , 22579 , 31.83 , -60.8 , 1 , 11.84 , 12.092 , 3.799 , 180.19 , 97.74
5126 , 22626 , 31.59 , -60.6 , 1 , 11.81 , 12.051 , 3.815 , 180.90 , 97.02
5136 , 22672 , 31.35 , -60.6 , 1 , 11.78 , 12.017 , 3.833 , 181.62 , 96.31
5146 , 22720 , 31.12 , -60.9 , 1 , 11.74 , 11.976 , 3.849 , 182.34 , 95.58
5156 , 22767 , 30.88 , -61.0 , 1 , 11.71 , 11.904 , 3.855 , 183.05 , 94.87
5166 , 22814 , 30.65 , -61.1 , 1 , 11.68 , 11.845 , 3.865 , 183.77 , 94.15
5176 , 22862 , 30.41 , -61.2 , 1 , 11.64 , 11.839 , 3.893 , 184.49 , 93.44
5186 , 22907 , 30.19 , -61.2 , 1 , 11.61 , 11.867 , 3.930 , 185.16 , 92.76
5196 , 22951 , 29.98 , -61.4 , 1 , 11.58 , 11.708 , 3.906 , 185.83 , 92.10
5206 , 22999 , 29.75 , -61.3 , 1 , 11.55 , 11.571 , 3.890 , 186.54 , 91.38
5216 , 23046 , 29.52 , -61.3 , 1 , 11.53 , 11.538 , 3.909 , 187.24 , 90.69
5226 , 23093 , 29.30 , -61.4 , 1 , 11.50 , 11.569 , 3.949 , 187.92 , 90.01
5236 , 23142 , 29.07 , -61.6 , 1 , 11.48 , 11.550 , 3.973 , 188.64 , 89.29
5246 , 23191 , 28.84 , -62.0 , 1 , 11.45 , 11.464 , 3.975 , 189.36 , 88.56
5256 , 23243 , 28.60 , -62.2 , 1 , 11.43 , 11.382 , 3.980 , 190.12 , 87.81
5266 , 23295 , 28.36 , -62.3 , 1 , 11.41 , 11.297 , 3.984 , 190.88 , 87.05
5276 , 23347 , 28.12 , -62.2 , 1 , 11.39 , 11.181 , 3.976 , 191.62 , 86.30
5286 , 23400 , 27.88 , -62.3 , 1 , 11.36 , 11.065 , 3.969 , 192.37 , 85.55
5295 , 23450 , 27.66 , -62.1 , 1 , 11.34 , 10.917 , 3.947 , 193.07 , 84.85
5305 , 23500 , 27.43 , -61.9 , 1 , 11.33 , 10.825 , 3.947 , 193.78 , 84.15
5315 , 23556 , 27.18 , -61.8 , 1 , 11.30 , 10.808 , 3.976 , 194.55 , 83.38
5325 , 23611 , 26.94 , -61.7 , 1 , 11.28 , 10.770 , 3.997 , 195.30 , 82.62
5335 , 23666 , 26.71 , -61.9 , 1 , 11.25 , 10.666 , 3.994 , 196.05 , 81.87
5345 , 23719 , 26.48 , -62.3 , 1 , 11.23 , 10.537 , 3.980 , 196.78 , 81.15
5355 , 23770 , 26.26 , -62.4 , 1 , 11.20 , 10.390 , 3.957 , 197.45 , 80.47
5365 , 23820 , 26.05 , -62.5 , 1 , 11.18 , 10.265 , 3.941 , 198.12 , 79.80
5375 , 23870 , 25.84 , -62.4 , 1 , 11.15 , 10.187 , 3.942 , 198.76 , 79.16
5385 , 23918 , 25.64 , -62.3 , 1 , 11.13 , 10.128 , 3.950 , 199.39 , 78.53
5395 , 23964 , 25.44 , -62.4 , 1 , 11.10 , 10.056 , 3.952 , 199.99 , 77.93
5405 , 24011 , 25.25 , -62.6 , 1 , 11.07 , 10.055 , 3.982 , 200.60 , 77.33
5415 , 24054 , 25.08 , -62.8 , 1 , 11.05 , 9.988 , 3.983 , 201.15 , 76.78
5425 , 24099 , 24.89 , -62.9 , 1 , 11.02 , 9.948 , 3.996 , 201.72 , 76.20
5435 , 24144 , 24.71 , -63.1 , 1 , 10.99 , 9.883 , 3.999 , 202.30 , 75.63
5445 , 24186 , 24.54 , -63.2 , 1 , 10.96 , 9.832 , 4.006 , 202.82 , 75.10
5455 , 24229 , 24.37 , -63.4 , 1 , 10.94 , 9.776 , 4.011 , 203.37 , 74.56
5465 , 24271 , 24.21 , -63.4 , 1 , 10.91 , 9.798 , 4.047 , 203.89 , 74.04
5475 , 24312 , 24.05 , -63.4 , 1 , 10.88 , 9.760 , 4.059 , 204.41 , 73.52
5485 , 24353 , 23.89 , -63.5 , 1 , 10.87 , 9.700 , 4.061 , 204.92 , 73.01
5495 , 24392 , 23.74 , -63.5 , 1 , 10.84 , 9.630 , 4.057 , 205.40 , 72.52
5505 , 24432 , 23.58 , -63.2 , 1 , 10.82 , 9.609 , 4.074 , 205.89 , 72.03
5515 , 24468 , 23.44 , -63.1 , 1 , 10.80 , 9.596 , 4.093 , 206.34 , 71.59
5525 , 24505 , 23.30 , -62.9 , 1 , 10.78 , 9.586 , 4.114 , 206.80 , 71.12
5535 , 24543 , 23.16 , -62.8 , 1 , 10.75 , 9.594 , 4.143 , 207.26 , 70.66
5545 , 24585 , 23.00 , -62.6 , 1 , 10.74 , 9.566 , 4.158 , 207.78 , 70.15
5555 , 24622 , 22.86 , -62.7 , 1 , 10.71 , 9.512 , 4.160 , 208.23 , 69.69
5565 , 24663 , 22.71 , -62.4 , 1 , 10.68 , 9.434 , 4.154 , 208.73 , 69.19
5575 , 24703 , 22.57 , -61.9 , 1 , 10.66 , 9.470 , 4.196 , 209.21 , 68.71
5585 , 24740 , 22.43 , -61.3 , 1 , 10.64 , 9.560 , 4.262 , 209.66 , 68.26
5595 , 24780 , 22.29 , -61.0 , 1 , 10.61 , 9.585 , 4.301 , 210.15 , 67.78
5604 , 24820 , 22.15 , -60.6 , 1 , 10.59 , 9.758 , 4.406 , 210.64 , 67.29
5614 , 24858 , 22.01 , -60.6 , 1 , 10.57 , 9.851 , 4.476 , 211.12 , 66.81
5624 , 24899 , 21.87 , -60.3 , 1 , 10.55 , 10.064 , 4.603 , 211.63 , 66.29
5634 , 24942 , 21.72 , -60.0 , 1 , 10.53 , 10.111 , 4.656 , 212.17 , 65.75
5644 , 24984 , 21.57 , -59.7 , 1 , 10.51 , 10.152 , 4.706 , 212.71 , 65.21
5654 , 25027 , 21.42 , -59.2 , 1 , 10.49 , 10.097 , 4.713 , 213.26 , 64.66
5664 , 25071 , 21.27 , -59.0 , 1 , 10.47 , 9.980 , 4.691 , 213.82 , 64.11
5674 , 25114 , 21.13 , -58.8 , 1 , 10.45 , 9.894 , 4.683 , 214.36 , 63.57
5684 , 25159 , 20.97 , -58.7 , 1 , 10.43 , 9.754 , 4.651 , 214.92 , 63.00
5694 , 25205 , 20.82 , -59.0 , 1 , 10.41 , 9.650 , 4.634 , 215.48 , 62.45
5704 , 25250 , 20.67 , -59.3 , 1 , 10.38 , 9.605 , 4.646 , 216.03 , 61.90
5714 , 25299 , 20.51 , -59.7 , 1 , 10.36 , 9.500 , 4.632 , 216.62 , 61.31
5724 , 25350 , 20.35 , -60.1 , 1 , 10.33 , 9.418 , 4.629 , 217.22 , 60.70
5734 , 25400 , 20.18 , -60.3 , 1 , 10.30 , 9.304 , 4.610 , 217.81 , 60.11
5744 , 25449 , 20.02 , -60.3 , 1 , 10.28 , 9.190 , 4.590 , 218.40 , 59.53
5754 , 25504 , 19.85 , -60.3 , 1 , 10.25 , 9.048 , 4.559 , 219.03 , 58.90
5764 , 25558 , 19.68 , -60.4 , 1 , 10.22 , 8.961 , 4.554 , 219.64 , 58.28
5774 , 25614 , 19.50 , -60.7 , 1 , 10.19 , 8.872 , 4.550 , 220.28 , 57.65
5784 , 25667 , 19.34 , -61.0 , 1 , 10.16 , 8.812 , 4.558 , 220.87 , 57.06
5794 , 25727 , 19.15 , -60.8 , 1 , 10.14 , 8.772 , 4.581 , 221.55 , 56.38
5804 , 25785 , 18.97 , -60.8 , 1 , 10.11 , 8.722 , 4.598 , 222.19 , 55.73
5814 , 25843 , 18.80 , -61.0 , 1 , 10.08 , 8.587 , 4.569 , 222.82 , 55.10
5824 , 25899 , 18.63 , -61.2 , 1 , 10.06 , 8.408 , 4.514 , 223.43 , 54.49
5834 , 25954 , 18.46 , -61.4 , 1 , 10.03 , 8.180 , 4.431 , 224.01 , 53.92
5844 , 26008 , 18.30 , -61.7 , 1 , 10.01 , 7.925 , 4.330 , 224.56 , 53.37
5853 , 26059 , 18.15 , -62.1 , 1 , 9.99 , 7.700 , 4.242 , 225.07 , 52.85
5862 , 26108 , 18.01 , -62.1 , 1 , 9.97 , 7.374 , 4.095 , 225.54 , 52.38
5872 , 26161 , 17.85 , -61.9 , 1 , 9.95 , 6.991 , 3.916 , 226.03 , 51.90
5882 , 26215 , 17.70 , -62.0 , 1 , 9.94 , 6.714 , 3.794 , 226.50 , 51.42
5892 , 26269 , 17.54 , -61.6 , 1 , 9.93 , 6.539 , 3.727 , 226.96 , 50.97
5901 , 26320 , 17.40 , -61.3 , 1 , 9.91 , 6.303 , 3.622 , 227.38 , 50.55
5910 , 26363 , 17.28 , -61.2 , 1 , 9.90 , 6.168 , 3.569 , 227.71 , 50.21
5919 , 26411 , 17.15 , -61.1 , 1 , 9.88 , 6.062 , 3.535 , 228.09 , 49.84
5928 , 26459 , 17.02 , -61.1 , 1 , 9.86 , 5.928 , 3.484 , 228.45 , 49.47
5938 , 26506 , 16.89 , -61.1 , 1 , 9.85 , 5.843 , 3.460 , 228.80 , 49.12
5948 , 26556 , 16.75 , -61.2 , 1 , 9.82 , 5.822 , 3.475 , 229.18 , 48.75
5958 , 26605 , 16.62 , -61.2 , 1 , 9.79 , 5.833 , 3.509 , 229.54 , 48.39
5968 , 26653 , 16.49 , -61.4 , 1 , 9.77 , 5.724 , 3.471 , 229.89 , 48.03
5978 , 26702 , 16.36 , -61.4 , 1 , 9.73 , 5.685 , 3.475 , 230.25 , 47.67
5988 , 26751 , 16.23 , -61.2 , 1 , 9.70 , 5.673 , 3.495 , 230.61 , 47.32
5998 , 26797 , 16.11 , -61.2 , 1 , 9.66 , 5.567 , 3.455 , 230.93 , 46.99
6008 , 26846 , 15.99 , -61.2 , 1 , 9.62 , 5.459 , 3.415 , 231.27 , 46.65
6018 , 26889 , 15.88 , -61.4 , 1 , 9.59 , 5.504 , 3.467 , 231.58 , 46.35
6028 , 26936 , 15.76 , -61.2 , 1 , 9.55 , 5.525 , 3.506 , 231.90 , 46.02
6038 , 26978 , 15.65 , -60.9 , 1 , 9.51 , 5.541 , 3.541 , 232.20 , 45.73
6048 , 27024 , 15.53 , -61.0 , 1 , 9.47 , 5.492 , 3.535 , 232.52 , 45.40
6058 , 27064 , 15.43 , -61.0 , 1 , 9.43 , 5.392 , 3.493 , 232.80 , 45.12
6068 , 27111 , 15.32 , -60.9 , 1 , 9.40 , 5.331 , 3.480 , 233.12 , 44.80
6077 , 27158 , 15.20 , -61.0 , 1 , 9.36 , 5.345 , 3.516 , 233.44 , 44.49
6087 , 27196 , 15.11 , -61.2 , 1 , 9.32 , 5.370 , 3.554 , 233.70 , 44.22
6097 , 27243 , 15.00 , -61.4 , 1 , 9.28 , 5.387 , 3.592 , 234.02 , 43.91
6107 , 27288 , 14.89 , -61.7 , 1 , 9.25 , 5.469 , 3.673 , 234.33 , 43.60
6117 , 27331 , 14.78 , -61.7 , 1 , 9.21 , 5.561 , 3.762 , 234.64 , 43.29
6127 , 27375 , 14.68 , -61.3 , 1 , 9.17 , 5.614 , 3.824 , 234.95 , 42.98
6137 , 27421 , 14.57 , -60.9 , 1 , 9.14 , 5.607 , 3.848 , 235.28 , 42.65
6147 , 27464 , 14.47 , -60.9 , 1 , 9.10 , 5.533 , 3.823 , 235.58 , 42.35
6157 , 27509 , 14.37 , -60.5 , 1 , 9.06 , 5.544 , 3.858 , 235.89 , 42.03
6167 , 27556 , 14.26 , -60.3 , 1 , 9.02 , 5.505 , 3.860 , 236.22 , 41.70
6177 , 27603 , 14.15 , -60.4 , 1 , 8.98 , 5.437 , 3.842 , 236.55 , 41.37
6187 , 27650 , 14.05 , -60.5 , 1 , 8.95 , 5.338 , 3.800 , 236.87 , 41.05
6197 , 27700 , 13.93 , -60.5 , 1 , 8.91 , 5.193 , 3.727 , 237.20 , 40.72
6207 , 27745 , 13.83 , -60.3 , 1 , 8.88 , 5.173 , 3.740 , 237.50 , 40.42
6216 , 27793 , 13.73 , -59.9 , 1 , 8.85 , 5.174 , 3.769 , 237.81 , 40.11
6225 , 27836 , 13.63 , -59.8 , 1 , 8.81 , 5.113 , 3.751 , 238.09 , 39.83
6235 , 27879 , 13.54 , -59.5 , 1 , 8.78 , 5.068 , 3.744 , 238.37 , 39.55
6245 , 27928 , 13.43 , -59.4 , 1 , 8.75 , 4.993 , 3.717 , 238.68 , 39.24
6255 , 27975 , 13.33 , -59.5 , 1 , 8.72 , 4.924 , 3.693 , 238.97 , 38.95
6265 , 28025 , 13.23 , -59.5 , 1 , 8.68 , 4.886 , 3.695 , 239.29 , 38.64
6275 , 28071 , 13.13 , -59.6 , 1 , 8.65 , 4.841 , 3.687 , 239.57 , 38.36
6285 , 28118 , 13.03 , -59.5 , 1 , 8.62 , 4.819 , 3.698 , 239.85 , 38.07
6295 , 28165 , 12.93 , -59.5 , 1 , 8.59 , 4.757 , 3.678 , 240.14 , 37.79
6305 , 28209 , 12.84 , -59.3 , 1 , 8.56 , 4.729 , 3.682 , 240.40 , 37.53
6315 , 28256 , 12.75 , -58.9 , 1 , 8.53 , 4.706 , 3.691 , 240.68 , 37.25
6325 , 28299 , 12.66 , -58.7 , 1 , 8.50 , 4.658 , 3.680 , 240.94 , 36.99
6335 , 28342 , 12.57 , -58.7 , 1 , 8.47 , 4.640 , 3.690 , 241.18 , 36.74
6345 , 28383 , 12.49 , -58.6 , 1 , 8.45 , 4.636 , 3.711 , 241.42 , 36.50
6355 , 28427 , 12.40 , -58.5 , 1 , 8.42 , 4.620 , 3.724 , 241.68 , 36.24
6365 , 28468 , 12.32 , -58.7 , 1 , 8.39 , 4.615 , 3.745 , 241.92 , 36.01
6375 , 28508 , 12.24 , -58.7 , 1 , 8.36 , 4.712 , 3.848 , 242.15 , 35.77
6385 , 28543 , 12.18 , -58.8 , 1 , 8.33 , 4.664 , 3.831 , 242.36 , 35.56
6395 , 28577 , 12.11 , -58.8 , 1 , 8.31 , 4.637 , 3.828 , 242.56 , 35.37
6405 , 28611 , 12.05 , -58.8 , 1 , 8.29 , 4.586 , 3.807 , 242.75 , 35.17
6415 , 28646 , 11.98 , -58.8 , 1 , 8.26 , 4.574 , 3.818 , 242.96 , 34.97
6425 , 28680 , 11.91 , -58.8 , 1 , 8.24 , 4.521 , 3.794 , 243.15 , 34.77
6435 , 28708 , 11.86 , -58.3 , 1 , 8.22 , 4.475 , 3.773 , 243.31 , 34.61
6445 , 28737 , 11.81 , -58.1 , 1 , 8.19 , 4.427 , 3.749 , 243.47 , 34.46
6455 , 28764 , 11.76 , -57.8 , 1 , 8.17 , 4.417 , 3.757 , 243.62 , 34.30
6465 , 28795 , 11.70 , -57.5 , 1 , 8.15 , 4.411 , 3.770 , 243.79 , 34.13
6475 , 28826 , 11.64 , -56.5 , 1 , 8.12 , 4.403 , 3.782 , 243.96 , 33.96
6485 , 28856 , 11.59 , -55.8 , 1 , 8.10 , 4.385 , 3.785 , 244.13 , 33.80
6495 , 28888 , 11.53 , -55.7 , 1 , 8.08 , 4.366 , 3.787 , 244.30 , 33.63
6505 , 28924 , 11.46 , -55.8 , 1 , 8.06 , 4.353 , 3.797 , 244.49 , 33.43
6515 , 28964 , 11.39 , -55.8 , 1 , 8.05 , 4.339 , 3.809 , 244.71 , 33.22
6525 , 29008 , 11.31 , -55.8 , 1 , 8.02 , 4.310 , 3.810 , 244.95 , 32.98
6535 , 29050 , 11.24 , -55.8 , 1 , 8.00 , 4.304 , 3.830 , 245.17 , 32.75
6544 , 29096 , 11.16 , -55.8 , 1 , 7.99 , 4.282 , 3.838 , 245.42 , 32.51
6554 , 29140 , 11.08 , -55.4 , 1 , 7.97 , 4.261 , 3.845 , 245.65 , 32.28
6564 , 29192 , 10.99 , -55.5 , 1 , 7.96 , 4.216 , 3.835 , 245.92 , 32.00
6574 , 29243 , 10.90 , -55.7 , 1 , 7.94 , 4.214 , 3.865 , 246.19 , 31.74
6584 , 29299 , 10.81 , -55.8 , 1 , 7.91 , 4.193 , 3.879 , 246.48 , 31.45
6594 , 29352 , 10.72 , -55.9 , 1 , 7.90 , 4.130 , 3.854 , 246.75 , 31.17
6604 , 29403 , 10.63 , -56.0 , 1 , 7.87 , 4.081 , 3.838 , 247.01 , 30.91
6614 , 29458 , 10.54 , -56.4 , 1 , 7.84 , 4.020 , 3.813 , 247.29 , 30.64
6624 , 29514 , 10.45 , -56.7 , 1 , 7.82 , 3.969 , 3.799 , 247.57 , 30.35
6634 , 29572 , 10.35 , -57.2 , 1 , 7.79 , 3.920 , 3.786 , 247.85 , 30.07
6644 , 29626 , 10.26 , -57.5 , 1 , 7.76 , 3.865 , 3.766 , 248.12 , 29.81
6654 , 29677 , 10.18 , -57.9 , 1 , 7.73 , 3.790 , 3.723 , 248.36 , 29.56
6664 , 29728 , 10.10 , -57.9 , 1 , 7.71 , 3.738 , 3.701 , 248.60 , 29.32
6674 , 29777 , 10.02 , -57.9 , 1 , 7.68 , 3.655 , 3.648 , 248.83 , 29.10
6684 , 29829 , 9.94 , -58.1 , 1 , 7.65 , 3.589 , 3.612 , 249.07 , 28.86
6694 , 29881 , 9.86 , -58.4 , 1 , 7.63 , 3.537 , 3.588 , 249.30 , 28.63
6704 , 29931 , 9.78 , -58.6 , 1 , 7.61 , 3.504 , 3.583 , 249.52 , 28.41
6714 , 29977 , 9.71 , -58.8 , 1 , 7.58 , 3.484 , 3.589 , 249.72 , 28.20
6724 , 30028 , 9.63 , -59.1 , 1 , 7.56 , 3.460 , 3.593 , 249.94 , 27.98
6734 , 30073 , 9.56 , -59.4 , 1 , 7.55 , 3.448 , 3.606 , 250.14 , 27.79
6744 , 30118 , 9.49 , -59.7 , 1 , 7.54 , 3.420 , 3.604 , 250.33 , 27.59
6754 , 30165 , 9.42 , -59.6 , 1 , 7.52 , 3.396 , 3.605 , 250.53 , 27.39
6764 , 30207 , 9.36 , -59.5 , 1 , 7.52 , 3.388 , 3.621 , 250.72 , 27.21
6774 , 30253 , 9.29 , -59.7 , 1 , 7.51 , 3.407 , 3.668 , 250.91 , 27.01
6784 , 30297 , 9.22 , -59.7 , 1 , 7.51 , 3.378 , 3.663 , 251.10 , 26.82
6794 , 30339 , 9.16 , -59.4 , 1 , 7.50 , 3.350 , 3.657 , 251.28 , 26.64
6804 , 30385 , 9.09 , -59.3 , 1 , 7.49 , 3.324 , 3.655 , 251.47 , 26.45
6814 , 30423 , 9.04 , -59.0 , 1 , 7.48 , 3.304 , 3.654 , 251.63 , 26.29
6824 , 30467 , 8.98 , -58.7 , 1 , 7.47 , 3.274 , 3.647 , 251.81 , 26.11
6834 , 30510 , 8.92 , -58.7 , 1 , 7.45 , 3.235 , 3.629 , 251.99 , 25.94
6844 , 30556 , 8.85 , -58.8 , 1 , 7.43 , 3.196 , 3.611 , 252.18 , 25.75
6853 , 30599 , 8.79 , -59.0 , 1 , 7.41 , 3.155 , 3.590 , 252.35 , 25.58
6863 , 30643 , 8.73 , -59.1 , 1 , 7.39 , 3.124 , 3.579 , 252.52 , 25.40
6873 , 30694 , 8.66 , -59.2 , 1 , 7.36 , 3.096 , 3.576 , 252.72 , 25.20
6883 , 30741 , 8.59 , -59.1 , 1 , 7.34 , 3.065 , 3.567 , 252.90 , 25.02
6893 , 30792 , 8.52 , -59.3 , 1 , 7.32 , 3.040 , 3.567 , 253.10 , 24.82
6903 , 30845 , 8.45 , -59.5 , 1 , 7.30 , 3.016 , 3.569 , 253.30 , 24.62
6913 , 30891 , 8.39 , -59.7 , 1 , 7.28 , 3.000 , 3.576 , 253.48 , 24.45
6923 , 30938 , 8.33 , -59.9 , 1 , 7.26 , 2.965 , 3.561 , 253.66 , 24.27
6933 , 30989 , 8.26 , -60.0 , 1 , 7.25 , 2.943 , 3.563 , 253.85 , 24.08
6943 , 31037 , 8.20 , -60.0 , 1 , 7.23 , 2.939 , 3.586 , 254.02 , 23.90
6953 , 31085 , 8.13 , -59.9 , 1 , 7.22 , 2.888 , 3.551 , 254.20 , 23.72
6963 , 31128 , 8.08 , -59.8 , 1 , 7.21 , 2.840 , 3.517 , 254.36 , 23.57
6973 , 31173 , 8.02 , -59.6 , 1 , 7.19 , 2.847 , 3.551 , 254.52 , 23.41
6983 , 31218 , 7.96 , -59.1 , 1 , 7.18 , 2.815 , 3.536 , 254.68 , 23.25
6993 , 31263 , 7.90 , -59.0 , 1 , 7.16 , 2.817 , 3.565 , 254.84 , 23.09
7003 , 31307 , 7.85 , -59.2 , 1 , 7.14 , 2.828 , 3.603 , 254.99 , 22.93
7013 , 31349 , 7.80 , -59.4 , 1 , 7.12 , 2.834 , 3.635 , 255.14 , 22.78
7023 , 31388 , 7.75 , -59.6 , 1 , 7.10 , 2.847 , 3.675 , 255.29 , 22.64
7033 , 31420 , 7.71 , -59.8 , 1 , 7.07 , 2.848 , 3.695 , 255.40 , 22.53
7043 , 31459 , 7.66 , -59.9 , 1 , 7.04 , 2.852 , 3.724 , 255.54 , 22.38
7053 , 31495 , 7.62 , -59.8 , 1 , 7.01 , 2.830 , 3.716 , 255.67 , 22.26
7063 , 31525 , 7.58 , -59.9 , 1 , 6.98 , 2.808 , 3.705 , 255.78 , 22.15
7073 , 31556 , 7.54 , -59.5 , 1 , 6.94 , 2.808 , 3.724 , 255.89 , 22.04
7083 , 31584 , 7.51 , -59.2 , 1 , 6.90 , 2.816 , 3.751 , 255.99 , 21.94
7093 , 31612 , 7.47 , -59.2 , 1 , 6.87 , 2.791 , 3.735 , 256.09 , 21.84
7103 , 31649 , 7.43 , -59.2 , 1 , 6.83 , 2.718 , 3.657 , 256.21 , 21.71
7113 , 31675 , 7.40 , -59.2 , 1 , 6.80 , 2.721 , 3.677 , 256.30 , 21.62
7123 , 31701 , 7.37 , -59.2 , 1 , 6.76 , 2.722 , 3.693 , 256.39 , 21.53
7132 , 31730 , 7.34 , -59.2 , 1 , 6.72 , 2.721 , 3.709 , 256.49 , 21.43
7141 , 31759 , 7.30 , -59.2 , 1 , 6.69 , 2.726 , 3.734 , 256.59 , 21.34
7150 , 31787 , 7.27 , -58.8 , 1 , 6.66 , 2.709 , 3.726 , 256.69 , 21.24
7160 , 31818 , 7.23 , -58.5 , 1 , 6.62 , 2.695 , 3.726 , 256.79 , 21.13
7170 , 31857 , 7.19 , -58.4 , 1 , 6.59 , 2.691 , 3.744 , 256.92 , 21.00
7180 , 31891 , 7.15 , -58.0 , 1 , 6.55 , 2.662 , 3.723 , 257.04 , 20.89
7190 , 31934 , 7.10 , -57.9 , 1 , 6.51 , 2.629 , 3.702 , 257.18 , 20.74
