# ------------------------------------------------------------
#
# Flight name: V0910
# Station: Davis
# Launch Date: 16 June 2010
# Launch Time: 11:14:57
# 
# This file created: Fri Jun 18 11:11:30 2010
# 
# 
# ------------------------------------------------------------
# DATA COLUMNS
# Time (s)
# Height (m)
# Atmospheric Pressure (hPa)
# Atmospheric Temperature (°C)
# Relative Humidity (%)
# Box Temperature (°C)
# Ozone Partial Pressure (mPa)
# Ozone Mixing Ratio (ppmV)
# Accumulated Ozone to this Height (Dobson Units)
# Remaining Ozone above this Height (Dobson Units)
# 
# ------------------------------------------------------------
# 
# Integrated Ozone = 280.2 DU
# Extrapolated Ozone =  22.5 DU
# 
# Total Ozone = 302.7 DU
# 
# 
# ------------------------------------------------------------
0 , 18 , 977.58 , -16.3 , 54 , 31.16 , 2.373 , 0.024 , 0.00 , 302.72
10 , 69 , 970.96 , -15.6 , 49 , 31.06 , 2.390 , 0.025 , 0.13 , 302.59
20 , 119 , 964.53 , -15.7 , 46 , 30.91 , 2.410 , 0.025 , 0.25 , 302.47
30 , 170 , 958.05 , -16.2 , 47 , 30.82 , 2.655 , 0.028 , 0.39 , 302.33
40 , 224 , 951.18 , -16.7 , 48 , 30.69 , 2.771 , 0.029 , 0.54 , 302.18
50 , 268 , 945.61 , -17.2 , 49 , 30.59 , 2.847 , 0.030 , 0.67 , 302.05
60 , 313 , 939.85 , -17.6 , 50 , 30.48 , 2.917 , 0.031 , 0.81 , 301.91
70 , 355 , 934.62 , -17.9 , 50 , 30.41 , 2.953 , 0.032 , 0.94 , 301.78
80 , 400 , 928.99 , -18.3 , 49 , 30.38 , 2.959 , 0.032 , 1.08 , 301.64
90 , 451 , 922.68 , -18.5 , 50 , 30.29 , 2.957 , 0.032 , 1.24 , 301.48
99 , 496 , 917.09 , -18.8 , 49 , 30.16 , 2.960 , 0.032 , 1.38 , 301.34
108 , 547 , 910.83 , -18.9 , 53 , 30.05 , 2.947 , 0.032 , 1.54 , 301.18
118 , 597 , 904.81 , -19.0 , 55 , 29.96 , 2.922 , 0.032 , 1.70 , 301.02
128 , 644 , 899.11 , -19.3 , 56 , 29.95 , 2.925 , 0.033 , 1.84 , 300.88
138 , 695 , 892.97 , -19.7 , 60 , 29.87 , 2.911 , 0.033 , 2.00 , 300.72
148 , 748 , 886.56 , -20.0 , 71 , 29.77 , 2.893 , 0.033 , 2.16 , 300.56
158 , 795 , 880.92 , -20.4 , 76 , 29.69 , 2.869 , 0.033 , 2.31 , 300.41
168 , 839 , 875.69 , -20.8 , 79 , 29.67 , 2.858 , 0.033 , 2.44 , 300.28
178 , 886 , 870.21 , -21.3 , 82 , 29.58 , 2.858 , 0.033 , 2.59 , 300.13
188 , 937 , 864.17 , -21.8 , 85 , 29.47 , 2.836 , 0.033 , 2.74 , 299.98
198 , 987 , 858.36 , -22.2 , 88 , 29.38 , 2.818 , 0.033 , 2.89 , 299.83
208 , 1040 , 852.14 , -22.4 , 92 , 29.32 , 2.800 , 0.033 , 3.05 , 299.67
218 , 1093 , 845.97 , -22.3 , 89 , 29.24 , 2.779 , 0.033 , 3.21 , 299.51
228 , 1150 , 839.51 , -21.9 , 84 , 29.18 , 2.750 , 0.033 , 3.38 , 299.34
238 , 1198 , 833.98 , -21.6 , 83 , 29.15 , 2.740 , 0.033 , 3.52 , 299.20
248 , 1253 , 827.79 , -20.8 , 62 , 29.08 , 2.725 , 0.033 , 3.69 , 299.04
258 , 1303 , 822.29 , -21.0 , 57 , 29.09 , 2.698 , 0.033 , 3.83 , 298.89
268 , 1351 , 816.97 , -21.3 , 56 , 29.08 , 2.689 , 0.033 , 3.97 , 298.76
278 , 1402 , 811.30 , -21.6 , 57 , 29.05 , 2.670 , 0.033 , 4.11 , 298.61
288 , 1452 , 805.76 , -22.0 , 59 , 28.97 , 2.658 , 0.033 , 4.26 , 298.46
298 , 1506 , 799.94 , -22.5 , 60 , 28.87 , 2.639 , 0.033 , 4.41 , 298.31
308 , 1563 , 793.73 , -23.0 , 63 , 28.79 , 2.618 , 0.033 , 4.57 , 298.15
318 , 1616 , 788.00 , -23.5 , 65 , 28.71 , 2.608 , 0.033 , 4.72 , 298.00
328 , 1670 , 782.19 , -24.0 , 67 , 28.67 , 2.584 , 0.033 , 4.87 , 297.85
338 , 1720 , 776.83 , -24.5 , 68 , 28.65 , 2.568 , 0.033 , 5.01 , 297.71
347 , 1772 , 771.25 , -25.0 , 71 , 28.65 , 2.550 , 0.033 , 5.16 , 297.56
357 , 1824 , 765.74 , -25.5 , 75 , 28.62 , 2.538 , 0.033 , 5.30 , 297.42
367 , 1878 , 760.10 , -25.8 , 80 , 28.59 , 2.520 , 0.033 , 5.45 , 297.27
376 , 1925 , 755.13 , -25.8 , 84 , 28.57 , 2.498 , 0.033 , 5.58 , 297.14
387 , 1977 , 749.76 , -24.2 , 68 , 28.59 , 2.483 , 0.033 , 5.72 , 297.00
397 , 2027 , 744.64 , -24.2 , 60 , 28.55 , 2.453 , 0.033 , 5.85 , 296.87
407 , 2083 , 738.95 , -24.4 , 60 , 28.53 , 2.423 , 0.033 , 6.00 , 296.72
416 , 2135 , 733.75 , -24.5 , 58 , 28.50 , 2.409 , 0.033 , 6.13 , 296.59
426 , 2186 , 728.55 , -23.5 , 40 , 28.41 , 2.415 , 0.033 , 6.27 , 296.45
436 , 2236 , 723.65 , -23.0 , 26 , 28.35 , 2.454 , 0.034 , 6.40 , 296.32
446 , 2290 , 718.33 , -22.6 , 23 , 28.30 , 2.444 , 0.034 , 6.54 , 296.18
456 , 2342 , 713.23 , -23.0 , 25 , 28.26 , 2.404 , 0.034 , 6.68 , 296.04
466 , 2387 , 708.91 , -23.3 , 23 , 28.25 , 2.379 , 0.034 , 6.79 , 295.93
476 , 2430 , 704.73 , -23.4 , 23 , 28.29 , 2.358 , 0.033 , 6.90 , 295.82
486 , 2479 , 700.01 , -23.6 , 26 , 28.25 , 2.330 , 0.033 , 7.03 , 295.69
496 , 2526 , 695.55 , -23.9 , 19 , 28.19 , 2.317 , 0.033 , 7.14 , 295.58
506 , 2574 , 690.91 , -24.3 , 18 , 28.15 , 2.289 , 0.033 , 7.27 , 295.45
516 , 2623 , 686.35 , -24.7 , 19 , 28.11 , 2.286 , 0.033 , 7.39 , 295.33
526 , 2678 , 681.10 , -25.2 , 19 , 28.05 , 2.264 , 0.033 , 7.52 , 295.20
535 , 2727 , 676.51 , -25.6 , 21 , 28.02 , 2.253 , 0.033 , 7.64 , 295.08
545 , 2775 , 672.11 , -26.0 , 22 , 27.97 , 2.227 , 0.033 , 7.76 , 294.96
555 , 2823 , 667.59 , -26.5 , 24 , 27.94 , 2.218 , 0.033 , 7.88 , 294.84
565 , 2876 , 662.76 , -27.0 , 27 , 27.93 , 2.203 , 0.033 , 8.00 , 294.72
575 , 2922 , 658.52 , -27.4 , 29 , 27.93 , 2.194 , 0.033 , 8.12 , 294.60
585 , 2971 , 654.06 , -27.9 , 30 , 27.94 , 2.186 , 0.033 , 8.23 , 294.49
595 , 3015 , 650.03 , -28.3 , 31 , 27.92 , 2.169 , 0.033 , 8.34 , 294.38
605 , 3066 , 645.41 , -28.8 , 35 , 27.85 , 2.152 , 0.033 , 8.46 , 294.26
615 , 3118 , 640.77 , -29.3 , 40 , 27.75 , 2.149 , 0.034 , 8.58 , 294.14
625 , 3167 , 636.37 , -29.7 , 44 , 27.65 , 2.134 , 0.034 , 8.70 , 294.02
635 , 3210 , 632.51 , -30.1 , 48 , 27.60 , 2.119 , 0.033 , 8.80 , 293.92
645 , 3252 , 628.85 , -30.5 , 52 , 27.61 , 2.107 , 0.034 , 8.90 , 293.82
655 , 3300 , 624.56 , -30.9 , 53 , 27.57 , 2.108 , 0.034 , 9.01 , 293.71
665 , 3357 , 619.55 , -31.4 , 48 , 27.49 , 2.084 , 0.034 , 9.15 , 293.57
675 , 3408 , 615.13 , -31.8 , 42 , 27.41 , 2.070 , 0.034 , 9.26 , 293.46
685 , 3461 , 610.56 , -32.1 , 36 , 27.35 , 2.047 , 0.034 , 9.38 , 293.34
695 , 3512 , 606.15 , -32.3 , 22 , 27.29 , 2.038 , 0.034 , 9.50 , 293.22
705 , 3568 , 601.34 , -32.6 , 14 , 27.22 , 2.042 , 0.034 , 9.63 , 293.09
714 , 3618 , 597.05 , -32.9 , 13 , 27.16 , 2.054 , 0.034 , 9.75 , 292.98
724 , 3665 , 593.10 , -33.2 , 13 , 27.11 , 2.039 , 0.034 , 9.85 , 292.87
734 , 3714 , 588.98 , -33.3 , 11 , 27.06 , 2.043 , 0.035 , 9.97 , 292.76
744 , 3765 , 584.68 , -33.7 , 11 , 27.00 , 2.038 , 0.035 , 10.08 , 292.64
754 , 3820 , 580.12 , -34.2 , 12 , 26.94 , 2.030 , 0.035 , 10.21 , 292.51
763 , 3864 , 576.48 , -34.6 , 13 , 26.87 , 2.022 , 0.035 , 10.31 , 292.41
773 , 3913 , 572.41 , -35.0 , 13 , 26.83 , 1.983 , 0.035 , 10.42 , 292.30
783 , 3962 , 568.46 , -35.2 , 11 , 26.78 , 1.963 , 0.035 , 10.53 , 292.19
793 , 4020 , 563.69 , -35.6 , 10 , 26.74 , 1.967 , 0.035 , 10.66 , 292.06
803 , 4078 , 559.02 , -36.1 , 12 , 26.66 , 1.979 , 0.035 , 10.79 , 291.93
813 , 4131 , 554.77 , -36.5 , 12 , 26.59 , 1.991 , 0.036 , 10.91 , 291.81
823 , 4183 , 550.61 , -36.8 , 10 , 26.58 , 1.996 , 0.036 , 11.03 , 291.69
833 , 4233 , 546.65 , -37.1 , 9 , 26.55 , 1.965 , 0.036 , 11.14 , 291.58
843 , 4279 , 543.03 , -37.4 , 9 , 26.53 , 1.946 , 0.036 , 11.24 , 291.48
853 , 4325 , 539.45 , -37.6 , 8 , 26.47 , 1.941 , 0.036 , 11.34 , 291.38
863 , 4373 , 535.66 , -37.9 , 8 , 26.47 , 1.929 , 0.036 , 11.45 , 291.27
873 , 4426 , 531.55 , -38.3 , 8 , 26.42 , 1.887 , 0.035 , 11.57 , 291.15
883 , 4473 , 527.92 , -38.7 , 7 , 26.39 , 1.866 , 0.035 , 11.67 , 291.05
893 , 4527 , 523.80 , -39.1 , 8 , 26.32 , 1.831 , 0.035 , 11.78 , 290.94
903 , 4584 , 519.48 , -39.4 , 8 , 26.21 , 1.814 , 0.035 , 11.90 , 290.82
913 , 4635 , 515.61 , -39.8 , 9 , 26.16 , 1.805 , 0.035 , 12.01 , 290.71
923 , 4684 , 511.91 , -40.1 , 8 , 26.12 , 1.800 , 0.035 , 12.11 , 290.61
933 , 4739 , 507.80 , -40.3 , 8 , 26.05 , 1.792 , 0.035 , 12.23 , 290.49
943 , 4790 , 504.02 , -40.7 , 8 , 25.99 , 1.794 , 0.036 , 12.33 , 290.39
953 , 4845 , 499.91 , -41.1 , 8 , 25.93 , 1.776 , 0.036 , 12.45 , 290.27
963 , 4891 , 496.55 , -41.3 , 8 , 25.92 , 1.777 , 0.036 , 12.54 , 290.18
973 , 4944 , 492.70 , -41.7 , 8 , 25.85 , 1.760 , 0.036 , 12.65 , 290.07
983 , 4994 , 489.07 , -42.1 , 8 , 25.81 , 1.753 , 0.036 , 12.75 , 289.97
993 , 5041 , 485.67 , -42.5 , 8 , 25.79 , 1.734 , 0.036 , 12.85 , 289.87
1003 , 5083 , 482.69 , -42.8 , 9 , 25.72 , 1.720 , 0.036 , 12.93 , 289.79
1012 , 5127 , 479.54 , -43.1 , 9 , 25.68 , 1.719 , 0.036 , 13.02 , 289.70
1022 , 5173 , 476.23 , -43.3 , 9 , 25.64 , 1.699 , 0.036 , 13.11 , 289.61
1032 , 5217 , 473.15 , -43.7 , 9 , 25.59 , 1.700 , 0.036 , 13.20 , 289.52
1042 , 5263 , 469.91 , -44.0 , 9 , 25.56 , 1.692 , 0.036 , 13.29 , 289.43
1052 , 5330 , 465.25 , -44.5 , 9 , 25.49 , 1.676 , 0.036 , 13.43 , 289.29
1062 , 5398 , 460.57 , -45.0 , 10 , 25.43 , 1.666 , 0.036 , 13.56 , 289.16
1072 , 5449 , 457.00 , -45.4 , 10 , 25.37 , 1.665 , 0.036 , 13.66 , 289.06
1082 , 5488 , 454.38 , -45.7 , 10 , 25.32 , 1.659 , 0.037 , 13.74 , 288.98
1092 , 5525 , 451.83 , -45.9 , 10 , 25.34 , 1.663 , 0.037 , 13.81 , 288.91
1102 , 5565 , 449.16 , -46.1 , 10 , 25.31 , 1.651 , 0.037 , 13.89 , 288.83
1112 , 5604 , 446.49 , -46.4 , 10 , 25.26 , 1.642 , 0.037 , 13.97 , 288.75
1122 , 5650 , 443.45 , -46.7 , 10 , 25.19 , 1.632 , 0.037 , 14.05 , 288.67
1132 , 5694 , 440.46 , -47.0 , 10 , 25.14 , 1.627 , 0.037 , 14.14 , 288.58
1142 , 5744 , 437.18 , -47.3 , 10 , 25.08 , 1.610 , 0.037 , 14.24 , 288.48
1152 , 5794 , 433.89 , -47.7 , 10 , 25.03 , 1.609 , 0.037 , 14.33 , 288.39
1162 , 5846 , 430.44 , -48.0 , 10 , 24.94 , 1.599 , 0.037 , 14.43 , 288.29
1172 , 5895 , 427.27 , -48.3 , 10 , 24.88 , 1.594 , 0.037 , 14.53 , 288.19
1182 , 5952 , 423.58 , -48.7 , 10 , 24.81 , 1.580 , 0.037 , 14.64 , 288.09
1192 , 6012 , 419.76 , -49.1 , 11 , 24.78 , 1.580 , 0.038 , 14.75 , 287.97
1202 , 6067 , 416.22 , -49.5 , 11 , 24.72 , 1.583 , 0.038 , 14.85 , 287.87
1212 , 6111 , 413.46 , -49.8 , 14 , 24.70 , 1.568 , 0.038 , 14.94 , 287.78
1222 , 6153 , 410.76 , -50.1 , 17 , 24.66 , 1.568 , 0.038 , 15.02 , 287.70
1232 , 6194 , 408.20 , -50.4 , 19 , 24.63 , 1.567 , 0.038 , 15.10 , 287.63
1242 , 6233 , 405.75 , -50.6 , 20 , 24.63 , 1.542 , 0.038 , 15.17 , 287.55
1252 , 6274 , 403.25 , -50.9 , 20 , 24.61 , 1.516 , 0.038 , 15.24 , 287.48
1262 , 6315 , 400.70 , -51.1 , 20 , 24.59 , 1.510 , 0.038 , 15.32 , 287.40
1272 , 6356 , 398.16 , -51.4 , 20 , 24.55 , 1.491 , 0.037 , 15.39 , 287.33
1282 , 6397 , 395.69 , -51.7 , 19 , 24.48 , 1.466 , 0.037 , 15.47 , 287.25
1292 , 6436 , 393.27 , -52.1 , 20 , 24.43 , 1.453 , 0.037 , 15.54 , 287.18
1302 , 6478 , 390.74 , -52.4 , 20 , 24.41 , 1.446 , 0.037 , 15.61 , 287.11
1311 , 6522 , 388.09 , -52.7 , 20 , 24.39 , 1.447 , 0.037 , 15.69 , 287.03
1320 , 6567 , 385.41 , -52.9 , 20 , 24.34 , 1.457 , 0.038 , 15.77 , 286.95
1330 , 6615 , 382.56 , -53.2 , 19 , 24.28 , 1.445 , 0.038 , 15.85 , 286.87
1340 , 6672 , 379.13 , -53.7 , 20 , 24.25 , 1.419 , 0.037 , 15.96 , 286.76
1350 , 6725 , 376.04 , -54.2 , 21 , 24.19 , 1.401 , 0.037 , 16.05 , 286.67
1360 , 6772 , 373.29 , -54.6 , 21 , 24.15 , 1.389 , 0.037 , 16.13 , 286.59
1370 , 6814 , 370.85 , -55.0 , 21 , 24.10 , 1.386 , 0.037 , 16.20 , 286.52
1380 , 6853 , 368.56 , -55.3 , 21 , 24.05 , 1.384 , 0.038 , 16.27 , 286.45
1390 , 6894 , 366.21 , -55.6 , 22 , 24.01 , 1.392 , 0.038 , 16.34 , 286.38
1400 , 6936 , 363.83 , -55.8 , 22 , 23.97 , 1.414 , 0.039 , 16.41 , 286.31
1410 , 6975 , 361.61 , -56.0 , 22 , 23.92 , 1.440 , 0.040 , 16.48 , 286.24
1420 , 7014 , 359.36 , -56.3 , 22 , 23.91 , 1.444 , 0.040 , 16.55 , 286.17
1430 , 7053 , 357.16 , -56.5 , 22 , 23.86 , 1.450 , 0.041 , 16.62 , 286.10
1440 , 7093 , 354.94 , -56.7 , 22 , 23.82 , 1.467 , 0.041 , 16.69 , 286.03
1450 , 7136 , 352.52 , -57.0 , 22 , 23.77 , 1.476 , 0.042 , 16.77 , 285.95
1460 , 7181 , 350.00 , -56.9 , 21 , 23.75 , 1.478 , 0.042 , 16.85 , 285.87
1470 , 7226 , 347.56 , -57.1 , 21 , 23.68 , 1.468 , 0.042 , 16.94 , 285.78
1480 , 7266 , 345.37 , -57.2 , 20 , 23.65 , 1.471 , 0.043 , 17.01 , 285.71
1490 , 7311 , 342.89 , -57.4 , 20 , 23.63 , 1.462 , 0.043 , 17.09 , 285.63
1500 , 7359 , 340.29 , -57.7 , 19 , 23.58 , 1.451 , 0.043 , 17.18 , 285.54
1510 , 7398 , 338.20 , -58.0 , 19 , 23.54 , 1.440 , 0.043 , 17.25 , 285.47
1520 , 7443 , 335.79 , -58.3 , 19 , 23.51 , 1.428 , 0.043 , 17.33 , 285.39
1530 , 7485 , 333.56 , -58.6 , 19 , 23.44 , 1.435 , 0.043 , 17.41 , 285.31
1540 , 7526 , 331.36 , -58.9 , 19 , 23.37 , 1.451 , 0.044 , 17.48 , 285.24
1550 , 7570 , 329.06 , -59.2 , 20 , 23.31 , 1.468 , 0.045 , 17.56 , 285.16
1560 , 7608 , 327.09 , -59.5 , 20 , 23.27 , 1.493 , 0.046 , 17.63 , 285.09
1570 , 7648 , 325.00 , -59.8 , 21 , 23.23 , 1.519 , 0.047 , 17.71 , 285.01
1580 , 7687 , 322.95 , -60.0 , 21 , 23.20 , 1.553 , 0.048 , 17.79 , 284.94
1590 , 7723 , 321.09 , -60.3 , 21 , 23.13 , 1.565 , 0.049 , 17.86 , 284.86
1600 , 7759 , 319.27 , -60.6 , 22 , 23.07 , 1.577 , 0.049 , 17.93 , 284.79
1609 , 7793 , 317.50 , -60.8 , 22 , 23.01 , 1.583 , 0.050 , 18.00 , 284.72
1618 , 7829 , 315.70 , -60.8 , 23 , 22.96 , 1.604 , 0.051 , 18.07 , 284.65
1628 , 7863 , 313.94 , -61.0 , 22 , 22.90 , 1.663 , 0.053 , 18.14 , 284.58
1638 , 7901 , 312.05 , -61.1 , 22 , 22.85 , 1.725 , 0.055 , 18.22 , 284.50
1648 , 7937 , 310.22 , -61.2 , 20 , 22.80 , 1.770 , 0.057 , 18.30 , 284.42
1658 , 7973 , 308.43 , -61.3 , 20 , 22.75 , 1.792 , 0.058 , 18.38 , 284.34
1668 , 8009 , 306.67 , -61.4 , 19 , 22.70 , 1.796 , 0.059 , 18.46 , 284.26
1678 , 8045 , 304.89 , -61.5 , 18 , 22.64 , 1.786 , 0.059 , 18.55 , 284.17
1688 , 8082 , 303.04 , -61.7 , 18 , 22.58 , 1.810 , 0.060 , 18.63 , 284.09
1698 , 8118 , 301.32 , -61.8 , 17 , 22.55 , 1.839 , 0.061 , 18.71 , 284.01
1708 , 8157 , 299.40 , -61.9 , 17 , 22.48 , 1.945 , 0.065 , 18.81 , 283.91
1718 , 8205 , 297.08 , -62.1 , 17 , 22.44 , 2.124 , 0.071 , 18.93 , 283.79
1728 , 8255 , 294.70 , -62.4 , 18 , 22.39 , 2.244 , 0.076 , 19.07 , 283.65
1738 , 8297 , 292.71 , -62.7 , 18 , 22.33 , 2.331 , 0.080 , 19.20 , 283.52
1748 , 8337 , 290.78 , -62.9 , 19 , 22.26 , 2.404 , 0.083 , 19.32 , 283.40
1757 , 8390 , 288.32 , -63.2 , 20 , 22.21 , 2.345 , 0.081 , 19.48 , 283.24
1767 , 8443 , 285.84 , -63.6 , 20 , 22.15 , 2.265 , 0.079 , 19.64 , 283.08
1777 , 8482 , 284.02 , -63.8 , 21 , 22.10 , 2.180 , 0.077 , 19.75 , 282.97
1787 , 8532 , 281.71 , -64.0 , 22 , 22.04 , 2.111 , 0.075 , 19.89 , 282.83
1797 , 8581 , 279.46 , -64.1 , 23 , 21.98 , 2.064 , 0.074 , 20.02 , 282.70
1807 , 8621 , 277.64 , -64.1 , 23 , 21.92 , 2.105 , 0.076 , 20.13 , 282.59
1817 , 8659 , 275.93 , -64.2 , 23 , 21.87 , 2.211 , 0.080 , 20.23 , 282.49
1827 , 8699 , 274.09 , -64.1 , 23 , 21.83 , 2.412 , 0.088 , 20.35 , 282.37
1837 , 8742 , 272.21 , -64.2 , 22 , 21.78 , 2.677 , 0.098 , 20.49 , 282.23
1847 , 8782 , 270.41 , -64.6 , 22 , 21.72 , 2.832 , 0.105 , 20.64 , 282.08
1857 , 8820 , 268.76 , -64.9 , 21 , 21.65 , 2.963 , 0.110 , 20.78 , 281.95
1867 , 8855 , 267.19 , -65.1 , 21 , 21.58 , 3.067 , 0.115 , 20.92 , 281.81
1877 , 8891 , 265.64 , -65.2 , 21 , 21.52 , 3.118 , 0.117 , 21.06 , 281.66
1887 , 8926 , 264.08 , -65.2 , 21 , 21.45 , 3.192 , 0.121 , 21.20 , 281.52
1897 , 8962 , 262.56 , -65.3 , 21 , 21.40 , 3.201 , 0.122 , 21.35 , 281.37
1907 , 8996 , 261.09 , -65.4 , 20 , 21.34 , 3.235 , 0.124 , 21.49 , 281.23
1917 , 9031 , 259.59 , -65.6 , 20 , 21.28 , 3.272 , 0.126 , 21.64 , 281.08
1926 , 9063 , 258.20 , -65.8 , 20 , 21.22 , 3.291 , 0.127 , 21.78 , 280.94
1936 , 9096 , 256.83 , -66.1 , 20 , 21.17 , 3.290 , 0.128 , 21.92 , 280.80
1946 , 9129 , 255.40 , -66.2 , 20 , 21.13 , 3.320 , 0.130 , 22.06 , 280.66
1956 , 9165 , 253.93 , -66.4 , 20 , 21.09 , 3.303 , 0.130 , 22.21 , 280.51
1966 , 9199 , 252.50 , -66.4 , 20 , 21.03 , 3.361 , 0.133 , 22.36 , 280.36
1976 , 9232 , 251.09 , -66.4 , 20 , 20.96 , 3.362 , 0.134 , 22.51 , 280.21
1986 , 9265 , 249.73 , -66.4 , 20 , 20.93 , 3.283 , 0.131 , 22.65 , 280.07
1996 , 9299 , 248.36 , -66.5 , 20 , 20.86 , 3.278 , 0.132 , 22.80 , 279.93
2006 , 9333 , 246.96 , -66.4 , 20 , 20.79 , 3.337 , 0.135 , 22.94 , 279.78
2016 , 9369 , 245.51 , -66.1 , 20 , 20.73 , 3.466 , 0.141 , 23.10 , 279.62
2025 , 9407 , 243.95 , -66.0 , 20 , 20.68 , 3.585 , 0.147 , 23.28 , 279.44
2035 , 9451 , 242.19 , -66.3 , 20 , 20.62 , 3.650 , 0.151 , 23.48 , 279.24
2045 , 9504 , 240.09 , -66.7 , 20 , 20.57 , 3.666 , 0.153 , 23.74 , 278.98
2055 , 9555 , 238.05 , -67.0 , 20 , 20.52 , 3.644 , 0.153 , 23.98 , 278.74
2065 , 9594 , 236.52 , -67.2 , 20 , 20.46 , 3.618 , 0.153 , 24.17 , 278.55
2075 , 9627 , 235.25 , -67.2 , 20 , 20.40 , 3.589 , 0.153 , 24.32 , 278.40
2085 , 9660 , 233.96 , -67.2 , 20 , 20.34 , 3.598 , 0.154 , 24.48 , 278.24
2095 , 9695 , 232.60 , -67.3 , 19 , 20.29 , 3.572 , 0.154 , 24.64 , 278.08
2105 , 9731 , 231.20 , -67.5 , 19 , 20.23 , 3.530 , 0.153 , 24.81 , 277.91
2115 , 9769 , 229.74 , -67.6 , 19 , 20.19 , 3.514 , 0.153 , 24.99 , 277.73
2125 , 9810 , 228.18 , -67.7 , 19 , 20.14 , 3.502 , 0.153 , 25.18 , 277.55
2135 , 9859 , 226.33 , -67.7 , 19 , 20.08 , 3.503 , 0.155 , 25.40 , 277.32
2145 , 9925 , 223.86 , -67.7 , 18 , 20.02 , 3.626 , 0.162 , 25.71 , 277.01
2155 , 9980 , 221.81 , -68.2 , 18 , 19.98 , 3.786 , 0.171 , 25.98 , 276.74
2165 , 10024 , 220.20 , -68.4 , 18 , 19.93 , 3.872 , 0.176 , 26.20 , 276.52
2175 , 10063 , 218.77 , -68.5 , 18 , 19.88 , 3.978 , 0.182 , 26.40 , 276.32
2185 , 10100 , 217.44 , -68.1 , 17 , 19.82 , 4.121 , 0.190 , 26.60 , 276.13
2195 , 10137 , 216.11 , -67.9 , 17 , 19.77 , 4.361 , 0.202 , 26.80 , 275.92
2205 , 10174 , 214.78 , -67.8 , 17 , 19.71 , 4.519 , 0.210 , 27.02 , 275.70
2215 , 10210 , 213.49 , -67.7 , 17 , 19.66 , 4.611 , 0.216 , 27.23 , 275.49
2225 , 10246 , 212.20 , -67.0 , 17 , 19.60 , 4.675 , 0.220 , 27.45 , 275.27
2234 , 10280 , 211.01 , -67.1 , 16 , 19.56 , 4.789 , 0.227 , 27.67 , 275.05
2244 , 10318 , 209.70 , -67.0 , 16 , 19.50 , 4.851 , 0.231 , 27.90 , 274.82
2254 , 10355 , 208.40 , -66.9 , 16 , 19.45 , 4.949 , 0.237 , 28.14 , 274.58
2264 , 10391 , 207.19 , -67.2 , 15 , 19.40 , 5.023 , 0.242 , 28.37 , 274.35
2274 , 10425 , 206.01 , -67.0 , 15 , 19.33 , 5.075 , 0.246 , 28.60 , 274.12
2284 , 10460 , 204.84 , -66.7 , 14 , 19.27 , 5.140 , 0.251 , 28.83 , 273.89
2294 , 10493 , 203.70 , -66.6 , 14 , 19.21 , 5.230 , 0.257 , 29.06 , 273.66
2304 , 10529 , 202.48 , -66.1 , 13 , 19.15 , 5.339 , 0.264 , 29.31 , 273.41
2314 , 10570 , 201.15 , -66.2 , 13 , 19.08 , 5.475 , 0.272 , 29.59 , 273.13
2324 , 10605 , 199.98 , -66.4 , 12 , 19.02 , 5.522 , 0.276 , 29.84 , 272.88
2334 , 10641 , 198.80 , -66.4 , 12 , 18.96 , 5.592 , 0.281 , 30.10 , 272.62
2344 , 10677 , 197.60 , -66.7 , 12 , 18.90 , 5.610 , 0.284 , 30.37 , 272.35
2354 , 10714 , 196.39 , -66.7 , 11 , 18.83 , 5.661 , 0.288 , 30.64 , 272.08
2364 , 10753 , 195.15 , -66.9 , 11 , 18.78 , 5.704 , 0.292 , 30.93 , 271.79
2374 , 10788 , 194.00 , -67.1 , 11 , 18.72 , 5.743 , 0.296 , 31.19 , 271.53
2384 , 10823 , 192.88 , -67.3 , 11 , 18.66 , 5.718 , 0.296 , 31.45 , 271.27
2394 , 10858 , 191.76 , -67.5 , 10 , 18.60 , 5.771 , 0.301 , 31.72 , 271.00
2404 , 10895 , 190.61 , -67.2 , 10 , 18.55 , 5.885 , 0.309 , 32.00 , 270.72
2414 , 10933 , 189.40 , -67.1 , 10 , 18.50 , 6.053 , 0.320 , 32.30 , 270.42
2424 , 10971 , 188.21 , -67.1 , 10 , 18.44 , 6.224 , 0.331 , 32.60 , 270.12
2434 , 11008 , 187.06 , -67.0 , 9 , 18.38 , 6.291 , 0.336 , 32.90 , 269.82
2444 , 11045 , 185.90 , -67.1 , 9 , 18.32 , 6.434 , 0.346 , 33.22 , 269.50
2454 , 11083 , 184.74 , -67.2 , 9 , 18.25 , 6.511 , 0.352 , 33.54 , 269.18
2464 , 11122 , 183.57 , -67.3 , 9 , 18.19 , 6.593 , 0.359 , 33.87 , 268.86
2474 , 11160 , 182.39 , -67.1 , 8 , 18.13 , 6.613 , 0.363 , 34.20 , 268.52
2484 , 11199 , 181.22 , -67.1 , 8 , 18.07 , 6.584 , 0.363 , 34.53 , 268.19
2494 , 11238 , 180.05 , -67.3 , 8 , 18.01 , 6.569 , 0.365 , 34.87 , 267.85
2504 , 11280 , 178.81 , -67.5 , 8 , 17.95 , 6.557 , 0.367 , 35.23 , 267.49
2514 , 11323 , 177.53 , -67.5 , 8 , 17.89 , 6.553 , 0.369 , 35.60 , 267.12
2524 , 11362 , 176.39 , -67.4 , 8 , 17.83 , 6.643 , 0.377 , 35.94 , 266.78
2534 , 11401 , 175.26 , -67.6 , 8 , 17.78 , 6.745 , 0.385 , 36.28 , 266.44
2543 , 11437 , 174.20 , -67.8 , 8 , 17.72 , 6.778 , 0.389 , 36.60 , 266.12
2553 , 11473 , 173.15 , -67.9 , 8 , 17.67 , 6.908 , 0.399 , 36.93 , 265.79
2563 , 11510 , 172.09 , -68.1 , 7 , 17.61 , 6.945 , 0.404 , 37.26 , 265.46
2573 , 11548 , 171.00 , -68.1 , 7 , 17.55 , 7.132 , 0.417 , 37.62 , 265.11
2583 , 11587 , 169.89 , -68.1 , 7 , 17.49 , 7.183 , 0.423 , 37.98 , 264.74
2593 , 11628 , 168.75 , -68.3 , 7 , 17.44 , 7.126 , 0.422 , 38.36 , 264.36
2603 , 11666 , 167.68 , -68.2 , 7 , 17.38 , 7.252 , 0.432 , 38.72 , 264.00
2613 , 11702 , 166.68 , -68.2 , 7 , 17.32 , 7.380 , 0.443 , 39.07 , 263.65
2623 , 11738 , 165.68 , -68.3 , 7 , 17.27 , 7.466 , 0.451 , 39.42 , 263.30
2633 , 11775 , 164.66 , -68.4 , 7 , 17.22 , 7.534 , 0.458 , 39.79 , 262.93
2643 , 11812 , 163.65 , -68.4 , 7 , 17.16 , 7.688 , 0.470 , 40.16 , 262.56
2653 , 11851 , 162.60 , -68.3 , 7 , 17.11 , 7.737 , 0.476 , 40.55 , 262.17
2663 , 11889 , 161.55 , -68.2 , 7 , 17.05 , 7.775 , 0.481 , 40.95 , 261.77
2673 , 11928 , 160.51 , -68.2 , 7 , 16.99 , 7.804 , 0.486 , 41.34 , 261.38
2683 , 11966 , 159.51 , -68.2 , 7 , 16.93 , 7.781 , 0.488 , 41.73 , 260.99
2693 , 12005 , 158.46 , -68.3 , 7 , 16.88 , 7.511 , 0.474 , 42.12 , 260.60
2703 , 12045 , 157.40 , -68.4 , 7 , 16.83 , 7.345 , 0.467 , 42.52 , 260.20
2713 , 12086 , 156.33 , -68.6 , 7 , 16.77 , 7.160 , 0.458 , 42.91 , 259.81
2723 , 12127 , 155.28 , -68.7 , 7 , 16.71 , 7.103 , 0.457 , 43.29 , 259.43
2733 , 12166 , 154.27 , -68.7 , 7 , 16.67 , 7.035 , 0.456 , 43.65 , 259.07
2743 , 12206 , 153.23 , -68.7 , 7 , 16.62 , 6.818 , 0.445 , 44.02 , 258.70
2753 , 12247 , 152.18 , -68.9 , 7 , 16.56 , 6.579 , 0.432 , 44.39 , 258.33
2763 , 12288 , 151.14 , -68.9 , 7 , 16.50 , 6.445 , 0.426 , 44.74 , 257.98
2773 , 12331 , 150.06 , -68.7 , 7 , 16.45 , 6.605 , 0.440 , 45.11 , 257.61
2783 , 12371 , 149.07 , -68.8 , 7 , 16.40 , 6.852 , 0.460 , 45.46 , 257.26
2793 , 12410 , 148.11 , -68.7 , 7 , 16.35 , 6.944 , 0.469 , 45.81 , 256.91
2803 , 12452 , 147.07 , -68.9 , 7 , 16.30 , 6.992 , 0.475 , 46.20 , 256.52
2813 , 12492 , 146.07 , -68.9 , 6 , 16.24 , 7.067 , 0.484 , 46.58 , 256.14
2823 , 12531 , 145.12 , -68.6 , 6 , 16.18 , 7.246 , 0.499 , 46.94 , 255.78
2833 , 12569 , 144.22 , -68.7 , 6 , 16.13 , 7.461 , 0.517 , 47.31 , 255.41
2843 , 12605 , 143.35 , -68.6 , 6 , 16.07 , 7.604 , 0.530 , 47.66 , 255.06
2852 , 12640 , 142.52 , -68.6 , 6 , 16.02 , 7.687 , 0.539 , 48.02 , 254.70
2862 , 12676 , 141.67 , -68.6 , 6 , 15.97 , 7.778 , 0.549 , 48.38 , 254.34
2872 , 12714 , 140.75 , -68.5 , 6 , 15.92 , 8.015 , 0.569 , 48.79 , 253.93
2882 , 12751 , 139.91 , -68.6 , 6 , 15.87 , 8.514 , 0.609 , 49.18 , 253.54
2892 , 12787 , 139.06 , -68.6 , 6 , 15.81 , 8.713 , 0.627 , 49.59 , 253.13
2902 , 12824 , 138.19 , -68.6 , 6 , 15.76 , 8.968 , 0.649 , 50.03 , 252.69
2912 , 12863 , 137.31 , -68.9 , 6 , 15.70 , 9.017 , 0.657 , 50.48 , 252.24
2922 , 12901 , 136.43 , -68.9 , 6 , 15.65 , 8.944 , 0.656 , 50.94 , 251.78
2932 , 12936 , 135.64 , -68.7 , 6 , 15.60 , 8.720 , 0.643 , 51.34 , 251.38
2942 , 12969 , 134.90 , -68.9 , 6 , 15.55 , 8.640 , 0.641 , 51.72 , 251.00
2952 , 13003 , 134.11 , -69.1 , 6 , 15.50 , 8.633 , 0.644 , 52.12 , 250.60
2962 , 13041 , 133.28 , -69.2 , 6 , 15.45 , 8.408 , 0.631 , 52.54 , 250.19
2972 , 13079 , 132.43 , -69.3 , 6 , 15.40 , 8.300 , 0.627 , 52.96 , 249.76
2982 , 13117 , 131.59 , -69.2 , 6 , 15.34 , 8.098 , 0.615 , 53.37 , 249.35
2992 , 13154 , 130.77 , -69.0 , 6 , 15.29 , 7.943 , 0.607 , 53.77 , 248.95
3002 , 13193 , 129.93 , -69.0 , 6 , 15.24 , 7.884 , 0.607 , 54.17 , 248.55
3012 , 13232 , 129.09 , -69.0 , 6 , 15.19 , 7.871 , 0.610 , 54.57 , 248.15
3022 , 13272 , 128.23 , -69.1 , 6 , 15.14 , 8.104 , 0.632 , 54.99 , 247.73
3032 , 13311 , 127.38 , -69.1 , 6 , 15.08 , 8.446 , 0.663 , 55.43 , 247.29
3042 , 13352 , 126.52 , -69.2 , 6 , 15.03 , 8.726 , 0.690 , 55.89 , 246.83
3052 , 13392 , 125.66 , -69.4 , 6 , 14.98 , 8.912 , 0.709 , 56.36 , 246.36
3062 , 13435 , 124.76 , -69.6 , 6 , 14.93 , 9.079 , 0.728 , 56.87 , 245.85
3072 , 13476 , 123.90 , -69.7 , 6 , 14.88 , 9.162 , 0.739 , 57.37 , 245.35
3082 , 13516 , 123.07 , -69.7 , 6 , 14.83 , 9.230 , 0.750 , 57.85 , 244.87
3092 , 13557 , 122.24 , -69.8 , 6 , 14.78 , 9.159 , 0.749 , 58.35 , 244.37
3102 , 13599 , 121.38 , -69.8 , 6 , 14.73 , 9.281 , 0.765 , 58.86 , 243.86
3112 , 13641 , 120.52 , -69.7 , 6 , 14.67 , 9.417 , 0.781 , 59.39 , 243.34
3122 , 13682 , 119.69 , -69.8 , 6 , 14.62 , 9.637 , 0.805 , 59.91 , 242.81
3132 , 13724 , 118.85 , -70.0 , 6 , 14.57 , 9.948 , 0.837 , 60.45 , 242.27
3142 , 13765 , 118.04 , -70.2 , 6 , 14.52 , 10.260 , 0.869 , 60.99 , 241.73
3151 , 13803 , 117.29 , -70.4 , 6 , 14.47 , 10.389 , 0.886 , 61.52 , 241.20
3161 , 13840 , 116.55 , -70.5 , 6 , 14.43 , 10.868 , 0.932 , 62.05 , 240.67
3171 , 13878 , 115.81 , -70.5 , 6 , 14.37 , 11.337 , 0.979 , 62.60 , 240.12
3181 , 13915 , 115.08 , -70.6 , 6 , 14.32 , 11.678 , 1.015 , 63.18 , 239.54
3191 , 13953 , 114.36 , -70.8 , 6 , 14.27 , 11.988 , 1.048 , 63.77 , 238.96
3201 , 13990 , 113.64 , -71.1 , 6 , 14.21 , 12.198 , 1.073 , 64.37 , 238.35
3211 , 14027 , 112.94 , -71.3 , 6 , 14.16 , 12.382 , 1.096 , 64.97 , 237.75
3221 , 14062 , 112.26 , -71.4 , 6 , 14.11 , 12.622 , 1.124 , 65.57 , 237.16
3231 , 14097 , 111.59 , -71.3 , 6 , 14.06 , 13.182 , 1.181 , 66.17 , 236.55
3241 , 14132 , 110.93 , -71.4 , 6 , 14.01 , 13.878 , 1.251 , 66.80 , 235.92
3251 , 14169 , 110.26 , -71.4 , 6 , 13.95 , 14.466 , 1.312 , 67.49 , 235.23
3261 , 14204 , 109.59 , -71.4 , 7 , 13.90 , 15.016 , 1.370 , 68.19 , 234.53
3271 , 14240 , 108.93 , -71.5 , 7 , 13.85 , 15.401 , 1.414 , 68.92 , 233.81
3281 , 14277 , 108.25 , -71.7 , 7 , 13.80 , 15.278 , 1.411 , 69.67 , 233.05
3291 , 14313 , 107.59 , -71.9 , 7 , 13.74 , 15.391 , 1.430 , 70.41 , 232.31
3301 , 14347 , 106.96 , -71.9 , 7 , 13.69 , 15.585 , 1.457 , 71.13 , 231.59
3311 , 14382 , 106.33 , -71.9 , 7 , 13.64 , 15.532 , 1.461 , 71.86 , 230.86
3321 , 14418 , 105.69 , -71.8 , 7 , 13.59 , 15.611 , 1.477 , 72.60 , 230.12
3331 , 14456 , 105.01 , -71.8 , 7 , 13.54 , 15.730 , 1.498 , 73.39 , 229.33
3341 , 14493 , 104.35 , -71.8 , 7 , 13.49 , 15.940 , 1.528 , 74.18 , 228.54
3351 , 14531 , 103.68 , -71.8 , 7 , 13.44 , 15.681 , 1.512 , 74.99 , 227.73
3361 , 14572 , 102.97 , -71.9 , 7 , 13.38 , 15.155 , 1.472 , 75.83 , 226.89
3371 , 14614 , 102.23 , -72.0 , 7 , 13.33 , 14.519 , 1.420 , 76.68 , 226.04
3381 , 14656 , 101.51 , -72.1 , 7 , 13.28 , 14.226 , 1.401 , 77.47 , 225.25
3391 , 14698 , 100.79 , -72.4 , 7 , 13.23 , 13.786 , 1.368 , 78.26 , 224.46
3401 , 14740 , 100.06 , -72.6 , 7 , 13.18 , 13.440 , 1.343 , 79.04 , 223.68
3411 , 14783 , 99.33 , -72.6 , 7 , 13.13 , 13.154 , 1.324 , 79.81 , 222.91
3421 , 14826 , 98.60 , -72.8 , 7 , 13.07 , 12.794 , 1.298 , 80.56 , 222.16
3431 , 14870 , 97.87 , -73.0 , 7 , 13.02 , 12.446 , 1.272 , 81.30 , 221.42
3441 , 14914 , 97.14 , -73.3 , 7 , 12.97 , 12.337 , 1.270 , 82.04 , 220.68
3451 , 14957 , 96.42 , -73.5 , 8 , 12.92 , 12.209 , 1.266 , 82.76 , 219.96
3461 , 15001 , 95.71 , -73.4 , 8 , 12.87 , 12.059 , 1.260 , 83.46 , 219.26
3470 , 15042 , 95.04 , -73.5 , 8 , 12.82 , 12.109 , 1.274 , 84.13 , 218.59
3479 , 15081 , 94.40 , -73.4 , 8 , 12.77 , 12.188 , 1.291 , 84.78 , 217.94
3489 , 15122 , 93.74 , -73.4 , 8 , 12.72 , 12.592 , 1.343 , 85.47 , 217.25
3499 , 15165 , 93.06 , -73.5 , 8 , 12.67 , 13.046 , 1.402 , 86.20 , 216.52
3509 , 15205 , 92.43 , -73.4 , 8 , 12.62 , 13.391 , 1.449 , 86.92 , 215.80
3519 , 15244 , 91.80 , -73.1 , 8 , 12.56 , 13.969 , 1.522 , 87.65 , 215.07
3529 , 15284 , 91.19 , -73.0 , 8 , 12.51 , 14.173 , 1.554 , 88.40 , 214.32
3539 , 15322 , 90.59 , -73.2 , 8 , 12.46 , 14.045 , 1.550 , 89.12 , 213.60
3549 , 15361 , 89.99 , -73.4 , 8 , 12.41 , 14.028 , 1.559 , 89.86 , 212.86
3559 , 15399 , 89.41 , -73.4 , 8 , 12.36 , 14.088 , 1.576 , 90.58 , 212.14
3569 , 15436 , 88.84 , -73.3 , 8 , 12.31 , 14.241 , 1.603 , 91.30 , 211.42
3579 , 15474 , 88.27 , -73.6 , 8 , 12.25 , 14.189 , 1.608 , 92.02 , 210.70
3589 , 15512 , 87.69 , -73.7 , 8 , 12.20 , 14.443 , 1.647 , 92.77 , 209.96
3599 , 15550 , 87.13 , -73.7 , 8 , 12.15 , 14.503 , 1.664 , 93.49 , 209.23
3609 , 15586 , 86.59 , -73.9 , 8 , 12.10 , 14.626 , 1.689 , 94.21 , 208.51
3619 , 15621 , 86.07 , -73.8 , 8 , 12.04 , 14.737 , 1.712 , 94.91 , 207.81
3629 , 15658 , 85.53 , -73.6 , 8 , 11.99 , 15.008 , 1.755 , 95.65 , 207.07
3639 , 15695 , 84.98 , -73.6 , 8 , 11.94 , 15.024 , 1.768 , 96.41 , 206.31
3649 , 15732 , 84.44 , -73.6 , 8 , 11.88 , 14.960 , 1.772 , 97.16 , 205.56
3659 , 15769 , 83.91 , -73.6 , 8 , 11.83 , 15.065 , 1.795 , 97.91 , 204.82
3669 , 15806 , 83.38 , -73.8 , 8 , 11.78 , 14.977 , 1.796 , 98.66 , 204.06
3678 , 15843 , 82.86 , -73.9 , 8 , 11.73 , 14.885 , 1.796 , 99.40 , 203.32
3688 , 15881 , 82.32 , -74.0 , 8 , 11.68 , 14.801 , 1.798 , 100.16 , 202.56
3698 , 15920 , 81.77 , -74.3 , 8 , 11.63 , 14.493 , 1.772 , 100.94 , 201.78
3708 , 15961 , 81.20 , -74.4 , 9 , 11.58 , 14.359 , 1.768 , 101.73 , 200.99
3718 , 16002 , 80.63 , -74.5 , 9 , 11.52 , 14.152 , 1.755 , 102.52 , 200.20
3728 , 16042 , 80.07 , -74.6 , 9 , 11.47 , 14.087 , 1.759 , 103.30 , 199.42
3738 , 16085 , 79.48 , -74.6 , 9 , 11.41 , 14.202 , 1.787 , 104.13 , 198.59
3748 , 16130 , 78.87 , -74.9 , 9 , 11.36 , 13.966 , 1.771 , 104.99 , 197.73
3758 , 16174 , 78.27 , -74.9 , 9 , 11.31 , 14.218 , 1.816 , 105.83 , 196.89
3768 , 16217 , 77.70 , -74.8 , 9 , 11.26 , 14.332 , 1.844 , 106.66 , 196.06
3777 , 16257 , 77.17 , -75.0 , 9 , 11.21 , 14.348 , 1.859 , 107.43 , 195.29
3787 , 16297 , 76.63 , -75.2 , 9 , 11.16 , 14.434 , 1.884 , 108.23 , 194.50
3797 , 16338 , 76.09 , -75.4 , 9 , 11.11 , 14.432 , 1.897 , 109.04 , 193.68
3807 , 16379 , 75.55 , -75.6 , 9 , 11.05 , 14.538 , 1.924 , 109.85 , 192.87
3817 , 16421 , 75.01 , -75.7 , 9 , 11.00 , 14.694 , 1.959 , 110.69 , 192.03
3827 , 16465 , 74.44 , -75.8 , 9 , 10.95 , 14.923 , 2.005 , 111.57 , 191.15
3837 , 16508 , 73.89 , -75.8 , 9 , 10.90 , 15.152 , 2.050 , 112.44 , 190.28
3847 , 16551 , 73.34 , -75.9 , 9 , 10.85 , 15.621 , 2.130 , 113.35 , 189.37
3857 , 16593 , 72.80 , -75.9 , 9 , 10.80 , 15.754 , 2.164 , 114.27 , 188.45
3866 , 16634 , 72.30 , -75.9 , 9 , 10.75 , 15.985 , 2.211 , 115.14 , 187.58
3876 , 16675 , 71.78 , -75.9 , 9 , 10.70 , 16.111 , 2.244 , 116.05 , 186.67
3886 , 16717 , 71.26 , -76.0 , 9 , 10.65 , 16.232 , 2.278 , 116.99 , 185.73
3896 , 16762 , 70.71 , -76.1 , 9 , 10.60 , 16.318 , 2.308 , 117.98 , 184.74
3906 , 16807 , 70.16 , -75.9 , 10 , 10.55 , 16.195 , 2.308 , 118.97 , 183.75
3916 , 16850 , 69.64 , -76.0 , 10 , 10.50 , 16.086 , 2.310 , 119.93 , 182.79
3926 , 16894 , 69.11 , -76.3 , 10 , 10.46 , 15.901 , 2.301 , 120.88 , 181.84
3936 , 16935 , 68.61 , -76.5 , 10 , 10.41 , 15.868 , 2.313 , 121.79 , 180.93
3946 , 16978 , 68.10 , -76.7 , 10 , 10.36 , 15.715 , 2.307 , 122.72 , 180.00
3956 , 17024 , 67.56 , -76.9 , 10 , 10.31 , 15.527 , 2.298 , 123.70 , 179.02
3966 , 17071 , 67.02 , -76.8 , 10 , 10.26 , 15.398 , 2.298 , 124.69 , 178.03
3976 , 17116 , 66.49 , -76.8 , 10 , 10.21 , 15.327 , 2.305 , 125.65 , 177.08
3986 , 17162 , 65.96 , -77.0 , 10 , 10.16 , 15.194 , 2.304 , 126.62 , 176.10
3996 , 17208 , 65.44 , -77.2 , 10 , 10.11 , 15.121 , 2.311 , 127.57 , 175.15
4006 , 17251 , 64.94 , -77.2 , 10 , 10.06 , 15.055 , 2.318 , 128.47 , 174.25
4016 , 17297 , 64.43 , -77.0 , 10 , 10.02 , 15.047 , 2.336 , 129.42 , 173.30
4026 , 17344 , 63.90 , -77.1 , 10 , 9.97 , 15.117 , 2.366 , 130.39 , 172.33
4036 , 17390 , 63.39 , -77.4 , 10 , 9.92 , 15.248 , 2.405 , 131.35 , 171.37
4046 , 17435 , 62.90 , -77.6 , 10 , 9.88 , 15.311 , 2.434 , 132.29 , 170.43
4056 , 17479 , 62.41 , -77.7 , 10 , 9.83 , 15.280 , 2.448 , 133.23 , 169.49
4066 , 17523 , 61.94 , -77.7 , 10 , 9.79 , 15.214 , 2.456 , 134.15 , 168.58
4076 , 17566 , 61.47 , -77.5 , 10 , 9.74 , 15.315 , 2.491 , 135.06 , 167.66
4086 , 17607 , 61.03 , -77.7 , 11 , 9.70 , 15.413 , 2.525 , 135.93 , 166.79
4095 , 17645 , 60.63 , -77.9 , 11 , 9.66 , 15.484 , 2.554 , 136.74 , 165.98
4104 , 17680 , 60.26 , -78.1 , 11 , 9.62 , 15.490 , 2.571 , 137.48 , 165.24
4114 , 17716 , 59.88 , -78.3 , 11 , 9.57 , 15.483 , 2.586 , 138.26 , 164.46
4124 , 17751 , 59.52 , -78.3 , 11 , 9.53 , 15.351 , 2.579 , 139.00 , 163.72
4134 , 17785 , 59.15 , -78.1 , 11 , 9.49 , 15.346 , 2.594 , 139.74 , 162.99
4144 , 17818 , 58.81 , -78.0 , 11 , 9.44 , 15.519 , 2.639 , 140.44 , 162.28
4154 , 17851 , 58.48 , -77.7 , 11 , 9.40 , 15.523 , 2.654 , 141.14 , 161.58
4164 , 17885 , 58.14 , -77.4 , 11 , 9.36 , 15.508 , 2.668 , 141.86 , 160.86
4174 , 17918 , 57.80 , -77.4 , 11 , 9.32 , 15.460 , 2.675 , 142.56 , 160.16
4184 , 17951 , 57.47 , -77.5 , 11 , 9.28 , 15.643 , 2.722 , 143.27 , 159.45
4194 , 17985 , 57.13 , -77.6 , 11 , 9.24 , 15.565 , 2.725 , 144.00 , 158.72
4204 , 18020 , 56.78 , -77.7 , 11 , 9.20 , 15.573 , 2.743 , 144.75 , 157.97
4214 , 18058 , 56.40 , -77.3 , 11 , 9.16 , 15.559 , 2.758 , 145.57 , 157.15
4224 , 18096 , 56.04 , -77.3 , 11 , 9.12 , 15.616 , 2.787 , 146.38 , 156.34
4234 , 18133 , 55.67 , -77.4 , 11 , 9.08 , 15.765 , 2.832 , 147.20 , 155.52
4243 , 18170 , 55.31 , -77.3 , 11 , 9.05 , 15.838 , 2.863 , 147.99 , 154.73
4253 , 18207 , 54.96 , -77.4 , 11 , 9.01 , 15.855 , 2.885 , 148.80 , 153.92
4263 , 18249 , 54.56 , -77.5 , 11 , 8.97 , 15.903 , 2.915 , 149.72 , 153.00
4273 , 18292 , 54.15 , -77.6 , 11 , 8.93 , 15.927 , 2.942 , 150.66 , 152.06
4283 , 18335 , 53.74 , -77.6 , 11 , 8.89 , 15.978 , 2.973 , 151.61 , 151.11
4293 , 18379 , 53.33 , -77.2 , 11 , 8.85 , 15.954 , 2.991 , 152.57 , 150.15
4303 , 18426 , 52.90 , -77.2 , 11 , 8.81 , 15.882 , 3.002 , 153.60 , 149.12
4313 , 18474 , 52.45 , -77.5 , 11 , 8.77 , 15.862 , 3.024 , 154.66 , 148.06
4323 , 18525 , 51.99 , -77.8 , 11 , 8.73 , 15.944 , 3.067 , 155.77 , 146.95
4333 , 18577 , 51.52 , -78.1 , 11 , 8.69 , 15.836 , 3.074 , 156.91 , 145.81
4343 , 18629 , 51.05 , -78.0 , 11 , 8.65 , 15.775 , 3.090 , 158.05 , 144.67
4353 , 18680 , 50.60 , -77.9 , 11 , 8.61 , 15.724 , 3.108 , 159.16 , 143.56
4363 , 18730 , 50.15 , -77.9 , 11 , 8.57 , 15.735 , 3.137 , 160.25 , 142.47
4373 , 18781 , 49.71 , -78.0 , 11 , 8.53 , 15.665 , 3.151 , 161.35 , 141.37
4383 , 18832 , 49.27 , -78.0 , 11 , 8.49 , 15.459 , 3.137 , 162.44 , 140.28
4393 , 18881 , 48.84 , -77.9 , 11 , 8.46 , 15.428 , 3.159 , 163.50 , 139.22
4402 , 18927 , 48.46 , -78.0 , 11 , 8.42 , 15.318 , 3.161 , 164.47 , 138.25
4411 , 18971 , 48.08 , -78.3 , 11 , 8.39 , 15.217 , 3.165 , 165.41 , 137.31
4421 , 19015 , 47.71 , -78.6 , 11 , 8.35 , 15.159 , 3.177 , 166.33 , 136.39
4431 , 19062 , 47.33 , -78.6 , 11 , 8.31 , 15.033 , 3.176 , 167.30 , 135.42
4441 , 19106 , 46.96 , -78.5 , 11 , 8.27 , 14.962 , 3.186 , 168.23 , 134.49
4451 , 19151 , 46.59 , -78.2 , 11 , 8.23 , 14.881 , 3.194 , 169.14 , 133.58
4461 , 19194 , 46.24 , -78.2 , 11 , 8.19 , 14.873 , 3.216 , 170.03 , 132.69
4471 , 19237 , 45.89 , -78.3 , 11 , 8.15 , 14.805 , 3.226 , 170.93 , 131.79
4481 , 19280 , 45.54 , -78.2 , 11 , 8.11 , 14.720 , 3.232 , 171.81 , 130.92
4491 , 19326 , 45.19 , -78.0 , 11 , 8.07 , 14.752 , 3.265 , 172.72 , 130.00
4501 , 19368 , 44.85 , -77.8 , 11 , 8.02 , 14.753 , 3.290 , 173.60 , 129.12
4511 , 19411 , 44.52 , -78.0 , 11 , 7.98 , 14.746 , 3.313 , 174.46 , 128.26
4521 , 19453 , 44.19 , -78.0 , 11 , 7.94 , 14.721 , 3.331 , 175.31 , 127.41
4531 , 19497 , 43.85 , -78.1 , 11 , 7.90 , 14.744 , 3.362 , 176.22 , 126.50
4541 , 19541 , 43.52 , -78.3 , 11 , 7.85 , 14.690 , 3.376 , 177.10 , 125.62
4551 , 19584 , 43.19 , -78.5 , 11 , 7.81 , 14.657 , 3.394 , 177.98 , 124.74
4561 , 19628 , 42.85 , -78.7 , 11 , 7.76 , 14.593 , 3.405 , 178.87 , 123.85
4571 , 19673 , 42.52 , -79.0 , 11 , 7.72 , 14.507 , 3.412 , 179.78 , 122.94
4581 , 19720 , 42.17 , -79.1 , 11 , 7.67 , 14.583 , 3.458 , 180.73 , 121.99
4591 , 19767 , 41.82 , -79.1 , 11 , 7.63 , 14.565 , 3.483 , 181.69 , 121.03
4601 , 19815 , 41.47 , -79.3 , 11 , 7.58 , 14.475 , 3.491 , 182.65 , 120.07
4611 , 19866 , 41.10 , -79.5 , 11 , 7.53 , 14.436 , 3.513 , 183.67 , 119.05
4621 , 19916 , 40.73 , -79.5 , 11 , 7.48 , 14.354 , 3.524 , 184.69 , 118.03
4631 , 19967 , 40.37 , -79.1 , 11 , 7.43 , 14.319 , 3.547 , 185.71 , 117.01
4641 , 20018 , 40.01 , -78.8 , 11 , 7.38 , 14.432 , 3.607 , 186.73 , 115.99
4651 , 20071 , 39.64 , -79.0 , 11 , 7.33 , 14.308 , 3.610 , 187.78 , 114.94
4660 , 20120 , 39.30 , -79.4 , 11 , 7.28 , 14.239 , 3.623 , 188.75 , 113.97
4670 , 20167 , 38.97 , -79.6 , 11 , 7.23 , 14.114 , 3.621 , 189.67 , 113.05
4680 , 20215 , 38.64 , -79.8 , 11 , 7.17 , 14.010 , 3.626 , 190.62 , 112.10
4690 , 20261 , 38.33 , -79.7 , 11 , 7.11 , 13.929 , 3.634 , 191.52 , 111.20
4700 , 20307 , 38.02 , -79.8 , 11 , 7.06 , 13.886 , 3.652 , 192.40 , 110.32
4710 , 20352 , 37.72 , -79.9 , 11 , 7.01 , 13.819 , 3.664 , 193.27 , 109.45
4720 , 20396 , 37.43 , -79.6 , 11 , 6.95 , 13.818 , 3.692 , 194.12 , 108.60
4729 , 20437 , 37.16 , -79.6 , 11 , 6.90 , 13.872 , 3.733 , 194.91 , 107.81
4739 , 20475 , 36.91 , -79.5 , 11 , 6.85 , 13.881 , 3.761 , 195.65 , 107.07
4749 , 20515 , 36.65 , -79.2 , 11 , 6.79 , 13.874 , 3.785 , 196.41 , 106.31
4759 , 20554 , 36.40 , -78.8 , 11 , 6.74 , 13.885 , 3.815 , 197.17 , 105.55
4769 , 20590 , 36.17 , -78.8 , 11 , 6.68 , 13.897 , 3.842 , 197.86 , 104.86
4779 , 20628 , 35.93 , -79.0 , 11 , 6.63 , 13.868 , 3.860 , 198.59 , 104.13
4789 , 20663 , 35.71 , -79.1 , 11 , 6.58 , 13.853 , 3.879 , 199.26 , 103.46
4799 , 20699 , 35.48 , -79.3 , 11 , 6.53 , 13.835 , 3.899 , 199.97 , 102.75
4808 , 20733 , 35.27 , -79.5 , 11 , 6.48 , 13.778 , 3.907 , 200.62 , 102.10
4818 , 20767 , 35.06 , -79.6 , 11 , 6.43 , 13.749 , 3.922 , 201.27 , 101.45
4828 , 20803 , 34.84 , -79.3 , 11 , 6.38 , 13.717 , 3.937 , 201.95 , 100.77
4838 , 20840 , 34.61 , -79.3 , 11 , 6.33 , 13.644 , 3.942 , 202.66 , 100.07
4848 , 20876 , 34.39 , -79.4 , 11 , 6.28 , 13.595 , 3.953 , 203.35 , 99.37
4858 , 20918 , 34.14 , -79.5 , 11 , 6.23 , 13.502 , 3.955 , 204.14 , 98.58
4868 , 20959 , 33.89 , -79.5 , 11 , 6.18 , 13.348 , 3.938 , 204.89 , 97.83
4878 , 21001 , 33.64 , -79.6 , 11 , 6.13 , 13.121 , 3.900 , 205.68 , 97.04
4888 , 21046 , 33.38 , -79.6 , 11 , 6.08 , 12.890 , 3.862 , 206.49 , 96.23
4898 , 21094 , 33.10 , -79.8 , 11 , 6.04 , 12.652 , 3.823 , 207.34 , 95.39
4908 , 21144 , 32.80 , -79.8 , 11 , 5.99 , 12.521 , 3.817 , 208.21 , 94.51
4918 , 21193 , 32.52 , -80.0 , 11 , 5.94 , 12.358 , 3.800 , 209.08 , 93.64
4928 , 21245 , 32.22 , -80.3 , 11 , 5.90 , 12.224 , 3.794 , 209.96 , 92.76
4938 , 21298 , 31.92 , -80.4 , 11 , 5.86 , 12.099 , 3.790 , 210.86 , 91.86
4948 , 21352 , 31.62 , -80.4 , 11 , 5.81 , 11.965 , 3.784 , 211.77 , 90.95
4958 , 21406 , 31.31 , -80.1 , 11 , 5.77 , 11.813 , 3.772 , 212.67 , 90.05
4968 , 21460 , 31.02 , -80.1 , 11 , 5.73 , 11.693 , 3.770 , 213.55 , 89.17
4978 , 21512 , 30.74 , -80.1 , 11 , 5.69 , 11.589 , 3.771 , 214.40 , 88.32
4988 , 21565 , 30.45 , -80.1 , 11 , 5.65 , 11.552 , 3.794 , 215.25 , 87.47
4998 , 21616 , 30.17 , -80.1 , 11 , 5.62 , 11.492 , 3.809 , 216.08 , 86.64
5008 , 21665 , 29.91 , -79.7 , 11 , 5.58 , 11.504 , 3.846 , 216.87 , 85.85
5018 , 21715 , 29.65 , -79.7 , 11 , 5.54 , 11.566 , 3.901 , 217.67 , 85.05
5027 , 21760 , 29.41 , -79.9 , 11 , 5.50 , 11.596 , 3.943 , 218.40 , 84.32
5036 , 21804 , 29.19 , -79.9 , 11 , 5.47 , 11.621 , 3.982 , 219.11 , 83.61
5045 , 21843 , 28.99 , -79.8 , 11 , 5.43 , 11.622 , 4.010 , 219.74 , 82.98
5055 , 21885 , 28.77 , -79.8 , 11 , 5.39 , 11.656 , 4.051 , 220.42 , 82.30
5065 , 21928 , 28.55 , -80.0 , 11 , 5.35 , 11.643 , 4.078 , 221.13 , 81.59
5075 , 21971 , 28.34 , -80.1 , 11 , 5.31 , 11.594 , 4.091 , 221.82 , 80.90
5085 , 22014 , 28.13 , -80.2 , 11 , 5.27 , 11.546 , 4.105 , 222.51 , 80.21
5095 , 22055 , 27.92 , -80.4 , 11 , 5.24 , 11.495 , 4.117 , 223.17 , 79.55
5105 , 22097 , 27.71 , -80.4 , 11 , 5.20 , 11.459 , 4.135 , 223.85 , 78.87
5115 , 22140 , 27.50 , -80.3 , 11 , 5.16 , 11.339 , 4.123 , 224.54 , 78.18
5125 , 22183 , 27.29 , -80.1 , 10 , 5.12 , 11.304 , 4.142 , 225.22 , 77.50
5135 , 22229 , 27.07 , -79.7 , 10 , 5.08 , 11.273 , 4.164 , 225.95 , 76.78
5144 , 22274 , 26.86 , -79.5 , 10 , 5.05 , 11.157 , 4.154 , 226.65 , 76.07
5154 , 22317 , 26.65 , -79.3 , 10 , 5.01 , 10.982 , 4.120 , 227.31 , 75.41
5164 , 22366 , 26.43 , -79.4 , 10 , 4.97 , 10.761 , 4.072 , 228.05 , 74.67
5174 , 22415 , 26.20 , -79.4 , 10 , 4.93 , 10.608 , 4.049 , 228.77 , 73.95
5184 , 22465 , 25.97 , -79.3 , 10 , 4.88 , 10.450 , 4.024 , 229.51 , 73.21
5194 , 22513 , 25.75 , -79.5 , 10 , 4.84 , 10.261 , 3.985 , 230.21 , 72.52
5204 , 22565 , 25.52 , -79.5 , 10 , 4.80 , 10.121 , 3.967 , 230.93 , 71.79
5214 , 22615 , 25.29 , -79.6 , 10 , 4.75 , 9.989 , 3.950 , 231.64 , 71.08
5224 , 22666 , 25.06 , -79.5 , 10 , 4.71 , 9.813 , 3.915 , 232.34 , 70.38
5234 , 22718 , 24.84 , -79.4 , 10 , 4.67 , 9.627 , 3.876 , 233.04 , 69.68
5244 , 22767 , 24.62 , -79.6 , 10 , 4.64 , 9.317 , 3.784 , 233.69 , 69.03
5254 , 22818 , 24.40 , -79.7 , 10 , 4.60 , 9.004 , 3.690 , 234.34 , 68.38
5264 , 22866 , 24.19 , -79.7 , 10 , 4.57 , 8.700 , 3.596 , 234.93 , 67.79
5274 , 22916 , 23.98 , -79.6 , 10 , 4.55 , 8.421 , 3.511 , 235.53 , 67.19
5284 , 22963 , 23.79 , -79.3 , 10 , 4.52 , 8.162 , 3.431 , 236.07 , 66.65
5294 , 23008 , 23.60 , -79.2 , 10 , 4.49 , 7.886 , 3.342 , 236.57 , 66.15
5304 , 23054 , 23.41 , -79.3 , 10 , 4.47 , 7.628 , 3.259 , 237.07 , 65.65
5314 , 23100 , 23.22 , -79.0 , 10 , 4.45 , 7.400 , 3.187 , 237.55 , 65.17
5324 , 23145 , 23.04 , -79.0 , 10 , 4.43 , 7.160 , 3.108 , 238.00 , 64.72
5334 , 23188 , 22.86 , -79.1 , 10 , 4.40 , 6.960 , 3.044 , 238.42 , 64.30
5344 , 23232 , 22.68 , -79.1 , 10 , 4.38 , 6.804 , 2.999 , 238.85 , 63.87
5353 , 23275 , 22.51 , -79.1 , 10 , 4.35 , 6.699 , 2.976 , 239.25 , 63.47
5362 , 23314 , 22.36 , -79.0 , 10 , 4.32 , 6.604 , 2.953 , 239.61 , 63.11
5372 , 23356 , 22.19 , -78.9 , 10 , 4.28 , 6.561 , 2.956 , 240.00 , 62.72
5382 , 23397 , 22.03 , -78.2 , 10 , 4.25 , 6.584 , 2.988 , 240.37 , 62.35
5392 , 23443 , 21.86 , -77.8 , 9 , 4.21 , 6.750 , 3.088 , 240.79 , 61.93
5402 , 23485 , 21.70 , -77.7 , 9 , 4.18 , 6.913 , 3.186 , 241.19 , 61.53
5412 , 23531 , 21.52 , -77.7 , 9 , 4.14 , 7.020 , 3.261 , 241.63 , 61.09
5422 , 23574 , 21.36 , -77.4 , 9 , 4.12 , 7.077 , 3.313 , 242.05 , 60.67
5432 , 23617 , 21.21 , -77.0 , 9 , 4.10 , 7.090 , 3.344 , 242.46 , 60.26
5442 , 23664 , 21.03 , -76.9 , 9 , 4.07 , 7.084 , 3.368 , 242.93 , 59.79
5452 , 23706 , 20.88 , -76.9 , 9 , 4.05 , 7.071 , 3.387 , 243.33 , 59.39
5462 , 23750 , 20.72 , -76.9 , 9 , 4.03 , 7.021 , 3.389 , 243.76 , 58.96
5472 , 23796 , 20.55 , -77.1 , 9 , 4.01 , 6.978 , 3.395 , 244.20 , 58.52
5482 , 23838 , 20.40 , -77.1 , 9 , 3.98 , 6.940 , 3.402 , 244.61 , 58.11
5492 , 23885 , 20.24 , -77.1 , 9 , 3.96 , 6.915 , 3.417 , 245.05 , 57.67
5502 , 23933 , 20.07 , -77.0 , 9 , 3.93 , 6.876 , 3.426 , 245.50 , 57.22
5512 , 23979 , 19.91 , -77.1 , 9 , 3.90 , 6.853 , 3.443 , 245.94 , 56.78
5522 , 24028 , 19.74 , -77.0 , 9 , 3.86 , 6.836 , 3.463 , 246.40 , 56.32
5532 , 24077 , 19.57 , -77.0 , 8 , 3.82 , 6.816 , 3.483 , 246.86 , 55.86
5542 , 24125 , 19.41 , -77.0 , 8 , 3.78 , 6.809 , 3.508 , 247.31 , 55.41
5552 , 24176 , 19.24 , -76.8 , 8 , 3.74 , 6.814 , 3.542 , 247.79 , 54.93
5561 , 24223 , 19.08 , -76.6 , 8 , 3.69 , 6.847 , 3.588 , 248.22 , 54.50
5571 , 24266 , 18.94 , -76.8 , 8 , 3.65 , 6.863 , 3.624 , 248.64 , 54.08
5581 , 24315 , 18.78 , -76.6 , 8 , 3.60 , 6.885 , 3.667 , 249.10 , 53.62
5591 , 24364 , 18.62 , -76.4 , 8 , 3.55 , 6.918 , 3.715 , 249.56 , 53.16
5601 , 24414 , 18.46 , -76.2 , 8 , 3.50 , 6.891 , 3.734 , 250.04 , 52.69
5611 , 24465 , 18.29 , -76.2 , 8 , 3.44 , 6.855 , 3.747 , 250.51 , 52.21
5621 , 24515 , 18.14 , -76.3 , 8 , 3.39 , 6.792 , 3.745 , 250.98 , 51.74
5631 , 24567 , 17.97 , -76.5 , 8 , 3.34 , 6.686 , 3.719 , 251.46 , 51.26
5641 , 24618 , 17.82 , -76.4 , 7 , 3.28 , 6.569 , 3.687 , 251.92 , 50.80
5651 , 24670 , 17.66 , -76.5 , 7 , 3.23 , 6.474 , 3.667 , 252.38 , 50.34
5660 , 24719 , 17.51 , -76.5 , 7 , 3.18 , 6.406 , 3.659 , 252.82 , 49.90
5669 , 24764 , 17.37 , -76.6 , 7 , 3.13 , 6.333 , 3.647 , 253.22 , 49.50
5679 , 24813 , 17.22 , -76.7 , 7 , 3.08 , 6.258 , 3.634 , 253.64 , 49.08
5689 , 24863 , 17.07 , -76.9 , 7 , 3.03 , 6.207 , 3.636 , 254.07 , 48.65
5699 , 24919 , 16.91 , -76.8 , 7 , 2.97 , 6.140 , 3.632 , 254.54 , 48.18
5709 , 24969 , 16.76 , -76.9 , 7 , 2.93 , 6.006 , 3.583 , 254.95 , 47.77
5719 , 25020 , 16.61 , -76.9 , 7 , 2.88 , 5.903 , 3.553 , 255.38 , 47.35
5729 , 25072 , 16.46 , -76.9 , 7 , 2.83 , 5.827 , 3.540 , 255.79 , 46.93
5739 , 25123 , 16.32 , -77.2 , 7 , 2.79 , 5.751 , 3.525 , 256.20 , 46.53
5749 , 25175 , 16.17 , -77.2 , 7 , 2.75 , 5.696 , 3.523 , 256.61 , 46.11
5759 , 25223 , 16.03 , -77.1 , 6 , 2.71 , 5.653 , 3.525 , 256.98 , 45.74
5769 , 25273 , 15.90 , -76.7 , 6 , 2.67 , 5.600 , 3.523 , 257.37 , 45.35
5779 , 25322 , 15.76 , -76.3 , 6 , 2.64 , 5.534 , 3.511 , 257.74 , 44.98
5789 , 25369 , 15.63 , -76.1 , 6 , 2.60 , 5.481 , 3.506 , 258.10 , 44.62
5799 , 25417 , 15.50 , -76.0 , 6 , 2.57 , 5.422 , 3.497 , 258.46 , 44.26
5809 , 25463 , 15.38 , -75.8 , 6 , 2.53 , 5.389 , 3.503 , 258.79 , 43.93
5819 , 25509 , 15.26 , -75.7 , 6 , 2.49 , 5.354 , 3.508 , 259.13 , 43.59
5829 , 25554 , 15.14 , -75.6 , 6 , 2.46 , 5.318 , 3.512 , 259.46 , 43.26
5839 , 25598 , 15.03 , -75.2 , 6 , 2.43 , 5.258 , 3.499 , 259.78 , 42.94
5849 , 25642 , 14.91 , -75.0 , 6 , 2.41 , 5.199 , 3.486 , 260.09 , 42.63
5859 , 25686 , 14.80 , -74.6 , 6 , 2.39 , 5.137 , 3.471 , 260.40 , 42.32
5869 , 25729 , 14.69 , -74.3 , 6 , 2.37 , 5.083 , 3.460 , 260.70 , 42.03
5879 , 25773 , 14.58 , -74.2 , 5 , 2.36 , 5.018 , 3.442 , 261.00 , 41.72
5889 , 25816 , 14.47 , -74.0 , 5 , 2.35 , 4.952 , 3.422 , 261.29 , 41.43
5899 , 25861 , 14.36 , -74.1 , 5 , 2.34 , 4.926 , 3.430 , 261.59 , 41.13
5909 , 25905 , 14.25 , -74.1 , 5 , 2.32 , 4.898 , 3.436 , 261.88 , 40.84
5919 , 25952 , 14.14 , -74.2 , 5 , 2.30 , 4.871 , 3.445 , 262.19 , 40.53
5929 , 25996 , 14.03 , -74.4 , 5 , 2.28 , 4.856 , 3.460 , 262.48 , 40.24
5939 , 26042 , 13.92 , -74.4 , 5 , 2.26 , 4.842 , 3.478 , 262.79 , 39.94
5949 , 26090 , 13.81 , -74.3 , 5 , 2.24 , 4.825 , 3.494 , 263.10 , 39.62
5959 , 26135 , 13.70 , -74.3 , 5 , 2.21 , 4.767 , 3.479 , 263.40 , 39.32
5969 , 26183 , 13.59 , -74.2 , 5 , 2.18 , 4.695 , 3.455 , 263.70 , 39.02
5979 , 26231 , 13.48 , -74.0 , 5 , 2.15 , 4.640 , 3.443 , 264.01 , 38.71
5989 , 26276 , 13.37 , -73.9 , 4 , 2.12 , 4.607 , 3.445 , 264.29 , 38.43
5999 , 26323 , 13.27 , -73.6 , 4 , 2.08 , 4.592 , 3.461 , 264.58 , 38.14
6008 , 26366 , 13.17 , -73.3 , 4 , 2.04 , 4.586 , 3.482 , 264.84 , 37.88
6018 , 26413 , 13.06 , -73.3 , 4 , 2.01 , 4.572 , 3.500 , 265.13 , 37.59
6028 , 26456 , 12.97 , -73.5 , 4 , 1.97 , 4.541 , 3.502 , 265.40 , 37.32
6038 , 26503 , 12.86 , -73.5 , 4 , 1.92 , 4.523 , 3.516 , 265.69 , 37.03
6048 , 26548 , 12.77 , -73.3 , 4 , 1.87 , 4.506 , 3.530 , 265.96 , 36.76
6058 , 26596 , 12.66 , -73.0 , 4 , 1.82 , 4.480 , 3.538 , 266.25 , 36.47
6068 , 26645 , 12.56 , -72.3 , 4 , 1.78 , 4.468 , 3.558 , 266.55 , 36.17
6078 , 26689 , 12.46 , -71.6 , 3 , 1.73 , 4.456 , 3.576 , 266.81 , 35.91
6088 , 26732 , 12.37 , -71.3 , 3 , 1.68 , 4.431 , 3.582 , 267.07 , 35.65
6098 , 26775 , 12.28 , -71.6 , 3 , 1.63 , 4.386 , 3.571 , 267.32 , 35.40
6108 , 26818 , 12.19 , -71.9 , 3 , 1.58 , 4.330 , 3.551 , 267.57 , 35.15
6118 , 26860 , 12.11 , -72.2 , 3 , 1.54 , 4.277 , 3.533 , 267.82 , 34.90
6128 , 26901 , 12.02 , -71.8 , 3 , 1.49 , 4.214 , 3.505 , 268.05 , 34.67
6138 , 26948 , 11.93 , -71.2 , 3 , 1.44 , 4.150 , 3.480 , 268.31 , 34.41
6148 , 26992 , 11.84 , -71.3 , 3 , 1.39 , 4.110 , 3.471 , 268.55 , 34.17
6158 , 27035 , 11.75 , -71.4 , 3 , 1.34 , 4.061 , 3.456 , 268.79 , 33.93
6168 , 27081 , 11.66 , -71.6 , 3 , 1.29 , 4.009 , 3.438 , 269.04 , 33.68
6178 , 27123 , 11.58 , -71.7 , 3 , 1.24 , 3.969 , 3.428 , 269.26 , 33.46
6188 , 27170 , 11.49 , -71.8 , 3 , 1.19 , 3.922 , 3.414 , 269.51 , 33.21
6198 , 27215 , 11.40 , -71.8 , 3 , 1.15 , 3.884 , 3.407 , 269.74 , 32.98
6208 , 27254 , 11.32 , -71.7 , 2 , 1.10 , 3.818 , 3.371 , 269.95 , 32.77
6218 , 27301 , 11.23 , -71.4 , 2 , 1.05 , 3.784 , 3.368 , 270.18 , 32.54
6228 , 27348 , 11.15 , -71.3 , 2 , 1.00 , 3.746 , 3.361 , 270.42 , 32.30
6238 , 27398 , 11.05 , -71.4 , 2 , 0.95 , 3.703 , 3.351 , 270.67 , 32.05
6248 , 27441 , 10.97 , -70.9 , 2 , 0.89 , 3.672 , 3.347 , 270.88 , 31.84
6258 , 27485 , 10.89 , -70.3 , 2 , 0.84 , 3.634 , 3.337 , 271.09 , 31.63
6268 , 27524 , 10.82 , -70.0 , 2 , 0.79 , 3.612 , 3.339 , 271.28 , 31.44
6278 , 27568 , 10.74 , -69.8 , 2 , 0.74 , 3.588 , 3.341 , 271.49 , 31.23
6288 , 27613 , 10.66 , -70.0 , 2 , 0.69 , 3.585 , 3.364 , 271.71 , 31.01
6298 , 27661 , 10.57 , -70.2 , 2 , 0.65 , 3.568 , 3.374 , 271.93 , 30.79
6307 , 27710 , 10.49 , -70.3 , 2 , 0.60 , 3.558 , 3.393 , 272.17 , 30.56
6317 , 27755 , 10.41 , -69.9 , 2 , 0.56 , 3.552 , 3.413 , 272.38 , 30.34
6327 , 27797 , 10.33 , -69.0 , 2 , 0.51 , 3.564 , 3.449 , 272.58 , 30.14
6337 , 27843 , 10.25 , -68.7 , 1 , 0.47 , 3.577 , 3.488 , 272.79 , 29.93
6347 , 27887 , 10.18 , -68.2 , 1 , 0.42 , 3.584 , 3.521 , 273.00 , 29.72
6357 , 27935 , 10.10 , -68.0 , 1 , 0.38 , 3.582 , 3.547 , 273.22 , 29.50
6367 , 27974 , 10.03 , -67.5 , 1 , 0.34 , 3.580 , 3.568 , 273.41 , 29.31
6377 , 28022 , 9.95 , -67.3 , 1 , 0.30 , 3.571 , 3.588 , 273.63 , 29.09
6387 , 28067 , 9.88 , -67.5 , 1 , 0.26 , 3.564 , 3.608 , 273.85 , 28.87
6397 , 28116 , 9.80 , -67.7 , 1 , 0.22 , 3.543 , 3.616 , 274.07 , 28.65
6407 , 28161 , 9.73 , -67.9 , 1 , 0.19 , 3.520 , 3.619 , 274.28 , 28.44
6417 , 28209 , 9.65 , -67.9 , 1 , 0.15 , 3.504 , 3.631 , 274.50 , 28.22
6427 , 28253 , 9.58 , -68.0 , 1 , 0.12 , 3.494 , 3.648 , 274.70 , 28.02
6437 , 28301 , 9.50 , -67.9 , 1 , 0.09 , 3.491 , 3.674 , 274.93 , 27.79
6447 , 28345 , 9.43 , -67.7 , 1 , 0.06 , 3.483 , 3.692 , 275.13 , 27.59
6457 , 28393 , 9.36 , -67.6 , 1 , 0.03 , 3.474 , 3.712 , 275.35 , 27.38
6467 , 28441 , 9.28 , -67.6 , 1 , 0.01 , 3.452 , 3.719 , 275.56 , 27.16
6477 , 28489 , 9.21 , -67.7 , 1 , -0.02 , 3.446 , 3.742 , 275.78 , 26.94
6487 , 28543 , 9.13 , -67.7 , 1 , -0.04 , 3.418 , 3.745 , 276.03 , 26.70
6497 , 28595 , 9.05 , -67.5 , 1 , -0.07 , 3.387 , 3.742 , 276.26 , 26.46
6507 , 28643 , 8.98 , -67.7 , 1 , -0.09 , 3.366 , 3.749 , 276.47 , 26.25
6517 , 28691 , 8.91 , -68.0 , 1 , -0.11 , 3.341 , 3.752 , 276.68 , 26.04
6527 , 28739 , 8.83 , -68.4 , 1 , -0.14 , 3.303 , 3.738 , 276.89 , 25.83
6537 , 28785 , 8.77 , -68.9 , 1 , -0.16 , 3.283 , 3.745 , 277.09 , 25.63
6547 , 28827 , 8.71 , -69.2 , 0 , -0.18 , 3.266 , 3.752 , 277.27 , 25.45
6557 , 28874 , 8.64 , -69.5 , 0 , -0.19 , 3.211 , 3.718 , 277.47 , 25.25
6567 , 28915 , 8.58 , -69.7 , 0 , -0.21 , 3.195 , 3.725 , 277.65 , 25.07
6577 , 28962 , 8.51 , -70.0 , 0 , -0.22 , 3.176 , 3.732 , 277.85 , 24.87
6587 , 29005 , 8.45 , -70.3 , 0 , -0.24 , 3.151 , 3.729 , 278.03 , 24.69
6597 , 29047 , 8.39 , -70.4 , 0 , -0.26 , 3.125 , 3.725 , 278.20 , 24.52
6606 , 29093 , 8.32 , -70.3 , 0 , -0.27 , 3.101 , 3.725 , 278.39 , 24.33
6616 , 29131 , 8.27 , -70.5 , 0 , -0.29 , 3.086 , 3.730 , 278.55 , 24.17
6626 , 29170 , 8.22 , -70.3 , 0 , -0.30 , 3.055 , 3.718 , 278.71 , 24.01
6636 , 29210 , 8.16 , -70.2 , 0 , -0.31 , 3.030 , 3.712 , 278.87 , 23.85
6646 , 29255 , 8.10 , -70.3 , 0 , -0.31 , 3.010 , 3.715 , 279.05 , 23.67
6656 , 29299 , 8.04 , -70.2 , 0 , -0.32 , 2.980 , 3.706 , 279.23 , 23.50
6666 , 29341 , 7.98 , -70.0 , 0 , -0.33 , 2.957 , 3.703 , 279.39 , 23.33
6676 , 29389 , 7.92 , -70.0 , 0 , -0.34 , 2.938 , 3.710 , 279.58 , 23.14
6686 , 29431 , 7.86 , -70.0 , 0 , -0.35 , 2.914 , 3.705 , 279.74 , 22.98
6696 , 29473 , 7.81 , -69.8 , 0 , -0.36 , 2.891 , 3.702 , 279.90 , 22.82
6706 , 29522 , 7.75 , -69.6 , 0 , -0.38 , 2.861 , 3.693 , 280.09 , 22.63
6716 , 29564 , 7.69 , -69.5 , 0 , -0.39 , 2.848 , 3.702 , 280.25 , 22.47
