# ------------------------------------------------------------
#
# Flight name: V1310
# Station: Davis
# Launch Date: 15 July 2010
# Launch Time: 11:16:03
# 
# This file created: Fri Jul 16 11:44:40 2010
# 
# 
# ------------------------------------------------------------
# DATA COLUMNS
# Time (s)
# Height (m)
# Atmospheric Pressure (hPa)
# Atmospheric Temperature (°C)
# Relative Humidity (%)
# Box Temperature (°C)
# Ozone Partial Pressure (mPa)
# Ozone Mixing Ratio (ppmV)
# Accumulated Ozone to this Height (Dobson Units)
# Remaining Ozone above this Height (Dobson Units)
# 
# ------------------------------------------------------------
# 
# Integrated Ozone = 263.5 DU
# Extrapolated Ozone =  31.1 DU
# 
# Total Ozone = 294.6 DU
# 
# 
# ------------------------------------------------------------
0 , 18 , 975.73 , -20.7 , 43 , 34.73 , 2.891 , 0.030 , 0.00 , 294.59
10 , 58 , 970.46 , -19.4 , 40 , 34.73 , 3.026 , 0.031 , 0.13 , 294.47
20 , 106 , 964.12 , -19.3 , 39 , 34.71 , 3.028 , 0.031 , 0.28 , 294.31
30 , 159 , 957.27 , -19.1 , 39 , 34.69 , 3.070 , 0.032 , 0.45 , 294.14
40 , 209 , 950.86 , -19.4 , 40 , 34.68 , 3.090 , 0.033 , 0.62 , 293.98
50 , 258 , 944.66 , -19.7 , 43 , 34.66 , 3.089 , 0.033 , 0.78 , 293.82
60 , 307 , 938.42 , -19.6 , 43 , 34.63 , 3.093 , 0.033 , 0.94 , 293.65
70 , 359 , 931.90 , -19.7 , 43 , 34.61 , 3.111 , 0.033 , 1.11 , 293.48
80 , 409 , 925.64 , -20.1 , 45 , 34.58 , 3.097 , 0.033 , 1.27 , 293.32
90 , 462 , 918.99 , -20.5 , 47 , 34.56 , 3.081 , 0.034 , 1.45 , 293.14
100 , 513 , 912.69 , -20.9 , 48 , 34.52 , 3.061 , 0.034 , 1.62 , 292.98
110 , 567 , 906.00 , -21.4 , 49 , 34.49 , 3.041 , 0.034 , 1.79 , 292.80
120 , 622 , 899.28 , -21.9 , 50 , 34.44 , 3.024 , 0.034 , 1.97 , 292.62
130 , 673 , 893.02 , -22.2 , 51 , 34.40 , 3.007 , 0.034 , 2.14 , 292.45
140 , 727 , 886.51 , -22.2 , 54 , 34.35 , 2.994 , 0.034 , 2.31 , 292.28
150 , 777 , 880.52 , -22.5 , 57 , 34.32 , 2.981 , 0.034 , 2.47 , 292.12
160 , 836 , 873.47 , -23.0 , 61 , 34.28 , 2.957 , 0.034 , 2.66 , 291.93
169 , 887 , 867.40 , -23.4 , 61 , 34.23 , 2.951 , 0.034 , 2.82 , 291.77
179 , 935 , 861.65 , -23.7 , 57 , 34.18 , 2.930 , 0.034 , 2.98 , 291.62
189 , 986 , 855.71 , -23.5 , 51 , 34.14 , 2.914 , 0.034 , 3.14 , 291.46
199 , 1036 , 849.89 , -23.5 , 54 , 34.10 , 2.878 , 0.034 , 3.29 , 291.30
209 , 1087 , 843.94 , -23.2 , 55 , 34.03 , 2.873 , 0.034 , 3.45 , 291.14
219 , 1145 , 837.32 , -23.5 , 54 , 33.95 , 2.875 , 0.034 , 3.63 , 290.96
229 , 1208 , 830.13 , -23.6 , 52 , 33.89 , 2.851 , 0.034 , 3.83 , 290.77
239 , 1264 , 823.78 , -23.7 , 53 , 33.81 , 2.831 , 0.034 , 4.00 , 290.60
249 , 1321 , 817.43 , -23.6 , 51 , 33.75 , 2.819 , 0.034 , 4.17 , 290.42
259 , 1378 , 811.07 , -23.5 , 50 , 33.70 , 2.801 , 0.035 , 4.34 , 290.25
269 , 1437 , 804.53 , -23.7 , 51 , 33.64 , 2.789 , 0.035 , 4.52 , 290.07
279 , 1496 , 798.06 , -24.1 , 52 , 33.57 , 2.784 , 0.035 , 4.70 , 289.89
289 , 1555 , 791.57 , -24.5 , 52 , 33.52 , 2.733 , 0.035 , 4.88 , 289.72
299 , 1611 , 785.54 , -25.0 , 51 , 33.47 , 2.712 , 0.035 , 5.04 , 289.55
309 , 1666 , 779.64 , -25.4 , 50 , 33.42 , 2.684 , 0.034 , 5.20 , 289.39
319 , 1717 , 774.12 , -25.7 , 50 , 33.38 , 2.658 , 0.034 , 5.35 , 289.24
329 , 1766 , 768.93 , -26.1 , 48 , 33.34 , 2.657 , 0.035 , 5.49 , 289.10
339 , 1820 , 763.23 , -26.5 , 48 , 33.30 , 2.726 , 0.036 , 5.65 , 288.94
349 , 1872 , 757.73 , -27.0 , 49 , 33.24 , 2.710 , 0.036 , 5.81 , 288.79
359 , 1922 , 752.47 , -27.4 , 52 , 33.18 , 2.660 , 0.035 , 5.95 , 288.64
369 , 1975 , 746.93 , -27.8 , 54 , 33.12 , 2.612 , 0.035 , 6.11 , 288.49
379 , 2031 , 741.08 , -28.3 , 56 , 33.07 , 2.571 , 0.035 , 6.27 , 288.32
389 , 2091 , 734.91 , -28.8 , 58 , 33.01 , 2.579 , 0.035 , 6.44 , 288.15
399 , 2154 , 728.53 , -29.4 , 59 , 32.95 , 2.574 , 0.035 , 6.62 , 287.98
409 , 2210 , 722.80 , -29.7 , 56 , 32.91 , 2.550 , 0.035 , 6.78 , 287.82
419 , 2270 , 716.76 , -30.1 , 55 , 32.86 , 2.501 , 0.035 , 6.94 , 287.65
429 , 2323 , 711.36 , -30.6 , 56 , 32.80 , 2.467 , 0.035 , 7.09 , 287.50
439 , 2382 , 705.48 , -31.1 , 57 , 32.75 , 2.438 , 0.035 , 7.25 , 287.34
449 , 2440 , 699.79 , -31.5 , 58 , 32.70 , 2.415 , 0.035 , 7.41 , 287.19
459 , 2496 , 694.19 , -31.9 , 57 , 32.64 , 2.415 , 0.035 , 7.56 , 287.03
469 , 2558 , 688.17 , -32.2 , 55 , 32.58 , 2.396 , 0.035 , 7.73 , 286.87
478 , 2619 , 682.25 , -32.1 , 53 , 32.51 , 2.360 , 0.035 , 7.89 , 286.71
488 , 2667 , 677.60 , -31.5 , 52 , 32.47 , 2.343 , 0.035 , 8.01 , 286.58
498 , 2717 , 672.87 , -31.6 , 53 , 32.42 , 2.328 , 0.035 , 8.14 , 286.45
508 , 2767 , 668.06 , -32.0 , 55 , 32.36 , 2.306 , 0.035 , 8.27 , 286.32
518 , 2820 , 663.09 , -32.2 , 60 , 32.31 , 2.270 , 0.034 , 8.41 , 286.18
528 , 2876 , 657.84 , -32.1 , 62 , 32.25 , 2.270 , 0.035 , 8.55 , 286.04
538 , 2939 , 652.00 , -32.4 , 59 , 32.19 , 2.232 , 0.034 , 8.71 , 285.88
548 , 2996 , 646.74 , -32.8 , 57 , 32.12 , 2.220 , 0.034 , 8.85 , 285.74
558 , 3055 , 641.39 , -33.2 , 58 , 32.07 , 2.204 , 0.034 , 9.00 , 285.60
568 , 3106 , 636.72 , -33.5 , 58 , 32.01 , 2.195 , 0.034 , 9.12 , 285.47
578 , 3163 , 631.51 , -33.8 , 59 , 31.95 , 2.182 , 0.035 , 9.27 , 285.33
588 , 3219 , 626.49 , -33.8 , 61 , 31.90 , 2.169 , 0.035 , 9.40 , 285.19
598 , 3274 , 621.62 , -33.8 , 63 , 31.85 , 2.156 , 0.035 , 9.54 , 285.06
608 , 3324 , 617.17 , -33.8 , 62 , 31.79 , 2.138 , 0.035 , 9.66 , 284.93
618 , 3388 , 611.61 , -34.0 , 59 , 31.74 , 2.109 , 0.034 , 9.81 , 284.78
628 , 3452 , 605.98 , -34.4 , 57 , 31.66 , 2.087 , 0.034 , 9.96 , 284.63
638 , 3514 , 600.67 , -34.8 , 57 , 31.60 , 2.053 , 0.034 , 10.11 , 284.49
648 , 3577 , 595.28 , -35.3 , 57 , 31.55 , 2.025 , 0.034 , 10.25 , 284.34
658 , 3632 , 590.60 , -35.8 , 58 , 31.49 , 2.009 , 0.034 , 10.38 , 284.22
668 , 3690 , 585.68 , -36.3 , 57 , 31.43 , 1.978 , 0.034 , 10.51 , 284.08
678 , 3749 , 580.68 , -36.7 , 55 , 31.37 , 1.967 , 0.034 , 10.64 , 283.95
688 , 3815 , 575.17 , -37.2 , 39 , 31.29 , 1.959 , 0.034 , 10.79 , 283.80
698 , 3884 , 569.42 , -37.9 , 34 , 31.21 , 1.936 , 0.034 , 10.94 , 283.65
708 , 3944 , 564.46 , -38.3 , 35 , 31.14 , 1.915 , 0.034 , 11.08 , 283.52
718 , 4002 , 559.73 , -38.8 , 37 , 31.08 , 1.899 , 0.034 , 11.20 , 283.39
728 , 4064 , 554.70 , -39.4 , 42 , 31.02 , 1.880 , 0.034 , 11.34 , 283.25
738 , 4125 , 549.78 , -39.9 , 46 , 30.95 , 1.855 , 0.034 , 11.47 , 283.12
748 , 4189 , 544.61 , -40.5 , 50 , 30.88 , 1.849 , 0.034 , 11.61 , 282.98
758 , 4261 , 538.91 , -41.0 , 54 , 30.81 , 1.822 , 0.034 , 11.76 , 282.83
768 , 4319 , 534.31 , -41.4 , 53 , 30.75 , 1.818 , 0.034 , 11.88 , 282.71
778 , 4383 , 529.32 , -41.9 , 52 , 30.70 , 1.793 , 0.034 , 12.02 , 282.58
787 , 4442 , 524.71 , -42.4 , 54 , 30.66 , 1.779 , 0.034 , 12.14 , 282.45
797 , 4508 , 519.62 , -43.0 , 57 , 30.58 , 1.759 , 0.034 , 12.28 , 282.32
807 , 4569 , 514.87 , -43.5 , 56 , 30.51 , 1.741 , 0.034 , 12.40 , 282.19
817 , 4627 , 510.48 , -43.9 , 55 , 30.44 , 1.736 , 0.034 , 12.52 , 282.07
827 , 4685 , 506.07 , -44.4 , 54 , 30.36 , 1.722 , 0.034 , 12.64 , 281.95
837 , 4736 , 502.27 , -44.8 , 55 , 30.30 , 1.726 , 0.034 , 12.74 , 281.85
847 , 4790 , 498.19 , -45.2 , 56 , 30.24 , 1.723 , 0.035 , 12.85 , 281.74
857 , 4849 , 493.81 , -45.8 , 58 , 30.16 , 1.703 , 0.034 , 12.97 , 281.62
867 , 4908 , 489.45 , -46.3 , 59 , 30.08 , 1.694 , 0.035 , 13.09 , 281.50
877 , 4963 , 485.38 , -46.8 , 61 , 30.01 , 1.692 , 0.035 , 13.20 , 281.39
887 , 5019 , 481.32 , -47.2 , 63 , 29.95 , 1.672 , 0.035 , 13.31 , 281.28
897 , 5069 , 477.66 , -47.6 , 63 , 29.88 , 1.652 , 0.035 , 13.41 , 281.18
907 , 5130 , 473.30 , -48.1 , 64 , 29.81 , 1.622 , 0.034 , 13.53 , 281.06
917 , 5192 , 468.84 , -48.6 , 64 , 29.74 , 1.601 , 0.034 , 13.65 , 280.94
927 , 5249 , 464.82 , -49.1 , 65 , 29.68 , 1.624 , 0.035 , 13.76 , 280.83
937 , 5306 , 460.73 , -49.5 , 63 , 29.62 , 1.661 , 0.036 , 13.88 , 280.72
947 , 5364 , 456.71 , -49.6 , 57 , 29.54 , 1.632 , 0.036 , 13.99 , 280.60
957 , 5424 , 452.53 , -50.1 , 54 , 29.46 , 1.623 , 0.036 , 14.11 , 280.48
967 , 5486 , 448.22 , -50.6 , 54 , 29.38 , 1.590 , 0.035 , 14.23 , 280.36
977 , 5543 , 444.32 , -51.2 , 55 , 29.32 , 1.586 , 0.036 , 14.34 , 280.25
987 , 5600 , 440.45 , -51.7 , 57 , 29.25 , 1.566 , 0.036 , 14.45 , 280.14
997 , 5659 , 436.48 , -52.1 , 59 , 29.18 , 1.550 , 0.036 , 14.56 , 280.03
1007 , 5718 , 432.48 , -52.5 , 60 , 29.10 , 1.527 , 0.035 , 14.67 , 279.92
1017 , 5780 , 428.34 , -53.0 , 60 , 29.03 , 1.504 , 0.035 , 14.79 , 279.81
1027 , 5841 , 424.33 , -53.4 , 60 , 28.96 , 1.493 , 0.035 , 14.90 , 279.69
1037 , 5896 , 420.70 , -53.9 , 59 , 28.91 , 1.483 , 0.035 , 15.00 , 279.59
1047 , 5944 , 417.55 , -54.2 , 59 , 28.85 , 1.476 , 0.035 , 15.09 , 279.51
1057 , 6001 , 413.86 , -54.6 , 59 , 28.77 , 1.461 , 0.035 , 15.19 , 279.40
1066 , 6058 , 410.20 , -55.0 , 58 , 28.69 , 1.452 , 0.035 , 15.29 , 279.30
1076 , 6112 , 406.71 , -55.5 , 59 , 28.62 , 1.435 , 0.035 , 15.39 , 279.20
1086 , 6170 , 403.02 , -56.0 , 59 , 28.54 , 1.422 , 0.035 , 15.49 , 279.10
1095 , 6229 , 399.31 , -56.5 , 60 , 28.47 , 1.403 , 0.035 , 15.60 , 279.00
1104 , 6280 , 396.13 , -56.8 , 61 , 28.41 , 1.398 , 0.035 , 15.68 , 278.91
1114 , 6331 , 392.91 , -57.1 , 60 , 28.36 , 1.385 , 0.035 , 15.77 , 278.82
1124 , 6382 , 389.79 , -57.3 , 60 , 28.30 , 1.377 , 0.035 , 15.86 , 278.73
1134 , 6440 , 386.20 , -57.7 , 60 , 28.23 , 1.379 , 0.036 , 15.96 , 278.63
1144 , 6504 , 382.29 , -58.1 , 60 , 28.17 , 1.386 , 0.036 , 16.07 , 278.52
1154 , 6567 , 378.51 , -58.4 , 59 , 28.10 , 1.378 , 0.036 , 16.18 , 278.41
1164 , 6622 , 375.22 , -58.8 , 59 , 28.03 , 1.382 , 0.037 , 16.28 , 278.32
1174 , 6680 , 371.74 , -59.2 , 59 , 27.96 , 1.364 , 0.037 , 16.38 , 278.22
1184 , 6737 , 368.37 , -59.4 , 60 , 27.88 , 1.358 , 0.037 , 16.47 , 278.12
1194 , 6791 , 365.18 , -59.6 , 61 , 27.79 , 1.359 , 0.037 , 16.57 , 278.03
1204 , 6846 , 361.99 , -60.0 , 62 , 27.71 , 1.346 , 0.037 , 16.66 , 277.93
1214 , 6899 , 358.96 , -60.3 , 62 , 27.65 , 1.341 , 0.037 , 16.75 , 277.84
1224 , 6957 , 355.61 , -60.4 , 62 , 27.58 , 1.339 , 0.038 , 16.85 , 277.74
1234 , 7010 , 352.57 , -60.6 , 61 , 27.51 , 1.363 , 0.039 , 16.94 , 277.65
1244 , 7076 , 348.89 , -61.2 , 61 , 27.44 , 1.350 , 0.039 , 17.05 , 277.54
1254 , 7126 , 346.07 , -61.3 , 60 , 27.37 , 1.352 , 0.039 , 17.14 , 277.45
1264 , 7181 , 343.01 , -61.3 , 57 , 27.31 , 1.349 , 0.039 , 17.23 , 277.36
1274 , 7247 , 339.40 , -61.9 , 56 , 27.23 , 1.334 , 0.039 , 17.35 , 277.25
1284 , 7303 , 336.28 , -62.4 , 55 , 27.16 , 1.321 , 0.039 , 17.44 , 277.15
1294 , 7357 , 333.36 , -62.8 , 55 , 27.09 , 1.290 , 0.039 , 17.53 , 277.06
1304 , 7410 , 330.53 , -62.9 , 54 , 27.01 , 1.269 , 0.038 , 17.62 , 276.97
1314 , 7462 , 327.73 , -62.8 , 52 , 26.92 , 1.265 , 0.039 , 17.70 , 276.89
1324 , 7523 , 324.50 , -63.2 , 50 , 26.84 , 1.277 , 0.039 , 17.80 , 276.79
1334 , 7590 , 320.98 , -63.6 , 50 , 26.76 , 1.259 , 0.039 , 17.91 , 276.68
1344 , 7651 , 317.82 , -64.0 , 49 , 26.68 , 1.257 , 0.040 , 18.01 , 276.58
1354 , 7714 , 314.54 , -64.4 , 49 , 26.61 , 1.253 , 0.040 , 18.11 , 276.48
1364 , 7779 , 311.22 , -64.7 , 48 , 26.53 , 1.253 , 0.040 , 18.22 , 276.37
1374 , 7841 , 308.06 , -65.0 , 47 , 26.46 , 1.253 , 0.041 , 18.32 , 276.27
1384 , 7913 , 304.43 , -65.3 , 49 , 26.37 , 1.250 , 0.041 , 18.44 , 276.16
1394 , 7968 , 301.69 , -65.7 , 50 , 26.29 , 1.262 , 0.042 , 18.53 , 276.07
1404 , 8026 , 298.81 , -66.1 , 52 , 26.20 , 1.254 , 0.042 , 18.62 , 275.97
1413 , 8083 , 296.05 , -66.5 , 53 , 26.13 , 1.264 , 0.043 , 18.71 , 275.88
1423 , 8137 , 293.41 , -66.5 , 54 , 26.04 , 1.291 , 0.044 , 18.80 , 275.79
1433 , 8198 , 290.43 , -66.7 , 54 , 25.95 , 1.339 , 0.046 , 18.91 , 275.68
1443 , 8264 , 287.29 , -67.0 , 55 , 25.88 , 1.336 , 0.046 , 19.02 , 275.57
1453 , 8323 , 284.49 , -67.5 , 56 , 25.79 , 1.281 , 0.045 , 19.13 , 275.47
1463 , 8369 , 282.33 , -67.8 , 56 , 25.72 , 1.239 , 0.044 , 19.20 , 275.39
1473 , 8411 , 280.34 , -67.8 , 57 , 25.64 , 1.234 , 0.044 , 19.27 , 275.32
1483 , 8457 , 278.22 , -68.1 , 56 , 25.55 , 1.289 , 0.046 , 19.35 , 275.25
1493 , 8509 , 275.84 , -68.3 , 56 , 25.47 , 1.345 , 0.049 , 19.44 , 275.16
1503 , 8564 , 273.31 , -68.4 , 56 , 25.39 , 1.464 , 0.054 , 19.54 , 275.06
1513 , 8617 , 270.91 , -68.5 , 56 , 25.31 , 1.588 , 0.059 , 19.64 , 274.95
1523 , 8663 , 268.81 , -68.4 , 55 , 25.22 , 1.729 , 0.064 , 19.75 , 274.85
1533 , 8707 , 266.86 , -68.2 , 54 , 25.13 , 1.874 , 0.070 , 19.85 , 274.74
1543 , 8753 , 264.82 , -68.2 , 53 , 25.05 , 2.001 , 0.076 , 19.97 , 274.63
1553 , 8804 , 262.56 , -68.5 , 52 , 24.97 , 2.072 , 0.079 , 20.10 , 274.49
1563 , 8863 , 260.01 , -68.7 , 51 , 24.90 , 2.127 , 0.082 , 20.27 , 274.33
1573 , 8939 , 256.71 , -68.4 , 49 , 24.82 , 2.189 , 0.085 , 20.48 , 274.11
1583 , 8989 , 254.59 , -68.6 , 47 , 24.74 , 2.291 , 0.090 , 20.63 , 273.96
1593 , 9034 , 252.66 , -68.8 , 46 , 24.66 , 2.416 , 0.096 , 20.77 , 273.82
1603 , 9079 , 250.77 , -69.1 , 45 , 24.59 , 2.492 , 0.099 , 20.92 , 273.68
1613 , 9119 , 249.11 , -69.2 , 44 , 24.52 , 2.541 , 0.102 , 21.05 , 273.54
1623 , 9161 , 247.35 , -69.2 , 43 , 24.43 , 2.579 , 0.104 , 21.19 , 273.40
1633 , 9203 , 245.65 , -69.3 , 42 , 24.35 , 2.596 , 0.106 , 21.33 , 273.26
1643 , 9244 , 243.95 , -69.2 , 40 , 24.28 , 2.626 , 0.108 , 21.48 , 273.12
1653 , 9285 , 242.28 , -69.1 , 39 , 24.20 , 2.697 , 0.111 , 21.62 , 272.97
1663 , 9329 , 240.49 , -69.1 , 37 , 24.12 , 2.838 , 0.118 , 21.78 , 272.81
1672 , 9367 , 238.96 , -69.2 , 35 , 24.05 , 2.919 , 0.122 , 21.93 , 272.67
1682 , 9406 , 237.42 , -69.2 , 34 , 23.98 , 3.008 , 0.127 , 22.08 , 272.51
1692 , 9454 , 235.52 , -68.8 , 32 , 23.90 , 3.193 , 0.136 , 22.28 , 272.32
1702 , 9498 , 233.79 , -68.7 , 31 , 23.83 , 3.431 , 0.147 , 22.47 , 272.13
1712 , 9541 , 232.13 , -68.8 , 30 , 23.75 , 3.590 , 0.155 , 22.67 , 271.93
1722 , 9582 , 230.53 , -69.1 , 29 , 23.68 , 3.688 , 0.160 , 22.86 , 271.73
1731 , 9622 , 229.00 , -69.5 , 28 , 23.62 , 3.735 , 0.163 , 23.06 , 271.53
1741 , 9660 , 227.54 , -69.8 , 28 , 23.55 , 3.763 , 0.165 , 23.25 , 271.34
1751 , 9700 , 226.00 , -70.1 , 27 , 23.48 , 3.768 , 0.167 , 23.45 , 271.14
1761 , 9741 , 224.45 , -70.2 , 27 , 23.40 , 3.741 , 0.167 , 23.65 , 270.94
1771 , 9781 , 222.93 , -70.3 , 27 , 23.32 , 3.766 , 0.169 , 23.85 , 270.74
1781 , 9820 , 221.49 , -70.5 , 27 , 23.25 , 3.769 , 0.170 , 24.05 , 270.54
1791 , 9860 , 220.02 , -70.7 , 27 , 23.18 , 3.803 , 0.173 , 24.25 , 270.35
1801 , 9904 , 218.39 , -70.8 , 26 , 23.10 , 3.839 , 0.176 , 24.47 , 270.12
1811 , 9961 , 216.28 , -70.8 , 26 , 23.03 , 3.864 , 0.179 , 24.77 , 269.83
1820 , 10004 , 214.72 , -70.8 , 26 , 22.96 , 3.910 , 0.182 , 24.99 , 269.60
1830 , 10042 , 213.34 , -70.8 , 26 , 22.89 , 3.959 , 0.186 , 25.19 , 269.40
1840 , 10082 , 211.91 , -70.8 , 25 , 22.81 , 3.984 , 0.188 , 25.40 , 269.19
1850 , 10121 , 210.52 , -71.0 , 25 , 22.74 , 4.011 , 0.191 , 25.61 , 268.99
1860 , 10163 , 209.04 , -71.2 , 25 , 22.67 , 4.050 , 0.194 , 25.83 , 268.76
1870 , 10202 , 207.64 , -71.2 , 25 , 22.59 , 4.099 , 0.197 , 26.05 , 268.55
1880 , 10254 , 205.83 , -71.1 , 25 , 22.51 , 4.190 , 0.204 , 26.33 , 268.26
1890 , 10313 , 203.78 , -71.1 , 25 , 22.43 , 4.251 , 0.209 , 26.67 , 267.93
1900 , 10358 , 202.23 , -71.3 , 25 , 22.36 , 4.294 , 0.212 , 26.92 , 267.67
1910 , 10397 , 200.90 , -71.5 , 25 , 22.28 , 4.314 , 0.215 , 27.15 , 267.45
1920 , 10436 , 199.61 , -71.6 , 25 , 22.20 , 4.338 , 0.217 , 27.37 , 267.22
1930 , 10475 , 198.29 , -71.6 , 25 , 22.13 , 4.389 , 0.221 , 27.60 , 267.00
1940 , 10512 , 197.03 , -71.7 , 25 , 22.05 , 4.445 , 0.226 , 27.82 , 266.77
1950 , 10552 , 195.71 , -71.6 , 24 , 21.97 , 4.491 , 0.229 , 28.06 , 266.54
1960 , 10592 , 194.37 , -71.8 , 24 , 21.90 , 4.560 , 0.235 , 28.30 , 266.29
1970 , 10632 , 193.08 , -71.9 , 24 , 21.83 , 4.605 , 0.238 , 28.54 , 266.05
1980 , 10671 , 191.79 , -71.9 , 24 , 21.75 , 4.725 , 0.246 , 28.79 , 265.80
1990 , 10713 , 190.43 , -72.1 , 23 , 21.67 , 4.875 , 0.256 , 29.06 , 265.54
2000 , 10754 , 189.12 , -72.1 , 23 , 21.60 , 5.142 , 0.272 , 29.33 , 265.26
2010 , 10796 , 187.78 , -72.3 , 22 , 21.52 , 5.521 , 0.294 , 29.63 , 264.96
2020 , 10836 , 186.47 , -72.4 , 22 , 21.45 , 5.800 , 0.311 , 29.94 , 264.65
2030 , 10876 , 185.21 , -72.5 , 21 , 21.37 , 5.992 , 0.324 , 30.26 , 264.33
2039 , 10914 , 184.03 , -72.6 , 21 , 21.30 , 6.053 , 0.329 , 30.56 , 264.03
2048 , 10951 , 182.86 , -72.8 , 21 , 21.23 , 6.155 , 0.337 , 30.87 , 263.72
2058 , 10991 , 181.64 , -73.1 , 20 , 21.16 , 6.272 , 0.345 , 31.20 , 263.39
2068 , 11032 , 180.37 , -73.2 , 20 , 21.09 , 6.360 , 0.353 , 31.55 , 263.04
2078 , 11075 , 179.05 , -73.2 , 20 , 21.01 , 6.422 , 0.359 , 31.92 , 262.67
2088 , 11117 , 177.77 , -73.5 , 20 , 20.94 , 6.471 , 0.364 , 32.28 , 262.31
2098 , 11159 , 176.50 , -73.8 , 20 , 20.86 , 6.534 , 0.370 , 32.65 , 261.94
2108 , 11197 , 175.33 , -73.9 , 19 , 20.78 , 6.591 , 0.376 , 33.00 , 261.60
2118 , 11236 , 174.17 , -74.0 , 19 , 20.71 , 6.624 , 0.380 , 33.34 , 261.25
2128 , 11275 , 173.01 , -73.9 , 19 , 20.63 , 6.664 , 0.385 , 33.69 , 260.90
2138 , 11312 , 171.91 , -73.7 , 19 , 20.56 , 6.765 , 0.394 , 34.03 , 260.56
2148 , 11353 , 170.70 , -73.9 , 19 , 20.49 , 6.874 , 0.403 , 34.41 , 260.18
2157 , 11390 , 169.64 , -74.1 , 19 , 20.42 , 6.965 , 0.411 , 34.75 , 259.84
2167 , 11427 , 168.56 , -74.3 , 19 , 20.34 , 6.973 , 0.414 , 35.10 , 259.49
2177 , 11469 , 167.33 , -74.6 , 19 , 20.26 , 7.052 , 0.421 , 35.51 , 259.09
2187 , 11513 , 166.08 , -74.7 , 19 , 20.19 , 7.158 , 0.431 , 35.93 , 258.67
2197 , 11552 , 164.96 , -75.0 , 19 , 20.12 , 7.210 , 0.437 , 36.31 , 258.28
2207 , 11590 , 163.89 , -75.1 , 19 , 20.04 , 7.229 , 0.441 , 36.68 , 257.91
2217 , 11628 , 162.81 , -75.2 , 19 , 19.97 , 7.291 , 0.448 , 37.06 , 257.53
2227 , 11666 , 161.75 , -75.3 , 19 , 19.90 , 7.329 , 0.453 , 37.44 , 257.15
2237 , 11705 , 160.66 , -75.4 , 19 , 19.83 , 7.360 , 0.458 , 37.83 , 256.76
2247 , 11745 , 159.57 , -75.3 , 19 , 19.76 , 7.435 , 0.466 , 38.23 , 256.37
2257 , 11785 , 158.47 , -75.4 , 19 , 19.69 , 7.514 , 0.474 , 38.63 , 255.96
2267 , 11824 , 157.41 , -75.4 , 19 , 19.62 , 7.551 , 0.480 , 39.04 , 255.56
2277 , 11864 , 156.31 , -75.5 , 19 , 19.55 , 7.608 , 0.487 , 39.45 , 255.14
2287 , 11905 , 155.22 , -75.5 , 19 , 19.48 , 7.696 , 0.496 , 39.88 , 254.72
2297 , 11943 , 154.20 , -75.6 , 19 , 19.41 , 7.802 , 0.506 , 40.28 , 254.31
2307 , 11983 , 153.14 , -75.5 , 19 , 19.34 , 7.973 , 0.521 , 40.71 , 253.89
2317 , 12022 , 152.10 , -75.5 , 19 , 19.28 , 8.140 , 0.535 , 41.14 , 253.45
2327 , 12062 , 151.06 , -75.6 , 19 , 19.20 , 8.218 , 0.544 , 41.58 , 253.01
2337 , 12101 , 150.05 , -75.5 , 19 , 19.13 , 8.325 , 0.555 , 42.02 , 252.57
2347 , 12138 , 149.07 , -75.6 , 19 , 19.05 , 8.485 , 0.569 , 42.46 , 252.14
2357 , 12179 , 148.04 , -75.7 , 19 , 18.98 , 8.608 , 0.581 , 42.93 , 251.67
2367 , 12219 , 147.01 , -75.8 , 20 , 18.91 , 8.708 , 0.592 , 43.40 , 251.19
2376 , 12257 , 146.04 , -76.0 , 20 , 18.84 , 8.814 , 0.603 , 43.86 , 250.73
2386 , 12294 , 145.11 , -76.2 , 20 , 18.77 , 8.832 , 0.609 , 44.31 , 250.29
2396 , 12334 , 144.10 , -76.4 , 20 , 18.70 , 8.902 , 0.618 , 44.80 , 249.80
2406 , 12373 , 143.13 , -76.5 , 20 , 18.63 , 8.981 , 0.627 , 45.27 , 249.32
2416 , 12411 , 142.19 , -76.7 , 20 , 18.56 , 9.017 , 0.634 , 45.74 , 248.85
2426 , 12451 , 141.21 , -76.9 , 20 , 18.49 , 9.087 , 0.643 , 46.23 , 248.36
2436 , 12490 , 140.25 , -76.9 , 20 , 18.42 , 9.084 , 0.648 , 46.72 , 247.87
2446 , 12530 , 139.28 , -76.8 , 20 , 18.35 , 9.020 , 0.648 , 47.22 , 247.37
2456 , 12570 , 138.32 , -76.9 , 20 , 18.28 , 9.032 , 0.653 , 47.71 , 246.88
2466 , 12611 , 137.33 , -77.0 , 20 , 18.21 , 9.117 , 0.664 , 48.22 , 246.37
2476 , 12651 , 136.37 , -77.0 , 21 , 18.14 , 9.269 , 0.680 , 48.74 , 245.86
2486 , 12692 , 135.41 , -77.1 , 21 , 18.07 , 9.451 , 0.698 , 49.26 , 245.34
2496 , 12734 , 134.42 , -77.1 , 21 , 18.00 , 9.597 , 0.714 , 49.80 , 244.79
2506 , 12780 , 133.34 , -77.1 , 21 , 17.93 , 9.947 , 0.746 , 50.43 , 244.16
2516 , 12828 , 132.22 , -77.3 , 21 , 17.86 , 10.201 , 0.772 , 51.10 , 243.49
2526 , 12873 , 131.19 , -77.4 , 21 , 17.79 , 10.352 , 0.789 , 51.73 , 242.86
2536 , 12915 , 130.24 , -77.3 , 21 , 17.73 , 10.432 , 0.801 , 52.33 , 242.26
2546 , 12957 , 129.28 , -77.3 , 21 , 17.66 , 10.349 , 0.801 , 52.94 , 241.66
2556 , 12998 , 128.37 , -77.3 , 21 , 17.59 , 10.259 , 0.799 , 53.51 , 241.08
2566 , 13041 , 127.41 , -77.4 , 21 , 17.52 , 10.234 , 0.803 , 54.12 , 240.48
2576 , 13084 , 126.46 , -77.4 , 21 , 17.45 , 10.302 , 0.815 , 54.73 , 239.87
2586 , 13126 , 125.52 , -77.3 , 21 , 17.38 , 10.500 , 0.837 , 55.33 , 239.26
2596 , 13169 , 124.60 , -77.4 , 21 , 17.31 , 10.580 , 0.849 , 55.95 , 238.64
2606 , 13210 , 123.70 , -77.6 , 21 , 17.24 , 10.703 , 0.865 , 56.56 , 238.03
2615 , 13251 , 122.83 , -77.6 , 21 , 17.17 , 10.811 , 0.880 , 57.16 , 237.44
2625 , 13291 , 121.96 , -77.6 , 20 , 17.11 , 11.081 , 0.909 , 57.77 , 236.82
2635 , 13334 , 121.04 , -77.9 , 20 , 17.04 , 11.295 , 0.933 , 58.44 , 236.16
2645 , 13376 , 120.16 , -78.0 , 20 , 16.97 , 11.513 , 0.958 , 59.09 , 235.50
2655 , 13417 , 119.31 , -78.1 , 20 , 16.90 , 11.807 , 0.990 , 59.75 , 234.84
2665 , 13456 , 118.48 , -78.1 , 20 , 16.83 , 12.043 , 1.016 , 60.40 , 234.19
2675 , 13495 , 117.68 , -78.1 , 20 , 16.77 , 12.124 , 1.030 , 61.05 , 233.54
2685 , 13533 , 116.90 , -78.2 , 20 , 16.70 , 12.273 , 1.050 , 61.69 , 232.90
2694 , 13571 , 116.14 , -78.3 , 20 , 16.64 , 12.399 , 1.068 , 62.33 , 232.26
2704 , 13608 , 115.38 , -78.3 , 20 , 16.57 , 12.461 , 1.080 , 62.97 , 231.62
2714 , 13648 , 114.57 , -78.1 , 20 , 16.50 , 12.821 , 1.119 , 63.67 , 230.92
2724 , 13688 , 113.77 , -77.8 , 20 , 16.44 , 13.514 , 1.188 , 64.41 , 230.19
2734 , 13727 , 113.00 , -77.7 , 20 , 16.37 , 14.138 , 1.251 , 65.14 , 229.45
2744 , 13765 , 112.24 , -77.6 , 20 , 16.31 , 14.774 , 1.316 , 65.91 , 228.68
2754 , 13803 , 111.52 , -77.6 , 20 , 16.24 , 15.358 , 1.377 , 66.68 , 227.91
2764 , 13843 , 110.74 , -77.6 , 20 , 16.17 , 15.763 , 1.423 , 67.54 , 227.05
2774 , 13882 , 109.99 , -77.8 , 20 , 16.10 , 16.023 , 1.457 , 68.39 , 226.20
2784 , 13921 , 109.23 , -78.0 , 19 , 16.04 , 16.194 , 1.483 , 69.28 , 225.32
2794 , 13966 , 108.38 , -78.3 , 19 , 15.98 , 16.258 , 1.500 , 70.27 , 224.32
2804 , 14008 , 107.58 , -78.5 , 19 , 15.91 , 16.309 , 1.516 , 71.22 , 223.37
2814 , 14052 , 106.75 , -78.8 , 19 , 15.85 , 16.350 , 1.532 , 72.23 , 222.36
2824 , 14097 , 105.91 , -79.2 , 19 , 15.79 , 16.297 , 1.539 , 73.24 , 221.35
2834 , 14141 , 105.09 , -79.6 , 19 , 15.72 , 16.276 , 1.549 , 74.24 , 220.36
2844 , 14184 , 104.30 , -79.8 , 19 , 15.66 , 16.121 , 1.546 , 75.21 , 219.38
2854 , 14226 , 103.52 , -79.7 , 19 , 15.60 , 16.106 , 1.556 , 76.16 , 218.43
2864 , 14271 , 102.71 , -79.7 , 19 , 15.54 , 15.961 , 1.554 , 77.15 , 217.44
2874 , 14312 , 101.96 , -79.7 , 19 , 15.48 , 15.950 , 1.564 , 78.08 , 216.51
2884 , 14354 , 101.21 , -79.9 , 19 , 15.41 , 15.968 , 1.578 , 79.01 , 215.59
2894 , 14396 , 100.46 , -80.0 , 19 , 15.35 , 15.945 , 1.587 , 79.94 , 214.65
2904 , 14437 , 99.74 , -80.1 , 19 , 15.29 , 15.975 , 1.602 , 80.85 , 213.74
2914 , 14479 , 98.99 , -80.3 , 19 , 15.22 , 15.988 , 1.615 , 81.80 , 212.80
2924 , 14522 , 98.25 , -80.5 , 19 , 15.16 , 15.958 , 1.624 , 82.75 , 211.84
2934 , 14563 , 97.54 , -80.5 , 19 , 15.09 , 15.941 , 1.634 , 83.66 , 210.93
2944 , 14603 , 96.84 , -80.5 , 19 , 15.03 , 16.047 , 1.657 , 84.56 , 210.03
2954 , 14645 , 96.13 , -80.5 , 19 , 14.97 , 16.105 , 1.675 , 85.51 , 209.08
2964 , 14688 , 95.40 , -80.8 , 19 , 14.91 , 16.182 , 1.696 , 86.47 , 208.12
2974 , 14728 , 94.72 , -81.0 , 19 , 14.84 , 16.230 , 1.713 , 87.39 , 207.20
2984 , 14769 , 94.03 , -80.8 , 19 , 14.78 , 16.320 , 1.736 , 88.33 , 206.26
2994 , 14810 , 93.35 , -80.6 , 19 , 14.72 , 16.547 , 1.773 , 89.26 , 205.33
3003 , 14848 , 92.72 , -80.8 , 19 , 14.66 , 16.742 , 1.806 , 90.15 , 204.44
3013 , 14887 , 92.09 , -81.0 , 19 , 14.60 , 16.988 , 1.845 , 91.07 , 203.52
3023 , 14930 , 91.37 , -81.2 , 19 , 14.53 , 17.037 , 1.865 , 92.12 , 202.48
3033 , 14974 , 90.67 , -81.5 , 19 , 14.47 , 17.151 , 1.892 , 93.16 , 201.43
3043 , 15018 , 89.96 , -81.7 , 19 , 14.40 , 17.129 , 1.904 , 94.22 , 200.38
3053 , 15062 , 89.25 , -82.0 , 19 , 14.34 , 16.907 , 1.894 , 95.29 , 199.30
3063 , 15104 , 88.58 , -82.2 , 19 , 14.28 , 16.912 , 1.909 , 96.29 , 198.30
3073 , 15147 , 87.91 , -82.4 , 19 , 14.21 , 16.827 , 1.914 , 97.30 , 197.29
3083 , 15191 , 87.21 , -82.4 , 19 , 14.15 , 16.662 , 1.910 , 98.36 , 196.24
3093 , 15236 , 86.52 , -82.5 , 19 , 14.09 , 16.585 , 1.917 , 99.40 , 195.19
3103 , 15279 , 85.85 , -82.6 , 19 , 14.02 , 16.673 , 1.942 , 100.43 , 194.17
3113 , 15322 , 85.19 , -82.7 , 19 , 13.96 , 16.826 , 1.975 , 101.44 , 193.15
3123 , 15365 , 84.54 , -82.7 , 19 , 13.89 , 16.796 , 1.987 , 102.45 , 192.14
3133 , 15409 , 83.88 , -82.7 , 19 , 13.83 , 16.946 , 2.020 , 103.50 , 191.09
3143 , 15453 , 83.21 , -82.5 , 19 , 13.77 , 17.099 , 2.055 , 104.57 , 190.02
3153 , 15499 , 82.53 , -82.5 , 19 , 13.70 , 17.360 , 2.104 , 105.70 , 188.90
3163 , 15547 , 81.83 , -82.5 , 19 , 13.64 , 17.599 , 2.151 , 106.87 , 187.72
3173 , 15594 , 81.14 , -82.5 , 19 , 13.58 , 17.736 , 2.186 , 108.05 , 186.55
3183 , 15641 , 80.47 , -82.7 , 19 , 13.51 , 17.853 , 2.219 , 109.22 , 185.37
3193 , 15686 , 79.81 , -82.8 , 19 , 13.45 , 17.862 , 2.238 , 110.37 , 184.22
3203 , 15731 , 79.17 , -82.9 , 19 , 13.39 , 17.685 , 2.234 , 111.50 , 183.09
3213 , 15777 , 78.52 , -82.7 , 19 , 13.32 , 17.751 , 2.261 , 112.65 , 181.94
3223 , 15822 , 77.88 , -82.7 , 19 , 13.26 , 17.717 , 2.275 , 113.80 , 180.80
3233 , 15865 , 77.29 , -82.6 , 19 , 13.20 , 17.644 , 2.283 , 114.87 , 179.73
3243 , 15908 , 76.70 , -82.5 , 19 , 13.14 , 17.753 , 2.315 , 115.94 , 178.65
3253 , 15950 , 76.12 , -82.8 , 19 , 13.08 , 17.759 , 2.333 , 117.01 , 177.59
3262 , 15989 , 75.59 , -82.7 , 19 , 13.01 , 17.664 , 2.337 , 117.98 , 176.62
3272 , 16027 , 75.07 , -82.7 , 19 , 12.96 , 17.712 , 2.359 , 118.93 , 175.66
3282 , 16067 , 74.53 , -82.9 , 18 , 12.90 , 17.610 , 2.363 , 119.94 , 174.65
3292 , 16107 , 74.00 , -82.7 , 18 , 12.84 , 17.609 , 2.380 , 120.94 , 173.65
3302 , 16148 , 73.47 , -82.7 , 18 , 12.77 , 17.684 , 2.407 , 121.94 , 172.65
3312 , 16186 , 72.96 , -82.8 , 18 , 12.71 , 17.595 , 2.412 , 122.90 , 171.69
3321 , 16223 , 72.47 , -82.5 , 18 , 12.66 , 17.700 , 2.442 , 123.84 , 170.76
3330 , 16257 , 72.04 , -82.7 , 18 , 12.60 , 17.613 , 2.445 , 124.67 , 169.93
3340 , 16293 , 71.57 , -82.6 , 18 , 12.54 , 17.638 , 2.464 , 125.58 , 169.01
3350 , 16334 , 71.05 , -82.6 , 18 , 12.48 , 17.607 , 2.478 , 126.60 , 167.99
3360 , 16377 , 70.51 , -82.7 , 18 , 12.42 , 17.541 , 2.488 , 127.65 , 166.94
3370 , 16418 , 69.99 , -82.7 , 18 , 12.35 , 17.495 , 2.500 , 128.69 , 165.90
3380 , 16460 , 69.46 , -82.8 , 18 , 12.29 , 17.395 , 2.504 , 129.73 , 164.86
3390 , 16504 , 68.92 , -82.8 , 18 , 12.23 , 17.248 , 2.503 , 130.79 , 163.80
3400 , 16546 , 68.40 , -82.6 , 18 , 12.16 , 17.241 , 2.521 , 131.83 , 162.76
3410 , 16588 , 67.89 , -82.5 , 18 , 12.11 , 17.082 , 2.516 , 132.84 , 161.76
3420 , 16630 , 67.38 , -82.6 , 18 , 12.04 , 17.043 , 2.529 , 133.86 , 160.74
3430 , 16673 , 66.86 , -82.6 , 18 , 11.97 , 16.920 , 2.530 , 134.89 , 159.71
3440 , 16716 , 66.35 , -82.7 , 18 , 11.91 , 16.803 , 2.533 , 135.91 , 158.68
3450 , 16760 , 65.82 , -82.9 , 17 , 11.85 , 16.674 , 2.533 , 136.96 , 157.63
3460 , 16804 , 65.31 , -83.1 , 17 , 11.79 , 16.613 , 2.544 , 138.00 , 156.60
3470 , 16850 , 64.77 , -83.3 , 17 , 11.73 , 16.399 , 2.532 , 139.07 , 155.52
3480 , 16895 , 64.25 , -83.1 , 17 , 11.66 , 16.353 , 2.545 , 140.12 , 154.48
3490 , 16939 , 63.74 , -83.0 , 17 , 11.60 , 16.271 , 2.553 , 141.14 , 153.45
3500 , 16984 , 63.23 , -82.8 , 17 , 11.54 , 16.238 , 2.568 , 142.16 , 152.43
3510 , 17028 , 62.73 , -82.9 , 17 , 11.47 , 16.082 , 2.564 , 143.18 , 151.42
3520 , 17071 , 62.25 , -82.9 , 17 , 11.41 , 15.899 , 2.554 , 144.15 , 150.44
3530 , 17114 , 61.78 , -82.8 , 17 , 11.35 , 15.646 , 2.533 , 145.11 , 149.49
3540 , 17155 , 61.32 , -82.7 , 17 , 11.29 , 15.537 , 2.534 , 146.02 , 148.57
3550 , 17198 , 60.85 , -82.8 , 17 , 11.23 , 15.397 , 2.531 , 146.97 , 147.63
3560 , 17240 , 60.38 , -83.0 , 17 , 11.17 , 15.299 , 2.534 , 147.89 , 146.71
3570 , 17284 , 59.92 , -83.1 , 17 , 11.10 , 15.067 , 2.515 , 148.82 , 145.77
3580 , 17327 , 59.46 , -83.1 , 17 , 11.04 , 14.926 , 2.510 , 149.73 , 144.86
3590 , 17370 , 59.00 , -83.1 , 17 , 10.98 , 14.915 , 2.528 , 150.64 , 143.95
3599 , 17409 , 58.58 , -82.9 , 17 , 10.92 , 14.826 , 2.531 , 151.48 , 143.11
3609 , 17450 , 58.16 , -83.1 , 17 , 10.86 , 14.690 , 2.526 , 152.32 , 142.27
3619 , 17493 , 57.71 , -83.3 , 17 , 10.80 , 14.549 , 2.521 , 153.22 , 141.38
3629 , 17536 , 57.26 , -83.5 , 17 , 10.74 , 14.497 , 2.532 , 154.10 , 140.49
3639 , 17579 , 56.82 , -83.5 , 17 , 10.67 , 14.449 , 2.543 , 154.99 , 139.61
3648 , 17620 , 56.40 , -83.7 , 17 , 10.62 , 14.377 , 2.549 , 155.84 , 138.76
3658 , 17659 , 56.00 , -83.8 , 17 , 10.56 , 14.277 , 2.549 , 156.64 , 137.95
3668 , 17702 , 55.58 , -83.6 , 16 , 10.50 , 14.178 , 2.551 , 157.49 , 137.10
3678 , 17745 , 55.14 , -83.5 , 16 , 10.44 , 14.082 , 2.554 , 158.36 , 136.23
3688 , 17788 , 54.72 , -83.4 , 16 , 10.38 , 14.093 , 2.576 , 159.23 , 135.36
3698 , 17833 , 54.28 , -83.3 , 16 , 10.31 , 14.018 , 2.583 , 160.12 , 134.47
3707 , 17875 , 53.87 , -83.0 , 16 , 10.26 , 14.054 , 2.609 , 160.96 , 133.63
3717 , 17919 , 53.45 , -83.1 , 16 , 10.20 , 14.076 , 2.634 , 161.83 , 132.76
3727 , 17965 , 53.00 , -83.3 , 16 , 10.14 , 14.040 , 2.649 , 162.76 , 131.83
3737 , 18011 , 52.57 , -83.5 , 16 , 10.07 , 13.944 , 2.653 , 163.67 , 130.93
3747 , 18055 , 52.15 , -83.5 , 16 , 10.01 , 13.830 , 2.652 , 164.54 , 130.05
3757 , 18098 , 51.75 , -83.1 , 16 , 9.95 , 13.749 , 2.657 , 165.39 , 129.20
3767 , 18144 , 51.32 , -83.3 , 16 , 9.90 , 13.723 , 2.674 , 166.29 , 128.30
3777 , 18190 , 50.90 , -83.5 , 16 , 9.84 , 13.621 , 2.676 , 167.17 , 127.43
3787 , 18236 , 50.48 , -83.5 , 16 , 9.78 , 13.534 , 2.681 , 168.06 , 126.53
3797 , 18282 , 50.06 , -83.7 , 16 , 9.73 , 13.345 , 2.666 , 168.94 , 125.65
3807 , 18326 , 49.67 , -83.5 , 16 , 9.67 , 13.190 , 2.656 , 169.76 , 124.83
3817 , 18369 , 49.29 , -83.1 , 16 , 9.61 , 13.096 , 2.657 , 170.57 , 124.03
3827 , 18414 , 48.89 , -82.9 , 16 , 9.56 , 12.980 , 2.655 , 171.40 , 123.19
3837 , 18457 , 48.51 , -82.5 , 16 , 9.50 , 12.822 , 2.643 , 172.20 , 122.40
3847 , 18500 , 48.14 , -82.7 , 16 , 9.45 , 12.647 , 2.627 , 172.97 , 121.62
3857 , 18542 , 47.78 , -83.0 , 16 , 9.40 , 12.511 , 2.619 , 173.71 , 120.88
3867 , 18586 , 47.41 , -83.0 , 16 , 9.34 , 12.358 , 2.607 , 174.48 , 120.11
3877 , 18628 , 47.04 , -82.8 , 15 , 9.29 , 12.236 , 2.601 , 175.22 , 119.37
3887 , 18669 , 46.70 , -82.9 , 15 , 9.24 , 12.017 , 2.573 , 175.93 , 118.66
3897 , 18712 , 46.34 , -83.0 , 15 , 9.18 , 11.704 , 2.526 , 176.65 , 117.94
3907 , 18754 , 45.99 , -82.8 , 15 , 9.13 , 11.484 , 2.497 , 177.34 , 117.25
3917 , 18800 , 45.62 , -82.8 , 15 , 9.08 , 11.290 , 2.475 , 178.08 , 116.52
3927 , 18847 , 45.23 , -82.8 , 15 , 9.03 , 11.142 , 2.463 , 178.82 , 115.77
3936 , 18890 , 44.89 , -82.5 , 15 , 8.99 , 11.034 , 2.458 , 179.50 , 115.10
3946 , 18932 , 44.55 , -82.5 , 15 , 8.95 , 10.906 , 2.448 , 180.16 , 114.44
3956 , 18979 , 44.18 , -82.3 , 15 , 8.90 , 10.807 , 2.446 , 180.87 , 113.72
3965 , 19026 , 43.81 , -82.4 , 15 , 8.86 , 10.694 , 2.441 , 181.58 , 113.01
3975 , 19072 , 43.44 , -82.6 , 15 , 8.82 , 10.587 , 2.437 , 182.29 , 112.31
3985 , 19120 , 43.07 , -82.6 , 15 , 8.78 , 10.484 , 2.434 , 182.99 , 111.60
3995 , 19166 , 42.71 , -82.8 , 15 , 8.73 , 10.403 , 2.436 , 183.68 , 110.91
4005 , 19217 , 42.33 , -82.9 , 15 , 8.69 , 10.321 , 2.438 , 184.42 , 110.17
4015 , 19266 , 41.96 , -83.0 , 15 , 8.65 , 10.240 , 2.441 , 185.14 , 109.45
4025 , 19316 , 41.58 , -82.4 , 14 , 8.61 , 10.148 , 2.440 , 185.86 , 108.73
4035 , 19365 , 41.22 , -82.0 , 14 , 8.56 , 9.949 , 2.414 , 186.56 , 108.03
4044 , 19411 , 40.88 , -81.8 , 14 , 8.52 , 9.883 , 2.417 , 187.20 , 107.40
4054 , 19455 , 40.56 , -81.9 , 14 , 8.47 , 9.930 , 2.448 , 187.81 , 106.78
4064 , 19502 , 40.22 , -81.9 , 14 , 8.43 , 9.982 , 2.482 , 188.47 , 106.12
4074 , 19548 , 39.89 , -81.8 , 14 , 8.38 , 10.070 , 2.524 , 189.13 , 105.47
4084 , 19595 , 39.56 , -81.8 , 14 , 8.33 , 10.171 , 2.571 , 189.80 , 104.80
4094 , 19639 , 39.25 , -82.0 , 14 , 8.27 , 10.234 , 2.608 , 190.43 , 104.16
4104 , 19684 , 38.94 , -82.1 , 14 , 8.22 , 10.250 , 2.632 , 191.07 , 103.52
4114 , 19728 , 38.63 , -82.1 , 14 , 8.17 , 10.202 , 2.641 , 191.72 , 102.87
4124 , 19772 , 38.33 , -82.2 , 14 , 8.11 , 10.132 , 2.644 , 192.34 , 102.25
4134 , 19817 , 38.02 , -82.1 , 14 , 8.06 , 10.033 , 2.638 , 192.98 , 101.62
4144 , 19860 , 37.73 , -82.1 , 14 , 8.00 , 10.026 , 2.657 , 193.60 , 101.00
4154 , 19903 , 37.44 , -82.0 , 14 , 7.94 , 9.956 , 2.659 , 194.19 , 100.40
4164 , 19945 , 37.16 , -81.7 , 14 , 7.89 , 9.937 , 2.674 , 194.78 , 99.81
4174 , 19990 , 36.87 , -81.6 , 13 , 7.83 , 10.015 , 2.717 , 195.41 , 99.18
4184 , 20034 , 36.58 , -81.6 , 13 , 7.77 , 10.131 , 2.770 , 196.04 , 98.55
4194 , 20076 , 36.30 , -81.7 , 13 , 7.72 , 10.303 , 2.838 , 196.65 , 97.94
4204 , 20121 , 36.01 , -81.8 , 13 , 7.66 , 10.555 , 2.931 , 197.32 , 97.28
4214 , 20168 , 35.71 , -81.6 , 13 , 7.60 , 10.948 , 3.065 , 198.01 , 96.58
4224 , 20211 , 35.44 , -81.5 , 13 , 7.55 , 11.173 , 3.153 , 198.69 , 95.90
4234 , 20257 , 35.15 , -81.6 , 13 , 7.49 , 11.408 , 3.246 , 199.43 , 95.17
4244 , 20304 , 34.86 , -81.4 , 13 , 7.43 , 11.421 , 3.276 , 200.17 , 94.42
4254 , 20351 , 34.57 , -81.1 , 13 , 7.37 , 11.269 , 3.260 , 200.92 , 93.67
4264 , 20397 , 34.29 , -80.7 , 13 , 7.32 , 10.984 , 3.204 , 201.64 , 92.95
4273 , 20440 , 34.02 , -80.7 , 13 , 7.26 , 10.625 , 3.123 , 202.30 , 92.30
4282 , 20482 , 33.77 , -80.8 , 13 , 7.21 , 10.194 , 3.019 , 202.90 , 91.69
4292 , 20526 , 33.51 , -80.8 , 13 , 7.16 , 9.908 , 2.957 , 203.53 , 91.06
4302 , 20573 , 33.23 , -80.4 , 13 , 7.10 , 9.645 , 2.902 , 204.16 , 90.43
4312 , 20619 , 32.96 , -80.3 , 13 , 7.05 , 9.417 , 2.857 , 204.78 , 89.81
4322 , 20666 , 32.69 , -80.1 , 13 , 6.99 , 9.308 , 2.848 , 205.40 , 89.19
4332 , 20714 , 32.41 , -80.3 , 13 , 6.94 , 9.179 , 2.832 , 206.01 , 88.58
4342 , 20760 , 32.15 , -80.5 , 12 , 6.88 , 9.063 , 2.819 , 206.60 , 87.99
4352 , 20806 , 31.88 , -80.0 , 12 , 6.82 , 8.986 , 2.818 , 207.19 , 87.41
4362 , 20854 , 31.62 , -80.2 , 12 , 6.77 , 8.919 , 2.821 , 207.79 , 86.81
4372 , 20898 , 31.37 , -80.1 , 12 , 6.71 , 8.878 , 2.830 , 208.34 , 86.26
4381 , 20943 , 31.12 , -79.8 , 12 , 6.66 , 8.957 , 2.878 , 208.89 , 85.70
4391 , 20989 , 30.87 , -79.5 , 12 , 6.61 , 8.982 , 2.909 , 209.46 , 85.13
4401 , 21034 , 30.63 , -79.2 , 12 , 6.55 , 8.961 , 2.926 , 210.02 , 84.57
4411 , 21081 , 30.38 , -79.3 , 12 , 6.50 , 8.934 , 2.941 , 210.61 , 83.99
4421 , 21127 , 30.13 , -79.5 , 12 , 6.45 , 8.895 , 2.952 , 211.18 , 83.41
4431 , 21170 , 29.90 , -79.7 , 12 , 6.39 , 8.887 , 2.972 , 211.72 , 82.87
4441 , 21218 , 29.65 , -80.0 , 12 , 6.34 , 8.817 , 2.974 , 212.30 , 82.29
4451 , 21267 , 29.39 , -80.0 , 12 , 6.28 , 8.762 , 2.981 , 212.91 , 81.68
4461 , 21317 , 29.14 , -79.5 , 11 , 6.23 , 8.713 , 2.990 , 213.51 , 81.08
4471 , 21365 , 28.89 , -79.1 , 11 , 6.17 , 8.558 , 2.963 , 214.10 , 80.50
4481 , 21417 , 28.63 , -79.0 , 11 , 6.12 , 8.394 , 2.932 , 214.70 , 79.89
4491 , 21470 , 28.36 , -79.2 , 11 , 6.07 , 8.313 , 2.931 , 215.32 , 79.27
4501 , 21521 , 28.11 , -79.6 , 11 , 6.02 , 8.216 , 2.923 , 215.91 , 78.69
4511 , 21570 , 27.86 , -80.1 , 11 , 5.96 , 8.058 , 2.892 , 216.47 , 78.13
4521 , 21623 , 27.60 , -80.2 , 11 , 5.91 , 7.933 , 2.874 , 217.05 , 77.54
4531 , 21676 , 27.34 , -79.9 , 11 , 5.86 , 7.879 , 2.882 , 217.65 , 76.95
4541 , 21731 , 27.08 , -79.9 , 11 , 5.80 , 7.952 , 2.936 , 218.25 , 76.34
4551 , 21787 , 26.82 , -80.0 , 11 , 5.75 , 7.996 , 2.982 , 218.87 , 75.72
4561 , 21839 , 26.57 , -80.0 , 11 , 5.70 , 8.045 , 3.028 , 219.45 , 75.14
4571 , 21893 , 26.32 , -80.4 , 11 , 5.65 , 8.017 , 3.047 , 220.06 , 74.53
4581 , 21945 , 26.08 , -80.5 , 11 , 5.60 , 7.989 , 3.064 , 220.64 , 73.95
4591 , 21995 , 25.85 , -80.5 , 11 , 5.55 , 7.977 , 3.087 , 221.20 , 73.39
4600 , 22046 , 25.61 , -80.2 , 11 , 5.50 , 8.026 , 3.133 , 221.77 , 72.82
4609 , 22094 , 25.39 , -80.0 , 11 , 5.46 , 8.035 , 3.164 , 222.31 , 72.28
4619 , 22145 , 25.17 , -80.1 , 11 , 5.40 , 8.070 , 3.207 , 222.89 , 71.71
4629 , 22199 , 24.93 , -80.0 , 11 , 5.36 , 8.101 , 3.249 , 223.49 , 71.10
4639 , 22249 , 24.71 , -80.1 , 11 , 5.31 , 8.079 , 3.270 , 224.06 , 70.54
4649 , 22301 , 24.48 , -79.8 , 11 , 5.26 , 8.041 , 3.284 , 224.64 , 69.95
4659 , 22351 , 24.27 , -79.4 , 11 , 5.21 , 7.983 , 3.289 , 225.20 , 69.40
4669 , 22402 , 24.05 , -79.4 , 11 , 5.16 , 7.904 , 3.287 , 225.77 , 68.83
4679 , 22455 , 23.83 , -79.7 , 11 , 5.11 , 7.780 , 3.265 , 226.34 , 68.25
4689 , 22505 , 23.62 , -79.6 , 11 , 5.06 , 7.705 , 3.262 , 226.88 , 67.71
4699 , 22555 , 23.41 , -79.5 , 11 , 5.01 , 7.627 , 3.258 , 227.41 , 67.18
4709 , 22605 , 23.20 , -79.2 , 10 , 4.97 , 7.549 , 3.253 , 227.95 , 66.65
4718 , 22654 , 23.01 , -79.4 , 11 , 4.92 , 7.470 , 3.247 , 228.45 , 66.14
4728 , 22703 , 22.81 , -79.7 , 11 , 4.88 , 7.362 , 3.228 , 228.96 , 65.63
4738 , 22751 , 22.61 , -79.9 , 10 , 4.83 , 7.259 , 3.210 , 229.46 , 65.14
4748 , 22801 , 22.41 , -80.0 , 10 , 4.78 , 7.140 , 3.186 , 229.96 , 64.64
4758 , 22849 , 22.22 , -80.1 , 10 , 4.74 , 7.051 , 3.173 , 230.43 , 64.16
4768 , 22896 , 22.04 , -80.1 , 10 , 4.69 , 6.926 , 3.142 , 230.88 , 63.71
4778 , 22945 , 21.85 , -79.5 , 10 , 4.65 , 6.808 , 3.116 , 231.36 , 63.24
4788 , 22992 , 21.67 , -79.5 , 10 , 4.61 , 6.700 , 3.092 , 231.80 , 62.79
4798 , 23039 , 21.49 , -79.3 , 10 , 4.56 , 6.617 , 3.079 , 232.23 , 62.36
4808 , 23085 , 21.32 , -79.1 , 10 , 4.52 , 6.522 , 3.060 , 232.66 , 61.93
4818 , 23129 , 21.16 , -78.6 , 10 , 4.47 , 6.443 , 3.045 , 233.05 , 61.55
4828 , 23171 , 21.00 , -78.2 , 10 , 4.43 , 6.344 , 3.021 , 233.42 , 61.17
4838 , 23211 , 20.85 , -78.2 , 10 , 4.39 , 6.265 , 3.005 , 233.77 , 60.82
4848 , 23252 , 20.70 , -78.3 , 10 , 4.34 , 6.176 , 2.983 , 234.13 , 60.47
4858 , 23297 , 20.54 , -78.4 , 10 , 4.29 , 6.082 , 2.961 , 234.51 , 60.09
4868 , 23342 , 20.38 , -78.5 , 10 , 4.25 , 6.059 , 2.973 , 234.88 , 59.71
4878 , 23387 , 20.22 , -78.2 , 10 , 4.21 , 5.966 , 2.951 , 235.26 , 59.33
4888 , 23434 , 20.05 , -77.8 , 10 , 4.16 , 5.899 , 2.942 , 235.64 , 58.95
4898 , 23481 , 19.89 , -77.4 , 10 , 4.12 , 5.842 , 2.937 , 236.03 , 58.57
4908 , 23528 , 19.73 , -77.0 , 10 , 4.08 , 5.782 , 2.931 , 236.40 , 58.19
4918 , 23574 , 19.57 , -76.9 , 10 , 4.03 , 5.730 , 2.928 , 236.77 , 57.83
4927 , 23622 , 19.41 , -76.1 , 9 , 3.99 , 5.668 , 2.921 , 237.14 , 57.45
4937 , 23667 , 19.26 , -75.6 , 9 , 3.95 , 5.754 , 2.988 , 237.49 , 57.10
4947 , 23716 , 19.09 , -75.2 , 9 , 3.91 , 5.770 , 3.022 , 237.88 , 56.71
4957 , 23765 , 18.93 , -75.3 , 9 , 3.86 , 5.704 , 3.013 , 238.26 , 56.33
4967 , 23814 , 18.77 , -75.5 , 9 , 3.82 , 5.646 , 3.008 , 238.64 , 55.96
4977 , 23865 , 18.61 , -75.8 , 9 , 3.78 , 5.630 , 3.025 , 239.03 , 55.57
4987 , 23916 , 18.44 , -76.1 , 9 , 3.74 , 5.588 , 3.030 , 239.42 , 55.17
4997 , 23969 , 18.28 , -76.1 , 9 , 3.70 , 5.566 , 3.045 , 239.82 , 54.77
5007 , 24021 , 18.11 , -76.2 , 9 , 3.66 , 5.540 , 3.059 , 240.22 , 54.37
5017 , 24073 , 17.95 , -75.9 , 8 , 3.62 , 5.498 , 3.063 , 240.62 , 53.98
5027 , 24124 , 17.79 , -75.4 , 8 , 3.58 , 5.461 , 3.069 , 240.99 , 53.60
5037 , 24172 , 17.64 , -75.3 , 8 , 3.54 , 5.447 , 3.087 , 241.35 , 53.24
5047 , 24218 , 17.50 , -74.5 , 8 , 3.50 , 5.400 , 3.085 , 241.69 , 52.90
5057 , 24265 , 17.37 , -73.9 , 8 , 3.46 , 5.393 , 3.105 , 242.03 , 52.56
5067 , 24308 , 17.24 , -73.9 , 8 , 3.42 , 5.399 , 3.132 , 242.35 , 52.24
5077 , 24354 , 17.10 , -74.1 , 8 , 3.39 , 5.394 , 3.154 , 242.68 , 51.91
5087 , 24395 , 16.98 , -74.4 , 8 , 3.35 , 5.362 , 3.158 , 242.99 , 51.61
5097 , 24440 , 16.85 , -74.6 , 7 , 3.31 , 5.354 , 3.177 , 243.31 , 51.29
5107 , 24488 , 16.71 , -74.9 , 7 , 3.27 , 5.327 , 3.187 , 243.66 , 50.94
5117 , 24534 , 16.58 , -75.2 , 7 , 3.23 , 5.264 , 3.175 , 243.99 , 50.60
5127 , 24578 , 16.45 , -75.3 , 7 , 3.20 , 5.213 , 3.168 , 244.30 , 50.29
5136 , 24621 , 16.33 , -75.3 , 7 , 3.16 , 5.165 , 3.162 , 244.61 , 49.98
5146 , 24665 , 16.21 , -75.0 , 7 , 3.13 , 5.125 , 3.162 , 244.92 , 49.68
5156 , 24713 , 16.08 , -74.1 , 6 , 3.09 , 5.095 , 3.169 , 245.25 , 49.34
5166 , 24763 , 15.94 , -72.5 , 6 , 3.06 , 5.052 , 3.170 , 245.59 , 49.00
5176 , 24816 , 15.80 , -72.3 , 6 , 3.02 , 5.048 , 3.196 , 245.95 , 48.64
5186 , 24870 , 15.65 , -71.9 , 6 , 2.98 , 5.003 , 3.196 , 246.31 , 48.28
5196 , 24922 , 15.51 , -71.2 , 6 , 2.94 , 4.985 , 3.213 , 246.67 , 47.93
5206 , 24974 , 15.38 , -70.9 , 6 , 2.91 , 4.966 , 3.229 , 247.01 , 47.58
5216 , 25026 , 15.24 , -70.3 , 5 , 2.87 , 4.951 , 3.248 , 247.35 , 47.24
5226 , 25084 , 15.10 , -70.2 , 5 , 2.83 , 4.961 , 3.286 , 247.73 , 46.86
5235 , 25136 , 14.96 , -70.1 , 5 , 2.80 , 4.941 , 3.302 , 248.08 , 46.52
5244 , 25184 , 14.84 , -70.2 , 5 , 2.77 , 4.922 , 3.316 , 248.39 , 46.20
5254 , 25237 , 14.71 , -70.3 , 5 , 2.73 , 4.889 , 3.323 , 248.73 , 45.86
5264 , 25286 , 14.59 , -70.2 , 5 , 2.59 , 4.850 , 3.324 , 249.05 , 45.54
5274 , 25337 , 14.47 , -69.5 , 4 , 2.40 , 4.882 , 3.375 , 249.38 , 45.21
5284 , 25384 , 14.35 , -68.6 , 4 , 2.32 , 5.022 , 3.499 , 249.69 , 44.90
5294 , 25431 , 14.24 , -68.3 , 4 , 2.37 , 5.012 , 3.519 , 250.00 , 44.59
5304 , 25472 , 14.14 , -68.2 , 4 , 2.40 , 4.998 , 3.534 , 250.27 , 44.32
5314 , 25517 , 14.04 , -68.3 , 4 , 2.41 , 4.962 , 3.535 , 250.57 , 44.03
5324 , 25559 , 13.94 , -68.6 , 4 , 2.41 , 4.953 , 3.553 , 250.84 , 43.75
5334 , 25601 , 13.84 , -68.6 , 3 , 2.40 , 4.905 , 3.544 , 251.11 , 43.48
5344 , 25644 , 13.74 , -68.4 , 3 , 2.38 , 4.877 , 3.548 , 251.39 , 43.21
5354 , 25683 , 13.66 , -68.2 , 3 , 2.37 , 4.817 , 3.527 , 251.64 , 42.96
5364 , 25722 , 13.57 , -67.5 , 3 , 2.35 , 4.783 , 3.526 , 251.88 , 42.71
5374 , 25763 , 13.48 , -67.1 , 3 , 2.32 , 4.777 , 3.545 , 252.14 , 42.46
5384 , 25805 , 13.38 , -66.7 , 3 , 2.30 , 4.768 , 3.563 , 252.40 , 42.19
5394 , 25847 , 13.29 , -66.5 , 2 , 2.27 , 4.774 , 3.592 , 252.66 , 41.93
5404 , 25894 , 13.19 , -66.4 , 2 , 2.25 , 4.774 , 3.620 , 252.96 , 41.64
5414 , 25937 , 13.09 , -66.2 , 2 , 2.23 , 4.765 , 3.640 , 253.23 , 41.37
5424 , 25984 , 12.99 , -66.2 , 2 , 2.21 , 4.751 , 3.657 , 253.51 , 41.08
5434 , 26028 , 12.90 , -66.3 , 2 , 2.19 , 4.715 , 3.656 , 253.79 , 40.80
5444 , 26080 , 12.79 , -66.4 , 2 , 2.17 , 4.649 , 3.636 , 254.10 , 40.49
5454 , 26129 , 12.68 , -66.2 , 2 , 2.15 , 4.600 , 3.627 , 254.40 , 40.19
5464 , 26177 , 12.58 , -66.2 , 2 , 2.14 , 4.577 , 3.638 , 254.69 , 39.91
5474 , 26229 , 12.48 , -66.0 , 2 , 2.13 , 4.550 , 3.647 , 255.00 , 39.60
5484 , 26280 , 12.37 , -65.8 , 2 , 2.12 , 4.529 , 3.661 , 255.30 , 39.29
5494 , 26333 , 12.26 , -66.1 , 2 , 2.11 , 4.499 , 3.669 , 255.61 , 38.98
5504 , 26387 , 12.16 , -66.1 , 1 , 2.09 , 4.473 , 3.680 , 255.92 , 38.67
5513 , 26440 , 12.05 , -66.1 , 1 , 2.09 , 4.454 , 3.696 , 256.23 , 38.36
5523 , 26489 , 11.95 , -66.5 , 1 , 2.08 , 4.435 , 3.711 , 256.52 , 38.08
5533 , 26538 , 11.86 , -66.2 , 1 , 2.07 , 4.377 , 3.691 , 256.80 , 37.80
5543 , 26587 , 11.76 , -66.0 , 1 , 2.06 , 4.339 , 3.689 , 257.07 , 37.52
5553 , 26636 , 11.67 , -66.0 , 1 , 2.06 , 4.300 , 3.686 , 257.35 , 37.24
5562 , 26684 , 11.57 , -66.1 , 1 , 2.06 , 4.293 , 3.710 , 257.62 , 36.97
5572 , 26735 , 11.48 , -65.8 , 1 , 2.05 , 4.263 , 3.714 , 257.90 , 36.69
5582 , 26781 , 11.39 , -65.8 , 1 , 2.05 , 4.224 , 3.708 , 258.15 , 36.44
5592 , 26829 , 11.30 , -65.8 , 1 , 2.04 , 4.190 , 3.708 , 258.42 , 36.17
5602 , 26880 , 11.21 , -65.5 , 1 , 2.04 , 4.185 , 3.735 , 258.70 , 35.89
5612 , 26923 , 11.13 , -65.2 , 1 , 2.03 , 4.194 , 3.769 , 258.93 , 35.66
5621 , 26968 , 11.05 , -65.1 , 1 , 2.02 , 4.177 , 3.782 , 259.17 , 35.42
5631 , 27006 , 10.98 , -65.1 , 1 , 2.01 , 4.192 , 3.819 , 259.38 , 35.21
5641 , 27054 , 10.89 , -65.3 , 1 , 2.00 , 4.189 , 3.846 , 259.64 , 34.95
5651 , 27104 , 10.80 , -65.6 , 1 , 1.99 , 4.193 , 3.882 , 259.91 , 34.68
5661 , 27152 , 10.72 , -65.8 , 1 , 1.98 , 4.160 , 3.882 , 260.17 , 34.42
5671 , 27199 , 10.63 , -65.9 , 1 , 1.96 , 4.151 , 3.904 , 260.43 , 34.17
5681 , 27251 , 10.54 , -66.0 , 1 , 1.95 , 4.149 , 3.936 , 260.71 , 33.88
5691 , 27306 , 10.45 , -65.3 , 1 , 1.94 , 4.123 , 3.946 , 261.00 , 33.59
5701 , 27358 , 10.36 , -65.1 , 1 , 1.93 , 4.104 , 3.962 , 261.28 , 33.31
5711 , 27408 , 10.27 , -64.8 , 1 , 1.92 , 4.064 , 3.955 , 261.54 , 33.05
5721 , 27454 , 10.20 , -64.6 , 1 , 1.91 , 4.064 , 3.986 , 261.79 , 32.80
5731 , 27508 , 10.11 , -64.7 , 1 , 1.90 , 4.059 , 4.016 , 262.07 , 32.52
5741 , 27561 , 10.02 , -64.6 , 1 , 1.88 , 4.018 , 4.010 , 262.35 , 32.25
5751 , 27616 , 9.93 , -64.8 , 1 , 1.86 , 4.003 , 4.032 , 262.64 , 31.96
5761 , 27667 , 9.85 , -65.2 , 1 , 1.83 , 3.984 , 4.045 , 262.90 , 31.70
5771 , 27719 , 9.76 , -65.4 , 1 , 1.81 , 3.948 , 4.044 , 263.17 , 31.43
5781 , 27778 , 9.67 , -65.6 , 1 , 1.77 , 3.944 , 4.079 , 263.47 , 31.12
