# ------------------------------------------------------------
#
# Flight name: V1510
# Station: Davis
# Launch Date: 28 July 2010
# Launch Time: 11:17:08
# 
# This file created: Thu Jul 29 09:47:40 2010
# 
# 
# ------------------------------------------------------------
# DATA COLUMNS
# Time (s)
# Height (m)
# Atmospheric Pressure (hPa)
# Atmospheric Temperature (°C)
# Relative Humidity (%)
# Box Temperature (°C)
# Ozone Partial Pressure (mPa)
# Ozone Mixing Ratio (ppmV)
# Accumulated Ozone to this Height (Dobson Units)
# Remaining Ozone above this Height (Dobson Units)
# 
# ------------------------------------------------------------
# 
# Integrated Ozone = 205.5 DU
# Extrapolated Ozone =  39.3 DU
# 
# Total Ozone = 244.9 DU
# 
# 
# ------------------------------------------------------------
0 , 18 , 985.51 , -15.3 , 55 , 41.26 , 2.667 , 0.027 , 0.00 , 244.87
10 , 56 , 980.50 , -15.2 , 54 , 41.18 , 2.764 , 0.028 , 0.11 , 244.76
20 , 103 , 974.43 , -15.4 , 53 , 41.00 , 2.808 , 0.029 , 0.25 , 244.62
30 , 156 , 967.58 , -15.7 , 53 , 40.83 , 2.825 , 0.029 , 0.40 , 244.47
40 , 212 , 960.45 , -16.1 , 53 , 40.67 , 2.848 , 0.030 , 0.57 , 244.30
50 , 268 , 953.32 , -16.7 , 55 , 40.51 , 2.844 , 0.030 , 0.74 , 244.13
60 , 318 , 946.93 , -17.2 , 57 , 40.35 , 2.836 , 0.030 , 0.89 , 243.98
70 , 374 , 939.91 , -17.3 , 55 , 40.18 , 2.823 , 0.030 , 1.05 , 243.82
80 , 421 , 934.04 , -17.3 , 56 , 40.04 , 2.822 , 0.030 , 1.19 , 243.68
90 , 463 , 928.76 , -17.1 , 61 , 39.91 , 2.814 , 0.030 , 1.32 , 243.55
100 , 511 , 922.84 , -17.4 , 63 , 39.82 , 2.771 , 0.030 , 1.46 , 243.41
110 , 560 , 916.83 , -17.4 , 69 , 39.73 , 2.734 , 0.030 , 1.60 , 243.27
120 , 601 , 911.84 , -17.7 , 73 , 39.61 , 2.726 , 0.030 , 1.72 , 243.15
130 , 649 , 906.01 , -18.1 , 75 , 39.48 , 2.689 , 0.030 , 1.86 , 243.01
140 , 690 , 901.02 , -18.5 , 76 , 39.39 , 2.665 , 0.030 , 1.97 , 242.90
150 , 732 , 896.03 , -18.8 , 79 , 39.31 , 2.654 , 0.030 , 2.09 , 242.78
159 , 770 , 891.39 , -19.1 , 82 , 39.21 , 2.649 , 0.030 , 2.20 , 242.67
169 , 814 , 886.19 , -19.4 , 85 , 39.11 , 2.621 , 0.030 , 2.32 , 242.55
178 , 856 , 881.24 , -19.1 , 96 , 39.01 , 2.621 , 0.030 , 2.44 , 242.43
188 , 896 , 876.45 , -18.7 , 95 , 38.89 , 2.590 , 0.030 , 2.55 , 242.32
198 , 941 , 871.19 , -18.8 , 96 , 38.77 , 2.567 , 0.029 , 2.67 , 242.20
208 , 988 , 865.74 , -19.1 , 97 , 38.70 , 2.557 , 0.030 , 2.80 , 242.07
218 , 1034 , 860.40 , -19.4 , 97 , 38.64 , 2.550 , 0.030 , 2.92 , 241.95
228 , 1079 , 855.20 , -19.7 , 96 , 38.59 , 2.550 , 0.030 , 3.04 , 241.83
238 , 1128 , 849.48 , -20.0 , 96 , 38.48 , 2.537 , 0.030 , 3.18 , 241.69
248 , 1176 , 844.00 , -20.3 , 92 , 38.41 , 2.517 , 0.030 , 3.31 , 241.56
258 , 1223 , 838.65 , -20.6 , 91 , 38.36 , 2.524 , 0.030 , 3.43 , 241.44
268 , 1275 , 832.81 , -21.0 , 93 , 38.26 , 2.509 , 0.030 , 3.57 , 241.30
278 , 1326 , 827.07 , -21.5 , 95 , 38.19 , 2.493 , 0.030 , 3.71 , 241.16
288 , 1380 , 821.09 , -21.9 , 97 , 38.14 , 2.480 , 0.030 , 3.85 , 241.02
298 , 1431 , 815.42 , -22.3 , 95 , 38.05 , 2.474 , 0.030 , 3.99 , 240.88
307 , 1477 , 810.30 , -22.5 , 87 , 37.93 , 2.468 , 0.030 , 4.11 , 240.76
317 , 1526 , 804.88 , -22.6 , 79 , 37.84 , 2.452 , 0.030 , 4.24 , 240.63
327 , 1577 , 799.30 , -22.9 , 69 , 37.74 , 2.445 , 0.031 , 4.37 , 240.49
337 , 1630 , 793.54 , -23.2 , 62 , 37.65 , 2.450 , 0.031 , 4.51 , 240.36
347 , 1685 , 787.55 , -23.4 , 43 , 37.56 , 2.457 , 0.031 , 4.66 , 240.21
357 , 1741 , 781.62 , -23.6 , 22 , 37.50 , 2.458 , 0.031 , 4.81 , 240.06
367 , 1795 , 775.77 , -23.5 , 13 , 37.41 , 2.456 , 0.032 , 4.95 , 239.92
377 , 1851 , 769.87 , -23.0 , 12 , 37.32 , 2.453 , 0.032 , 5.10 , 239.77
387 , 1909 , 763.86 , -22.6 , 9 , 37.23 , 2.469 , 0.032 , 5.25 , 239.62
397 , 1961 , 758.46 , -22.3 , 6 , 37.15 , 2.469 , 0.033 , 5.39 , 239.48
407 , 2015 , 752.85 , -22.5 , 6 , 37.07 , 2.460 , 0.033 , 5.54 , 239.33
414 , 2053 , 749.00 , -22.7 , 11 , 37.01 , 2.450 , 0.033 , 5.63 , 239.23
423 , 2098 , 744.41 , -22.7 , 27 , 37.01 , 2.484 , 0.033 , 5.75 , 239.11
432 , 2146 , 739.55 , -22.0 , 26 , 37.00 , 2.502 , 0.034 , 5.88 , 238.99
442 , 2206 , 733.58 , -21.7 , 27 , 36.94 , 2.510 , 0.034 , 6.04 , 238.83
452 , 2257 , 728.52 , -21.9 , 33 , 36.90 , 2.545 , 0.035 , 6.18 , 238.69
462 , 2308 , 723.48 , -22.1 , 27 , 36.83 , 2.540 , 0.035 , 6.32 , 238.55
472 , 2361 , 718.24 , -22.5 , 28 , 36.76 , 2.533 , 0.035 , 6.47 , 238.40
482 , 2414 , 713.10 , -22.7 , 35 , 36.71 , 2.525 , 0.035 , 6.61 , 238.26
491 , 2469 , 707.71 , -22.9 , 42 , 36.66 , 2.508 , 0.035 , 6.76 , 238.11
501 , 2520 , 702.86 , -22.9 , 64 , 36.59 , 2.497 , 0.036 , 6.90 , 237.97
511 , 2575 , 697.62 , -23.1 , 75 , 36.52 , 2.463 , 0.035 , 7.04 , 237.83
521 , 2635 , 691.86 , -23.0 , 78 , 36.45 , 2.419 , 0.035 , 7.20 , 237.67
531 , 2690 , 686.68 , -23.2 , 80 , 36.39 , 2.391 , 0.035 , 7.35 , 237.52
541 , 2749 , 681.23 , -23.6 , 83 , 36.33 , 2.352 , 0.035 , 7.49 , 237.37
551 , 2803 , 676.17 , -24.0 , 87 , 36.29 , 2.352 , 0.035 , 7.63 , 237.24
561 , 2860 , 670.93 , -24.4 , 87 , 36.25 , 2.345 , 0.035 , 7.78 , 237.09
571 , 2920 , 665.41 , -24.9 , 86 , 36.20 , 2.326 , 0.035 , 7.93 , 236.94
581 , 2978 , 660.15 , -25.3 , 84 , 36.14 , 2.329 , 0.035 , 8.08 , 236.79
591 , 3043 , 654.22 , -25.8 , 86 , 36.08 , 2.311 , 0.035 , 8.24 , 236.63
601 , 3110 , 648.23 , -25.9 , 89 , 35.99 , 2.293 , 0.035 , 8.41 , 236.46
611 , 3178 , 642.15 , -25.9 , 90 , 35.89 , 2.288 , 0.036 , 8.58 , 236.29
621 , 3240 , 636.64 , -26.1 , 90 , 35.83 , 2.302 , 0.036 , 8.73 , 236.14
631 , 3303 , 631.16 , -26.2 , 90 , 35.78 , 2.295 , 0.036 , 8.89 , 235.98
641 , 3365 , 625.74 , -26.4 , 89 , 35.73 , 2.285 , 0.037 , 9.05 , 235.82
651 , 3427 , 620.36 , -26.5 , 87 , 35.69 , 2.272 , 0.037 , 9.20 , 235.67
661 , 3486 , 615.35 , -26.7 , 85 , 35.67 , 2.266 , 0.037 , 9.35 , 235.52
670 , 3546 , 610.25 , -27.1 , 84 , 35.64 , 2.239 , 0.037 , 9.50 , 235.37
680 , 3608 , 605.00 , -27.4 , 83 , 35.60 , 2.252 , 0.037 , 9.65 , 235.22
690 , 3677 , 599.23 , -27.6 , 83 , 35.54 , 2.218 , 0.037 , 9.82 , 235.05
700 , 3738 , 594.21 , -27.7 , 81 , 35.52 , 2.225 , 0.037 , 9.96 , 234.90
710 , 3800 , 589.03 , -27.7 , 80 , 35.46 , 2.209 , 0.038 , 10.12 , 234.75
720 , 3863 , 583.92 , -27.8 , 81 , 35.41 , 2.211 , 0.038 , 10.27 , 234.60
730 , 3924 , 579.01 , -27.9 , 81 , 35.36 , 2.211 , 0.038 , 10.42 , 234.45
740 , 3980 , 574.50 , -27.9 , 81 , 35.34 , 2.179 , 0.038 , 10.55 , 234.32
750 , 4042 , 569.54 , -27.8 , 79 , 35.30 , 2.091 , 0.037 , 10.70 , 234.17
760 , 4100 , 564.98 , -28.0 , 77 , 35.25 , 2.020 , 0.036 , 10.83 , 234.04
770 , 4159 , 560.35 , -28.3 , 76 , 35.20 , 1.970 , 0.035 , 10.96 , 233.91
780 , 4216 , 555.92 , -28.8 , 75 , 35.15 , 1.921 , 0.035 , 11.08 , 233.79
790 , 4278 , 551.10 , -29.0 , 76 , 35.14 , 1.869 , 0.034 , 11.21 , 233.66
799 , 4331 , 547.00 , -29.4 , 74 , 35.12 , 1.854 , 0.034 , 11.32 , 233.55
809 , 4388 , 542.69 , -29.9 , 75 , 35.07 , 1.828 , 0.034 , 11.44 , 233.43
819 , 4448 , 538.11 , -30.5 , 76 , 35.01 , 1.820 , 0.034 , 11.56 , 233.31
829 , 4516 , 532.95 , -31.0 , 76 , 34.94 , 1.776 , 0.033 , 11.69 , 233.17
839 , 4583 , 528.00 , -31.2 , 77 , 34.89 , 1.737 , 0.033 , 11.82 , 233.05
849 , 4642 , 523.56 , -31.4 , 74 , 34.83 , 1.718 , 0.033 , 11.94 , 232.93
859 , 4702 , 519.17 , -31.5 , 75 , 34.80 , 1.711 , 0.033 , 12.05 , 232.82
869 , 4764 , 514.63 , -31.8 , 75 , 34.74 , 1.693 , 0.033 , 12.17 , 232.70
879 , 4819 , 510.61 , -32.2 , 73 , 34.71 , 1.677 , 0.033 , 12.27 , 232.59
889 , 4875 , 506.59 , -32.6 , 72 , 34.71 , 1.679 , 0.033 , 12.38 , 232.49
899 , 4934 , 502.40 , -32.9 , 72 , 34.70 , 1.676 , 0.033 , 12.49 , 232.38
909 , 4995 , 498.06 , -33.3 , 72 , 34.68 , 1.672 , 0.034 , 12.60 , 232.26
919 , 5058 , 493.55 , -33.7 , 73 , 34.65 , 1.651 , 0.033 , 12.72 , 232.15
929 , 5127 , 488.72 , -34.0 , 73 , 34.63 , 1.640 , 0.034 , 12.85 , 232.02
939 , 5199 , 483.75 , -34.6 , 72 , 34.58 , 1.623 , 0.034 , 12.98 , 231.89
949 , 5265 , 479.20 , -35.1 , 72 , 34.53 , 1.610 , 0.034 , 13.10 , 231.77
959 , 5335 , 474.36 , -35.8 , 72 , 34.49 , 1.591 , 0.034 , 13.23 , 231.64
969 , 5396 , 470.21 , -36.3 , 73 , 34.47 , 1.591 , 0.034 , 13.34 , 231.53
979 , 5461 , 465.84 , -36.9 , 74 , 34.45 , 1.574 , 0.034 , 13.46 , 231.41
989 , 5525 , 461.58 , -37.4 , 77 , 34.43 , 1.557 , 0.034 , 13.57 , 231.30
999 , 5587 , 457.44 , -37.9 , 79 , 34.42 , 1.533 , 0.034 , 13.68 , 231.19
1009 , 5653 , 453.06 , -38.3 , 79 , 34.40 , 1.526 , 0.034 , 13.80 , 231.07
1019 , 5717 , 448.82 , -38.7 , 78 , 34.38 , 1.523 , 0.034 , 13.91 , 230.96
1029 , 5777 , 444.93 , -39.2 , 76 , 34.34 , 1.505 , 0.034 , 14.02 , 230.85
1039 , 5839 , 440.91 , -39.6 , 74 , 34.29 , 1.494 , 0.034 , 14.12 , 230.75
1049 , 5903 , 436.78 , -40.0 , 73 , 34.24 , 1.495 , 0.034 , 14.23 , 230.64
1059 , 5968 , 432.65 , -40.6 , 72 , 34.19 , 1.479 , 0.034 , 14.34 , 230.52
1069 , 6033 , 428.57 , -41.1 , 72 , 34.15 , 1.469 , 0.034 , 14.46 , 230.41
1079 , 6097 , 424.54 , -41.6 , 72 , 34.13 , 1.467 , 0.035 , 14.56 , 230.30
1089 , 6171 , 419.93 , -42.0 , 71 , 34.12 , 1.471 , 0.035 , 14.69 , 230.18
1098 , 6227 , 416.45 , -42.4 , 69 , 34.10 , 1.454 , 0.035 , 14.79 , 230.08
1108 , 6286 , 412.84 , -42.8 , 68 , 34.07 , 1.434 , 0.035 , 14.89 , 229.98
1118 , 6348 , 409.07 , -43.1 , 66 , 34.03 , 1.437 , 0.035 , 14.99 , 229.88
1128 , 6409 , 405.33 , -43.5 , 64 , 34.01 , 1.463 , 0.036 , 15.10 , 229.77
1138 , 6473 , 401.51 , -43.9 , 61 , 33.95 , 1.474 , 0.037 , 15.21 , 229.66
1148 , 6537 , 397.67 , -44.5 , 59 , 33.90 , 1.445 , 0.036 , 15.32 , 229.55
1158 , 6598 , 394.06 , -45.0 , 57 , 33.86 , 1.429 , 0.036 , 15.42 , 229.45
1168 , 6664 , 390.23 , -45.5 , 58 , 33.82 , 1.419 , 0.036 , 15.53 , 229.34
1178 , 6735 , 386.09 , -46.0 , 61 , 33.78 , 1.403 , 0.036 , 15.65 , 229.22
1188 , 6802 , 382.20 , -46.4 , 62 , 33.74 , 1.402 , 0.037 , 15.76 , 229.11
1198 , 6865 , 378.57 , -46.8 , 62 , 33.73 , 1.396 , 0.037 , 15.87 , 229.00
1208 , 6934 , 374.66 , -47.2 , 62 , 33.70 , 1.386 , 0.037 , 15.98 , 228.89
1218 , 6999 , 371.00 , -47.7 , 61 , 33.68 , 1.394 , 0.038 , 16.09 , 228.78
1228 , 7067 , 367.17 , -48.1 , 61 , 33.66 , 1.370 , 0.037 , 16.20 , 228.67
1238 , 7130 , 363.66 , -48.5 , 61 , 33.63 , 1.371 , 0.038 , 16.30 , 228.56
1248 , 7197 , 360.01 , -49.1 , 60 , 33.59 , 1.348 , 0.037 , 16.41 , 228.46
1258 , 7265 , 356.29 , -49.7 , 59 , 33.56 , 1.325 , 0.037 , 16.52 , 228.35
1268 , 7326 , 352.94 , -50.3 , 58 , 33.54 , 1.311 , 0.037 , 16.62 , 228.25
1278 , 7388 , 349.61 , -50.9 , 58 , 33.51 , 1.297 , 0.037 , 16.72 , 228.15
1288 , 7452 , 346.19 , -51.4 , 58 , 33.45 , 1.300 , 0.038 , 16.82 , 228.05
1298 , 7514 , 342.87 , -51.9 , 58 , 33.40 , 1.272 , 0.037 , 16.92 , 227.95
1308 , 7576 , 339.62 , -52.4 , 57 , 33.37 , 1.243 , 0.037 , 17.01 , 227.86
1318 , 7644 , 336.05 , -53.0 , 56 , 33.32 , 1.203 , 0.036 , 17.11 , 227.76
1328 , 7709 , 332.70 , -53.6 , 56 , 33.28 , 1.192 , 0.036 , 17.21 , 227.66
1338 , 7789 , 328.55 , -54.3 , 55 , 33.24 , 1.165 , 0.035 , 17.32 , 227.54
1348 , 7853 , 325.27 , -54.8 , 55 , 33.20 , 1.161 , 0.036 , 17.42 , 227.45
1358 , 7927 , 321.54 , -55.5 , 55 , 33.15 , 1.145 , 0.036 , 17.52 , 227.35
1368 , 7997 , 318.03 , -56.2 , 56 , 33.12 , 1.133 , 0.036 , 17.62 , 227.25
1378 , 8057 , 315.02 , -56.8 , 56 , 33.07 , 1.126 , 0.036 , 17.70 , 227.16
1388 , 8124 , 311.71 , -57.4 , 57 , 33.01 , 1.108 , 0.036 , 17.80 , 227.07
1398 , 8190 , 308.47 , -58.0 , 58 , 32.96 , 1.106 , 0.036 , 17.89 , 226.98
1407 , 8251 , 305.47 , -58.6 , 59 , 32.92 , 1.092 , 0.036 , 17.97 , 226.89
1417 , 8304 , 302.89 , -59.2 , 59 , 32.88 , 1.080 , 0.036 , 18.05 , 226.82
1427 , 8367 , 299.86 , -59.7 , 59 , 32.83 , 1.072 , 0.036 , 18.13 , 226.74
1437 , 8423 , 297.22 , -60.3 , 59 , 32.78 , 1.063 , 0.036 , 18.21 , 226.66
1447 , 8472 , 294.85 , -60.7 , 59 , 32.74 , 1.055 , 0.036 , 18.27 , 226.60
1457 , 8533 , 292.00 , -61.2 , 59 , 32.70 , 1.045 , 0.036 , 18.35 , 226.51
1467 , 8593 , 289.18 , -61.7 , 58 , 32.66 , 1.035 , 0.036 , 18.43 , 226.44
1477 , 8661 , 286.01 , -62.3 , 58 , 32.61 , 1.017 , 0.036 , 18.52 , 226.35
1487 , 8721 , 283.24 , -62.8 , 57 , 32.56 , 1.011 , 0.036 , 18.60 , 226.27
1497 , 8783 , 280.40 , -63.3 , 57 , 32.52 , 0.998 , 0.036 , 18.68 , 226.19
1507 , 8850 , 277.34 , -63.9 , 57 , 32.48 , 0.992 , 0.036 , 18.77 , 226.10
1517 , 8903 , 274.94 , -64.3 , 57 , 32.42 , 0.983 , 0.036 , 18.83 , 226.03
1527 , 8954 , 272.66 , -64.8 , 58 , 32.37 , 0.970 , 0.036 , 18.90 , 225.97
1537 , 9008 , 270.26 , -65.2 , 58 , 32.33 , 0.964 , 0.036 , 18.97 , 225.90
1547 , 9070 , 267.53 , -65.8 , 58 , 32.27 , 0.953 , 0.036 , 19.04 , 225.83
1557 , 9152 , 263.93 , -66.5 , 58 , 32.21 , 0.939 , 0.036 , 19.14 , 225.72
1567 , 9212 , 261.32 , -67.0 , 57 , 32.16 , 0.934 , 0.036 , 19.22 , 225.65
1577 , 9256 , 259.41 , -67.4 , 57 , 32.11 , 0.923 , 0.036 , 19.27 , 225.60
1587 , 9310 , 257.12 , -67.9 , 56 , 32.06 , 0.901 , 0.035 , 19.34 , 225.53
1597 , 9367 , 254.66 , -68.4 , 56 , 32.01 , 0.887 , 0.035 , 19.40 , 225.47
1607 , 9421 , 252.38 , -68.8 , 55 , 31.97 , 0.888 , 0.035 , 19.47 , 225.40
1617 , 9479 , 249.94 , -69.3 , 54 , 31.92 , 0.875 , 0.035 , 19.53 , 225.34
1627 , 9541 , 247.34 , -69.9 , 54 , 31.86 , 0.873 , 0.035 , 19.61 , 225.26
1637 , 9608 , 244.59 , -70.5 , 54 , 31.80 , 0.862 , 0.035 , 19.68 , 225.19
1647 , 9659 , 242.47 , -71.0 , 53 , 31.75 , 0.850 , 0.035 , 19.74 , 225.13
1657 , 9704 , 240.65 , -71.4 , 53 , 31.70 , 0.834 , 0.035 , 19.79 , 225.08
1667 , 9751 , 238.73 , -71.7 , 53 , 31.65 , 0.826 , 0.035 , 19.84 , 225.03
1677 , 9803 , 236.65 , -72.1 , 53 , 31.60 , 0.814 , 0.034 , 19.90 , 224.97
1687 , 9861 , 234.33 , -72.6 , 53 , 31.55 , 0.791 , 0.034 , 19.96 , 224.91
1697 , 9904 , 232.60 , -73.0 , 53 , 31.50 , 0.779 , 0.033 , 20.01 , 224.86
1707 , 9951 , 230.74 , -73.4 , 53 , 31.45 , 0.778 , 0.034 , 20.06 , 224.81
1716 , 10000 , 228.80 , -73.8 , 53 , 31.41 , 0.781 , 0.034 , 20.11 , 224.76
1726 , 10056 , 226.63 , -74.3 , 54 , 31.36 , 0.779 , 0.034 , 20.17 , 224.70
1736 , 10108 , 224.61 , -74.7 , 54 , 31.30 , 0.768 , 0.034 , 20.22 , 224.65
1746 , 10156 , 222.78 , -75.1 , 54 , 31.24 , 0.768 , 0.034 , 20.27 , 224.60
1756 , 10209 , 220.71 , -75.5 , 54 , 31.19 , 0.763 , 0.035 , 20.33 , 224.54
1766 , 10262 , 218.72 , -76.0 , 54 , 31.13 , 0.762 , 0.035 , 20.38 , 224.49
1776 , 10319 , 216.57 , -76.5 , 54 , 31.07 , 0.761 , 0.035 , 20.44 , 224.43
1786 , 10372 , 214.57 , -77.0 , 53 , 31.02 , 0.750 , 0.035 , 20.50 , 224.37
1796 , 10427 , 212.54 , -77.5 , 53 , 30.96 , 0.748 , 0.035 , 20.55 , 224.31
1806 , 10477 , 210.69 , -77.9 , 53 , 30.90 , 0.737 , 0.035 , 20.61 , 224.26
1816 , 10527 , 208.83 , -78.4 , 53 , 30.83 , 0.729 , 0.035 , 20.66 , 224.21
1826 , 10575 , 207.09 , -78.8 , 52 , 30.78 , 0.730 , 0.035 , 20.71 , 224.16
1836 , 10632 , 205.01 , -79.3 , 52 , 30.72 , 0.724 , 0.035 , 20.76 , 224.11
1846 , 10688 , 202.99 , -79.8 , 52 , 30.66 , 0.716 , 0.035 , 20.82 , 224.05
1856 , 10743 , 201.03 , -80.3 , 52 , 30.59 , 0.713 , 0.035 , 20.87 , 223.99
1866 , 10794 , 199.23 , -80.5 , 52 , 30.53 , 0.716 , 0.036 , 20.92 , 223.94
1876 , 10843 , 197.51 , -80.4 , 52 , 30.47 , 0.767 , 0.039 , 20.98 , 223.89
1886 , 10890 , 195.85 , -80.2 , 52 , 30.41 , 0.816 , 0.042 , 21.03 , 223.84
1896 , 10944 , 193.99 , -80.6 , 52 , 30.36 , 0.851 , 0.044 , 21.09 , 223.78
1906 , 11009 , 191.78 , -80.9 , 52 , 30.28 , 0.868 , 0.045 , 21.17 , 223.70
1916 , 11066 , 189.85 , -80.9 , 52 , 30.22 , 0.944 , 0.050 , 21.24 , 223.63
1926 , 11109 , 188.39 , -80.9 , 52 , 30.16 , 1.053 , 0.056 , 21.30 , 223.57
1936 , 11150 , 187.01 , -80.9 , 52 , 30.10 , 1.043 , 0.056 , 21.36 , 223.51
1946 , 11193 , 185.61 , -81.0 , 52 , 30.03 , 1.044 , 0.056 , 21.42 , 223.44
1956 , 11235 , 184.24 , -80.9 , 52 , 29.97 , 1.174 , 0.064 , 21.49 , 223.38
1966 , 11275 , 182.91 , -80.6 , 53 , 29.91 , 1.493 , 0.082 , 21.57 , 223.30
1976 , 11317 , 181.55 , -79.9 , 53 , 29.85 , 1.982 , 0.109 , 21.67 , 223.20
1986 , 11361 , 180.17 , -79.7 , 54 , 29.79 , 2.514 , 0.140 , 21.80 , 223.07
1996 , 11400 , 178.91 , -79.8 , 54 , 29.73 , 2.942 , 0.164 , 21.95 , 222.91
2006 , 11443 , 177.56 , -79.9 , 54 , 29.66 , 3.225 , 0.182 , 22.14 , 222.73
2015 , 11491 , 176.06 , -79.9 , 54 , 29.60 , 3.374 , 0.192 , 22.36 , 222.51
2024 , 11529 , 174.89 , -80.3 , 54 , 29.55 , 3.486 , 0.199 , 22.54 , 222.33
2034 , 11565 , 173.77 , -80.0 , 53 , 29.49 , 3.602 , 0.207 , 22.72 , 222.15
2044 , 11603 , 172.61 , -79.9 , 53 , 29.42 , 3.729 , 0.216 , 22.91 , 221.96
2054 , 11641 , 171.46 , -79.6 , 53 , 29.37 , 3.881 , 0.226 , 23.11 , 221.76
2064 , 11681 , 170.26 , -79.4 , 53 , 29.30 , 4.079 , 0.240 , 23.33 , 221.54
2074 , 11721 , 169.07 , -79.1 , 52 , 29.24 , 4.277 , 0.253 , 23.57 , 221.30
2084 , 11760 , 167.91 , -79.0 , 51 , 29.17 , 4.539 , 0.270 , 23.81 , 221.06
2094 , 11799 , 166.75 , -78.6 , 51 , 29.11 , 4.816 , 0.289 , 24.06 , 220.81
2104 , 11837 , 165.64 , -78.2 , 50 , 29.05 , 5.067 , 0.306 , 24.32 , 220.55
2114 , 11876 , 164.51 , -77.9 , 50 , 28.99 , 5.269 , 0.320 , 24.60 , 220.27
2123 , 11914 , 163.44 , -77.8 , 50 , 28.93 , 5.255 , 0.322 , 24.87 , 220.00
2133 , 11950 , 162.41 , -78.0 , 50 , 28.87 , 5.135 , 0.316 , 25.13 , 219.74
2143 , 11985 , 161.40 , -78.1 , 50 , 28.80 , 5.121 , 0.317 , 25.38 , 219.49
2153 , 12025 , 160.29 , -78.2 , 51 , 28.74 , 5.175 , 0.323 , 25.66 , 219.20
2163 , 12064 , 159.18 , -78.3 , 51 , 28.68 , 5.159 , 0.324 , 25.95 , 218.92
2173 , 12105 , 158.06 , -78.3 , 51 , 28.62 , 5.131 , 0.325 , 26.23 , 218.63
2183 , 12145 , 156.93 , -78.3 , 51 , 28.55 , 5.100 , 0.325 , 26.52 , 218.35
2193 , 12185 , 155.85 , -78.4 , 51 , 28.49 , 5.060 , 0.325 , 26.80 , 218.07
2203 , 12226 , 154.73 , -78.6 , 51 , 28.43 , 5.088 , 0.329 , 27.09 , 217.78
2213 , 12267 , 153.63 , -78.7 , 51 , 28.36 , 5.080 , 0.331 , 27.38 , 217.49
2223 , 12308 , 152.50 , -78.8 , 52 , 28.31 , 5.039 , 0.330 , 27.67 , 217.20
2233 , 12350 , 151.39 , -78.9 , 52 , 28.25 , 4.959 , 0.328 , 27.96 , 216.91
2243 , 12391 , 150.30 , -79.0 , 52 , 28.18 , 4.866 , 0.324 , 28.24 , 216.63
2253 , 12433 , 149.21 , -79.1 , 52 , 28.12 , 4.835 , 0.324 , 28.52 , 216.35
2263 , 12481 , 147.95 , -79.2 , 52 , 28.06 , 4.757 , 0.322 , 28.84 , 216.03
2273 , 12530 , 146.68 , -79.3 , 53 , 28.00 , 4.649 , 0.317 , 29.16 , 215.71
2283 , 12570 , 145.64 , -79.4 , 53 , 27.94 , 4.680 , 0.321 , 29.42 , 215.45
2293 , 12612 , 144.58 , -79.4 , 53 , 27.87 , 4.755 , 0.329 , 29.69 , 215.18
2303 , 12653 , 143.51 , -79.4 , 53 , 27.81 , 4.810 , 0.335 , 29.97 , 214.90
2313 , 12694 , 142.48 , -79.4 , 53 , 27.75 , 4.886 , 0.343 , 30.25 , 214.62
2323 , 12736 , 141.43 , -79.3 , 53 , 27.69 , 4.893 , 0.346 , 30.53 , 214.34
2333 , 12779 , 140.37 , -79.2 , 53 , 27.63 , 4.972 , 0.354 , 30.83 , 214.04
2342 , 12819 , 139.39 , -79.1 , 52 , 27.57 , 5.090 , 0.365 , 31.11 , 213.76
2351 , 12855 , 138.51 , -78.8 , 52 , 27.51 , 5.324 , 0.384 , 31.37 , 213.50
2361 , 12895 , 137.54 , -78.7 , 52 , 27.46 , 5.558 , 0.404 , 31.67 , 213.20
2371 , 12942 , 136.40 , -78.6 , 51 , 27.40 , 5.765 , 0.423 , 32.04 , 212.83
2381 , 12992 , 135.22 , -78.5 , 51 , 27.34 , 5.832 , 0.431 , 32.44 , 212.43
2391 , 13034 , 134.22 , -78.5 , 51 , 27.28 , 5.939 , 0.442 , 32.78 , 212.09
2401 , 13078 , 133.18 , -78.5 , 50 , 27.22 , 6.021 , 0.452 , 33.15 , 211.72
2411 , 13122 , 132.16 , -78.7 , 50 , 27.16 , 6.097 , 0.461 , 33.52 , 211.35
2421 , 13165 , 131.17 , -78.9 , 49 , 27.10 , 6.134 , 0.468 , 33.88 , 210.99
2431 , 13207 , 130.22 , -78.7 , 49 , 27.04 , 6.348 , 0.487 , 34.24 , 210.63
2441 , 13247 , 129.29 , -78.3 , 48 , 26.98 , 6.717 , 0.519 , 34.61 , 210.26
2451 , 13286 , 128.41 , -77.9 , 48 , 26.91 , 7.039 , 0.548 , 34.98 , 209.89
2460 , 13323 , 127.59 , -77.8 , 47 , 26.86 , 7.194 , 0.564 , 35.34 , 209.53
2470 , 13360 , 126.77 , -77.8 , 47 , 26.80 , 7.201 , 0.568 , 35.70 , 209.17
2480 , 13399 , 125.90 , -77.5 , 46 , 26.74 , 6.946 , 0.552 , 36.09 , 208.78
2490 , 13436 , 125.09 , -77.6 , 45 , 26.68 , 6.606 , 0.528 , 36.43 , 208.43
2500 , 13472 , 124.30 , -77.6 , 44 , 26.62 , 6.252 , 0.503 , 36.76 , 208.11
2510 , 13507 , 123.55 , -77.6 , 44 , 26.57 , 6.010 , 0.486 , 37.05 , 207.82
2520 , 13542 , 122.80 , -77.7 , 43 , 26.51 , 5.842 , 0.476 , 37.33 , 207.54
2530 , 13577 , 122.05 , -77.5 , 42 , 26.45 , 5.663 , 0.464 , 37.61 , 207.26
2540 , 13611 , 121.33 , -77.7 , 42 , 26.39 , 5.532 , 0.456 , 37.87 , 207.00
2550 , 13644 , 120.62 , -77.9 , 41 , 26.33 , 5.440 , 0.451 , 38.13 , 206.74
2560 , 13677 , 119.94 , -77.9 , 41 , 26.28 , 5.445 , 0.454 , 38.37 , 206.50
2570 , 13711 , 119.21 , -78.0 , 40 , 26.22 , 5.515 , 0.463 , 38.63 , 206.24
2580 , 13745 , 118.51 , -78.0 , 40 , 26.16 , 5.623 , 0.474 , 38.89 , 205.98
2590 , 13781 , 117.76 , -78.1 , 39 , 26.10 , 5.682 , 0.483 , 39.17 , 205.70
2600 , 13817 , 117.03 , -78.2 , 39 , 26.05 , 5.632 , 0.481 , 39.45 , 205.42
2610 , 13852 , 116.30 , -78.4 , 39 , 25.99 , 5.499 , 0.473 , 39.73 , 205.14
2620 , 13889 , 115.56 , -78.3 , 38 , 25.93 , 5.438 , 0.471 , 40.00 , 204.87
2630 , 13927 , 114.79 , -78.2 , 38 , 25.88 , 5.567 , 0.485 , 40.29 , 204.58
2640 , 13964 , 114.04 , -78.1 , 38 , 25.82 , 5.680 , 0.498 , 40.58 , 204.29
2650 , 14003 , 113.26 , -78.1 , 37 , 25.76 , 5.764 , 0.509 , 40.89 , 203.98
2660 , 14043 , 112.48 , -78.0 , 37 , 25.71 , 5.835 , 0.519 , 41.21 , 203.66
2670 , 14083 , 111.70 , -78.2 , 37 , 25.65 , 6.066 , 0.543 , 41.54 , 203.33
2679 , 14122 , 110.94 , -78.4 , 37 , 25.60 , 6.183 , 0.557 , 41.87 , 203.00
2689 , 14160 , 110.20 , -78.5 , 36 , 25.55 , 6.425 , 0.583 , 42.20 , 202.67
2699 , 14201 , 109.41 , -78.6 , 36 , 25.49 , 6.736 , 0.616 , 42.57 , 202.29
2709 , 14245 , 108.57 , -78.9 , 36 , 25.43 , 6.792 , 0.626 , 42.98 , 201.89
2719 , 14288 , 107.75 , -79.3 , 36 , 25.38 , 6.656 , 0.618 , 43.38 , 201.48
2729 , 14332 , 106.92 , -79.5 , 36 , 25.33 , 6.528 , 0.611 , 43.79 , 201.08
2739 , 14375 , 106.11 , -79.6 , 36 , 25.27 , 6.531 , 0.616 , 44.18 , 200.69
2749 , 14418 , 105.31 , -79.5 , 36 , 25.21 , 6.770 , 0.643 , 44.58 , 200.29
2759 , 14461 , 104.51 , -79.5 , 36 , 25.16 , 6.763 , 0.647 , 44.99 , 199.88
2769 , 14503 , 103.74 , -79.6 , 36 , 25.10 , 6.716 , 0.647 , 45.38 , 199.49
2779 , 14544 , 102.99 , -79.7 , 36 , 25.04 , 6.838 , 0.664 , 45.77 , 199.10
2789 , 14585 , 102.24 , -79.9 , 36 , 24.99 , 7.131 , 0.698 , 46.17 , 198.70
2799 , 14625 , 101.52 , -79.9 , 36 , 24.94 , 7.372 , 0.726 , 46.58 , 198.29
2809 , 14664 , 100.83 , -79.8 , 36 , 24.88 , 7.439 , 0.738 , 46.97 , 197.90
2819 , 14702 , 100.16 , -79.6 , 36 , 24.83 , 7.809 , 0.780 , 47.37 , 197.50
2829 , 14740 , 99.48 , -79.5 , 36 , 24.77 , 8.272 , 0.832 , 47.81 , 197.06
2839 , 14777 , 98.83 , -79.6 , 36 , 24.72 , 8.710 , 0.881 , 48.24 , 196.63
2849 , 14814 , 98.20 , -79.8 , 36 , 24.66 , 8.933 , 0.910 , 48.69 , 196.18
2859 , 14849 , 97.58 , -80.0 , 36 , 24.61 , 9.093 , 0.932 , 49.14 , 195.73
2869 , 14886 , 96.95 , -79.8 , 36 , 24.55 , 9.672 , 0.998 , 49.62 , 195.25
2879 , 14922 , 96.33 , -79.6 , 35 , 24.50 , 10.744 , 1.115 , 50.13 , 194.74
2889 , 14959 , 95.71 , -79.6 , 35 , 24.45 , 11.759 , 1.229 , 50.71 , 194.16
2899 , 14998 , 95.05 , -79.9 , 35 , 24.39 , 12.464 , 1.311 , 51.37 , 193.50
2909 , 15037 , 94.40 , -80.2 , 35 , 24.34 , 12.855 , 1.362 , 52.06 , 192.81
2918 , 15071 , 93.83 , -80.2 , 34 , 24.28 , 13.141 , 1.401 , 52.68 , 192.19
2928 , 15109 , 93.19 , -80.4 , 34 , 24.24 , 13.565 , 1.456 , 53.40 , 191.47
2938 , 15149 , 92.54 , -80.6 , 34 , 24.18 , 13.821 , 1.494 , 54.16 , 190.71
2948 , 15190 , 91.88 , -80.6 , 34 , 24.13 , 14.127 , 1.538 , 54.95 , 189.92
2958 , 15230 , 91.22 , -80.7 , 33 , 24.07 , 14.382 , 1.577 , 55.76 , 189.11
2968 , 15270 , 90.58 , -80.7 , 33 , 24.02 , 14.880 , 1.643 , 56.57 , 188.30
2977 , 15309 , 89.96 , -80.9 , 33 , 23.97 , 15.216 , 1.691 , 57.39 , 187.48
2986 , 15347 , 89.34 , -81.0 , 32 , 23.92 , 15.339 , 1.717 , 58.22 , 186.65
2996 , 15387 , 88.71 , -80.7 , 32 , 23.87 , 15.491 , 1.746 , 59.08 , 185.79
3006 , 15429 , 88.05 , -80.7 , 32 , 23.82 , 15.676 , 1.780 , 60.00 , 184.87
3016 , 15472 , 87.39 , -80.9 , 32 , 23.77 , 15.646 , 1.790 , 60.93 , 183.94
3026 , 15516 , 86.71 , -81.0 , 32 , 23.72 , 15.646 , 1.804 , 61.90 , 182.97
3036 , 15560 , 86.03 , -81.2 , 31 , 23.66 , 15.516 , 1.804 , 62.86 , 182.01
3046 , 15603 , 85.37 , -81.2 , 31 , 23.61 , 15.398 , 1.804 , 63.80 , 181.07
3056 , 15645 , 84.74 , -81.4 , 31 , 23.56 , 15.214 , 1.795 , 64.70 , 180.17
3066 , 15686 , 84.12 , -81.3 , 31 , 23.50 , 14.957 , 1.778 , 65.57 , 179.30
3076 , 15728 , 83.49 , -81.2 , 31 , 23.45 , 14.774 , 1.769 , 66.45 , 178.42
3086 , 15769 , 82.89 , -81.4 , 32 , 23.40 , 14.471 , 1.746 , 67.28 , 177.59
3096 , 15808 , 82.31 , -81.6 , 32 , 23.34 , 14.322 , 1.740 , 68.08 , 176.79
3106 , 15845 , 81.76 , -81.6 , 32 , 23.29 , 13.647 , 1.669 , 68.82 , 176.05
3116 , 15881 , 81.24 , -81.5 , 32 , 23.24 , 12.861 , 1.583 , 69.49 , 175.38
3126 , 15918 , 80.72 , -81.4 , 32 , 23.19 , 12.118 , 1.501 , 70.13 , 174.74
3136 , 15952 , 80.23 , -81.2 , 32 , 23.13 , 11.684 , 1.456 , 70.69 , 174.17
3146 , 15986 , 79.75 , -81.1 , 32 , 23.08 , 11.386 , 1.428 , 71.24 , 173.62
3156 , 16021 , 79.25 , -80.9 , 32 , 23.03 , 11.064 , 1.396 , 71.79 , 173.07
3166 , 16055 , 78.77 , -80.6 , 33 , 22.97 , 10.901 , 1.384 , 72.32 , 172.55
3176 , 16090 , 78.28 , -80.7 , 33 , 22.92 , 10.938 , 1.397 , 72.86 , 172.01
3186 , 16127 , 77.78 , -80.6 , 33 , 22.87 , 10.955 , 1.409 , 73.42 , 171.45
3196 , 16161 , 77.30 , -80.7 , 33 , 22.81 , 10.970 , 1.419 , 73.95 , 170.92
3206 , 16197 , 76.81 , -80.8 , 33 , 22.76 , 10.914 , 1.421 , 74.50 , 170.37
3216 , 16233 , 76.32 , -80.7 , 33 , 22.71 , 10.832 , 1.419 , 75.04 , 169.82
3226 , 16270 , 75.83 , -80.7 , 33 , 22.66 , 10.741 , 1.416 , 75.60 , 169.27
3236 , 16308 , 75.31 , -80.8 , 33 , 22.60 , 10.770 , 1.430 , 76.18 , 168.69
3246 , 16348 , 74.78 , -80.9 , 33 , 22.55 , 10.797 , 1.444 , 76.78 , 168.09
3255 , 16388 , 74.24 , -81.2 , 33 , 22.50 , 10.660 , 1.436 , 77.39 , 167.47
3265 , 16428 , 73.73 , -81.2 , 33 , 22.45 , 10.534 , 1.429 , 77.98 , 166.89
3275 , 16470 , 73.17 , -80.9 , 33 , 22.40 , 10.563 , 1.444 , 78.61 , 166.26
3285 , 16514 , 72.60 , -81.0 , 33 , 22.35 , 10.835 , 1.492 , 79.26 , 165.61
3295 , 16558 , 72.04 , -81.0 , 33 , 22.29 , 11.097 , 1.541 , 79.94 , 164.93
3305 , 16602 , 71.47 , -80.9 , 33 , 22.24 , 11.298 , 1.581 , 80.64 , 164.23
3314 , 16644 , 70.94 , -80.9 , 33 , 22.19 , 11.703 , 1.650 , 81.31 , 163.55
3324 , 16687 , 70.40 , -81.1 , 33 , 22.14 , 11.840 , 1.682 , 82.02 , 162.84
3334 , 16731 , 69.86 , -81.3 , 33 , 22.09 , 12.019 , 1.721 , 82.75 , 162.12
3344 , 16774 , 69.32 , -81.4 , 33 , 22.03 , 12.006 , 1.732 , 83.49 , 161.38
3354 , 16817 , 68.80 , -81.5 , 33 , 21.98 , 12.260 , 1.782 , 84.21 , 160.66
3363 , 16856 , 68.32 , -81.4 , 33 , 21.93 , 12.468 , 1.825 , 84.90 , 159.97
3373 , 16894 , 67.85 , -81.5 , 33 , 21.88 , 12.748 , 1.879 , 85.57 , 159.30
3383 , 16934 , 67.38 , -81.7 , 33 , 21.83 , 13.057 , 1.938 , 86.29 , 158.58
3393 , 16972 , 66.92 , -81.8 , 33 , 21.78 , 13.242 , 1.979 , 87.00 , 157.87
3403 , 17009 , 66.48 , -81.9 , 33 , 21.72 , 13.363 , 2.010 , 87.69 , 157.17
3413 , 17045 , 66.06 , -81.7 , 33 , 21.67 , 13.553 , 2.052 , 88.37 , 156.50
3423 , 17079 , 65.65 , -81.6 , 33 , 21.62 , 13.541 , 2.063 , 89.02 , 155.85
3433 , 17113 , 65.25 , -81.4 , 33 , 21.57 , 13.726 , 2.104 , 89.68 , 155.19
3443 , 17147 , 64.86 , -81.3 , 33 , 21.51 , 14.028 , 2.163 , 90.34 , 154.53
3453 , 17180 , 64.48 , -81.4 , 33 , 21.46 , 13.971 , 2.167 , 90.99 , 153.88
3463 , 17214 , 64.09 , -81.7 , 33 , 21.41 , 14.039 , 2.190 , 91.66 , 153.21
3473 , 17250 , 63.69 , -81.7 , 33 , 21.36 , 13.984 , 2.196 , 92.36 , 152.51
3483 , 17283 , 63.31 , -81.5 , 33 , 21.30 , 14.008 , 2.213 , 93.02 , 151.85
3493 , 17317 , 62.92 , -81.1 , 32 , 21.25 , 14.013 , 2.227 , 93.70 , 151.17
3503 , 17352 , 62.53 , -81.2 , 32 , 21.20 , 14.001 , 2.239 , 94.39 , 150.48
3513 , 17386 , 62.15 , -81.3 , 32 , 21.15 , 13.956 , 2.245 , 95.05 , 149.82
3523 , 17422 , 61.75 , -81.4 , 32 , 21.09 , 13.838 , 2.241 , 95.76 , 149.11
3533 , 17461 , 61.33 , -81.3 , 32 , 21.04 , 13.758 , 2.243 , 96.50 , 148.37
3543 , 17501 , 60.90 , -81.5 , 32 , 20.99 , 13.657 , 2.243 , 97.27 , 147.59
3553 , 17540 , 60.48 , -81.5 , 32 , 20.94 , 13.635 , 2.255 , 98.02 , 146.85
3563 , 17581 , 60.04 , -81.7 , 32 , 20.88 , 13.389 , 2.230 , 98.80 , 146.07
3573 , 17625 , 59.56 , -81.9 , 32 , 20.83 , 13.482 , 2.264 , 99.65 , 145.22
3583 , 17671 , 59.07 , -81.8 , 32 , 20.78 , 13.376 , 2.264 , 100.52 , 144.35
3592 , 17715 , 58.62 , -81.7 , 32 , 20.73 , 13.034 , 2.223 , 101.32 , 143.55
3602 , 17760 , 58.14 , -81.8 , 32 , 20.68 , 12.839 , 2.208 , 102.15 , 142.72
3612 , 17807 , 57.66 , -82.0 , 32 , 20.63 , 12.771 , 2.215 , 103.00 , 141.87
3621 , 17851 , 57.21 , -82.2 , 32 , 20.58 , 12.489 , 2.183 , 103.78 , 141.09
3631 , 17895 , 56.76 , -82.3 , 32 , 20.52 , 12.272 , 2.162 , 104.55 , 140.32
3641 , 17938 , 56.32 , -82.6 , 32 , 20.47 , 12.127 , 2.153 , 105.29 , 139.58
3651 , 17984 , 55.86 , -82.8 , 32 , 20.42 , 12.110 , 2.168 , 106.08 , 138.79
3661 , 18027 , 55.43 , -83.0 , 32 , 20.36 , 11.959 , 2.157 , 106.81 , 138.06
3671 , 18070 , 55.00 , -83.1 , 32 , 20.31 , 11.901 , 2.164 , 107.54 , 137.32
3681 , 18113 , 54.58 , -83.3 , 32 , 20.26 , 11.953 , 2.190 , 108.27 , 136.59
3691 , 18155 , 54.16 , -83.5 , 32 , 20.21 , 11.951 , 2.206 , 108.99 , 135.88
3700 , 18192 , 53.81 , -83.5 , 32 , 20.16 , 11.839 , 2.200 , 109.61 , 135.26
3710 , 18228 , 53.46 , -83.5 , 32 , 20.11 , 11.844 , 2.215 , 110.21 , 134.65
3720 , 18266 , 53.09 , -83.5 , 32 , 20.06 , 11.979 , 2.256 , 110.86 , 134.01
3730 , 18301 , 52.76 , -83.2 , 32 , 20.00 , 11.911 , 2.258 , 111.46 , 133.41
3740 , 18337 , 52.42 , -83.0 , 32 , 19.96 , 12.047 , 2.298 , 112.07 , 132.80
3750 , 18371 , 52.10 , -82.8 , 32 , 19.91 , 12.126 , 2.327 , 112.65 , 132.22
3760 , 18405 , 51.79 , -82.5 , 32 , 19.86 , 12.140 , 2.344 , 113.22 , 131.65
3770 , 18438 , 51.48 , -82.5 , 32 , 19.81 , 12.304 , 2.390 , 113.80 , 131.07
3780 , 18472 , 51.17 , -82.4 , 32 , 19.76 , 12.319 , 2.407 , 114.39 , 130.48
3790 , 18504 , 50.88 , -82.2 , 32 , 19.71 , 12.315 , 2.420 , 114.95 , 129.92
3800 , 18537 , 50.57 , -82.4 , 32 , 19.66 , 12.196 , 2.412 , 115.52 , 129.34
3810 , 18573 , 50.25 , -82.5 , 32 , 19.62 , 12.226 , 2.433 , 116.14 , 128.73
3820 , 18609 , 49.92 , -82.4 , 32 , 19.57 , 12.157 , 2.435 , 116.77 , 128.10
3830 , 18649 , 49.58 , -82.4 , 32 , 19.52 , 12.145 , 2.450 , 117.44 , 127.43
3840 , 18689 , 49.22 , -82.5 , 32 , 19.47 , 12.090 , 2.456 , 118.14 , 126.73
3850 , 18729 , 48.87 , -82.7 , 32 , 19.42 , 12.226 , 2.502 , 118.82 , 126.05
3860 , 18771 , 48.50 , -82.7 , 32 , 19.37 , 12.147 , 2.504 , 119.55 , 125.32
3870 , 18816 , 48.11 , -82.8 , 32 , 19.33 , 12.093 , 2.513 , 120.31 , 124.56
3880 , 18859 , 47.74 , -82.7 , 32 , 19.28 , 12.245 , 2.565 , 121.06 , 123.80
3890 , 18904 , 47.36 , -82.8 , 32 , 19.23 , 12.290 , 2.595 , 121.84 , 123.03
3900 , 18950 , 46.97 , -82.8 , 32 , 19.19 , 12.392 , 2.638 , 122.64 , 122.23
3910 , 18995 , 46.59 , -82.9 , 32 , 19.14 , 12.423 , 2.666 , 123.43 , 121.44
3920 , 19039 , 46.23 , -83.0 , 32 , 19.09 , 12.464 , 2.696 , 124.21 , 120.66
3929 , 19081 , 45.88 , -83.2 , 32 , 19.05 , 12.435 , 2.711 , 124.95 , 119.92
3939 , 19125 , 45.52 , -83.5 , 32 , 19.00 , 12.340 , 2.711 , 125.72 , 119.15
3949 , 19170 , 45.15 , -83.7 , 32 , 18.96 , 12.349 , 2.735 , 126.51 , 118.36
3959 , 19214 , 44.79 , -83.8 , 32 , 18.91 , 12.345 , 2.756 , 127.30 , 117.57
3969 , 19260 , 44.42 , -83.7 , 31 , 18.86 , 12.419 , 2.796 , 128.11 , 116.76
3979 , 19304 , 44.06 , -83.6 , 31 , 18.81 , 12.438 , 2.823 , 128.89 , 115.98
3989 , 19347 , 43.72 , -83.6 , 31 , 18.76 , 12.439 , 2.845 , 129.65 , 115.22
3999 , 19390 , 43.39 , -83.8 , 31 , 18.72 , 12.487 , 2.878 , 130.40 , 114.47
4009 , 19431 , 43.07 , -83.9 , 31 , 18.67 , 12.504 , 2.904 , 131.14 , 113.73
4019 , 19471 , 42.76 , -83.7 , 31 , 18.63 , 12.532 , 2.931 , 131.86 , 113.01
4029 , 19511 , 42.45 , -83.5 , 31 , 18.58 , 12.816 , 3.019 , 132.57 , 112.30
4039 , 19550 , 42.15 , -83.4 , 31 , 18.53 , 12.788 , 3.034 , 133.29 , 111.58
4049 , 19588 , 41.86 , -83.4 , 31 , 18.49 , 12.810 , 3.060 , 133.98 , 110.89
4059 , 19623 , 41.60 , -83.0 , 31 , 18.44 , 12.770 , 3.069 , 134.61 , 110.26
4069 , 19658 , 41.35 , -82.6 , 31 , 18.39 , 12.744 , 3.082 , 135.24 , 109.63
4079 , 19691 , 41.10 , -82.5 , 31 , 18.35 , 12.788 , 3.111 , 135.84 , 109.03
4089 , 19725 , 40.85 , -82.3 , 31 , 18.30 , 12.769 , 3.126 , 136.46 , 108.41
4099 , 19758 , 40.61 , -82.3 , 31 , 18.25 , 12.727 , 3.134 , 137.04 , 107.83
4109 , 19790 , 40.38 , -82.2 , 31 , 18.20 , 12.766 , 3.161 , 137.61 , 107.26
4118 , 19819 , 40.17 , -82.0 , 31 , 18.16 , 12.756 , 3.176 , 138.14 , 106.73
4128 , 19847 , 39.97 , -81.9 , 31 , 18.12 , 12.698 , 3.177 , 138.64 , 106.23
4138 , 19877 , 39.76 , -82.0 , 31 , 18.07 , 12.547 , 3.156 , 139.17 , 105.70
4148 , 19905 , 39.56 , -81.8 , 30 , 18.02 , 12.536 , 3.169 , 139.67 , 105.20
4158 , 19934 , 39.35 , -81.8 , 30 , 17.98 , 12.413 , 3.154 , 140.18 , 104.69
4168 , 19965 , 39.14 , -81.4 , 30 , 17.93 , 12.291 , 3.140 , 140.72 , 104.15
4178 , 19992 , 38.95 , -81.2 , 30 , 17.88 , 12.209 , 3.135 , 141.19 , 103.68
4188 , 20024 , 38.73 , -81.3 , 30 , 17.84 , 12.049 , 3.111 , 141.73 , 103.14
4198 , 20055 , 38.51 , -81.0 , 29 , 17.79 , 11.996 , 3.115 , 142.26 , 102.61
4208 , 20091 , 38.27 , -80.7 , 29 , 17.75 , 11.961 , 3.126 , 142.86 , 102.00
4218 , 20127 , 38.03 , -80.5 , 29 , 17.70 , 11.843 , 3.114 , 143.45 , 101.41
4228 , 20163 , 37.78 , -80.5 , 29 , 17.65 , 11.841 , 3.134 , 144.06 , 100.81
4238 , 20203 , 37.52 , -80.6 , 29 , 17.61 , 11.741 , 3.129 , 144.71 , 100.16
4248 , 20243 , 37.25 , -80.8 , 28 , 17.56 , 11.623 , 3.120 , 145.37 , 99.50
4257 , 20284 , 36.98 , -80.7 , 28 , 17.52 , 11.466 , 3.100 , 146.03 , 98.84
4267 , 20324 , 36.72 , -81.0 , 28 , 17.47 , 11.355 , 3.092 , 146.67 , 98.20
4277 , 20366 , 36.44 , -81.2 , 28 , 17.43 , 11.244 , 3.085 , 147.34 , 97.53
4287 , 20409 , 36.17 , -81.1 , 27 , 17.38 , 11.222 , 3.103 , 148.02 , 96.85
4297 , 20452 , 35.89 , -80.8 , 27 , 17.33 , 11.082 , 3.088 , 148.70 , 96.17
4307 , 20495 , 35.62 , -80.6 , 27 , 17.28 , 11.060 , 3.105 , 149.36 , 95.51
4317 , 20538 , 35.35 , -80.7 , 27 , 17.24 , 11.049 , 3.126 , 150.02 , 94.85
4327 , 20581 , 35.08 , -80.6 , 26 , 17.19 , 11.006 , 3.138 , 150.69 , 94.18
4337 , 20626 , 34.80 , -80.6 , 26 , 17.14 , 10.926 , 3.139 , 151.37 , 93.49
4347 , 20670 , 34.53 , -80.8 , 26 , 17.10 , 10.871 , 3.148 , 152.05 , 92.82
4357 , 20715 , 34.26 , -80.7 , 26 , 17.05 , 10.749 , 3.138 , 152.73 , 92.14
4367 , 20760 , 33.98 , -80.6 , 26 , 17.00 , 10.661 , 3.137 , 153.40 , 91.47
4377 , 20806 , 33.71 , -80.8 , 25 , 16.96 , 10.521 , 3.121 , 154.09 , 90.78
4387 , 20852 , 33.43 , -80.8 , 25 , 16.91 , 10.380 , 3.105 , 154.77 , 90.10
4397 , 20899 , 33.15 , -80.6 , 25 , 16.87 , 10.218 , 3.082 , 155.44 , 89.42
4407 , 20946 , 32.88 , -80.5 , 25 , 16.82 , 10.016 , 3.047 , 156.11 , 88.76
4417 , 20993 , 32.61 , -80.3 , 25 , 16.78 , 9.849 , 3.021 , 156.76 , 88.11
4427 , 21042 , 32.32 , -80.1 , 24 , 16.73 , 9.726 , 3.009 , 157.44 , 87.43
4437 , 21093 , 32.03 , -80.2 , 24 , 16.69 , 9.611 , 3.000 , 158.12 , 86.75
4447 , 21144 , 31.75 , -80.3 , 24 , 16.64 , 9.510 , 2.996 , 158.80 , 86.07
4457 , 21193 , 31.47 , -80.2 , 24 , 16.60 , 9.533 , 3.029 , 159.45 , 85.42
4467 , 21246 , 31.18 , -80.2 , 24 , 16.56 , 9.471 , 3.038 , 160.15 , 84.71
4477 , 21299 , 30.88 , -80.5 , 24 , 16.51 , 9.305 , 3.013 , 160.86 , 84.01
4487 , 21351 , 30.60 , -80.9 , 23 , 16.47 , 9.209 , 3.009 , 161.53 , 83.33
4497 , 21403 , 30.32 , -81.1 , 23 , 16.42 , 9.079 , 2.994 , 162.20 , 82.67
4507 , 21454 , 30.04 , -81.3 , 23 , 16.38 , 8.983 , 2.990 , 162.85 , 82.02
4517 , 21507 , 29.76 , -81.4 , 23 , 16.34 , 8.880 , 2.983 , 163.51 , 81.36
4527 , 21559 , 29.49 , -81.6 , 23 , 16.30 , 8.714 , 2.955 , 164.15 , 80.72
4537 , 21609 , 29.23 , -81.5 , 23 , 16.25 , 8.521 , 2.916 , 164.76 , 80.11
4547 , 21658 , 28.97 , -81.7 , 22 , 16.21 , 8.519 , 2.940 , 165.34 , 79.53
4557 , 21707 , 28.72 , -82.0 , 22 , 16.17 , 8.422 , 2.932 , 165.93 , 78.94
4566 , 21752 , 28.49 , -82.0 , 22 , 16.13 , 8.365 , 2.936 , 166.46 , 78.41
4576 , 21795 , 28.27 , -82.1 , 22 , 16.09 , 8.137 , 2.878 , 166.96 , 77.91
4586 , 21839 , 28.05 , -82.3 , 22 , 16.05 , 7.965 , 2.839 , 167.47 , 77.40
4596 , 21881 , 27.84 , -82.5 , 22 , 16.01 , 7.925 , 2.847 , 167.94 , 76.93
4606 , 21921 , 27.64 , -82.4 , 22 , 15.97 , 7.882 , 2.851 , 168.39 , 76.48
4616 , 21957 , 27.46 , -82.3 , 22 , 15.93 , 7.888 , 2.872 , 168.78 , 76.09
4626 , 21993 , 27.29 , -82.0 , 22 , 15.88 , 7.795 , 2.857 , 169.19 , 75.68
4636 , 22028 , 27.12 , -81.9 , 22 , 15.85 , 7.693 , 2.837 , 169.56 , 75.31
4646 , 22060 , 26.96 , -81.8 , 22 , 15.80 , 7.719 , 2.863 , 169.91 , 74.96
4656 , 22094 , 26.80 , -81.9 , 21 , 15.77 , 7.724 , 2.882 , 170.28 , 74.59
4666 , 22125 , 26.65 , -81.9 , 21 , 15.73 , 7.747 , 2.907 , 170.62 , 74.25
4676 , 22159 , 26.49 , -82.0 , 21 , 15.69 , 7.748 , 2.925 , 170.99 , 73.88
4686 , 22193 , 26.33 , -81.9 , 21 , 15.65 , 7.731 , 2.936 , 171.36 , 73.51
4696 , 22228 , 26.17 , -81.5 , 21 , 15.61 , 7.796 , 2.979 , 171.74 , 73.13
4706 , 22266 , 25.99 , -81.3 , 21 , 15.56 , 7.880 , 3.032 , 172.16 , 72.70
4716 , 22308 , 25.80 , -81.5 , 21 , 15.53 , 7.881 , 3.055 , 172.63 , 72.24
4726 , 22349 , 25.61 , -81.4 , 21 , 15.49 , 7.920 , 3.093 , 173.08 , 71.78
4736 , 22393 , 25.41 , -81.2 , 21 , 15.45 , 7.900 , 3.109 , 173.57 , 71.30
4746 , 22438 , 25.20 , -81.1 , 21 , 15.41 , 7.936 , 3.149 , 174.08 , 70.79
4756 , 22487 , 24.99 , -81.3 , 21 , 15.37 , 7.876 , 3.152 , 174.62 , 70.25
4766 , 22538 , 24.76 , -81.5 , 21 , 15.34 , 7.746 , 3.128 , 175.17 , 69.70
4776 , 22592 , 24.53 , -81.7 , 21 , 15.30 , 7.626 , 3.109 , 175.76 , 69.11
4786 , 22645 , 24.29 , -81.8 , 20 , 15.26 , 7.542 , 3.105 , 176.33 , 68.54
4796 , 22699 , 24.06 , -81.9 , 20 , 15.22 , 7.476 , 3.107 , 176.90 , 67.97
4805 , 22751 , 23.84 , -82.1 , 20 , 15.19 , 7.413 , 3.110 , 177.45 , 67.42
4815 , 22799 , 23.63 , -81.7 , 20 , 15.15 , 7.338 , 3.105 , 177.95 , 66.92
4825 , 22847 , 23.43 , -81.4 , 20 , 15.11 , 7.199 , 3.073 , 178.44 , 66.43
4835 , 22894 , 23.23 , -81.3 , 20 , 15.08 , 7.077 , 3.046 , 178.91 , 65.96
4845 , 22937 , 23.06 , -81.3 , 20 , 15.04 , 7.069 , 3.066 , 179.34 , 65.53
4855 , 22981 , 22.88 , -81.2 , 20 , 15.00 , 7.050 , 3.081 , 179.77 , 65.10
4865 , 23021 , 22.72 , -81.1 , 20 , 14.97 , 6.963 , 3.065 , 180.17 , 64.70
4875 , 23056 , 22.58 , -81.1 , 20 , 14.93 , 6.899 , 3.056 , 180.51 , 64.36
4885 , 23089 , 22.44 , -81.1 , 19 , 14.89 , 6.823 , 3.040 , 180.83 , 64.04
4895 , 23116 , 22.34 , -81.1 , 19 , 14.86 , 6.731 , 3.014 , 181.08 , 63.79
4904 , 23143 , 22.23 , -80.7 , 19 , 14.82 , 6.760 , 3.041 , 181.34 , 63.53
4914 , 23167 , 22.13 , -80.5 , 19 , 14.78 , 6.733 , 3.042 , 181.56 , 63.30
4924 , 23194 , 22.03 , -80.2 , 19 , 14.75 , 6.769 , 3.072 , 181.82 , 63.05
4934 , 23222 , 21.92 , -79.7 , 19 , 14.71 , 6.685 , 3.049 , 182.08 , 62.79
4944 , 23249 , 21.82 , -79.1 , 19 , 14.67 , 6.641 , 3.044 , 182.33 , 62.54
4954 , 23281 , 21.70 , -78.5 , 19 , 14.64 , 6.670 , 3.074 , 182.62 , 62.25
4964 , 23317 , 21.56 , -77.8 , 18 , 14.60 , 6.658 , 3.088 , 182.95 , 61.91
4974 , 23356 , 21.41 , -77.5 , 18 , 14.56 , 6.722 , 3.140 , 183.32 , 61.55
4984 , 23400 , 21.25 , -77.6 , 18 , 14.53 , 6.710 , 3.158 , 183.73 , 61.14
4994 , 23446 , 21.08 , -77.1 , 18 , 14.49 , 6.694 , 3.176 , 184.15 , 60.72
5004 , 23495 , 20.90 , -77.1 , 18 , 14.45 , 6.658 , 3.186 , 184.60 , 60.26
5014 , 23550 , 20.70 , -77.1 , 17 , 14.42 , 6.633 , 3.205 , 185.10 , 59.76
5024 , 23607 , 20.49 , -77.0 , 17 , 14.38 , 6.547 , 3.195 , 185.62 , 59.25
5034 , 23665 , 20.29 , -76.6 , 17 , 14.35 , 6.454 , 3.181 , 186.14 , 58.73
5044 , 23725 , 20.08 , -76.3 , 16 , 14.31 , 6.433 , 3.204 , 186.67 , 58.20
5054 , 23781 , 19.88 , -75.7 , 16 , 14.27 , 6.344 , 3.191 , 187.16 , 57.71
5064 , 23840 , 19.68 , -74.8 , 16 , 14.24 , 6.476 , 3.290 , 187.67 , 57.19
5074 , 23894 , 19.50 , -74.7 , 15 , 14.20 , 6.416 , 3.290 , 188.15 , 56.72
5084 , 23951 , 19.31 , -74.6 , 15 , 14.17 , 6.311 , 3.268 , 188.64 , 56.23
5094 , 24003 , 19.14 , -74.5 , 15 , 14.13 , 6.244 , 3.262 , 189.08 , 55.79
5104 , 24051 , 18.98 , -74.4 , 14 , 14.10 , 6.075 , 3.201 , 189.48 , 55.39
5114 , 24097 , 18.83 , -74.4 , 14 , 14.07 , 5.994 , 3.183 , 189.86 , 55.01
5124 , 24137 , 18.70 , -73.9 , 13 , 14.04 , 6.092 , 3.257 , 190.19 , 54.68
5134 , 24173 , 18.59 , -73.6 , 13 , 14.01 , 5.988 , 3.221 , 190.48 , 54.39
5144 , 24206 , 18.48 , -73.3 , 13 , 13.97 , 5.905 , 3.194 , 190.74 , 54.13
5154 , 24239 , 18.38 , -73.0 , 12 , 13.94 , 5.921 , 3.222 , 191.01 , 53.86
5164 , 24274 , 18.27 , -72.8 , 12 , 13.91 , 6.037 , 3.304 , 191.29 , 53.58
5174 , 24312 , 18.15 , -72.8 , 11 , 13.88 , 5.961 , 3.284 , 191.59 , 53.28
5184 , 24346 , 18.05 , -72.5 , 11 , 13.85 , 6.072 , 3.364 , 191.87 , 53.00
5193 , 24377 , 17.95 , -72.1 , 11 , 13.82 , 5.860 , 3.264 , 192.12 , 52.75
5202 , 24410 , 17.85 , -71.7 , 10 , 13.79 , 5.694 , 3.189 , 192.37 , 52.50
5212 , 24445 , 17.75 , -71.3 , 10 , 13.76 , 5.754 , 3.242 , 192.64 , 52.23
5222 , 24482 , 17.63 , -71.4 , 10 , 13.73 , 5.747 , 3.259 , 192.93 , 51.94
5232 , 24519 , 17.53 , -71.4 , 9 , 13.70 , 5.810 , 3.315 , 193.21 , 51.66
5242 , 24559 , 17.41 , -71.5 , 9 , 13.66 , 5.707 , 3.278 , 193.52 , 51.35
5252 , 24601 , 17.28 , -70.7 , 8 , 13.63 , 5.766 , 3.336 , 193.84 , 51.03
5262 , 24648 , 17.15 , -70.3 , 8 , 13.60 , 5.787 , 3.375 , 194.20 , 50.67
5272 , 24696 , 17.01 , -70.1 , 8 , 13.57 , 5.723 , 3.364 , 194.57 , 50.30
5282 , 24747 , 16.86 , -69.9 , 7 , 13.54 , 5.665 , 3.359 , 194.96 , 49.91
5292 , 24800 , 16.72 , -69.7 , 7 , 13.51 , 5.656 , 3.384 , 195.35 , 49.52
5302 , 24851 , 16.57 , -69.8 , 7 , 13.48 , 5.654 , 3.412 , 195.74 , 49.13
5312 , 24902 , 16.43 , -70.1 , 6 , 13.44 , 5.689 , 3.463 , 196.12 , 48.75
5322 , 24954 , 16.29 , -70.5 , 6 , 13.41 , 5.691 , 3.494 , 196.51 , 48.36
5332 , 25007 , 16.14 , -70.9 , 6 , 13.38 , 5.678 , 3.518 , 196.92 , 47.95
5342 , 25060 , 16.00 , -71.2 , 6 , 13.35 , 5.557 , 3.474 , 197.31 , 47.56
5352 , 25114 , 15.85 , -71.4 , 5 , 13.32 , 5.579 , 3.519 , 197.71 , 47.15
5362 , 25166 , 15.71 , -71.0 , 5 , 13.29 , 5.487 , 3.492 , 198.10 , 46.77
5371 , 25218 , 15.58 , -70.7 , 5 , 13.26 , 5.485 , 3.521 , 198.48 , 46.39
5381 , 25266 , 15.45 , -70.2 , 5 , 13.22 , 5.362 , 3.470 , 198.83 , 46.04
5391 , 25320 , 15.31 , -69.7 , 4 , 13.19 , 5.279 , 3.448 , 199.21 , 45.66
5401 , 25374 , 15.17 , -69.5 , 4 , 13.17 , 5.237 , 3.451 , 199.58 , 45.29
5411 , 25428 , 15.04 , -69.6 , 4 , 13.14 , 5.253 , 3.493 , 199.95 , 44.92
5421 , 25485 , 14.89 , -69.5 , 4 , 13.10 , 5.120 , 3.438 , 200.35 , 44.52
5431 , 25540 , 14.76 , -69.3 , 4 , 13.07 , 5.083 , 3.444 , 200.72 , 44.15
5441 , 25597 , 14.62 , -68.8 , 3 , 13.04 , 5.153 , 3.525 , 201.10 , 43.77
5451 , 25651 , 14.48 , -68.0 , 3 , 13.01 , 5.329 , 3.679 , 201.48 , 43.39
5461 , 25703 , 14.36 , -67.8 , 3 , 12.98 , 5.306 , 3.695 , 201.84 , 43.03
5471 , 25757 , 14.23 , -67.1 , 3 , 12.95 , 5.056 , 3.552 , 202.21 , 42.66
5481 , 25807 , 14.11 , -66.5 , 3 , 12.92 , 5.274 , 3.737 , 202.54 , 42.32
5491 , 25859 , 13.99 , -66.6 , 3 , 12.89 , 5.263 , 3.760 , 202.90 , 41.97
5501 , 25907 , 13.88 , -66.5 , 3 , 12.86 , 5.283 , 3.805 , 203.23 , 41.64
5511 , 25958 , 13.77 , -66.5 , 2 , 12.83 , 5.285 , 3.839 , 203.58 , 41.28
5521 , 26009 , 13.65 , -66.6 , 2 , 12.80 , 5.229 , 3.830 , 203.93 , 40.94
5530 , 26058 , 13.54 , -67.0 , 2 , 12.77 , 5.120 , 3.781 , 204.26 , 40.61
5540 , 26102 , 13.44 , -66.8 , 2 , 12.74 , 5.066 , 3.769 , 204.56 , 40.31
5550 , 26154 , 13.33 , -66.8 , 2 , 12.71 , 4.905 , 3.681 , 204.90 , 39.97
5560 , 26201 , 13.22 , -66.4 , 2 , 12.68 , 4.872 , 3.685 , 205.20 , 39.67
5570 , 26251 , 13.11 , -66.2 , 2 , 12.65 , 4.986 , 3.802 , 205.52 , 39.35
