# ------------------------------------------------------------
#
# Flight name: V2310
# Station: Davis
# Launch Date: 23 September 2010
# Launch Time: 11:16:12
# 
# This file created: Fri Sep 24 09:52:29 2010
# 
# 
# ------------------------------------------------------------
# DATA COLUMNS
# Time (s)
# Height (m)
# Atmospheric Pressure (hPa)
# Atmospheric Temperature (°C)
# Relative Humidity (%)
# Box Temperature (°C)
# Ozone Partial Pressure (mPa)
# Ozone Mixing Ratio (ppmV)
# Accumulated Ozone to this Height (Dobson Units)
# Remaining Ozone above this Height (Dobson Units)
# 
# ------------------------------------------------------------
# 
# Integrated Ozone = 126.8 DU
# Extrapolated Ozone =  31.4 DU
# 
# Total Ozone = 158.2 DU
# 
# 
# ------------------------------------------------------------
0 , 18 , 981.38 , -7.0 , 62 , 35.19 , 3.218 , 0.033 , 0.00 , 158.22
10 , 65 , 975.45 , -7.3 , 64 , 35.30 , 3.278 , 0.034 , 0.16 , 158.06
20 , 115 , 969.12 , -7.7 , 66 , 35.39 , 3.232 , 0.033 , 0.32 , 157.90
30 , 166 , 962.83 , -8.1 , 67 , 35.37 , 3.170 , 0.033 , 0.49 , 157.73
40 , 217 , 956.52 , -8.6 , 69 , 35.30 , 3.136 , 0.033 , 0.65 , 157.57
50 , 273 , 949.57 , -9.1 , 71 , 35.26 , 3.158 , 0.033 , 0.83 , 157.39
60 , 330 , 942.59 , -9.7 , 73 , 35.28 , 3.134 , 0.033 , 1.02 , 157.20
70 , 388 , 935.62 , -10.2 , 76 , 35.26 , 3.115 , 0.033 , 1.20 , 157.02
80 , 438 , 929.52 , -10.7 , 78 , 35.25 , 3.107 , 0.033 , 1.36 , 156.86
90 , 484 , 923.98 , -11.2 , 82 , 35.25 , 3.083 , 0.033 , 1.50 , 156.71
100 , 530 , 918.49 , -11.6 , 85 , 35.23 , 3.086 , 0.034 , 1.65 , 156.57
110 , 581 , 912.32 , -12.0 , 87 , 35.24 , 3.057 , 0.034 , 1.81 , 156.41
120 , 636 , 905.77 , -12.5 , 89 , 35.23 , 3.030 , 0.033 , 1.99 , 156.23
130 , 692 , 899.17 , -12.8 , 87 , 35.21 , 3.015 , 0.034 , 2.16 , 156.06
140 , 748 , 892.59 , -13.1 , 85 , 35.17 , 3.011 , 0.034 , 2.34 , 155.88
150 , 805 , 886.00 , -13.4 , 81 , 35.14 , 2.993 , 0.034 , 2.51 , 155.71
160 , 855 , 880.20 , -13.7 , 79 , 35.12 , 2.979 , 0.034 , 2.67 , 155.55
170 , 911 , 873.72 , -13.9 , 75 , 35.11 , 2.968 , 0.034 , 2.84 , 155.38
180 , 964 , 867.61 , -14.3 , 74 , 35.13 , 2.940 , 0.034 , 3.00 , 155.22
190 , 1019 , 861.32 , -14.8 , 76 , 35.13 , 2.923 , 0.034 , 3.17 , 155.05
200 , 1069 , 855.67 , -15.2 , 76 , 35.13 , 2.905 , 0.034 , 3.32 , 154.90
209 , 1115 , 850.45 , -15.6 , 76 , 35.17 , 2.888 , 0.034 , 3.46 , 154.76
219 , 1165 , 844.78 , -16.0 , 77 , 35.15 , 2.863 , 0.034 , 3.61 , 154.60
229 , 1217 , 838.98 , -16.4 , 77 , 35.15 , 2.854 , 0.034 , 3.77 , 154.45
239 , 1266 , 833.55 , -16.8 , 79 , 35.15 , 2.829 , 0.034 , 3.92 , 154.30
249 , 1320 , 827.55 , -17.3 , 80 , 35.13 , 2.799 , 0.034 , 4.08 , 154.14
259 , 1374 , 821.65 , -17.8 , 82 , 35.11 , 2.797 , 0.034 , 4.23 , 153.98
269 , 1429 , 815.58 , -18.2 , 83 , 35.11 , 2.776 , 0.034 , 4.40 , 153.82
279 , 1481 , 809.93 , -18.6 , 83 , 35.13 , 2.766 , 0.034 , 4.55 , 153.67
289 , 1535 , 804.06 , -19.1 , 84 , 35.13 , 2.740 , 0.034 , 4.71 , 153.51
299 , 1590 , 798.18 , -19.5 , 84 , 35.11 , 2.726 , 0.034 , 4.86 , 153.35
309 , 1639 , 792.92 , -19.8 , 84 , 35.10 , 2.709 , 0.034 , 5.01 , 153.21
319 , 1694 , 787.02 , -20.2 , 84 , 35.03 , 2.679 , 0.034 , 5.17 , 153.05
329 , 1753 , 780.75 , -20.7 , 83 , 34.95 , 2.669 , 0.034 , 5.33 , 152.88
339 , 1812 , 774.64 , -21.2 , 83 , 34.86 , 2.649 , 0.034 , 5.50 , 152.72
349 , 1863 , 769.28 , -21.7 , 84 , 34.86 , 2.627 , 0.034 , 5.64 , 152.57
359 , 1916 , 763.69 , -22.1 , 83 , 34.88 , 2.610 , 0.034 , 5.79 , 152.42
369 , 1970 , 758.10 , -22.6 , 85 , 34.94 , 2.583 , 0.034 , 5.95 , 152.27
379 , 2023 , 752.68 , -23.0 , 84 , 34.97 , 2.572 , 0.034 , 6.09 , 152.13
389 , 2076 , 747.21 , -23.3 , 83 , 34.98 , 2.547 , 0.034 , 6.24 , 151.98
399 , 2131 , 741.65 , -23.5 , 79 , 34.92 , 2.526 , 0.034 , 6.39 , 151.83
409 , 2188 , 735.90 , -23.9 , 78 , 34.87 , 2.511 , 0.034 , 6.54 , 151.68
419 , 2246 , 730.06 , -24.3 , 77 , 34.80 , 2.494 , 0.034 , 6.70 , 151.52
429 , 2302 , 724.45 , -24.7 , 75 , 34.72 , 2.479 , 0.034 , 6.85 , 151.37
439 , 2358 , 718.85 , -25.3 , 76 , 34.68 , 2.460 , 0.034 , 7.00 , 151.22
449 , 2417 , 713.08 , -25.8 , 78 , 34.64 , 2.440 , 0.034 , 7.16 , 151.06
459 , 2481 , 706.74 , -26.4 , 79 , 34.59 , 2.413 , 0.034 , 7.33 , 150.89
469 , 2543 , 700.72 , -26.9 , 80 , 34.62 , 2.394 , 0.034 , 7.49 , 150.73
479 , 2607 , 694.51 , -27.2 , 79 , 34.63 , 2.370 , 0.034 , 7.66 , 150.56
489 , 2669 , 688.55 , -27.5 , 74 , 34.66 , 2.403 , 0.035 , 7.82 , 150.40
499 , 2729 , 682.87 , -27.9 , 72 , 34.77 , 2.364 , 0.035 , 7.98 , 150.24
509 , 2788 , 677.29 , -28.4 , 72 , 34.84 , 2.323 , 0.034 , 8.13 , 150.09
519 , 2848 , 671.58 , -28.9 , 72 , 34.83 , 2.299 , 0.034 , 8.28 , 149.93
528 , 2906 , 666.17 , -29.1 , 71 , 34.81 , 2.313 , 0.035 , 8.43 , 149.79
538 , 2964 , 660.77 , -29.2 , 70 , 34.81 , 2.268 , 0.034 , 8.58 , 149.64
548 , 3024 , 655.22 , -29.4 , 70 , 34.85 , 2.264 , 0.035 , 8.73 , 149.49
558 , 3091 , 649.19 , -29.2 , 71 , 34.83 , 2.213 , 0.034 , 8.89 , 149.33
568 , 3155 , 643.35 , -28.2 , 73 , 34.73 , 2.168 , 0.034 , 9.05 , 149.17
578 , 3214 , 638.11 , -28.4 , 72 , 34.68 , 2.128 , 0.033 , 9.19 , 149.03
588 , 3280 , 632.25 , -28.9 , 73 , 34.62 , 2.093 , 0.033 , 9.34 , 148.88
598 , 3349 , 626.16 , -29.5 , 75 , 34.59 , 2.055 , 0.033 , 9.50 , 148.72
608 , 3407 , 621.07 , -29.9 , 77 , 34.62 , 2.046 , 0.033 , 9.63 , 148.59
618 , 3470 , 615.61 , -30.3 , 77 , 34.64 , 2.017 , 0.033 , 9.77 , 148.45
628 , 3530 , 610.46 , -30.8 , 79 , 34.63 , 1.991 , 0.033 , 9.91 , 148.31
638 , 3588 , 605.46 , -31.3 , 80 , 34.62 , 1.974 , 0.033 , 10.03 , 148.18
648 , 3645 , 600.57 , -31.7 , 80 , 34.62 , 1.957 , 0.033 , 10.16 , 148.06
658 , 3706 , 595.45 , -32.0 , 76 , 34.61 , 1.939 , 0.033 , 10.29 , 147.93
668 , 3766 , 590.36 , -32.2 , 73 , 34.61 , 1.925 , 0.033 , 10.42 , 147.80
678 , 3828 , 585.25 , -32.4 , 71 , 34.61 , 1.908 , 0.033 , 10.55 , 147.66
688 , 3889 , 580.19 , -32.1 , 69 , 34.60 , 1.894 , 0.033 , 10.68 , 147.53
698 , 3950 , 575.23 , -31.7 , 68 , 34.61 , 1.883 , 0.033 , 10.81 , 147.41
708 , 4012 , 570.20 , -31.6 , 68 , 34.60 , 1.861 , 0.033 , 10.94 , 147.28
718 , 4073 , 565.31 , -31.9 , 66 , 34.61 , 1.851 , 0.033 , 11.07 , 147.15
728 , 4134 , 560.42 , -32.0 , 66 , 34.60 , 1.833 , 0.033 , 11.19 , 147.02
738 , 4198 , 555.38 , -31.7 , 66 , 34.59 , 1.808 , 0.033 , 11.32 , 146.89
748 , 4260 , 550.52 , -31.9 , 66 , 34.59 , 1.791 , 0.033 , 11.45 , 146.77
758 , 4326 , 545.41 , -32.3 , 68 , 34.57 , 1.744 , 0.032 , 11.58 , 146.64
768 , 4390 , 540.42 , -32.9 , 70 , 34.56 , 1.750 , 0.032 , 11.71 , 146.51
778 , 4458 , 535.22 , -33.5 , 72 , 34.61 , 1.753 , 0.033 , 11.84 , 146.38
788 , 4524 , 530.23 , -34.1 , 73 , 34.63 , 1.733 , 0.033 , 11.97 , 146.25
798 , 4589 , 525.29 , -34.7 , 74 , 34.64 , 1.708 , 0.033 , 12.10 , 146.12
808 , 4655 , 520.39 , -35.3 , 75 , 34.62 , 1.703 , 0.033 , 12.22 , 146.00
818 , 4721 , 515.49 , -35.9 , 76 , 34.64 , 1.693 , 0.033 , 12.35 , 145.87
828 , 4785 , 510.76 , -36.4 , 77 , 34.63 , 1.691 , 0.033 , 12.47 , 145.75
837 , 4847 , 506.20 , -36.9 , 77 , 34.65 , 1.666 , 0.033 , 12.59 , 145.63
847 , 4911 , 501.53 , -36.7 , 78 , 34.65 , 1.631 , 0.033 , 12.71 , 145.51
857 , 4976 , 496.78 , -36.9 , 77 , 34.62 , 1.613 , 0.032 , 12.83 , 145.39
867 , 5046 , 491.80 , -37.3 , 76 , 34.60 , 1.590 , 0.032 , 12.96 , 145.26
877 , 5113 , 487.08 , -37.8 , 77 , 34.58 , 1.562 , 0.032 , 13.08 , 145.14
887 , 5172 , 482.87 , -38.3 , 79 , 34.58 , 1.558 , 0.032 , 13.19 , 145.03
897 , 5232 , 478.71 , -38.7 , 79 , 34.56 , 1.555 , 0.032 , 13.29 , 144.93
907 , 5295 , 474.30 , -38.7 , 76 , 34.54 , 1.558 , 0.033 , 13.41 , 144.81
917 , 5360 , 469.82 , -38.8 , 69 , 34.52 , 1.592 , 0.034 , 13.52 , 144.69
927 , 5425 , 465.43 , -39.1 , 66 , 34.52 , 1.643 , 0.035 , 13.64 , 144.57
937 , 5487 , 461.20 , -39.2 , 66 , 34.50 , 1.682 , 0.036 , 13.76 , 144.45
947 , 5547 , 457.19 , -39.4 , 66 , 34.46 , 1.642 , 0.036 , 13.88 , 144.34
957 , 5608 , 453.14 , -39.9 , 67 , 34.46 , 1.592 , 0.035 , 13.99 , 144.23
967 , 5673 , 448.87 , -40.4 , 68 , 34.45 , 1.535 , 0.034 , 14.11 , 144.11
977 , 5740 , 444.45 , -41.0 , 71 , 34.43 , 1.482 , 0.033 , 14.23 , 143.99
987 , 5806 , 440.15 , -41.6 , 74 , 34.39 , 1.457 , 0.033 , 14.34 , 143.88
997 , 5872 , 435.90 , -42.0 , 77 , 34.37 , 1.430 , 0.033 , 14.45 , 143.77
1007 , 5936 , 431.78 , -42.3 , 78 , 34.35 , 1.433 , 0.033 , 14.56 , 143.66
1017 , 6002 , 427.56 , -42.6 , 78 , 34.32 , 1.431 , 0.033 , 14.67 , 143.55
1027 , 6064 , 423.64 , -42.9 , 75 , 34.28 , 1.460 , 0.034 , 14.77 , 143.44
1037 , 6126 , 419.78 , -43.4 , 72 , 34.28 , 1.477 , 0.035 , 14.88 , 143.34
1047 , 6189 , 415.84 , -43.9 , 71 , 34.27 , 1.487 , 0.036 , 14.99 , 143.23
1057 , 6255 , 411.77 , -44.4 , 70 , 34.25 , 1.493 , 0.036 , 15.11 , 143.11
1067 , 6320 , 407.78 , -45.0 , 69 , 34.21 , 1.491 , 0.037 , 15.22 , 143.00
1077 , 6387 , 403.71 , -45.6 , 68 , 34.17 , 1.499 , 0.037 , 15.34 , 142.88
1087 , 6454 , 399.69 , -46.2 , 69 , 34.13 , 1.506 , 0.038 , 15.46 , 142.76
1097 , 6524 , 395.49 , -46.8 , 71 , 34.11 , 1.501 , 0.038 , 15.58 , 142.64
1106 , 6587 , 391.75 , -47.4 , 74 , 34.08 , 1.497 , 0.038 , 15.69 , 142.52
1116 , 6652 , 387.90 , -47.9 , 75 , 34.06 , 1.463 , 0.038 , 15.81 , 142.41
1126 , 6717 , 384.10 , -48.5 , 73 , 34.04 , 1.456 , 0.038 , 15.92 , 142.29
1136 , 6787 , 380.02 , -49.2 , 75 , 34.02 , 1.438 , 0.038 , 16.05 , 142.17
1146 , 6858 , 375.89 , -49.8 , 75 , 33.99 , 1.423 , 0.038 , 16.17 , 142.05
1155 , 6926 , 372.02 , -50.4 , 72 , 33.97 , 1.414 , 0.038 , 16.28 , 141.93
1165 , 6993 , 368.21 , -51.0 , 67 , 33.95 , 1.410 , 0.038 , 16.40 , 141.82
1175 , 7066 , 364.07 , -51.7 , 63 , 33.93 , 1.396 , 0.038 , 16.52 , 141.69
1185 , 7133 , 360.34 , -52.3 , 62 , 33.89 , 1.374 , 0.038 , 16.64 , 141.58
1195 , 7201 , 356.55 , -52.9 , 61 , 33.86 , 1.354 , 0.038 , 16.75 , 141.47
1205 , 7271 , 352.74 , -53.5 , 59 , 33.81 , 1.343 , 0.038 , 16.87 , 141.35
1215 , 7343 , 348.81 , -54.0 , 61 , 33.78 , 1.332 , 0.038 , 16.98 , 141.23
1225 , 7411 , 345.13 , -54.4 , 63 , 33.76 , 1.369 , 0.040 , 17.10 , 141.12
1235 , 7483 , 341.21 , -54.9 , 62 , 33.71 , 1.445 , 0.042 , 17.22 , 140.99
1245 , 7552 , 337.54 , -55.2 , 60 , 33.66 , 1.496 , 0.044 , 17.35 , 140.87
1254 , 7613 , 334.37 , -55.6 , 60 , 33.64 , 1.457 , 0.044 , 17.46 , 140.76
1264 , 7671 , 331.30 , -56.1 , 59 , 33.60 , 1.445 , 0.044 , 17.56 , 140.65
1274 , 7735 , 327.99 , -56.6 , 60 , 33.57 , 1.438 , 0.044 , 17.68 , 140.54
1284 , 7800 , 324.64 , -57.2 , 60 , 33.53 , 1.432 , 0.044 , 17.80 , 140.42
1294 , 7867 , 321.23 , -57.7 , 61 , 33.50 , 1.397 , 0.043 , 17.91 , 140.30
1304 , 7929 , 318.06 , -58.3 , 61 , 33.45 , 1.360 , 0.043 , 18.02 , 140.20
1314 , 8004 , 314.30 , -58.7 , 60 , 33.40 , 1.348 , 0.043 , 18.15 , 140.07
1324 , 8069 , 311.06 , -59.3 , 58 , 33.36 , 1.330 , 0.043 , 18.26 , 139.96
1334 , 8131 , 307.97 , -59.9 , 56 , 33.32 , 1.323 , 0.043 , 18.36 , 139.86
1344 , 8196 , 304.79 , -60.4 , 55 , 33.28 , 1.308 , 0.043 , 18.47 , 139.75
1354 , 8265 , 301.43 , -61.0 , 54 , 33.24 , 1.274 , 0.042 , 18.58 , 139.64
1364 , 8338 , 297.89 , -61.7 , 54 , 33.19 , 1.255 , 0.042 , 18.70 , 139.52
1374 , 8410 , 294.43 , -62.3 , 53 , 33.15 , 1.229 , 0.042 , 18.82 , 139.40
1384 , 8483 , 290.98 , -63.0 , 52 , 33.11 , 1.217 , 0.042 , 18.93 , 139.29
1394 , 8547 , 287.96 , -63.5 , 51 , 33.07 , 1.186 , 0.041 , 19.03 , 139.19
1404 , 8609 , 285.06 , -64.1 , 51 , 33.03 , 1.163 , 0.041 , 19.12 , 139.10
1414 , 8678 , 281.86 , -64.6 , 51 , 33.00 , 1.145 , 0.041 , 19.22 , 138.99
1424 , 8743 , 278.89 , -65.2 , 50 , 32.96 , 1.122 , 0.040 , 19.32 , 138.90
1434 , 8804 , 276.10 , -65.6 , 50 , 32.92 , 1.110 , 0.040 , 19.41 , 138.81
1444 , 8863 , 273.42 , -66.0 , 49 , 32.89 , 1.157 , 0.042 , 19.50 , 138.72
1454 , 8923 , 270.73 , -66.5 , 49 , 32.85 , 1.200 , 0.044 , 19.59 , 138.63
1463 , 8986 , 267.90 , -67.0 , 49 , 32.81 , 1.222 , 0.046 , 19.69 , 138.53
1472 , 9051 , 265.02 , -67.5 , 49 , 32.76 , 1.246 , 0.047 , 19.79 , 138.43
1482 , 9121 , 261.99 , -68.0 , 51 , 32.72 , 1.335 , 0.051 , 19.91 , 138.31
1492 , 9192 , 258.88 , -68.2 , 52 , 32.67 , 1.476 , 0.057 , 20.04 , 138.18
1502 , 9257 , 256.11 , -68.3 , 54 , 32.63 , 1.591 , 0.062 , 20.17 , 138.05
1512 , 9322 , 253.36 , -68.6 , 54 , 32.58 , 1.689 , 0.067 , 20.31 , 137.91
1522 , 9384 , 250.71 , -68.8 , 54 , 32.53 , 1.811 , 0.072 , 20.46 , 137.76
1532 , 9457 , 247.70 , -69.1 , 51 , 32.48 , 2.097 , 0.085 , 20.64 , 137.57
1542 , 9527 , 244.80 , -69.4 , 49 , 32.44 , 2.301 , 0.094 , 20.85 , 137.37
1552 , 9598 , 241.91 , -69.9 , 48 , 32.39 , 2.421 , 0.100 , 21.07 , 137.15
1562 , 9652 , 239.71 , -70.2 , 47 , 32.35 , 2.459 , 0.103 , 21.25 , 136.97
1572 , 9700 , 237.80 , -70.4 , 46 , 32.31 , 2.533 , 0.107 , 21.40 , 136.81
1582 , 9770 , 234.98 , -70.5 , 45 , 32.26 , 2.584 , 0.110 , 21.64 , 136.57
1592 , 9826 , 232.77 , -70.8 , 44 , 32.21 , 2.670 , 0.115 , 21.84 , 136.38
1602 , 9877 , 230.80 , -70.9 , 43 , 32.16 , 2.777 , 0.120 , 22.02 , 136.20
1612 , 9927 , 228.86 , -71.0 , 42 , 32.13 , 2.953 , 0.129 , 22.21 , 136.00
1622 , 9988 , 226.51 , -71.4 , 41 , 32.08 , 3.021 , 0.133 , 22.46 , 135.76
1632 , 10041 , 224.47 , -71.7 , 40 , 32.03 , 3.030 , 0.135 , 22.67 , 135.55
1642 , 10102 , 222.18 , -71.9 , 41 , 31.98 , 2.696 , 0.121 , 22.90 , 135.31
1652 , 10167 , 219.72 , -72.3 , 43 , 31.93 , 2.129 , 0.097 , 23.12 , 135.10
1662 , 10232 , 217.29 , -72.7 , 44 , 31.86 , 1.686 , 0.078 , 23.28 , 134.93
1671 , 10290 , 215.18 , -73.0 , 45 , 31.81 , 1.515 , 0.070 , 23.41 , 134.81
1681 , 10328 , 213.77 , -73.2 , 46 , 31.77 , 1.421 , 0.066 , 23.48 , 134.73
1691 , 10368 , 212.31 , -73.5 , 48 , 31.74 , 1.326 , 0.062 , 23.56 , 134.66
1701 , 10407 , 210.89 , -73.7 , 49 , 31.69 , 1.260 , 0.060 , 23.63 , 134.59
1711 , 10446 , 209.48 , -73.9 , 50 , 31.64 , 1.225 , 0.058 , 23.69 , 134.53
1721 , 10489 , 207.96 , -74.0 , 49 , 31.59 , 1.196 , 0.058 , 23.76 , 134.46
1731 , 10531 , 206.46 , -74.3 , 49 , 31.54 , 1.205 , 0.058 , 23.83 , 134.39
1741 , 10571 , 205.04 , -74.4 , 48 , 31.49 , 1.245 , 0.061 , 23.90 , 134.32
1751 , 10613 , 203.57 , -74.7 , 47 , 31.44 , 1.311 , 0.064 , 23.97 , 134.25
1761 , 10657 , 202.02 , -75.0 , 48 , 31.38 , 1.412 , 0.070 , 24.05 , 134.17
1771 , 10702 , 200.48 , -75.1 , 49 , 31.33 , 1.598 , 0.080 , 24.14 , 134.08
1780 , 10738 , 199.22 , -75.3 , 49 , 31.28 , 1.714 , 0.086 , 24.22 , 133.99
1790 , 10775 , 197.95 , -75.5 , 50 , 31.23 , 1.772 , 0.090 , 24.31 , 133.91
1800 , 10816 , 196.56 , -75.6 , 50 , 31.18 , 1.809 , 0.092 , 24.41 , 133.81
1810 , 10859 , 195.12 , -75.9 , 51 , 31.12 , 1.759 , 0.090 , 24.52 , 133.70
1820 , 10901 , 193.70 , -76.0 , 52 , 31.06 , 1.833 , 0.095 , 24.62 , 133.60
1830 , 10943 , 192.29 , -76.0 , 51 , 31.01 , 2.125 , 0.111 , 24.73 , 133.48
1840 , 10989 , 190.77 , -76.1 , 50 , 30.95 , 2.635 , 0.138 , 24.88 , 133.34
1850 , 11036 , 189.21 , -75.8 , 49 , 30.89 , 3.019 , 0.160 , 25.07 , 133.15
1860 , 11087 , 187.55 , -75.7 , 48 , 30.84 , 3.244 , 0.173 , 25.28 , 132.94
1870 , 11130 , 186.17 , -76.0 , 47 , 30.78 , 3.516 , 0.189 , 25.48 , 132.74
1880 , 11174 , 184.75 , -76.2 , 46 , 30.73 , 3.825 , 0.207 , 25.70 , 132.52
1890 , 11216 , 183.41 , -76.2 , 44 , 30.67 , 4.142 , 0.226 , 25.93 , 132.29
1900 , 11258 , 182.07 , -76.1 , 44 , 30.62 , 4.302 , 0.236 , 26.17 , 132.04
1910 , 11300 , 180.74 , -76.3 , 43 , 30.56 , 4.213 , 0.233 , 26.42 , 131.80
1920 , 11342 , 179.43 , -76.1 , 42 , 30.51 , 4.151 , 0.231 , 26.66 , 131.56
1930 , 11385 , 178.11 , -76.1 , 41 , 30.45 , 4.334 , 0.243 , 26.91 , 131.31
1940 , 11428 , 176.79 , -76.3 , 41 , 30.39 , 4.457 , 0.252 , 27.17 , 131.05
1950 , 11470 , 175.51 , -76.2 , 40 , 30.34 , 4.477 , 0.255 , 27.42 , 130.79
1960 , 11512 , 174.21 , -76.3 , 39 , 30.28 , 4.557 , 0.262 , 27.69 , 130.53
1970 , 11562 , 172.72 , -76.0 , 38 , 30.22 , 4.597 , 0.266 , 28.00 , 130.22
1980 , 11611 , 171.25 , -76.1 , 37 , 30.16 , 4.648 , 0.271 , 28.31 , 129.91
1990 , 11653 , 170.02 , -76.4 , 37 , 30.10 , 4.684 , 0.276 , 28.58 , 129.64
2000 , 11696 , 168.74 , -76.5 , 36 , 30.04 , 4.667 , 0.277 , 28.85 , 129.36
2010 , 11740 , 167.46 , -76.5 , 36 , 29.99 , 4.738 , 0.283 , 29.14 , 129.08
2020 , 11783 , 166.21 , -76.6 , 35 , 29.93 , 4.690 , 0.282 , 29.42 , 128.80
2030 , 11827 , 164.94 , -76.7 , 34 , 29.88 , 4.759 , 0.289 , 29.70 , 128.52
2040 , 11875 , 163.59 , -76.6 , 33 , 29.82 , 4.749 , 0.290 , 30.01 , 128.21
2050 , 11927 , 162.12 , -76.6 , 33 , 29.76 , 4.796 , 0.296 , 30.35 , 127.87
2060 , 11964 , 161.08 , -76.7 , 32 , 29.71 , 4.851 , 0.301 , 30.60 , 127.62
2070 , 12003 , 159.97 , -76.7 , 31 , 29.65 , 4.837 , 0.302 , 30.86 , 127.36
2080 , 12046 , 158.78 , -76.7 , 30 , 29.60 , 4.889 , 0.308 , 31.15 , 127.07
2089 , 12085 , 157.71 , -76.9 , 30 , 29.55 , 4.849 , 0.307 , 31.41 , 126.81
2099 , 12123 , 156.69 , -77.0 , 29 , 29.49 , 4.866 , 0.311 , 31.66 , 126.56
2109 , 12164 , 155.56 , -77.0 , 29 , 29.43 , 4.888 , 0.314 , 31.93 , 126.28
2119 , 12205 , 154.44 , -76.9 , 28 , 29.38 , 4.875 , 0.316 , 32.21 , 126.01
2129 , 12245 , 153.38 , -77.0 , 28 , 29.32 , 4.918 , 0.321 , 32.48 , 125.74
2139 , 12285 , 152.31 , -76.9 , 27 , 29.26 , 4.959 , 0.326 , 32.75 , 125.47
2149 , 12327 , 151.21 , -76.9 , 26 , 29.21 , 4.987 , 0.330 , 33.04 , 125.18
2159 , 12370 , 150.09 , -76.5 , 26 , 29.15 , 4.932 , 0.329 , 33.33 , 124.89
2169 , 12412 , 149.00 , -76.0 , 25 , 29.10 , 4.986 , 0.335 , 33.61 , 124.61
2179 , 12454 , 147.90 , -75.9 , 24 , 29.04 , 5.075 , 0.343 , 33.90 , 124.31
2189 , 12499 , 146.76 , -76.2 , 24 , 28.98 , 5.088 , 0.347 , 34.22 , 124.00
2199 , 12542 , 145.68 , -76.3 , 23 , 28.93 , 5.084 , 0.349 , 34.51 , 123.70
2209 , 12583 , 144.63 , -76.4 , 23 , 28.87 , 5.047 , 0.349 , 34.80 , 123.42
2219 , 12625 , 143.60 , -76.6 , 23 , 28.81 , 4.944 , 0.344 , 35.08 , 123.13
2229 , 12667 , 142.53 , -76.6 , 22 , 28.75 , 4.781 , 0.335 , 35.37 , 122.85
2239 , 12709 , 141.50 , -76.6 , 22 , 28.70 , 4.787 , 0.338 , 35.64 , 122.58
2249 , 12750 , 140.51 , -76.8 , 21 , 28.65 , 4.809 , 0.342 , 35.91 , 122.31
2259 , 12791 , 139.51 , -76.8 , 21 , 28.59 , 4.839 , 0.347 , 36.18 , 122.04
2269 , 12833 , 138.49 , -76.9 , 21 , 28.54 , 4.838 , 0.349 , 36.46 , 121.76
2279 , 12876 , 137.44 , -77.0 , 20 , 28.48 , 4.885 , 0.355 , 36.75 , 121.46
2289 , 12918 , 136.45 , -77.0 , 20 , 28.43 , 4.877 , 0.357 , 37.03 , 121.18
2299 , 12959 , 135.47 , -77.1 , 20 , 28.37 , 4.827 , 0.356 , 37.31 , 120.91
2309 , 13001 , 134.50 , -77.3 , 20 , 28.32 , 4.745 , 0.353 , 37.58 , 120.64
2319 , 13042 , 133.54 , -77.1 , 20 , 28.26 , 4.630 , 0.347 , 37.85 , 120.37
2329 , 13083 , 132.57 , -77.1 , 20 , 28.20 , 4.606 , 0.347 , 38.11 , 120.11
2339 , 13126 , 131.60 , -77.1 , 20 , 28.15 , 4.596 , 0.349 , 38.38 , 119.84
2349 , 13166 , 130.67 , -76.9 , 20 , 28.09 , 4.587 , 0.351 , 38.63 , 119.58
2359 , 13208 , 129.72 , -77.1 , 20 , 28.03 , 4.511 , 0.348 , 38.90 , 119.32
2369 , 13250 , 128.79 , -77.0 , 19 , 27.98 , 4.348 , 0.338 , 39.15 , 119.07
2379 , 13290 , 127.88 , -77.2 , 19 , 27.92 , 4.221 , 0.330 , 39.39 , 118.83
2389 , 13332 , 126.95 , -77.2 , 19 , 27.87 , 4.110 , 0.324 , 39.63 , 118.59
2399 , 13372 , 126.06 , -77.1 , 19 , 27.81 , 4.144 , 0.329 , 39.86 , 118.36
2409 , 13414 , 125.15 , -76.8 , 18 , 27.76 , 4.138 , 0.331 , 40.09 , 118.12
2418 , 13453 , 124.30 , -76.9 , 19 , 27.71 , 4.053 , 0.326 , 40.31 , 117.90
2428 , 13496 , 123.37 , -77.2 , 18 , 27.65 , 4.003 , 0.324 , 40.55 , 117.67
2438 , 13540 , 122.44 , -77.4 , 18 , 27.60 , 4.021 , 0.328 , 40.79 , 117.43
2448 , 13580 , 121.58 , -77.5 , 18 , 27.54 , 4.070 , 0.335 , 41.02 , 117.20
2458 , 13621 , 120.72 , -77.5 , 18 , 27.49 , 4.116 , 0.341 , 41.25 , 116.97
2468 , 13661 , 119.88 , -77.7 , 18 , 27.43 , 4.135 , 0.345 , 41.47 , 116.74
2478 , 13702 , 119.02 , -77.8 , 18 , 27.37 , 4.113 , 0.346 , 41.71 , 116.51
2488 , 13743 , 118.18 , -77.8 , 18 , 27.32 , 3.990 , 0.338 , 41.93 , 116.28
2498 , 13783 , 117.35 , -77.8 , 18 , 27.27 , 3.880 , 0.331 , 42.15 , 116.06
2508 , 13823 , 116.52 , -77.9 , 18 , 27.21 , 3.801 , 0.326 , 42.37 , 115.85
2518 , 13864 , 115.69 , -77.9 , 18 , 27.15 , 3.674 , 0.318 , 42.58 , 115.64
2528 , 13904 , 114.89 , -77.8 , 17 , 27.10 , 3.622 , 0.315 , 42.78 , 115.44
2538 , 13942 , 114.13 , -77.6 , 17 , 27.04 , 3.602 , 0.316 , 42.97 , 115.25
2548 , 13983 , 113.32 , -77.7 , 17 , 26.99 , 3.504 , 0.309 , 43.17 , 115.05
2558 , 14023 , 112.52 , -77.7 , 17 , 26.94 , 3.467 , 0.308 , 43.36 , 114.86
2568 , 14063 , 111.74 , -77.6 , 17 , 26.88 , 3.411 , 0.305 , 43.55 , 114.67
2578 , 14102 , 110.99 , -77.6 , 17 , 26.83 , 3.352 , 0.302 , 43.73 , 114.49
2588 , 14144 , 110.17 , -77.7 , 16 , 26.77 , 3.298 , 0.299 , 43.93 , 114.29
2598 , 14186 , 109.36 , -77.8 , 16 , 26.71 , 3.165 , 0.289 , 44.11 , 114.10
2608 , 14227 , 108.57 , -77.7 , 16 , 26.66 , 3.077 , 0.283 , 44.29 , 113.93
2618 , 14271 , 107.76 , -77.6 , 16 , 26.61 , 2.946 , 0.273 , 44.47 , 113.75
2628 , 14311 , 107.00 , -77.6 , 16 , 26.55 , 2.827 , 0.264 , 44.63 , 113.58
2638 , 14354 , 106.21 , -77.7 , 16 , 26.50 , 2.803 , 0.264 , 44.80 , 113.42
2648 , 14395 , 105.44 , -77.8 , 15 , 26.45 , 2.815 , 0.267 , 44.96 , 113.26
2658 , 14436 , 104.69 , -77.6 , 15 , 26.39 , 2.764 , 0.264 , 45.12 , 113.10
2668 , 14476 , 103.96 , -77.9 , 15 , 26.33 , 2.773 , 0.267 , 45.27 , 112.95
2678 , 14516 , 103.23 , -78.1 , 15 , 26.27 , 2.782 , 0.269 , 45.42 , 112.80
2688 , 14557 , 102.49 , -78.0 , 15 , 26.22 , 2.826 , 0.276 , 45.58 , 112.64
2698 , 14597 , 101.79 , -78.1 , 15 , 26.17 , 2.826 , 0.278 , 45.74 , 112.48
2708 , 14636 , 101.08 , -78.3 , 15 , 26.12 , 2.765 , 0.274 , 45.89 , 112.33
2717 , 14673 , 100.43 , -78.6 , 15 , 26.06 , 2.752 , 0.274 , 46.03 , 112.19
2727 , 14711 , 99.77 , -78.5 , 15 , 26.01 , 2.720 , 0.273 , 46.17 , 112.05
2737 , 14750 , 99.09 , -78.7 , 15 , 25.95 , 2.694 , 0.272 , 46.32 , 111.90
2747 , 14789 , 98.40 , -78.7 , 15 , 25.90 , 2.720 , 0.276 , 46.47 , 111.75
2757 , 14829 , 97.71 , -78.7 , 15 , 25.85 , 2.595 , 0.266 , 46.61 , 111.60
2767 , 14869 , 97.02 , -78.7 , 15 , 25.80 , 2.412 , 0.249 , 46.75 , 111.46
2777 , 14911 , 96.32 , -79.0 , 15 , 25.75 , 2.310 , 0.240 , 46.89 , 111.33
2787 , 14950 , 95.66 , -79.3 , 15 , 25.69 , 2.338 , 0.244 , 47.02 , 111.20
2797 , 14990 , 94.99 , -79.3 , 15 , 25.64 , 2.411 , 0.254 , 47.15 , 111.07
2807 , 15029 , 94.33 , -79.3 , 15 , 25.58 , 2.256 , 0.239 , 47.28 , 110.94
2817 , 15068 , 93.69 , -79.2 , 15 , 25.53 , 2.088 , 0.223 , 47.39 , 110.82
2827 , 15108 , 93.04 , -79.3 , 15 , 25.47 , 2.004 , 0.215 , 47.51 , 110.71
2837 , 15147 , 92.40 , -79.5 , 15 , 25.42 , 1.977 , 0.214 , 47.61 , 110.60
2847 , 15187 , 91.74 , -79.4 , 15 , 25.37 , 1.993 , 0.217 , 47.73 , 110.49
2857 , 15228 , 91.08 , -79.3 , 15 , 25.31 , 1.997 , 0.219 , 47.84 , 110.38
2867 , 15269 , 90.42 , -79.4 , 15 , 25.26 , 2.042 , 0.226 , 47.96 , 110.26
2877 , 15310 , 89.77 , -79.4 , 15 , 25.21 , 2.058 , 0.229 , 48.07 , 110.15
2887 , 15351 , 89.12 , -79.3 , 15 , 25.15 , 1.909 , 0.214 , 48.19 , 110.03
2897 , 15394 , 88.45 , -79.4 , 15 , 25.09 , 1.695 , 0.192 , 48.29 , 109.93
2907 , 15436 , 87.80 , -79.6 , 15 , 25.04 , 1.549 , 0.176 , 48.39 , 109.83
2917 , 15480 , 87.13 , -79.9 , 15 , 24.98 , 1.488 , 0.171 , 48.48 , 109.74
2927 , 15524 , 86.45 , -80.0 , 15 , 24.93 , 1.435 , 0.166 , 48.57 , 109.65
2937 , 15569 , 85.76 , -80.0 , 15 , 24.87 , 1.397 , 0.163 , 48.66 , 109.56
2947 , 15614 , 85.08 , -79.8 , 14 , 24.83 , 1.399 , 0.164 , 48.75 , 109.47
2957 , 15660 , 84.39 , -80.0 , 14 , 24.78 , 1.502 , 0.178 , 48.84 , 109.38
2967 , 15706 , 83.71 , -80.0 , 14 , 24.73 , 1.539 , 0.184 , 48.94 , 109.28
2977 , 15752 , 83.03 , -79.9 , 14 , 24.67 , 1.456 , 0.175 , 49.03 , 109.18
2987 , 15798 , 82.36 , -80.2 , 14 , 24.62 , 1.367 , 0.166 , 49.12 , 109.09
2997 , 15842 , 81.72 , -80.4 , 14 , 24.56 , 1.304 , 0.160 , 49.21 , 109.01
3007 , 15886 , 81.08 , -80.3 , 14 , 24.51 , 1.232 , 0.152 , 49.28 , 108.93
3017 , 15930 , 80.46 , -80.1 , 14 , 24.46 , 1.213 , 0.151 , 49.36 , 108.86
3026 , 15971 , 79.87 , -79.9 , 14 , 24.40 , 1.218 , 0.153 , 49.43 , 108.79
3035 , 16011 , 79.32 , -80.1 , 14 , 24.36 , 1.224 , 0.154 , 49.50 , 108.72
3045 , 16050 , 78.76 , -80.1 , 14 , 24.32 , 1.199 , 0.152 , 49.56 , 108.65
3055 , 16094 , 78.16 , -80.1 , 14 , 24.26 , 1.142 , 0.146 , 49.64 , 108.58
3065 , 16135 , 77.59 , -80.3 , 14 , 24.21 , 1.092 , 0.141 , 49.70 , 108.52
3075 , 16178 , 77.00 , -80.6 , 14 , 24.15 , 1.041 , 0.135 , 49.76 , 108.45
3085 , 16219 , 76.44 , -80.7 , 14 , 24.10 , 1.003 , 0.131 , 49.82 , 108.40
3095 , 16262 , 75.87 , -80.9 , 14 , 24.04 , 0.989 , 0.130 , 49.88 , 108.34
3105 , 16303 , 75.31 , -81.1 , 14 , 23.99 , 1.040 , 0.138 , 49.94 , 108.28
3115 , 16345 , 74.75 , -81.1 , 14 , 23.94 , 1.142 , 0.153 , 50.01 , 108.21
3125 , 16386 , 74.20 , -81.0 , 14 , 23.89 , 1.395 , 0.188 , 50.08 , 108.14
3135 , 16427 , 73.66 , -80.9 , 14 , 23.84 , 1.612 , 0.219 , 50.16 , 108.05
3145 , 16468 , 73.14 , -80.6 , 14 , 23.79 , 1.723 , 0.236 , 50.26 , 107.96
3155 , 16510 , 72.60 , -80.6 , 14 , 23.74 , 1.703 , 0.235 , 50.36 , 107.86
3165 , 16551 , 72.07 , -80.9 , 14 , 23.70 , 1.659 , 0.230 , 50.46 , 107.76
3175 , 16593 , 71.53 , -80.9 , 14 , 23.64 , 1.533 , 0.214 , 50.55 , 107.67
3185 , 16637 , 70.98 , -80.4 , 14 , 23.59 , 1.364 , 0.192 , 50.64 , 107.58
3195 , 16679 , 70.45 , -80.3 , 14 , 23.54 , 1.172 , 0.166 , 50.71 , 107.50
3204 , 16720 , 69.94 , -80.2 , 14 , 23.49 , 1.093 , 0.156 , 50.78 , 107.44
3214 , 16760 , 69.44 , -80.3 , 14 , 23.44 , 1.129 , 0.163 , 50.84 , 107.38
3224 , 16804 , 68.90 , -80.3 , 14 , 23.39 , 1.223 , 0.177 , 50.91 , 107.30
3234 , 16849 , 68.35 , -80.6 , 14 , 23.33 , 1.295 , 0.189 , 50.99 , 107.22
3244 , 16894 , 67.81 , -80.9 , 14 , 23.28 , 1.331 , 0.196 , 51.08 , 107.14
3254 , 16939 , 67.28 , -81.0 , 14 , 23.22 , 1.436 , 0.214 , 51.16 , 107.06
3264 , 16984 , 66.74 , -80.6 , 14 , 23.18 , 1.548 , 0.232 , 51.26 , 106.96
3274 , 17029 , 66.21 , -80.8 , 14 , 23.14 , 1.713 , 0.259 , 51.36 , 106.86
3284 , 17074 , 65.68 , -80.3 , 13 , 23.09 , 1.851 , 0.282 , 51.47 , 106.74
3294 , 17120 , 65.15 , -79.7 , 13 , 23.04 , 2.368 , 0.363 , 51.61 , 106.61
3304 , 17167 , 64.61 , -79.3 , 13 , 22.99 , 3.143 , 0.486 , 51.79 , 106.43
3314 , 17214 , 64.08 , -79.1 , 13 , 22.94 , 3.702 , 0.578 , 52.01 , 106.21
3324 , 17256 , 63.61 , -79.4 , 13 , 22.89 , 3.866 , 0.608 , 52.23 , 105.99
3333 , 17294 , 63.18 , -79.5 , 13 , 22.84 , 3.883 , 0.615 , 52.44 , 105.78
3342 , 17331 , 62.77 , -79.4 , 13 , 22.79 , 3.854 , 0.614 , 52.64 , 105.58
3352 , 17370 , 62.34 , -79.4 , 13 , 22.74 , 3.640 , 0.584 , 52.84 , 105.38
3362 , 17408 , 61.92 , -79.4 , 12 , 22.69 , 3.464 , 0.559 , 53.03 , 105.19
3372 , 17445 , 61.52 , -79.4 , 12 , 22.64 , 3.349 , 0.544 , 53.21 , 105.01
3382 , 17483 , 61.11 , -79.1 , 12 , 22.59 , 3.231 , 0.529 , 53.38 , 104.84
3392 , 17519 , 60.72 , -79.0 , 12 , 22.54 , 3.186 , 0.525 , 53.54 , 104.68
3402 , 17556 , 60.32 , -79.0 , 12 , 22.49 , 3.132 , 0.519 , 53.70 , 104.52
3412 , 17595 , 59.92 , -78.7 , 12 , 22.44 , 3.237 , 0.540 , 53.87 , 104.35
3422 , 17634 , 59.51 , -78.9 , 12 , 22.39 , 3.294 , 0.554 , 54.05 , 104.17
3432 , 17673 , 59.10 , -79.1 , 12 , 22.34 , 3.342 , 0.565 , 54.23 , 103.99
3442 , 17712 , 58.69 , -79.4 , 11 , 22.29 , 3.374 , 0.575 , 54.41 , 103.80
3452 , 17753 , 58.27 , -79.6 , 11 , 22.24 , 3.354 , 0.576 , 54.61 , 103.61
3462 , 17794 , 57.85 , -79.1 , 11 , 22.19 , 3.190 , 0.551 , 54.79 , 103.43
3472 , 17835 , 57.44 , -78.9 , 11 , 22.15 , 2.931 , 0.510 , 54.96 , 103.25
3482 , 17877 , 57.02 , -78.9 , 11 , 22.10 , 2.686 , 0.471 , 55.13 , 103.09
3492 , 17920 , 56.58 , -79.0 , 11 , 22.05 , 2.471 , 0.437 , 55.28 , 102.93
3502 , 17966 , 56.13 , -78.9 , 11 , 22.00 , 2.324 , 0.414 , 55.43 , 102.78
3512 , 18012 , 55.68 , -78.8 , 11 , 21.95 , 2.270 , 0.408 , 55.58 , 102.64
3522 , 18058 , 55.23 , -79.0 , 10 , 21.90 , 2.247 , 0.407 , 55.73 , 102.49
3532 , 18106 , 54.77 , -79.1 , 10 , 21.85 , 2.178 , 0.398 , 55.87 , 102.35
3542 , 18155 , 54.30 , -79.3 , 10 , 21.81 , 2.117 , 0.390 , 56.02 , 102.20
3552 , 18203 , 53.83 , -79.6 , 10 , 21.76 , 1.976 , 0.367 , 56.16 , 102.06
3562 , 18254 , 53.36 , -79.7 , 10 , 21.71 , 1.882 , 0.353 , 56.29 , 101.93
3572 , 18303 , 52.89 , -79.4 , 10 , 21.66 , 1.939 , 0.367 , 56.42 , 101.79
3582 , 18352 , 52.44 , -79.2 , 10 , 21.61 , 2.087 , 0.398 , 56.56 , 101.66
3592 , 18400 , 52.00 , -79.3 , 10 , 21.57 , 2.231 , 0.429 , 56.70 , 101.51
3602 , 18447 , 51.57 , -79.2 , 10 , 21.52 , 2.358 , 0.457 , 56.85 , 101.36
3612 , 18493 , 51.15 , -78.8 , 10 , 21.47 , 2.515 , 0.492 , 57.01 , 101.21
3621 , 18536 , 50.76 , -78.9 , 10 , 21.42 , 2.641 , 0.520 , 57.17 , 101.05
3631 , 18580 , 50.37 , -79.1 , 10 , 21.38 , 2.709 , 0.538 , 57.33 , 100.89
3641 , 18623 , 49.99 , -78.9 , 10 , 21.33 , 2.755 , 0.551 , 57.49 , 100.72
3651 , 18668 , 49.60 , -78.6 , 10 , 21.28 , 2.869 , 0.578 , 57.67 , 100.55
3660 , 18708 , 49.26 , -78.5 , 10 , 21.23 , 3.012 , 0.611 , 57.83 , 100.39
3670 , 18747 , 48.92 , -78.4 , 10 , 21.19 , 3.282 , 0.671 , 58.00 , 100.22
3680 , 18788 , 48.57 , -78.3 , 10 , 21.14 , 3.797 , 0.782 , 58.20 , 100.02
3690 , 18829 , 48.22 , -78.2 , 10 , 21.09 , 4.259 , 0.883 , 58.43 , 99.79
3700 , 18869 , 47.89 , -78.0 , 10 , 21.05 , 4.693 , 0.980 , 58.68 , 99.54
3710 , 18908 , 47.56 , -77.9 , 9 , 21.00 , 5.070 , 1.066 , 58.94 , 99.28
3720 , 18946 , 47.24 , -77.8 , 9 , 20.95 , 5.553 , 1.175 , 59.22 , 99.00
3730 , 18985 , 46.92 , -77.5 , 10 , 20.91 , 6.153 , 1.311 , 59.53 , 98.69
3740 , 19023 , 46.61 , -77.7 , 9 , 20.87 , 6.679 , 1.433 , 59.87 , 98.35
3750 , 19063 , 46.29 , -77.6 , 9 , 20.82 , 7.049 , 1.523 , 60.25 , 97.97
3760 , 19105 , 45.95 , -77.2 , 9 , 20.77 , 7.342 , 1.598 , 60.66 , 97.56
3770 , 19148 , 45.61 , -77.2 , 9 , 20.73 , 7.561 , 1.658 , 61.10 , 97.12
3780 , 19193 , 45.25 , -77.2 , 9 , 20.68 , 7.591 , 1.678 , 61.57 , 96.64
3790 , 19240 , 44.88 , -77.5 , 9 , 20.63 , 7.570 , 1.687 , 62.07 , 96.15
3800 , 19289 , 44.50 , -77.5 , 9 , 20.59 , 7.505 , 1.686 , 62.57 , 95.65
3809 , 19336 , 44.13 , -77.6 , 9 , 20.54 , 7.446 , 1.687 , 63.06 , 95.16
3818 , 19381 , 43.78 , -77.7 , 9 , 20.50 , 7.385 , 1.687 , 63.52 , 94.70
3829 , 19435 , 43.38 , -77.7 , 9 , 20.45 , 7.360 , 1.697 , 64.07 , 94.15
3839 , 19486 , 42.99 , -77.7 , 9 , 20.41 , 7.231 , 1.682 , 64.59 , 93.63
3849 , 19536 , 42.62 , -78.0 , 9 , 20.36 , 7.094 , 1.665 , 65.08 , 93.14
3859 , 19586 , 42.24 , -77.9 , 8 , 20.31 , 7.020 , 1.662 , 65.56 , 92.65
3869 , 19637 , 41.87 , -77.4 , 8 , 20.27 , 7.105 , 1.697 , 66.06 , 92.15
3879 , 19687 , 41.51 , -77.0 , 8 , 20.22 , 7.240 , 1.744 , 66.55 , 91.67
3889 , 19738 , 41.14 , -77.2 , 8 , 20.17 , 7.370 , 1.791 , 67.06 , 91.15
3899 , 19788 , 40.78 , -77.3 , 8 , 20.13 , 7.318 , 1.794 , 67.57 , 90.65
3909 , 19836 , 40.44 , -77.5 , 8 , 20.08 , 7.105 , 1.757 , 68.05 , 90.17
3919 , 19883 , 40.11 , -77.3 , 8 , 20.04 , 6.902 , 1.721 , 68.51 , 89.71
3929 , 19930 , 39.79 , -77.0 , 8 , 19.99 , 6.773 , 1.702 , 68.94 , 89.28
3939 , 19977 , 39.46 , -77.2 , 8 , 19.95 , 6.701 , 1.698 , 69.38 , 88.84
3949 , 20021 , 39.16 , -76.8 , 8 , 19.90 , 6.713 , 1.714 , 69.78 , 88.43
3958 , 20063 , 38.88 , -76.8 , 8 , 19.86 , 6.755 , 1.738 , 70.17 , 88.05
3968 , 20106 , 38.59 , -76.9 , 8 , 19.82 , 6.803 , 1.763 , 70.57 , 87.65
3978 , 20149 , 38.30 , -76.6 , 8 , 19.78 , 6.711 , 1.752 , 70.97 , 87.25
3988 , 20189 , 38.03 , -76.5 , 8 , 19.73 , 6.545 , 1.721 , 71.34 , 86.88
3998 , 20228 , 37.77 , -76.2 , 7 , 19.69 , 6.391 , 1.692 , 71.69 , 86.53
4008 , 20269 , 37.51 , -76.2 , 7 , 19.65 , 6.271 , 1.672 , 72.03 , 86.19
4018 , 20308 , 37.25 , -76.4 , 7 , 19.61 , 6.144 , 1.649 , 72.37 , 85.85
4028 , 20347 , 37.00 , -76.4 , 7 , 19.56 , 6.069 , 1.640 , 72.70 , 85.52
4038 , 20387 , 36.75 , -76.0 , 7 , 19.52 , 5.823 , 1.585 , 73.02 , 85.20
4048 , 20427 , 36.49 , -75.5 , 7 , 19.48 , 5.266 , 1.443 , 73.32 , 84.90
4058 , 20467 , 36.24 , -75.4 , 7 , 19.44 , 4.913 , 1.356 , 73.60 , 84.61
4068 , 20506 , 36.00 , -75.0 , 7 , 19.40 , 4.554 , 1.265 , 73.85 , 84.36
4078 , 20547 , 35.75 , -74.9 , 7 , 19.35 , 4.193 , 1.173 , 74.09 , 84.12
4088 , 20590 , 35.48 , -75.1 , 7 , 19.31 , 3.988 , 1.124 , 74.34 , 83.88
4098 , 20632 , 35.22 , -74.8 , 6 , 19.27 , 3.869 , 1.098 , 74.56 , 83.66
4108 , 20676 , 34.96 , -74.4 , 6 , 19.23 , 3.871 , 1.107 , 74.79 , 83.43
4118 , 20720 , 34.70 , -74.0 , 6 , 19.19 , 3.893 , 1.122 , 75.02 , 83.19
4128 , 20765 , 34.43 , -73.6 , 6 , 19.15 , 3.997 , 1.161 , 75.26 , 82.96
4138 , 20812 , 34.15 , -73.5 , 6 , 19.11 , 4.138 , 1.211 , 75.52 , 82.70
4148 , 20858 , 33.88 , -73.3 , 6 , 19.07 , 4.277 , 1.262 , 75.78 , 82.43
4158 , 20905 , 33.62 , -73.0 , 6 , 19.03 , 4.433 , 1.319 , 76.06 , 82.16
4168 , 20951 , 33.35 , -72.9 , 6 , 18.99 , 4.638 , 1.391 , 76.34 , 81.88
4178 , 20999 , 33.08 , -72.9 , 5 , 18.95 , 4.846 , 1.465 , 76.65 , 81.57
4188 , 21045 , 32.82 , -73.0 , 5 , 18.91 , 5.039 , 1.535 , 76.95 , 81.26
4198 , 21091 , 32.56 , -72.8 , 5 , 18.87 , 5.184 , 1.592 , 77.27 , 80.95
4208 , 21139 , 32.30 , -73.1 , 5 , 18.83 , 5.309 , 1.644 , 77.61 , 80.61
4218 , 21185 , 32.05 , -73.3 , 5 , 18.79 , 5.400 , 1.685 , 77.94 , 80.28
4228 , 21230 , 31.80 , -73.5 , 5 , 18.75 , 5.434 , 1.709 , 78.27 , 79.95
4238 , 21276 , 31.55 , -73.4 , 5 , 18.71 , 5.459 , 1.730 , 78.61 , 79.61
4248 , 21323 , 31.30 , -73.4 , 5 , 18.67 , 5.462 , 1.745 , 78.95 , 79.26
4258 , 21369 , 31.06 , -73.3 , 5 , 18.64 , 5.480 , 1.764 , 79.29 , 78.93
4268 , 21416 , 30.80 , -73.1 , 4 , 18.60 , 5.474 , 1.777 , 79.64 , 78.58
4277 , 21457 , 30.59 , -72.8 , 4 , 18.56 , 5.461 , 1.785 , 79.94 , 78.28
4286 , 21500 , 30.37 , -72.8 , 4 , 18.53 , 5.485 , 1.806 , 80.26 , 77.96
4296 , 21544 , 30.14 , -72.6 , 4 , 18.49 , 5.541 , 1.838 , 80.58 , 77.63
4306 , 21590 , 29.90 , -72.1 , 4 , 18.45 , 5.644 , 1.887 , 80.93 , 77.29
4316 , 21636 , 29.67 , -71.4 , 4 , 18.42 , 5.827 , 1.964 , 81.29 , 76.93
4326 , 21685 , 29.43 , -70.8 , 4 , 18.38 , 6.128 , 2.082 , 81.67 , 76.54
4336 , 21734 , 29.19 , -70.6 , 4 , 18.34 , 6.440 , 2.206 , 82.08 , 76.14
4346 , 21782 , 28.95 , -70.7 , 4 , 18.31 , 6.707 , 2.317 , 82.51 , 75.71
4356 , 21833 , 28.70 , -70.3 , 4 , 18.27 , 6.859 , 2.390 , 82.96 , 75.26
4366 , 21885 , 28.45 , -70.3 , 4 , 18.24 , 7.008 , 2.463 , 83.44 , 74.78
4376 , 21938 , 28.20 , -70.3 , 4 , 18.20 , 7.120 , 2.525 , 83.94 , 74.28
4386 , 21992 , 27.95 , -70.3 , 3 , 18.16 , 7.239 , 2.590 , 84.45 , 73.76
4396 , 22047 , 27.69 , -70.1 , 3 , 18.13 , 7.424 , 2.682 , 85.00 , 73.22
4406 , 22103 , 27.43 , -70.3 , 3 , 18.09 , 7.553 , 2.754 , 85.55 , 72.67
4416 , 22161 , 27.16 , -70.4 , 3 , 18.05 , 7.741 , 2.850 , 86.14 , 72.08
4426 , 22217 , 26.91 , -70.3 , 3 , 18.02 , 7.810 , 2.903 , 86.71 , 71.50
4436 , 22272 , 26.66 , -70.0 , 3 , 17.99 , 7.911 , 2.968 , 87.29 , 70.93
4446 , 22327 , 26.41 , -69.8 , 3 , 17.95 , 7.966 , 3.016 , 87.87 , 70.35
4455 , 22378 , 26.19 , -69.8 , 3 , 17.92 , 8.001 , 3.056 , 88.42 , 69.80
4465 , 22430 , 25.96 , -70.0 , 3 , 17.89 , 8.052 , 3.102 , 88.96 , 69.25
4475 , 22481 , 25.74 , -70.3 , 3 , 17.85 , 7.982 , 3.101 , 89.51 , 68.71
4485 , 22533 , 25.51 , -70.2 , 3 , 17.82 , 7.912 , 3.101 , 90.06 , 68.16
4495 , 22583 , 25.30 , -70.1 , 2 , 17.78 , 7.798 , 3.082 , 90.58 , 67.64
4505 , 22631 , 25.10 , -69.7 , 2 , 17.75 , 7.656 , 3.051 , 91.07 , 67.15
4515 , 22677 , 24.90 , -69.5 , 2 , 17.72 , 7.482 , 3.005 , 91.54 , 66.68
4525 , 22722 , 24.71 , -69.1 , 2 , 17.68 , 7.369 , 2.982 , 91.98 , 66.24
4535 , 22764 , 24.54 , -68.7 , 2 , 17.65 , 7.314 , 2.980 , 92.38 , 65.84
4545 , 22807 , 24.37 , -68.3 , 2 , 17.62 , 7.257 , 2.978 , 92.79 , 65.43
4555 , 22849 , 24.20 , -68.1 , 2 , 17.59 , 7.197 , 2.974 , 93.19 , 65.03
4565 , 22892 , 24.03 , -67.7 , 2 , 17.55 , 7.175 , 2.986 , 93.59 , 64.62
4575 , 22934 , 23.86 , -67.2 , 2 , 17.52 , 7.162 , 3.002 , 94.00 , 64.22
4584 , 22976 , 23.69 , -67.0 , 2 , 17.49 , 7.147 , 3.017 , 94.39 , 63.83
4593 , 23014 , 23.54 , -66.7 , 2 , 17.46 , 7.106 , 3.018 , 94.74 , 63.48
4603 , 23058 , 23.37 , -66.3 , 2 , 17.43 , 7.082 , 3.030 , 95.15 , 63.07
4613 , 23102 , 23.20 , -66.1 , 2 , 17.40 , 7.013 , 3.022 , 95.55 , 62.67
4623 , 23146 , 23.04 , -66.0 , 1 , 17.37 , 6.942 , 3.013 , 95.95 , 62.27
4633 , 23191 , 22.86 , -66.0 , 1 , 17.34 , 6.904 , 3.020 , 96.36 , 61.86
4643 , 23237 , 22.69 , -66.1 , 1 , 17.31 , 6.868 , 3.027 , 96.77 , 61.44
4653 , 23287 , 22.51 , -65.9 , 1 , 17.28 , 6.774 , 3.010 , 97.22 , 61.00
4663 , 23337 , 22.32 , -65.8 , 1 , 17.25 , 6.719 , 3.010 , 97.65 , 60.57
4673 , 23384 , 22.15 , -65.8 , 1 , 17.22 , 6.687 , 3.019 , 98.06 , 60.16
4683 , 23435 , 21.96 , -65.9 , 1 , 17.19 , 6.687 , 3.045 , 98.50 , 59.71
4693 , 23484 , 21.79 , -65.8 , 1 , 17.16 , 6.658 , 3.056 , 98.93 , 59.29
4703 , 23535 , 21.61 , -65.9 , 1 , 17.13 , 6.714 , 3.107 , 99.37 , 58.85
4713 , 23588 , 21.42 , -66.1 , 1 , 17.10 , 6.610 , 3.087 , 99.83 , 58.38
4723 , 23638 , 21.24 , -65.9 , 1 , 17.08 , 6.582 , 3.099 , 100.27 , 57.95
4733 , 23690 , 21.06 , -66.2 , 1 , 17.05 , 6.517 , 3.095 , 100.71 , 57.51
4743 , 23741 , 20.88 , -66.1 , 1 , 17.02 , 6.552 , 3.138 , 101.14 , 57.07
4753 , 23793 , 20.70 , -66.2 , 1 , 16.99 , 6.514 , 3.147 , 101.59 , 56.63
4763 , 23845 , 20.53 , -66.3 , 1 , 16.96 , 6.457 , 3.146 , 102.03 , 56.19
4773 , 23896 , 20.35 , -66.4 , 1 , 16.94 , 6.436 , 3.162 , 102.45 , 55.76
4783 , 23948 , 20.18 , -66.5 , 1 , 16.91 , 6.408 , 3.175 , 102.89 , 55.33
4793 , 23995 , 20.02 , -66.5 , 1 , 16.88 , 6.380 , 3.186 , 103.28 , 54.94
4803 , 24047 , 19.85 , -66.4 , 1 , 16.86 , 6.309 , 3.177 , 103.71 , 54.51
4813 , 24097 , 19.69 , -66.5 , 1 , 16.83 , 6.242 , 3.170 , 104.12 , 54.10
4823 , 24145 , 19.53 , -66.7 , 1 , 16.80 , 6.194 , 3.171 , 104.51 , 53.71
4833 , 24193 , 19.38 , -66.6 , 1 , 16.77 , 6.206 , 3.202 , 104.89 , 53.32
4843 , 24238 , 19.24 , -66.3 , 1 , 16.75 , 6.218 , 3.232 , 105.26 , 52.95
4853 , 24282 , 19.10 , -66.1 , 1 , 16.72 , 6.226 , 3.260 , 105.62 , 52.60
4863 , 24328 , 18.95 , -66.1 , 1 , 16.69 , 6.270 , 3.308 , 105.99 , 52.22
4872 , 24369 , 18.82 , -66.1 , 1 , 16.66 , 6.167 , 3.276 , 106.33 , 51.89
4882 , 24410 , 18.70 , -65.8 , 1 , 16.63 , 6.129 , 3.278 , 106.65 , 51.57
4892 , 24451 , 18.57 , -65.8 , 1 , 16.61 , 6.133 , 3.302 , 106.98 , 51.24
4902 , 24496 , 18.43 , -65.7 , 1 , 16.58 , 6.089 , 3.303 , 107.34 , 50.88
4911 , 24536 , 18.31 , -65.3 , 1 , 16.55 , 6.023 , 3.289 , 107.65 , 50.56
4921 , 24575 , 18.20 , -65.0 , 1 , 16.53 , 6.032 , 3.315 , 107.96 , 50.26
4931 , 24618 , 18.07 , -64.7 , 1 , 16.50 , 6.010 , 3.326 , 108.29 , 49.93
4941 , 24660 , 17.94 , -64.2 , 1 , 16.47 , 5.994 , 3.340 , 108.62 , 49.60
4951 , 24703 , 17.82 , -63.5 , 1 , 16.44 , 5.962 , 3.346 , 108.95 , 49.27
4961 , 24750 , 17.68 , -62.9 , 1 , 16.42 , 5.879 , 3.324 , 109.31 , 48.91
4971 , 24796 , 17.55 , -62.6 , 1 , 16.39 , 5.870 , 3.344 , 109.65 , 48.57
4981 , 24839 , 17.43 , -62.4 , 1 , 16.36 , 5.809 , 3.333 , 109.98 , 48.24
4991 , 24882 , 17.31 , -62.3 , 1 , 16.33 , 5.938 , 3.431 , 110.30 , 47.92
5001 , 24929 , 17.18 , -62.0 , 1 , 16.31 , 5.865 , 3.414 , 110.65 , 47.57
5011 , 24976 , 17.05 , -61.6 , 0 , 16.28 , 5.787 , 3.394 , 111.00 , 47.22
5020 , 25019 , 16.93 , -61.6 , 0 , 16.26 , 5.795 , 3.423 , 111.32 , 46.90
5030 , 25065 , 16.81 , -61.5 , 0 , 16.23 , 5.771 , 3.434 , 111.65 , 46.56
5040 , 25111 , 16.68 , -61.5 , 0 , 16.21 , 5.708 , 3.422 , 111.99 , 46.22
5050 , 25161 , 16.55 , -61.3 , 0 , 16.18 , 5.599 , 3.384 , 112.36 , 45.86
5060 , 25210 , 16.42 , -61.3 , 0 , 16.15 , 5.657 , 3.446 , 112.70 , 45.51
5070 , 25259 , 16.29 , -61.1 , 0 , 16.13 , 5.629 , 3.456 , 113.06 , 45.16
5080 , 25307 , 16.16 , -60.4 , 0 , 16.10 , 5.564 , 3.443 , 113.39 , 44.82
5090 , 25355 , 16.04 , -60.3 , 0 , 16.08 , 5.576 , 3.477 , 113.74 , 44.48
5100 , 25401 , 15.92 , -60.2 , 0 , 16.05 , 5.522 , 3.469 , 114.06 , 44.16
5110 , 25449 , 15.80 , -59.8 , 0 , 16.03 , 5.436 , 3.441 , 114.39 , 43.83
5120 , 25497 , 15.68 , -59.6 , 0 , 16.01 , 5.436 , 3.467 , 114.72 , 43.50
5130 , 25542 , 15.56 , -59.5 , 0 , 15.98 , 5.425 , 3.486 , 115.03 , 43.19
5140 , 25588 , 15.45 , -59.1 , 0 , 15.95 , 5.309 , 3.436 , 115.34 , 42.88
5150 , 25636 , 15.33 , -59.0 , 0 , 15.93 , 5.196 , 3.389 , 115.66 , 42.56
5160 , 25682 , 15.22 , -59.0 , 0 , 15.91 , 5.252 , 3.451 , 115.96 , 42.26
5170 , 25725 , 15.12 , -58.6 , 0 , 15.88 , 5.264 , 3.482 , 116.25 , 41.97
5180 , 25771 , 15.01 , -58.5 , 0 , 15.86 , 5.189 , 3.458 , 116.54 , 41.67
5190 , 25813 , 14.91 , -58.5 , 0 , 15.84 , 5.198 , 3.487 , 116.82 , 41.40
5200 , 25854 , 14.81 , -58.2 , 0 , 15.82 , 5.178 , 3.496 , 117.09 , 41.13
5209 , 25895 , 14.71 , -57.8 , 0 , 15.79 , 5.149 , 3.499 , 117.35 , 40.86
5219 , 25938 , 14.61 , -57.7 , 0 , 15.78 , 5.114 , 3.500 , 117.63 , 40.59
5229 , 25982 , 14.51 , -57.7 , 0 , 15.75 , 5.055 , 3.483 , 117.91 , 40.31
5239 , 26024 , 14.41 , -57.6 , 0 , 15.73 , 5.042 , 3.498 , 118.18 , 40.04
5249 , 26067 , 14.32 , -57.5 , 0 , 15.71 , 5.020 , 3.506 , 118.44 , 39.77
5259 , 26111 , 14.22 , -57.6 , 0 , 15.69 , 4.961 , 3.489 , 118.72 , 39.50
5269 , 26155 , 14.12 , -57.3 , 0 , 15.67 , 4.891 , 3.464 , 118.99 , 39.23
5279 , 26200 , 14.02 , -57.0 , 0 , 15.65 , 4.836 , 3.450 , 119.27 , 38.95
5289 , 26245 , 13.92 , -56.8 , 0 , 15.63 , 4.844 , 3.480 , 119.53 , 38.69
5299 , 26290 , 13.82 , -56.8 , 0 , 15.61 , 4.815 , 3.484 , 119.80 , 38.41
5309 , 26335 , 13.72 , -56.9 , 0 , 15.59 , 4.787 , 3.488 , 120.08 , 38.14
5319 , 26377 , 13.63 , -56.5 , 0 , 15.56 , 4.768 , 3.498 , 120.33 , 37.89
5329 , 26423 , 13.53 , -56.3 , 0 , 15.54 , 4.665 , 3.447 , 120.59 , 37.62
5339 , 26466 , 13.44 , -55.6 , 0 , 15.52 , 4.584 , 3.409 , 120.84 , 37.38
5349 , 26513 , 13.35 , -55.0 , 0 , 15.50 , 4.527 , 3.392 , 121.10 , 37.11
5359 , 26555 , 13.26 , -54.7 , 0 , 15.48 , 4.473 , 3.374 , 121.34 , 36.88
5369 , 26603 , 13.16 , -54.5 , 0 , 15.46 , 4.413 , 3.354 , 121.61 , 36.61
5379 , 26651 , 13.06 , -53.9 , 0 , 15.43 , 4.352 , 3.333 , 121.86 , 36.35
5389 , 26703 , 12.96 , -53.4 , 0 , 15.41 , 4.288 , 3.310 , 122.14 , 36.08
5399 , 26750 , 12.86 , -53.0 , 0 , 15.39 , 4.213 , 3.276 , 122.38 , 35.83
5409 , 26792 , 12.78 , -52.8 , 0 , 15.37 , 4.137 , 3.238 , 122.60 , 35.62
5419 , 26839 , 12.68 , -52.5 , 0 , 15.35 , 4.078 , 3.215 , 122.84 , 35.38
5429 , 26891 , 12.58 , -52.2 , 0 , 15.32 , 4.083 , 3.245 , 123.09 , 35.13
5439 , 26938 , 12.49 , -52.3 , 0 , 15.30 , 4.096 , 3.279 , 123.33 , 34.89
5449 , 26986 , 12.40 , -51.9 , 0 , 15.28 , 4.122 , 3.325 , 123.57 , 34.65
5459 , 27036 , 12.30 , -51.8 , 0 , 15.26 , 4.161 , 3.383 , 123.82 , 34.40
5469 , 27085 , 12.21 , -51.5 , 0 , 15.23 , 4.213 , 3.450 , 124.07 , 34.15
5479 , 27131 , 12.12 , -51.1 , 0 , 15.21 , 4.209 , 3.471 , 124.31 , 33.91
5489 , 27179 , 12.04 , -50.9 , 0 , 15.19 , 4.193 , 3.484 , 124.55 , 33.67
5499 , 27228 , 11.94 , -50.9 , 0 , 15.16 , 4.185 , 3.504 , 124.80 , 33.42
5509 , 27275 , 11.86 , -50.7 , 0 , 15.14 , 4.131 , 3.483 , 125.04 , 33.18
5519 , 27321 , 11.78 , -50.1 , 0 , 15.12 , 4.111 , 3.491 , 125.27 , 32.95
5528 , 27362 , 11.70 , -49.7 , 0 , 15.09 , 4.138 , 3.536 , 125.47 , 32.75
5537 , 27402 , 11.63 , -49.6 , 0 , 15.07 , 4.173 , 3.588 , 125.67 , 32.55
5547 , 27445 , 11.55 , -49.5 , 0 , 15.05 , 4.207 , 3.641 , 125.89 , 32.33
5557 , 27492 , 11.47 , -49.3 , 0 , 15.02 , 4.210 , 3.670 , 126.12 , 32.09
5567 , 27539 , 11.39 , -49.1 , 0 , 15.00 , 4.159 , 3.651 , 126.36 , 31.85
5577 , 27583 , 11.31 , -49.1 , 0 , 14.98 , 4.088 , 3.613 , 126.58 , 31.64
5587 , 27626 , 11.24 , -48.7 , 0 , 14.96 , 3.982 , 3.543 , 126.79 , 31.43
