# ------------------------------------------------------------
#
# Flight name: V0711
# Station: Davis
# Launch Date: 16 February 2011
# Launch Time: 11:17:36
# 
# This file created: Thu Feb 17 09:17:51 2011
# 
# 
# ------------------------------------------------------------
# DATA COLUMNS
# Time (s)
# Height (m)
# Atmospheric Pressure (hPa)
# Atmospheric Temperature (°C)
# Relative Humidity (%)
# Box Temperature (°C)
# Ozone Partial Pressure (mPa)
# Ozone Mixing Ratio (ppmV)
# Accumulated Ozone to this Height (Dobson Units)
# Remaining Ozone above this Height (Dobson Units)
# 
# ------------------------------------------------------------
# 
# Integrated Ozone = 224.8 DU
# Extrapolated Ozone =  32.4 DU
# 
# Total Ozone = 257.1 DU
# 
# 
# ------------------------------------------------------------
0 , 18 , 997.37 , -2.4 , 27 , 36.38 , 1.269 , 0.013 , 0.00 , 257.14
9 , 62 , 991.77 , -3.3 , 29 , 36.38 , 1.403 , 0.014 , 0.06 , 257.08
18 , 104 , 986.47 , -3.4 , 28 , 36.38 , 1.466 , 0.015 , 0.12 , 257.02
28 , 159 , 979.69 , -3.8 , 31 , 36.38 , 1.486 , 0.015 , 0.20 , 256.94
38 , 218 , 972.34 , -4.4 , 33 , 36.38 , 1.522 , 0.016 , 0.29 , 256.85
48 , 277 , 965.05 , -4.8 , 32 , 36.37 , 1.516 , 0.016 , 0.38 , 256.76
58 , 332 , 958.35 , -5.2 , 29 , 36.36 , 1.545 , 0.016 , 0.46 , 256.67
67 , 383 , 952.14 , -5.6 , 27 , 36.34 , 1.552 , 0.016 , 0.54 , 256.59
78 , 451 , 943.98 , -5.9 , 21 , 36.33 , 1.531 , 0.016 , 0.65 , 256.49
88 , 508 , 937.11 , -5.9 , 17 , 36.31 , 1.517 , 0.016 , 0.74 , 256.40
98 , 560 , 930.84 , -6.1 , 16 , 36.28 , 1.507 , 0.016 , 0.82 , 256.32
108 , 614 , 924.40 , -6.4 , 16 , 36.26 , 1.481 , 0.016 , 0.90 , 256.24
118 , 671 , 917.67 , -6.7 , 16 , 36.24 , 1.471 , 0.016 , 0.98 , 256.15
128 , 733 , 910.44 , -7.2 , 17 , 36.23 , 1.452 , 0.016 , 1.07 , 256.06
138 , 798 , 902.94 , -7.4 , 16 , 36.21 , 1.443 , 0.016 , 1.17 , 255.97
148 , 866 , 895.07 , -7.9 , 16 , 36.19 , 1.418 , 0.016 , 1.27 , 255.87
158 , 926 , 888.13 , -8.3 , 15 , 36.18 , 1.424 , 0.016 , 1.36 , 255.78
168 , 989 , 880.97 , -8.8 , 16 , 36.14 , 1.405 , 0.016 , 1.45 , 255.69
178 , 1047 , 874.31 , -9.3 , 16 , 36.10 , 1.402 , 0.016 , 1.53 , 255.61
188 , 1108 , 867.51 , -9.7 , 16 , 36.06 , 1.393 , 0.016 , 1.62 , 255.52
198 , 1164 , 861.21 , -10.2 , 16 , 36.02 , 1.386 , 0.016 , 1.70 , 255.44
208 , 1220 , 854.91 , -10.0 , 18 , 36.00 , 1.369 , 0.016 , 1.78 , 255.36
218 , 1279 , 848.42 , -10.3 , 17 , 35.97 , 1.351 , 0.016 , 1.86 , 255.28
228 , 1336 , 842.12 , -10.8 , 18 , 35.93 , 1.331 , 0.016 , 1.94 , 255.20
238 , 1389 , 836.33 , -11.2 , 18 , 35.91 , 1.310 , 0.016 , 2.01 , 255.13
248 , 1449 , 829.79 , -11.7 , 19 , 35.88 , 1.287 , 0.016 , 2.09 , 255.05
258 , 1504 , 823.87 , -12.1 , 19 , 35.86 , 1.264 , 0.015 , 2.16 , 254.98
268 , 1559 , 817.98 , -12.3 , 18 , 35.84 , 1.246 , 0.015 , 2.23 , 254.91
277 , 1614 , 812.13 , -12.9 , 18 , 35.82 , 1.230 , 0.015 , 2.30 , 254.84
287 , 1668 , 806.38 , -13.3 , 17 , 35.81 , 1.219 , 0.015 , 2.37 , 254.77
297 , 1722 , 800.63 , -13.5 , 16 , 35.79 , 1.211 , 0.015 , 2.44 , 254.70
307 , 1778 , 794.73 , -13.8 , 14 , 35.76 , 1.243 , 0.016 , 2.51 , 254.63
317 , 1838 , 788.55 , -14.2 , 13 , 35.74 , 1.267 , 0.016 , 2.59 , 254.55
326 , 1890 , 783.15 , -14.6 , 13 , 35.70 , 1.277 , 0.016 , 2.66 , 254.48
336 , 1941 , 777.84 , -14.9 , 13 , 35.67 , 1.284 , 0.017 , 2.73 , 254.41
346 , 1995 , 772.36 , -14.9 , 13 , 35.64 , 1.283 , 0.017 , 2.80 , 254.34
356 , 2046 , 767.13 , -15.1 , 14 , 35.61 , 1.274 , 0.017 , 2.87 , 254.27
366 , 2098 , 761.88 , -15.4 , 14 , 35.60 , 1.258 , 0.017 , 2.93 , 254.20
376 , 2150 , 756.65 , -15.6 , 12 , 35.57 , 1.241 , 0.016 , 3.00 , 254.14
386 , 2202 , 751.44 , -15.7 , 12 , 35.55 , 1.260 , 0.017 , 3.07 , 254.07
396 , 2254 , 746.24 , -15.7 , 10 , 35.53 , 1.333 , 0.018 , 3.14 , 254.00
406 , 2306 , 741.10 , -15.9 , 9 , 35.50 , 1.329 , 0.018 , 3.21 , 253.92
416 , 2358 , 735.98 , -16.2 , 9 , 35.47 , 1.306 , 0.018 , 3.29 , 253.85
425 , 2416 , 730.39 , -16.4 , 7 , 35.45 , 1.286 , 0.018 , 3.36 , 253.77
435 , 2471 , 725.06 , -16.4 , 7 , 35.40 , 1.246 , 0.017 , 3.44 , 253.70
445 , 2521 , 720.23 , -16.4 , 8 , 35.37 , 1.256 , 0.017 , 3.50 , 253.63
455 , 2572 , 715.34 , -16.4 , 13 , 35.34 , 1.319 , 0.018 , 3.57 , 253.57
465 , 2626 , 710.29 , -16.2 , 19 , 35.31 , 1.452 , 0.020 , 3.65 , 253.49
475 , 2680 , 705.12 , -16.2 , 19 , 35.27 , 1.599 , 0.023 , 3.74 , 253.40
485 , 2732 , 700.31 , -16.3 , 17 , 35.25 , 1.576 , 0.023 , 3.82 , 253.31
495 , 2785 , 695.40 , -16.5 , 16 , 35.23 , 1.573 , 0.023 , 3.91 , 253.23
505 , 2847 , 689.64 , -16.8 , 15 , 35.20 , 1.550 , 0.022 , 4.01 , 253.12
515 , 2905 , 684.37 , -17.0 , 14 , 35.16 , 1.566 , 0.023 , 4.11 , 253.03
525 , 2958 , 679.51 , -17.1 , 13 , 35.12 , 1.524 , 0.022 , 4.19 , 252.94
535 , 3016 , 674.29 , -17.4 , 12 , 35.10 , 1.491 , 0.022 , 4.29 , 252.85
545 , 3076 , 668.86 , -17.7 , 11 , 35.07 , 1.437 , 0.021 , 4.38 , 252.76
555 , 3136 , 663.54 , -18.0 , 10 , 35.05 , 1.434 , 0.022 , 4.47 , 252.67
565 , 3196 , 658.23 , -18.2 , 9 , 35.01 , 1.465 , 0.022 , 4.56 , 252.58
575 , 3257 , 652.84 , -18.5 , 9 , 34.98 , 1.505 , 0.023 , 4.66 , 252.48
585 , 3318 , 647.59 , -18.9 , 9 , 34.96 , 1.580 , 0.024 , 4.76 , 252.38
595 , 3372 , 642.90 , -19.1 , 8 , 34.94 , 1.667 , 0.026 , 4.85 , 252.29
605 , 3431 , 637.83 , -19.3 , 7 , 34.91 , 1.685 , 0.026 , 4.96 , 252.18
615 , 3491 , 632.69 , -19.5 , 7 , 34.88 , 1.593 , 0.025 , 5.06 , 252.08
625 , 3546 , 627.98 , -20.0 , 7 , 34.85 , 1.493 , 0.024 , 5.15 , 251.99
634 , 3601 , 623.36 , -20.3 , 6 , 34.82 , 1.440 , 0.023 , 5.24 , 251.90
643 , 3655 , 618.80 , -20.3 , 5 , 34.78 , 1.558 , 0.025 , 5.32 , 251.82
653 , 3709 , 614.32 , -20.5 , 5 , 34.76 , 1.576 , 0.026 , 5.41 , 251.73
662 , 3774 , 608.94 , -21.0 , 6 , 34.72 , 1.499 , 0.025 , 5.52 , 251.62
672 , 3831 , 604.24 , -21.5 , 6 , 34.66 , 1.485 , 0.025 , 5.61 , 251.53
682 , 3885 , 599.81 , -21.9 , 5 , 34.63 , 1.479 , 0.025 , 5.70 , 251.44
692 , 3947 , 594.76 , -22.4 , 6 , 34.61 , 1.476 , 0.025 , 5.80 , 251.34
702 , 4014 , 589.41 , -22.8 , 6 , 34.59 , 1.471 , 0.025 , 5.90 , 251.24
712 , 4074 , 584.54 , -23.3 , 6 , 34.57 , 1.488 , 0.025 , 6.00 , 251.14
722 , 4138 , 579.45 , -23.8 , 6 , 34.55 , 1.474 , 0.025 , 6.10 , 251.04
732 , 4205 , 574.17 , -24.2 , 6 , 34.53 , 1.439 , 0.025 , 6.20 , 250.93
742 , 4268 , 569.25 , -24.6 , 6 , 34.50 , 1.276 , 0.022 , 6.30 , 250.84
752 , 4328 , 564.51 , -24.9 , 6 , 34.46 , 1.136 , 0.020 , 6.38 , 250.76
762 , 4393 , 559.52 , -25.3 , 7 , 34.41 , 1.031 , 0.018 , 6.45 , 250.69
772 , 4446 , 555.42 , -25.7 , 7 , 34.38 , 1.060 , 0.019 , 6.51 , 250.63
782 , 4503 , 551.07 , -26.1 , 7 , 34.34 , 1.017 , 0.018 , 6.58 , 250.56
792 , 4567 , 546.19 , -26.4 , 8 , 34.31 , 1.000 , 0.018 , 6.65 , 250.49
802 , 4620 , 542.24 , -26.7 , 7 , 34.26 , 1.088 , 0.020 , 6.71 , 250.43
812 , 4681 , 537.70 , -26.8 , 7 , 34.22 , 1.491 , 0.028 , 6.79 , 250.34
822 , 4738 , 533.43 , -26.8 , 6 , 34.19 , 1.627 , 0.030 , 6.89 , 250.25
832 , 4791 , 529.53 , -26.9 , 6 , 34.14 , 1.645 , 0.031 , 6.99 , 250.15
842 , 4845 , 525.60 , -26.8 , 6 , 34.09 , 2.141 , 0.041 , 7.10 , 250.04
852 , 4903 , 521.39 , -26.7 , 5 , 34.05 , 2.438 , 0.047 , 7.24 , 249.90
862 , 4959 , 517.29 , -26.9 , 5 , 34.03 , 2.236 , 0.043 , 7.39 , 249.75
872 , 5014 , 513.42 , -26.9 , 7 , 34.01 , 2.028 , 0.039 , 7.52 , 249.62
882 , 5070 , 509.43 , -27.2 , 9 , 33.96 , 1.861 , 0.037 , 7.63 , 249.50
892 , 5125 , 505.51 , -27.3 , 9 , 33.93 , 1.746 , 0.035 , 7.74 , 249.39
902 , 5194 , 500.71 , -27.8 , 9 , 33.91 , 1.668 , 0.033 , 7.87 , 249.26
912 , 5256 , 496.43 , -28.0 , 8 , 33.88 , 1.659 , 0.033 , 7.99 , 249.15
922 , 5315 , 492.36 , -28.3 , 10 , 33.86 , 1.651 , 0.034 , 8.09 , 249.04
932 , 5370 , 488.54 , -28.7 , 10 , 33.83 , 1.604 , 0.033 , 8.19 , 248.94
942 , 5425 , 484.80 , -29.0 , 12 , 33.79 , 1.642 , 0.034 , 8.29 , 248.85
951 , 5478 , 481.28 , -29.0 , 11 , 33.77 , 1.718 , 0.036 , 8.39 , 248.75
961 , 5531 , 477.67 , -29.2 , 12 , 33.72 , 1.563 , 0.033 , 8.49 , 248.65
971 , 5585 , 474.07 , -29.6 , 12 , 33.67 , 1.517 , 0.032 , 8.58 , 248.56
981 , 5640 , 470.46 , -29.9 , 13 , 33.63 , 1.645 , 0.035 , 8.67 , 248.46
991 , 5695 , 466.84 , -30.2 , 13 , 33.59 , 1.549 , 0.033 , 8.77 , 248.37
1001 , 5751 , 463.12 , -30.8 , 14 , 33.58 , 1.453 , 0.031 , 8.87 , 248.27
1011 , 5811 , 459.24 , -31.2 , 14 , 33.57 , 1.384 , 0.030 , 8.96 , 248.18
1021 , 5873 , 455.25 , -31.8 , 15 , 33.54 , 1.297 , 0.028 , 9.05 , 248.09
1031 , 5932 , 451.43 , -32.4 , 15 , 33.51 , 1.241 , 0.027 , 9.14 , 248.00
1041 , 5998 , 447.23 , -32.8 , 15 , 33.47 , 1.205 , 0.027 , 9.23 , 247.91
1051 , 6062 , 443.20 , -33.3 , 14 , 33.40 , 1.176 , 0.027 , 9.31 , 247.83
1061 , 6112 , 440.04 , -33.7 , 14 , 33.36 , 1.160 , 0.026 , 9.38 , 247.76
1071 , 6173 , 436.20 , -34.3 , 13 , 33.33 , 1.143 , 0.026 , 9.46 , 247.68
1081 , 6229 , 432.76 , -34.7 , 13 , 33.29 , 1.154 , 0.027 , 9.53 , 247.61
1091 , 6287 , 429.17 , -34.9 , 12 , 33.26 , 1.153 , 0.027 , 9.61 , 247.53
1101 , 6343 , 425.70 , -35.2 , 12 , 33.24 , 1.156 , 0.027 , 9.68 , 247.46
1111 , 6401 , 422.16 , -35.8 , 12 , 33.21 , 1.153 , 0.027 , 9.76 , 247.38
1121 , 6467 , 418.21 , -35.9 , 14 , 33.18 , 1.185 , 0.028 , 9.84 , 247.30
1131 , 6536 , 414.06 , -36.0 , 14 , 33.15 , 1.333 , 0.032 , 9.94 , 247.20
1141 , 6587 , 411.02 , -36.0 , 15 , 33.12 , 1.454 , 0.035 , 10.02 , 247.12
1151 , 6646 , 407.55 , -36.6 , 17 , 33.08 , 1.492 , 0.037 , 10.12 , 247.02
1161 , 6700 , 404.36 , -37.0 , 17 , 33.03 , 1.498 , 0.037 , 10.21 , 246.92
1171 , 6761 , 400.80 , -37.5 , 18 , 32.98 , 1.500 , 0.037 , 10.32 , 246.82
1181 , 6821 , 397.35 , -37.9 , 18 , 32.93 , 1.546 , 0.039 , 10.42 , 246.72
1191 , 6884 , 393.74 , -38.2 , 16 , 32.89 , 1.612 , 0.041 , 10.54 , 246.60
1201 , 6939 , 390.56 , -38.4 , 15 , 32.86 , 1.537 , 0.039 , 10.64 , 246.50
1211 , 7006 , 386.78 , -38.9 , 14 , 32.83 , 1.371 , 0.035 , 10.75 , 246.39
1221 , 7075 , 382.94 , -39.4 , 15 , 32.78 , 1.258 , 0.033 , 10.85 , 246.29
1231 , 7131 , 379.78 , -39.8 , 14 , 32.73 , 1.159 , 0.031 , 10.93 , 246.21
1241 , 7190 , 376.52 , -40.2 , 14 , 32.69 , 1.091 , 0.029 , 11.01 , 246.13
1251 , 7246 , 373.46 , -40.7 , 14 , 32.65 , 1.055 , 0.028 , 11.08 , 246.06
1260 , 7300 , 370.49 , -41.3 , 15 , 32.62 , 1.031 , 0.028 , 11.14 , 246.00
1269 , 7356 , 367.42 , -41.8 , 16 , 32.59 , 1.001 , 0.027 , 11.21 , 245.93
1279 , 7419 , 364.02 , -42.3 , 16 , 32.55 , 0.984 , 0.027 , 11.28 , 245.86
1289 , 7485 , 360.50 , -42.7 , 13 , 32.50 , 1.053 , 0.029 , 11.36 , 245.78
1299 , 7545 , 357.32 , -43.0 , 12 , 32.46 , 1.372 , 0.038 , 11.44 , 245.69
1309 , 7604 , 354.16 , -43.4 , 13 , 32.41 , 1.786 , 0.050 , 11.55 , 245.58
1319 , 7665 , 350.98 , -43.7 , 14 , 32.37 , 2.262 , 0.064 , 11.70 , 245.44
1329 , 7727 , 347.75 , -43.7 , 13 , 32.33 , 2.753 , 0.079 , 11.88 , 245.26
1339 , 7789 , 344.53 , -44.0 , 13 , 32.30 , 2.958 , 0.086 , 12.09 , 245.05
1349 , 7854 , 341.25 , -44.4 , 13 , 32.26 , 2.727 , 0.080 , 12.31 , 244.83
1359 , 7920 , 337.89 , -44.4 , 13 , 32.23 , 2.217 , 0.066 , 12.50 , 244.64
1369 , 7987 , 334.54 , -44.3 , 12 , 32.18 , 2.077 , 0.062 , 12.67 , 244.47
1379 , 8047 , 331.55 , -44.9 , 11 , 32.13 , 2.070 , 0.062 , 12.81 , 244.32
1389 , 8111 , 328.36 , -45.5 , 11 , 32.08 , 2.026 , 0.062 , 12.97 , 244.17
1399 , 8180 , 324.96 , -46.0 , 11 , 32.04 , 1.987 , 0.061 , 13.14 , 244.00
1408 , 8249 , 321.62 , -46.5 , 11 , 32.00 , 1.927 , 0.060 , 13.30 , 243.84
1418 , 8315 , 318.41 , -47.2 , 12 , 31.96 , 1.852 , 0.058 , 13.45 , 243.69
1428 , 8385 , 315.07 , -47.5 , 12 , 31.93 , 1.754 , 0.056 , 13.60 , 243.54
1438 , 8453 , 311.83 , -47.5 , 13 , 31.89 , 1.937 , 0.062 , 13.75 , 243.39
1448 , 8510 , 309.16 , -48.0 , 13 , 31.85 , 2.284 , 0.074 , 13.89 , 243.25
1458 , 8574 , 306.19 , -48.6 , 13 , 31.80 , 2.525 , 0.082 , 14.07 , 243.07
1468 , 8651 , 302.60 , -49.1 , 14 , 31.75 , 2.736 , 0.090 , 14.32 , 242.82
1478 , 8720 , 299.44 , -49.0 , 14 , 31.71 , 3.221 , 0.108 , 14.56 , 242.57
1488 , 8786 , 296.45 , -48.1 , 13 , 31.67 , 3.939 , 0.133 , 14.85 , 242.29
1498 , 8846 , 293.75 , -47.6 , 12 , 31.63 , 4.295 , 0.146 , 15.14 , 241.99
1508 , 8911 , 290.86 , -47.5 , 11 , 31.58 , 4.422 , 0.152 , 15.48 , 241.65
1518 , 8974 , 288.12 , -47.4 , 10 , 31.54 , 4.505 , 0.156 , 15.82 , 241.32
1528 , 9045 , 285.05 , -46.1 , 8 , 31.49 , 4.494 , 0.158 , 16.20 , 240.94
1538 , 9122 , 281.75 , -46.7 , 7 , 31.44 , 4.418 , 0.157 , 16.61 , 240.53
1548 , 9195 , 278.67 , -47.4 , 7 , 31.39 , 4.240 , 0.152 , 16.98 , 240.15
1558 , 9260 , 275.93 , -47.9 , 7 , 31.35 , 4.149 , 0.150 , 17.31 , 239.83
1568 , 9325 , 273.23 , -48.4 , 7 , 31.31 , 4.156 , 0.152 , 17.63 , 239.50
1577 , 9390 , 270.55 , -49.0 , 7 , 31.26 , 4.085 , 0.151 , 17.95 , 239.18
1587 , 9459 , 267.73 , -49.6 , 7 , 31.21 , 3.960 , 0.148 , 18.29 , 238.85
1597 , 9536 , 264.57 , -50.0 , 8 , 31.16 , 3.825 , 0.145 , 18.65 , 238.49
1607 , 9611 , 261.54 , -49.7 , 8 , 31.12 , 3.713 , 0.142 , 18.99 , 238.14
1617 , 9669 , 259.23 , -49.8 , 8 , 31.07 , 3.803 , 0.147 , 19.26 , 237.88
1627 , 9735 , 256.64 , -50.3 , 7 , 31.02 , 3.965 , 0.155 , 19.56 , 237.57
1637 , 9806 , 253.85 , -50.4 , 6 , 30.97 , 4.233 , 0.167 , 19.92 , 237.22
1647 , 9875 , 251.18 , -49.5 , 5 , 30.92 , 4.667 , 0.186 , 20.29 , 236.85
1657 , 9940 , 248.70 , -47.8 , 4 , 30.88 , 5.027 , 0.202 , 20.67 , 236.47
1667 , 10001 , 246.42 , -47.3 , 3 , 30.83 , 5.250 , 0.213 , 21.04 , 236.10
1677 , 10067 , 243.98 , -47.6 , 2 , 30.78 , 5.452 , 0.223 , 21.46 , 235.67
1687 , 10144 , 241.15 , -48.0 , 2 , 30.74 , 5.582 , 0.231 , 21.97 , 235.17
1697 , 10208 , 238.84 , -48.4 , 1 , 30.68 , 5.664 , 0.237 , 22.40 , 234.74
1707 , 10282 , 236.14 , -48.2 , 1 , 30.63 , 5.665 , 0.240 , 22.91 , 234.23
1717 , 10346 , 233.86 , -47.6 , 1 , 30.58 , 5.734 , 0.245 , 23.34 , 233.80
1727 , 10407 , 231.72 , -47.5 , 1 , 30.53 , 5.770 , 0.249 , 23.76 , 233.38
1737 , 10471 , 229.50 , -47.7 , 1 , 30.48 , 5.937 , 0.259 , 24.21 , 232.93
1747 , 10533 , 227.35 , -47.9 , 1 , 30.42 , 5.803 , 0.255 , 24.64 , 232.50
1757 , 10594 , 225.25 , -48.0 , 1 , 30.37 , 5.539 , 0.246 , 25.06 , 232.08
1767 , 10659 , 223.02 , -48.0 , 1 , 30.32 , 5.488 , 0.246 , 25.49 , 231.65
1777 , 10730 , 220.64 , -48.2 , 1 , 30.27 , 5.582 , 0.253 , 25.96 , 231.18
1787 , 10799 , 218.36 , -47.8 , 1 , 30.23 , 5.395 , 0.247 , 26.41 , 230.73
1797 , 10866 , 216.15 , -47.1 , 1 , 30.15 , 5.293 , 0.245 , 26.84 , 230.30
1807 , 10931 , 214.04 , -46.8 , 1 , 29.98 , 5.385 , 0.252 , 27.25 , 229.89
1817 , 10994 , 212.01 , -47.1 , 1 , 29.82 , 5.142 , 0.243 , 27.65 , 229.49
1827 , 11055 , 210.05 , -47.3 , 1 , 29.70 , 4.948 , 0.236 , 28.02 , 229.12
1837 , 11119 , 208.03 , -47.2 , 1 , 29.62 , 4.960 , 0.238 , 28.39 , 228.74
1846 , 11180 , 206.12 , -46.6 , 1 , 29.56 , 4.713 , 0.229 , 28.75 , 228.39
1856 , 11238 , 204.33 , -46.6 , 1 , 29.49 , 4.526 , 0.222 , 29.06 , 228.07
1866 , 11296 , 202.57 , -46.7 , 1 , 29.42 , 4.525 , 0.223 , 29.37 , 227.77
1876 , 11353 , 200.82 , -46.8 , 1 , 29.35 , 4.502 , 0.224 , 29.68 , 227.46
1886 , 11410 , 199.09 , -46.6 , 1 , 29.29 , 4.496 , 0.226 , 29.99 , 227.15
1896 , 11471 , 197.26 , -46.5 , 1 , 29.22 , 4.508 , 0.229 , 30.32 , 226.82
1905 , 11520 , 195.83 , -46.7 , 1 , 29.17 , 4.395 , 0.224 , 30.57 , 226.57
1915 , 11569 , 194.38 , -46.8 , 1 , 29.12 , 4.552 , 0.234 , 30.83 , 226.30
1925 , 11621 , 192.86 , -46.4 , 1 , 29.06 , 4.618 , 0.239 , 31.12 , 226.02
1935 , 11667 , 191.52 , -45.7 , 1 , 29.02 , 4.022 , 0.210 , 31.36 , 225.78
1945 , 11702 , 190.51 , -45.7 , 1 , 28.98 , 3.474 , 0.182 , 31.51 , 225.63
1955 , 11738 , 189.50 , -45.8 , 1 , 28.93 , 3.278 , 0.173 , 31.65 , 225.48
1965 , 11773 , 188.49 , -46.0 , 1 , 28.87 , 3.208 , 0.170 , 31.79 , 225.35
1975 , 11807 , 187.53 , -46.0 , 1 , 28.82 , 3.191 , 0.170 , 31.92 , 225.22
1985 , 11842 , 186.54 , -45.7 , 1 , 28.77 , 3.234 , 0.173 , 32.05 , 225.08
1995 , 11880 , 185.51 , -45.6 , 1 , 28.72 , 3.315 , 0.179 , 32.20 , 224.94
2005 , 11925 , 184.26 , -45.3 , 1 , 28.68 , 3.530 , 0.192 , 32.38 , 224.76
2014 , 11964 , 183.16 , -44.6 , 1 , 28.64 , 3.782 , 0.207 , 32.55 , 224.59
2024 , 12002 , 182.15 , -44.4 , 1 , 28.60 , 4.042 , 0.222 , 32.72 , 224.41
2034 , 12037 , 181.19 , -44.6 , 1 , 28.55 , 4.289 , 0.237 , 32.90 , 224.24
2044 , 12081 , 179.99 , -44.7 , 1 , 28.51 , 4.463 , 0.248 , 33.13 , 224.01
2054 , 12132 , 178.64 , -45.2 , 1 , 28.46 , 4.506 , 0.252 , 33.39 , 223.75
2064 , 12176 , 177.46 , -45.5 , 1 , 28.42 , 4.600 , 0.259 , 33.63 , 223.51
2074 , 12219 , 176.32 , -45.6 , 1 , 28.38 , 4.710 , 0.267 , 33.87 , 223.27
2084 , 12264 , 175.13 , -45.0 , 0 , 28.34 , 4.968 , 0.284 , 34.13 , 223.01
2094 , 12311 , 173.91 , -44.9 , 0 , 28.31 , 5.226 , 0.300 , 34.41 , 222.73
2104 , 12359 , 172.67 , -45.2 , 1 , 28.27 , 5.322 , 0.308 , 34.71 , 222.43
2114 , 12403 , 171.51 , -45.2 , 1 , 28.24 , 5.299 , 0.309 , 34.99 , 222.15
2124 , 12449 , 170.35 , -45.7 , 1 , 28.20 , 5.243 , 0.308 , 35.27 , 221.87
2134 , 12499 , 169.08 , -46.0 , 1 , 28.16 , 5.127 , 0.303 , 35.58 , 221.56
2144 , 12553 , 167.70 , -46.4 , 1 , 28.13 , 5.046 , 0.301 , 35.91 , 221.23
2154 , 12611 , 166.24 , -46.7 , 1 , 28.10 , 4.938 , 0.297 , 36.25 , 220.89
2163 , 12667 , 164.83 , -46.6 , 1 , 28.07 , 4.927 , 0.299 , 36.58 , 220.56
2174 , 12733 , 163.20 , -46.5 , 1 , 28.04 , 4.953 , 0.303 , 36.97 , 220.17
2184 , 12798 , 161.61 , -46.8 , 1 , 28.02 , 5.002 , 0.310 , 37.35 , 219.79
2193 , 12857 , 160.17 , -47.2 , 1 , 27.93 , 5.026 , 0.314 , 37.71 , 219.43
2202 , 12916 , 158.76 , -47.6 , 1 , 27.85 , 4.929 , 0.310 , 38.06 , 219.08
2212 , 12982 , 157.17 , -47.8 , 1 , 27.78 , 4.713 , 0.300 , 38.44 , 218.70
2222 , 13049 , 155.59 , -48.0 , 1 , 27.74 , 4.659 , 0.299 , 38.81 , 218.33
2232 , 13111 , 154.13 , -48.2 , 1 , 27.70 , 4.759 , 0.309 , 39.16 , 217.98
2242 , 13170 , 152.75 , -48.3 , 1 , 27.66 , 4.754 , 0.311 , 39.50 , 217.64
2252 , 13228 , 151.41 , -47.9 , 1 , 27.63 , 4.803 , 0.317 , 39.83 , 217.31
2261 , 13286 , 150.10 , -47.7 , 1 , 27.62 , 4.909 , 0.327 , 40.17 , 216.97
2271 , 13342 , 148.82 , -47.7 , 1 , 27.61 , 5.083 , 0.342 , 40.50 , 216.63
2282 , 13405 , 147.40 , -47.8 , 1 , 27.60 , 5.233 , 0.355 , 40.89 , 216.24
2292 , 13467 , 146.04 , -47.6 , 1 , 27.59 , 5.106 , 0.350 , 41.27 , 215.87
2302 , 13517 , 144.94 , -47.7 , 1 , 27.57 , 4.867 , 0.336 , 41.57 , 215.57
2312 , 13561 , 143.97 , -47.8 , 1 , 27.56 , 4.749 , 0.330 , 41.82 , 215.31
2322 , 13606 , 142.99 , -47.7 , 1 , 27.54 , 4.716 , 0.330 , 42.08 , 215.06
2332 , 13650 , 142.03 , -47.6 , 1 , 27.52 , 4.899 , 0.345 , 42.33 , 214.81
2342 , 13696 , 141.05 , -47.8 , 1 , 27.49 , 5.144 , 0.365 , 42.61 , 214.53
2352 , 13740 , 140.11 , -48.1 , 1 , 27.46 , 5.255 , 0.375 , 42.88 , 214.25
2362 , 13783 , 139.19 , -48.3 , 1 , 27.43 , 5.305 , 0.381 , 43.16 , 213.98
2372 , 13828 , 138.26 , -48.2 , 1 , 27.40 , 5.309 , 0.384 , 43.44 , 213.70
2382 , 13872 , 137.34 , -48.2 , 1 , 27.36 , 5.335 , 0.388 , 43.72 , 213.42
2391 , 13913 , 136.47 , -48.3 , 1 , 27.33 , 5.414 , 0.397 , 43.99 , 213.15
2401 , 13956 , 135.59 , -48.2 , 1 , 27.30 , 5.684 , 0.419 , 44.27 , 212.87
2411 , 14001 , 134.66 , -48.1 , 1 , 27.27 , 5.919 , 0.440 , 44.59 , 212.55
2421 , 14047 , 133.74 , -48.1 , 1 , 27.24 , 5.980 , 0.447 , 44.91 , 212.23
2431 , 14091 , 132.84 , -48.3 , 1 , 27.21 , 5.908 , 0.445 , 45.23 , 211.91
2441 , 14134 , 131.96 , -48.3 , 1 , 27.17 , 5.835 , 0.442 , 45.53 , 211.61
2451 , 14181 , 131.04 , -48.1 , 1 , 27.14 , 5.862 , 0.447 , 45.86 , 211.28
2461 , 14225 , 130.16 , -48.1 , 1 , 27.10 , 5.968 , 0.458 , 46.17 , 210.97
2471 , 14268 , 129.30 , -48.0 , 1 , 27.07 , 6.033 , 0.467 , 46.48 , 210.66
2481 , 14312 , 128.45 , -47.7 , 1 , 27.03 , 6.295 , 0.490 , 46.81 , 210.33
2491 , 14357 , 127.58 , -47.7 , 1 , 26.99 , 6.375 , 0.500 , 47.14 , 209.99
2501 , 14402 , 126.71 , -47.8 , 1 , 26.96 , 6.288 , 0.496 , 47.49 , 209.65
2510 , 14444 , 125.91 , -47.6 , 1 , 26.92 , 6.040 , 0.480 , 47.80 , 209.34
2520 , 14488 , 125.08 , -47.6 , 1 , 26.89 , 5.930 , 0.474 , 48.11 , 209.03
2530 , 14531 , 124.26 , -47.7 , 1 , 26.86 , 6.189 , 0.498 , 48.42 , 208.72
2540 , 14576 , 123.42 , -47.0 , 1 , 26.83 , 6.489 , 0.526 , 48.76 , 208.38
2550 , 14620 , 122.59 , -46.6 , 1 , 26.79 , 6.631 , 0.541 , 49.11 , 208.03
2560 , 14663 , 121.81 , -46.4 , 1 , 26.75 , 6.749 , 0.554 , 49.45 , 207.69
2570 , 14706 , 121.02 , -46.4 , 1 , 26.72 , 6.826 , 0.564 , 49.80 , 207.34
2580 , 14750 , 120.23 , -46.8 , 1 , 26.69 , 6.785 , 0.564 , 50.15 , 206.99
2590 , 14790 , 119.50 , -47.1 , 1 , 26.65 , 6.708 , 0.561 , 50.47 , 206.66
2600 , 14832 , 118.73 , -47.3 , 1 , 26.62 , 6.607 , 0.556 , 50.81 , 206.33
2610 , 14888 , 117.74 , -47.0 , 1 , 26.58 , 6.597 , 0.560 , 51.25 , 205.89
2620 , 14957 , 116.52 , -47.3 , 1 , 26.55 , 6.741 , 0.579 , 51.80 , 205.34
2630 , 15019 , 115.43 , -47.9 , 1 , 26.52 , 6.895 , 0.597 , 52.30 , 204.84
2640 , 15067 , 114.59 , -47.9 , 1 , 26.49 , 6.903 , 0.602 , 52.70 , 204.44
2650 , 15106 , 113.92 , -47.6 , 1 , 26.46 , 6.949 , 0.610 , 53.02 , 204.12
2660 , 15142 , 113.30 , -47.7 , 1 , 26.43 , 7.164 , 0.632 , 53.32 , 203.81
2670 , 15185 , 112.57 , -47.3 , 1 , 26.39 , 7.515 , 0.668 , 53.70 , 203.44
2680 , 15242 , 111.60 , -47.4 , 1 , 26.36 , 8.031 , 0.720 , 54.23 , 202.91
2690 , 15288 , 110.82 , -47.7 , 1 , 26.32 , 8.365 , 0.755 , 54.69 , 202.45
2700 , 15340 , 109.95 , -47.4 , 1 , 26.29 , 8.518 , 0.775 , 55.21 , 201.93
2710 , 15391 , 109.11 , -47.1 , 1 , 26.26 , 8.330 , 0.763 , 55.72 , 201.42
2720 , 15438 , 108.34 , -47.3 , 1 , 26.23 , 8.089 , 0.747 , 56.18 , 200.96
2730 , 15482 , 107.61 , -47.4 , 1 , 26.20 , 8.001 , 0.744 , 56.61 , 200.53
2740 , 15530 , 106.84 , -47.3 , 1 , 26.17 , 7.829 , 0.733 , 57.06 , 200.08
2750 , 15579 , 106.05 , -47.7 , 1 , 26.15 , 7.784 , 0.734 , 57.51 , 199.63
2760 , 15628 , 105.26 , -48.0 , 1 , 26.12 , 7.785 , 0.740 , 57.97 , 199.17
2770 , 15675 , 104.51 , -47.9 , 1 , 26.11 , 7.643 , 0.731 , 58.41 , 198.73
2780 , 15725 , 103.73 , -48.0 , 1 , 26.09 , 7.477 , 0.721 , 58.86 , 198.28
2790 , 15774 , 102.96 , -48.2 , 1 , 26.07 , 7.638 , 0.742 , 59.30 , 197.84
2800 , 15827 , 102.12 , -48.4 , 1 , 26.05 , 7.977 , 0.781 , 59.80 , 197.34
2810 , 15884 , 101.25 , -48.5 , 1 , 26.01 , 8.204 , 0.810 , 60.35 , 196.79
2819 , 15937 , 100.44 , -48.9 , 1 , 25.99 , 8.464 , 0.843 , 60.88 , 196.26
2829 , 15987 , 99.68 , -48.9 , 1 , 25.96 , 8.737 , 0.876 , 61.39 , 195.75
2839 , 16039 , 98.89 , -48.9 , 1 , 25.93 , 9.234 , 0.934 , 61.96 , 195.18
2849 , 16087 , 98.17 , -49.2 , 1 , 25.89 , 9.584 , 0.976 , 62.50 , 194.64
2859 , 16136 , 97.44 , -49.2 , 1 , 25.85 , 9.767 , 1.002 , 63.07 , 194.07
2869 , 16184 , 96.73 , -49.5 , 1 , 25.82 , 9.562 , 0.989 , 63.63 , 193.51
2879 , 16228 , 96.08 , -49.5 , 1 , 25.79 , 8.932 , 0.930 , 64.12 , 193.01
2889 , 16273 , 95.41 , -49.2 , 1 , 25.76 , 8.361 , 0.876 , 64.60 , 192.54
2899 , 16318 , 94.77 , -49.2 , 1 , 25.72 , 8.157 , 0.861 , 65.04 , 192.10
2909 , 16364 , 94.10 , -49.1 , 1 , 25.69 , 8.172 , 0.868 , 65.49 , 191.65
2919 , 16408 , 93.47 , -49.1 , 1 , 25.66 , 8.332 , 0.891 , 65.93 , 191.21
2929 , 16454 , 92.83 , -48.0 , 1 , 25.62 , 8.886 , 0.957 , 66.40 , 190.74
2939 , 16498 , 92.21 , -47.2 , 1 , 25.58 , 9.779 , 1.061 , 66.89 , 190.24
2949 , 16540 , 91.62 , -47.0 , 1 , 25.55 , 10.459 , 1.142 , 67.41 , 189.73
2959 , 16586 , 90.99 , -46.5 , 1 , 25.51 , 10.930 , 1.201 , 67.99 , 189.15
2969 , 16633 , 90.34 , -46.7 , 1 , 25.48 , 11.160 , 1.235 , 68.61 , 188.53
2979 , 16681 , 89.69 , -47.1 , 1 , 25.44 , 11.254 , 1.255 , 69.25 , 187.89
2989 , 16730 , 89.04 , -47.3 , 1 , 25.41 , 11.304 , 1.270 , 69.90 , 187.24
2999 , 16779 , 88.38 , -46.8 , 1 , 25.38 , 11.312 , 1.280 , 70.56 , 186.58
3009 , 16827 , 87.74 , -46.4 , 1 , 25.35 , 11.498 , 1.311 , 71.22 , 185.92
3019 , 16875 , 87.11 , -46.3 , 1 , 25.31 , 11.767 , 1.351 , 71.88 , 185.26
3029 , 16924 , 86.46 , -46.4 , 1 , 25.28 , 11.977 , 1.385 , 72.58 , 184.56
3039 , 16975 , 85.81 , -46.4 , 1 , 25.25 , 12.074 , 1.407 , 73.30 , 183.84
3049 , 17021 , 85.21 , -46.5 , 1 , 25.21 , 11.980 , 1.406 , 73.97 , 183.17
3059 , 17068 , 84.61 , -46.5 , 1 , 25.18 , 11.856 , 1.401 , 74.62 , 182.51
3069 , 17114 , 84.03 , -46.7 , 1 , 25.15 , 11.758 , 1.399 , 75.27 , 181.87
3079 , 17159 , 83.46 , -46.4 , 1 , 25.12 , 11.830 , 1.417 , 75.90 , 181.24
3089 , 17202 , 82.91 , -46.0 , 1 , 25.08 , 11.899 , 1.435 , 76.52 , 180.62
3099 , 17249 , 82.33 , -45.2 , 1 , 25.05 , 12.110 , 1.471 , 77.18 , 179.96
3109 , 17296 , 81.76 , -45.3 , 1 , 25.02 , 12.306 , 1.505 , 77.85 , 179.28
3118 , 17338 , 81.24 , -45.4 , 1 , 24.98 , 12.485 , 1.537 , 78.48 , 178.66
3128 , 17383 , 80.69 , -45.5 , 1 , 24.95 , 12.587 , 1.560 , 79.15 , 177.99
3138 , 17430 , 80.13 , -45.5 , 1 , 24.92 , 12.625 , 1.576 , 79.84 , 177.30
3147 , 17478 , 79.55 , -45.8 , 1 , 24.89 , 12.606 , 1.585 , 80.57 , 176.57
3157 , 17524 , 79.00 , -46.3 , 1 , 24.85 , 12.548 , 1.588 , 81.25 , 175.89
3167 , 17575 , 78.40 , -46.6 , 1 , 24.82 , 12.537 , 1.599 , 82.00 , 175.13
3177 , 17625 , 77.82 , -46.8 , 1 , 24.79 , 12.460 , 1.601 , 82.75 , 174.39
3187 , 17675 , 77.23 , -47.1 , 1 , 24.76 , 12.462 , 1.614 , 83.49 , 173.65
3197 , 17725 , 76.65 , -47.3 , 1 , 24.73 , 12.387 , 1.616 , 84.24 , 172.90
3207 , 17773 , 76.09 , -47.4 , 1 , 24.70 , 12.415 , 1.632 , 84.95 , 172.19
3217 , 17825 , 75.49 , -47.2 , 1 , 24.67 , 12.400 , 1.642 , 85.72 , 171.42
3226 , 17870 , 74.98 , -46.3 , 1 , 24.64 , 12.423 , 1.657 , 86.39 , 170.75
3236 , 17915 , 74.48 , -46.1 , 1 , 24.61 , 12.464 , 1.674 , 87.05 , 170.09
3246 , 17965 , 73.92 , -46.0 , 1 , 24.58 , 12.440 , 1.683 , 87.78 , 169.35
3256 , 18017 , 73.34 , -46.2 , 1 , 24.55 , 12.446 , 1.697 , 88.56 , 168.58
3266 , 18068 , 72.78 , -46.6 , 1 , 24.52 , 12.388 , 1.702 , 89.30 , 167.83
3276 , 18114 , 72.28 , -46.9 , 1 , 24.48 , 12.374 , 1.712 , 89.99 , 167.15
3286 , 18161 , 71.76 , -47.0 , 1 , 24.46 , 12.342 , 1.720 , 90.68 , 166.45
3296 , 18207 , 71.26 , -47.5 , 1 , 24.42 , 12.235 , 1.717 , 91.36 , 165.78
3306 , 18254 , 70.77 , -47.9 , 1 , 24.39 , 12.128 , 1.714 , 92.03 , 165.11
3316 , 18303 , 70.24 , -48.3 , 1 , 24.36 , 12.095 , 1.722 , 92.75 , 164.39
3326 , 18351 , 69.72 , -48.6 , 1 , 24.32 , 12.080 , 1.733 , 93.45 , 163.69
3336 , 18401 , 69.20 , -48.5 , 1 , 24.29 , 12.047 , 1.741 , 94.16 , 162.97
3346 , 18451 , 68.67 , -48.8 , 1 , 24.26 , 11.959 , 1.741 , 94.89 , 162.25
3356 , 18499 , 68.17 , -47.9 , 1 , 24.23 , 11.941 , 1.752 , 95.59 , 161.55
3366 , 18548 , 67.68 , -47.6 , 1 , 24.20 , 12.015 , 1.775 , 96.27 , 160.86
3376 , 18595 , 67.19 , -46.9 , 1 , 24.17 , 12.201 , 1.816 , 96.96 , 160.18
3386 , 18653 , 66.61 , -47.0 , 1 , 24.14 , 12.361 , 1.856 , 97.81 , 159.33
3396 , 18712 , 66.01 , -47.3 , 1 , 24.10 , 12.338 , 1.869 , 98.68 , 158.45
3406 , 18768 , 65.46 , -47.8 , 1 , 24.07 , 12.219 , 1.867 , 99.50 , 157.64
3416 , 18820 , 64.94 , -47.5 , 1 , 24.04 , 12.260 , 1.888 , 100.26 , 156.87
3426 , 18872 , 64.43 , -47.6 , 1 , 24.01 , 12.237 , 1.899 , 101.03 , 156.11
3435 , 18919 , 63.97 , -47.8 , 1 , 23.98 , 12.218 , 1.910 , 101.72 , 155.42
3444 , 18964 , 63.54 , -48.3 , 1 , 23.95 , 12.196 , 1.919 , 102.37 , 154.77
3454 , 19012 , 63.08 , -48.1 , 1 , 23.92 , 12.204 , 1.935 , 103.07 , 154.07
3464 , 19065 , 62.57 , -47.3 , 1 , 23.89 , 12.318 , 1.969 , 103.85 , 153.29
3474 , 19119 , 62.07 , -47.4 , 1 , 23.86 , 12.444 , 2.005 , 104.64 , 152.49
3484 , 19173 , 61.56 , -47.5 , 1 , 23.83 , 12.364 , 2.008 , 105.44 , 151.70
3494 , 19224 , 61.09 , -47.3 , 1 , 23.80 , 12.325 , 2.017 , 106.19 , 150.95
3504 , 19275 , 60.62 , -47.4 , 1 , 23.76 , 12.297 , 2.028 , 106.94 , 150.20
3514 , 19325 , 60.16 , -47.5 , 1 , 23.73 , 12.295 , 2.044 , 107.69 , 149.45
3524 , 19376 , 59.70 , -47.9 , 1 , 23.70 , 12.296 , 2.060 , 108.43 , 148.71
3534 , 19425 , 59.25 , -47.9 , 1 , 23.67 , 12.261 , 2.069 , 109.16 , 147.98
3544 , 19478 , 58.78 , -47.9 , 1 , 23.64 , 12.217 , 2.078 , 109.92 , 147.22
3554 , 19532 , 58.30 , -47.7 , 1 , 23.60 , 12.216 , 2.095 , 110.72 , 146.42
3564 , 19585 , 57.84 , -47.3 , 1 , 23.57 , 12.247 , 2.118 , 111.49 , 145.65
3574 , 19640 , 57.36 , -47.4 , 1 , 23.54 , 12.247 , 2.135 , 112.29 , 144.85
3584 , 19699 , 56.85 , -47.4 , 1 , 23.51 , 12.287 , 2.161 , 113.15 , 143.99
3594 , 19754 , 56.38 , -47.5 , 1 , 23.48 , 12.329 , 2.187 , 113.96 , 143.18
3603 , 19805 , 55.94 , -47.4 , 1 , 23.45 , 12.411 , 2.219 , 114.73 , 142.41
3613 , 19857 , 55.51 , -47.1 , 1 , 23.42 , 12.541 , 2.259 , 115.49 , 141.64
3623 , 19914 , 55.02 , -46.6 , 1 , 23.38 , 12.654 , 2.300 , 116.36 , 140.78
3633 , 19973 , 54.54 , -46.6 , 1 , 23.35 , 12.710 , 2.330 , 117.24 , 139.90
3643 , 20032 , 54.06 , -46.9 , 1 , 23.32 , 12.674 , 2.344 , 118.13 , 139.01
3653 , 20087 , 53.61 , -46.9 , 1 , 23.29 , 12.658 , 2.361 , 118.96 , 138.17
3663 , 20140 , 53.19 , -45.0 , 1 , 23.26 , 12.766 , 2.400 , 119.76 , 137.38
3673 , 20189 , 52.79 , -44.5 , 1 , 23.23 , 12.931 , 2.449 , 120.51 , 136.63
3683 , 20241 , 52.38 , -44.7 , 1 , 23.20 , 13.000 , 2.482 , 121.31 , 135.83
3693 , 20291 , 52.00 , -44.3 , 1 , 23.17 , 13.069 , 2.513 , 122.06 , 135.07
3703 , 20335 , 51.65 , -44.7 , 1 , 23.14 , 13.029 , 2.522 , 122.75 , 134.39
3713 , 20385 , 51.27 , -44.9 , 1 , 23.11 , 13.083 , 2.552 , 123.52 , 133.62
3723 , 20434 , 50.90 , -44.9 , 1 , 23.08 , 13.000 , 2.554 , 124.27 , 132.87
3733 , 20482 , 50.53 , -45.3 , 1 , 23.05 , 12.912 , 2.555 , 125.01 , 132.13
3743 , 20531 , 50.16 , -45.6 , 1 , 23.02 , 12.806 , 2.553 , 125.76 , 131.38
3753 , 20583 , 49.77 , -45.8 , 1 , 23.00 , 12.702 , 2.552 , 126.55 , 130.59
3763 , 20632 , 49.41 , -45.9 , 1 , 22.96 , 12.631 , 2.556 , 127.27 , 129.87
3772 , 20682 , 49.04 , -46.3 , 1 , 22.94 , 12.517 , 2.553 , 128.03 , 129.11
3782 , 20732 , 48.67 , -46.5 , 1 , 22.91 , 12.482 , 2.564 , 128.76 , 128.38
3792 , 20783 , 48.30 , -47.1 , 1 , 22.88 , 12.367 , 2.561 , 129.52 , 127.62
3802 , 20833 , 47.94 , -47.5 , 1 , 22.85 , 12.263 , 2.558 , 130.25 , 126.89
3812 , 20884 , 47.56 , -48.0 , 1 , 22.82 , 12.209 , 2.567 , 131.00 , 126.13
3822 , 20937 , 47.18 , -48.2 , 1 , 22.79 , 12.115 , 2.568 , 131.78 , 125.36
3832 , 20989 , 46.81 , -48.1 , 1 , 22.76 , 12.034 , 2.571 , 132.53 , 124.61
3842 , 21042 , 46.44 , -47.8 , 1 , 22.73 , 11.968 , 2.577 , 133.28 , 123.85
3852 , 21093 , 46.08 , -47.2 , 1 , 22.70 , 12.017 , 2.608 , 134.02 , 123.12
3862 , 21143 , 45.74 , -46.2 , 1 , 22.67 , 11.828 , 2.586 , 134.72 , 122.41
3872 , 21194 , 45.39 , -46.3 , 1 , 22.64 , 11.385 , 2.508 , 135.43 , 121.71
3882 , 21245 , 45.04 , -46.7 , 1 , 22.61 , 11.048 , 2.453 , 136.11 , 121.03
3892 , 21298 , 44.68 , -47.1 , 1 , 22.58 , 10.856 , 2.430 , 136.80 , 120.33
3902 , 21353 , 44.31 , -47.1 , 1 , 22.55 , 10.634 , 2.400 , 137.50 , 119.63
3912 , 21405 , 43.96 , -46.3 , 1 , 22.52 , 10.409 , 2.368 , 138.16 , 118.98
3922 , 21455 , 43.63 , -46.1 , 1 , 22.49 , 10.361 , 2.375 , 138.78 , 118.36
3932 , 21506 , 43.30 , -45.5 , 1 , 22.46 , 10.340 , 2.388 , 139.40 , 117.73
3941 , 21554 , 42.99 , -45.5 , 1 , 22.44 , 10.262 , 2.387 , 139.99 , 117.15
3952 , 21605 , 42.66 , -45.1 , 1 , 22.40 , 10.178 , 2.386 , 140.60 , 116.54
3962 , 21653 , 42.35 , -44.4 , 1 , 22.37 , 10.070 , 2.378 , 141.18 , 115.95
3972 , 21704 , 42.04 , -44.2 , 1 , 22.35 , 9.894 , 2.354 , 141.77 , 115.36
3982 , 21755 , 41.71 , -44.1 , 1 , 22.32 , 9.823 , 2.355 , 142.37 , 114.77
3992 , 21805 , 41.41 , -44.4 , 1 , 22.29 , 9.817 , 2.371 , 142.95 , 114.19
4002 , 21854 , 41.10 , -43.9 , 1 , 22.26 , 9.876 , 2.403 , 143.52 , 113.62
4012 , 21905 , 40.79 , -44.2 , 1 , 22.23 , 10.038 , 2.461 , 144.11 , 113.03
4022 , 21957 , 40.48 , -44.7 , 1 , 22.20 , 10.097 , 2.495 , 144.73 , 112.41
4031 , 22010 , 40.15 , -44.8 , 1 , 22.17 , 9.992 , 2.488 , 145.37 , 111.77
4042 , 22065 , 39.82 , -45.4 , 1 , 22.15 , 9.992 , 2.509 , 146.01 , 111.12
4052 , 22119 , 39.50 , -45.7 , 1 , 22.12 , 9.911 , 2.509 , 146.65 , 110.49
4062 , 22168 , 39.21 , -45.9 , 1 , 22.09 , 9.947 , 2.537 , 147.23 , 109.91
4072 , 22224 , 38.89 , -45.9 , 1 , 22.06 , 9.844 , 2.532 , 147.88 , 109.26
4081 , 22274 , 38.59 , -46.2 , 1 , 22.04 , 9.786 , 2.536 , 148.47 , 108.67
4091 , 22326 , 38.29 , -46.3 , 1 , 22.01 , 9.715 , 2.537 , 149.07 , 108.07
4101 , 22379 , 37.99 , -46.2 , 1 , 21.98 , 9.687 , 2.550 , 149.68 , 107.46
4111 , 22432 , 37.69 , -46.4 , 1 , 21.96 , 9.572 , 2.540 , 150.29 , 106.85
4121 , 22487 , 37.38 , -46.1 , 1 , 21.93 , 9.538 , 2.552 , 150.91 , 106.23
4131 , 22542 , 37.07 , -46.1 , 1 , 21.90 , 9.411 , 2.539 , 151.53 , 105.61
4141 , 22599 , 36.75 , -46.4 , 1 , 21.87 , 9.228 , 2.511 , 152.16 , 104.98
4151 , 22652 , 36.46 , -45.9 , 1 , 21.84 , 9.156 , 2.511 , 152.73 , 104.40
4161 , 22706 , 36.17 , -46.2 , 1 , 21.82 , 9.060 , 2.505 , 153.32 , 103.82
4171 , 22764 , 35.85 , -46.4 , 1 , 21.79 , 8.938 , 2.493 , 153.94 , 103.20
4181 , 22816 , 35.57 , -46.6 , 1 , 21.76 , 8.838 , 2.485 , 154.49 , 102.65
4191 , 22871 , 35.28 , -46.6 , 1 , 21.73 , 8.811 , 2.498 , 155.07 , 102.07
4201 , 22927 , 34.98 , -46.3 , 1 , 21.71 , 8.784 , 2.511 , 155.65 , 101.48
4211 , 22983 , 34.68 , -46.3 , 1 , 21.68 , 8.603 , 2.480 , 156.24 , 100.90
4221 , 23037 , 34.40 , -46.4 , 1 , 21.65 , 8.529 , 2.479 , 156.78 , 100.35
4231 , 23092 , 34.12 , -46.7 , 1 , 21.63 , 8.462 , 2.480 , 157.34 , 99.80
4241 , 23145 , 33.85 , -46.5 , 1 , 21.60 , 8.429 , 2.490 , 157.87 , 99.27
4251 , 23202 , 33.56 , -46.4 , 1 , 21.57 , 8.472 , 2.524 , 158.44 , 98.69
4261 , 23262 , 33.26 , -46.9 , 1 , 21.54 , 8.395 , 2.524 , 159.04 , 98.10
4271 , 23317 , 32.98 , -47.3 , 1 , 21.52 , 8.366 , 2.536 , 159.59 , 97.54
4281 , 23372 , 32.71 , -47.5 , 1 , 21.49 , 8.330 , 2.547 , 160.15 , 96.99
4291 , 23432 , 32.41 , -48.0 , 1 , 21.46 , 8.282 , 2.555 , 160.74 , 96.40
4301 , 23488 , 32.14 , -48.8 , 1 , 21.44 , 8.290 , 2.579 , 161.30 , 95.84
4311 , 23542 , 31.87 , -48.5 , 1 , 21.41 , 8.193 , 2.570 , 161.84 , 95.30
4321 , 23594 , 31.62 , -48.4 , 1 , 21.39 , 8.142 , 2.575 , 162.34 , 94.80
4330 , 23641 , 31.40 , -47.8 , 1 , 21.36 , 8.136 , 2.591 , 162.80 , 94.33
4339 , 23688 , 31.17 , -47.0 , 1 , 21.34 , 8.083 , 2.593 , 163.26 , 93.88
4348 , 23733 , 30.97 , -46.6 , 1 , 21.31 , 7.996 , 2.582 , 163.69 , 93.45
4358 , 23781 , 30.74 , -46.5 , 1 , 21.29 , 7.957 , 2.588 , 164.14 , 93.00
4367 , 23829 , 30.52 , -46.6 , 1 , 21.27 , 7.905 , 2.590 , 164.59 , 92.55
4377 , 23878 , 30.30 , -46.5 , 1 , 21.24 , 7.833 , 2.586 , 165.05 , 92.08
4387 , 23930 , 30.06 , -45.9 , 1 , 21.21 , 7.782 , 2.589 , 165.53 , 91.61
4397 , 23983 , 29.82 , -45.7 , 1 , 21.19 , 7.688 , 2.578 , 166.02 , 91.12
4406 , 24033 , 29.60 , -45.4 , 1 , 21.16 , 7.679 , 2.594 , 166.47 , 90.67
4416 , 24080 , 29.39 , -45.5 , 1 , 21.14 , 7.558 , 2.572 , 166.90 , 90.24
4426 , 24132 , 29.16 , -45.8 , 1 , 21.11 , 7.469 , 2.561 , 167.36 , 89.77
4436 , 24182 , 28.94 , -45.2 , 1 , 21.09 , 7.374 , 2.548 , 167.81 , 89.33
4446 , 24235 , 28.71 , -45.2 , 1 , 21.06 , 7.388 , 2.573 , 168.27 , 88.87
4456 , 24286 , 28.50 , -45.3 , 1 , 21.03 , 7.295 , 2.560 , 168.71 , 88.43
4465 , 24334 , 28.29 , -45.0 , 1 , 21.01 , 7.260 , 2.566 , 169.12 , 88.01
4475 , 24385 , 28.08 , -44.6 , 1 , 20.98 , 7.299 , 2.600 , 169.56 , 87.58
4485 , 24437 , 27.86 , -44.8 , 1 , 20.96 , 7.285 , 2.615 , 170.01 , 87.13
4495 , 24490 , 27.64 , -44.3 , 1 , 20.93 , 7.232 , 2.616 , 170.46 , 86.68
4505 , 24539 , 27.44 , -44.3 , 1 , 20.90 , 7.242 , 2.639 , 170.88 , 86.26
4515 , 24592 , 27.22 , -44.5 , 1 , 20.88 , 7.174 , 2.636 , 171.33 , 85.81
4524 , 24641 , 27.02 , -44.6 , 1 , 20.85 , 7.087 , 2.622 , 171.74 , 85.40
4534 , 24693 , 26.81 , -44.5 , 1 , 20.82 , 6.999 , 2.610 , 172.18 , 84.96
4545 , 24746 , 26.60 , -44.8 , 1 , 20.80 , 6.993 , 2.629 , 172.61 , 84.53
4555 , 24797 , 26.40 , -44.6 , 1 , 20.77 , 6.903 , 2.615 , 173.03 , 84.11
4565 , 24847 , 26.21 , -44.8 , 1 , 20.75 , 6.838 , 2.609 , 173.43 , 83.71
4575 , 24903 , 25.98 , -44.9 , 1 , 20.72 , 6.744 , 2.596 , 173.89 , 83.25
4585 , 24957 , 25.78 , -44.9 , 1 , 20.69 , 6.638 , 2.575 , 174.31 , 82.83
4595 , 25012 , 25.57 , -44.8 , 1 , 20.66 , 6.598 , 2.581 , 174.74 , 82.40
4605 , 25059 , 25.39 , -45.2 , 1 , 20.64 , 6.514 , 2.566 , 175.11 , 82.03
4615 , 25115 , 25.17 , -45.4 , 1 , 20.61 , 6.496 , 2.580 , 175.54 , 81.60
4624 , 25165 , 24.99 , -45.1 , 1 , 20.59 , 6.477 , 2.592 , 175.92 , 81.22
4634 , 25219 , 24.78 , -44.5 , 1 , 20.56 , 6.455 , 2.604 , 176.33 , 80.81
4643 , 25270 , 24.59 , -44.8 , 1 , 20.54 , 6.434 , 2.616 , 176.72 , 80.42
4653 , 25324 , 24.40 , -44.5 , 1 , 20.51 , 6.339 , 2.598 , 177.12 , 80.02
4662 , 25381 , 24.19 , -44.1 , 1 , 20.48 , 6.214 , 2.569 , 177.55 , 79.59
4673 , 25441 , 23.98 , -44.7 , 1 , 20.46 , 6.157 , 2.568 , 177.99 , 79.15
4683 , 25502 , 23.76 , -44.2 , 1 , 20.43 , 6.117 , 2.574 , 178.43 , 78.71
4693 , 25561 , 23.55 , -44.5 , 1 , 20.41 , 6.107 , 2.593 , 178.85 , 78.29
4702 , 25620 , 23.34 , -44.8 , 1 , 20.38 , 6.079 , 2.604 , 179.28 , 77.86
4712 , 25679 , 23.14 , -44.4 , 1 , 20.36 , 6.074 , 2.625 , 179.70 , 77.44
4721 , 25737 , 22.94 , -44.4 , 1 , 20.34 , 6.037 , 2.632 , 180.11 , 77.03
4731 , 25796 , 22.74 , -44.2 , 1 , 20.31 , 5.965 , 2.624 , 180.53 , 76.61
4741 , 25852 , 22.55 , -44.3 , 1 , 20.28 , 5.986 , 2.655 , 180.92 , 76.21
4751 , 25913 , 22.34 , -44.6 , 1 , 20.26 , 5.951 , 2.663 , 181.35 , 75.79
4760 , 25968 , 22.16 , -44.7 , 1 , 20.23 , 5.914 , 2.669 , 181.74 , 75.40
4770 , 26020 , 21.99 , -44.3 , 1 , 20.21 , 5.820 , 2.647 , 182.10 , 75.04
4781 , 26075 , 21.81 , -44.8 , 1 , 20.18 , 5.771 , 2.646 , 182.48 , 74.66
4791 , 26126 , 21.64 , -44.6 , 1 , 20.16 , 5.767 , 2.665 , 182.82 , 74.32
4801 , 26179 , 21.47 , -44.7 , 1 , 20.13 , 5.728 , 2.667 , 183.18 , 73.96
4811 , 26230 , 21.31 , -44.2 , 1 , 20.11 , 5.705 , 2.677 , 183.52 , 73.62
4821 , 26278 , 21.16 , -43.8 , 1 , 20.08 , 5.732 , 2.709 , 183.84 , 73.29
4831 , 26327 , 21.00 , -43.7 , 1 , 20.06 , 5.719 , 2.723 , 184.18 , 72.96
4841 , 26374 , 20.86 , -43.7 , 1 , 20.03 , 5.694 , 2.730 , 184.49 , 72.65
4851 , 26427 , 20.69 , -43.7 , 1 , 20.01 , 5.662 , 2.736 , 184.84 , 72.29
4861 , 26479 , 20.53 , -43.0 , 1 , 19.98 , 5.661 , 2.757 , 185.19 , 71.94
4871 , 26536 , 20.36 , -42.4 , 1 , 19.96 , 5.659 , 2.779 , 185.57 , 71.57
4881 , 26587 , 20.21 , -42.6 , 1 , 19.94 , 5.638 , 2.790 , 185.90 , 71.24
4890 , 26643 , 20.04 , -42.3 , 1 , 19.91 , 5.615 , 2.802 , 186.27 , 70.87
4901 , 26696 , 19.88 , -42.7 , 1 , 19.89 , 5.619 , 2.826 , 186.62 , 70.52
4911 , 26751 , 19.72 , -42.4 , 1 , 19.87 , 5.608 , 2.844 , 186.99 , 70.15
4921 , 26811 , 19.55 , -42.2 , 1 , 19.84 , 5.635 , 2.883 , 187.38 , 69.76
4930 , 26867 , 19.39 , -41.7 , 1 , 19.82 , 5.677 , 2.928 , 187.75 , 69.39
4941 , 26932 , 19.20 , -41.1 , 1 , 19.80 , 5.732 , 2.985 , 188.17 , 68.96
4951 , 26993 , 19.03 , -41.1 , 1 , 19.78 , 5.758 , 3.026 , 188.58 , 68.55
4961 , 27056 , 18.86 , -40.8 , 1 , 19.75 , 5.769 , 3.059 , 189.00 , 68.13
4971 , 27121 , 18.67 , -40.7 , 1 , 19.73 , 5.758 , 3.083 , 189.44 , 67.69
4981 , 27187 , 18.50 , -41.2 , 1 , 19.71 , 5.770 , 3.119 , 189.88 , 67.26
4990 , 27250 , 18.32 , -41.5 , 1 , 19.68 , 5.775 , 3.152 , 190.31 , 66.83
4999 , 27307 , 18.17 , -40.8 , 1 , 19.66 , 5.741 , 3.159 , 190.69 , 66.45
5007 , 27362 , 18.02 , -41.8 , 1 , 19.65 , 5.724 , 3.176 , 191.06 , 66.08
5017 , 27432 , 17.84 , -41.9 , 1 , 19.63 , 5.700 , 3.195 , 191.52 , 65.62
5027 , 27493 , 17.68 , -42.5 , 1 , 19.60 , 5.695 , 3.222 , 191.93 , 65.21
5037 , 27561 , 17.50 , -42.8 , 1 , 19.58 , 5.668 , 3.239 , 192.38 , 64.76
5047 , 27627 , 17.33 , -41.9 , 1 , 19.56 , 5.687 , 3.281 , 192.82 , 64.32
5057 , 27691 , 17.17 , -41.7 , 1 , 19.54 , 5.713 , 3.328 , 193.24 , 63.90
5067 , 27753 , 17.01 , -41.4 , 1 , 19.52 , 5.748 , 3.379 , 193.65 , 63.48
5077 , 27813 , 16.86 , -41.5 , 1 , 19.50 , 5.717 , 3.390 , 194.06 , 63.08
5087 , 27871 , 16.72 , -41.4 , 1 , 19.47 , 5.763 , 3.447 , 194.44 , 62.70
5097 , 27934 , 16.56 , -41.1 , 1 , 19.45 , 5.787 , 3.494 , 194.87 , 62.27
5107 , 27991 , 16.43 , -40.6 , 1 , 19.43 , 5.811 , 3.538 , 195.25 , 61.89
5117 , 28049 , 16.29 , -40.5 , 1 , 19.41 , 5.863 , 3.600 , 195.64 , 61.50
5127 , 28105 , 16.15 , -40.1 , 1 , 19.39 , 5.878 , 3.639 , 196.02 , 61.11
5137 , 28156 , 16.03 , -40.1 , 1 , 19.36 , 5.915 , 3.689 , 196.37 , 60.77
5147 , 28206 , 15.92 , -39.9 , 1 , 19.34 , 5.929 , 3.725 , 196.71 , 60.42
5157 , 28260 , 15.79 , -39.7 , 1 , 19.32 , 5.938 , 3.760 , 197.08 , 60.06
5167 , 28312 , 15.67 , -39.8 , 1 , 19.30 , 5.930 , 3.784 , 197.44 , 59.70
5177 , 28364 , 15.55 , -39.6 , 1 , 19.28 , 5.917 , 3.805 , 197.80 , 59.34
5187 , 28415 , 15.44 , -39.6 , 1 , 19.26 , 5.941 , 3.848 , 198.14 , 59.00
5197 , 28471 , 15.31 , -39.4 , 1 , 19.24 , 5.888 , 3.846 , 198.53 , 58.61
5206 , 28521 , 15.20 , -39.3 , 1 , 19.22 , 5.847 , 3.847 , 198.87 , 58.27
5217 , 28573 , 15.08 , -39.3 , 1 , 19.19 , 5.803 , 3.847 , 199.22 , 57.92
5226 , 28628 , 14.96 , -39.5 , 1 , 19.18 , 5.803 , 3.878 , 199.58 , 57.56
5236 , 28692 , 14.82 , -39.5 , 1 , 19.15 , 5.776 , 3.897 , 200.01 , 57.13
5245 , 28748 , 14.70 , -39.0 , 1 , 19.13 , 5.717 , 3.888 , 200.38 , 56.76
5256 , 28810 , 14.57 , -38.8 , 1 , 19.11 , 5.665 , 3.888 , 200.79 , 56.35
5265 , 28870 , 14.44 , -39.0 , 1 , 19.09 , 5.644 , 3.907 , 201.18 , 55.96
5275 , 28934 , 14.31 , -38.9 , 1 , 19.07 , 5.607 , 3.918 , 201.59 , 55.55
5285 , 28993 , 14.19 , -39.7 , 1 , 19.05 , 5.567 , 3.924 , 201.97 , 55.16
5295 , 29058 , 14.05 , -39.3 , 1 , 19.03 , 5.572 , 3.965 , 202.39 , 54.75
5305 , 29122 , 13.92 , -38.3 , 1 , 19.01 , 5.585 , 4.011 , 202.80 , 54.34
5315 , 29189 , 13.79 , -38.4 , 1 , 18.98 , 5.558 , 4.031 , 203.23 , 53.91
5325 , 29251 , 13.66 , -38.3 , 1 , 18.97 , 5.557 , 4.067 , 203.62 , 53.51
5334 , 29303 , 13.56 , -38.6 , 1 , 18.95 , 5.530 , 4.078 , 203.96 , 53.18
5343 , 29363 , 13.44 , -38.2 , 1 , 18.92 , 5.560 , 4.136 , 204.34 , 52.80
5353 , 29423 , 13.33 , -38.7 , 1 , 18.91 , 5.545 , 4.161 , 204.72 , 52.42
5362 , 29479 , 13.22 , -38.5 , 1 , 18.89 , 5.479 , 4.145 , 205.07 , 52.07
5371 , 29533 , 13.12 , -39.0 , 1 , 18.86 , 5.476 , 4.176 , 205.41 , 51.73
5382 , 29588 , 13.01 , -38.1 , 1 , 18.84 , 5.446 , 4.186 , 205.76 , 51.38
5392 , 29642 , 12.91 , -37.9 , 1 , 18.82 , 5.443 , 4.216 , 206.10 , 51.04
5402 , 29694 , 12.81 , -38.4 , 1 , 18.80 , 5.464 , 4.265 , 206.42 , 50.72
5412 , 29740 , 12.73 , -37.7 , 1 , 18.78 , 5.464 , 4.294 , 206.71 , 50.43
5421 , 29789 , 12.64 , -37.1 , 1 , 18.76 , 5.496 , 4.350 , 207.02 , 50.12
5431 , 29838 , 12.55 , -36.5 , 1 , 18.74 , 5.578 , 4.446 , 207.33 , 49.81
5441 , 29889 , 12.45 , -36.4 , 1 , 18.72 , 5.630 , 4.521 , 207.65 , 49.48
5451 , 29948 , 12.35 , -35.6 , 1 , 18.70 , 5.683 , 4.602 , 208.03 , 49.11
5461 , 29998 , 12.26 , -35.4 , 1 , 18.68 , 5.692 , 4.643 , 208.35 , 48.78
5471 , 30055 , 12.16 , -34.7 , 1 , 18.66 , 5.670 , 4.663 , 208.72 , 48.42
5481 , 30119 , 12.05 , -34.6 , 1 , 18.63 , 5.625 , 4.668 , 209.13 , 48.01
5491 , 30185 , 11.94 , -33.6 , 1 , 18.61 , 5.575 , 4.671 , 209.55 , 47.59
5501 , 30245 , 11.84 , -33.3 , 1 , 18.59 , 5.534 , 4.676 , 209.92 , 47.22
5511 , 30305 , 11.73 , -33.1 , 1 , 18.57 , 5.554 , 4.734 , 210.30 , 46.84
5521 , 30377 , 11.61 , -33.3 , 1 , 18.55 , 5.543 , 4.773 , 210.74 , 46.40
5530 , 30432 , 11.52 , -33.3 , 1 , 18.53 , 5.546 , 4.812 , 211.08 , 46.05
5541 , 30494 , 11.42 , -33.4 , 1 , 18.51 , 5.504 , 4.818 , 211.47 , 45.67
5550 , 30556 , 11.32 , -33.6 , 1 , 18.49 , 5.503 , 4.861 , 211.85 , 45.28
5560 , 30622 , 11.22 , -34.0 , 1 , 18.47 , 5.469 , 4.876 , 212.27 , 44.87
5570 , 30681 , 11.12 , -34.6 , 1 , 18.45 , 5.451 , 4.901 , 212.63 , 44.51
5580 , 30735 , 11.04 , -34.1 , 1 , 18.42 , 5.415 , 4.907 , 212.96 , 44.18
5590 , 30793 , 10.94 , -34.7 , 1 , 18.40 , 5.386 , 4.921 , 213.31 , 43.83
5600 , 30859 , 10.84 , -34.6 , 1 , 18.38 , 5.340 , 4.925 , 213.71 , 43.43
5610 , 30924 , 10.74 , -33.8 , 1 , 18.36 , 5.290 , 4.925 , 214.10 , 43.03
5620 , 30980 , 10.66 , -33.8 , 1 , 18.33 , 5.241 , 4.919 , 214.43 , 42.70
5630 , 31040 , 10.57 , -33.7 , 1 , 18.31 , 5.197 , 4.918 , 214.78 , 42.35
5640 , 31102 , 10.47 , -33.1 , 1 , 18.29 , 5.126 , 4.895 , 215.15 , 41.99
5648 , 31146 , 10.41 , -33.0 , 1 , 18.27 , 5.078 , 4.880 , 215.40 , 41.74
5659 , 31198 , 10.33 , -33.4 , 1 , 18.25 , 5.070 , 4.908 , 215.69 , 41.44
5666 , 31236 , 10.28 , -33.1 , 1 , 18.23 , 5.033 , 4.898 , 215.91 , 41.23
5676 , 31291 , 10.19 , -33.0 , 1 , 18.22 , 4.980 , 4.885 , 216.22 , 40.92
5685 , 31334 , 10.13 , -33.0 , 1 , 18.19 , 4.956 , 4.891 , 216.46 , 40.68
5696 , 31378 , 10.07 , -33.0 , 1 , 18.17 , 4.940 , 4.906 , 216.70 , 40.44
5706 , 31431 , 9.99 , -32.3 , 1 , 18.15 , 4.892 , 4.896 , 217.00 , 40.14
5716 , 31480 , 9.92 , -31.7 , 1 , 18.13 , 4.891 , 4.929 , 217.26 , 39.88
5725 , 31528 , 9.86 , -31.3 , 1 , 18.11 , 4.862 , 4.932 , 217.53 , 39.61
5736 , 31579 , 9.79 , -31.6 , 1 , 18.08 , 4.849 , 4.955 , 217.80 , 39.34
5745 , 31620 , 9.73 , -32.3 , 1 , 18.06 , 4.806 , 4.939 , 218.02 , 39.11
5756 , 31678 , 9.65 , -32.4 , 1 , 18.04 , 4.740 , 4.912 , 218.33 , 38.81
5766 , 31732 , 9.58 , -32.6 , 1 , 18.02 , 4.703 , 4.912 , 218.62 , 38.52
5775 , 31787 , 9.50 , -32.2 , 1 , 18.00 , 4.678 , 4.923 , 218.91 , 38.23
5786 , 31838 , 9.43 , -31.9 , 1 , 17.97 , 4.641 , 4.920 , 219.17 , 37.96
5796 , 31896 , 9.36 , -32.2 , 1 , 17.95 , 4.620 , 4.938 , 219.47 , 37.66
5807 , 31959 , 9.27 , -32.3 , 1 , 17.93 , 4.553 , 4.909 , 219.79 , 37.35
5816 , 32006 , 9.21 , -32.9 , 1 , 17.90 , 4.516 , 4.902 , 220.03 , 37.11
5825 , 32055 , 9.15 , -32.8 , 1 , 17.89 , 4.483 , 4.901 , 220.28 , 36.86
5833 , 32108 , 9.08 , -32.8 , 1 , 17.86 , 4.447 , 4.898 , 220.55 , 36.59
5842 , 32160 , 9.01 , -33.4 , 1 , 17.84 , 4.390 , 4.871 , 220.80 , 36.33
5851 , 32212 , 8.94 , -33.5 , 1 , 17.83 , 4.343 , 4.855 , 221.06 , 36.08
5862 , 32271 , 8.87 , -33.4 , 1 , 17.80 , 4.277 , 4.822 , 221.34 , 35.79
5871 , 32315 , 8.81 , -33.2 , 1 , 17.78 , 4.222 , 4.789 , 221.56 , 35.58
5881 , 32380 , 8.73 , -33.6 , 1 , 17.76 , 4.200 , 4.808 , 221.86 , 35.28
5891 , 32436 , 8.66 , -33.0 , 1 , 17.73 , 4.192 , 4.838 , 222.13 , 35.01
5901 , 32485 , 8.60 , -32.4 , 1 , 17.71 , 4.194 , 4.875 , 222.36 , 34.78
5911 , 32538 , 8.54 , -31.4 , 1 , 17.69 , 4.179 , 4.894 , 222.61 , 34.53
5921 , 32583 , 8.49 , -31.4 , 1 , 17.67 , 4.176 , 4.921 , 222.82 , 34.32
5931 , 32635 , 8.42 , -31.0 , 1 , 17.64 , 4.166 , 4.945 , 223.06 , 34.08
5940 , 32686 , 8.36 , -30.5 , 1 , 17.62 , 4.152 , 4.964 , 223.29 , 33.85
5951 , 32737 , 8.30 , -29.6 , 0 , 17.60 , 4.298 , 5.176 , 223.53 , 33.60
5960 , 32775 , 8.26 , -29.7 , 1 , 17.58 , 4.401 , 5.328 , 223.71 , 33.42
5968 , 32817 , 8.21 , -30.4 , 1 , 17.56 , 4.310 , 5.249 , 223.92 , 33.22
5978 , 32856 , 8.17 , -30.3 , 1 , 17.53 , 4.244 , 5.197 , 224.10 , 33.04
5987 , 32905 , 8.11 , -29.8 , 1 , 17.51 , 4.166 , 5.137 , 224.33 , 32.81
5997 , 32951 , 8.06 , -29.7 , 1 , 17.49 , 4.139 , 5.137 , 224.54 , 32.59
6007 , 33002 , 8.00 , -29.5 , 1 , 17.47 , 4.100 , 5.125 , 224.78 , 32.36
