# ------------------------------------------------------------
#
# Flight name: V0811
# Station: Davis
# Launch Date: 25 February 2011
# Launch Time: 11:19:31
# 
# This file created: Mon Feb 28 17:40:46 2011
# 
# 
# ------------------------------------------------------------
# DATA COLUMNS
# Time (s)
# Height (m)
# Atmospheric Pressure (hPa)
# Atmospheric Temperature (°C)
# Relative Humidity (%)
# Box Temperature (°C)
# Ozone Partial Pressure (mPa)
# Ozone Mixing Ratio (ppmV)
# Accumulated Ozone to this Height (Dobson Units)
# Remaining Ozone above this Height (Dobson Units)
# 
# ------------------------------------------------------------
# 
# Integrated Ozone = 261.1 DU
# Extrapolated Ozone =  29.4 DU
# 
# Total Ozone = 290.5 DU
# 
# 
# ------------------------------------------------------------
0 , 18 , 974.43 , -8.9 , 48 , 34.50 , 1.976 , 0.020 , 0.00 , 290.46
10 , 61 , 968.95 , -9.4 , 50 , 34.50 , 2.054 , 0.021 , 0.09 , 290.37
20 , 113 , 962.40 , -9.8 , 52 , 34.53 , 1.919 , 0.020 , 0.20 , 290.26
30 , 164 , 956.11 , -10.3 , 54 , 34.54 , 1.843 , 0.019 , 0.29 , 290.16
40 , 220 , 949.22 , -10.9 , 56 , 34.55 , 1.770 , 0.019 , 0.40 , 290.06
50 , 276 , 942.33 , -11.4 , 57 , 34.50 , 1.730 , 0.018 , 0.50 , 289.96
60 , 330 , 935.61 , -11.9 , 59 , 34.40 , 1.761 , 0.019 , 0.60 , 289.86
70 , 390 , 928.33 , -12.5 , 62 , 34.31 , 1.757 , 0.019 , 0.70 , 289.75
80 , 450 , 921.08 , -13.1 , 65 , 34.23 , 1.732 , 0.019 , 0.81 , 289.65
90 , 505 , 914.42 , -13.6 , 66 , 34.16 , 1.738 , 0.019 , 0.91 , 289.55
100 , 560 , 907.82 , -14.2 , 66 , 34.09 , 1.716 , 0.019 , 1.01 , 289.45
110 , 619 , 900.79 , -14.8 , 69 , 34.01 , 1.683 , 0.019 , 1.11 , 289.34
120 , 670 , 894.68 , -15.3 , 71 , 33.95 , 1.688 , 0.019 , 1.20 , 289.25
130 , 719 , 888.90 , -15.8 , 74 , 33.87 , 1.675 , 0.019 , 1.29 , 289.17
140 , 772 , 882.66 , -16.3 , 75 , 33.78 , 1.663 , 0.019 , 1.38 , 289.07
150 , 819 , 877.20 , -16.7 , 76 , 33.70 , 1.652 , 0.019 , 1.46 , 288.99
160 , 866 , 871.71 , -17.2 , 79 , 33.64 , 1.655 , 0.019 , 1.55 , 288.91
169 , 916 , 865.95 , -17.7 , 82 , 33.60 , 1.642 , 0.019 , 1.63 , 288.83
179 , 957 , 861.13 , -18.1 , 85 , 33.56 , 1.649 , 0.019 , 1.71 , 288.75
189 , 1003 , 855.89 , -18.5 , 87 , 33.50 , 1.633 , 0.019 , 1.78 , 288.67
199 , 1050 , 850.49 , -19.0 , 89 , 33.43 , 1.632 , 0.019 , 1.87 , 288.59
209 , 1099 , 844.88 , -19.4 , 90 , 33.36 , 1.620 , 0.019 , 1.95 , 288.51
219 , 1161 , 837.88 , -20.0 , 94 , 33.28 , 1.598 , 0.019 , 2.06 , 288.40
229 , 1222 , 831.03 , -20.5 , 96 , 33.20 , 1.600 , 0.019 , 2.16 , 288.30
239 , 1279 , 824.62 , -21.0 , 96 , 33.12 , 1.588 , 0.019 , 2.26 , 288.20
249 , 1335 , 818.39 , -21.4 , 96 , 33.04 , 1.582 , 0.019 , 2.35 , 288.11
259 , 1396 , 811.62 , -21.9 , 96 , 32.97 , 1.592 , 0.020 , 2.46 , 288.00
269 , 1455 , 805.18 , -22.5 , 97 , 32.90 , 1.562 , 0.019 , 2.56 , 287.90
279 , 1500 , 800.28 , -22.9 , 98 , 32.83 , 1.559 , 0.019 , 2.63 , 287.83
289 , 1550 , 794.78 , -23.4 , 98 , 32.84 , 1.549 , 0.019 , 2.72 , 287.74
299 , 1598 , 789.63 , -23.7 , 98 , 32.78 , 1.539 , 0.019 , 2.79 , 287.66
308 , 1643 , 784.73 , -24.1 , 98 , 32.70 , 1.527 , 0.019 , 2.87 , 287.59
317 , 1683 , 780.42 , -24.5 , 97 , 32.65 , 1.527 , 0.020 , 2.94 , 287.52
326 , 1722 , 776.22 , -24.4 , 87 , 32.58 , 1.526 , 0.020 , 3.00 , 287.46
336 , 1765 , 771.74 , -23.9 , 77 , 32.52 , 1.535 , 0.020 , 3.07 , 287.39
345 , 1812 , 766.70 , -24.1 , 67 , 32.45 , 1.526 , 0.020 , 3.15 , 287.31
354 , 1858 , 761.90 , -24.2 , 64 , 32.42 , 1.565 , 0.021 , 3.23 , 287.23
365 , 1905 , 756.99 , -24.4 , 65 , 32.38 , 1.554 , 0.021 , 3.31 , 287.15
375 , 1948 , 752.58 , -24.5 , 63 , 32.34 , 1.545 , 0.021 , 3.38 , 287.08
385 , 1989 , 748.30 , -24.3 , 57 , 32.27 , 1.529 , 0.020 , 3.45 , 287.01
395 , 2036 , 743.58 , -24.0 , 49 , 32.23 , 1.525 , 0.021 , 3.52 , 286.93
405 , 2095 , 737.59 , -22.8 , 31 , 32.19 , 1.506 , 0.020 , 3.62 , 286.84
415 , 2139 , 733.12 , -22.9 , 30 , 32.13 , 1.526 , 0.021 , 3.69 , 286.77
425 , 2185 , 728.60 , -23.0 , 29 , 32.10 , 1.521 , 0.021 , 3.77 , 286.69
435 , 2228 , 724.25 , -22.8 , 28 , 32.13 , 1.493 , 0.021 , 3.84 , 286.62
445 , 2274 , 719.75 , -22.7 , 28 , 32.11 , 1.480 , 0.021 , 3.91 , 286.55
455 , 2342 , 713.16 , -22.1 , 25 , 32.07 , 1.453 , 0.020 , 4.02 , 286.44
465 , 2394 , 708.12 , -21.9 , 24 , 32.00 , 1.417 , 0.020 , 4.10 , 286.36
475 , 2437 , 703.96 , -21.6 , 24 , 31.98 , 1.404 , 0.020 , 4.16 , 286.29
485 , 2480 , 699.90 , -21.4 , 23 , 32.00 , 1.398 , 0.020 , 4.23 , 286.23
495 , 2522 , 695.89 , -21.0 , 22 , 32.02 , 1.388 , 0.020 , 4.29 , 286.17
505 , 2571 , 691.34 , -21.1 , 20 , 32.00 , 1.391 , 0.020 , 4.36 , 286.10
515 , 2614 , 687.24 , -21.4 , 20 , 31.93 , 1.388 , 0.020 , 4.43 , 286.03
525 , 2657 , 683.32 , -21.7 , 19 , 31.90 , 1.376 , 0.020 , 4.49 , 285.97
535 , 2695 , 679.78 , -21.9 , 19 , 31.90 , 1.348 , 0.020 , 4.55 , 285.91
545 , 2731 , 676.45 , -22.0 , 17 , 31.95 , 1.354 , 0.020 , 4.60 , 285.86
555 , 2770 , 672.83 , -21.8 , 15 , 31.98 , 1.345 , 0.020 , 4.66 , 285.80
565 , 2808 , 669.38 , -21.8 , 14 , 31.95 , 1.375 , 0.021 , 4.71 , 285.75
575 , 2847 , 665.87 , -21.7 , 12 , 31.96 , 1.426 , 0.021 , 4.77 , 285.69
585 , 2892 , 661.77 , -21.3 , 9 , 31.92 , 1.561 , 0.024 , 4.84 , 285.62
595 , 2944 , 657.12 , -21.3 , 10 , 31.81 , 1.707 , 0.026 , 4.93 , 285.53
605 , 2992 , 652.84 , -21.4 , 11 , 31.73 , 1.809 , 0.028 , 5.02 , 285.43
615 , 3038 , 648.81 , -21.4 , 12 , 31.68 , 1.858 , 0.029 , 5.11 , 285.34
624 , 3078 , 645.34 , -21.7 , 13 , 31.67 , 1.924 , 0.030 , 5.19 , 285.26
634 , 3132 , 640.57 , -22.0 , 14 , 31.68 , 1.959 , 0.031 , 5.31 , 285.15
644 , 3182 , 636.26 , -22.2 , 16 , 31.63 , 1.913 , 0.030 , 5.41 , 285.05
654 , 3236 , 631.57 , -22.6 , 17 , 31.58 , 1.818 , 0.029 , 5.52 , 284.94
664 , 3281 , 627.75 , -22.9 , 18 , 31.59 , 1.732 , 0.028 , 5.60 , 284.85
674 , 3326 , 623.85 , -23.3 , 19 , 31.62 , 1.684 , 0.027 , 5.69 , 284.77
684 , 3371 , 620.02 , -23.7 , 20 , 31.63 , 1.640 , 0.026 , 5.77 , 284.69
694 , 3417 , 616.13 , -24.1 , 20 , 31.62 , 1.617 , 0.026 , 5.85 , 284.61
704 , 3466 , 612.04 , -24.6 , 21 , 31.61 , 1.593 , 0.026 , 5.93 , 284.52
714 , 3519 , 607.58 , -24.9 , 21 , 31.59 , 1.572 , 0.026 , 6.03 , 284.43
724 , 3568 , 603.45 , -24.7 , 18 , 31.56 , 1.621 , 0.027 , 6.11 , 284.35
734 , 3617 , 599.44 , -24.5 , 14 , 31.54 , 1.700 , 0.028 , 6.20 , 284.26
744 , 3670 , 595.09 , -24.6 , 13 , 31.54 , 1.764 , 0.030 , 6.30 , 284.16
754 , 3721 , 590.95 , -24.8 , 13 , 31.51 , 1.824 , 0.031 , 6.40 , 284.06
764 , 3775 , 586.56 , -25.2 , 12 , 31.48 , 1.867 , 0.032 , 6.51 , 283.95
774 , 3825 , 582.52 , -25.3 , 11 , 31.44 , 1.891 , 0.032 , 6.61 , 283.85
784 , 3871 , 578.83 , -25.5 , 12 , 31.45 , 1.880 , 0.032 , 6.70 , 283.76
794 , 3919 , 575.00 , -25.7 , 9 , 31.48 , 1.849 , 0.032 , 6.80 , 283.66
804 , 3967 , 571.17 , -25.9 , 9 , 31.49 , 1.830 , 0.032 , 6.90 , 283.56
814 , 4014 , 567.51 , -26.1 , 10 , 31.48 , 1.882 , 0.033 , 6.99 , 283.47
824 , 4058 , 564.08 , -26.4 , 10 , 31.47 , 1.927 , 0.034 , 7.08 , 283.38
834 , 4103 , 560.54 , -26.6 , 11 , 31.47 , 1.950 , 0.035 , 7.18 , 283.28
844 , 4151 , 556.81 , -27.0 , 13 , 31.44 , 1.921 , 0.034 , 7.28 , 283.18
854 , 4197 , 553.28 , -27.4 , 20 , 31.42 , 1.867 , 0.034 , 7.38 , 283.08
864 , 4247 , 549.50 , -27.6 , 23 , 31.40 , 1.791 , 0.033 , 7.48 , 282.98
874 , 4298 , 545.57 , -27.7 , 23 , 31.35 , 1.712 , 0.031 , 7.57 , 282.88
884 , 4343 , 542.21 , -28.0 , 23 , 31.30 , 1.655 , 0.031 , 7.66 , 282.80
894 , 4386 , 538.92 , -28.2 , 21 , 31.29 , 1.637 , 0.030 , 7.74 , 282.72
904 , 4433 , 535.38 , -28.5 , 27 , 31.28 , 1.637 , 0.031 , 7.82 , 282.64
914 , 4488 , 531.29 , -28.9 , 30 , 31.25 , 1.628 , 0.031 , 7.92 , 282.54
924 , 4539 , 527.52 , -29.0 , 30 , 31.21 , 1.622 , 0.031 , 8.01 , 282.45
933 , 4582 , 524.38 , -29.3 , 30 , 31.20 , 1.633 , 0.031 , 8.09 , 282.37
943 , 4629 , 520.91 , -29.6 , 29 , 31.19 , 1.694 , 0.033 , 8.17 , 282.28
953 , 4677 , 517.44 , -29.6 , 21 , 31.17 , 1.812 , 0.035 , 8.27 , 282.19
963 , 4715 , 514.65 , -29.4 , 11 , 31.15 , 2.022 , 0.039 , 8.35 , 282.11
973 , 4758 , 511.57 , -29.4 , 10 , 31.13 , 2.133 , 0.042 , 8.45 , 282.01
983 , 4801 , 508.49 , -29.3 , 10 , 31.12 , 2.247 , 0.044 , 8.55 , 281.91
993 , 4845 , 505.36 , -29.6 , 9 , 31.11 , 2.241 , 0.044 , 8.66 , 281.80
1003 , 4893 , 502.03 , -29.9 , 9 , 31.08 , 2.153 , 0.043 , 8.78 , 281.68
1013 , 4937 , 498.91 , -30.2 , 9 , 31.06 , 2.003 , 0.040 , 8.88 , 281.58
1023 , 4980 , 495.87 , -30.4 , 9 , 31.05 , 1.818 , 0.037 , 8.97 , 281.49
1033 , 5033 , 492.19 , -30.9 , 10 , 31.02 , 1.675 , 0.034 , 9.07 , 281.39
1043 , 5087 , 488.44 , -31.2 , 11 , 30.99 , 1.524 , 0.031 , 9.17 , 281.29
1053 , 5129 , 485.56 , -31.4 , 13 , 30.96 , 1.413 , 0.029 , 9.24 , 281.22
1063 , 5174 , 482.51 , -31.9 , 14 , 30.94 , 1.346 , 0.028 , 9.31 , 281.15
1073 , 5222 , 479.24 , -32.1 , 14 , 30.91 , 1.321 , 0.028 , 9.38 , 281.08
1083 , 5271 , 475.90 , -32.4 , 12 , 30.88 , 1.281 , 0.027 , 9.45 , 281.01
1093 , 5318 , 472.72 , -32.9 , 12 , 30.85 , 1.270 , 0.027 , 9.52 , 280.94
1103 , 5365 , 469.61 , -33.2 , 12 , 30.84 , 1.280 , 0.027 , 9.58 , 280.87
1113 , 5413 , 466.40 , -33.7 , 12 , 30.80 , 1.266 , 0.027 , 9.65 , 280.81
1123 , 5471 , 462.53 , -34.1 , 13 , 30.75 , 1.258 , 0.027 , 9.74 , 280.72
1133 , 5520 , 459.29 , -34.6 , 13 , 30.72 , 1.253 , 0.027 , 9.81 , 280.65
1143 , 5569 , 456.09 , -35.0 , 13 , 30.70 , 1.234 , 0.027 , 9.87 , 280.58
1153 , 5618 , 452.93 , -35.4 , 13 , 30.68 , 1.211 , 0.027 , 9.94 , 280.52
1163 , 5668 , 449.65 , -35.8 , 14 , 30.65 , 1.208 , 0.027 , 10.01 , 280.45
1173 , 5719 , 446.39 , -36.3 , 15 , 30.62 , 1.207 , 0.027 , 10.08 , 280.38
1183 , 5767 , 443.25 , -36.8 , 16 , 30.60 , 1.199 , 0.027 , 10.15 , 280.31
1192 , 5811 , 440.50 , -37.2 , 16 , 30.57 , 1.196 , 0.027 , 10.21 , 280.25
1202 , 5857 , 437.55 , -37.6 , 17 , 30.55 , 1.185 , 0.027 , 10.27 , 280.19
1212 , 5910 , 434.18 , -38.0 , 18 , 30.51 , 1.169 , 0.027 , 10.34 , 280.12
1222 , 5958 , 431.17 , -38.4 , 17 , 30.48 , 1.186 , 0.028 , 10.40 , 280.05
1232 , 6004 , 428.26 , -38.8 , 17 , 30.45 , 1.181 , 0.028 , 10.47 , 279.99
1241 , 6051 , 425.38 , -39.2 , 17 , 30.41 , 1.150 , 0.027 , 10.53 , 279.93
1251 , 6098 , 422.45 , -39.6 , 18 , 30.37 , 1.145 , 0.027 , 10.59 , 279.87
1261 , 6150 , 419.25 , -40.0 , 19 , 30.33 , 1.133 , 0.027 , 10.66 , 279.80
1271 , 6195 , 416.49 , -40.3 , 20 , 30.29 , 1.161 , 0.028 , 10.72 , 279.74
1281 , 6249 , 413.20 , -40.8 , 21 , 30.26 , 1.223 , 0.030 , 10.80 , 279.66
1291 , 6302 , 409.97 , -41.1 , 23 , 30.23 , 1.374 , 0.034 , 10.88 , 279.58
1301 , 6352 , 406.98 , -41.3 , 26 , 30.19 , 1.517 , 0.037 , 10.96 , 279.50
1311 , 6407 , 403.69 , -41.7 , 29 , 30.14 , 1.626 , 0.040 , 11.06 , 279.40
1321 , 6461 , 400.48 , -42.2 , 32 , 30.11 , 1.661 , 0.041 , 11.16 , 279.29
1331 , 6516 , 397.21 , -42.5 , 33 , 30.05 , 1.629 , 0.041 , 11.27 , 279.19
1340 , 6565 , 394.35 , -42.7 , 32 , 30.02 , 1.567 , 0.040 , 11.36 , 279.10
1350 , 6610 , 391.73 , -43.2 , 31 , 29.99 , 1.526 , 0.039 , 11.44 , 279.02
1360 , 6658 , 388.96 , -43.5 , 31 , 29.97 , 1.553 , 0.040 , 11.53 , 278.93
1370 , 6707 , 386.11 , -43.7 , 30 , 29.96 , 1.544 , 0.040 , 11.62 , 278.84
1380 , 6753 , 383.50 , -44.0 , 31 , 29.93 , 1.445 , 0.038 , 11.70 , 278.76
1390 , 6809 , 380.31 , -44.5 , 31 , 29.90 , 1.377 , 0.036 , 11.79 , 278.67
1400 , 6858 , 377.50 , -44.9 , 30 , 29.85 , 1.336 , 0.035 , 11.87 , 278.59
1410 , 6909 , 374.64 , -45.4 , 31 , 29.82 , 1.297 , 0.035 , 11.95 , 278.51
1420 , 6967 , 371.39 , -45.9 , 34 , 29.78 , 1.225 , 0.033 , 12.04 , 278.42
1430 , 7024 , 368.20 , -46.3 , 34 , 29.76 , 1.128 , 0.031 , 12.12 , 278.34
1440 , 7082 , 364.99 , -46.8 , 34 , 29.73 , 1.074 , 0.029 , 12.19 , 278.27
1450 , 7137 , 361.99 , -47.1 , 36 , 29.69 , 1.049 , 0.029 , 12.26 , 278.20
1460 , 7186 , 359.34 , -47.4 , 36 , 29.65 , 1.064 , 0.030 , 12.32 , 278.13
1470 , 7240 , 356.41 , -47.7 , 36 , 29.62 , 1.157 , 0.032 , 12.40 , 278.06
1480 , 7293 , 353.55 , -47.9 , 36 , 29.58 , 1.262 , 0.036 , 12.47 , 277.99
1490 , 7356 , 350.21 , -48.4 , 38 , 29.55 , 1.149 , 0.033 , 12.56 , 277.90
1500 , 7408 , 347.44 , -48.8 , 39 , 29.51 , 1.028 , 0.030 , 12.63 , 277.83
1510 , 7463 , 344.54 , -49.1 , 39 , 29.47 , 0.944 , 0.027 , 12.70 , 277.76
1520 , 7516 , 341.75 , -49.6 , 39 , 29.44 , 0.900 , 0.026 , 12.75 , 277.70
1530 , 7577 , 338.59 , -49.9 , 40 , 29.41 , 0.872 , 0.026 , 12.82 , 277.64
1540 , 7634 , 335.66 , -50.4 , 40 , 29.36 , 0.843 , 0.025 , 12.88 , 277.58
1550 , 7691 , 332.71 , -50.9 , 40 , 29.32 , 0.805 , 0.024 , 12.94 , 277.52
1559 , 7742 , 330.13 , -51.2 , 42 , 29.29 , 0.809 , 0.025 , 12.99 , 277.47
1569 , 7799 , 327.24 , -51.6 , 43 , 29.26 , 0.783 , 0.024 , 13.04 , 277.42
1579 , 7844 , 324.94 , -51.9 , 44 , 29.22 , 0.801 , 0.025 , 13.09 , 277.37
1589 , 7895 , 322.39 , -52.4 , 45 , 29.18 , 0.821 , 0.025 , 13.14 , 277.32
1599 , 7943 , 320.03 , -52.7 , 49 , 29.14 , 0.823 , 0.026 , 13.18 , 277.27
1609 , 7990 , 317.68 , -53.1 , 51 , 29.10 , 0.834 , 0.026 , 13.23 , 277.23
1619 , 8041 , 315.18 , -53.5 , 52 , 29.05 , 0.880 , 0.028 , 13.28 , 277.17
1629 , 8095 , 312.55 , -53.8 , 54 , 29.01 , 0.921 , 0.029 , 13.34 , 277.11
1639 , 8142 , 310.26 , -53.8 , 55 , 28.97 , 0.987 , 0.032 , 13.40 , 277.06
1649 , 8188 , 308.03 , -54.1 , 56 , 28.93 , 1.029 , 0.033 , 13.46 , 277.00
1659 , 8236 , 305.77 , -54.2 , 55 , 28.89 , 1.040 , 0.034 , 13.52 , 276.94
1669 , 8283 , 303.51 , -54.3 , 53 , 28.85 , 1.043 , 0.034 , 13.58 , 276.88
1679 , 8332 , 301.22 , -54.6 , 51 , 28.81 , 1.071 , 0.036 , 13.64 , 276.82
1689 , 8385 , 298.71 , -54.9 , 49 , 28.77 , 1.104 , 0.037 , 13.71 , 276.74
1699 , 8432 , 296.52 , -54.9 , 48 , 28.74 , 1.173 , 0.040 , 13.78 , 276.68
1709 , 8477 , 294.46 , -54.9 , 47 , 28.69 , 1.296 , 0.044 , 13.85 , 276.61
1719 , 8526 , 292.18 , -54.6 , 46 , 28.65 , 1.324 , 0.045 , 13.93 , 276.53
1729 , 8580 , 289.72 , -54.7 , 45 , 28.60 , 1.313 , 0.045 , 14.02 , 276.44
1740 , 8643 , 286.93 , -53.3 , 40 , 28.55 , 1.665 , 0.058 , 14.13 , 276.33
1749 , 8690 , 284.85 , -51.6 , 31 , 28.52 , 2.449 , 0.086 , 14.25 , 276.21
1759 , 8751 , 282.17 , -49.8 , 18 , 28.46 , 3.885 , 0.138 , 14.48 , 275.97
1769 , 8797 , 280.19 , -49.5 , 10 , 28.42 , 4.931 , 0.176 , 14.73 , 275.73
1779 , 8849 , 277.97 , -49.3 , 6 , 28.38 , 5.445 , 0.196 , 15.05 , 275.40
1789 , 8899 , 275.89 , -49.2 , 4 , 28.34 , 5.802 , 0.210 , 15.39 , 275.07
1799 , 8948 , 273.81 , -49.0 , 3 , 28.29 , 5.989 , 0.219 , 15.74 , 274.72
1809 , 8986 , 272.24 , -48.9 , 3 , 28.25 , 6.134 , 0.225 , 16.01 , 274.44
1819 , 9026 , 270.60 , -48.5 , 2 , 28.21 , 6.221 , 0.230 , 16.31 , 274.15
1829 , 9064 , 269.02 , -47.6 , 2 , 28.17 , 6.262 , 0.233 , 16.60 , 273.86
1838 , 9102 , 267.48 , -47.2 , 2 , 28.13 , 6.251 , 0.234 , 16.88 , 273.58
1848 , 9149 , 265.61 , -46.9 , 1 , 28.10 , 6.245 , 0.235 , 17.23 , 273.23
1858 , 9193 , 263.82 , -46.3 , 1 , 28.06 , 6.278 , 0.238 , 17.56 , 272.90
1868 , 9235 , 262.19 , -45.9 , 1 , 28.01 , 6.251 , 0.238 , 17.87 , 272.59
1877 , 9275 , 260.61 , -45.7 , 1 , 27.97 , 6.295 , 0.242 , 18.17 , 272.29
1886 , 9311 , 259.19 , -45.7 , 1 , 27.93 , 6.313 , 0.244 , 18.44 , 272.02
1896 , 9353 , 257.57 , -45.8 , 1 , 27.90 , 6.260 , 0.243 , 18.75 , 271.71
1906 , 9398 , 255.84 , -45.8 , 1 , 27.86 , 6.197 , 0.242 , 19.08 , 271.38
1916 , 9441 , 254.18 , -45.8 , 1 , 27.82 , 6.068 , 0.239 , 19.40 , 271.06
1926 , 9482 , 252.62 , -45.8 , 1 , 27.78 , 5.901 , 0.234 , 19.69 , 270.77
1936 , 9524 , 251.03 , -45.6 , 1 , 27.74 , 6.002 , 0.239 , 19.98 , 270.47
1946 , 9568 , 249.40 , -45.3 , 1 , 27.71 , 6.014 , 0.241 , 20.29 , 270.17
1956 , 9608 , 247.88 , -45.1 , 1 , 27.67 , 5.836 , 0.235 , 20.58 , 269.88
1966 , 9650 , 246.34 , -44.8 , 1 , 27.63 , 5.596 , 0.227 , 20.86 , 269.60
1976 , 9692 , 244.80 , -44.8 , 1 , 27.59 , 5.499 , 0.225 , 21.13 , 269.32
1986 , 9731 , 243.36 , -44.8 , 1 , 27.55 , 5.579 , 0.229 , 21.39 , 269.07
1996 , 9771 , 241.93 , -44.9 , 1 , 27.51 , 5.883 , 0.243 , 21.66 , 268.80
2006 , 9810 , 240.50 , -44.7 , 1 , 27.48 , 6.101 , 0.254 , 21.94 , 268.52
2016 , 9853 , 238.97 , -44.2 , 1 , 27.44 , 6.151 , 0.257 , 22.25 , 268.21
2026 , 9894 , 237.53 , -44.0 , 1 , 27.41 , 6.192 , 0.261 , 22.54 , 267.92
2036 , 9934 , 236.10 , -44.2 , 1 , 27.37 , 6.199 , 0.263 , 22.84 , 267.62
2046 , 9983 , 234.37 , -44.2 , 1 , 27.33 , 6.221 , 0.265 , 23.20 , 267.26
2056 , 10035 , 232.57 , -44.3 , 1 , 27.30 , 6.169 , 0.265 , 23.58 , 266.88
2066 , 10082 , 230.92 , -44.4 , 0 , 27.27 , 6.186 , 0.268 , 23.92 , 266.54
2076 , 10136 , 229.09 , -44.8 , 0 , 27.23 , 6.156 , 0.269 , 24.31 , 266.15
2086 , 10179 , 227.62 , -44.7 , 0 , 27.19 , 6.007 , 0.264 , 24.62 , 265.84
2096 , 10217 , 226.33 , -44.4 , 0 , 27.16 , 5.702 , 0.252 , 24.88 , 265.58
2106 , 10256 , 225.02 , -44.2 , 1 , 27.12 , 5.481 , 0.244 , 25.14 , 265.32
2116 , 10295 , 223.69 , -43.9 , 1 , 27.08 , 5.388 , 0.241 , 25.39 , 265.07
2126 , 10334 , 222.40 , -43.9 , 1 , 27.06 , 5.363 , 0.241 , 25.64 , 264.82
2136 , 10376 , 221.01 , -44.0 , 1 , 27.02 , 5.314 , 0.240 , 25.90 , 264.56
2146 , 10418 , 219.65 , -44.1 , 1 , 26.99 , 5.341 , 0.243 , 26.16 , 264.30
2156 , 10457 , 218.37 , -44.1 , 1 , 26.96 , 5.399 , 0.247 , 26.41 , 264.05
2166 , 10500 , 216.96 , -44.0 , 1 , 26.92 , 5.207 , 0.240 , 26.68 , 263.78
2176 , 10543 , 215.58 , -43.9 , 1 , 26.88 , 5.178 , 0.240 , 26.94 , 263.52
2185 , 10581 , 214.38 , -43.8 , 1 , 26.85 , 5.110 , 0.238 , 27.17 , 263.29
2195 , 10621 , 213.10 , -43.8 , 0 , 26.82 , 5.114 , 0.240 , 27.41 , 263.05
2205 , 10663 , 211.76 , -43.8 , 0 , 26.79 , 5.183 , 0.245 , 27.66 , 262.79
2215 , 10705 , 210.44 , -43.9 , 1 , 26.76 , 5.512 , 0.262 , 27.93 , 262.53
2225 , 10748 , 209.10 , -43.8 , 0 , 26.72 , 5.710 , 0.273 , 28.21 , 262.25
2235 , 10792 , 207.74 , -43.7 , 0 , 26.69 , 5.748 , 0.277 , 28.51 , 261.95
2245 , 10834 , 206.45 , -43.7 , 0 , 26.65 , 5.894 , 0.286 , 28.79 , 261.67
2255 , 10874 , 205.23 , -43.8 , 0 , 26.62 , 6.082 , 0.296 , 29.07 , 261.38
2265 , 10914 , 204.00 , -43.9 , 0 , 26.59 , 6.133 , 0.301 , 29.36 , 261.10
2275 , 10953 , 202.82 , -43.7 , 0 , 26.55 , 6.129 , 0.302 , 29.64 , 260.81
2285 , 10993 , 201.60 , -43.4 , 0 , 26.52 , 6.235 , 0.309 , 29.94 , 260.52
2295 , 11036 , 200.33 , -43.3 , 0 , 26.49 , 6.308 , 0.315 , 30.25 , 260.21
2305 , 11079 , 199.06 , -42.9 , 0 , 26.46 , 6.366 , 0.320 , 30.57 , 259.89
2315 , 11119 , 197.88 , -42.8 , 0 , 26.43 , 6.393 , 0.323 , 30.87 , 259.59
2325 , 11159 , 196.69 , -42.6 , 0 , 26.40 , 6.356 , 0.323 , 31.17 , 259.29
2335 , 11201 , 195.49 , -42.5 , 0 , 26.37 , 6.364 , 0.326 , 31.48 , 258.98
2345 , 11242 , 194.30 , -42.6 , 0 , 26.34 , 6.416 , 0.330 , 31.79 , 258.67
2355 , 11282 , 193.16 , -42.9 , 0 , 26.31 , 6.390 , 0.331 , 32.08 , 258.37
2365 , 11322 , 192.01 , -42.8 , 0 , 26.28 , 6.378 , 0.332 , 32.39 , 258.07
2375 , 11364 , 190.82 , -42.8 , 0 , 26.25 , 6.448 , 0.338 , 32.70 , 257.76
2385 , 11406 , 189.63 , -43.0 , 0 , 26.21 , 6.460 , 0.341 , 33.02 , 257.44
2395 , 11448 , 188.44 , -42.9 , 0 , 26.18 , 6.364 , 0.338 , 33.34 , 257.12
2405 , 11490 , 187.28 , -42.8 , 0 , 26.16 , 5.937 , 0.317 , 33.64 , 256.82
2415 , 11532 , 186.13 , -42.7 , 0 , 26.13 , 5.611 , 0.301 , 33.92 , 256.54
2425 , 11572 , 185.01 , -42.7 , 0 , 26.10 , 5.556 , 0.300 , 34.18 , 256.28
2435 , 11611 , 183.94 , -42.4 , 0 , 26.07 , 5.684 , 0.309 , 34.44 , 256.02
2445 , 11651 , 182.87 , -42.2 , 0 , 26.04 , 5.876 , 0.321 , 34.71 , 255.75
2455 , 11692 , 181.77 , -42.3 , 0 , 26.01 , 5.793 , 0.319 , 34.99 , 255.47
2465 , 11731 , 180.71 , -42.5 , 0 , 25.98 , 5.636 , 0.312 , 35.25 , 255.21
2475 , 11772 , 179.62 , -42.4 , 0 , 25.95 , 5.512 , 0.307 , 35.52 , 254.94
2484 , 11810 , 178.61 , -42.5 , 0 , 25.92 , 5.324 , 0.298 , 35.75 , 254.70
2493 , 11847 , 177.63 , -42.6 , 0 , 25.90 , 5.221 , 0.294 , 35.98 , 254.47
2503 , 11886 , 176.60 , -42.5 , 0 , 25.87 , 5.310 , 0.301 , 36.23 , 254.23
2513 , 11927 , 175.54 , -42.5 , 0 , 25.84 , 5.356 , 0.305 , 36.48 , 253.98
2523 , 11968 , 174.48 , -42.4 , 0 , 25.81 , 5.422 , 0.311 , 36.74 , 253.72
2533 , 12009 , 173.42 , -42.6 , 0 , 25.78 , 5.413 , 0.312 , 37.00 , 253.46
2543 , 12051 , 172.34 , -42.6 , 0 , 25.76 , 5.441 , 0.316 , 37.26 , 253.19
2553 , 12096 , 171.20 , -42.7 , 0 , 25.73 , 5.516 , 0.322 , 37.55 , 252.91
2563 , 12138 , 170.15 , -42.7 , 0 , 25.71 , 5.568 , 0.327 , 37.82 , 252.64
2573 , 12179 , 169.10 , -42.7 , 0 , 25.68 , 5.689 , 0.336 , 38.10 , 252.36
2583 , 12223 , 168.02 , -42.6 , 0 , 25.65 , 5.732 , 0.341 , 38.39 , 252.07
2593 , 12266 , 166.93 , -42.5 , 0 , 25.63 , 5.768 , 0.346 , 38.68 , 251.78
2603 , 12309 , 165.87 , -42.6 , 0 , 25.60 , 5.803 , 0.350 , 38.97 , 251.49
2613 , 12352 , 164.83 , -42.4 , 0 , 25.58 , 5.854 , 0.355 , 39.26 , 251.20
2623 , 12395 , 163.77 , -42.5 , 0 , 25.55 , 5.878 , 0.359 , 39.56 , 250.90
2632 , 12436 , 162.79 , -42.7 , 0 , 25.52 , 5.884 , 0.361 , 39.84 , 250.62
2642 , 12477 , 161.80 , -42.7 , 0 , 25.49 , 5.828 , 0.360 , 40.12 , 250.34
2652 , 12520 , 160.77 , -42.7 , 0 , 25.46 , 5.822 , 0.362 , 40.41 , 250.05
2662 , 12569 , 159.62 , -42.8 , 0 , 25.43 , 5.803 , 0.364 , 40.74 , 249.71
2672 , 12612 , 158.60 , -42.9 , 0 , 25.40 , 5.889 , 0.371 , 41.04 , 249.42
2682 , 12655 , 157.59 , -43.0 , 0 , 25.38 , 5.947 , 0.377 , 41.34 , 249.12
2692 , 12697 , 156.61 , -43.2 , 0 , 25.35 , 5.959 , 0.381 , 41.63 , 248.83
2702 , 12740 , 155.61 , -43.4 , 0 , 25.33 , 6.016 , 0.387 , 41.93 , 248.53
2712 , 12783 , 154.62 , -43.3 , 0 , 25.30 , 6.108 , 0.395 , 42.24 , 248.22
2722 , 12824 , 153.68 , -43.6 , 0 , 25.28 , 6.164 , 0.401 , 42.53 , 247.93
2732 , 12866 , 152.71 , -43.8 , 0 , 25.25 , 6.084 , 0.398 , 42.84 , 247.62
2742 , 12908 , 151.77 , -43.8 , 0 , 25.22 , 6.127 , 0.404 , 43.14 , 247.32
2752 , 12952 , 150.78 , -43.8 , 0 , 25.20 , 6.153 , 0.408 , 43.45 , 247.00
2762 , 12996 , 149.79 , -43.6 , 0 , 25.17 , 6.295 , 0.420 , 43.78 , 246.68
2772 , 13039 , 148.84 , -43.3 , 0 , 25.14 , 6.388 , 0.429 , 44.09 , 246.36
2782 , 13080 , 147.94 , -43.2 , 0 , 25.12 , 6.485 , 0.438 , 44.40 , 246.05
2792 , 13123 , 147.00 , -42.9 , 0 , 25.09 , 6.781 , 0.461 , 44.74 , 245.72
2801 , 13163 , 146.12 , -42.7 , 0 , 25.07 , 7.008 , 0.480 , 45.06 , 245.40
2811 , 13203 , 145.27 , -42.7 , 0 , 25.04 , 7.173 , 0.494 , 45.39 , 245.07
2821 , 13245 , 144.37 , -42.4 , 0 , 25.02 , 7.321 , 0.507 , 45.75 , 244.71
2831 , 13290 , 143.40 , -42.5 , 0 , 24.99 , 7.258 , 0.506 , 46.13 , 244.33
2841 , 13332 , 142.50 , -42.9 , 0 , 24.97 , 7.198 , 0.505 , 46.49 , 243.97
2851 , 13375 , 141.60 , -43.3 , 0 , 24.95 , 7.136 , 0.504 , 46.85 , 243.61
2861 , 13417 , 140.73 , -43.5 , 0 , 24.92 , 7.126 , 0.506 , 47.20 , 243.26
2871 , 13458 , 139.87 , -43.5 , 0 , 24.89 , 7.159 , 0.512 , 47.54 , 242.91
2881 , 13500 , 139.00 , -43.6 , 0 , 24.87 , 7.210 , 0.519 , 47.90 , 242.56
2891 , 13543 , 138.11 , -43.6 , 0 , 24.85 , 7.237 , 0.524 , 48.26 , 242.19
2901 , 13587 , 137.21 , -43.6 , 0 , 24.82 , 7.168 , 0.522 , 48.63 , 241.82
2911 , 13630 , 136.34 , -43.8 , 0 , 24.79 , 7.191 , 0.527 , 49.00 , 241.46
2921 , 13673 , 135.46 , -43.8 , 0 , 24.77 , 7.195 , 0.531 , 49.36 , 241.10
2931 , 13715 , 134.61 , -44.1 , 0 , 24.74 , 7.227 , 0.537 , 49.72 , 240.74
2941 , 13758 , 133.76 , -44.1 , 0 , 24.72 , 7.276 , 0.544 , 50.08 , 240.37
2951 , 13802 , 132.88 , -44.1 , 0 , 24.69 , 7.322 , 0.551 , 50.46 , 239.99
2961 , 13845 , 132.03 , -44.2 , 0 , 24.67 , 7.516 , 0.569 , 50.84 , 239.62
2971 , 13889 , 131.17 , -43.7 , 0 , 24.64 , 7.821 , 0.596 , 51.23 , 239.22
2981 , 13933 , 130.31 , -43.4 , 0 , 24.62 , 8.025 , 0.616 , 51.64 , 238.81
2991 , 13976 , 129.47 , -43.1 , 0 , 24.59 , 8.160 , 0.630 , 52.06 , 238.40
3001 , 14019 , 128.66 , -42.8 , 0 , 24.57 , 8.324 , 0.647 , 52.47 , 237.99
3011 , 14063 , 127.82 , -42.8 , 0 , 24.55 , 8.510 , 0.666 , 52.90 , 237.56
3021 , 14108 , 126.97 , -42.6 , 0 , 24.52 , 8.471 , 0.667 , 53.35 , 237.11
3031 , 14151 , 126.17 , -42.9 , 0 , 24.50 , 8.449 , 0.670 , 53.77 , 236.69
3041 , 14194 , 125.36 , -43.1 , 0 , 24.47 , 8.431 , 0.673 , 54.20 , 236.26
3051 , 14238 , 124.54 , -43.4 , 0 , 24.45 , 8.400 , 0.674 , 54.64 , 235.82
3061 , 14281 , 123.74 , -43.4 , 0 , 24.42 , 8.430 , 0.681 , 55.06 , 235.40
3071 , 14325 , 122.95 , -43.5 , 0 , 24.39 , 8.450 , 0.687 , 55.49 , 234.96
3081 , 14368 , 122.16 , -43.6 , 0 , 24.37 , 8.338 , 0.683 , 55.92 , 234.54
3091 , 14414 , 121.33 , -43.7 , 0 , 24.35 , 8.293 , 0.684 , 56.36 , 234.09
3101 , 14457 , 120.55 , -43.7 , 0 , 24.32 , 8.190 , 0.679 , 56.78 , 233.67
3111 , 14500 , 119.77 , -43.5 , 0 , 24.30 , 8.179 , 0.683 , 57.20 , 233.26
3120 , 14544 , 118.99 , -43.6 , 0 , 24.28 , 8.153 , 0.685 , 57.62 , 232.83
3130 , 14586 , 118.26 , -43.8 , 0 , 24.26 , 8.074 , 0.683 , 58.02 , 232.44
3140 , 14631 , 117.47 , -43.8 , 0 , 24.23 , 8.062 , 0.686 , 58.45 , 232.01
3150 , 14678 , 116.65 , -43.6 , 0 , 24.21 , 8.158 , 0.699 , 58.90 , 231.56
3160 , 14723 , 115.88 , -43.7 , 0 , 24.18 , 8.336 , 0.719 , 59.33 , 231.13
3170 , 14767 , 115.11 , -44.0 , 0 , 24.16 , 8.369 , 0.727 , 59.76 , 230.69
3180 , 14812 , 114.34 , -44.1 , 0 , 24.14 , 8.411 , 0.736 , 60.21 , 230.25
3190 , 14856 , 113.59 , -43.8 , 0 , 24.12 , 8.487 , 0.747 , 60.65 , 229.81
3200 , 14899 , 112.86 , -43.8 , 0 , 24.10 , 8.574 , 0.760 , 61.08 , 229.38
3210 , 14942 , 112.15 , -43.8 , 0 , 24.07 , 8.557 , 0.763 , 61.51 , 228.95
3220 , 14985 , 111.43 , -43.7 , 0 , 24.05 , 8.426 , 0.756 , 61.94 , 228.52
3230 , 15030 , 110.69 , -43.5 , 0 , 24.03 , 8.319 , 0.752 , 62.38 , 228.08
3240 , 15073 , 109.98 , -43.6 , 0 , 24.01 , 8.190 , 0.745 , 62.80 , 227.66
3250 , 15115 , 109.30 , -43.6 , 0 , 23.98 , 8.241 , 0.754 , 63.20 , 227.26
3260 , 15159 , 108.59 , -43.6 , 0 , 23.96 , 8.270 , 0.762 , 63.63 , 226.83
3270 , 15202 , 107.89 , -43.4 , 0 , 23.94 , 8.298 , 0.769 , 64.05 , 226.41
3280 , 15245 , 107.20 , -43.4 , 0 , 23.92 , 8.363 , 0.780 , 64.47 , 225.99
3290 , 15289 , 106.51 , -43.4 , 0 , 23.90 , 8.502 , 0.798 , 64.90 , 225.55
3300 , 15333 , 105.81 , -43.6 , 0 , 23.89 , 8.552 , 0.808 , 65.35 , 225.11
3310 , 15378 , 105.10 , -43.6 , 0 , 23.86 , 8.635 , 0.822 , 65.80 , 224.66
3320 , 15423 , 104.41 , -43.3 , 0 , 23.85 , 8.728 , 0.836 , 66.25 , 224.20
3330 , 15468 , 103.70 , -43.5 , 0 , 23.83 , 8.890 , 0.857 , 66.73 , 223.73
3340 , 15512 , 103.04 , -43.8 , 0 , 23.81 , 8.993 , 0.873 , 67.18 , 223.28
3350 , 15556 , 102.36 , -43.8 , 0 , 23.79 , 8.888 , 0.868 , 67.64 , 222.81
3359 , 15598 , 101.72 , -43.6 , 0 , 23.78 , 8.931 , 0.878 , 68.08 , 222.38
3369 , 15640 , 101.09 , -43.7 , 0 , 23.76 , 8.875 , 0.878 , 68.52 , 221.93
3379 , 15683 , 100.44 , -43.9 , 0 , 23.75 , 8.809 , 0.877 , 68.97 , 221.48
3389 , 15728 , 99.77 , -43.9 , 0 , 23.73 , 8.708 , 0.873 , 69.43 , 221.03
3399 , 15774 , 99.09 , -43.9 , 0 , 23.71 , 8.589 , 0.867 , 69.90 , 220.56
3409 , 15821 , 98.40 , -43.9 , 0 , 23.69 , 8.473 , 0.861 , 70.37 , 220.08
3418 , 15866 , 97.73 , -43.8 , 0 , 23.68 , 8.515 , 0.871 , 70.83 , 219.63
3428 , 15911 , 97.08 , -43.5 , 0 , 23.66 , 8.597 , 0.886 , 71.28 , 219.18
3438 , 15957 , 96.42 , -43.5 , 0 , 23.64 , 8.689 , 0.901 , 71.75 , 218.71
3448 , 16003 , 95.77 , -43.5 , 0 , 23.62 , 8.770 , 0.916 , 72.22 , 218.24
3458 , 16049 , 95.11 , -43.6 , 0 , 23.60 , 8.794 , 0.925 , 72.69 , 217.77
3468 , 16096 , 94.45 , -43.6 , 0 , 23.57 , 8.886 , 0.941 , 73.18 , 217.28
3478 , 16143 , 93.79 , -44.0 , 0 , 23.55 , 8.970 , 0.956 , 73.67 , 216.78
3488 , 16190 , 93.14 , -44.0 , 0 , 23.53 , 9.061 , 0.973 , 74.16 , 216.29
3498 , 16235 , 92.51 , -44.2 , 0 , 23.51 , 9.162 , 0.990 , 74.65 , 215.80
3507 , 16280 , 91.89 , -44.3 , 0 , 23.49 , 9.141 , 0.995 , 75.14 , 215.32
3517 , 16323 , 91.31 , -44.3 , 0 , 23.46 , 9.356 , 1.025 , 75.60 , 214.85
3527 , 16368 , 90.69 , -44.2 , 0 , 23.44 , 9.403 , 1.037 , 76.10 , 214.35
3537 , 16415 , 90.07 , -43.8 , 0 , 23.42 , 9.568 , 1.062 , 76.62 , 213.84
3547 , 16461 , 89.44 , -43.7 , 0 , 23.40 , 9.942 , 1.112 , 77.16 , 213.30
3557 , 16507 , 88.84 , -43.5 , 0 , 23.37 , 10.277 , 1.157 , 77.70 , 212.76
3567 , 16551 , 88.25 , -43.4 , 0 , 23.35 , 10.573 , 1.198 , 78.24 , 212.22
3577 , 16597 , 87.66 , -43.3 , 0 , 23.32 , 10.871 , 1.240 , 78.81 , 211.64
3587 , 16642 , 87.07 , -43.2 , 0 , 23.30 , 11.154 , 1.281 , 79.40 , 211.05
3597 , 16688 , 86.48 , -43.1 , 0 , 23.28 , 11.275 , 1.304 , 80.00 , 210.46
3607 , 16731 , 85.93 , -43.1 , 0 , 23.25 , 11.337 , 1.319 , 80.57 , 209.88
3617 , 16774 , 85.38 , -43.0 , 0 , 23.22 , 11.257 , 1.318 , 81.14 , 209.32
3627 , 16818 , 84.82 , -43.2 , 0 , 23.20 , 11.251 , 1.326 , 81.73 , 208.73
3637 , 16862 , 84.27 , -43.3 , 0 , 23.18 , 11.211 , 1.330 , 82.30 , 208.16
3647 , 16908 , 83.70 , -43.0 , 0 , 23.15 , 11.067 , 1.322 , 82.90 , 207.56
3657 , 16955 , 83.11 , -42.9 , 0 , 23.13 , 11.080 , 1.333 , 83.52 , 206.94
3667 , 17001 , 82.55 , -43.1 , 0 , 23.10 , 11.063 , 1.340 , 84.11 , 206.34
3677 , 17046 , 82.00 , -43.4 , 0 , 23.08 , 11.037 , 1.346 , 84.69 , 205.76
3687 , 17092 , 81.44 , -43.8 , 0 , 23.06 , 11.038 , 1.355 , 85.29 , 205.17
3697 , 17139 , 80.88 , -44.0 , 0 , 23.03 , 10.857 , 1.342 , 85.89 , 204.57
3707 , 17185 , 80.32 , -44.2 , 0 , 23.00 , 10.743 , 1.338 , 86.48 , 203.98
3717 , 17230 , 79.78 , -44.2 , 0 , 22.98 , 10.863 , 1.362 , 87.05 , 203.41
3727 , 17276 , 79.23 , -44.2 , 0 , 22.95 , 10.811 , 1.364 , 87.64 , 202.81
3736 , 17321 , 78.71 , -44.4 , 0 , 22.93 , 10.806 , 1.373 , 88.21 , 202.25
3745 , 17365 , 78.19 , -44.3 , 0 , 22.91 , 10.725 , 1.372 , 88.77 , 201.69
3755 , 17410 , 77.67 , -44.3 , 0 , 22.89 , 10.773 , 1.387 , 89.33 , 201.12
3765 , 17458 , 77.11 , -44.4 , 0 , 22.86 , 10.844 , 1.406 , 89.96 , 200.50
3775 , 17507 , 76.55 , -44.3 , 0 , 22.84 , 10.937 , 1.429 , 90.58 , 199.88
3785 , 17557 , 75.99 , -44.5 , 0 , 22.81 , 10.995 , 1.447 , 91.22 , 199.24
3795 , 17603 , 75.46 , -43.8 , 0 , 22.79 , 11.139 , 1.476 , 91.82 , 198.63
3805 , 17654 , 74.89 , -43.6 , 0 , 22.76 , 11.251 , 1.502 , 92.50 , 197.96
3815 , 17705 , 74.33 , -43.7 , 0 , 22.74 , 11.466 , 1.543 , 93.17 , 197.29
3825 , 17754 , 73.78 , -44.2 , 0 , 22.71 , 11.587 , 1.570 , 93.84 , 196.62
3835 , 17803 , 73.25 , -44.5 , 0 , 22.69 , 11.654 , 1.591 , 94.51 , 195.95
3845 , 17850 , 72.73 , -44.7 , 0 , 22.66 , 11.631 , 1.599 , 95.16 , 195.30
3855 , 17897 , 72.23 , -44.7 , 0 , 22.64 , 11.715 , 1.622 , 95.80 , 194.66
3865 , 17945 , 71.71 , -44.8 , 0 , 22.62 , 11.803 , 1.646 , 96.46 , 193.99
3875 , 17992 , 71.20 , -44.5 , 0 , 22.59 , 11.891 , 1.670 , 97.13 , 193.33
3884 , 18038 , 70.72 , -44.4 , 0 , 22.57 , 11.992 , 1.696 , 97.77 , 192.69
3894 , 18084 , 70.23 , -44.7 , 0 , 22.54 , 12.056 , 1.717 , 98.43 , 192.03
3904 , 18132 , 69.73 , -44.9 , 0 , 22.52 , 12.090 , 1.734 , 99.11 , 191.34
3914 , 18180 , 69.23 , -45.2 , 1 , 22.50 , 12.099 , 1.748 , 99.80 , 190.66
3924 , 18228 , 68.73 , -45.4 , 1 , 22.47 , 12.112 , 1.762 , 100.49 , 189.97
3934 , 18278 , 68.22 , -45.4 , 0 , 22.45 , 12.052 , 1.767 , 101.20 , 189.26
3944 , 18327 , 67.72 , -45.7 , 1 , 22.42 , 12.162 , 1.796 , 101.91 , 188.55
3954 , 18377 , 67.22 , -45.9 , 1 , 22.40 , 12.249 , 1.822 , 102.62 , 187.84
3964 , 18426 , 66.72 , -46.0 , 1 , 22.37 , 12.251 , 1.836 , 103.34 , 187.12
3974 , 18475 , 66.23 , -45.5 , 0 , 22.35 , 12.346 , 1.864 , 104.06 , 186.40
3984 , 18523 , 65.75 , -44.9 , 0 , 22.32 , 12.508 , 1.902 , 104.77 , 185.69
3994 , 18571 , 65.29 , -44.7 , 0 , 22.30 , 12.702 , 1.946 , 105.47 , 184.99
4004 , 18618 , 64.83 , -44.2 , 0 , 22.28 , 12.667 , 1.954 , 106.18 , 184.28
4014 , 18668 , 64.35 , -44.1 , 0 , 22.25 , 12.726 , 1.978 , 106.92 , 183.54
4024 , 18716 , 63.88 , -44.2 , 0 , 22.23 , 12.775 , 2.000 , 107.65 , 182.81
4034 , 18766 , 63.41 , -44.5 , 0 , 22.21 , 12.791 , 2.017 , 108.40 , 182.06
4043 , 18813 , 62.97 , -44.5 , 0 , 22.18 , 12.727 , 2.021 , 109.10 , 181.36
4053 , 18859 , 62.54 , -44.3 , 0 , 22.16 , 12.841 , 2.053 , 109.80 , 180.66
4063 , 18906 , 62.10 , -44.0 , 0 , 22.14 , 12.920 , 2.081 , 110.52 , 179.94
4073 , 18953 , 61.67 , -44.1 , 0 , 22.11 , 13.045 , 2.115 , 111.23 , 179.23
4083 , 19001 , 61.22 , -44.4 , 0 , 22.09 , 13.099 , 2.139 , 111.97 , 178.48
4093 , 19050 , 60.78 , -44.5 , 0 , 22.06 , 13.052 , 2.148 , 112.73 , 177.73
4103 , 19099 , 60.34 , -44.6 , 0 , 22.04 , 13.014 , 2.157 , 113.48 , 176.98
4113 , 19146 , 59.92 , -44.6 , 0 , 22.02 , 13.079 , 2.183 , 114.20 , 176.26
4123 , 19194 , 59.49 , -44.8 , 0 , 21.99 , 13.033 , 2.191 , 114.94 , 175.52
4133 , 19242 , 59.06 , -44.7 , 0 , 21.97 , 12.955 , 2.193 , 115.67 , 174.78
4143 , 19288 , 58.65 , -44.7 , 0 , 21.95 , 12.914 , 2.202 , 116.38 , 174.08
4153 , 19337 , 58.23 , -44.8 , 0 , 21.92 , 12.835 , 2.204 , 117.12 , 173.33
4163 , 19386 , 57.80 , -45.0 , 1 , 21.90 , 12.863 , 2.225 , 117.86 , 172.60
4173 , 19434 , 57.39 , -45.2 , 1 , 21.87 , 12.742 , 2.221 , 118.60 , 171.86
4183 , 19483 , 56.96 , -45.2 , 1 , 21.85 , 12.698 , 2.229 , 119.34 , 171.12
4193 , 19535 , 56.53 , -45.1 , 0 , 21.83 , 12.687 , 2.244 , 120.11 , 170.35
4203 , 19584 , 56.11 , -44.6 , 0 , 21.80 , 12.702 , 2.264 , 120.85 , 169.61
4213 , 19637 , 55.67 , -44.2 , 0 , 21.78 , 12.674 , 2.277 , 121.65 , 168.81
4223 , 19689 , 55.24 , -44.2 , 0 , 21.75 , 12.738 , 2.306 , 122.41 , 168.04
4233 , 19740 , 54.82 , -44.5 , 1 , 21.73 , 12.648 , 2.307 , 123.18 , 167.28
4243 , 19791 , 54.41 , -44.6 , 0 , 21.70 , 12.528 , 2.303 , 123.93 , 166.53
4253 , 19842 , 53.99 , -44.9 , 1 , 21.68 , 12.561 , 2.327 , 124.70 , 165.76
4263 , 19895 , 53.57 , -45.1 , 1 , 21.66 , 12.462 , 2.327 , 125.47 , 164.99
4273 , 19943 , 53.18 , -45.1 , 1 , 21.63 , 12.446 , 2.340 , 126.19 , 164.27
4283 , 19995 , 52.77 , -45.2 , 1 , 21.61 , 12.452 , 2.360 , 126.94 , 163.52
4293 , 20046 , 52.37 , -45.2 , 1 , 21.58 , 12.407 , 2.369 , 127.69 , 162.77
4303 , 20097 , 51.96 , -45.4 , 1 , 21.56 , 12.323 , 2.371 , 128.45 , 162.01
4313 , 20149 , 51.56 , -45.5 , 1 , 21.53 , 12.229 , 2.372 , 129.20 , 161.26
4323 , 20200 , 51.17 , -45.5 , 1 , 21.51 , 12.170 , 2.378 , 129.94 , 160.52
4333 , 20250 , 50.79 , -45.3 , 0 , 21.48 , 12.257 , 2.413 , 130.66 , 159.79
4343 , 20298 , 50.42 , -45.1 , 0 , 21.46 , 12.370 , 2.453 , 131.36 , 159.10
4352 , 20346 , 50.06 , -45.1 , 0 , 21.43 , 12.610 , 2.519 , 132.06 , 158.39
4361 , 20390 , 49.73 , -45.0 , 0 , 21.42 , 12.766 , 2.567 , 132.73 , 157.73
4371 , 20438 , 49.38 , -45.0 , 1 , 21.39 , 13.059 , 2.645 , 133.46 , 157.00
4381 , 20486 , 49.02 , -45.0 , 1 , 21.37 , 13.191 , 2.691 , 134.21 , 156.25
4391 , 20534 , 48.67 , -45.2 , 1 , 21.34 , 13.346 , 2.742 , 134.96 , 155.50
4401 , 20582 , 48.32 , -45.3 , 1 , 21.32 , 13.348 , 2.762 , 135.71 , 154.75
4411 , 20630 , 47.98 , -45.3 , 1 , 21.30 , 13.334 , 2.779 , 136.47 , 153.99
4421 , 20679 , 47.63 , -45.5 , 1 , 21.27 , 13.198 , 2.771 , 137.24 , 153.22
4431 , 20725 , 47.30 , -45.7 , 1 , 21.25 , 13.127 , 2.775 , 137.96 , 152.49
4441 , 20773 , 46.96 , -45.3 , 1 , 21.23 , 13.057 , 2.781 , 138.71 , 151.75
4451 , 20821 , 46.62 , -44.8 , 0 , 21.20 , 13.006 , 2.790 , 139.45 , 151.01
4461 , 20870 , 46.28 , -44.7 , 0 , 21.18 , 12.884 , 2.784 , 140.19 , 150.27
4471 , 20919 , 45.94 , -44.8 , 0 , 21.16 , 12.722 , 2.769 , 140.94 , 149.52
4481 , 20968 , 45.61 , -45.0 , 1 , 21.13 , 12.614 , 2.766 , 141.66 , 148.80
4491 , 21018 , 45.27 , -45.3 , 1 , 21.11 , 12.336 , 2.725 , 142.40 , 148.06
4501 , 21070 , 44.91 , -45.1 , 1 , 21.09 , 12.288 , 2.736 , 143.17 , 147.29
4511 , 21123 , 44.56 , -44.7 , 0 , 21.07 , 12.227 , 2.744 , 143.92 , 146.54
4521 , 21175 , 44.21 , -44.5 , 0 , 21.04 , 12.433 , 2.812 , 144.69 , 145.77
4530 , 21224 , 43.90 , -44.6 , 0 , 21.02 , 12.744 , 2.903 , 145.41 , 145.05
4540 , 21275 , 43.56 , -44.7 , 1 , 21.00 , 12.848 , 2.949 , 146.18 , 144.28
4550 , 21329 , 43.21 , -44.7 , 0 , 20.98 , 12.991 , 3.007 , 147.01 , 143.45
4560 , 21383 , 42.86 , -44.8 , 1 , 20.95 , 12.969 , 3.026 , 147.83 , 142.63
4570 , 21437 , 42.52 , -44.8 , 1 , 20.93 , 12.832 , 3.018 , 148.65 , 141.81
4580 , 21491 , 42.18 , -45.0 , 1 , 20.91 , 12.290 , 2.914 , 149.45 , 141.01
4590 , 21545 , 41.84 , -45.0 , 1 , 20.89 , 11.699 , 2.796 , 150.22 , 140.24
4600 , 21601 , 41.49 , -44.8 , 1 , 20.86 , 11.289 , 2.721 , 150.98 , 139.48
4610 , 21651 , 41.18 , -44.8 , 1 , 20.84 , 11.224 , 2.726 , 151.65 , 138.81
4620 , 21706 , 40.84 , -44.6 , 0 , 20.82 , 11.601 , 2.840 , 152.38 , 138.07
4630 , 21756 , 40.53 , -44.7 , 1 , 20.80 , 12.060 , 2.975 , 153.09 , 137.37
4640 , 21807 , 40.23 , -44.8 , 1 , 20.78 , 12.537 , 3.116 , 153.82 , 136.64
4650 , 21860 , 39.91 , -44.6 , 1 , 20.75 , 12.883 , 3.228 , 154.62 , 135.84
4660 , 21908 , 39.63 , -44.4 , 0 , 20.73 , 13.145 , 3.317 , 155.36 , 135.10
4669 , 21956 , 39.34 , -44.5 , 1 , 20.71 , 13.311 , 3.383 , 156.11 , 134.35
4679 , 22004 , 39.06 , -44.4 , 1 , 20.69 , 13.317 , 3.409 , 156.85 , 133.61
4689 , 22052 , 38.78 , -44.4 , 0 , 20.67 , 13.370 , 3.447 , 157.61 , 132.85
4699 , 22100 , 38.50 , -44.5 , 1 , 20.65 , 13.302 , 3.455 , 158.37 , 132.09
4709 , 22149 , 38.23 , -44.6 , 1 , 20.63 , 13.309 , 3.482 , 159.13 , 131.33
4719 , 22196 , 37.96 , -44.3 , 0 , 20.61 , 13.400 , 3.530 , 159.87 , 130.59
4729 , 22246 , 37.68 , -44.0 , 0 , 20.59 , 13.470 , 3.575 , 160.66 , 129.80
4739 , 22295 , 37.40 , -43.8 , 0 , 20.57 , 13.435 , 3.592 , 161.44 , 129.01
4749 , 22344 , 37.13 , -43.9 , 0 , 20.55 , 13.361 , 3.598 , 162.21 , 128.25
4759 , 22394 , 36.85 , -44.0 , 1 , 20.53 , 13.251 , 3.596 , 163.00 , 127.46
4769 , 22446 , 36.57 , -44.1 , 1 , 20.52 , 13.136 , 3.592 , 163.81 , 126.65
4779 , 22497 , 36.29 , -44.1 , 1 , 20.49 , 13.021 , 3.588 , 164.59 , 125.87
4789 , 22546 , 36.03 , -44.0 , 1 , 20.48 , 12.919 , 3.586 , 165.34 , 125.12
4799 , 22600 , 35.74 , -44.0 , 0 , 20.46 , 12.866 , 3.600 , 166.16 , 124.30
4809 , 22654 , 35.45 , -44.2 , 1 , 20.44 , 12.883 , 3.634 , 166.97 , 123.49
4819 , 22708 , 35.17 , -44.1 , 1 , 20.42 , 13.038 , 3.707 , 167.80 , 122.66
4829 , 22764 , 34.88 , -44.1 , 1 , 20.40 , 13.444 , 3.855 , 168.67 , 121.79
4839 , 22818 , 34.59 , -44.3 , 1 , 20.38 , 13.721 , 3.966 , 169.53 , 120.92
4849 , 22874 , 34.31 , -44.2 , 1 , 20.36 , 13.953 , 4.067 , 170.45 , 120.01
4859 , 22927 , 34.04 , -44.0 , 1 , 20.34 , 14.303 , 4.202 , 171.32 , 119.14
4869 , 22983 , 33.75 , -44.0 , 0 , 20.32 , 14.305 , 4.238 , 172.27 , 118.18
4879 , 23038 , 33.48 , -43.9 , 1 , 20.30 , 14.410 , 4.305 , 173.21 , 117.25
4889 , 23095 , 33.19 , -44.1 , 1 , 20.28 , 14.469 , 4.359 , 174.17 , 116.29
4899 , 23149 , 32.93 , -44.1 , 1 , 20.26 , 14.402 , 4.374 , 175.08 , 115.37
4909 , 23200 , 32.68 , -44.0 , 1 , 20.24 , 14.378 , 4.400 , 175.96 , 114.50
4919 , 23255 , 32.41 , -44.0 , 1 , 20.22 , 14.317 , 4.417 , 176.87 , 113.59
4929 , 23304 , 32.17 , -44.0 , 1 , 20.20 , 14.291 , 4.442 , 177.71 , 112.75
4939 , 23354 , 31.94 , -44.0 , 1 , 20.18 , 14.264 , 4.466 , 178.54 , 111.92
4949 , 23405 , 31.70 , -43.7 , 0 , 20.16 , 14.204 , 4.481 , 179.39 , 111.07
4959 , 23457 , 31.45 , -43.6 , 0 , 20.14 , 14.208 , 4.518 , 180.27 , 110.19
4969 , 23506 , 31.22 , -43.8 , 1 , 20.12 , 14.053 , 4.501 , 181.08 , 109.38
4979 , 23560 , 30.97 , -43.6 , 1 , 20.10 , 13.976 , 4.513 , 181.97 , 108.49
4988 , 23608 , 30.75 , -43.7 , 1 , 20.08 , 13.891 , 4.517 , 182.76 , 107.70
4998 , 23656 , 30.53 , -43.8 , 1 , 20.06 , 13.836 , 4.532 , 183.54 , 106.92
5008 , 23707 , 30.30 , -43.7 , 1 , 20.04 , 13.820 , 4.561 , 184.36 , 106.09
5018 , 23756 , 30.08 , -43.7 , 1 , 20.03 , 13.781 , 4.581 , 185.16 , 105.29
5028 , 23810 , 29.84 , -43.6 , 1 , 20.00 , 13.665 , 4.579 , 186.03 , 104.42
5038 , 23865 , 29.60 , -43.6 , 1 , 19.98 , 13.665 , 4.617 , 186.91 , 103.55
5048 , 23922 , 29.35 , -43.7 , 1 , 19.96 , 13.614 , 4.639 , 187.82 , 102.64
5058 , 23974 , 29.12 , -43.6 , 1 , 19.94 , 13.547 , 4.652 , 188.66 , 101.80
5068 , 24028 , 28.89 , -43.5 , 1 , 19.92 , 13.551 , 4.691 , 189.52 , 100.94
5078 , 24083 , 28.65 , -43.5 , 1 , 19.91 , 13.502 , 4.712 , 190.38 , 100.07
5088 , 24134 , 28.44 , -43.4 , 1 , 19.89 , 13.326 , 4.686 , 191.19 , 99.27
5098 , 24187 , 28.21 , -43.4 , 1 , 19.87 , 13.123 , 4.651 , 192.01 , 98.44
5108 , 24238 , 28.00 , -43.6 , 1 , 19.85 , 12.964 , 4.630 , 192.80 , 97.66
5118 , 24292 , 27.78 , -43.9 , 1 , 19.83 , 12.828 , 4.618 , 193.61 , 96.85
5128 , 24342 , 27.57 , -43.8 , 1 , 19.82 , 12.647 , 4.588 , 194.36 , 96.09
5138 , 24390 , 27.37 , -43.9 , 1 , 19.80 , 12.541 , 4.582 , 195.08 , 95.38
5148 , 24443 , 27.16 , -44.0 , 1 , 19.78 , 12.424 , 4.575 , 195.85 , 94.60
5158 , 24496 , 26.94 , -44.3 , 1 , 19.76 , 12.210 , 4.532 , 196.62 , 93.83
5168 , 24547 , 26.74 , -44.6 , 1 , 19.75 , 12.184 , 4.557 , 197.36 , 93.10
5178 , 24600 , 26.53 , -44.7 , 1 , 19.73 , 12.121 , 4.569 , 198.12 , 92.34
5188 , 24652 , 26.32 , -44.6 , 1 , 19.71 , 11.913 , 4.526 , 198.85 , 91.61
5198 , 24701 , 26.13 , -44.3 , 1 , 19.69 , 11.684 , 4.472 , 199.53 , 90.93
5208 , 24750 , 25.94 , -44.0 , 1 , 19.68 , 11.661 , 4.496 , 200.21 , 90.25
5218 , 24800 , 25.75 , -43.6 , 0 , 19.66 , 11.425 , 4.437 , 200.88 , 89.58
5228 , 24849 , 25.56 , -43.4 , 0 , 19.64 , 11.196 , 4.380 , 201.53 , 88.93
5238 , 24898 , 25.37 , -43.3 , 0 , 19.63 , 11.042 , 4.352 , 202.18 , 88.28
5248 , 24950 , 25.18 , -43.1 , 0 , 19.61 , 10.946 , 4.347 , 202.84 , 87.62
5257 , 24996 , 25.01 , -42.9 , 0 , 19.59 , 10.934 , 4.372 , 203.44 , 87.02
5267 , 25045 , 24.83 , -43.2 , 1 , 19.58 , 10.881 , 4.383 , 204.07 , 86.39
5277 , 25096 , 24.64 , -43.4 , 1 , 19.56 , 10.806 , 4.386 , 204.71 , 85.75
5286 , 25146 , 24.46 , -43.5 , 1 , 19.54 , 10.750 , 4.395 , 205.34 , 85.12
5296 , 25193 , 24.29 , -43.3 , 1 , 19.53 , 10.653 , 4.386 , 205.93 , 84.53
5306 , 25245 , 24.10 , -43.2 , 1 , 19.51 , 10.674 , 4.429 , 206.58 , 83.87
5316 , 25300 , 23.91 , -43.3 , 1 , 19.50 , 10.615 , 4.441 , 207.26 , 83.20
5326 , 25356 , 23.70 , -43.5 , 1 , 19.49 , 10.563 , 4.456 , 207.97 , 82.49
5336 , 25409 , 23.52 , -43.6 , 1 , 19.47 , 10.521 , 4.474 , 208.62 , 81.83
5346 , 25464 , 23.33 , -43.7 , 1 , 19.45 , 10.489 , 4.496 , 209.30 , 81.16
5356 , 25516 , 23.15 , -43.9 , 1 , 19.44 , 10.399 , 4.492 , 209.93 , 80.53
5366 , 25570 , 22.96 , -44.1 , 1 , 19.42 , 10.287 , 4.480 , 210.60 , 79.86
5376 , 25623 , 22.78 , -44.3 , 1 , 19.41 , 10.143 , 4.452 , 211.23 , 79.23
5386 , 25673 , 22.61 , -44.6 , 1 , 19.39 , 10.020 , 4.431 , 211.83 , 78.63
5396 , 25726 , 22.43 , -44.7 , 1 , 19.38 , 9.948 , 4.434 , 212.45 , 78.01
5405 , 25774 , 22.27 , -44.6 , 1 , 19.36 , 9.804 , 4.402 , 213.00 , 77.45
5415 , 25827 , 22.10 , -44.3 , 1 , 19.35 , 9.623 , 4.355 , 213.62 , 76.84
5425 , 25878 , 21.93 , -44.2 , 1 , 19.33 , 9.508 , 4.336 , 214.20 , 76.26
5435 , 25936 , 21.74 , -44.4 , 1 , 19.32 , 9.363 , 4.306 , 214.83 , 75.63
5445 , 25989 , 21.57 , -44.4 , 1 , 19.31 , 9.226 , 4.277 , 215.41 , 75.05
5455 , 26040 , 21.41 , -44.3 , 1 , 19.29 , 8.970 , 4.190 , 215.96 , 74.50
5465 , 26095 , 21.23 , -44.2 , 1 , 19.28 , 8.749 , 4.121 , 216.54 , 73.92
5475 , 26148 , 21.06 , -44.1 , 1 , 19.26 , 8.603 , 4.085 , 217.08 , 73.38
5485 , 26205 , 20.89 , -43.8 , 1 , 19.25 , 8.528 , 4.083 , 217.65 , 72.81
5495 , 26257 , 20.72 , -43.9 , 1 , 19.23 , 8.387 , 4.047 , 218.17 , 72.29
5505 , 26312 , 20.55 , -44.1 , 1 , 19.22 , 8.205 , 3.992 , 218.71 , 71.75
5515 , 26367 , 20.39 , -44.3 , 1 , 19.20 , 7.976 , 3.913 , 219.23 , 71.22
5525 , 26420 , 20.23 , -44.0 , 1 , 19.19 , 7.836 , 3.874 , 219.72 , 70.74
5535 , 26472 , 20.07 , -43.9 , 1 , 19.17 , 7.716 , 3.844 , 220.20 , 70.26
5545 , 26525 , 19.91 , -43.6 , 1 , 19.16 , 7.564 , 3.799 , 220.68 , 69.78
5555 , 26582 , 19.74 , -43.5 , 1 , 19.14 , 7.483 , 3.790 , 221.18 , 69.28
5565 , 26634 , 19.59 , -43.8 , 1 , 19.13 , 7.446 , 3.801 , 221.63 , 68.82
5575 , 26690 , 19.43 , -43.8 , 1 , 19.11 , 7.377 , 3.797 , 222.13 , 68.33
5585 , 26751 , 19.25 , -43.8 , 1 , 19.10 , 7.309 , 3.796 , 222.65 , 67.81
5595 , 26805 , 19.10 , -44.1 , 1 , 19.08 , 7.172 , 3.755 , 223.11 , 67.35
5604 , 26858 , 18.95 , -44.4 , 1 , 19.07 , 7.098 , 3.746 , 223.56 , 66.90
5613 , 26909 , 18.80 , -44.7 , 1 , 19.05 , 7.095 , 3.773 , 223.98 , 66.48
5623 , 26962 , 18.66 , -44.6 , 1 , 19.04 , 7.026 , 3.766 , 224.43 , 66.03
5633 , 27016 , 18.51 , -44.9 , 1 , 19.02 , 6.889 , 3.722 , 224.87 , 65.59
5643 , 27072 , 18.35 , -44.9 , 1 , 19.00 , 6.819 , 3.716 , 225.32 , 65.14
5653 , 27126 , 18.20 , -45.1 , 1 , 18.99 , 6.728 , 3.696 , 225.75 , 64.71
5663 , 27183 , 18.05 , -45.3 , 1 , 18.97 , 6.711 , 3.718 , 226.20 , 64.26
5673 , 27237 , 17.90 , -45.3 , 1 , 18.95 , 6.644 , 3.711 , 226.63 , 63.83
5683 , 27295 , 17.75 , -45.3 , 1 , 18.94 , 6.613 , 3.726 , 227.08 , 63.37
5693 , 27349 , 17.60 , -45.3 , 1 , 18.92 , 6.487 , 3.685 , 227.51 , 62.95
5703 , 27406 , 17.46 , -44.8 , 1 , 18.90 , 6.470 , 3.706 , 227.94 , 62.52
5713 , 27459 , 17.32 , -44.1 , 1 , 18.89 , 6.405 , 3.699 , 228.35 , 62.11
5723 , 27508 , 17.19 , -43.5 , 0 , 18.87 , 6.227 , 3.622 , 228.71 , 61.75
5733 , 27564 , 17.05 , -43.2 , 0 , 18.86 , 6.082 , 3.567 , 229.11 , 61.35
5743 , 27616 , 16.92 , -42.7 , 0 , 18.84 , 5.988 , 3.539 , 229.48 , 60.98
5753 , 27669 , 16.79 , -41.9 , 0 , 18.82 , 5.902 , 3.516 , 229.85 , 60.61
5763 , 27722 , 16.66 , -41.3 , 0 , 18.80 , 5.815 , 3.491 , 230.21 , 60.25
5773 , 27773 , 16.53 , -41.2 , 0 , 18.79 , 5.788 , 3.501 , 230.55 , 59.91
5782 , 27826 , 16.40 , -41.4 , 0 , 18.77 , 5.721 , 3.488 , 230.91 , 59.55
5792 , 27874 , 16.29 , -41.7 , 1 , 18.76 , 5.632 , 3.458 , 231.23 , 59.23
5802 , 27924 , 16.17 , -41.9 , 1 , 18.74 , 5.580 , 3.452 , 231.55 , 58.91
5812 , 27978 , 16.04 , -42.2 , 1 , 18.72 , 5.570 , 3.473 , 231.91 , 58.55
5822 , 28035 , 15.90 , -42.5 , 1 , 18.71 , 5.544 , 3.486 , 232.27 , 58.19
5832 , 28090 , 15.77 , -42.8 , 1 , 18.69 , 5.465 , 3.465 , 232.63 , 57.83
5842 , 28144 , 15.65 , -43.2 , 1 , 18.68 , 5.425 , 3.467 , 232.97 , 57.49
5852 , 28199 , 15.52 , -43.3 , 1 , 18.66 , 5.407 , 3.484 , 233.32 , 57.13
5862 , 28249 , 15.41 , -42.9 , 1 , 18.64 , 5.340 , 3.466 , 233.64 , 56.82
5872 , 28309 , 15.27 , -42.6 , 1 , 18.63 , 5.319 , 3.483 , 234.01 , 56.45
5882 , 28362 , 15.15 , -42.2 , 1 , 18.61 , 5.291 , 3.492 , 234.34 , 56.12
5892 , 28415 , 15.03 , -41.6 , 0 , 18.60 , 5.262 , 3.501 , 234.67 , 55.79
5902 , 28470 , 14.91 , -41.1 , 0 , 18.58 , 5.285 , 3.545 , 235.00 , 55.45
5912 , 28526 , 14.79 , -40.9 , 0 , 18.56 , 5.320 , 3.598 , 235.35 , 55.11
5921 , 28579 , 14.67 , -40.7 , 0 , 18.55 , 5.300 , 3.612 , 235.67 , 54.79
5930 , 28630 , 14.56 , -40.7 , 0 , 18.53 , 5.292 , 3.634 , 235.98 , 54.47
5940 , 28682 , 14.45 , -40.8 , 0 , 18.52 , 5.276 , 3.650 , 236.30 , 54.15
5950 , 28741 , 14.33 , -40.6 , 0 , 18.50 , 5.252 , 3.665 , 236.66 , 53.79
5960 , 28798 , 14.21 , -40.5 , 0 , 18.49 , 5.242 , 3.689 , 237.01 , 53.45
5970 , 28852 , 14.10 , -40.5 , 0 , 18.47 , 5.218 , 3.701 , 237.34 , 53.12
5980 , 28907 , 13.98 , -40.4 , 0 , 18.46 , 5.194 , 3.715 , 237.67 , 52.79
5990 , 28963 , 13.87 , -40.2 , 0 , 18.44 , 5.183 , 3.737 , 238.01 , 52.45
6000 , 29024 , 13.75 , -40.3 , 0 , 18.42 , 5.143 , 3.742 , 238.37 , 52.09
6010 , 29078 , 13.64 , -39.8 , 0 , 18.40 , 5.143 , 3.772 , 238.70 , 51.76
6020 , 29135 , 13.52 , -39.0 , 0 , 18.39 , 5.190 , 3.838 , 239.03 , 51.42
6030 , 29192 , 13.41 , -38.8 , 0 , 18.38 , 5.227 , 3.897 , 239.37 , 51.09
6040 , 29247 , 13.30 , -38.8 , 0 , 18.36 , 5.232 , 3.932 , 239.71 , 50.75
6050 , 29310 , 13.18 , -38.9 , 0 , 18.34 , 5.246 , 3.980 , 240.09 , 50.37
6060 , 29361 , 13.09 , -38.8 , 0 , 18.33 , 5.214 , 3.985 , 240.39 , 50.06
6070 , 29411 , 12.99 , -38.5 , 0 , 18.31 , 5.239 , 4.033 , 240.69 , 49.77
6080 , 29467 , 12.88 , -38.5 , 0 , 18.30 , 5.237 , 4.065 , 241.03 , 49.43
6090 , 29522 , 12.78 , -38.8 , 0 , 18.28 , 5.219 , 4.083 , 241.36 , 49.10
6100 , 29575 , 12.68 , -38.9 , 0 , 18.26 , 5.174 , 4.079 , 241.68 , 48.78
6110 , 29631 , 12.58 , -39.1 , 0 , 18.25 , 5.136 , 4.082 , 242.01 , 48.45
6120 , 29685 , 12.48 , -39.1 , 1 , 18.24 , 5.090 , 4.078 , 242.33 , 48.13
6130 , 29740 , 12.38 , -39.0 , 0 , 18.22 , 5.076 , 4.099 , 242.65 , 47.81
6140 , 29798 , 12.28 , -39.0 , 0 , 18.20 , 5.076 , 4.135 , 242.99 , 47.47
6150 , 29849 , 12.19 , -39.0 , 0 , 18.19 , 5.068 , 4.159 , 243.29 , 47.17
6159 , 29901 , 12.09 , -39.1 , 0 , 18.17 , 5.040 , 4.168 , 243.59 , 46.87
6169 , 29960 , 11.99 , -39.2 , 1 , 18.15 , 5.011 , 4.179 , 243.93 , 46.53
6179 , 30012 , 11.90 , -38.7 , 0 , 18.14 , 5.014 , 4.213 , 244.23 , 46.23
6189 , 30067 , 11.81 , -38.3 , 0 , 18.12 , 4.994 , 4.230 , 244.55 , 45.91
6199 , 30122 , 11.71 , -37.9 , 0 , 18.11 , 4.978 , 4.250 , 244.86 , 45.60
6209 , 30181 , 11.61 , -37.5 , 0 , 18.09 , 4.982 , 4.291 , 245.20 , 45.26
6219 , 30231 , 11.53 , -37.2 , 0 , 18.08 , 5.033 , 4.366 , 245.49 , 44.97
6229 , 30286 , 11.44 , -37.0 , 0 , 18.06 , 5.048 , 4.414 , 245.80 , 44.66
6239 , 30341 , 11.35 , -36.7 , 0 , 18.04 , 5.069 , 4.468 , 246.12 , 44.34
6248 , 30396 , 11.26 , -36.5 , 0 , 18.03 , 5.055 , 4.491 , 246.44 , 44.02
6258 , 30449 , 11.17 , -36.2 , 0 , 18.01 , 5.040 , 4.512 , 246.74 , 43.72
6268 , 30503 , 11.08 , -36.1 , 0 , 18.00 , 5.037 , 4.544 , 247.05 , 43.41
6278 , 30552 , 11.01 , -36.1 , 0 , 17.98 , 5.057 , 4.595 , 247.33 , 43.13
6288 , 30606 , 10.92 , -35.9 , 0 , 17.97 , 5.036 , 4.611 , 247.64 , 42.82
6298 , 30660 , 10.84 , -35.9 , 0 , 17.95 , 5.010 , 4.623 , 247.95 , 42.51
6307 , 30711 , 10.76 , -35.7 , 0 , 17.93 , 4.973 , 4.623 , 248.24 , 42.22
6317 , 30760 , 10.68 , -35.7 , 0 , 17.92 , 4.905 , 4.592 , 248.51 , 41.94
6327 , 30815 , 10.60 , -35.6 , 0 , 17.90 , 4.904 , 4.628 , 248.82 , 41.64
6337 , 30871 , 10.51 , -35.7 , 0 , 17.89 , 4.886 , 4.649 , 249.13 , 41.33
6347 , 30924 , 10.43 , -35.8 , 0 , 17.87 , 4.864 , 4.663 , 249.43 , 41.03
6357 , 30980 , 10.35 , -35.7 , 0 , 17.86 , 4.846 , 4.683 , 249.73 , 40.72
6367 , 31034 , 10.27 , -35.8 , 0 , 17.84 , 4.835 , 4.708 , 250.03 , 40.43
6377 , 31088 , 10.19 , -35.8 , 0 , 17.83 , 4.841 , 4.751 , 250.33 , 40.13
6387 , 31143 , 10.11 , -35.6 , 0 , 17.81 , 4.850 , 4.798 , 250.63 , 39.83
6397 , 31202 , 10.02 , -35.1 , 0 , 17.80 , 4.791 , 4.780 , 250.95 , 39.51
6407 , 31256 , 9.95 , -35.0 , 0 , 17.78 , 4.798 , 4.824 , 251.24 , 39.22
6417 , 31315 , 9.86 , -34.9 , 0 , 17.77 , 4.759 , 4.826 , 251.56 , 38.89
6427 , 31369 , 9.79 , -34.8 , 0 , 17.76 , 4.727 , 4.830 , 251.85 , 38.61
6437 , 31423 , 9.71 , -34.7 , 0 , 17.74 , 4.695 , 4.835 , 252.14 , 38.31
6447 , 31474 , 9.64 , -34.6 , 0 , 17.73 , 4.677 , 4.852 , 252.41 , 38.05
6457 , 31536 , 9.55 , -34.7 , 0 , 17.72 , 4.621 , 4.836 , 252.74 , 37.72
6467 , 31591 , 9.48 , -34.6 , 0 , 17.70 , 4.583 , 4.834 , 253.02 , 37.44
6477 , 31638 , 9.42 , -34.7 , 0 , 17.69 , 4.556 , 4.839 , 253.27 , 37.19
6487 , 31698 , 9.34 , -34.7 , 0 , 17.68 , 4.517 , 4.838 , 253.57 , 36.88
6497 , 31754 , 9.26 , -34.8 , 0 , 17.66 , 4.476 , 4.833 , 253.86 , 36.60
6507 , 31812 , 9.18 , -34.8 , 0 , 17.65 , 4.448 , 4.843 , 254.15 , 36.31
6517 , 31863 , 9.12 , -34.9 , 0 , 17.64 , 4.417 , 4.845 , 254.41 , 36.05
6527 , 31919 , 9.04 , -34.8 , 0 , 17.62 , 4.372 , 4.834 , 254.68 , 35.77
6536 , 31966 , 8.98 , -34.8 , 0 , 17.61 , 4.358 , 4.851 , 254.92 , 35.54
6546 , 32018 , 8.92 , -35.0 , 0 , 17.59 , 4.327 , 4.852 , 255.17 , 35.29
6556 , 32069 , 8.85 , -35.0 , 0 , 17.57 , 4.313 , 4.872 , 255.42 , 35.04
6566 , 32117 , 8.79 , -34.8 , 0 , 17.56 , 4.281 , 4.869 , 255.65 , 34.80
6576 , 32170 , 8.72 , -34.6 , 0 , 17.54 , 4.294 , 4.921 , 255.91 , 34.54
6586 , 32218 , 8.67 , -34.6 , 0 , 17.52 , 4.268 , 4.926 , 256.14 , 34.32
6596 , 32268 , 8.60 , -34.4 , 0 , 17.50 , 4.219 , 4.904 , 256.39 , 34.07
6606 , 32316 , 8.54 , -34.3 , 0 , 17.48 , 4.187 , 4.900 , 256.61 , 33.85
6616 , 32356 , 8.50 , -34.4 , 0 , 17.46 , 4.164 , 4.901 , 256.80 , 33.66
6626 , 32412 , 8.43 , -34.3 , 0 , 17.44 , 4.137 , 4.909 , 257.06 , 33.40
6636 , 32456 , 8.37 , -34.2 , 0 , 17.42 , 4.111 , 4.909 , 257.27 , 33.19
6646 , 32508 , 8.31 , -34.2 , 0 , 17.40 , 4.101 , 4.933 , 257.51 , 32.95
6656 , 32553 , 8.26 , -34.2 , 0 , 17.38 , 4.095 , 4.958 , 257.72 , 32.74
6666 , 32607 , 8.20 , -34.2 , 0 , 17.36 , 4.052 , 4.944 , 257.96 , 32.49
6676 , 32657 , 8.14 , -34.1 , 0 , 17.34 , 3.998 , 4.913 , 258.19 , 32.27
6686 , 32712 , 8.07 , -34.1 , 0 , 17.32 , 3.966 , 4.912 , 258.44 , 32.02
6696 , 32757 , 8.02 , -33.9 , 0 , 17.30 , 3.937 , 4.907 , 258.64 , 31.82
6706 , 32809 , 7.96 , -33.8 , 0 , 17.28 , 3.940 , 4.948 , 258.87 , 31.59
6716 , 32857 , 7.91 , -33.5 , 0 , 17.26 , 3.912 , 4.947 , 259.08 , 31.37
6726 , 32906 , 7.85 , -33.1 , 0 , 17.23 , 3.883 , 4.945 , 259.30 , 31.16
6736 , 32950 , 7.80 , -32.8 , 0 , 17.22 , 3.876 , 4.966 , 259.49 , 30.97
6746 , 32990 , 7.76 , -32.4 , 0 , 17.20 , 3.885 , 5.005 , 259.66 , 30.80
6756 , 33046 , 7.70 , -32.2 , 0 , 17.17 , 3.866 , 5.021 , 259.91 , 30.55
6765 , 33091 , 7.65 , -32.0 , 0 , 17.15 , 3.848 , 5.030 , 260.10 , 30.36
6775 , 33137 , 7.60 , -31.8 , 0 , 17.13 , 3.813 , 5.017 , 260.30 , 30.16
6785 , 33188 , 7.55 , -31.7 , 0 , 17.11 , 3.805 , 5.043 , 260.51 , 29.94
6795 , 33241 , 7.49 , -31.7 , 0 , 17.09 , 3.766 , 5.029 , 260.74 , 29.72
6805 , 33289 , 7.44 , -31.5 , 0 , 17.07 , 3.727 , 5.010 , 260.94 , 29.52
6815 , 33329 , 7.40 , -31.4 , 0 , 17.05 , 3.720 , 5.028 , 261.10 , 29.36
