# ------------------------------------------------------------
#
# Flight name: V1911
# Station: Davis
# Launch Date: 12 May 2011
# Launch Time: 11:15:22
# 
# This file created: Fri May 13 10:13:25 2011
# 
# 
# ------------------------------------------------------------
# DATA COLUMNS
# Time (s)
# Height (m)
# Atmospheric Pressure (hPa)
# Atmospheric Temperature (°C)
# Relative Humidity (%)
# Box Temperature (°C)
# Ozone Partial Pressure (mPa)
# Ozone Mixing Ratio (ppmV)
# Accumulated Ozone to this Height (Dobson Units)
# Remaining Ozone above this Height (Dobson Units)
# 
# ------------------------------------------------------------
# 
# Integrated Ozone = 215.4 DU
# Extrapolated Ozone =  30.1 DU
# 
# Total Ozone = 245.5 DU
# 
# 
# ------------------------------------------------------------
0 , 18 , 983.79 , -13.4 , 67 , 33.52 , 2.792 , 0.028 , 0.00 , 245.53
9 , 64 , 977.81 , -12.4 , 67 , 33.51 , 2.920 , 0.030 , 0.14 , 245.39
19 , 109 , 972.11 , -12.5 , 68 , 33.52 , 2.856 , 0.029 , 0.27 , 245.26
29 , 156 , 966.07 , -12.8 , 67 , 33.48 , 2.833 , 0.029 , 0.41 , 245.12
39 , 202 , 960.24 , -13.1 , 65 , 33.43 , 2.805 , 0.029 , 0.55 , 244.98
49 , 252 , 953.93 , -13.6 , 66 , 33.38 , 2.789 , 0.029 , 0.69 , 244.84
59 , 299 , 948.17 , -14.0 , 67 , 33.36 , 2.778 , 0.029 , 0.82 , 244.71
69 , 347 , 942.13 , -14.4 , 70 , 33.35 , 2.786 , 0.030 , 0.96 , 244.56
79 , 392 , 936.52 , -14.8 , 73 , 33.36 , 2.803 , 0.030 , 1.10 , 244.43
89 , 443 , 930.29 , -15.2 , 74 , 33.36 , 2.752 , 0.030 , 1.24 , 244.29
98 , 493 , 924.13 , -15.5 , 75 , 33.33 , 2.748 , 0.030 , 1.39 , 244.14
108 , 540 , 918.31 , -15.8 , 75 , 33.31 , 2.738 , 0.030 , 1.52 , 244.01
118 , 591 , 912.18 , -16.2 , 75 , 33.31 , 2.710 , 0.030 , 1.67 , 243.86
128 , 644 , 905.76 , -16.5 , 77 , 33.29 , 2.704 , 0.030 , 1.82 , 243.71
138 , 697 , 899.36 , -16.8 , 81 , 33.27 , 2.700 , 0.030 , 1.97 , 243.56
148 , 750 , 893.06 , -17.0 , 81 , 33.24 , 2.699 , 0.030 , 2.12 , 243.41
158 , 805 , 886.54 , -17.2 , 80 , 33.24 , 2.703 , 0.030 , 2.28 , 243.25
168 , 858 , 880.30 , -17.6 , 81 , 33.25 , 2.691 , 0.031 , 2.43 , 243.10
178 , 908 , 874.43 , -17.8 , 80 , 33.24 , 2.665 , 0.030 , 2.57 , 242.96
188 , 954 , 869.07 , -18.0 , 77 , 33.22 , 2.659 , 0.031 , 2.70 , 242.83
198 , 1001 , 863.60 , -18.4 , 78 , 33.22 , 2.654 , 0.031 , 2.83 , 242.70
208 , 1053 , 857.60 , -18.8 , 79 , 33.20 , 2.641 , 0.031 , 2.97 , 242.56
218 , 1101 , 852.03 , -19.2 , 80 , 33.16 , 2.616 , 0.031 , 3.11 , 242.42
227 , 1152 , 846.26 , -19.5 , 81 , 33.14 , 2.602 , 0.031 , 3.25 , 242.28
237 , 1201 , 840.74 , -19.4 , 82 , 33.12 , 2.589 , 0.031 , 3.38 , 242.15
247 , 1257 , 834.34 , -19.0 , 81 , 33.07 , 2.564 , 0.031 , 3.54 , 241.99
257 , 1311 , 828.39 , -19.2 , 82 , 33.04 , 2.539 , 0.031 , 3.68 , 241.85
267 , 1361 , 822.84 , -19.6 , 83 , 33.02 , 2.516 , 0.031 , 3.82 , 241.71
277 , 1413 , 817.07 , -20.0 , 85 , 33.00 , 2.496 , 0.031 , 3.96 , 241.57
287 , 1465 , 811.31 , -20.5 , 86 , 32.98 , 2.474 , 0.030 , 4.09 , 241.43
297 , 1519 , 805.39 , -20.8 , 87 , 32.93 , 2.460 , 0.031 , 4.24 , 241.29
307 , 1573 , 799.56 , -20.8 , 84 , 32.89 , 2.444 , 0.031 , 4.38 , 241.15
317 , 1621 , 794.41 , -20.8 , 82 , 32.88 , 2.427 , 0.031 , 4.50 , 241.03
327 , 1672 , 788.96 , -21.1 , 81 , 32.86 , 2.415 , 0.031 , 4.63 , 240.90
337 , 1720 , 783.85 , -21.6 , 82 , 32.83 , 2.377 , 0.030 , 4.76 , 240.77
347 , 1770 , 778.46 , -21.9 , 84 , 32.76 , 2.363 , 0.030 , 4.89 , 240.64
357 , 1820 , 773.18 , -22.2 , 87 , 32.71 , 2.350 , 0.030 , 5.01 , 240.52
367 , 1875 , 767.50 , -22.1 , 86 , 32.67 , 2.328 , 0.030 , 5.15 , 240.38
377 , 1925 , 762.23 , -22.0 , 83 , 32.65 , 2.297 , 0.030 , 5.27 , 240.25
387 , 1975 , 757.08 , -21.9 , 83 , 32.61 , 2.261 , 0.030 , 5.40 , 240.13
397 , 2026 , 751.92 , -21.5 , 83 , 32.57 , 2.243 , 0.030 , 5.52 , 240.01
406 , 2071 , 747.29 , -21.7 , 81 , 32.54 , 2.218 , 0.030 , 5.63 , 239.90
415 , 2112 , 743.17 , -22.0 , 80 , 32.49 , 2.198 , 0.030 , 5.72 , 239.81
425 , 2156 , 738.71 , -22.3 , 80 , 32.45 , 2.173 , 0.029 , 5.83 , 239.70
435 , 2207 , 733.57 , -22.7 , 83 , 32.43 , 2.153 , 0.029 , 5.95 , 239.58
445 , 2256 , 728.72 , -23.1 , 84 , 32.38 , 2.146 , 0.029 , 6.06 , 239.47
455 , 2310 , 723.38 , -23.5 , 84 , 32.34 , 2.132 , 0.029 , 6.18 , 239.35
465 , 2366 , 717.85 , -23.9 , 81 , 32.31 , 2.110 , 0.029 , 6.31 , 239.22
475 , 2415 , 713.05 , -24.3 , 81 , 32.30 , 2.103 , 0.029 , 6.42 , 239.11
485 , 2465 , 708.12 , -24.4 , 82 , 32.26 , 2.083 , 0.029 , 6.54 , 238.99
495 , 2523 , 702.52 , -24.5 , 81 , 32.23 , 2.077 , 0.030 , 6.67 , 238.86
505 , 2583 , 696.70 , -24.9 , 81 , 32.20 , 2.056 , 0.030 , 6.80 , 238.73
515 , 2636 , 691.67 , -25.4 , 83 , 32.16 , 2.047 , 0.030 , 6.92 , 238.61
525 , 2681 , 687.39 , -25.8 , 87 , 32.12 , 2.046 , 0.030 , 7.02 , 238.51
535 , 2732 , 682.56 , -26.3 , 91 , 32.09 , 2.027 , 0.030 , 7.13 , 238.40
545 , 2782 , 677.86 , -26.6 , 91 , 32.06 , 2.015 , 0.030 , 7.24 , 238.29
555 , 2839 , 672.54 , -26.9 , 85 , 32.02 , 1.993 , 0.030 , 7.37 , 238.16
565 , 2887 , 668.05 , -27.2 , 78 , 31.98 , 1.969 , 0.029 , 7.47 , 238.06
575 , 2937 , 663.46 , -27.6 , 78 , 31.92 , 1.958 , 0.030 , 7.58 , 237.95
585 , 2990 , 658.59 , -28.0 , 78 , 31.87 , 1.935 , 0.029 , 7.69 , 237.84
595 , 3041 , 653.94 , -28.5 , 80 , 31.81 , 1.922 , 0.029 , 7.80 , 237.73
604 , 3083 , 650.06 , -28.7 , 83 , 31.77 , 1.894 , 0.029 , 7.89 , 237.64
614 , 3131 , 645.71 , -29.0 , 85 , 31.76 , 1.879 , 0.029 , 7.99 , 237.54
624 , 3180 , 641.31 , -29.3 , 81 , 31.73 , 1.881 , 0.029 , 8.09 , 237.44
634 , 3231 , 636.78 , -29.6 , 80 , 31.67 , 1.877 , 0.029 , 8.20 , 237.33
644 , 3285 , 631.90 , -30.0 , 80 , 31.64 , 1.892 , 0.030 , 8.31 , 237.22
654 , 3343 , 626.83 , -30.5 , 80 , 31.61 , 1.887 , 0.030 , 8.43 , 237.10
664 , 3396 , 622.16 , -31.0 , 81 , 31.57 , 1.875 , 0.030 , 8.54 , 236.99
674 , 3449 , 617.50 , -31.4 , 80 , 31.54 , 1.859 , 0.030 , 8.65 , 236.88
684 , 3508 , 612.37 , -31.8 , 81 , 31.50 , 1.862 , 0.030 , 8.78 , 236.75
694 , 3562 , 607.73 , -32.0 , 78 , 31.46 , 1.818 , 0.030 , 8.89 , 236.64
704 , 3619 , 602.77 , -32.3 , 75 , 31.40 , 1.805 , 0.030 , 9.00 , 236.53
714 , 3676 , 597.92 , -32.8 , 73 , 31.35 , 1.802 , 0.030 , 9.12 , 236.41
723 , 3737 , 592.82 , -33.3 , 76 , 31.31 , 1.790 , 0.030 , 9.24 , 236.29
733 , 3803 , 587.24 , -33.8 , 78 , 31.25 , 1.761 , 0.030 , 9.37 , 236.16
743 , 3864 , 582.15 , -34.1 , 76 , 31.20 , 1.764 , 0.030 , 9.49 , 236.04
753 , 3926 , 577.00 , -34.5 , 77 , 31.15 , 1.756 , 0.030 , 9.62 , 235.91
763 , 3987 , 571.99 , -34.9 , 75 , 31.10 , 1.742 , 0.030 , 9.74 , 235.79
773 , 4049 , 566.89 , -35.4 , 75 , 31.08 , 1.733 , 0.031 , 9.86 , 235.67
783 , 4102 , 562.63 , -35.8 , 76 , 31.05 , 1.717 , 0.031 , 9.96 , 235.57
793 , 4152 , 558.60 , -36.0 , 76 , 31.00 , 1.707 , 0.031 , 10.06 , 235.47
803 , 4208 , 554.08 , -36.3 , 77 , 30.96 , 1.706 , 0.031 , 10.17 , 235.36
813 , 4253 , 550.48 , -36.4 , 72 , 30.93 , 1.695 , 0.031 , 10.26 , 235.27
823 , 4300 , 546.79 , -36.6 , 70 , 30.91 , 1.700 , 0.031 , 10.35 , 235.18
833 , 4355 , 542.47 , -36.9 , 70 , 30.88 , 1.707 , 0.031 , 10.45 , 235.08
843 , 4409 , 538.24 , -37.2 , 69 , 30.84 , 1.697 , 0.032 , 10.56 , 234.97
853 , 4467 , 533.74 , -37.4 , 69 , 30.80 , 1.693 , 0.032 , 10.67 , 234.86
863 , 4520 , 529.62 , -37.5 , 72 , 30.74 , 1.722 , 0.033 , 10.78 , 234.75
873 , 4578 , 525.18 , -37.7 , 72 , 30.69 , 1.760 , 0.034 , 10.89 , 234.64
883 , 4636 , 520.77 , -37.9 , 73 , 30.66 , 1.752 , 0.034 , 11.01 , 234.52
893 , 4692 , 516.59 , -38.0 , 74 , 30.60 , 1.709 , 0.033 , 11.12 , 234.41
903 , 4739 , 513.06 , -38.2 , 73 , 30.56 , 1.702 , 0.033 , 11.21 , 234.32
913 , 4790 , 509.31 , -38.4 , 73 , 30.51 , 1.725 , 0.034 , 11.31 , 234.22
923 , 4837 , 505.84 , -38.4 , 72 , 30.44 , 1.754 , 0.035 , 11.40 , 234.13
933 , 4888 , 502.06 , -38.7 , 71 , 30.40 , 1.741 , 0.035 , 11.51 , 234.02
943 , 4942 , 498.11 , -38.9 , 70 , 30.36 , 1.717 , 0.034 , 11.61 , 233.91
953 , 4990 , 494.68 , -39.3 , 71 , 30.30 , 1.708 , 0.035 , 11.71 , 233.82
963 , 5042 , 490.92 , -39.5 , 71 , 30.24 , 1.720 , 0.035 , 11.81 , 233.72
973 , 5100 , 486.78 , -39.8 , 70 , 30.18 , 1.732 , 0.036 , 11.93 , 233.60
983 , 5154 , 482.92 , -40.1 , 68 , 30.13 , 1.712 , 0.035 , 12.04 , 233.49
993 , 5210 , 478.99 , -40.4 , 68 , 30.06 , 1.694 , 0.035 , 12.14 , 233.38
1003 , 5266 , 475.06 , -40.6 , 67 , 30.02 , 1.678 , 0.035 , 12.25 , 233.27
1013 , 5324 , 471.00 , -40.8 , 66 , 29.98 , 1.643 , 0.035 , 12.37 , 233.16
1023 , 5380 , 467.16 , -41.1 , 65 , 29.93 , 1.634 , 0.035 , 12.47 , 233.06
1033 , 5438 , 463.17 , -41.4 , 64 , 29.88 , 1.632 , 0.035 , 12.58 , 232.95
1042 , 5485 , 459.96 , -41.7 , 65 , 29.81 , 1.636 , 0.036 , 12.67 , 232.86
1052 , 5533 , 456.75 , -42.1 , 65 , 29.77 , 1.631 , 0.036 , 12.76 , 232.77
1062 , 5587 , 453.07 , -42.4 , 65 , 29.74 , 1.614 , 0.036 , 12.87 , 232.66
1072 , 5644 , 449.28 , -42.9 , 65 , 29.69 , 1.608 , 0.036 , 12.97 , 232.56
1082 , 5704 , 445.28 , -43.3 , 66 , 29.63 , 1.590 , 0.036 , 13.09 , 232.44
1092 , 5757 , 441.79 , -43.7 , 66 , 29.57 , 1.599 , 0.036 , 13.19 , 232.34
1102 , 5809 , 438.41 , -43.9 , 65 , 29.51 , 1.631 , 0.037 , 13.28 , 232.25
1112 , 5863 , 434.90 , -44.2 , 65 , 29.46 , 1.678 , 0.039 , 13.39 , 232.14
1122 , 5918 , 431.35 , -44.5 , 65 , 29.42 , 1.688 , 0.039 , 13.50 , 232.03
1132 , 5974 , 427.75 , -44.7 , 64 , 29.39 , 1.677 , 0.039 , 13.61 , 231.92
1142 , 6031 , 424.08 , -45.1 , 63 , 29.33 , 1.657 , 0.039 , 13.72 , 231.81
1152 , 6088 , 420.50 , -45.5 , 62 , 29.26 , 1.651 , 0.039 , 13.83 , 231.70
1162 , 6145 , 416.91 , -45.9 , 62 , 29.22 , 1.626 , 0.039 , 13.94 , 231.59
1172 , 6210 , 412.83 , -46.3 , 62 , 29.17 , 1.597 , 0.039 , 14.07 , 231.46
1182 , 6270 , 409.12 , -46.6 , 61 , 29.11 , 1.565 , 0.038 , 14.18 , 231.35
1192 , 6328 , 405.57 , -47.0 , 59 , 29.07 , 1.532 , 0.038 , 14.29 , 231.24
1202 , 6384 , 402.13 , -47.4 , 60 , 29.02 , 1.507 , 0.037 , 14.39 , 231.14
1212 , 6431 , 399.31 , -47.7 , 61 , 28.97 , 1.496 , 0.037 , 14.47 , 231.06
1222 , 6484 , 396.10 , -48.1 , 62 , 28.94 , 1.488 , 0.038 , 14.57 , 230.96
1232 , 6539 , 392.78 , -48.4 , 62 , 28.89 , 1.485 , 0.038 , 14.67 , 230.86
1242 , 6600 , 389.19 , -48.9 , 62 , 28.85 , 1.485 , 0.038 , 14.77 , 230.75
1252 , 6658 , 385.77 , -49.4 , 62 , 28.79 , 1.487 , 0.039 , 14.88 , 230.65
1262 , 6714 , 382.45 , -49.8 , 62 , 28.73 , 1.461 , 0.038 , 14.98 , 230.55
1272 , 6769 , 379.24 , -50.1 , 62 , 28.68 , 1.397 , 0.037 , 15.07 , 230.46
1282 , 6828 , 375.83 , -50.5 , 61 , 28.62 , 1.358 , 0.036 , 15.17 , 230.36
1292 , 6881 , 372.77 , -50.9 , 60 , 28.55 , 1.364 , 0.037 , 15.26 , 230.27
1302 , 6936 , 369.65 , -51.2 , 59 , 28.49 , 1.374 , 0.037 , 15.35 , 230.18
1312 , 6994 , 366.35 , -51.6 , 59 , 28.45 , 1.368 , 0.037 , 15.45 , 230.08
1322 , 7044 , 363.52 , -51.9 , 58 , 28.41 , 1.369 , 0.038 , 15.53 , 230.00
1332 , 7097 , 360.60 , -52.4 , 59 , 28.35 , 1.356 , 0.038 , 15.62 , 229.91
1342 , 7145 , 357.89 , -52.7 , 61 , 28.30 , 1.324 , 0.037 , 15.70 , 229.83
1351 , 7189 , 355.48 , -53.1 , 60 , 28.26 , 1.312 , 0.037 , 15.77 , 229.76
1361 , 7238 , 352.79 , -53.4 , 59 , 28.22 , 1.344 , 0.038 , 15.85 , 229.68
1371 , 7308 , 348.94 , -53.9 , 57 , 28.17 , 1.331 , 0.038 , 15.96 , 229.57
1381 , 7361 , 346.08 , -54.3 , 56 , 28.12 , 1.312 , 0.038 , 16.05 , 229.48
1391 , 7414 , 343.25 , -54.7 , 56 , 28.07 , 1.290 , 0.038 , 16.13 , 229.40
1401 , 7459 , 340.82 , -54.9 , 55 , 28.03 , 1.277 , 0.037 , 16.21 , 229.32
1411 , 7506 , 338.31 , -55.2 , 54 , 27.98 , 1.283 , 0.038 , 16.28 , 229.25
1421 , 7556 , 335.65 , -55.5 , 52 , 27.93 , 1.330 , 0.040 , 16.36 , 229.17
1431 , 7613 , 332.66 , -56.0 , 51 , 27.87 , 1.370 , 0.041 , 16.46 , 229.07
1441 , 7665 , 329.95 , -56.2 , 52 , 27.81 , 1.456 , 0.044 , 16.55 , 228.98
1451 , 7717 , 327.29 , -56.4 , 53 , 27.74 , 1.569 , 0.048 , 16.65 , 228.88
1461 , 7768 , 324.66 , -56.8 , 54 , 27.68 , 1.650 , 0.051 , 16.75 , 228.78
1471 , 7826 , 321.68 , -57.1 , 54 , 27.63 , 1.670 , 0.052 , 16.87 , 228.66
1481 , 7878 , 319.08 , -57.5 , 54 , 27.59 , 1.681 , 0.053 , 16.98 , 228.55
1491 , 7936 , 316.14 , -58.0 , 54 , 27.55 , 1.674 , 0.053 , 17.10 , 228.43
1501 , 7985 , 313.70 , -58.4 , 56 , 27.50 , 1.662 , 0.053 , 17.20 , 228.33
1511 , 8039 , 310.98 , -58.8 , 57 , 27.45 , 1.653 , 0.053 , 17.31 , 228.21
1521 , 8094 , 308.27 , -59.3 , 59 , 27.39 , 1.639 , 0.053 , 17.43 , 228.10
1531 , 8147 , 305.70 , -59.6 , 59 , 27.34 , 1.648 , 0.054 , 17.54 , 227.99
1541 , 8201 , 303.04 , -59.9 , 60 , 27.29 , 1.673 , 0.055 , 17.65 , 227.88
1551 , 8247 , 300.84 , -60.2 , 61 , 27.24 , 1.753 , 0.058 , 17.75 , 227.78
1561 , 8295 , 298.53 , -60.6 , 62 , 27.19 , 1.796 , 0.060 , 17.86 , 227.67
1571 , 8344 , 296.15 , -61.0 , 63 , 27.14 , 1.802 , 0.061 , 17.97 , 227.56
1581 , 8389 , 294.04 , -61.2 , 65 , 27.08 , 1.841 , 0.063 , 18.07 , 227.46
1591 , 8444 , 291.43 , -61.6 , 67 , 27.01 , 1.852 , 0.064 , 18.20 , 227.33
1600 , 8486 , 289.46 , -61.8 , 68 , 26.94 , 1.887 , 0.065 , 18.30 , 227.23
1610 , 8530 , 287.42 , -62.1 , 70 , 26.89 , 1.919 , 0.067 , 18.41 , 227.12
1620 , 8578 , 285.17 , -62.3 , 72 , 26.84 , 1.985 , 0.070 , 18.53 , 227.00
1630 , 8637 , 282.46 , -62.0 , 72 , 26.79 , 2.178 , 0.077 , 18.69 , 226.84
1640 , 8688 , 280.15 , -62.2 , 70 , 26.73 , 2.382 , 0.085 , 18.84 , 226.69
1650 , 8742 , 277.70 , -62.2 , 69 , 26.68 , 2.531 , 0.091 , 19.01 , 226.52
1660 , 8796 , 275.31 , -62.3 , 67 , 26.63 , 2.662 , 0.097 , 19.18 , 226.35
1669 , 8836 , 273.53 , -62.3 , 64 , 26.58 , 2.779 , 0.102 , 19.32 , 226.21
1679 , 8882 , 271.49 , -62.1 , 61 , 26.52 , 2.838 , 0.105 , 19.49 , 226.04
1689 , 8932 , 269.28 , -62.1 , 58 , 26.47 , 2.878 , 0.107 , 19.67 , 225.86
1699 , 8975 , 267.45 , -62.2 , 56 , 26.40 , 2.944 , 0.110 , 19.83 , 225.70
1709 , 9022 , 265.40 , -62.1 , 53 , 26.34 , 2.998 , 0.113 , 20.01 , 225.52
1719 , 9070 , 263.33 , -62.0 , 50 , 26.29 , 3.100 , 0.118 , 20.20 , 225.33
1729 , 9114 , 261.48 , -61.8 , 47 , 26.24 , 3.201 , 0.122 , 20.37 , 225.16
1739 , 9158 , 259.62 , -61.5 , 43 , 26.20 , 3.366 , 0.130 , 20.56 , 224.97
1749 , 9204 , 257.72 , -60.5 , 39 , 26.15 , 3.552 , 0.138 , 20.76 , 224.77
1759 , 9256 , 255.56 , -59.5 , 34 , 26.10 , 3.850 , 0.151 , 21.00 , 224.52
1769 , 9304 , 253.61 , -59.1 , 29 , 26.04 , 4.149 , 0.164 , 21.25 , 224.28
1779 , 9350 , 251.75 , -59.0 , 24 , 25.98 , 4.394 , 0.175 , 21.49 , 224.03
1788 , 9394 , 250.02 , -59.1 , 20 , 25.93 , 4.565 , 0.183 , 21.74 , 223.79
1798 , 9444 , 248.02 , -58.8 , 17 , 25.87 , 4.683 , 0.189 , 22.03 , 223.50
1808 , 9497 , 245.95 , -58.9 , 15 , 25.81 , 4.731 , 0.192 , 22.34 , 223.19
1818 , 9545 , 244.06 , -58.8 , 13 , 25.75 , 4.724 , 0.194 , 22.63 , 222.90
1828 , 9596 , 242.08 , -59.1 , 12 , 25.69 , 4.668 , 0.193 , 22.93 , 222.60
1838 , 9642 , 240.29 , -59.4 , 11 , 25.63 , 4.569 , 0.190 , 23.20 , 222.33
1848 , 9683 , 238.73 , -59.6 , 10 , 25.57 , 4.488 , 0.188 , 23.44 , 222.09
1858 , 9724 , 237.18 , -59.7 , 10 , 25.52 , 4.399 , 0.185 , 23.66 , 221.86
1868 , 9765 , 235.64 , -59.8 , 10 , 25.48 , 4.376 , 0.186 , 23.89 , 221.64
1878 , 9804 , 234.15 , -60.1 , 9 , 25.42 , 4.356 , 0.186 , 24.11 , 221.42
1888 , 9854 , 232.28 , -59.9 , 9 , 25.36 , 4.349 , 0.187 , 24.38 , 221.14
1898 , 9904 , 230.44 , -59.9 , 8 , 25.29 , 4.371 , 0.190 , 24.66 , 220.87
1908 , 9955 , 228.56 , -60.1 , 8 , 25.23 , 4.364 , 0.191 , 24.94 , 220.59
1918 , 9996 , 227.07 , -59.9 , 7 , 25.17 , 4.425 , 0.195 , 25.17 , 220.36
1928 , 10033 , 225.73 , -59.6 , 7 , 25.12 , 4.473 , 0.198 , 25.37 , 220.16
1938 , 10072 , 224.30 , -59.7 , 7 , 25.06 , 4.518 , 0.201 , 25.60 , 219.93
1948 , 10110 , 222.94 , -59.4 , 6 , 25.00 , 4.515 , 0.203 , 25.82 , 219.71
1958 , 10149 , 221.57 , -59.1 , 6 , 24.96 , 4.542 , 0.205 , 26.04 , 219.49
1967 , 10189 , 220.15 , -58.9 , 6 , 24.90 , 4.509 , 0.205 , 26.27 , 219.26
1976 , 10223 , 218.99 , -58.7 , 6 , 24.84 , 4.491 , 0.205 , 26.45 , 219.07
1986 , 10257 , 217.80 , -58.6 , 6 , 24.80 , 4.450 , 0.204 , 26.65 , 218.88
1996 , 10294 , 216.51 , -58.8 , 6 , 24.75 , 4.350 , 0.201 , 26.85 , 218.68
2006 , 10335 , 215.11 , -58.8 , 6 , 24.70 , 4.205 , 0.195 , 27.07 , 218.46
2016 , 10375 , 213.75 , -58.4 , 6 , 24.65 , 4.217 , 0.197 , 27.28 , 218.25
2026 , 10413 , 212.46 , -58.4 , 6 , 24.59 , 4.261 , 0.201 , 27.48 , 218.04
2036 , 10453 , 211.09 , -58.4 , 6 , 24.53 , 4.201 , 0.199 , 27.70 , 217.83
2046 , 10494 , 209.72 , -58.4 , 6 , 24.47 , 4.084 , 0.195 , 27.91 , 217.62
2056 , 10536 , 208.34 , -58.2 , 6 , 24.42 , 3.978 , 0.191 , 28.12 , 217.40
2066 , 10580 , 206.87 , -58.1 , 6 , 24.36 , 3.992 , 0.193 , 28.35 , 217.18
2076 , 10629 , 205.29 , -58.4 , 5 , 24.30 , 4.155 , 0.202 , 28.59 , 216.94
2086 , 10670 , 203.93 , -58.8 , 5 , 24.25 , 4.282 , 0.210 , 28.82 , 216.71
2096 , 10712 , 202.59 , -58.6 , 5 , 24.20 , 4.376 , 0.216 , 29.04 , 216.49
2106 , 10755 , 201.20 , -58.3 , 4 , 24.14 , 4.599 , 0.229 , 29.28 , 216.25
2116 , 10794 , 199.94 , -58.5 , 4 , 24.09 , 4.719 , 0.236 , 29.51 , 216.01
2126 , 10835 , 198.65 , -58.2 , 4 , 24.04 , 4.814 , 0.242 , 29.76 , 215.77
2136 , 10876 , 197.35 , -58.0 , 4 , 23.99 , 4.957 , 0.251 , 30.01 , 215.52
2146 , 10919 , 196.02 , -58.1 , 3 , 23.93 , 4.958 , 0.253 , 30.28 , 215.25
2156 , 10961 , 194.71 , -58.3 , 3 , 23.87 , 4.907 , 0.252 , 30.54 , 214.99
2166 , 11002 , 193.45 , -58.4 , 3 , 23.83 , 4.914 , 0.254 , 30.79 , 214.74
2176 , 11044 , 192.17 , -58.5 , 3 , 23.78 , 4.841 , 0.252 , 31.04 , 214.49
2186 , 11086 , 190.87 , -58.8 , 3 , 23.72 , 4.804 , 0.252 , 31.30 , 214.23
2196 , 11127 , 189.62 , -59.0 , 3 , 23.67 , 4.679 , 0.247 , 31.55 , 213.98
2205 , 11167 , 188.45 , -58.7 , 3 , 23.62 , 4.624 , 0.245 , 31.78 , 213.75
2215 , 11205 , 187.30 , -58.6 , 3 , 23.57 , 4.528 , 0.242 , 32.00 , 213.53
2225 , 11244 , 186.13 , -58.4 , 3 , 23.52 , 4.478 , 0.241 , 32.22 , 213.31
2235 , 11285 , 184.92 , -58.1 , 3 , 23.48 , 4.501 , 0.243 , 32.45 , 213.08
2245 , 11326 , 183.72 , -57.8 , 3 , 23.43 , 4.466 , 0.243 , 32.68 , 212.85
2255 , 11368 , 182.49 , -57.9 , 3 , 23.38 , 4.239 , 0.232 , 32.91 , 212.62
2265 , 11412 , 181.25 , -58.1 , 3 , 23.33 , 4.146 , 0.229 , 33.14 , 212.39
2275 , 11456 , 179.96 , -58.2 , 3 , 23.28 , 4.256 , 0.236 , 33.37 , 212.16
2285 , 11503 , 178.63 , -58.3 , 3 , 23.23 , 4.331 , 0.242 , 33.62 , 211.90
2294 , 11546 , 177.42 , -58.6 , 2 , 23.18 , 4.245 , 0.239 , 33.86 , 211.67
2304 , 11587 , 176.25 , -58.6 , 2 , 23.13 , 4.182 , 0.237 , 34.08 , 211.45
2314 , 11630 , 175.06 , -58.6 , 2 , 23.09 , 4.472 , 0.255 , 34.31 , 211.22
2324 , 11679 , 173.70 , -58.9 , 2 , 23.04 , 4.747 , 0.273 , 34.59 , 210.94
2334 , 11722 , 172.52 , -59.0 , 2 , 22.99 , 4.876 , 0.283 , 34.85 , 210.68
2344 , 11762 , 171.41 , -59.1 , 2 , 22.94 , 4.675 , 0.273 , 35.09 , 210.44
2353 , 11800 , 170.39 , -59.1 , 2 , 22.89 , 4.676 , 0.274 , 35.31 , 210.22
2363 , 11839 , 169.33 , -59.1 , 2 , 22.84 , 4.917 , 0.290 , 35.55 , 209.98
2373 , 11879 , 168.24 , -59.1 , 2 , 22.79 , 5.037 , 0.299 , 35.80 , 209.73
2383 , 11920 , 167.14 , -58.9 , 2 , 22.74 , 4.999 , 0.299 , 36.06 , 209.47
2393 , 11981 , 165.53 , -58.8 , 2 , 22.70 , 4.943 , 0.299 , 36.44 , 209.09
2403 , 12035 , 164.12 , -58.8 , 2 , 22.65 , 4.909 , 0.299 , 36.78 , 208.75
2413 , 12082 , 162.88 , -59.1 , 2 , 22.61 , 5.025 , 0.308 , 37.07 , 208.46
2423 , 12123 , 161.83 , -59.4 , 2 , 22.57 , 5.242 , 0.324 , 37.33 , 208.19
2433 , 12159 , 160.89 , -59.5 , 2 , 22.52 , 5.417 , 0.337 , 37.58 , 207.95
2443 , 12200 , 159.83 , -59.6 , 2 , 22.48 , 5.642 , 0.353 , 37.87 , 207.66
2453 , 12241 , 158.78 , -59.6 , 2 , 22.44 , 5.992 , 0.377 , 38.17 , 207.36
2463 , 12281 , 157.77 , -59.9 , 2 , 22.39 , 6.243 , 0.396 , 38.48 , 207.05
2473 , 12322 , 156.74 , -60.1 , 2 , 22.35 , 6.438 , 0.411 , 38.81 , 206.72
2483 , 12362 , 155.73 , -60.4 , 2 , 22.30 , 6.527 , 0.419 , 39.14 , 206.39
2493 , 12401 , 154.76 , -60.7 , 2 , 22.26 , 6.517 , 0.421 , 39.46 , 206.07
2503 , 12442 , 153.75 , -60.8 , 2 , 22.22 , 6.354 , 0.413 , 39.79 , 205.74
2513 , 12485 , 152.70 , -61.0 , 2 , 22.18 , 6.383 , 0.418 , 40.13 , 205.39
2523 , 12527 , 151.67 , -61.0 , 2 , 22.13 , 6.580 , 0.434 , 40.48 , 205.05
2533 , 12572 , 150.56 , -60.8 , 2 , 22.08 , 6.599 , 0.438 , 40.86 , 204.67
2543 , 12616 , 149.50 , -60.9 , 3 , 22.04 , 6.489 , 0.434 , 41.23 , 204.30
2553 , 12656 , 148.55 , -61.2 , 3 , 22.00 , 6.390 , 0.430 , 41.55 , 203.98
2563 , 12697 , 147.57 , -61.4 , 3 , 21.97 , 6.247 , 0.423 , 41.88 , 203.65
2573 , 12735 , 146.66 , -61.3 , 3 , 21.92 , 5.832 , 0.398 , 42.18 , 203.35
2583 , 12775 , 145.72 , -61.3 , 3 , 21.87 , 5.624 , 0.386 , 42.47 , 203.06
2592 , 12813 , 144.82 , -61.4 , 3 , 21.83 , 5.770 , 0.398 , 42.74 , 202.78
2602 , 12853 , 143.91 , -61.4 , 3 , 21.79 , 6.030 , 0.419 , 43.04 , 202.49
2612 , 12893 , 142.97 , -61.2 , 3 , 21.74 , 6.163 , 0.431 , 43.36 , 202.17
2622 , 12935 , 142.01 , -61.3 , 3 , 21.70 , 6.264 , 0.441 , 43.68 , 201.84
2632 , 12976 , 141.08 , -61.4 , 3 , 21.65 , 6.439 , 0.456 , 44.01 , 201.51
2642 , 13017 , 140.15 , -61.5 , 3 , 21.60 , 6.620 , 0.472 , 44.36 , 201.17
2652 , 13057 , 139.24 , -61.6 , 3 , 21.55 , 6.742 , 0.484 , 44.70 , 200.83
2661 , 13097 , 138.35 , -61.7 , 3 , 21.51 , 6.734 , 0.487 , 45.04 , 200.49
2672 , 13140 , 137.38 , -61.7 , 3 , 21.46 , 6.707 , 0.488 , 45.41 , 200.12
2682 , 13181 , 136.49 , -61.6 , 3 , 21.42 , 7.054 , 0.517 , 45.77 , 199.76
2692 , 13219 , 135.64 , -61.3 , 3 , 21.36 , 7.261 , 0.535 , 46.12 , 199.41
2702 , 13260 , 134.76 , -61.1 , 3 , 21.31 , 7.256 , 0.538 , 46.49 , 199.04
2712 , 13301 , 133.86 , -60.9 , 3 , 21.26 , 7.291 , 0.545 , 46.88 , 198.65
2722 , 13342 , 132.99 , -61.2 , 3 , 21.22 , 7.320 , 0.550 , 47.25 , 198.28
2732 , 13384 , 132.10 , -61.5 , 3 , 21.17 , 7.246 , 0.549 , 47.64 , 197.89
2742 , 13426 , 131.20 , -61.9 , 3 , 21.12 , 7.262 , 0.553 , 48.03 , 197.50
2752 , 13466 , 130.35 , -62.2 , 3 , 21.07 , 7.244 , 0.556 , 48.40 , 197.13
2762 , 13507 , 129.48 , -62.3 , 3 , 21.02 , 7.311 , 0.565 , 48.78 , 196.74
2772 , 13551 , 128.56 , -62.3 , 3 , 20.97 , 7.324 , 0.570 , 49.20 , 196.33
2782 , 13590 , 127.75 , -62.4 , 3 , 20.92 , 7.396 , 0.579 , 49.57 , 195.96
2792 , 13631 , 126.92 , -62.5 , 3 , 20.88 , 7.464 , 0.588 , 49.95 , 195.58
2802 , 13672 , 126.06 , -62.4 , 3 , 20.83 , 7.616 , 0.604 , 50.35 , 195.18
2812 , 13713 , 125.23 , -62.5 , 3 , 20.78 , 7.819 , 0.624 , 50.76 , 194.77
2822 , 13757 , 124.33 , -62.7 , 3 , 20.74 , 7.952 , 0.640 , 51.20 , 194.33
2832 , 13800 , 123.47 , -62.8 , 3 , 20.69 , 7.946 , 0.644 , 51.64 , 193.89
2842 , 13839 , 122.69 , -63.0 , 3 , 20.64 , 7.972 , 0.650 , 52.04 , 193.49
2852 , 13880 , 121.88 , -63.0 , 3 , 20.59 , 8.152 , 0.669 , 52.46 , 193.07
2862 , 13919 , 121.11 , -63.0 , 3 , 20.54 , 8.862 , 0.732 , 52.89 , 192.64
2872 , 13960 , 120.30 , -62.8 , 3 , 20.49 , 9.602 , 0.798 , 53.37 , 192.16
2882 , 14001 , 119.50 , -62.6 , 3 , 20.44 , 10.460 , 0.875 , 53.90 , 191.63
2891 , 14039 , 118.78 , -62.2 , 3 , 20.40 , 11.089 , 0.934 , 54.41 , 191.12
2900 , 14075 , 118.09 , -62.1 , 3 , 20.35 , 11.924 , 1.010 , 54.95 , 190.58
2910 , 14113 , 117.36 , -62.2 , 3 , 20.30 , 12.648 , 1.078 , 55.54 , 189.98
2920 , 14152 , 116.63 , -62.4 , 3 , 20.25 , 13.136 , 1.126 , 56.18 , 189.35
2930 , 14192 , 115.88 , -62.6 , 3 , 20.21 , 13.460 , 1.162 , 56.86 , 188.67
2940 , 14231 , 115.13 , -62.5 , 3 , 20.16 , 13.507 , 1.173 , 57.55 , 187.98
2950 , 14269 , 114.43 , -62.6 , 3 , 20.11 , 13.528 , 1.182 , 58.19 , 187.34
2960 , 14308 , 113.70 , -62.5 , 3 , 20.07 , 13.397 , 1.178 , 58.88 , 186.65
2970 , 14349 , 112.95 , -62.4 , 3 , 20.02 , 13.362 , 1.183 , 59.58 , 185.95
2980 , 14391 , 112.19 , -62.7 , 3 , 19.97 , 13.420 , 1.196 , 60.29 , 185.24
2990 , 14435 , 111.40 , -63.0 , 3 , 19.93 , 13.521 , 1.214 , 61.05 , 184.48
3000 , 14476 , 110.64 , -62.9 , 3 , 19.88 , 13.742 , 1.242 , 61.78 , 183.75
3010 , 14518 , 109.90 , -63.1 , 3 , 19.83 , 14.021 , 1.276 , 62.52 , 183.01
3020 , 14561 , 109.13 , -63.3 , 3 , 19.79 , 14.311 , 1.311 , 63.30 , 182.23
3030 , 14605 , 108.35 , -63.4 , 3 , 19.75 , 14.513 , 1.339 , 64.12 , 181.41
3039 , 14646 , 107.62 , -63.3 , 3 , 19.70 , 14.606 , 1.357 , 64.89 , 180.64
3049 , 14692 , 106.82 , -63.4 , 3 , 19.66 , 14.739 , 1.380 , 65.76 , 179.77
3059 , 14741 , 105.97 , -63.5 , 3 , 19.61 , 14.916 , 1.408 , 66.69 , 178.84
3069 , 14786 , 105.20 , -63.8 , 3 , 19.56 , 15.004 , 1.426 , 67.55 , 177.98
3079 , 14832 , 104.42 , -64.0 , 3 , 19.52 , 14.652 , 1.403 , 68.42 , 177.10
3089 , 14876 , 103.67 , -64.1 , 3 , 19.48 , 14.229 , 1.372 , 69.24 , 176.29
3099 , 14921 , 102.91 , -64.4 , 3 , 19.44 , 13.773 , 1.338 , 70.05 , 175.48
3109 , 14966 , 102.16 , -64.8 , 3 , 19.39 , 13.374 , 1.309 , 70.84 , 174.68
3119 , 15010 , 101.41 , -65.0 , 3 , 19.34 , 12.951 , 1.277 , 71.61 , 173.92
3129 , 15056 , 100.66 , -65.3 , 3 , 19.30 , 12.308 , 1.223 , 72.35 , 173.18
3139 , 15102 , 99.89 , -65.6 , 3 , 19.25 , 11.477 , 1.149 , 73.07 , 172.46
3149 , 15147 , 99.15 , -65.8 , 3 , 19.21 , 10.607 , 1.070 , 73.71 , 171.82
3159 , 15192 , 98.42 , -66.0 , 3 , 19.17 , 9.874 , 1.003 , 74.31 , 171.22
3169 , 15239 , 97.67 , -66.3 , 3 , 19.12 , 9.354 , 0.958 , 74.89 , 170.64
3179 , 15283 , 96.95 , -66.4 , 3 , 19.08 , 9.002 , 0.928 , 75.43 , 170.10
3189 , 15327 , 96.26 , -66.6 , 3 , 19.03 , 8.781 , 0.912 , 75.93 , 169.60
3198 , 15368 , 95.60 , -66.5 , 3 , 18.99 , 8.759 , 0.916 , 76.41 , 169.12
3208 , 15413 , 94.89 , -66.3 , 3 , 18.94 , 8.919 , 0.940 , 76.92 , 168.60
3218 , 15453 , 94.27 , -66.4 , 3 , 18.89 , 9.030 , 0.958 , 77.39 , 168.14
3228 , 15497 , 93.58 , -66.8 , 3 , 18.85 , 9.121 , 0.975 , 77.92 , 167.61
3238 , 15543 , 92.87 , -66.9 , 3 , 18.81 , 9.125 , 0.983 , 78.46 , 167.07
3248 , 15590 , 92.16 , -66.9 , 3 , 18.76 , 9.107 , 0.988 , 79.02 , 166.51
3258 , 15634 , 91.48 , -66.7 , 3 , 18.71 , 9.145 , 1.000 , 79.55 , 165.98
3268 , 15681 , 90.77 , -66.5 , 3 , 18.67 , 9.097 , 1.002 , 80.11 , 165.42
3278 , 15728 , 90.07 , -66.5 , 3 , 18.62 , 9.130 , 1.014 , 80.66 , 164.86
3288 , 15774 , 89.39 , -66.5 , 3 , 18.58 , 9.155 , 1.024 , 81.21 , 164.32
3298 , 15819 , 88.72 , -66.5 , 3 , 18.53 , 9.240 , 1.041 , 81.76 , 163.77
3308 , 15865 , 88.06 , -66.8 , 3 , 18.48 , 9.380 , 1.065 , 82.31 , 163.22
3318 , 15909 , 87.42 , -67.2 , 3 , 18.43 , 9.401 , 1.075 , 82.85 , 162.68
3328 , 15954 , 86.76 , -67.5 , 3 , 18.38 , 9.401 , 1.084 , 83.41 , 162.12
3338 , 16000 , 86.11 , -67.8 , 3 , 18.33 , 9.348 , 1.086 , 83.97 , 161.56
3348 , 16044 , 85.48 , -67.9 , 3 , 18.28 , 9.341 , 1.093 , 84.51 , 161.02
3358 , 16086 , 84.88 , -67.6 , 3 , 18.23 , 9.395 , 1.107 , 85.03 , 160.50
3368 , 16128 , 84.29 , -67.8 , 3 , 18.18 , 9.541 , 1.132 , 85.55 , 159.97
3378 , 16170 , 83.71 , -68.0 , 4 , 18.13 , 9.776 , 1.168 , 86.08 , 159.45
3388 , 16210 , 83.15 , -68.2 , 4 , 18.08 , 9.896 , 1.190 , 86.60 , 158.93
3398 , 16252 , 82.57 , -68.2 , 4 , 18.03 , 9.893 , 1.198 , 87.15 , 158.38
3408 , 16294 , 81.99 , -68.2 , 4 , 17.98 , 9.983 , 1.218 , 87.70 , 157.83
3418 , 16336 , 81.42 , -68.1 , 4 , 17.93 , 10.054 , 1.235 , 88.25 , 157.28
3428 , 16379 , 80.84 , -68.1 , 4 , 17.88 , 10.197 , 1.261 , 88.82 , 156.71
3438 , 16423 , 80.25 , -68.0 , 4 , 17.83 , 10.238 , 1.276 , 89.41 , 156.11
3448 , 16466 , 79.67 , -68.0 , 4 , 17.79 , 10.357 , 1.300 , 90.00 , 155.53
3458 , 16509 , 79.11 , -68.2 , 4 , 17.74 , 10.480 , 1.325 , 90.58 , 154.95
3468 , 16553 , 78.53 , -68.4 , 4 , 17.69 , 10.457 , 1.332 , 91.18 , 154.34
3478 , 16600 , 77.92 , -68.7 , 4 , 17.64 , 10.518 , 1.350 , 91.83 , 153.70
3488 , 16647 , 77.31 , -68.9 , 4 , 17.60 , 10.541 , 1.364 , 92.49 , 153.04
3498 , 16694 , 76.70 , -69.0 , 4 , 17.54 , 10.589 , 1.381 , 93.14 , 152.38
3508 , 16740 , 76.11 , -69.3 , 4 , 17.50 , 10.751 , 1.412 , 93.79 , 151.74
3517 , 16782 , 75.58 , -69.3 , 4 , 17.46 , 10.811 , 1.430 , 94.39 , 151.14
3527 , 16824 , 75.04 , -69.5 , 4 , 17.42 , 10.884 , 1.450 , 95.00 , 150.53
3537 , 16870 , 74.47 , -69.8 , 4 , 17.37 , 10.920 , 1.466 , 95.66 , 149.87
3547 , 16915 , 73.91 , -70.1 , 4 , 17.33 , 11.058 , 1.496 , 96.32 , 149.21
3557 , 16960 , 73.36 , -70.3 , 4 , 17.28 , 11.077 , 1.510 , 96.97 , 148.56
3567 , 17005 , 72.79 , -70.4 , 4 , 17.23 , 11.010 , 1.513 , 97.64 , 147.88
3577 , 17050 , 72.24 , -70.6 , 4 , 17.19 , 10.871 , 1.505 , 98.30 , 147.23
3587 , 17093 , 71.72 , -70.7 , 4 , 17.15 , 10.700 , 1.492 , 98.91 , 146.61
3597 , 17136 , 71.20 , -70.6 , 4 , 17.10 , 10.493 , 1.474 , 99.52 , 146.00
3607 , 17181 , 70.67 , -70.4 , 4 , 17.06 , 10.552 , 1.493 , 100.15 , 145.38
3617 , 17226 , 70.14 , -70.1 , 4 , 17.01 , 10.840 , 1.545 , 100.78 , 144.75
3627 , 17270 , 69.62 , -69.7 , 4 , 16.97 , 11.250 , 1.616 , 101.43 , 144.10
3637 , 17317 , 69.07 , -70.0 , 4 , 16.93 , 11.579 , 1.676 , 102.15 , 143.38
3647 , 17359 , 68.59 , -70.3 , 4 , 16.88 , 11.812 , 1.722 , 102.80 , 142.73
3657 , 17404 , 68.07 , -70.5 , 4 , 16.84 , 11.912 , 1.750 , 103.50 , 142.03
3667 , 17447 , 67.58 , -70.5 , 4 , 16.80 , 12.289 , 1.818 , 104.20 , 141.33
3677 , 17491 , 67.07 , -70.7 , 4 , 16.76 , 12.607 , 1.880 , 104.93 , 140.60
3687 , 17534 , 66.59 , -70.7 , 4 , 16.72 , 12.794 , 1.921 , 105.66 , 139.87
3697 , 17579 , 66.09 , -70.8 , 4 , 16.68 , 12.986 , 1.965 , 106.43 , 139.10
3707 , 17623 , 65.60 , -71.0 , 4 , 16.63 , 13.097 , 1.996 , 107.19 , 138.34
3717 , 17669 , 65.09 , -71.0 , 4 , 16.59 , 13.197 , 2.027 , 107.99 , 137.53
3727 , 17713 , 64.61 , -71.1 , 4 , 16.55 , 13.278 , 2.055 , 108.78 , 136.75
3737 , 17755 , 64.15 , -71.3 , 4 , 16.51 , 13.326 , 2.077 , 109.53 , 136.00
3747 , 17796 , 63.70 , -71.4 , 4 , 16.47 , 13.452 , 2.112 , 110.26 , 135.27
3757 , 17839 , 63.25 , -71.5 , 4 , 16.43 , 13.560 , 2.144 , 111.03 , 134.50
3767 , 17882 , 62.78 , -71.5 , 5 , 16.39 , 13.515 , 2.153 , 111.81 , 133.71
3777 , 17926 , 62.31 , -71.7 , 5 , 16.35 , 13.424 , 2.154 , 112.61 , 132.92
3787 , 17971 , 61.85 , -71.8 , 5 , 16.31 , 13.329 , 2.155 , 113.41 , 132.12
3797 , 18017 , 61.37 , -71.6 , 5 , 16.27 , 13.332 , 2.173 , 114.23 , 131.30
3807 , 18065 , 60.87 , -71.6 , 5 , 16.23 , 13.444 , 2.209 , 115.08 , 130.45
3816 , 18108 , 60.42 , -71.8 , 5 , 16.19 , 13.506 , 2.235 , 115.87 , 129.66
3826 , 18150 , 59.99 , -72.1 , 5 , 16.15 , 13.497 , 2.250 , 116.63 , 128.90
3836 , 18197 , 59.52 , -72.3 , 5 , 16.11 , 13.505 , 2.269 , 117.48 , 128.05
3846 , 18244 , 59.04 , -71.9 , 5 , 16.07 , 13.447 , 2.278 , 118.33 , 127.20
3856 , 18293 , 58.55 , -72.0 , 5 , 16.03 , 13.384 , 2.286 , 119.21 , 126.32
3866 , 18338 , 58.11 , -72.3 , 5 , 15.99 , 13.353 , 2.298 , 120.01 , 125.52
3876 , 18384 , 57.66 , -72.5 , 5 , 15.95 , 13.332 , 2.312 , 120.84 , 124.69
3886 , 18428 , 57.22 , -72.6 , 5 , 15.90 , 13.286 , 2.322 , 121.63 , 123.90
3896 , 18471 , 56.80 , -72.6 , 5 , 15.86 , 13.226 , 2.328 , 122.40 , 123.13
3906 , 18515 , 56.38 , -72.5 , 5 , 15.82 , 13.187 , 2.339 , 123.17 , 122.35
3916 , 18559 , 55.97 , -72.6 , 5 , 15.78 , 13.202 , 2.359 , 123.95 , 121.58
3926 , 18604 , 55.53 , -72.9 , 5 , 15.74 , 13.295 , 2.394 , 124.76 , 120.77
3936 , 18650 , 55.10 , -72.9 , 5 , 15.70 , 13.362 , 2.425 , 125.58 , 119.95
3946 , 18695 , 54.68 , -72.8 , 5 , 15.65 , 13.301 , 2.433 , 126.39 , 119.14
3956 , 18740 , 54.27 , -72.8 , 5 , 15.62 , 13.162 , 2.425 , 127.18 , 118.35
3966 , 18784 , 53.85 , -72.9 , 5 , 15.57 , 13.097 , 2.432 , 127.97 , 117.56
3976 , 18831 , 53.42 , -73.1 , 5 , 15.53 , 12.945 , 2.423 , 128.80 , 116.73
3986 , 18874 , 53.03 , -73.2 , 5 , 15.49 , 12.845 , 2.422 , 129.55 , 115.98
3996 , 18919 , 52.63 , -73.2 , 5 , 15.45 , 12.850 , 2.442 , 130.32 , 115.21
4006 , 18963 , 52.23 , -73.2 , 5 , 15.41 , 13.110 , 2.510 , 131.09 , 114.44
4016 , 19008 , 51.84 , -73.1 , 5 , 15.36 , 13.385 , 2.582 , 131.88 , 113.64
4026 , 19053 , 51.44 , -73.2 , 5 , 15.32 , 13.599 , 2.644 , 132.71 , 112.82
4036 , 19095 , 51.07 , -73.3 , 5 , 15.28 , 13.669 , 2.676 , 133.47 , 112.05
4046 , 19139 , 50.68 , -73.4 , 5 , 15.24 , 13.668 , 2.697 , 134.30 , 111.23
4056 , 19184 , 50.29 , -73.6 , 5 , 15.20 , 13.593 , 2.703 , 135.13 , 110.40
4066 , 19230 , 49.90 , -73.4 , 5 , 15.15 , 13.588 , 2.723 , 135.97 , 109.56
4076 , 19275 , 49.52 , -73.6 , 5 , 15.11 , 13.534 , 2.733 , 136.80 , 108.73
4086 , 19321 , 49.13 , -73.6 , 5 , 15.07 , 13.516 , 2.751 , 137.63 , 107.90
4096 , 19367 , 48.75 , -73.6 , 5 , 15.03 , 13.582 , 2.786 , 138.47 , 107.06
4106 , 19412 , 48.37 , -73.9 , 5 , 14.98 , 13.537 , 2.799 , 139.30 , 106.23
4116 , 19459 , 47.98 , -74.0 , 5 , 14.94 , 13.506 , 2.815 , 140.17 , 105.36
4125 , 19502 , 47.63 , -74.2 , 5 , 14.90 , 13.465 , 2.827 , 140.95 , 104.57
4134 , 19546 , 47.27 , -74.1 , 5 , 14.86 , 13.336 , 2.821 , 141.75 , 103.78
4144 , 19591 , 46.91 , -74.0 , 5 , 14.82 , 13.391 , 2.855 , 142.55 , 102.97
4154 , 19638 , 46.53 , -74.0 , 5 , 14.78 , 13.456 , 2.892 , 143.42 , 102.11
4164 , 19687 , 46.14 , -73.9 , 5 , 14.74 , 13.526 , 2.931 , 144.31 , 101.22
4174 , 19736 , 45.76 , -74.1 , 5 , 14.69 , 13.478 , 2.946 , 145.20 , 100.33
4184 , 19784 , 45.38 , -74.3 , 5 , 14.65 , 13.308 , 2.932 , 146.07 , 99.45
4194 , 19830 , 45.02 , -73.8 , 5 , 14.61 , 12.969 , 2.880 , 146.89 , 98.64
4204 , 19878 , 44.66 , -73.7 , 5 , 14.57 , 12.598 , 2.821 , 147.72 , 97.81
4214 , 19926 , 44.29 , -73.6 , 5 , 14.52 , 12.256 , 2.767 , 148.53 , 97.00
4224 , 19973 , 43.93 , -73.5 , 5 , 14.48 , 12.160 , 2.768 , 149.31 , 96.22
4234 , 20021 , 43.57 , -73.7 , 5 , 14.44 , 12.152 , 2.789 , 150.09 , 95.43
4244 , 20070 , 43.21 , -73.6 , 5 , 14.40 , 12.141 , 2.810 , 150.90 , 94.63
4254 , 20116 , 42.87 , -73.3 , 5 , 14.35 , 12.134 , 2.831 , 151.66 , 93.87
4264 , 20163 , 42.53 , -73.5 , 5 , 14.31 , 12.108 , 2.847 , 152.41 , 93.12
4274 , 20210 , 42.19 , -73.6 , 5 , 14.26 , 12.132 , 2.876 , 153.19 , 92.34
4284 , 20258 , 41.84 , -73.8 , 5 , 14.22 , 11.975 , 2.862 , 153.97 , 91.56
4294 , 20304 , 41.52 , -74.1 , 5 , 14.17 , 11.950 , 2.878 , 154.71 , 90.82
4303 , 20350 , 41.19 , -74.4 , 5 , 14.13 , 11.926 , 2.895 , 155.45 , 90.08
4313 , 20395 , 40.87 , -74.7 , 5 , 14.09 , 11.940 , 2.922 , 156.19 , 89.34
4323 , 20446 , 40.51 , -74.9 , 6 , 14.04 , 11.806 , 2.914 , 157.02 , 88.51
4333 , 20495 , 40.17 , -75.2 , 6 , 14.00 , 11.693 , 2.911 , 157.79 , 87.74
4343 , 20546 , 39.82 , -75.4 , 6 , 13.95 , 11.652 , 2.926 , 158.61 , 86.92
4353 , 20594 , 39.49 , -75.7 , 6 , 13.91 , 11.659 , 2.952 , 159.37 , 86.16
4363 , 20644 , 39.15 , -75.9 , 6 , 13.86 , 11.533 , 2.946 , 160.16 , 85.37
4373 , 20694 , 38.81 , -76.2 , 6 , 13.82 , 11.479 , 2.958 , 160.95 , 84.58
4383 , 20743 , 38.48 , -76.4 , 6 , 13.77 , 11.446 , 2.974 , 161.72 , 83.81
4393 , 20792 , 38.16 , -76.7 , 6 , 13.73 , 11.398 , 2.987 , 162.49 , 83.04
4403 , 20842 , 37.83 , -77.0 , 6 , 13.68 , 11.391 , 3.011 , 163.26 , 82.27
4413 , 20889 , 37.52 , -77.2 , 6 , 13.63 , 11.381 , 3.034 , 164.01 , 81.52
4423 , 20937 , 37.20 , -77.0 , 6 , 13.59 , 11.472 , 3.084 , 164.77 , 80.76
4432 , 20983 , 36.91 , -76.9 , 6 , 13.54 , 11.542 , 3.127 , 165.49 , 80.04
4441 , 21026 , 36.64 , -76.9 , 6 , 13.50 , 11.633 , 3.175 , 166.17 , 79.36
4451 , 21072 , 36.34 , -76.6 , 6 , 13.45 , 11.689 , 3.216 , 166.90 , 78.63
4461 , 21116 , 36.07 , -76.2 , 6 , 13.41 , 11.793 , 3.270 , 167.61 , 77.92
4471 , 21161 , 35.78 , -76.1 , 6 , 13.36 , 11.823 , 3.304 , 168.35 , 77.18
4481 , 21208 , 35.50 , -75.6 , 6 , 13.32 , 11.641 , 3.279 , 169.09 , 76.43
4491 , 21253 , 35.22 , -75.4 , 6 , 13.27 , 11.564 , 3.283 , 169.80 , 75.73
4501 , 21300 , 34.94 , -75.4 , 6 , 13.23 , 11.381 , 3.258 , 170.54 , 74.99
4511 , 21345 , 34.67 , -75.5 , 6 , 13.18 , 11.089 , 3.199 , 171.23 , 74.30
4521 , 21389 , 34.40 , -75.5 , 6 , 13.13 , 10.578 , 3.075 , 171.88 , 73.65
4531 , 21432 , 34.15 , -75.2 , 6 , 13.09 , 10.129 , 2.966 , 172.49 , 73.04
4541 , 21474 , 33.90 , -75.2 , 6 , 13.04 , 9.851 , 2.906 , 173.06 , 72.47
4551 , 21520 , 33.63 , -75.6 , 6 , 12.99 , 9.673 , 2.876 , 173.67 , 71.86
4561 , 21564 , 33.38 , -76.0 , 6 , 12.95 , 9.454 , 2.833 , 174.25 , 71.28
4571 , 21609 , 33.12 , -76.4 , 6 , 12.90 , 9.399 , 2.838 , 174.83 , 70.70
4581 , 21656 , 32.85 , -76.4 , 6 , 12.85 , 9.375 , 2.854 , 175.44 , 70.09
4591 , 21701 , 32.60 , -76.4 , 6 , 12.81 , 9.337 , 2.864 , 176.00 , 69.53
4601 , 21746 , 32.34 , -76.5 , 6 , 12.76 , 9.322 , 2.883 , 176.59 , 68.94
4611 , 21793 , 32.08 , -76.6 , 6 , 12.71 , 9.189 , 2.865 , 177.18 , 68.35
4621 , 21837 , 31.83 , -76.7 , 6 , 12.67 , 9.129 , 2.868 , 177.74 , 67.79
4631 , 21885 , 31.57 , -76.5 , 6 , 12.62 , 9.126 , 2.891 , 178.34 , 67.19
4641 , 21933 , 31.31 , -76.4 , 6 , 12.57 , 9.134 , 2.918 , 178.93 , 66.60
4651 , 21982 , 31.04 , -76.7 , 6 , 12.52 , 9.053 , 2.917 , 179.54 , 65.99
4661 , 22032 , 30.77 , -77.0 , 6 , 12.48 , 8.959 , 2.911 , 180.16 , 65.37
4671 , 22081 , 30.51 , -77.0 , 6 , 12.43 , 8.862 , 2.905 , 180.76 , 64.76
4681 , 22128 , 30.26 , -76.9 , 6 , 12.38 , 8.740 , 2.888 , 181.34 , 64.19
4691 , 22176 , 30.01 , -77.0 , 6 , 12.34 , 8.613 , 2.870 , 181.91 , 63.62
4701 , 22225 , 29.75 , -76.8 , 6 , 12.29 , 8.514 , 2.862 , 182.48 , 63.05
4711 , 22273 , 29.51 , -76.7 , 6 , 12.24 , 8.389 , 2.843 , 183.04 , 62.49
4721 , 22319 , 29.27 , -76.7 , 6 , 12.20 , 8.306 , 2.838 , 183.57 , 61.96
4731 , 22367 , 29.03 , -76.3 , 6 , 12.15 , 8.199 , 2.825 , 184.11 , 61.41
4741 , 22418 , 28.77 , -76.2 , 6 , 12.11 , 8.135 , 2.827 , 184.68 , 60.85
4750 , 22463 , 28.55 , -76.3 , 6 , 12.06 , 8.055 , 2.822 , 185.18 , 60.35
4760 , 22509 , 28.32 , -76.2 , 6 , 12.02 , 7.934 , 2.801 , 185.69 , 59.84
4769 , 22556 , 28.09 , -76.0 , 6 , 11.98 , 7.848 , 2.794 , 186.19 , 59.34
4780 , 22608 , 27.84 , -75.9 , 6 , 11.93 , 7.807 , 2.804 , 186.75 , 58.78
4790 , 22657 , 27.60 , -75.4 , 6 , 11.88 , 7.816 , 2.831 , 187.27 , 58.26
4800 , 22705 , 27.38 , -75.5 , 6 , 11.84 , 7.835 , 2.862 , 187.78 , 57.75
4810 , 22755 , 27.14 , -75.5 , 6 , 11.79 , 7.862 , 2.896 , 188.32 , 57.21
4820 , 22802 , 26.92 , -75.4 , 6 , 11.75 , 7.831 , 2.909 , 188.82 , 56.71
4830 , 22850 , 26.70 , -75.2 , 6 , 11.70 , 7.782 , 2.915 , 189.33 , 56.20
4840 , 22896 , 26.49 , -75.1 , 6 , 11.66 , 7.771 , 2.934 , 189.81 , 55.72
4850 , 22942 , 26.28 , -75.2 , 6 , 11.62 , 7.744 , 2.947 , 190.30 , 55.23
4860 , 22986 , 26.08 , -75.2 , 6 , 11.58 , 7.722 , 2.961 , 190.76 , 54.77
4870 , 23031 , 25.88 , -75.1 , 6 , 11.54 , 7.605 , 2.939 , 191.24 , 54.29
4880 , 23078 , 25.67 , -75.2 , 6 , 11.49 , 7.517 , 2.928 , 191.72 , 53.81
4890 , 23122 , 25.48 , -75.2 , 6 , 11.45 , 7.435 , 2.918 , 192.16 , 53.36
4900 , 23167 , 25.28 , -75.0 , 6 , 11.42 , 7.274 , 2.878 , 192.62 , 52.91
4910 , 23212 , 25.08 , -75.0 , 6 , 11.38 , 7.107 , 2.834 , 193.06 , 52.47
4920 , 23259 , 24.88 , -75.0 , 6 , 11.33 , 6.946 , 2.791 , 193.50 , 52.02
4930 , 23305 , 24.68 , -74.9 , 6 , 11.30 , 6.800 , 2.755 , 193.94 , 51.59
4940 , 23350 , 24.49 , -75.1 , 6 , 11.25 , 6.671 , 2.724 , 194.35 , 51.17
4950 , 23395 , 24.30 , -75.2 , 6 , 11.22 , 6.559 , 2.699 , 194.76 , 50.77
4960 , 23446 , 24.09 , -75.3 , 6 , 11.18 , 6.460 , 2.681 , 195.21 , 50.32
4970 , 23490 , 23.91 , -75.4 , 6 , 11.14 , 6.382 , 2.669 , 195.60 , 49.93
4980 , 23536 , 23.72 , -75.6 , 6 , 11.10 , 6.312 , 2.661 , 195.99 , 49.53
4990 , 23582 , 23.53 , -75.8 , 6 , 11.06 , 6.219 , 2.643 , 196.38 , 49.14
5000 , 23628 , 23.35 , -75.6 , 6 , 11.02 , 6.180 , 2.647 , 196.77 , 48.76
5010 , 23674 , 23.16 , -75.2 , 5 , 10.97 , 6.101 , 2.634 , 197.16 , 48.37
5020 , 23723 , 22.96 , -75.2 , 5 , 10.94 , 6.033 , 2.627 , 197.57 , 47.96
5029 , 23768 , 22.79 , -75.5 , 6 , 10.89 , 5.965 , 2.618 , 197.93 , 47.60
5039 , 23810 , 22.62 , -75.7 , 6 , 10.85 , 5.914 , 2.614 , 198.28 , 47.25
5048 , 23855 , 22.45 , -75.8 , 5 , 10.82 , 5.817 , 2.591 , 198.63 , 46.90
5058 , 23901 , 22.27 , -75.8 , 5 , 10.78 , 5.744 , 2.579 , 199.00 , 46.53
5068 , 23950 , 22.08 , -75.9 , 5 , 10.74 , 5.617 , 2.544 , 199.38 , 46.15
5077 , 23999 , 21.90 , -76.0 , 5 , 10.70 , 5.565 , 2.542 , 199.75 , 45.78
5088 , 24050 , 21.70 , -75.6 , 5 , 10.65 , 5.452 , 2.512 , 200.14 , 45.39
5098 , 24098 , 21.52 , -75.5 , 5 , 10.61 , 5.388 , 2.504 , 200.49 , 45.04
5108 , 24145 , 21.35 , -75.7 , 5 , 10.57 , 5.350 , 2.506 , 200.83 , 44.70
5118 , 24193 , 21.17 , -75.9 , 5 , 10.52 , 5.312 , 2.509 , 201.19 , 44.34
5128 , 24239 , 21.00 , -75.4 , 5 , 10.48 , 5.301 , 2.524 , 201.52 , 44.01
5138 , 24282 , 20.85 , -74.4 , 5 , 10.44 , 5.381 , 2.581 , 201.83 , 43.70
5148 , 24329 , 20.68 , -74.6 , 5 , 10.39 , 5.457 , 2.639 , 202.18 , 43.35
5158 , 24376 , 20.51 , -74.8 , 5 , 10.35 , 5.526 , 2.694 , 202.53 , 43.00
5168 , 24423 , 20.35 , -74.9 , 5 , 10.31 , 5.545 , 2.725 , 202.88 , 42.65
5177 , 24472 , 20.18 , -75.0 , 5 , 10.27 , 5.557 , 2.754 , 203.25 , 42.28
5187 , 24512 , 20.04 , -75.1 , 5 , 10.23 , 5.506 , 2.748 , 203.55 , 41.98
5197 , 24556 , 19.89 , -75.0 , 5 , 10.18 , 5.483 , 2.757 , 203.88 , 41.64
5207 , 24602 , 19.73 , -75.0 , 5 , 10.14 , 5.460 , 2.767 , 204.22 , 41.31
5217 , 24645 , 19.58 , -74.9 , 5 , 10.10 , 5.373 , 2.744 , 204.54 , 40.99
5227 , 24690 , 19.43 , -74.8 , 5 , 10.06 , 5.295 , 2.725 , 204.87 , 40.66
5237 , 24737 , 19.28 , -74.7 , 5 , 10.01 , 5.200 , 2.697 , 205.20 , 40.33
5247 , 24784 , 19.12 , -74.6 , 5 , 9.97 , 5.133 , 2.684 , 205.53 , 40.00
5257 , 24829 , 18.97 , -74.2 , 5 , 9.93 , 5.136 , 2.707 , 205.85 , 39.68
5267 , 24872 , 18.83 , -74.3 , 5 , 9.89 , 5.169 , 2.745 , 206.15 , 39.38
5277 , 24921 , 18.67 , -74.5 , 5 , 9.84 , 5.158 , 2.762 , 206.49 , 39.04
5287 , 24965 , 18.53 , -74.3 , 5 , 9.81 , 5.155 , 2.781 , 206.80 , 38.73
5297 , 25014 , 18.38 , -74.2 , 5 , 9.77 , 5.165 , 2.810 , 207.14 , 38.39
5307 , 25061 , 18.23 , -74.4 , 5 , 9.73 , 5.153 , 2.826 , 207.47 , 38.06
5317 , 25109 , 18.08 , -74.8 , 5 , 9.69 , 5.100 , 2.821 , 207.81 , 37.72
5327 , 25159 , 17.93 , -75.0 , 5 , 9.64 , 5.090 , 2.840 , 208.15 , 37.38
5337 , 25211 , 17.77 , -75.2 , 5 , 9.60 , 5.034 , 2.833 , 208.51 , 37.02
5347 , 25261 , 17.62 , -74.8 , 5 , 9.57 , 4.978 , 2.826 , 208.85 , 36.68
5357 , 25310 , 17.47 , -74.6 , 5 , 9.53 , 4.970 , 2.846 , 209.18 , 36.35
5367 , 25356 , 17.33 , -74.8 , 5 , 9.49 , 4.951 , 2.857 , 209.49 , 36.04
5376 , 25409 , 17.17 , -75.1 , 5 , 9.45 , 4.930 , 2.871 , 209.85 , 35.68
5385 , 25455 , 17.04 , -75.3 , 5 , 9.42 , 4.916 , 2.886 , 210.15 , 35.38
5394 , 25501 , 16.90 , -75.5 , 5 , 9.39 , 4.888 , 2.892 , 210.46 , 35.07
5404 , 25549 , 16.76 , -75.3 , 5 , 9.36 , 4.863 , 2.901 , 210.78 , 34.75
5414 , 25602 , 16.61 , -74.8 , 5 , 9.32 , 4.857 , 2.924 , 211.13 , 34.40
5424 , 25651 , 16.47 , -74.4 , 5 , 9.28 , 4.793 , 2.910 , 211.45 , 34.08
5434 , 25704 , 16.32 , -73.9 , 5 , 9.24 , 4.801 , 2.942 , 211.80 , 33.73
5444 , 25756 , 16.17 , -74.0 , 5 , 9.20 , 4.727 , 2.923 , 212.13 , 33.40
5454 , 25804 , 16.04 , -74.3 , 5 , 9.16 , 4.683 , 2.919 , 212.44 , 33.09
5464 , 25852 , 15.91 , -74.6 , 5 , 9.12 , 4.637 , 2.914 , 212.74 , 32.79
5474 , 25902 , 15.77 , -74.9 , 5 , 9.09 , 4.603 , 2.918 , 213.06 , 32.47
5484 , 25951 , 15.64 , -74.4 , 5 , 9.04 , 4.543 , 2.905 , 213.36 , 32.17
5494 , 25998 , 15.52 , -74.5 , 5 , 9.01 , 4.485 , 2.891 , 213.65 , 31.88
5504 , 26049 , 15.38 , -74.5 , 5 , 8.97 , 4.390 , 2.854 , 213.95 , 31.57
5513 , 26091 , 15.27 , -74.6 , 5 , 8.94 , 4.223 , 2.766 , 214.20 , 31.33
5523 , 26134 , 15.16 , -74.6 , 5 , 8.90 , 4.068 , 2.684 , 214.44 , 31.09
5533 , 26179 , 15.04 , -74.7 , 5 , 8.87 , 3.981 , 2.647 , 214.69 , 30.84
5543 , 26229 , 14.91 , -74.6 , 5 , 8.84 , 3.946 , 2.646 , 214.96 , 30.57
5553 , 26270 , 14.81 , -74.4 , 4 , 8.80 , 3.897 , 2.632 , 215.18 , 30.35
5563 , 26315 , 14.69 , -74.2 , 4 , 8.77 , 3.816 , 2.597 , 215.41 , 30.12
