# ------------------------------------------------------------
#
# Flight name: V1811
# Station: Davis
# Launch Date: 04 May 2011
# Launch Time: 11:21:18
# 
# This file created: Thu May 05 09:20:12 2011
# 
# 
# ------------------------------------------------------------
# DATA COLUMNS
# Time (s)
# Height (m)
# Atmospheric Pressure (hPa)
# Atmospheric Temperature (°C)
# Relative Humidity (%)
# Box Temperature (°C)
# Ozone Partial Pressure (mPa)
# Ozone Mixing Ratio (ppmV)
# Accumulated Ozone to this Height (Dobson Units)
# Remaining Ozone above this Height (Dobson Units)
# 
# ------------------------------------------------------------
# 
# Integrated Ozone = 205.9 DU
# Extrapolated Ozone =  59.2 DU
# 
# Total Ozone = 265.2 DU
# 
# 
# ------------------------------------------------------------
2 , 18 , 969.41 , -10.2 , 83 , 27.51 , 2.642 , 0.027 , 0.00 , 265.16
10 , 56 , 964.61 , -9.4 , 84 , 27.54 , 2.624 , 0.027 , 0.10 , 265.06
20 , 109 , 958.04 , -9.6 , 83 , 27.57 , 2.663 , 0.028 , 0.25 , 264.91
30 , 164 , 951.25 , -10.0 , 84 , 27.62 , 2.673 , 0.028 , 0.40 , 264.76
40 , 221 , 944.18 , -10.5 , 86 , 27.65 , 2.627 , 0.028 , 0.55 , 264.61
50 , 274 , 937.69 , -11.0 , 88 , 27.66 , 2.636 , 0.028 , 0.69 , 264.47
60 , 335 , 930.27 , -11.4 , 88 , 27.68 , 2.651 , 0.028 , 0.86 , 264.30
70 , 392 , 923.34 , -11.6 , 85 , 27.70 , 2.647 , 0.029 , 1.02 , 264.14
80 , 445 , 916.97 , -11.9 , 84 , 27.74 , 2.616 , 0.029 , 1.16 , 264.00
90 , 505 , 909.86 , -12.5 , 87 , 27.76 , 2.608 , 0.029 , 1.32 , 263.84
100 , 557 , 903.72 , -13.0 , 89 , 27.78 , 2.555 , 0.028 , 1.46 , 263.70
110 , 607 , 897.76 , -13.3 , 90 , 27.76 , 2.554 , 0.028 , 1.59 , 263.57
119 , 653 , 892.30 , -13.7 , 93 , 27.77 , 2.546 , 0.029 , 1.72 , 263.45
129 , 704 , 886.31 , -14.0 , 94 , 27.78 , 2.515 , 0.028 , 1.85 , 263.31
139 , 753 , 880.63 , -14.3 , 94 , 27.78 , 2.485 , 0.028 , 1.98 , 263.18
149 , 810 , 874.04 , -14.7 , 94 , 27.76 , 2.513 , 0.029 , 2.12 , 263.04
159 , 869 , 867.23 , -14.9 , 96 , 27.77 , 2.459 , 0.028 , 2.28 , 262.88
169 , 922 , 861.24 , -15.2 , 96 , 27.75 , 2.453 , 0.028 , 2.41 , 262.75
179 , 969 , 855.91 , -15.4 , 95 , 27.74 , 2.426 , 0.028 , 2.53 , 262.63
189 , 1015 , 850.71 , -15.7 , 95 , 27.72 , 2.419 , 0.028 , 2.65 , 262.51
199 , 1059 , 845.76 , -15.9 , 94 , 27.72 , 2.408 , 0.028 , 2.76 , 262.40
209 , 1104 , 840.63 , -16.3 , 94 , 27.73 , 2.402 , 0.029 , 2.88 , 262.29
219 , 1150 , 835.60 , -16.6 , 93 , 27.73 , 2.361 , 0.028 , 2.99 , 262.17
228 , 1189 , 831.19 , -16.9 , 93 , 27.72 , 2.380 , 0.029 , 3.09 , 262.07
238 , 1233 , 826.39 , -17.3 , 93 , 27.71 , 2.350 , 0.028 , 3.19 , 261.97
248 , 1276 , 821.64 , -17.6 , 93 , 27.69 , 2.329 , 0.028 , 3.30 , 261.86
258 , 1315 , 817.34 , -18.0 , 93 , 27.67 , 2.325 , 0.028 , 3.40 , 261.76
268 , 1357 , 812.81 , -18.3 , 93 , 27.65 , 2.301 , 0.028 , 3.50 , 261.66
278 , 1399 , 808.17 , -18.5 , 94 , 27.64 , 2.297 , 0.028 , 3.60 , 261.56
288 , 1444 , 803.36 , -18.9 , 94 , 27.63 , 2.278 , 0.028 , 3.71 , 261.45
298 , 1492 , 798.18 , -19.3 , 93 , 27.60 , 2.262 , 0.028 , 3.83 , 261.33
308 , 1536 , 793.48 , -19.6 , 92 , 27.57 , 2.252 , 0.028 , 3.93 , 261.23
318 , 1582 , 788.52 , -19.8 , 91 , 27.56 , 2.254 , 0.029 , 4.04 , 261.12
328 , 1632 , 783.31 , -19.9 , 89 , 27.55 , 2.239 , 0.029 , 4.16 , 261.00
338 , 1682 , 778.00 , -20.1 , 87 , 27.53 , 2.214 , 0.028 , 4.28 , 260.88
348 , 1733 , 772.64 , -20.0 , 88 , 27.52 , 2.180 , 0.028 , 4.40 , 260.76
358 , 1782 , 767.61 , -19.5 , 88 , 27.51 , 2.162 , 0.028 , 4.51 , 260.65
368 , 1839 , 761.72 , -17.7 , 91 , 27.49 , 2.147 , 0.028 , 4.64 , 260.52
378 , 1893 , 756.28 , -17.5 , 89 , 27.49 , 2.109 , 0.028 , 4.76 , 260.40
388 , 1944 , 751.17 , -17.5 , 89 , 27.46 , 2.081 , 0.028 , 4.88 , 260.28
398 , 1995 , 746.05 , -17.6 , 89 , 27.43 , 2.075 , 0.028 , 4.99 , 260.17
408 , 2055 , 740.10 , -17.7 , 89 , 27.41 , 2.056 , 0.028 , 5.12 , 260.04
418 , 2105 , 735.10 , -18.0 , 90 , 27.38 , 2.052 , 0.028 , 5.23 , 259.93
428 , 2162 , 729.59 , -18.3 , 90 , 27.37 , 2.056 , 0.028 , 5.35 , 259.81
437 , 2220 , 723.92 , -18.7 , 89 , 27.37 , 2.034 , 0.028 , 5.48 , 259.68
447 , 2269 , 719.11 , -19.1 , 89 , 27.36 , 2.020 , 0.028 , 5.58 , 259.58
457 , 2316 , 714.60 , -19.4 , 87 , 27.34 , 1.994 , 0.028 , 5.68 , 259.48
467 , 2369 , 709.52 , -19.7 , 85 , 27.32 , 2.003 , 0.028 , 5.79 , 259.37
477 , 2421 , 704.59 , -20.0 , 84 , 27.31 , 2.002 , 0.028 , 5.91 , 259.26
487 , 2480 , 699.03 , -19.9 , 85 , 27.29 , 1.988 , 0.028 , 6.03 , 259.13
497 , 2530 , 694.33 , -20.2 , 86 , 27.27 , 1.968 , 0.028 , 6.14 , 259.03
507 , 2584 , 689.22 , -20.6 , 87 , 27.26 , 1.979 , 0.029 , 6.25 , 258.91
517 , 2635 , 684.56 , -21.0 , 88 , 27.24 , 1.953 , 0.029 , 6.36 , 258.81
527 , 2694 , 679.10 , -21.5 , 91 , 27.22 , 1.940 , 0.029 , 6.48 , 258.68
537 , 2745 , 674.41 , -21.9 , 92 , 27.20 , 1.931 , 0.029 , 6.58 , 258.58
547 , 2797 , 669.59 , -22.3 , 92 , 27.17 , 1.923 , 0.029 , 6.69 , 258.47
557 , 2853 , 664.56 , -22.7 , 91 , 27.16 , 1.910 , 0.029 , 6.81 , 258.35
567 , 2909 , 659.49 , -23.2 , 93 , 27.14 , 1.878 , 0.028 , 6.92 , 258.24
577 , 2964 , 654.53 , -23.7 , 92 , 27.13 , 1.862 , 0.028 , 7.03 , 258.13
587 , 3009 , 650.56 , -24.1 , 91 , 27.10 , 1.848 , 0.028 , 7.12 , 258.04
597 , 3064 , 645.65 , -24.5 , 92 , 27.07 , 1.846 , 0.029 , 7.23 , 257.93
607 , 3116 , 641.06 , -25.0 , 92 , 27.04 , 1.826 , 0.028 , 7.34 , 257.82
617 , 3164 , 636.80 , -25.4 , 93 , 27.02 , 1.814 , 0.028 , 7.43 , 257.73
627 , 3208 , 632.92 , -25.8 , 92 , 26.99 , 1.790 , 0.028 , 7.52 , 257.64
637 , 3254 , 628.96 , -26.1 , 90 , 26.96 , 1.781 , 0.028 , 7.61 , 257.55
647 , 3308 , 624.22 , -26.6 , 88 , 26.94 , 1.782 , 0.029 , 7.71 , 257.45
657 , 3365 , 619.33 , -27.1 , 85 , 26.92 , 1.762 , 0.028 , 7.82 , 257.34
667 , 3427 , 614.04 , -27.4 , 84 , 26.90 , 1.746 , 0.028 , 7.94 , 257.22
677 , 3475 , 609.91 , -27.5 , 86 , 26.87 , 1.725 , 0.028 , 8.03 , 257.13
687 , 3517 , 606.38 , -27.7 , 86 , 26.84 , 1.730 , 0.029 , 8.11 , 257.05
697 , 3559 , 602.88 , -27.8 , 85 , 26.81 , 1.747 , 0.029 , 8.19 , 256.97
707 , 3602 , 599.25 , -28.0 , 84 , 26.78 , 1.792 , 0.030 , 8.28 , 256.88
717 , 3649 , 595.39 , -28.2 , 83 , 26.76 , 1.821 , 0.031 , 8.37 , 256.79
727 , 3693 , 591.68 , -28.4 , 82 , 26.72 , 1.810 , 0.031 , 8.46 , 256.70
736 , 3733 , 588.39 , -28.8 , 81 , 26.70 , 1.809 , 0.031 , 8.54 , 256.62
746 , 3789 , 583.80 , -29.2 , 81 , 26.67 , 1.829 , 0.031 , 8.65 , 256.51
756 , 3836 , 579.99 , -29.6 , 81 , 26.65 , 1.843 , 0.032 , 8.75 , 256.41
766 , 3880 , 576.44 , -30.0 , 79 , 26.64 , 1.857 , 0.032 , 8.84 , 256.32
776 , 3930 , 572.41 , -30.3 , 78 , 26.63 , 1.846 , 0.032 , 8.94 , 256.22
786 , 3979 , 568.42 , -30.5 , 79 , 26.60 , 1.841 , 0.032 , 9.04 , 256.12
796 , 4027 , 564.61 , -30.8 , 79 , 26.57 , 1.829 , 0.032 , 9.14 , 256.02
806 , 4067 , 561.44 , -31.2 , 79 , 26.54 , 1.829 , 0.033 , 9.22 , 255.94
816 , 4107 , 558.25 , -31.5 , 79 , 26.50 , 1.816 , 0.033 , 9.30 , 255.86
826 , 4147 , 555.16 , -31.7 , 79 , 26.46 , 1.821 , 0.033 , 9.38 , 255.78
836 , 4194 , 551.44 , -31.9 , 81 , 26.43 , 1.835 , 0.033 , 9.48 , 255.68
846 , 4249 , 547.16 , -32.3 , 81 , 26.39 , 1.830 , 0.033 , 9.59 , 255.57
856 , 4296 , 543.52 , -32.5 , 80 , 26.36 , 1.802 , 0.033 , 9.69 , 255.47
866 , 4342 , 539.99 , -32.7 , 80 , 26.33 , 1.763 , 0.033 , 9.78 , 255.38
876 , 4389 , 536.43 , -32.9 , 80 , 26.29 , 1.740 , 0.032 , 9.87 , 255.29
886 , 4434 , 532.98 , -33.0 , 80 , 26.26 , 1.736 , 0.033 , 9.96 , 255.20
896 , 4481 , 529.44 , -33.2 , 79 , 26.22 , 1.764 , 0.033 , 10.05 , 255.11
906 , 4530 , 525.76 , -33.4 , 79 , 26.18 , 1.787 , 0.034 , 10.15 , 255.01
916 , 4583 , 521.76 , -33.7 , 79 , 26.15 , 1.803 , 0.035 , 10.26 , 254.90
926 , 4637 , 517.79 , -34.1 , 79 , 26.11 , 1.800 , 0.035 , 10.36 , 254.80
936 , 4690 , 513.89 , -34.5 , 81 , 26.07 , 1.793 , 0.035 , 10.47 , 254.69
946 , 4733 , 510.72 , -34.7 , 82 , 26.03 , 1.779 , 0.035 , 10.56 , 254.60
956 , 4786 , 506.87 , -35.0 , 83 , 25.99 , 1.738 , 0.034 , 10.66 , 254.50
966 , 4834 , 503.36 , -35.4 , 85 , 25.95 , 1.674 , 0.033 , 10.76 , 254.40
976 , 4876 , 500.34 , -35.7 , 87 , 25.91 , 1.633 , 0.033 , 10.84 , 254.32
986 , 4919 , 497.27 , -36.0 , 87 , 25.87 , 1.596 , 0.032 , 10.91 , 254.25
996 , 4974 , 493.35 , -36.4 , 82 , 25.83 , 1.548 , 0.031 , 11.01 , 254.15
1006 , 5023 , 489.85 , -36.8 , 78 , 25.81 , 1.489 , 0.030 , 11.10 , 254.06
1016 , 5065 , 486.85 , -37.2 , 76 , 25.76 , 1.450 , 0.030 , 11.17 , 253.99
1026 , 5110 , 483.74 , -37.4 , 76 , 25.72 , 1.401 , 0.029 , 11.24 , 253.92
1035 , 5152 , 480.75 , -37.8 , 76 , 25.68 , 1.363 , 0.028 , 11.31 , 253.85
1044 , 5206 , 477.03 , -38.0 , 79 , 25.64 , 1.314 , 0.028 , 11.39 , 253.77
1053 , 5262 , 473.17 , -38.3 , 87 , 25.60 , 1.242 , 0.026 , 11.47 , 253.69
1063 , 5315 , 469.53 , -38.7 , 87 , 25.57 , 1.166 , 0.025 , 11.55 , 253.61
1073 , 5368 , 465.93 , -39.0 , 89 , 25.53 , 1.120 , 0.024 , 11.62 , 253.55
1083 , 5420 , 462.39 , -39.4 , 91 , 25.48 , 1.096 , 0.024 , 11.68 , 253.48
1093 , 5467 , 459.20 , -39.7 , 91 , 25.43 , 1.099 , 0.024 , 11.74 , 253.42
1103 , 5517 , 455.89 , -40.0 , 89 , 25.39 , 1.170 , 0.026 , 11.81 , 253.35
1113 , 5568 , 452.50 , -40.5 , 84 , 25.35 , 1.317 , 0.029 , 11.88 , 253.28
1123 , 5620 , 449.05 , -40.9 , 81 , 25.31 , 1.417 , 0.032 , 11.96 , 253.20
1133 , 5675 , 445.39 , -41.4 , 79 , 25.26 , 1.467 , 0.033 , 12.06 , 253.11
1143 , 5723 , 442.27 , -41.8 , 77 , 25.22 , 1.489 , 0.034 , 12.14 , 253.02
1153 , 5768 , 439.33 , -42.3 , 76 , 25.17 , 1.516 , 0.035 , 12.22 , 252.94
1163 , 5818 , 436.06 , -42.7 , 76 , 25.12 , 1.495 , 0.034 , 12.31 , 252.86
1173 , 5870 , 432.73 , -43.1 , 74 , 25.07 , 1.487 , 0.034 , 12.40 , 252.76
1183 , 5923 , 429.33 , -43.6 , 73 , 25.03 , 1.476 , 0.034 , 12.49 , 252.67
1193 , 5981 , 425.62 , -44.1 , 75 , 24.98 , 1.475 , 0.035 , 12.59 , 252.57
1203 , 6036 , 422.15 , -44.7 , 77 , 24.93 , 1.459 , 0.035 , 12.68 , 252.48
1213 , 6093 , 418.59 , -45.1 , 79 , 24.87 , 1.451 , 0.035 , 12.78 , 252.38
1223 , 6142 , 415.51 , -45.4 , 79 , 24.83 , 1.458 , 0.035 , 12.87 , 252.29
1233 , 6191 , 412.46 , -45.7 , 77 , 24.79 , 1.458 , 0.035 , 12.95 , 252.21
1243 , 6249 , 408.90 , -46.2 , 78 , 24.74 , 1.501 , 0.037 , 13.05 , 252.11
1253 , 6318 , 404.64 , -46.7 , 79 , 24.69 , 1.521 , 0.038 , 13.18 , 251.98
1263 , 6376 , 401.11 , -47.2 , 79 , 24.64 , 1.541 , 0.038 , 13.28 , 251.88
1273 , 6426 , 398.08 , -47.6 , 78 , 24.60 , 1.565 , 0.039 , 13.38 , 251.79
1283 , 6477 , 395.02 , -47.9 , 75 , 24.54 , 1.580 , 0.040 , 13.47 , 251.69
1293 , 6527 , 392.04 , -48.3 , 66 , 24.50 , 1.605 , 0.041 , 13.57 , 251.59
1303 , 6580 , 388.92 , -48.7 , 60 , 24.47 , 1.643 , 0.042 , 13.67 , 251.49
1313 , 6633 , 385.78 , -49.1 , 55 , 24.42 , 1.684 , 0.044 , 13.78 , 251.39
1323 , 6692 , 382.35 , -49.4 , 57 , 24.36 , 1.744 , 0.046 , 13.90 , 251.26
1333 , 6741 , 379.47 , -49.7 , 64 , 24.29 , 1.878 , 0.049 , 14.00 , 251.16
1343 , 6793 , 376.46 , -50.0 , 67 , 24.25 , 1.951 , 0.052 , 14.12 , 251.04
1353 , 6843 , 373.60 , -50.0 , 60 , 24.22 , 2.052 , 0.055 , 14.24 , 250.92
1362 , 6896 , 370.59 , -50.0 , 50 , 24.18 , 2.179 , 0.059 , 14.38 , 250.78
1372 , 6949 , 367.56 , -50.0 , 42 , 24.13 , 2.241 , 0.061 , 14.52 , 250.64
1382 , 6997 , 364.90 , -50.2 , 36 , 24.09 , 2.313 , 0.063 , 14.65 , 250.51
1392 , 7046 , 362.13 , -50.4 , 32 , 24.02 , 2.333 , 0.064 , 14.79 , 250.37
1402 , 7103 , 358.98 , -50.7 , 29 , 23.95 , 2.369 , 0.066 , 14.96 , 250.20
1412 , 7163 , 355.70 , -50.9 , 27 , 23.88 , 2.424 , 0.068 , 15.13 , 250.03
1422 , 7211 , 353.07 , -51.0 , 27 , 23.82 , 2.499 , 0.071 , 15.27 , 249.89
1432 , 7267 , 350.09 , -51.0 , 25 , 23.77 , 2.598 , 0.074 , 15.44 , 249.72
1442 , 7323 , 347.06 , -51.2 , 24 , 23.72 , 2.726 , 0.079 , 15.63 , 249.53
1452 , 7384 , 343.81 , -51.2 , 22 , 23.68 , 2.933 , 0.085 , 15.84 , 249.32
1462 , 7440 , 340.85 , -51.4 , 21 , 23.64 , 3.072 , 0.090 , 16.04 , 249.12
1472 , 7493 , 338.09 , -51.6 , 18 , 23.58 , 3.194 , 0.094 , 16.24 , 248.92
1482 , 7537 , 335.81 , -51.7 , 16 , 23.52 , 3.390 , 0.101 , 16.42 , 248.74
1492 , 7581 , 333.54 , -51.8 , 16 , 23.45 , 3.550 , 0.106 , 16.60 , 248.56
1502 , 7626 , 331.23 , -52.0 , 16 , 23.38 , 3.712 , 0.112 , 16.80 , 248.36
1512 , 7679 , 328.50 , -52.3 , 15 , 23.34 , 3.790 , 0.115 , 17.05 , 248.11
1522 , 7743 , 325.28 , -52.6 , 15 , 23.28 , 3.823 , 0.118 , 17.34 , 247.82
1532 , 7796 , 322.60 , -52.9 , 15 , 23.22 , 3.940 , 0.122 , 17.60 , 247.56
1542 , 7857 , 319.57 , -52.8 , 14 , 23.17 , 3.922 , 0.123 , 17.89 , 247.27
1552 , 7912 , 316.87 , -52.7 , 14 , 23.12 , 4.000 , 0.126 , 18.15 , 247.01
1562 , 7968 , 314.13 , -52.8 , 14 , 23.06 , 4.038 , 0.129 , 18.43 , 246.73
1572 , 8023 , 311.44 , -52.9 , 13 , 23.00 , 4.194 , 0.135 , 18.71 , 246.45
1582 , 8077 , 308.85 , -52.9 , 13 , 22.95 , 4.223 , 0.137 , 18.99 , 246.17
1592 , 8138 , 305.94 , -53.1 , 13 , 22.88 , 4.290 , 0.140 , 19.31 , 245.85
1602 , 8189 , 303.56 , -53.2 , 12 , 22.81 , 4.342 , 0.143 , 19.57 , 245.59
1612 , 8240 , 301.14 , -53.0 , 12 , 22.73 , 4.443 , 0.148 , 19.85 , 245.31
1622 , 8304 , 298.16 , -52.6 , 11 , 22.67 , 4.501 , 0.151 , 20.20 , 244.96
1632 , 8361 , 295.55 , -52.4 , 11 , 22.62 , 4.512 , 0.153 , 20.51 , 244.65
1642 , 8417 , 292.98 , -52.3 , 10 , 22.57 , 4.571 , 0.156 , 20.83 , 244.34
1652 , 8479 , 290.20 , -52.5 , 9 , 22.51 , 4.507 , 0.155 , 21.17 , 243.99
1662 , 8530 , 287.90 , -52.5 , 9 , 22.45 , 4.523 , 0.157 , 21.45 , 243.71
1671 , 8580 , 285.70 , -52.5 , 8 , 22.40 , 4.610 , 0.161 , 21.73 , 243.43
1681 , 8630 , 283.51 , -52.7 , 8 , 22.34 , 4.653 , 0.164 , 22.01 , 243.15
1691 , 8678 , 281.38 , -52.6 , 7 , 22.27 , 4.598 , 0.163 , 22.28 , 242.88
1701 , 8736 , 278.89 , -52.4 , 7 , 22.21 , 4.620 , 0.166 , 22.61 , 242.55
1711 , 8800 , 276.15 , -52.5 , 6 , 22.13 , 4.624 , 0.167 , 22.97 , 242.19
1721 , 8849 , 274.05 , -52.6 , 6 , 22.05 , 4.647 , 0.170 , 23.25 , 241.91
1731 , 8908 , 271.54 , -52.5 , 6 , 21.98 , 4.647 , 0.171 , 23.58 , 241.58
1741 , 8976 , 268.70 , -52.2 , 5 , 21.92 , 4.624 , 0.172 , 23.97 , 241.19
1751 , 9026 , 266.66 , -51.7 , 5 , 21.86 , 4.692 , 0.176 , 24.25 , 240.91
1761 , 9076 , 264.60 , -51.3 , 5 , 21.80 , 4.803 , 0.182 , 24.54 , 240.62
1771 , 9128 , 262.48 , -50.8 , 4 , 21.74 , 4.811 , 0.183 , 24.84 , 240.32
1781 , 9181 , 260.35 , -50.7 , 4 , 21.68 , 4.790 , 0.184 , 25.15 , 240.01
1791 , 9238 , 258.09 , -51.0 , 4 , 21.63 , 4.760 , 0.184 , 25.48 , 239.68
1801 , 9282 , 256.33 , -51.1 , 4 , 21.57 , 4.828 , 0.188 , 25.74 , 239.42
1811 , 9325 , 254.64 , -51.3 , 4 , 21.50 , 4.908 , 0.193 , 25.99 , 239.17
1821 , 9373 , 252.78 , -51.4 , 3 , 21.44 , 4.869 , 0.193 , 26.28 , 238.88
1831 , 9434 , 250.43 , -51.4 , 3 , 21.38 , 4.847 , 0.194 , 26.64 , 238.52
1841 , 9488 , 248.35 , -51.2 , 3 , 21.32 , 4.834 , 0.195 , 26.95 , 238.21
1851 , 9535 , 246.54 , -51.2 , 3 , 21.25 , 4.776 , 0.194 , 27.23 , 237.93
1861 , 9583 , 244.74 , -51.0 , 3 , 21.19 , 4.811 , 0.197 , 27.51 , 237.65
1871 , 9635 , 242.77 , -51.2 , 4 , 21.13 , 4.857 , 0.200 , 27.82 , 237.34
1881 , 9688 , 240.81 , -51.3 , 4 , 21.06 , 4.831 , 0.201 , 28.13 , 237.03
1891 , 9747 , 238.64 , -50.8 , 4 , 21.01 , 4.852 , 0.203 , 28.47 , 236.69
1901 , 9809 , 236.40 , -50.4 , 3 , 20.96 , 4.989 , 0.211 , 28.84 , 236.32
1911 , 9871 , 234.15 , -50.4 , 3 , 20.89 , 5.090 , 0.217 , 29.22 , 235.94
1921 , 9931 , 231.99 , -50.4 , 3 , 20.84 , 5.317 , 0.229 , 29.60 , 235.56
1931 , 9992 , 229.83 , -50.7 , 2 , 20.77 , 5.393 , 0.235 , 30.00 , 235.17
1940 , 10045 , 227.98 , -50.7 , 3 , 20.72 , 5.340 , 0.234 , 30.34 , 234.82
1951 , 10108 , 225.79 , -50.5 , 3 , 20.66 , 5.645 , 0.250 , 30.76 , 234.40
1961 , 10168 , 223.70 , -50.0 , 2 , 20.60 , 5.969 , 0.267 , 31.18 , 233.98
1970 , 10229 , 221.64 , -50.0 , 2 , 20.53 , 6.159 , 0.278 , 31.62 , 233.54
1980 , 10285 , 219.75 , -50.0 , 2 , 20.46 , 6.363 , 0.290 , 32.05 , 233.11
1990 , 10335 , 218.07 , -50.0 , 2 , 20.38 , 6.044 , 0.277 , 32.43 , 232.74
2000 , 10380 , 216.57 , -49.9 , 3 , 20.32 , 5.934 , 0.274 , 32.75 , 232.41
2010 , 10435 , 214.76 , -50.0 , 3 , 20.26 , 5.823 , 0.271 , 33.14 , 232.02
2020 , 10491 , 212.91 , -50.1 , 2 , 20.19 , 5.889 , 0.277 , 33.54 , 231.62
2030 , 10536 , 211.44 , -50.3 , 2 , 20.13 , 5.591 , 0.264 , 33.85 , 231.31
2040 , 10582 , 209.98 , -50.4 , 2 , 20.08 , 5.440 , 0.259 , 34.16 , 231.01
2050 , 10627 , 208.54 , -50.3 , 2 , 20.02 , 5.553 , 0.266 , 34.45 , 230.71
2060 , 10671 , 207.13 , -50.4 , 2 , 19.97 , 5.571 , 0.269 , 34.75 , 230.41
2070 , 10719 , 205.60 , -50.6 , 2 , 19.91 , 5.559 , 0.270 , 35.08 , 230.08
2080 , 10768 , 204.07 , -50.8 , 2 , 19.86 , 5.560 , 0.272 , 35.40 , 229.76
2090 , 10822 , 202.38 , -50.8 , 2 , 19.80 , 5.745 , 0.284 , 35.78 , 229.38
2100 , 10878 , 200.63 , -50.7 , 3 , 19.75 , 5.893 , 0.294 , 36.18 , 228.99
2110 , 10928 , 199.10 , -50.8 , 3 , 19.69 , 5.737 , 0.288 , 36.52 , 228.64
2120 , 10980 , 197.51 , -50.8 , 2 , 19.63 , 5.671 , 0.287 , 36.89 , 228.27
2130 , 11036 , 195.84 , -50.7 , 2 , 19.58 , 5.861 , 0.299 , 37.27 , 227.89
2140 , 11091 , 194.19 , -50.6 , 2 , 19.52 , 5.990 , 0.308 , 37.67 , 227.49
2150 , 11139 , 192.75 , -50.6 , 2 , 19.46 , 5.903 , 0.306 , 38.02 , 227.14
2160 , 11191 , 191.23 , -50.8 , 2 , 19.40 , 6.110 , 0.320 , 38.39 , 226.77
2170 , 11244 , 189.67 , -50.7 , 2 , 19.35 , 6.402 , 0.338 , 38.80 , 226.36
2180 , 11295 , 188.19 , -50.4 , 2 , 19.29 , 6.352 , 0.338 , 39.19 , 225.97
2190 , 11343 , 186.81 , -49.8 , 2 , 19.23 , 6.421 , 0.344 , 39.56 , 225.60
2200 , 11392 , 185.43 , -49.7 , 2 , 19.17 , 6.298 , 0.340 , 39.93 , 225.23
2210 , 11440 , 184.07 , -49.8 , 2 , 19.11 , 5.720 , 0.311 , 40.28 , 224.88
2220 , 11495 , 182.53 , -50.0 , 2 , 19.05 , 5.189 , 0.284 , 40.64 , 224.52
2230 , 11544 , 181.16 , -50.1 , 2 , 18.98 , 4.817 , 0.266 , 40.94 , 224.22
2240 , 11598 , 179.68 , -50.1 , 2 , 18.93 , 4.666 , 0.260 , 41.25 , 223.91
2250 , 11654 , 178.13 , -50.3 , 2 , 18.89 , 4.607 , 0.259 , 41.57 , 223.59
2260 , 11701 , 176.87 , -50.4 , 2 , 18.84 , 4.421 , 0.250 , 41.82 , 223.34
2269 , 11746 , 175.64 , -50.3 , 2 , 18.80 , 4.136 , 0.235 , 42.06 , 223.10
2278 , 11790 , 174.45 , -50.1 , 2 , 18.74 , 3.964 , 0.227 , 42.27 , 222.89
2289 , 11836 , 173.24 , -50.0 , 2 , 18.69 , 3.829 , 0.221 , 42.49 , 222.67
2299 , 11880 , 172.08 , -50.0 , 2 , 18.63 , 3.678 , 0.214 , 42.69 , 222.47
2309 , 11923 , 170.94 , -50.0 , 2 , 18.58 , 3.663 , 0.214 , 42.88 , 222.28
2319 , 11969 , 169.73 , -50.4 , 2 , 18.53 , 3.756 , 0.221 , 43.09 , 222.07
2329 , 12019 , 168.43 , -50.6 , 2 , 18.47 , 3.839 , 0.228 , 43.32 , 221.84
2339 , 12073 , 167.06 , -50.8 , 2 , 18.42 , 3.965 , 0.237 , 43.57 , 221.59
2349 , 12114 , 166.00 , -51.0 , 2 , 18.36 , 4.122 , 0.248 , 43.77 , 221.39
2359 , 12161 , 164.82 , -51.3 , 2 , 18.31 , 4.439 , 0.269 , 44.01 , 221.15
2369 , 12208 , 163.61 , -51.4 , 2 , 18.26 , 4.681 , 0.286 , 44.28 , 220.88
2379 , 12252 , 162.52 , -51.4 , 2 , 18.22 , 4.914 , 0.302 , 44.53 , 220.63
2389 , 12299 , 161.35 , -51.4 , 2 , 18.18 , 4.985 , 0.309 , 44.81 , 220.35
2399 , 12341 , 160.31 , -51.0 , 2 , 18.14 , 4.642 , 0.290 , 45.06 , 220.10
2409 , 12381 , 159.31 , -51.0 , 2 , 18.09 , 4.442 , 0.279 , 45.28 , 219.88
2419 , 12427 , 158.19 , -51.2 , 2 , 18.04 , 4.465 , 0.282 , 45.53 , 219.63
2429 , 12474 , 157.05 , -51.3 , 2 , 17.99 , 4.644 , 0.296 , 45.79 , 219.37
2439 , 12527 , 155.79 , -51.3 , 2 , 17.93 , 5.029 , 0.323 , 46.10 , 219.06
2449 , 12576 , 154.61 , -51.2 , 2 , 17.88 , 5.060 , 0.327 , 46.40 , 218.76
2459 , 12620 , 153.55 , -51.1 , 1 , 17.83 , 4.710 , 0.307 , 46.67 , 218.49
2469 , 12664 , 152.53 , -51.3 , 1 , 17.77 , 4.373 , 0.287 , 46.91 , 218.26
2479 , 12712 , 151.41 , -51.5 , 1 , 17.73 , 4.122 , 0.272 , 47.15 , 218.01
2488 , 12758 , 150.33 , -51.6 , 1 , 17.68 , 3.825 , 0.254 , 47.38 , 217.78
2499 , 12805 , 149.24 , -51.7 , 1 , 17.63 , 3.578 , 0.240 , 47.59 , 217.57
2509 , 12854 , 148.13 , -51.9 , 1 , 17.58 , 3.426 , 0.231 , 47.80 , 217.36
2519 , 12905 , 146.97 , -52.1 , 1 , 17.53 , 3.361 , 0.229 , 48.01 , 217.15
2529 , 12955 , 145.84 , -52.3 , 1 , 17.48 , 3.413 , 0.234 , 48.21 , 216.95
2539 , 13005 , 144.69 , -52.5 , 1 , 17.43 , 3.398 , 0.235 , 48.42 , 216.74
2548 , 13058 , 143.52 , -52.5 , 1 , 17.38 , 3.432 , 0.239 , 48.64 , 216.52
2559 , 13112 , 142.33 , -52.7 , 1 , 17.34 , 3.446 , 0.242 , 48.87 , 216.29
2569 , 13167 , 141.12 , -52.7 , 1 , 17.29 , 3.346 , 0.237 , 49.10 , 216.06
2578 , 13213 , 140.11 , -52.4 , 1 , 17.25 , 3.249 , 0.232 , 49.29 , 215.87
2588 , 13257 , 139.16 , -52.5 , 1 , 17.21 , 3.189 , 0.229 , 49.46 , 215.70
2598 , 13304 , 138.15 , -52.5 , 1 , 17.17 , 3.274 , 0.237 , 49.64 , 215.52
2608 , 13350 , 137.18 , -52.4 , 1 , 17.12 , 3.350 , 0.244 , 49.83 , 215.33
2618 , 13396 , 136.21 , -52.5 , 1 , 17.07 , 3.446 , 0.253 , 50.02 , 215.14
2628 , 13442 , 135.23 , -52.7 , 1 , 17.03 , 3.475 , 0.257 , 50.22 , 214.94
2638 , 13492 , 134.20 , -52.9 , 1 , 16.98 , 3.479 , 0.259 , 50.43 , 214.73
2648 , 13540 , 133.19 , -53.1 , 1 , 16.93 , 3.451 , 0.259 , 50.63 , 214.53
2658 , 13589 , 132.18 , -53.2 , 1 , 16.89 , 3.461 , 0.262 , 50.84 , 214.32
2668 , 13636 , 131.22 , -53.3 , 1 , 16.84 , 3.476 , 0.265 , 51.04 , 214.12
2678 , 13686 , 130.21 , -53.5 , 1 , 16.80 , 3.545 , 0.272 , 51.25 , 213.91
2688 , 13740 , 129.12 , -53.6 , 1 , 16.76 , 3.641 , 0.282 , 51.49 , 213.67
2698 , 13796 , 128.00 , -53.6 , 1 , 16.71 , 3.707 , 0.290 , 51.74 , 213.42
2708 , 13844 , 127.04 , -53.8 , 1 , 16.66 , 3.663 , 0.288 , 51.96 , 213.20
2718 , 13894 , 126.07 , -53.8 , 1 , 16.62 , 3.652 , 0.290 , 52.19 , 212.97
2728 , 13942 , 125.12 , -53.9 , 1 , 16.58 , 3.685 , 0.295 , 52.40 , 212.76
2738 , 13990 , 124.19 , -53.9 , 1 , 16.53 , 3.741 , 0.301 , 52.62 , 212.54
2748 , 14038 , 123.25 , -54.1 , 1 , 16.48 , 3.845 , 0.312 , 52.85 , 212.31
2758 , 14088 , 122.30 , -54.2 , 1 , 16.44 , 3.964 , 0.324 , 53.09 , 212.07
2768 , 14136 , 121.39 , -54.4 , 1 , 16.39 , 4.048 , 0.333 , 53.32 , 211.84
2778 , 14187 , 120.42 , -54.6 , 1 , 16.34 , 4.155 , 0.345 , 53.58 , 211.58
2788 , 14236 , 119.51 , -54.4 , 1 , 16.30 , 4.390 , 0.367 , 53.84 , 211.32
2798 , 14282 , 118.65 , -54.4 , 1 , 16.25 , 4.656 , 0.392 , 54.10 , 211.06
2808 , 14327 , 117.82 , -54.6 , 1 , 16.20 , 4.833 , 0.410 , 54.36 , 210.80
2818 , 14373 , 116.97 , -54.8 , 1 , 16.16 , 5.050 , 0.432 , 54.64 , 210.52
2828 , 14417 , 116.18 , -54.9 , 1 , 16.11 , 5.235 , 0.451 , 54.92 , 210.24
2838 , 14464 , 115.32 , -55.0 , 1 , 16.07 , 5.266 , 0.457 , 55.23 , 209.93
2848 , 14513 , 114.45 , -54.8 , 1 , 16.02 , 5.820 , 0.509 , 55.56 , 209.60
2858 , 14559 , 113.61 , -54.8 , 1 , 15.97 , 7.214 , 0.635 , 55.93 , 209.23
2868 , 14605 , 112.81 , -55.0 , 1 , 15.93 , 8.412 , 0.746 , 56.37 , 208.79
2877 , 14648 , 112.05 , -55.0 , 1 , 15.89 , 9.263 , 0.827 , 56.85 , 208.31
2887 , 14694 , 111.25 , -54.9 , 1 , 15.85 , 10.085 , 0.907 , 57.39 , 207.77
2897 , 14743 , 110.40 , -55.0 , 1 , 15.81 , 10.687 , 0.968 , 58.02 , 207.14
2907 , 14791 , 109.56 , -55.2 , 1 , 15.76 , 11.139 , 1.017 , 58.67 , 206.49
2917 , 14842 , 108.70 , -55.1 , 1 , 15.71 , 11.365 , 1.046 , 59.38 , 205.78
2927 , 14890 , 107.88 , -55.1 , 1 , 15.67 , 11.394 , 1.056 , 60.05 , 205.11
2937 , 14939 , 107.06 , -55.0 , 1 , 15.62 , 11.471 , 1.072 , 60.75 , 204.41
2947 , 14985 , 106.29 , -55.0 , 1 , 15.57 , 11.389 , 1.071 , 61.40 , 203.76
2957 , 15029 , 105.56 , -54.9 , 1 , 15.53 , 11.249 , 1.066 , 62.01 , 203.15
2967 , 15074 , 104.81 , -54.6 , 1 , 15.49 , 11.327 , 1.081 , 62.65 , 202.52
2977 , 15121 , 104.05 , -54.6 , 1 , 15.44 , 11.426 , 1.098 , 63.30 , 201.86
2987 , 15164 , 103.35 , -54.4 , 1 , 15.40 , 11.718 , 1.134 , 63.92 , 201.24
2997 , 15210 , 102.62 , -54.4 , 1 , 15.36 , 12.370 , 1.205 , 64.59 , 200.57
3007 , 15255 , 101.90 , -54.7 , 1 , 15.31 , 12.732 , 1.249 , 65.29 , 199.87
3017 , 15296 , 101.24 , -54.8 , 1 , 15.27 , 13.036 , 1.288 , 65.95 , 199.21
3027 , 15340 , 100.56 , -54.8 , 1 , 15.22 , 13.445 , 1.337 , 66.66 , 198.50
3037 , 15387 , 99.82 , -54.8 , 1 , 15.18 , 13.860 , 1.389 , 67.45 , 197.71
3047 , 15435 , 99.07 , -54.8 , 1 , 15.13 , 14.023 , 1.415 , 68.28 , 196.88
3057 , 15481 , 98.35 , -54.8 , 1 , 15.08 , 13.914 , 1.415 , 69.08 , 196.08
3067 , 15528 , 97.64 , -55.2 , 1 , 15.04 , 13.671 , 1.400 , 69.87 , 195.29
3077 , 15572 , 96.97 , -55.5 , 1 , 14.99 , 13.507 , 1.393 , 70.61 , 194.55
3087 , 15617 , 96.28 , -55.7 , 1 , 14.94 , 13.389 , 1.391 , 71.37 , 193.79
3097 , 15661 , 95.61 , -55.9 , 1 , 14.90 , 13.152 , 1.376 , 72.10 , 193.06
3107 , 15702 , 95.00 , -56.0 , 1 , 14.86 , 12.981 , 1.366 , 72.76 , 192.40
3117 , 15745 , 94.36 , -56.1 , 1 , 14.81 , 12.479 , 1.322 , 73.44 , 191.72
3126 , 15790 , 93.70 , -56.2 , 1 , 14.77 , 11.916 , 1.272 , 74.12 , 191.04
3136 , 15841 , 92.95 , -56.2 , 1 , 14.72 , 11.219 , 1.207 , 74.85 , 190.31
3145 , 15888 , 92.26 , -56.4 , 1 , 14.68 , 10.434 , 1.131 , 75.49 , 189.67
3155 , 15941 , 91.50 , -56.6 , 1 , 14.63 , 9.689 , 1.059 , 76.15 , 189.02
3165 , 15994 , 90.73 , -56.7 , 1 , 14.59 , 9.077 , 1.000 , 76.77 , 188.40
3175 , 16049 , 89.95 , -56.8 , 1 , 14.54 , 8.717 , 0.969 , 77.37 , 187.79
3184 , 16099 , 89.23 , -56.8 , 1 , 14.50 , 8.609 , 0.965 , 77.92 , 187.24
3194 , 16145 , 88.60 , -56.7 , 1 , 14.45 , 8.494 , 0.959 , 78.40 , 186.76
3204 , 16192 , 87.94 , -56.5 , 1 , 14.40 , 8.592 , 0.977 , 78.90 , 186.26
3214 , 16241 , 87.26 , -56.7 , 1 , 14.36 , 8.686 , 0.995 , 79.43 , 185.73
3224 , 16288 , 86.62 , -56.9 , 1 , 14.32 , 8.751 , 1.010 , 79.94 , 185.22
3234 , 16337 , 85.95 , -56.9 , 1 , 14.27 , 8.766 , 1.020 , 80.48 , 184.68
3244 , 16385 , 85.30 , -56.9 , 1 , 14.22 , 8.743 , 1.025 , 81.00 , 184.16
3254 , 16433 , 84.65 , -57.1 , 1 , 14.18 , 8.855 , 1.046 , 81.53 , 183.63
3264 , 16482 , 84.01 , -57.4 , 1 , 14.13 , 8.877 , 1.057 , 82.07 , 183.09
3274 , 16529 , 83.38 , -57.5 , 1 , 14.08 , 8.886 , 1.066 , 82.59 , 182.57
3284 , 16574 , 82.79 , -57.1 , 1 , 14.04 , 9.003 , 1.087 , 83.10 , 182.06
3293 , 16617 , 82.22 , -57.1 , 1 , 13.99 , 9.112 , 1.108 , 83.59 , 181.57
3303 , 16660 , 81.66 , -57.2 , 1 , 13.95 , 9.278 , 1.136 , 84.08 , 181.08
3313 , 16704 , 81.10 , -57.0 , 1 , 13.91 , 9.311 , 1.148 , 84.58 , 180.58
3323 , 16749 , 80.53 , -56.9 , 1 , 13.86 , 9.255 , 1.149 , 85.10 , 180.06
3333 , 16792 , 79.98 , -56.9 , 1 , 13.81 , 9.264 , 1.158 , 85.60 , 179.56
3343 , 16837 , 79.41 , -57.0 , 1 , 13.77 , 9.212 , 1.160 , 86.12 , 179.04
3353 , 16884 , 78.83 , -57.1 , 1 , 13.72 , 9.146 , 1.160 , 86.66 , 178.50
3363 , 16929 , 78.27 , -57.0 , 1 , 13.68 , 9.140 , 1.168 , 87.17 , 177.99
3373 , 16975 , 77.70 , -56.9 , 1 , 13.63 , 9.292 , 1.196 , 87.71 , 177.45
3383 , 17019 , 77.16 , -56.9 , 1 , 13.59 , 9.803 , 1.271 , 88.23 , 176.93
3393 , 17066 , 76.59 , -56.9 , 1 , 13.54 , 9.879 , 1.290 , 88.80 , 176.36
3403 , 17111 , 76.04 , -56.9 , 1 , 13.49 , 9.905 , 1.303 , 89.36 , 175.80
3413 , 17158 , 75.49 , -56.7 , 1 , 13.45 , 9.983 , 1.322 , 89.94 , 175.22
3423 , 17208 , 74.89 , -56.4 , 1 , 13.40 , 10.053 , 1.342 , 90.57 , 174.59
3433 , 17259 , 74.30 , -56.2 , 1 , 13.36 , 10.276 , 1.383 , 91.21 , 173.95
3442 , 17308 , 73.72 , -56.4 , 1 , 13.31 , 10.535 , 1.429 , 91.85 , 173.31
3453 , 17361 , 73.11 , -56.1 , 1 , 13.26 , 10.685 , 1.462 , 92.54 , 172.62
3463 , 17409 , 72.56 , -55.9 , 1 , 13.22 , 10.805 , 1.489 , 93.18 , 171.98
3473 , 17459 , 71.99 , -56.0 , 1 , 13.17 , 10.958 , 1.522 , 93.86 , 171.30
3482 , 17506 , 71.47 , -55.9 , 1 , 13.13 , 10.834 , 1.516 , 94.49 , 170.67
3492 , 17554 , 70.93 , -56.2 , 1 , 13.09 , 10.918 , 1.539 , 95.14 , 170.02
3502 , 17602 , 70.38 , -56.6 , 1 , 13.04 , 11.018 , 1.565 , 95.80 , 169.36
3512 , 17654 , 69.81 , -56.9 , 1 , 13.00 , 11.002 , 1.576 , 96.51 , 168.65
3522 , 17711 , 69.19 , -57.1 , 1 , 12.95 , 10.946 , 1.582 , 97.29 , 167.88
3532 , 17767 , 68.57 , -57.2 , 1 , 12.90 , 11.077 , 1.615 , 98.07 , 167.10
3542 , 17826 , 67.93 , -57.5 , 1 , 12.86 , 11.128 , 1.638 , 98.89 , 166.27
3552 , 17887 , 67.29 , -57.7 , 1 , 12.81 , 11.242 , 1.671 , 99.73 , 165.43
3562 , 17941 , 66.71 , -57.7 , 1 , 12.77 , 11.010 , 1.650 , 100.48 , 164.68
3572 , 17992 , 66.17 , -57.7 , 1 , 12.73 , 10.785 , 1.630 , 101.18 , 163.98
3582 , 18041 , 65.66 , -57.7 , 1 , 12.68 , 10.646 , 1.621 , 101.84 , 163.32
3592 , 18093 , 65.12 , -57.6 , 1 , 12.64 , 10.875 , 1.670 , 102.54 , 162.62
3602 , 18145 , 64.59 , -57.9 , 1 , 12.59 , 11.252 , 1.742 , 103.26 , 161.90
3612 , 18197 , 64.06 , -58.1 , 1 , 12.54 , 11.445 , 1.787 , 104.00 , 161.16
3622 , 18248 , 63.55 , -58.1 , 1 , 12.50 , 11.782 , 1.854 , 104.73 , 160.43
3632 , 18301 , 63.01 , -58.4 , 1 , 12.45 , 11.941 , 1.895 , 105.53 , 159.63
3641 , 18356 , 62.46 , -58.8 , 1 , 12.41 , 11.858 , 1.899 , 106.35 , 158.81
3652 , 18415 , 61.88 , -59.0 , 1 , 12.36 , 11.834 , 1.912 , 107.22 , 157.94
3662 , 18471 , 61.32 , -59.0 , 1 , 12.32 , 11.722 , 1.911 , 108.06 , 157.10
3672 , 18529 , 60.76 , -59.2 , 1 , 12.27 , 11.709 , 1.927 , 108.91 , 156.25
3682 , 18586 , 60.21 , -59.4 , 1 , 12.23 , 11.946 , 1.984 , 109.77 , 155.39
3692 , 18640 , 59.69 , -59.6 , 1 , 12.18 , 11.710 , 1.962 , 110.57 , 154.59
3702 , 18694 , 59.17 , -59.5 , 1 , 12.13 , 11.348 , 1.918 , 111.36 , 153.80
3712 , 18743 , 58.72 , -59.8 , 1 , 12.09 , 11.261 , 1.918 , 112.06 , 153.11
3722 , 18797 , 58.21 , -60.1 , 1 , 12.04 , 11.353 , 1.950 , 112.82 , 152.34
3732 , 18849 , 57.72 , -60.5 , 1 , 12.00 , 11.424 , 1.979 , 113.59 , 151.58
3742 , 18903 , 57.23 , -60.3 , 1 , 11.95 , 11.337 , 1.981 , 114.35 , 150.81
3752 , 18954 , 56.76 , -60.2 , 1 , 11.90 , 11.369 , 2.003 , 115.09 , 150.07
3762 , 19006 , 56.29 , -60.3 , 1 , 11.85 , 11.473 , 2.038 , 115.84 , 149.32
3772 , 19055 , 55.85 , -60.5 , 1 , 11.81 , 11.413 , 2.044 , 116.55 , 148.61
3781 , 19102 , 55.43 , -60.6 , 1 , 11.77 , 11.425 , 2.061 , 117.23 , 147.93
3791 , 19152 , 54.98 , -60.6 , 1 , 11.72 , 11.555 , 2.102 , 117.97 , 147.19
3800 , 19198 , 54.58 , -60.7 , 1 , 11.68 , 11.466 , 2.101 , 118.64 , 146.52
3809 , 19244 , 54.18 , -60.9 , 1 , 11.64 , 11.517 , 2.126 , 119.30 , 145.86
3819 , 19292 , 53.76 , -60.9 , 1 , 11.59 , 11.468 , 2.133 , 120.01 , 145.15
3829 , 19341 , 53.34 , -60.9 , 1 , 11.54 , 11.439 , 2.145 , 120.72 , 144.44
3839 , 19390 , 52.92 , -61.1 , 1 , 11.50 , 11.449 , 2.163 , 121.43 , 143.73
3849 , 19438 , 52.51 , -60.8 , 1 , 11.45 , 11.456 , 2.182 , 122.14 , 143.02
3859 , 19483 , 52.13 , -60.9 , 1 , 11.40 , 11.487 , 2.204 , 122.79 , 142.37
3869 , 19532 , 51.72 , -60.9 , 1 , 11.36 , 11.644 , 2.251 , 123.51 , 141.65
3879 , 19579 , 51.33 , -60.5 , 1 , 11.31 , 11.517 , 2.244 , 124.19 , 140.97
3889 , 19625 , 50.95 , -60.6 , 1 , 11.26 , 11.574 , 2.271 , 124.87 , 140.29
3898 , 19670 , 50.58 , -60.7 , 1 , 11.22 , 11.738 , 2.321 , 125.54 , 139.62
3908 , 19716 , 50.21 , -60.7 , 1 , 11.17 , 11.699 , 2.330 , 126.22 , 138.94
3918 , 19764 , 49.82 , -60.6 , 1 , 11.12 , 11.699 , 2.348 , 126.94 , 138.22
3928 , 19810 , 49.46 , -60.7 , 1 , 11.07 , 11.941 , 2.414 , 127.63 , 137.53
3937 , 19852 , 49.13 , -60.9 , 1 , 11.03 , 11.857 , 2.414 , 128.26 , 136.90
3947 , 19903 , 48.72 , -61.0 , 1 , 10.99 , 11.779 , 2.417 , 129.03 , 136.13
3956 , 19949 , 48.37 , -61.1 , 1 , 10.94 , 11.644 , 2.407 , 129.70 , 135.46
3965 , 19997 , 47.99 , -61.4 , 1 , 10.90 , 11.417 , 2.379 , 130.41 , 134.75
3975 , 20041 , 47.65 , -61.6 , 1 , 10.85 , 11.429 , 2.399 , 131.06 , 134.10
3985 , 20092 , 47.26 , -61.8 , 1 , 10.80 , 11.484 , 2.430 , 131.80 , 133.36
3995 , 20142 , 46.88 , -62.1 , 1 , 10.75 , 11.412 , 2.434 , 132.53 , 132.63
4004 , 20190 , 46.52 , -62.3 , 1 , 10.70 , 11.415 , 2.454 , 133.22 , 131.94
4015 , 20244 , 46.11 , -62.3 , 1 , 10.65 , 11.445 , 2.482 , 134.02 , 131.14
4025 , 20297 , 45.72 , -62.3 , 1 , 10.60 , 11.435 , 2.501 , 134.79 , 130.37
4035 , 20350 , 45.33 , -62.2 , 1 , 10.54 , 11.552 , 2.548 , 135.57 , 129.59
4045 , 20403 , 44.94 , -62.3 , 1 , 10.49 , 11.620 , 2.586 , 136.36 , 128.80
4055 , 20459 , 44.53 , -62.3 , 1 , 10.44 , 11.564 , 2.597 , 137.19 , 127.97
4065 , 20513 , 44.15 , -62.2 , 1 , 10.39 , 11.685 , 2.647 , 137.99 , 127.17
4075 , 20565 , 43.78 , -61.9 , 1 , 10.34 , 11.663 , 2.664 , 138.77 , 126.39
4085 , 20617 , 43.41 , -62.2 , 1 , 10.28 , 11.774 , 2.712 , 139.54 , 125.62
4095 , 20671 , 43.03 , -62.7 , 1 , 10.23 , 11.780 , 2.737 , 140.36 , 124.80
4104 , 20722 , 42.67 , -63.0 , 1 , 10.18 , 11.483 , 2.691 , 141.13 , 124.03
4114 , 20773 , 42.32 , -63.2 , 1 , 10.13 , 11.574 , 2.735 , 141.87 , 123.29
4124 , 20826 , 41.96 , -63.2 , 1 , 10.08 , 11.593 , 2.763 , 142.67 , 122.49
4134 , 20880 , 41.59 , -63.3 , 1 , 10.02 , 11.597 , 2.788 , 143.47 , 121.69
4144 , 20931 , 41.25 , -63.5 , 1 , 9.97 , 11.571 , 2.805 , 144.23 , 120.93
4154 , 20983 , 40.90 , -63.3 , 1 , 9.92 , 11.627 , 2.843 , 145.00 , 120.16
4164 , 21034 , 40.56 , -63.3 , 1 , 9.87 , 11.610 , 2.862 , 145.76 , 119.40
4174 , 21085 , 40.23 , -63.4 , 1 , 9.82 , 11.603 , 2.884 , 146.52 , 118.65
4184 , 21137 , 39.89 , -63.5 , 1 , 9.77 , 11.624 , 2.914 , 147.30 , 117.86
4194 , 21189 , 39.55 , -63.6 , 1 , 9.72 , 11.623 , 2.938 , 148.07 , 117.09
4204 , 21243 , 39.21 , -63.7 , 1 , 9.67 , 11.570 , 2.951 , 148.88 , 116.28
4214 , 21294 , 38.88 , -63.9 , 1 , 9.62 , 11.572 , 2.976 , 149.64 , 115.52
4224 , 21344 , 38.57 , -64.1 , 1 , 9.57 , 11.620 , 3.013 , 150.38 , 114.78
4234 , 21396 , 38.24 , -64.0 , 1 , 9.52 , 11.778 , 3.080 , 151.17 , 113.99
4244 , 21450 , 37.90 , -63.9 , 1 , 9.47 , 11.626 , 3.067 , 151.99 , 113.17
4254 , 21504 , 37.57 , -64.3 , 2 , 9.42 , 11.639 , 3.098 , 152.79 , 112.37
4264 , 21556 , 37.25 , -64.7 , 2 , 9.37 , 11.494 , 3.086 , 153.58 , 111.58
4274 , 21611 , 36.92 , -64.8 , 2 , 9.32 , 11.487 , 3.112 , 154.39 , 110.77
4284 , 21661 , 36.61 , -64.3 , 1 , 9.27 , 11.617 , 3.173 , 155.14 , 110.02
4294 , 21710 , 36.32 , -64.5 , 2 , 9.23 , 11.716 , 3.226 , 155.88 , 109.28
4304 , 21764 , 36.00 , -64.6 , 2 , 9.18 , 11.609 , 3.224 , 156.69 , 108.47
4314 , 21816 , 35.70 , -64.5 , 1 , 9.13 , 11.528 , 3.229 , 157.47 , 107.69
4324 , 21869 , 35.39 , -64.4 , 2 , 9.08 , 11.496 , 3.249 , 158.26 , 106.90
4334 , 21923 , 35.08 , -64.4 , 2 , 9.04 , 11.544 , 3.291 , 159.06 , 106.11
4343 , 21972 , 34.80 , -64.4 , 2 , 9.00 , 11.489 , 3.302 , 159.79 , 105.37
4354 , 22030 , 34.47 , -64.5 , 2 , 8.95 , 11.473 , 3.329 , 160.66 , 104.50
4364 , 22080 , 34.19 , -64.6 , 2 , 8.90 , 11.493 , 3.362 , 161.39 , 103.77
4374 , 22132 , 33.90 , -64.6 , 2 , 8.86 , 11.497 , 3.392 , 162.16 , 103.00
4384 , 22186 , 33.60 , -64.6 , 2 , 8.81 , 11.589 , 3.449 , 162.97 , 102.19
4393 , 22235 , 33.33 , -64.9 , 2 , 8.76 , 11.503 , 3.452 , 163.71 , 101.45
4402 , 22284 , 33.06 , -65.1 , 2 , 8.72 , 11.441 , 3.461 , 164.43 , 100.73
4412 , 22336 , 32.78 , -65.1 , 2 , 8.68 , 11.401 , 3.478 , 165.20 , 99.96
4422 , 22390 , 32.49 , -65.1 , 2 , 8.63 , 11.411 , 3.512 , 166.00 , 99.16
4433 , 22445 , 32.20 , -65.2 , 2 , 8.58 , 11.349 , 3.524 , 166.81 , 98.35
4442 , 22495 , 31.94 , -65.1 , 2 , 8.54 , 11.309 , 3.541 , 167.54 , 97.62
4451 , 22546 , 31.67 , -65.1 , 2 , 8.50 , 11.333 , 3.578 , 168.29 , 96.87
4461 , 22602 , 31.38 , -65.3 , 2 , 8.45 , 11.317 , 3.607 , 169.12 , 96.04
4470 , 22648 , 31.15 , -65.4 , 2 , 8.41 , 11.253 , 3.613 , 169.79 , 95.37
4480 , 22704 , 30.86 , -65.7 , 2 , 8.36 , 11.257 , 3.648 , 170.60 , 94.56
4490 , 22754 , 30.60 , -65.9 , 2 , 8.31 , 11.218 , 3.666 , 171.35 , 93.81
4500 , 22807 , 30.34 , -66.1 , 2 , 8.27 , 11.184 , 3.687 , 172.12 , 93.04
4510 , 22865 , 30.05 , -66.3 , 2 , 8.22 , 11.114 , 3.698 , 172.95 , 92.21
4519 , 22918 , 29.79 , -66.3 , 2 , 8.17 , 11.133 , 3.737 , 173.72 , 91.44
4529 , 22975 , 29.51 , -66.5 , 2 , 8.12 , 11.027 , 3.737 , 174.54 , 90.62
4539 , 23029 , 29.24 , -66.9 , 2 , 8.08 , 10.965 , 3.750 , 175.33 , 89.83
4549 , 23085 , 28.98 , -66.8 , 2 , 8.04 , 10.936 , 3.774 , 176.12 , 89.04
4559 , 23139 , 28.72 , -66.5 , 2 , 7.99 , 10.867 , 3.784 , 176.89 , 88.27
4569 , 23194 , 28.46 , -66.6 , 2 , 7.94 , 10.886 , 3.825 , 177.67 , 87.49
4579 , 23252 , 28.19 , -66.6 , 2 , 7.89 , 10.849 , 3.849 , 178.49 , 86.67
4589 , 23308 , 27.93 , -66.5 , 2 , 7.85 , 10.816 , 3.873 , 179.28 , 85.88
4599 , 23365 , 27.66 , -66.5 , 2 , 7.80 , 10.819 , 3.911 , 180.10 , 85.06
4609 , 23425 , 27.39 , -66.7 , 2 , 7.76 , 10.830 , 3.954 , 180.94 , 84.22
4619 , 23484 , 27.12 , -66.9 , 2 , 7.71 , 10.733 , 3.957 , 181.78 , 83.38
4629 , 23542 , 26.86 , -67.1 , 2 , 7.66 , 10.601 , 3.946 , 182.58 , 82.58
4638 , 23598 , 26.62 , -66.8 , 2 , 7.62 , 10.572 , 3.972 , 183.36 , 81.80
4648 , 23660 , 26.34 , -66.7 , 2 , 7.57 , 10.558 , 4.008 , 184.22 , 80.94
4659 , 23725 , 26.06 , -66.8 , 2 , 7.53 , 10.321 , 3.960 , 185.10 , 80.06
4669 , 23785 , 25.81 , -67.1 , 2 , 7.48 , 10.242 , 3.969 , 185.91 , 79.25
4679 , 23850 , 25.53 , -67.4 , 2 , 7.44 , 10.087 , 3.952 , 186.78 , 78.38
4689 , 23914 , 25.26 , -67.9 , 2 , 7.40 , 10.081 , 3.991 , 187.62 , 77.54
4699 , 23974 , 25.01 , -68.4 , 2 , 7.36 , 9.999 , 3.999 , 188.41 , 76.75
4708 , 24025 , 24.80 , -68.5 , 2 , 7.32 , 9.871 , 3.981 , 189.08 , 76.09
4718 , 24082 , 24.56 , -68.4 , 2 , 7.29 , 9.764 , 3.976 , 189.82 , 75.34
4728 , 24137 , 24.34 , -67.7 , 2 , 7.24 , 9.731 , 3.998 , 190.52 , 74.64
4738 , 24193 , 24.11 , -68.1 , 2 , 7.20 , 9.676 , 4.013 , 191.23 , 73.93
4748 , 24247 , 23.89 , -68.4 , 2 , 7.16 , 9.566 , 4.004 , 191.92 , 73.24
4758 , 24306 , 23.66 , -68.7 , 2 , 7.12 , 9.469 , 4.002 , 192.65 , 72.51
4768 , 24361 , 23.44 , -68.7 , 2 , 7.07 , 9.365 , 3.994 , 193.34 , 71.82
4778 , 24422 , 23.21 , -68.8 , 2 , 7.02 , 9.242 , 3.983 , 194.09 , 71.07
4788 , 24476 , 23.00 , -68.9 , 2 , 6.98 , 9.191 , 3.996 , 194.74 , 70.42
4798 , 24534 , 22.78 , -68.9 , 2 , 6.94 , 9.153 , 4.019 , 195.44 , 69.72
4808 , 24590 , 22.56 , -69.0 , 2 , 6.89 , 9.027 , 4.001 , 196.12 , 69.04
4818 , 24642 , 22.37 , -68.4 , 2 , 6.85 , 8.874 , 3.967 , 196.73 , 68.43
4828 , 24694 , 22.17 , -68.2 , 2 , 6.82 , 8.750 , 3.946 , 197.34 , 67.82
4838 , 24750 , 21.97 , -67.8 , 2 , 6.78 , 8.693 , 3.957 , 197.97 , 67.19
4848 , 24799 , 21.79 , -67.6 , 2 , 6.75 , 8.648 , 3.969 , 198.54 , 66.62
4858 , 24849 , 21.61 , -67.0 , 2 , 6.71 , 8.552 , 3.957 , 199.10 , 66.06
4868 , 24898 , 21.43 , -66.9 , 2 , 6.67 , 8.473 , 3.953 , 199.65 , 65.51
4878 , 24950 , 21.25 , -67.1 , 2 , 6.64 , 8.352 , 3.930 , 200.21 , 64.95
4888 , 25004 , 21.06 , -67.4 , 2 , 6.60 , 8.289 , 3.935 , 200.81 , 64.35
4898 , 25059 , 20.87 , -67.6 , 2 , 6.56 , 8.244 , 3.950 , 201.40 , 63.76
4908 , 25113 , 20.69 , -67.7 , 2 , 6.52 , 8.112 , 3.922 , 201.98 , 63.18
4918 , 25168 , 20.50 , -67.6 , 2 , 6.48 , 8.035 , 3.920 , 202.56 , 62.60
4928 , 25221 , 20.32 , -67.7 , 2 , 6.44 , 7.969 , 3.922 , 203.12 , 62.04
4938 , 25278 , 20.13 , -67.6 , 2 , 6.40 , 7.855 , 3.903 , 203.71 , 61.45
4948 , 25331 , 19.95 , -67.6 , 2 , 6.36 , 7.735 , 3.878 , 204.26 , 60.90
4958 , 25384 , 19.77 , -67.7 , 2 , 6.33 , 7.654 , 3.871 , 204.78 , 60.38
4968 , 25438 , 19.60 , -68.0 , 2 , 6.27 , 7.580 , 3.868 , 205.33 , 59.83
4978 , 25497 , 19.41 , -68.3 , 2 , 6.11 , 7.508 , 3.869 , 205.91 , 59.25
