# ------------------------------------------------------------
#
# Flight name: V2011
# Station: Davis
# Launch Date: 18 May 2011
# Launch Time: 11:56:55
# 
# This file created: Thu May 19 16:10:28 2011
# 
# 
# ------------------------------------------------------------
# DATA COLUMNS
# Time (s)
# Height (m)
# Atmospheric Pressure (hPa)
# Atmospheric Temperature (°C)
# Relative Humidity (%)
# Box Temperature (°C)
# Ozone Partial Pressure (mPa)
# Ozone Mixing Ratio (ppmV)
# Accumulated Ozone to this Height (Dobson Units)
# Remaining Ozone above this Height (Dobson Units)
# 
# ------------------------------------------------------------
# 
# Integrated Ozone = 244.8 DU
# Extrapolated Ozone =  18.0 DU
# 
# Total Ozone = 262.8 DU
# 
# 
# ------------------------------------------------------------
0 , 18 , 981.30 , -21.0 , 42 , 31.91 , 1.995 , 0.020 , 0.00 , 262.85
10 , 62 , 975.44 , -19.1 , 33 , 31.92 , 2.310 , 0.024 , 0.10 , 262.75
20 , 111 , 969.02 , -19.1 , 30 , 31.93 , 2.494 , 0.026 , 0.23 , 262.62
30 , 160 , 962.70 , -19.6 , 30 , 31.92 , 2.589 , 0.027 , 0.36 , 262.49
39 , 208 , 956.43 , -19.8 , 30 , 31.92 , 2.564 , 0.027 , 0.49 , 262.36
49 , 257 , 950.09 , -19.9 , 28 , 31.93 , 2.561 , 0.027 , 0.63 , 262.22
59 , 307 , 943.76 , -20.4 , 28 , 31.92 , 2.592 , 0.027 , 0.76 , 262.09
69 , 357 , 937.44 , -20.0 , 25 , 31.91 , 2.574 , 0.027 , 0.90 , 261.95
79 , 405 , 931.29 , -20.1 , 23 , 31.90 , 2.579 , 0.028 , 1.03 , 261.82
89 , 452 , 925.51 , -20.2 , 22 , 31.87 , 2.571 , 0.028 , 1.16 , 261.69
99 , 498 , 919.69 , -20.5 , 22 , 31.83 , 2.567 , 0.028 , 1.29 , 261.56
108 , 543 , 914.17 , -20.6 , 22 , 31.81 , 2.547 , 0.028 , 1.41 , 261.44
118 , 588 , 908.53 , -20.7 , 21 , 31.77 , 2.533 , 0.028 , 1.53 , 261.32
128 , 636 , 902.68 , -20.9 , 21 , 31.72 , 2.515 , 0.028 , 1.66 , 261.19
138 , 682 , 897.07 , -21.0 , 22 , 31.68 , 2.505 , 0.028 , 1.78 , 261.06
148 , 728 , 891.59 , -21.2 , 22 , 31.64 , 2.501 , 0.028 , 1.91 , 260.94
158 , 776 , 885.79 , -21.6 , 22 , 31.60 , 2.486 , 0.028 , 2.03 , 260.82
168 , 826 , 879.71 , -22.1 , 23 , 31.55 , 2.477 , 0.028 , 2.17 , 260.68
178 , 879 , 873.37 , -22.6 , 24 , 31.51 , 2.472 , 0.028 , 2.31 , 260.54
188 , 936 , 866.59 , -23.1 , 24 , 31.45 , 2.448 , 0.028 , 2.46 , 260.39
198 , 988 , 860.52 , -23.6 , 24 , 31.40 , 2.423 , 0.028 , 2.60 , 260.25
208 , 1037 , 854.78 , -23.8 , 25 , 31.35 , 2.408 , 0.028 , 2.72 , 260.12
218 , 1089 , 848.63 , -23.8 , 25 , 31.32 , 2.376 , 0.028 , 2.86 , 259.99
228 , 1135 , 843.34 , -23.6 , 24 , 31.30 , 2.384 , 0.028 , 2.98 , 259.87
238 , 1186 , 837.48 , -23.4 , 24 , 31.23 , 2.364 , 0.028 , 3.11 , 259.74
248 , 1237 , 831.68 , -22.4 , 27 , 31.17 , 2.361 , 0.028 , 3.24 , 259.61
258 , 1286 , 826.19 , -20.7 , 42 , 31.12 , 2.316 , 0.028 , 3.36 , 259.49
268 , 1331 , 821.10 , -20.3 , 51 , 31.08 , 2.305 , 0.028 , 3.47 , 259.38
277 , 1379 , 815.87 , -20.4 , 56 , 31.03 , 2.275 , 0.028 , 3.59 , 259.26
288 , 1427 , 810.54 , -20.0 , 56 , 30.98 , 2.253 , 0.028 , 3.71 , 259.14
298 , 1474 , 805.40 , -20.2 , 54 , 30.93 , 2.234 , 0.028 , 3.82 , 259.03
308 , 1522 , 800.23 , -20.5 , 62 , 30.88 , 2.231 , 0.028 , 3.93 , 258.92
318 , 1579 , 794.09 , -20.9 , 68 , 30.82 , 2.197 , 0.028 , 4.07 , 258.78
328 , 1633 , 788.30 , -21.1 , 67 , 30.78 , 2.190 , 0.028 , 4.19 , 258.66
338 , 1682 , 783.04 , -21.4 , 64 , 30.73 , 2.164 , 0.028 , 4.31 , 258.54
347 , 1726 , 778.46 , -21.7 , 65 , 30.71 , 2.149 , 0.028 , 4.41 , 258.44
357 , 1770 , 773.76 , -22.0 , 67 , 30.69 , 2.145 , 0.028 , 4.51 , 258.34
367 , 1825 , 768.05 , -22.3 , 67 , 30.64 , 2.124 , 0.028 , 4.64 , 258.21
377 , 1874 , 762.90 , -22.5 , 64 , 30.61 , 2.104 , 0.028 , 4.75 , 258.10
387 , 1923 , 757.82 , -22.9 , 65 , 30.59 , 2.072 , 0.027 , 4.86 , 257.99
397 , 1973 , 752.64 , -23.2 , 58 , 30.58 , 2.075 , 0.028 , 4.97 , 257.88
407 , 2022 , 747.62 , -23.6 , 55 , 30.58 , 2.096 , 0.028 , 5.08 , 257.77
417 , 2080 , 741.73 , -24.1 , 56 , 30.56 , 2.069 , 0.028 , 5.21 , 257.64
427 , 2129 , 736.79 , -24.5 , 56 , 30.57 , 2.079 , 0.028 , 5.32 , 257.53
437 , 2175 , 732.11 , -24.8 , 57 , 30.54 , 2.083 , 0.028 , 5.42 , 257.42
447 , 2221 , 727.47 , -25.2 , 56 , 30.47 , 2.069 , 0.028 , 5.53 , 257.32
456 , 2269 , 722.70 , -25.7 , 59 , 30.43 , 2.050 , 0.028 , 5.64 , 257.21
466 , 2317 , 717.94 , -26.1 , 59 , 30.41 , 2.044 , 0.028 , 5.74 , 257.11
476 , 2371 , 712.52 , -26.6 , 63 , 30.37 , 2.033 , 0.029 , 5.86 , 256.99
486 , 2424 , 707.39 , -27.0 , 68 , 30.32 , 2.016 , 0.028 , 5.98 , 256.87
496 , 2476 , 702.25 , -27.5 , 68 , 30.29 , 1.995 , 0.028 , 6.09 , 256.75
506 , 2530 , 697.01 , -27.9 , 70 , 30.28 , 1.981 , 0.028 , 6.21 , 256.64
516 , 2580 , 692.18 , -28.4 , 72 , 30.24 , 1.969 , 0.028 , 6.32 , 256.53
525 , 2637 , 686.67 , -28.9 , 75 , 30.22 , 1.950 , 0.028 , 6.44 , 256.40
535 , 2687 , 681.84 , -29.3 , 77 , 30.20 , 1.951 , 0.029 , 6.55 , 256.30
545 , 2746 , 676.29 , -29.7 , 80 , 30.19 , 1.925 , 0.028 , 6.68 , 256.17
555 , 2803 , 670.92 , -30.0 , 82 , 30.15 , 1.917 , 0.029 , 6.80 , 256.05
565 , 2857 , 665.81 , -30.4 , 81 , 30.10 , 1.906 , 0.029 , 6.91 , 255.93
575 , 2912 , 660.64 , -30.9 , 85 , 30.08 , 1.897 , 0.029 , 7.03 , 255.82
584 , 2971 , 655.20 , -31.2 , 85 , 30.04 , 1.871 , 0.029 , 7.15 , 255.69
594 , 3024 , 650.32 , -30.8 , 69 , 30.01 , 1.863 , 0.029 , 7.26 , 255.58
605 , 3086 , 644.63 , -30.3 , 71 , 30.01 , 1.863 , 0.029 , 7.39 , 255.46
614 , 3133 , 640.42 , -30.3 , 64 , 30.02 , 1.875 , 0.029 , 7.49 , 255.36
624 , 3183 , 635.95 , -30.7 , 63 , 29.99 , 1.868 , 0.029 , 7.59 , 255.26
634 , 3234 , 631.40 , -31.1 , 65 , 29.94 , 1.845 , 0.029 , 7.70 , 255.15
644 , 3293 , 626.15 , -31.5 , 66 , 29.92 , 1.830 , 0.029 , 7.82 , 255.03
654 , 3343 , 621.69 , -31.6 , 63 , 29.89 , 1.827 , 0.029 , 7.92 , 254.93
663 , 3393 , 617.37 , -31.5 , 55 , 29.86 , 1.802 , 0.029 , 8.02 , 254.83
672 , 3435 , 613.70 , -31.7 , 50 , 29.84 , 1.804 , 0.029 , 8.11 , 254.74
682 , 3484 , 609.47 , -32.0 , 49 , 29.83 , 1.795 , 0.029 , 8.21 , 254.64
692 , 3536 , 604.96 , -32.3 , 49 , 29.79 , 1.778 , 0.029 , 8.31 , 254.54
702 , 3591 , 600.27 , -32.7 , 49 , 29.72 , 1.771 , 0.029 , 8.42 , 254.43
712 , 3643 , 595.82 , -33.0 , 51 , 29.69 , 1.734 , 0.029 , 8.52 , 254.33
722 , 3699 , 591.06 , -33.3 , 50 , 29.68 , 1.681 , 0.028 , 8.63 , 254.22
732 , 3752 , 586.64 , -33.7 , 48 , 29.67 , 1.653 , 0.028 , 8.73 , 254.12
742 , 3804 , 582.29 , -34.0 , 45 , 29.62 , 1.642 , 0.028 , 8.83 , 254.02
752 , 3857 , 577.92 , -34.2 , 40 , 29.60 , 1.660 , 0.029 , 8.92 , 253.92
762 , 3912 , 573.43 , -34.4 , 38 , 29.55 , 1.733 , 0.030 , 9.03 , 253.82
772 , 3970 , 568.69 , -34.6 , 36 , 29.50 , 1.749 , 0.031 , 9.14 , 253.71
782 , 4028 , 563.92 , -34.9 , 36 , 29.45 , 1.757 , 0.031 , 9.26 , 253.59
792 , 4085 , 559.34 , -35.2 , 36 , 29.40 , 1.753 , 0.031 , 9.37 , 253.48
802 , 4142 , 554.76 , -35.5 , 36 , 29.39 , 1.734 , 0.031 , 9.49 , 253.36
812 , 4198 , 550.32 , -35.9 , 35 , 29.39 , 1.661 , 0.030 , 9.59 , 253.26
822 , 4253 , 546.00 , -36.3 , 34 , 29.33 , 1.606 , 0.029 , 9.69 , 253.15
832 , 4314 , 541.21 , -36.7 , 33 , 29.25 , 1.536 , 0.028 , 9.80 , 253.05
842 , 4369 , 536.89 , -37.0 , 33 , 29.19 , 1.503 , 0.028 , 9.90 , 252.95
852 , 4424 , 532.63 , -37.3 , 32 , 29.15 , 1.475 , 0.028 , 9.99 , 252.86
861 , 4474 , 528.83 , -37.5 , 29 , 29.14 , 1.469 , 0.028 , 10.08 , 252.77
871 , 4527 , 524.79 , -37.8 , 28 , 29.14 , 1.466 , 0.028 , 10.17 , 252.68
881 , 4585 , 520.34 , -38.0 , 27 , 29.13 , 1.461 , 0.028 , 10.26 , 252.59
891 , 4648 , 515.61 , -38.3 , 24 , 29.10 , 1.457 , 0.028 , 10.37 , 252.48
901 , 4703 , 511.51 , -38.5 , 21 , 29.06 , 1.511 , 0.030 , 10.46 , 252.39
911 , 4760 , 507.27 , -38.7 , 19 , 29.04 , 1.601 , 0.032 , 10.56 , 252.28
921 , 4814 , 503.27 , -39.0 , 20 , 29.00 , 1.665 , 0.033 , 10.67 , 252.18
931 , 4873 , 498.97 , -39.3 , 28 , 28.95 , 1.742 , 0.035 , 10.78 , 252.07
941 , 4935 , 494.49 , -39.7 , 36 , 28.93 , 1.775 , 0.036 , 10.91 , 251.94
951 , 4991 , 490.44 , -40.2 , 42 , 28.89 , 1.765 , 0.036 , 11.02 , 251.83
961 , 5046 , 486.48 , -40.6 , 49 , 28.87 , 1.740 , 0.036 , 11.13 , 251.71
971 , 5107 , 482.16 , -41.0 , 55 , 28.84 , 1.652 , 0.034 , 11.25 , 251.60
980 , 5161 , 478.35 , -41.3 , 60 , 28.80 , 1.559 , 0.033 , 11.35 , 251.49
990 , 5213 , 474.70 , -41.7 , 65 , 28.76 , 1.456 , 0.031 , 11.45 , 251.40
1000 , 5267 , 470.93 , -42.1 , 68 , 28.73 , 1.397 , 0.030 , 11.53 , 251.31
1010 , 5321 , 467.16 , -42.3 , 65 , 28.69 , 1.350 , 0.029 , 11.62 , 251.23
1020 , 5376 , 463.35 , -42.7 , 60 , 28.67 , 1.339 , 0.029 , 11.71 , 251.14
1030 , 5431 , 459.64 , -43.1 , 57 , 28.63 , 1.359 , 0.030 , 11.79 , 251.05
1040 , 5484 , 455.99 , -43.5 , 55 , 28.59 , 1.354 , 0.030 , 11.88 , 250.97
1050 , 5543 , 452.02 , -44.0 , 53 , 28.56 , 1.338 , 0.030 , 11.97 , 250.88
1060 , 5600 , 448.17 , -44.4 , 52 , 28.52 , 1.332 , 0.030 , 12.06 , 250.79
1070 , 5657 , 444.42 , -44.7 , 51 , 28.48 , 1.334 , 0.030 , 12.15 , 250.70
1080 , 5709 , 440.94 , -45.1 , 51 , 28.45 , 1.327 , 0.030 , 12.23 , 250.62
1090 , 5768 , 437.06 , -45.5 , 49 , 28.42 , 1.328 , 0.030 , 12.33 , 250.52
1100 , 5826 , 433.27 , -45.9 , 47 , 28.37 , 1.327 , 0.031 , 12.42 , 250.43
1110 , 5890 , 429.12 , -46.1 , 48 , 28.31 , 1.341 , 0.031 , 12.52 , 250.33
1120 , 5949 , 425.33 , -46.3 , 54 , 28.26 , 1.397 , 0.033 , 12.61 , 250.23
1130 , 6005 , 421.76 , -46.5 , 57 , 28.21 , 1.380 , 0.033 , 12.71 , 250.14
1140 , 6065 , 417.94 , -47.0 , 57 , 28.16 , 1.362 , 0.033 , 12.81 , 250.04
1150 , 6129 , 413.94 , -47.6 , 58 , 28.12 , 1.347 , 0.033 , 12.91 , 249.94
1160 , 6186 , 410.34 , -48.0 , 58 , 28.08 , 1.329 , 0.032 , 13.00 , 249.85
1170 , 6240 , 406.98 , -48.3 , 59 , 28.04 , 1.298 , 0.032 , 13.09 , 249.76
1180 , 6300 , 403.31 , -48.7 , 58 , 27.99 , 1.275 , 0.032 , 13.18 , 249.67
1190 , 6362 , 399.54 , -49.1 , 57 , 27.95 , 1.251 , 0.031 , 13.27 , 249.58
1200 , 6419 , 396.07 , -49.6 , 57 , 27.89 , 1.252 , 0.032 , 13.36 , 249.49
1210 , 6481 , 392.33 , -50.2 , 58 , 27.84 , 1.229 , 0.031 , 13.45 , 249.40
1220 , 6533 , 389.23 , -50.7 , 59 , 27.80 , 1.216 , 0.031 , 13.53 , 249.32
1230 , 6589 , 385.86 , -51.2 , 61 , 27.75 , 1.211 , 0.031 , 13.61 , 249.24
1240 , 6649 , 382.32 , -51.7 , 63 , 27.70 , 1.194 , 0.031 , 13.70 , 249.15
1250 , 6710 , 378.74 , -52.3 , 67 , 27.65 , 1.177 , 0.031 , 13.79 , 249.06
1260 , 6770 , 375.20 , -52.7 , 70 , 27.60 , 1.146 , 0.031 , 13.87 , 248.98
1270 , 6834 , 371.55 , -53.2 , 69 , 27.54 , 1.125 , 0.030 , 13.96 , 248.89
1280 , 6894 , 368.08 , -53.6 , 67 , 27.46 , 1.114 , 0.030 , 14.04 , 248.81
1289 , 6954 , 364.64 , -53.8 , 66 , 27.41 , 1.122 , 0.031 , 14.13 , 248.72
1299 , 7011 , 361.44 , -54.1 , 65 , 27.35 , 1.141 , 0.032 , 14.20 , 248.64
1309 , 7067 , 358.28 , -54.4 , 64 , 27.30 , 1.160 , 0.032 , 14.28 , 248.57
1319 , 7131 , 354.71 , -54.9 , 62 , 27.25 , 1.144 , 0.032 , 14.37 , 248.47
1329 , 7186 , 351.68 , -55.3 , 61 , 27.20 , 1.124 , 0.032 , 14.45 , 248.40
1339 , 7243 , 348.54 , -55.8 , 60 , 27.16 , 1.129 , 0.032 , 14.53 , 248.32
1349 , 7298 , 345.53 , -56.2 , 60 , 27.11 , 1.091 , 0.032 , 14.61 , 248.24
1359 , 7356 , 342.39 , -56.6 , 59 , 27.05 , 1.072 , 0.031 , 14.69 , 248.16
1369 , 7402 , 339.93 , -56.9 , 59 , 26.99 , 1.079 , 0.032 , 14.75 , 248.10
1379 , 7455 , 337.07 , -57.4 , 59 , 26.94 , 1.051 , 0.031 , 14.82 , 248.03
1389 , 7515 , 333.89 , -57.6 , 58 , 26.89 , 1.041 , 0.031 , 14.90 , 247.95
1399 , 7579 , 330.52 , -57.8 , 57 , 26.84 , 1.023 , 0.031 , 14.98 , 247.87
1409 , 7637 , 327.51 , -58.1 , 56 , 26.78 , 1.029 , 0.031 , 15.05 , 247.80
1419 , 7696 , 324.45 , -58.6 , 55 , 26.71 , 1.031 , 0.032 , 15.13 , 247.72
1429 , 7750 , 321.64 , -59.0 , 54 , 26.66 , 1.030 , 0.032 , 15.20 , 247.65
1439 , 7809 , 318.61 , -59.4 , 52 , 26.62 , 1.018 , 0.032 , 15.28 , 247.57
1449 , 7872 , 315.43 , -59.9 , 50 , 26.57 , 1.008 , 0.032 , 15.36 , 247.49
1459 , 7929 , 312.54 , -60.4 , 49 , 26.51 , 1.014 , 0.032 , 15.43 , 247.42
1469 , 7998 , 309.12 , -60.9 , 50 , 26.45 , 1.014 , 0.033 , 15.52 , 247.33
1479 , 8050 , 306.54 , -61.3 , 51 , 26.40 , 1.006 , 0.033 , 15.58 , 247.26
1489 , 8102 , 303.98 , -61.7 , 51 , 26.35 , 1.007 , 0.033 , 15.65 , 247.20
1499 , 8161 , 301.09 , -61.9 , 51 , 26.30 , 1.017 , 0.034 , 15.73 , 247.12
1509 , 8221 , 298.20 , -62.1 , 51 , 26.24 , 1.032 , 0.035 , 15.81 , 247.04
1519 , 8280 , 295.33 , -62.3 , 53 , 26.18 , 1.063 , 0.036 , 15.89 , 246.96
1529 , 8344 , 292.31 , -62.4 , 54 , 26.12 , 1.143 , 0.039 , 15.97 , 246.87
1539 , 8406 , 289.37 , -62.9 , 54 , 26.07 , 1.213 , 0.042 , 16.07 , 246.78
1549 , 8468 , 286.46 , -63.5 , 55 , 26.01 , 1.263 , 0.044 , 16.17 , 246.68
1559 , 8529 , 283.63 , -63.4 , 57 , 25.95 , 1.279 , 0.045 , 16.27 , 246.58
1569 , 8583 , 281.15 , -63.2 , 58 , 25.89 , 1.342 , 0.048 , 16.36 , 246.49
1579 , 8636 , 278.74 , -63.4 , 61 , 25.82 , 1.355 , 0.049 , 16.45 , 246.40
1588 , 8688 , 276.40 , -63.5 , 63 , 25.77 , 1.345 , 0.049 , 16.54 , 246.31
1598 , 8731 , 274.45 , -63.6 , 63 , 25.71 , 1.409 , 0.051 , 16.62 , 246.23
1608 , 8785 , 272.04 , -63.5 , 63 , 25.65 , 1.500 , 0.055 , 16.72 , 246.13
1618 , 8848 , 269.26 , -63.4 , 63 , 25.59 , 1.581 , 0.059 , 16.84 , 246.01
1628 , 8899 , 267.05 , -63.4 , 61 , 25.52 , 1.612 , 0.060 , 16.95 , 245.90
1638 , 8960 , 264.41 , -63.6 , 60 , 25.46 , 1.584 , 0.060 , 17.07 , 245.78
1648 , 9010 , 262.24 , -63.7 , 59 , 25.39 , 1.535 , 0.059 , 17.17 , 245.68
1658 , 9061 , 260.09 , -63.5 , 54 , 25.32 , 1.465 , 0.056 , 17.27 , 245.58
1668 , 9127 , 257.30 , -63.8 , 48 , 25.26 , 1.364 , 0.053 , 17.39 , 245.46
1678 , 9185 , 254.88 , -63.6 , 43 , 25.19 , 1.392 , 0.055 , 17.49 , 245.36
1688 , 9234 , 252.84 , -63.2 , 39 , 25.13 , 1.472 , 0.058 , 17.58 , 245.26
1698 , 9278 , 251.07 , -62.8 , 35 , 25.06 , 1.569 , 0.063 , 17.67 , 245.18
1708 , 9320 , 249.35 , -62.8 , 32 , 25.00 , 1.658 , 0.066 , 17.76 , 245.09
1718 , 9370 , 247.33 , -62.9 , 30 , 24.93 , 1.748 , 0.071 , 17.87 , 244.98
1728 , 9424 , 245.16 , -63.1 , 27 , 24.87 , 1.788 , 0.073 , 17.99 , 244.86
1738 , 9467 , 243.46 , -63.1 , 26 , 24.82 , 1.934 , 0.079 , 18.09 , 244.76
1748 , 9518 , 241.44 , -62.9 , 25 , 24.76 , 2.103 , 0.087 , 18.22 , 244.63
1758 , 9566 , 239.58 , -62.5 , 24 , 24.70 , 2.414 , 0.101 , 18.36 , 244.49
1768 , 9609 , 237.90 , -62.8 , 24 , 24.64 , 2.667 , 0.112 , 18.50 , 244.35
1778 , 9656 , 236.10 , -63.0 , 23 , 24.57 , 2.862 , 0.121 , 18.67 , 244.18
1788 , 9709 , 234.08 , -63.3 , 23 , 24.51 , 3.056 , 0.131 , 18.87 , 243.98
1798 , 9758 , 232.22 , -63.5 , 23 , 24.46 , 3.060 , 0.132 , 19.06 , 243.79
1808 , 9800 , 230.61 , -63.4 , 23 , 24.39 , 3.047 , 0.132 , 19.23 , 243.62
1818 , 9841 , 229.09 , -63.5 , 23 , 24.34 , 3.008 , 0.131 , 19.39 , 243.46
1828 , 9883 , 227.51 , -63.4 , 23 , 24.27 , 3.046 , 0.134 , 19.55 , 243.30
1838 , 9930 , 225.80 , -63.0 , 22 , 24.21 , 3.191 , 0.141 , 19.74 , 243.11
1848 , 9970 , 224.31 , -62.7 , 20 , 24.15 , 3.471 , 0.155 , 19.91 , 242.94
1858 , 10012 , 222.79 , -62.6 , 18 , 24.09 , 3.650 , 0.164 , 20.10 , 242.75
1868 , 10057 , 221.18 , -62.8 , 17 , 24.04 , 3.725 , 0.168 , 20.31 , 242.53
1878 , 10105 , 219.47 , -62.9 , 16 , 23.98 , 3.850 , 0.175 , 20.55 , 242.30
1888 , 10151 , 217.85 , -62.9 , 15 , 23.92 , 3.874 , 0.178 , 20.77 , 242.08
1897 , 10193 , 216.34 , -62.8 , 14 , 23.85 , 3.924 , 0.181 , 20.99 , 241.86
1907 , 10237 , 214.83 , -62.5 , 13 , 23.79 , 3.972 , 0.185 , 21.20 , 241.64
1917 , 10282 , 213.26 , -62.4 , 12 , 23.75 , 4.105 , 0.192 , 21.44 , 241.41
1927 , 10331 , 211.55 , -62.5 , 11 , 23.68 , 4.211 , 0.199 , 21.70 , 241.15
1937 , 10372 , 210.15 , -62.5 , 11 , 23.62 , 4.226 , 0.201 , 21.92 , 240.93
1947 , 10414 , 208.73 , -61.9 , 10 , 23.56 , 4.272 , 0.205 , 22.15 , 240.70
1957 , 10462 , 207.13 , -61.8 , 9 , 23.50 , 4.323 , 0.209 , 22.41 , 240.44
1967 , 10507 , 205.63 , -61.8 , 9 , 23.45 , 4.307 , 0.209 , 22.66 , 240.19
1977 , 10549 , 204.23 , -61.8 , 8 , 23.39 , 4.248 , 0.208 , 22.89 , 239.96
1987 , 10591 , 202.84 , -61.6 , 8 , 23.33 , 4.084 , 0.201 , 23.11 , 239.74
1997 , 10635 , 201.43 , -61.1 , 8 , 23.27 , 4.035 , 0.200 , 23.34 , 239.51
2007 , 10677 , 200.05 , -61.0 , 8 , 23.21 , 4.118 , 0.206 , 23.56 , 239.29
2017 , 10719 , 198.71 , -61.0 , 7 , 23.16 , 4.219 , 0.212 , 23.78 , 239.07
2027 , 10764 , 197.28 , -60.7 , 7 , 23.10 , 4.310 , 0.218 , 24.02 , 238.83
2037 , 10808 , 195.87 , -60.7 , 6 , 23.05 , 4.446 , 0.227 , 24.27 , 238.58
2047 , 10853 , 194.47 , -60.7 , 6 , 22.99 , 4.523 , 0.233 , 24.52 , 238.32
2057 , 10912 , 192.63 , -60.6 , 6 , 22.94 , 4.649 , 0.241 , 24.87 , 237.98
2067 , 10971 , 190.81 , -60.9 , 5 , 22.88 , 4.763 , 0.250 , 25.22 , 237.63
2077 , 11027 , 189.09 , -61.3 , 5 , 22.83 , 4.822 , 0.255 , 25.56 , 237.28
2087 , 11071 , 187.77 , -61.5 , 5 , 22.78 , 4.742 , 0.253 , 25.83 , 237.02
2097 , 11115 , 186.45 , -61.6 , 5 , 22.72 , 4.690 , 0.252 , 26.09 , 236.76
2107 , 11162 , 185.02 , -61.6 , 5 , 22.68 , 4.567 , 0.247 , 26.37 , 236.48
2117 , 11205 , 183.73 , -61.7 , 5 , 22.63 , 4.436 , 0.241 , 26.62 , 236.23
2127 , 11246 , 182.54 , -61.8 , 4 , 22.58 , 4.323 , 0.237 , 26.85 , 236.00
2137 , 11286 , 181.37 , -61.5 , 4 , 22.53 , 4.254 , 0.235 , 27.06 , 235.79
2147 , 11329 , 180.10 , -61.5 , 4 , 22.47 , 4.265 , 0.237 , 27.30 , 235.55
2157 , 11374 , 178.81 , -61.7 , 4 , 22.43 , 4.349 , 0.243 , 27.54 , 235.31
2167 , 11411 , 177.72 , -61.9 , 4 , 22.38 , 4.271 , 0.240 , 27.75 , 235.10
2177 , 11451 , 176.57 , -62.0 , 4 , 22.32 , 4.281 , 0.242 , 27.97 , 234.88
2186 , 11489 , 175.51 , -61.7 , 4 , 22.29 , 4.386 , 0.250 , 28.18 , 234.67
2195 , 11522 , 174.58 , -61.7 , 4 , 22.24 , 4.506 , 0.258 , 28.36 , 234.49
2205 , 11559 , 173.53 , -61.6 , 4 , 22.19 , 4.694 , 0.270 , 28.58 , 234.27
2215 , 11598 , 172.45 , -61.4 , 4 , 22.14 , 5.038 , 0.292 , 28.82 , 234.03
2225 , 11637 , 171.36 , -61.3 , 4 , 22.09 , 5.472 , 0.319 , 29.08 , 233.77
2235 , 11675 , 170.32 , -61.4 , 3 , 22.04 , 5.954 , 0.350 , 29.36 , 233.49
2245 , 11714 , 169.23 , -61.4 , 3 , 22.00 , 6.340 , 0.375 , 29.67 , 233.18
2255 , 11755 , 168.13 , -61.6 , 3 , 21.95 , 6.576 , 0.391 , 30.00 , 232.85
2265 , 11795 , 167.04 , -61.6 , 3 , 21.89 , 6.865 , 0.411 , 30.35 , 232.50
2275 , 11832 , 166.04 , -61.5 , 3 , 21.84 , 6.991 , 0.421 , 30.68 , 232.17
2285 , 11871 , 165.02 , -61.5 , 3 , 21.79 , 7.310 , 0.443 , 31.02 , 231.82
2295 , 11910 , 163.97 , -61.7 , 3 , 21.73 , 7.511 , 0.458 , 31.40 , 231.45
2305 , 11949 , 162.93 , -61.5 , 3 , 21.68 , 7.547 , 0.463 , 31.78 , 231.07
2315 , 11991 , 161.84 , -61.7 , 3 , 21.63 , 7.702 , 0.476 , 32.18 , 230.67
2325 , 12031 , 160.80 , -62.0 , 3 , 21.58 , 7.576 , 0.471 , 32.57 , 230.28
2335 , 12071 , 159.76 , -61.8 , 3 , 21.53 , 7.831 , 0.490 , 32.96 , 229.89
2345 , 12113 , 158.69 , -61.8 , 3 , 21.48 , 7.833 , 0.494 , 33.38 , 229.47
2355 , 12156 , 157.57 , -61.9 , 3 , 21.43 , 7.949 , 0.504 , 33.82 , 229.03
2365 , 12200 , 156.46 , -61.8 , 3 , 21.38 , 8.092 , 0.517 , 34.26 , 228.58
2375 , 12240 , 155.45 , -61.9 , 3 , 21.33 , 7.701 , 0.495 , 34.67 , 228.18
2385 , 12280 , 154.45 , -62.0 , 3 , 21.28 , 7.610 , 0.493 , 35.06 , 227.79
2395 , 12321 , 153.44 , -62.1 , 3 , 21.23 , 7.274 , 0.474 , 35.45 , 227.40
2405 , 12362 , 152.42 , -62.2 , 3 , 21.18 , 7.091 , 0.465 , 35.82 , 227.03
2415 , 12404 , 151.37 , -62.4 , 3 , 21.13 , 6.937 , 0.458 , 36.21 , 226.64
2425 , 12447 , 150.33 , -62.5 , 3 , 21.07 , 6.916 , 0.460 , 36.58 , 226.27
2435 , 12489 , 149.31 , -62.6 , 3 , 21.02 , 7.270 , 0.487 , 36.96 , 225.89
2445 , 12532 , 148.28 , -62.7 , 3 , 20.97 , 7.106 , 0.479 , 37.36 , 225.49
2455 , 12574 , 147.26 , -62.8 , 3 , 20.92 , 7.271 , 0.494 , 37.75 , 225.10
2465 , 12616 , 146.27 , -63.0 , 3 , 20.87 , 7.691 , 0.526 , 38.15 , 224.70
2475 , 12657 , 145.28 , -63.0 , 3 , 20.82 , 7.732 , 0.532 , 38.56 , 224.29
2485 , 12698 , 144.31 , -63.2 , 3 , 20.76 , 7.804 , 0.541 , 38.97 , 223.88
2494 , 12737 , 143.41 , -63.3 , 3 , 20.72 , 7.394 , 0.516 , 39.34 , 223.51
2504 , 12776 , 142.50 , -63.4 , 3 , 20.67 , 7.290 , 0.512 , 39.71 , 223.14
2514 , 12815 , 141.60 , -63.6 , 3 , 20.62 , 7.319 , 0.517 , 40.08 , 222.77
2524 , 12855 , 140.68 , -63.8 , 3 , 20.58 , 7.186 , 0.511 , 40.45 , 222.40
2534 , 12893 , 139.81 , -63.8 , 3 , 20.53 , 7.255 , 0.519 , 40.81 , 222.04
2544 , 12934 , 138.87 , -64.0 , 3 , 20.47 , 7.459 , 0.537 , 41.20 , 221.65
2554 , 12973 , 137.99 , -64.2 , 3 , 20.42 , 7.429 , 0.538 , 41.57 , 221.28
2564 , 13012 , 137.12 , -64.2 , 3 , 20.37 , 7.326 , 0.534 , 41.94 , 220.91
2574 , 13050 , 136.27 , -64.1 , 3 , 20.32 , 6.758 , 0.496 , 42.28 , 220.56
2584 , 13087 , 135.46 , -63.9 , 3 , 20.27 , 6.411 , 0.473 , 42.60 , 220.25
2594 , 13126 , 134.59 , -64.1 , 3 , 20.22 , 6.034 , 0.448 , 42.91 , 219.94
2604 , 13165 , 133.73 , -64.3 , 3 , 20.17 , 5.523 , 0.413 , 43.20 , 219.65
2614 , 13202 , 132.93 , -64.5 , 3 , 20.11 , 5.209 , 0.392 , 43.46 , 219.39
2624 , 13241 , 132.08 , -64.4 , 3 , 20.06 , 5.325 , 0.403 , 43.72 , 219.13
2634 , 13281 , 131.22 , -64.4 , 3 , 20.01 , 5.479 , 0.417 , 44.00 , 218.85
2644 , 13320 , 130.38 , -64.5 , 3 , 19.96 , 5.965 , 0.457 , 44.29 , 218.56
2654 , 13360 , 129.54 , -64.5 , 3 , 19.91 , 6.605 , 0.510 , 44.61 , 218.23
2664 , 13398 , 128.72 , -64.5 , 3 , 19.86 , 7.396 , 0.575 , 44.97 , 217.88
2674 , 13438 , 127.88 , -64.5 , 3 , 19.81 , 8.174 , 0.639 , 45.36 , 217.48
2684 , 13479 , 127.03 , -64.6 , 3 , 19.77 , 8.790 , 0.692 , 45.81 , 217.03
2694 , 13521 , 126.16 , -64.6 , 3 , 19.72 , 9.051 , 0.717 , 46.30 , 216.55
2704 , 13563 , 125.30 , -64.7 , 3 , 19.67 , 9.283 , 0.741 , 46.79 , 216.06
2714 , 13602 , 124.50 , -64.7 , 3 , 19.62 , 9.380 , 0.753 , 47.26 , 215.58
2724 , 13641 , 123.69 , -64.8 , 3 , 19.57 , 9.532 , 0.771 , 47.75 , 215.10
2734 , 13682 , 122.87 , -65.0 , 3 , 19.52 , 9.746 , 0.793 , 48.26 , 214.59
2744 , 13724 , 122.03 , -64.9 , 3 , 19.47 , 9.878 , 0.810 , 48.79 , 214.06
2754 , 13766 , 121.19 , -65.0 , 3 , 19.43 , 9.967 , 0.822 , 49.33 , 213.52
2764 , 13810 , 120.33 , -64.9 , 3 , 19.38 , 10.273 , 0.854 , 49.90 , 212.95
2774 , 13855 , 119.43 , -65.0 , 3 , 19.33 , 10.479 , 0.877 , 50.51 , 212.34
2784 , 13901 , 118.53 , -65.1 , 3 , 19.28 , 10.717 , 0.904 , 51.14 , 211.71
2794 , 13947 , 117.65 , -65.2 , 3 , 19.24 , 11.030 , 0.938 , 51.78 , 211.07
2804 , 13993 , 116.76 , -65.4 , 3 , 19.19 , 11.249 , 0.963 , 52.45 , 210.40
2813 , 14035 , 115.96 , -65.5 , 3 , 19.14 , 11.552 , 0.996 , 53.07 , 209.78
2823 , 14078 , 115.14 , -65.6 , 3 , 19.08 , 11.784 , 1.023 , 53.72 , 209.13
2833 , 14122 , 114.31 , -65.7 , 3 , 19.04 , 12.116 , 1.060 , 54.41 , 208.44
2843 , 14166 , 113.48 , -65.8 , 3 , 18.99 , 12.314 , 1.085 , 55.11 , 207.74
2853 , 14209 , 112.67 , -66.1 , 3 , 18.93 , 12.409 , 1.101 , 55.81 , 207.04
2863 , 14252 , 111.88 , -66.2 , 3 , 18.88 , 12.528 , 1.120 , 56.50 , 206.35
2873 , 14293 , 111.13 , -66.0 , 3 , 18.83 , 12.350 , 1.111 , 57.16 , 205.69
2883 , 14333 , 110.39 , -65.7 , 3 , 18.79 , 12.045 , 1.091 , 57.80 , 205.05
2893 , 14374 , 109.66 , -65.9 , 3 , 18.74 , 11.871 , 1.083 , 58.43 , 204.42
2903 , 14415 , 108.92 , -65.8 , 3 , 18.69 , 11.882 , 1.091 , 59.06 , 203.79
2913 , 14456 , 108.18 , -65.6 , 3 , 18.64 , 11.753 , 1.086 , 59.70 , 203.15
2923 , 14496 , 107.47 , -65.6 , 3 , 18.59 , 12.033 , 1.120 , 60.32 , 202.53
2933 , 14538 , 106.74 , -65.7 , 3 , 18.55 , 12.089 , 1.133 , 60.97 , 201.88
2943 , 14578 , 106.03 , -65.6 , 3 , 18.50 , 12.065 , 1.138 , 61.60 , 201.25
2953 , 14619 , 105.32 , -65.8 , 3 , 18.45 , 12.099 , 1.149 , 62.24 , 200.61
2963 , 14660 , 104.60 , -65.9 , 3 , 18.40 , 12.030 , 1.150 , 62.90 , 199.95
2973 , 14701 , 103.90 , -66.0 , 3 , 18.36 , 12.142 , 1.169 , 63.54 , 199.31
2983 , 14743 , 103.18 , -66.1 , 3 , 18.31 , 12.106 , 1.173 , 64.20 , 198.65
2993 , 14784 , 102.50 , -66.2 , 3 , 18.26 , 12.049 , 1.176 , 64.84 , 198.01
3003 , 14823 , 101.83 , -66.2 , 3 , 18.21 , 11.954 , 1.174 , 65.46 , 197.39
3013 , 14863 , 101.16 , -66.3 , 3 , 18.17 , 11.932 , 1.180 , 66.08 , 196.77
3023 , 14905 , 100.46 , -66.5 , 3 , 18.12 , 12.102 , 1.205 , 66.74 , 196.11
3033 , 14947 , 99.77 , -66.6 , 3 , 18.08 , 12.362 , 1.239 , 67.40 , 195.45
3043 , 14988 , 99.09 , -66.6 , 3 , 18.03 , 12.916 , 1.303 , 68.08 , 194.77
3053 , 15030 , 98.40 , -66.6 , 3 , 17.99 , 13.703 , 1.393 , 68.81 , 194.03
3063 , 15072 , 97.73 , -66.8 , 3 , 17.94 , 14.268 , 1.460 , 69.57 , 193.27
3073 , 15113 , 97.06 , -67.0 , 3 , 17.90 , 14.556 , 1.500 , 70.36 , 192.49
3083 , 15155 , 96.39 , -67.0 , 3 , 17.85 , 14.506 , 1.505 , 71.15 , 191.70
3093 , 15196 , 95.74 , -66.9 , 3 , 17.81 , 14.379 , 1.502 , 71.92 , 190.93
3102 , 15235 , 95.12 , -66.9 , 3 , 17.77 , 13.748 , 1.445 , 72.64 , 190.21
3111 , 15274 , 94.51 , -66.8 , 3 , 17.72 , 13.504 , 1.429 , 73.34 , 189.51
3121 , 15314 , 93.88 , -66.8 , 3 , 17.68 , 13.594 , 1.448 , 74.04 , 188.81
3131 , 15357 , 93.21 , -67.0 , 3 , 17.64 , 13.491 , 1.447 , 74.81 , 188.04
3141 , 15398 , 92.59 , -67.1 , 3 , 17.59 , 13.508 , 1.459 , 75.52 , 187.33
3151 , 15440 , 91.94 , -67.3 , 3 , 17.54 , 13.552 , 1.474 , 76.27 , 186.57
3161 , 15483 , 91.29 , -67.4 , 3 , 17.50 , 13.573 , 1.487 , 77.04 , 185.81
3171 , 15525 , 90.66 , -67.2 , 3 , 17.46 , 13.859 , 1.529 , 77.79 , 185.06
3181 , 15568 , 90.01 , -67.2 , 3 , 17.41 , 14.242 , 1.582 , 78.58 , 184.27
3191 , 15611 , 89.38 , -67.3 , 3 , 17.37 , 14.388 , 1.610 , 79.38 , 183.47
3201 , 15653 , 88.75 , -67.4 , 3 , 17.32 , 14.512 , 1.635 , 80.18 , 182.67
3211 , 15696 , 88.12 , -67.3 , 3 , 17.27 , 14.647 , 1.662 , 81.00 , 181.85
3221 , 15739 , 87.50 , -67.3 , 3 , 17.23 , 14.909 , 1.704 , 81.83 , 181.02
3231 , 15783 , 86.85 , -67.4 , 3 , 17.19 , 15.209 , 1.751 , 82.71 , 180.14
3241 , 15827 , 86.23 , -67.3 , 3 , 17.14 , 15.353 , 1.781 , 83.58 , 179.27
3251 , 15869 , 85.63 , -67.5 , 3 , 17.10 , 15.715 , 1.835 , 84.43 , 178.42
3261 , 15910 , 85.05 , -67.6 , 3 , 17.05 , 15.967 , 1.877 , 85.28 , 177.56
3271 , 15952 , 84.46 , -67.7 , 3 , 17.01 , 16.287 , 1.928 , 86.17 , 176.68
3281 , 15993 , 83.88 , -67.8 , 3 , 16.97 , 16.343 , 1.948 , 87.05 , 175.80
3291 , 16035 , 83.29 , -68.0 , 3 , 16.92 , 16.352 , 1.963 , 87.96 , 174.88
3301 , 16079 , 82.69 , -68.1 , 3 , 16.88 , 16.589 , 2.006 , 88.90 , 173.94
3311 , 16122 , 82.09 , -68.1 , 3 , 16.83 , 16.653 , 2.029 , 89.86 , 172.99
3321 , 16165 , 81.50 , -68.0 , 3 , 16.79 , 16.921 , 2.076 , 90.81 , 172.04
3331 , 16209 , 80.91 , -67.8 , 3 , 16.75 , 17.157 , 2.120 , 91.79 , 171.06
3341 , 16254 , 80.31 , -67.6 , 3 , 16.70 , 17.193 , 2.141 , 92.81 , 170.04
3351 , 16300 , 79.70 , -67.9 , 4 , 16.66 , 16.904 , 2.121 , 93.83 , 169.02
3361 , 16343 , 79.13 , -68.1 , 4 , 16.61 , 16.629 , 2.102 , 94.78 , 168.07
3371 , 16386 , 78.57 , -68.3 , 4 , 16.57 , 16.510 , 2.101 , 95.71 , 167.14
3381 , 16430 , 77.99 , -68.4 , 4 , 16.53 , 16.567 , 2.124 , 96.67 , 166.18
3391 , 16475 , 77.40 , -68.4 , 4 , 16.48 , 16.587 , 2.143 , 97.66 , 165.19
3401 , 16520 , 76.83 , -68.4 , 4 , 16.43 , 16.424 , 2.138 , 98.62 , 164.23
3410 , 16562 , 76.30 , -68.5 , 4 , 16.39 , 16.435 , 2.154 , 99.53 , 163.32
3419 , 16603 , 75.77 , -68.7 , 4 , 16.35 , 16.467 , 2.173 , 100.43 , 162.41
3429 , 16645 , 75.24 , -68.9 , 4 , 16.31 , 16.471 , 2.189 , 101.34 , 161.51
3439 , 16691 , 74.66 , -69.0 , 4 , 16.27 , 16.660 , 2.231 , 102.35 , 160.50
3449 , 16738 , 74.08 , -69.0 , 4 , 16.23 , 16.620 , 2.244 , 103.38 , 159.47
3459 , 16783 , 73.52 , -68.6 , 4 , 16.18 , 16.528 , 2.248 , 104.38 , 158.47
3469 , 16829 , 72.96 , -68.6 , 4 , 16.13 , 16.073 , 2.203 , 105.36 , 157.49
3479 , 16875 , 72.41 , -68.7 , 4 , 16.09 , 15.688 , 2.167 , 106.31 , 156.54
3489 , 16919 , 71.87 , -68.7 , 4 , 16.04 , 15.322 , 2.132 , 107.22 , 155.63
3499 , 16963 , 71.35 , -68.8 , 4 , 16.00 , 15.238 , 2.136 , 108.09 , 154.75
3509 , 17010 , 70.79 , -68.9 , 4 , 15.95 , 15.594 , 2.203 , 109.05 , 153.80
3519 , 17056 , 70.25 , -69.2 , 4 , 15.91 , 15.775 , 2.246 , 110.01 , 152.84
3529 , 17100 , 69.73 , -69.3 , 4 , 15.87 , 15.665 , 2.247 , 110.93 , 151.92
3539 , 17146 , 69.19 , -69.2 , 4 , 15.82 , 15.549 , 2.247 , 111.88 , 150.97
3549 , 17194 , 68.63 , -69.3 , 4 , 15.78 , 15.418 , 2.246 , 112.87 , 149.98
3559 , 17242 , 68.09 , -69.4 , 4 , 15.73 , 15.238 , 2.238 , 113.83 , 149.02
3569 , 17290 , 67.55 , -69.3 , 4 , 15.69 , 15.145 , 2.242 , 114.79 , 148.06
3579 , 17338 , 67.00 , -69.4 , 4 , 15.65 , 15.068 , 2.249 , 115.76 , 147.09
3589 , 17385 , 66.47 , -69.6 , 4 , 15.61 , 15.196 , 2.286 , 116.71 , 146.14
3599 , 17433 , 65.94 , -69.6 , 4 , 15.56 , 14.964 , 2.269 , 117.66 , 145.19
3609 , 17479 , 65.43 , -69.8 , 4 , 15.52 , 14.991 , 2.291 , 118.58 , 144.27
3619 , 17526 , 64.92 , -69.8 , 4 , 15.48 , 14.903 , 2.296 , 119.51 , 143.34
3628 , 17571 , 64.43 , -70.0 , 4 , 15.43 , 14.927 , 2.317 , 120.39 , 142.46
3638 , 17617 , 63.94 , -70.1 , 4 , 15.39 , 14.915 , 2.333 , 121.30 , 141.55
3648 , 17664 , 63.44 , -70.3 , 4 , 15.35 , 14.859 , 2.342 , 122.22 , 140.63
3658 , 17711 , 62.93 , -70.4 , 4 , 15.30 , 14.757 , 2.345 , 123.17 , 139.68
3668 , 17760 , 62.41 , -70.6 , 4 , 15.26 , 14.673 , 2.351 , 124.11 , 138.74
3678 , 17808 , 61.91 , -70.7 , 4 , 15.21 , 14.779 , 2.387 , 125.06 , 137.78
3688 , 17857 , 61.40 , -71.0 , 4 , 15.17 , 14.628 , 2.382 , 126.01 , 136.84
3698 , 17903 , 60.92 , -71.2 , 4 , 15.12 , 14.406 , 2.365 , 126.91 , 135.94
3707 , 17949 , 60.45 , -71.4 , 4 , 15.07 , 14.324 , 2.370 , 127.79 , 135.06
3716 , 17992 , 60.01 , -71.4 , 4 , 15.03 , 14.282 , 2.380 , 128.62 , 134.23
3726 , 18036 , 59.57 , -71.3 , 4 , 14.99 , 14.121 , 2.371 , 129.45 , 133.40
3736 , 18083 , 59.09 , -71.2 , 4 , 14.94 , 14.107 , 2.387 , 130.34 , 132.51
3746 , 18130 , 58.63 , -71.3 , 4 , 14.90 , 14.062 , 2.398 , 131.22 , 131.63
3756 , 18176 , 58.17 , -71.4 , 4 , 14.85 , 14.064 , 2.418 , 132.08 , 130.76
3766 , 18223 , 57.71 , -71.4 , 4 , 14.81 , 13.942 , 2.416 , 132.96 , 129.89
3776 , 18270 , 57.25 , -71.6 , 4 , 14.76 , 13.888 , 2.426 , 133.84 , 129.01
3786 , 18315 , 56.81 , -71.8 , 4 , 14.72 , 13.809 , 2.430 , 134.68 , 128.17
3796 , 18361 , 56.37 , -71.9 , 4 , 14.67 , 13.685 , 2.428 , 135.52 , 127.33
3806 , 18409 , 55.92 , -71.9 , 4 , 14.62 , 13.696 , 2.449 , 136.40 , 126.45
3816 , 18455 , 55.48 , -72.0 , 4 , 14.58 , 13.712 , 2.471 , 137.24 , 125.61
3826 , 18503 , 55.04 , -72.2 , 4 , 14.53 , 13.642 , 2.479 , 138.12 , 124.73
3836 , 18550 , 54.59 , -72.0 , 4 , 14.48 , 13.621 , 2.495 , 138.99 , 123.86
3846 , 18598 , 54.15 , -71.9 , 4 , 14.44 , 13.656 , 2.522 , 139.86 , 122.99
3856 , 18647 , 53.71 , -71.8 , 4 , 14.39 , 13.688 , 2.549 , 140.75 , 122.10
3866 , 18694 , 53.28 , -71.9 , 4 , 14.35 , 14.004 , 2.629 , 141.63 , 121.22
3876 , 18736 , 52.89 , -72.0 , 4 , 14.30 , 14.113 , 2.668 , 142.43 , 120.42
3886 , 18781 , 52.49 , -71.9 , 4 , 14.26 , 14.250 , 2.715 , 143.28 , 119.57
3896 , 18827 , 52.09 , -71.8 , 4 , 14.21 , 14.369 , 2.758 , 144.15 , 118.70
3906 , 18873 , 51.69 , -71.9 , 4 , 14.17 , 14.375 , 2.781 , 145.04 , 117.81
3916 , 18921 , 51.27 , -72.0 , 4 , 14.13 , 14.397 , 2.808 , 145.96 , 116.89
3926 , 18965 , 50.88 , -72.1 , 4 , 14.08 , 14.324 , 2.815 , 146.82 , 116.03
3936 , 19011 , 50.49 , -72.2 , 4 , 14.04 , 14.370 , 2.846 , 147.70 , 115.15
3946 , 19060 , 50.07 , -72.4 , 4 , 14.00 , 14.381 , 2.872 , 148.64 , 114.21
3956 , 19107 , 49.67 , -72.5 , 4 , 13.96 , 14.291 , 2.877 , 149.55 , 113.30
3966 , 19153 , 49.28 , -72.5 , 4 , 13.92 , 14.163 , 2.874 , 150.43 , 112.42
3976 , 19198 , 48.91 , -72.5 , 4 , 13.88 , 14.078 , 2.879 , 151.28 , 111.57
3986 , 19243 , 48.53 , -72.6 , 4 , 13.84 , 13.970 , 2.879 , 152.13 , 110.71
3996 , 19290 , 48.14 , -72.6 , 4 , 13.80 , 13.770 , 2.860 , 153.01 , 109.84
4006 , 19337 , 47.76 , -72.6 , 4 , 13.76 , 13.645 , 2.857 , 153.87 , 108.98
4015 , 19383 , 47.39 , -72.6 , 4 , 13.72 , 13.498 , 2.848 , 154.71 , 108.14
4024 , 19426 , 47.04 , -72.8 , 4 , 13.69 , 13.281 , 2.823 , 155.48 , 107.37
4034 , 19472 , 46.68 , -73.0 , 4 , 13.65 , 13.148 , 2.817 , 156.30 , 106.55
4044 , 19521 , 46.28 , -73.2 , 4 , 13.61 , 13.042 , 2.818 , 157.17 , 105.68
4054 , 19569 , 45.91 , -73.4 , 4 , 13.58 , 13.063 , 2.845 , 158.01 , 104.84
4064 , 19617 , 45.53 , -73.6 , 4 , 13.54 , 13.090 , 2.875 , 158.86 , 103.99
4074 , 19666 , 45.15 , -73.5 , 4 , 13.51 , 13.101 , 2.901 , 159.72 , 103.13
4084 , 19714 , 44.78 , -73.2 , 4 , 13.47 , 13.151 , 2.937 , 160.59 , 102.26
4094 , 19762 , 44.42 , -73.2 , 4 , 13.43 , 13.286 , 2.991 , 161.43 , 101.42
4104 , 19809 , 44.06 , -73.1 , 4 , 13.39 , 13.441 , 3.051 , 162.28 , 100.57
4114 , 19856 , 43.71 , -73.2 , 4 , 13.36 , 13.451 , 3.077 , 163.13 , 99.72
4124 , 19904 , 43.35 , -73.2 , 4 , 13.32 , 13.459 , 3.105 , 164.01 , 98.84
4134 , 19950 , 43.01 , -73.3 , 4 , 13.28 , 13.493 , 3.137 , 164.84 , 98.01
4144 , 19997 , 42.67 , -73.5 , 4 , 13.25 , 13.285 , 3.114 , 165.69 , 97.16
4154 , 20041 , 42.34 , -73.7 , 4 , 13.20 , 13.236 , 3.126 , 166.49 , 96.36
4164 , 20089 , 42.00 , -74.0 , 4 , 13.17 , 12.987 , 3.092 , 167.34 , 95.51
4174 , 20137 , 41.65 , -74.2 , 4 , 13.13 , 12.761 , 3.064 , 168.17 , 94.68
4184 , 20183 , 41.33 , -74.4 , 4 , 13.09 , 12.649 , 3.061 , 168.95 , 93.89
4194 , 20229 , 41.00 , -74.6 , 4 , 13.05 , 12.438 , 3.033 , 169.74 , 93.11
4204 , 20273 , 40.69 , -74.1 , 4 , 13.01 , 12.118 , 2.978 , 170.48 , 92.37
4214 , 20314 , 40.40 , -73.9 , 4 , 12.97 , 11.809 , 2.923 , 171.15 , 91.70
4224 , 20359 , 40.10 , -73.7 , 4 , 12.94 , 11.688 , 2.915 , 171.86 , 90.99
4234 , 20404 , 39.79 , -73.5 , 4 , 12.89 , 11.522 , 2.896 , 172.56 , 90.29
4244 , 20446 , 39.51 , -73.7 , 4 , 12.85 , 11.438 , 2.895 , 173.21 , 89.64
4254 , 20488 , 39.22 , -73.7 , 4 , 12.82 , 11.336 , 2.891 , 173.87 , 88.98
4264 , 20533 , 38.92 , -73.5 , 4 , 12.78 , 11.312 , 2.906 , 174.55 , 88.30
4274 , 20577 , 38.62 , -73.4 , 4 , 12.74 , 11.213 , 2.903 , 175.23 , 87.62
4284 , 20620 , 38.35 , -73.3 , 4 , 12.70 , 11.105 , 2.896 , 175.86 , 86.99
4294 , 20663 , 38.06 , -73.4 , 4 , 12.66 , 10.980 , 2.885 , 176.50 , 86.34
4304 , 20709 , 37.77 , -73.3 , 4 , 12.62 , 10.929 , 2.894 , 177.18 , 85.67
4313 , 20752 , 37.49 , -73.2 , 4 , 12.58 , 10.711 , 2.857 , 177.81 , 85.04
4323 , 20796 , 37.21 , -73.3 , 4 , 12.54 , 10.613 , 2.853 , 178.45 , 84.40
4333 , 20847 , 36.88 , -73.5 , 4 , 12.50 , 10.459 , 2.836 , 179.18 , 83.67
4343 , 20893 , 36.59 , -73.5 , 4 , 12.46 , 10.220 , 2.793 , 179.82 , 83.03
4353 , 20943 , 36.29 , -73.6 , 4 , 12.42 , 10.103 , 2.784 , 180.50 , 82.35
4363 , 20991 , 35.98 , -73.7 , 4 , 12.37 , 9.999 , 2.779 , 181.16 , 81.69
4373 , 21041 , 35.68 , -73.9 , 4 , 12.33 , 9.803 , 2.747 , 181.82 , 81.03
4383 , 21090 , 35.38 , -74.1 , 4 , 12.29 , 9.707 , 2.743 , 182.47 , 80.38
4393 , 21140 , 35.08 , -74.4 , 4 , 12.25 , 9.687 , 2.762 , 183.13 , 79.72
4403 , 21188 , 34.79 , -74.5 , 4 , 12.20 , 9.712 , 2.792 , 183.76 , 79.09
4413 , 21240 , 34.48 , -74.3 , 4 , 12.16 , 9.884 , 2.867 , 184.46 , 78.39
4423 , 21288 , 34.20 , -74.3 , 4 , 12.12 , 10.029 , 2.933 , 185.10 , 77.75
4433 , 21338 , 33.91 , -74.5 , 4 , 12.08 , 10.052 , 2.965 , 185.78 , 77.07
4443 , 21387 , 33.62 , -74.7 , 4 , 12.04 , 10.172 , 3.026 , 186.46 , 76.39
4453 , 21435 , 33.34 , -74.9 , 4 , 11.99 , 10.092 , 3.027 , 187.11 , 75.73
4463 , 21481 , 33.08 , -75.1 , 4 , 11.95 , 10.055 , 3.039 , 187.74 , 75.11
4473 , 21527 , 32.82 , -75.2 , 4 , 11.90 , 9.958 , 3.034 , 188.38 , 74.47
4483 , 21573 , 32.56 , -75.3 , 4 , 11.86 , 9.869 , 3.031 , 188.99 , 73.86
4493 , 21619 , 32.30 , -75.3 , 4 , 11.82 , 9.833 , 3.044 , 189.60 , 73.25
4503 , 21663 , 32.06 , -75.3 , 4 , 11.78 , 9.787 , 3.053 , 190.20 , 72.65
4513 , 21706 , 31.82 , -75.3 , 4 , 11.73 , 9.725 , 3.056 , 190.77 , 72.08
4523 , 21751 , 31.57 , -75.2 , 4 , 11.69 , 9.659 , 3.059 , 191.37 , 71.48
4533 , 21794 , 31.34 , -75.0 , 4 , 11.65 , 9.486 , 3.027 , 191.92 , 70.93
4543 , 21837 , 31.11 , -74.9 , 4 , 11.61 , 9.430 , 3.031 , 192.48 , 70.37
4553 , 21879 , 30.89 , -74.8 , 4 , 11.56 , 9.404 , 3.045 , 193.01 , 69.84
4563 , 21924 , 30.64 , -74.4 , 4 , 11.52 , 9.379 , 3.061 , 193.59 , 69.25
4573 , 21968 , 30.41 , -74.5 , 4 , 11.48 , 9.422 , 3.098 , 194.15 , 68.70
4583 , 22015 , 30.17 , -74.4 , 4 , 11.44 , 9.430 , 3.125 , 194.75 , 68.10
4593 , 22062 , 29.93 , -74.4 , 4 , 11.39 , 9.504 , 3.176 , 195.36 , 67.49
4603 , 22111 , 29.68 , -74.6 , 4 , 11.35 , 9.613 , 3.239 , 195.99 , 66.86
4613 , 22163 , 29.41 , -74.6 , 4 , 11.31 , 9.675 , 3.289 , 196.67 , 66.18
4623 , 22215 , 29.15 , -74.3 , 4 , 11.27 , 9.773 , 3.353 , 197.36 , 65.49
4632 , 22264 , 28.90 , -74.0 , 4 , 11.22 , 9.779 , 3.383 , 198.01 , 64.84
4642 , 22316 , 28.65 , -73.8 , 4 , 11.19 , 9.621 , 3.358 , 198.69 , 64.16
4652 , 22368 , 28.40 , -73.7 , 4 , 11.15 , 9.317 , 3.281 , 199.35 , 63.50
4662 , 22423 , 28.13 , -73.5 , 4 , 11.11 , 9.203 , 3.271 , 200.04 , 62.81
4672 , 22478 , 27.86 , -73.6 , 4 , 11.07 , 9.098 , 3.265 , 200.73 , 62.12
4682 , 22534 , 27.60 , -73.8 , 4 , 11.03 , 9.061 , 3.283 , 201.41 , 61.44
4692 , 22591 , 27.33 , -74.1 , 4 , 10.99 , 9.033 , 3.305 , 202.11 , 60.74
4702 , 22650 , 27.06 , -74.1 , 4 , 10.95 , 9.038 , 3.340 , 202.83 , 60.02
4712 , 22706 , 26.80 , -74.3 , 4 , 10.90 , 8.998 , 3.358 , 203.51 , 59.34
4722 , 22762 , 26.54 , -74.6 , 4 , 10.86 , 8.986 , 3.386 , 204.20 , 58.65
4732 , 22819 , 26.28 , -74.3 , 4 , 10.82 , 8.964 , 3.411 , 204.89 , 57.96
4742 , 22872 , 26.04 , -74.3 , 4 , 10.78 , 8.912 , 3.422 , 205.54 , 57.31
4752 , 22926 , 25.80 , -74.5 , 4 , 10.74 , 8.891 , 3.446 , 206.18 , 56.67
4762 , 22978 , 25.57 , -74.6 , 4 , 10.70 , 8.889 , 3.476 , 206.81 , 56.04
4772 , 23032 , 25.34 , -74.8 , 4 , 10.66 , 8.865 , 3.499 , 207.47 , 55.38
4782 , 23082 , 25.12 , -74.6 , 4 , 10.62 , 8.793 , 3.501 , 208.06 , 54.78
4792 , 23131 , 24.91 , -74.3 , 4 , 10.58 , 8.736 , 3.507 , 208.65 , 54.20
4802 , 23181 , 24.69 , -74.3 , 4 , 10.53 , 8.706 , 3.526 , 209.25 , 53.60
4812 , 23232 , 24.48 , -74.5 , 4 , 10.50 , 8.633 , 3.527 , 209.84 , 53.01
4822 , 23283 , 24.26 , -74.3 , 4 , 10.45 , 8.582 , 3.537 , 210.44 , 52.41
4832 , 23334 , 24.06 , -74.4 , 4 , 10.41 , 8.455 , 3.515 , 211.02 , 51.83
4842 , 23386 , 23.84 , -74.5 , 4 , 10.37 , 8.335 , 3.496 , 211.62 , 51.23
4852 , 23435 , 23.64 , -74.6 , 4 , 10.33 , 8.212 , 3.474 , 212.17 , 50.68
4862 , 23487 , 23.43 , -74.8 , 4 , 10.29 , 8.080 , 3.449 , 212.75 , 50.10
4872 , 23540 , 23.21 , -74.7 , 4 , 10.25 , 7.942 , 3.421 , 213.32 , 49.53
4882 , 23593 , 23.01 , -74.7 , 4 , 10.21 , 7.847 , 3.411 , 213.89 , 48.96
4892 , 23643 , 22.81 , -74.6 , 4 , 10.17 , 7.715 , 3.382 , 214.42 , 48.43
4902 , 23700 , 22.59 , -74.8 , 4 , 10.12 , 7.543 , 3.340 , 215.01 , 47.84
4912 , 23752 , 22.38 , -74.8 , 4 , 10.08 , 7.363 , 3.289 , 215.53 , 47.32
4921 , 23802 , 22.19 , -74.7 , 4 , 10.04 , 7.242 , 3.263 , 216.03 , 46.82
4930 , 23849 , 22.01 , -74.5 , 4 , 10.00 , 7.133 , 3.240 , 216.49 , 46.36
4940 , 23900 , 21.82 , -74.3 , 4 , 9.97 , 7.028 , 3.221 , 216.98 , 45.87
4950 , 23954 , 21.62 , -74.3 , 4 , 9.93 , 6.960 , 3.219 , 217.49 , 45.36
4960 , 24004 , 21.44 , -74.3 , 4 , 9.88 , 6.896 , 3.217 , 217.96 , 44.89
4970 , 24056 , 21.25 , -74.3 , 4 , 9.84 , 6.878 , 3.237 , 218.44 , 44.41
4980 , 24104 , 21.07 , -74.2 , 4 , 9.80 , 6.851 , 3.251 , 218.89 , 43.96
4990 , 24154 , 20.89 , -74.0 , 4 , 9.77 , 6.726 , 3.219 , 219.35 , 43.50
5000 , 24203 , 20.72 , -73.9 , 4 , 9.73 , 6.585 , 3.179 , 219.79 , 43.06
5010 , 24253 , 20.54 , -73.9 , 4 , 9.69 , 6.577 , 3.202 , 220.24 , 42.61
5020 , 24300 , 20.37 , -74.1 , 4 , 9.65 , 6.498 , 3.190 , 220.66 , 42.19
5030 , 24346 , 20.21 , -74.4 , 4 , 9.61 , 6.451 , 3.192 , 221.06 , 41.79
5040 , 24392 , 20.05 , -74.3 , 4 , 9.57 , 6.406 , 3.194 , 221.46 , 41.39
5050 , 24439 , 19.89 , -74.1 , 4 , 9.53 , 6.356 , 3.195 , 221.87 , 40.98
5060 , 24489 , 19.72 , -74.3 , 4 , 9.50 , 6.308 , 3.199 , 222.30 , 40.55
5070 , 24540 , 19.55 , -74.2 , 4 , 9.46 , 6.224 , 3.183 , 222.72 , 40.12
5080 , 24589 , 19.39 , -73.9 , 3 , 9.42 , 6.153 , 3.174 , 223.14 , 39.71
5090 , 24640 , 19.22 , -73.9 , 3 , 9.38 , 6.083 , 3.165 , 223.56 , 39.29
5100 , 24693 , 19.04 , -74.0 , 3 , 9.34 , 6.013 , 3.158 , 224.00 , 38.85
5110 , 24748 , 18.86 , -74.2 , 3 , 9.31 , 5.948 , 3.153 , 224.44 , 38.41
5120 , 24801 , 18.69 , -74.2 , 3 , 9.28 , 5.850 , 3.130 , 224.87 , 37.98
5130 , 24855 , 18.52 , -73.9 , 3 , 9.24 , 5.793 , 3.128 , 225.29 , 37.56
5140 , 24912 , 18.34 , -73.9 , 3 , 9.21 , 5.720 , 3.118 , 225.74 , 37.11
5150 , 24973 , 18.15 , -73.8 , 3 , 9.17 , 5.650 , 3.113 , 226.20 , 36.65
5160 , 25029 , 17.98 , -73.8 , 3 , 9.14 , 5.570 , 3.099 , 226.63 , 36.22
5170 , 25088 , 17.80 , -73.7 , 3 , 9.11 , 5.456 , 3.066 , 227.07 , 35.78
5180 , 25147 , 17.62 , -73.8 , 3 , 9.07 , 5.389 , 3.059 , 227.50 , 35.34
5190 , 25205 , 17.44 , -73.9 , 3 , 9.04 , 5.237 , 3.002 , 227.92 , 34.93
5199 , 25260 , 17.28 , -74.0 , 3 , 9.01 , 5.198 , 3.008 , 228.31 , 34.54
5209 , 25316 , 17.11 , -73.9 , 3 , 8.98 , 5.061 , 2.957 , 228.69 , 34.15
5219 , 25374 , 16.94 , -73.9 , 3 , 8.95 , 4.938 , 2.914 , 229.09 , 33.76
5229 , 25432 , 16.78 , -74.1 , 3 , 8.92 , 4.849 , 2.890 , 229.47 , 33.38
5238 , 25480 , 16.64 , -73.9 , 3 , 8.89 , 4.746 , 2.852 , 229.78 , 33.07
5248 , 25534 , 16.49 , -73.8 , 3 , 8.86 , 4.677 , 2.837 , 230.13 , 32.72
5258 , 25585 , 16.34 , -73.5 , 3 , 8.83 , 4.631 , 2.833 , 230.45 , 32.40
5268 , 25634 , 16.21 , -73.6 , 3 , 8.80 , 4.576 , 2.823 , 230.75 , 32.10
5278 , 25681 , 16.08 , -73.6 , 3 , 8.77 , 4.553 , 2.832 , 231.04 , 31.81
5288 , 25731 , 15.94 , -73.4 , 3 , 8.75 , 4.534 , 2.844 , 231.35 , 31.50
5298 , 25780 , 15.81 , -73.4 , 3 , 8.72 , 4.518 , 2.858 , 231.65 , 31.20
5308 , 25824 , 15.69 , -73.4 , 3 , 8.69 , 4.511 , 2.875 , 231.92 , 30.93
5318 , 25870 , 15.56 , -73.4 , 3 , 8.67 , 4.480 , 2.878 , 232.20 , 30.65
5328 , 25917 , 15.44 , -73.5 , 3 , 8.65 , 4.456 , 2.886 , 232.48 , 30.37
5338 , 25963 , 15.32 , -73.6 , 3 , 8.63 , 4.430 , 2.892 , 232.76 , 30.09
5348 , 26008 , 15.20 , -73.6 , 3 , 8.61 , 4.371 , 2.875 , 233.03 , 29.82
5358 , 26054 , 15.08 , -73.3 , 3 , 8.59 , 4.326 , 2.868 , 233.30 , 29.55
5368 , 26097 , 14.97 , -73.3 , 3 , 8.57 , 4.297 , 2.870 , 233.54 , 29.30
5378 , 26146 , 14.85 , -73.4 , 3 , 8.56 , 4.234 , 2.852 , 233.83 , 29.02
5388 , 26192 , 14.73 , -73.5 , 3 , 8.54 , 4.185 , 2.841 , 234.09 , 28.76
5398 , 26235 , 14.62 , -73.7 , 3 , 8.52 , 4.132 , 2.826 , 234.33 , 28.52
5408 , 26282 , 14.51 , -73.2 , 3 , 8.50 , 4.052 , 2.794 , 234.59 , 28.26
5418 , 26325 , 14.40 , -72.6 , 3 , 8.48 , 4.019 , 2.791 , 234.82 , 28.03
5427 , 26369 , 14.29 , -72.6 , 3 , 8.46 , 3.943 , 2.759 , 235.06 , 27.79
5437 , 26418 , 14.17 , -72.7 , 3 , 8.43 , 3.868 , 2.729 , 235.31 , 27.53
5447 , 26464 , 14.06 , -72.8 , 3 , 8.39 , 3.788 , 2.694 , 235.55 , 27.30
5457 , 26512 , 13.95 , -72.5 , 3 , 8.36 , 3.738 , 2.680 , 235.79 , 27.06
5467 , 26558 , 13.84 , -72.4 , 3 , 8.32 , 3.692 , 2.668 , 236.03 , 26.82
5477 , 26607 , 13.72 , -72.5 , 3 , 8.28 , 3.628 , 2.644 , 236.27 , 26.58
5487 , 26657 , 13.61 , -72.4 , 3 , 8.23 , 3.547 , 2.606 , 236.51 , 26.34
5497 , 26710 , 13.49 , -72.1 , 3 , 8.18 , 3.509 , 2.602 , 236.76 , 26.09
5507 , 26760 , 13.37 , -71.9 , 2 , 8.14 , 3.494 , 2.613 , 236.99 , 25.86
5517 , 26812 , 13.25 , -71.9 , 2 , 8.09 , 3.458 , 2.609 , 237.24 , 25.61
5526 , 26865 , 13.14 , -72.0 , 2 , 8.05 , 3.438 , 2.617 , 237.48 , 25.37
5536 , 26917 , 13.02 , -72.1 , 2 , 8.00 , 3.414 , 2.622 , 237.72 , 25.13
5546 , 26967 , 12.91 , -72.2 , 2 , 7.95 , 3.412 , 2.643 , 237.94 , 24.90
5556 , 27019 , 12.80 , -72.2 , 2 , 7.91 , 3.408 , 2.664 , 238.19 , 24.66
5566 , 27080 , 12.66 , -72.2 , 2 , 7.87 , 3.490 , 2.756 , 238.47 , 24.38
5576 , 27132 , 12.55 , -72.3 , 2 , 7.82 , 3.454 , 2.752 , 238.71 , 24.14
5586 , 27188 , 12.43 , -72.5 , 2 , 7.77 , 3.400 , 2.734 , 238.97 , 23.88
5596 , 27241 , 12.32 , -72.9 , 2 , 7.72 , 3.368 , 2.733 , 239.21 , 23.64
5606 , 27290 , 12.22 , -73.2 , 2 , 7.68 , 3.315 , 2.713 , 239.43 , 23.42
5615 , 27343 , 12.11 , -73.2 , 2 , 7.63 , 3.282 , 2.710 , 239.66 , 23.19
5625 , 27397 , 12.00 , -73.1 , 2 , 7.58 , 3.255 , 2.713 , 239.90 , 22.95
5635 , 27449 , 11.89 , -73.3 , 2 , 7.54 , 3.233 , 2.719 , 240.13 , 22.72
5645 , 27507 , 11.77 , -73.6 , 2 , 7.49 , 3.185 , 2.705 , 240.38 , 22.47
5655 , 27560 , 11.67 , -73.9 , 2 , 7.44 , 3.141 , 2.692 , 240.61 , 22.24
5665 , 27613 , 11.56 , -73.7 , 2 , 7.39 , 3.106 , 2.686 , 240.83 , 22.02
5675 , 27669 , 11.45 , -73.4 , 2 , 7.34 , 3.036 , 2.651 , 241.06 , 21.79
5685 , 27725 , 11.34 , -73.1 , 2 , 7.30 , 3.002 , 2.647 , 241.29 , 21.56
5695 , 27777 , 11.24 , -73.0 , 2 , 7.25 , 2.914 , 2.592 , 241.50 , 21.35
5705 , 27829 , 11.14 , -73.0 , 2 , 7.20 , 2.895 , 2.598 , 241.70 , 21.15
5715 , 27889 , 11.03 , -73.2 , 2 , 7.16 , 2.851 , 2.585 , 241.93 , 20.91
5725 , 27942 , 10.93 , -73.4 , 2 , 7.11 , 2.811 , 2.571 , 242.14 , 20.71
5735 , 27998 , 10.83 , -73.7 , 2 , 7.07 , 2.771 , 2.560 , 242.35 , 20.50
5745 , 28054 , 10.72 , -73.8 , 2 , 7.03 , 2.752 , 2.566 , 242.56 , 20.29
5755 , 28111 , 10.62 , -73.9 , 2 , 6.98 , 2.694 , 2.538 , 242.77 , 20.08
5765 , 28161 , 10.53 , -73.1 , 2 , 6.94 , 2.643 , 2.511 , 242.95 , 19.90
5775 , 28215 , 10.43 , -72.9 , 2 , 6.90 , 2.596 , 2.489 , 243.14 , 19.71
5785 , 28269 , 10.34 , -73.2 , 2 , 6.86 , 2.565 , 2.482 , 243.33 , 19.52
5795 , 28317 , 10.25 , -73.5 , 2 , 6.82 , 2.524 , 2.463 , 243.49 , 19.36
5805 , 28364 , 10.17 , -73.8 , 2 , 6.78 , 2.473 , 2.432 , 243.65 , 19.20
5815 , 28415 , 10.08 , -73.9 , 2 , 6.74 , 2.443 , 2.423 , 243.82 , 19.03
5825 , 28456 , 10.01 , -73.9 , 2 , 6.70 , 2.423 , 2.420 , 243.95 , 18.89
5834 , 28499 , 9.94 , -73.5 , 2 , 6.67 , 2.394 , 2.409 , 244.10 , 18.75
5844 , 28537 , 9.87 , -73.2 , 2 , 6.63 , 2.387 , 2.418 , 244.22 , 18.63
5854 , 28571 , 9.81 , -73.1 , 2 , 6.60 , 2.364 , 2.409 , 244.33 , 18.52
5864 , 28601 , 9.77 , -72.5 , 2 , 6.57 , 2.347 , 2.403 , 244.42 , 18.43
5874 , 28635 , 9.71 , -71.7 , 2 , 6.53 , 2.317 , 2.387 , 244.53 , 18.32
5884 , 28668 , 9.65 , -71.7 , 2 , 6.50 , 2.308 , 2.390 , 244.63 , 18.22
5894 , 28700 , 9.60 , -71.7 , 2 , 6.46 , 2.288 , 2.383 , 244.73 , 18.12
5904 , 28735 , 9.55 , -71.6 , 2 , 6.43 , 2.283 , 2.391 , 244.83 , 18.01
