# ------------------------------------------------------------
#
# Flight name: V2511
# Station: Davis
# Launch Date: 24 June 2011
# Launch Time: 11:18:18
# 
# This file created: Tue Jun 28 11:24:37 2011
# 
# 
# ------------------------------------------------------------
# DATA COLUMNS
# Time (s)
# Height (m)
# Atmospheric Pressure (hPa)
# Atmospheric Temperature (°C)
# Relative Humidity (%)
# Box Temperature (°C)
# Ozone Partial Pressure (mPa)
# Ozone Mixing Ratio (ppmV)
# Accumulated Ozone to this Height (Dobson Units)
# Remaining Ozone above this Height (Dobson Units)
# 
# ------------------------------------------------------------
# 
# Integrated Ozone = 261.1 DU
# Extrapolated Ozone =  16.1 DU
# 
# Total Ozone = 277.2 DU
# 
# 
# ------------------------------------------------------------
0 , 18 , 989.22 , -14.8 , 42 , 33.98 , 2.927 , 0.030 , 0.00 , 277.16
10 , 60 , 983.62 , -13.6 , 34 , 34.00 , 3.116 , 0.032 , 0.14 , 277.03
20 , 105 , 977.90 , -13.8 , 33 , 34.05 , 3.187 , 0.033 , 0.28 , 276.88
29 , 150 , 972.15 , -14.0 , 32 , 34.05 , 3.229 , 0.033 , 0.43 , 276.73
39 , 197 , 966.05 , -14.2 , 31 , 34.06 , 3.219 , 0.033 , 0.59 , 276.57
49 , 248 , 959.56 , -14.5 , 30 , 34.07 , 3.211 , 0.033 , 0.76 , 276.40
59 , 295 , 953.71 , -14.9 , 29 , 34.08 , 3.193 , 0.033 , 0.92 , 276.25
69 , 343 , 947.63 , -15.2 , 29 , 34.10 , 3.216 , 0.034 , 1.08 , 276.08
79 , 395 , 941.10 , -15.6 , 28 , 34.12 , 3.216 , 0.034 , 1.25 , 275.91
89 , 447 , 934.61 , -16.0 , 28 , 34.13 , 3.202 , 0.034 , 1.43 , 275.73
99 , 497 , 928.41 , -16.3 , 27 , 34.13 , 3.181 , 0.034 , 1.60 , 275.57
109 , 541 , 923.04 , -16.7 , 27 , 34.14 , 3.153 , 0.034 , 1.74 , 275.42
119 , 592 , 916.83 , -17.1 , 27 , 34.15 , 3.140 , 0.034 , 1.91 , 275.25
129 , 640 , 910.93 , -17.6 , 27 , 34.16 , 3.121 , 0.034 , 2.07 , 275.09
138 , 683 , 905.68 , -18.0 , 28 , 34.16 , 3.112 , 0.034 , 2.21 , 274.95
148 , 723 , 900.91 , -18.4 , 29 , 34.18 , 3.127 , 0.035 , 2.34 , 274.82
158 , 765 , 895.75 , -18.7 , 29 , 34.19 , 3.093 , 0.035 , 2.48 , 274.68
168 , 813 , 890.06 , -19.2 , 29 , 34.18 , 3.074 , 0.035 , 2.64 , 274.52
178 , 863 , 884.10 , -19.6 , 31 , 34.18 , 3.063 , 0.035 , 2.80 , 274.36
188 , 910 , 878.50 , -20.0 , 32 , 34.17 , 3.041 , 0.035 , 2.95 , 274.21
198 , 962 , 872.34 , -20.5 , 32 , 34.15 , 3.017 , 0.035 , 3.12 , 274.04
208 , 1008 , 866.93 , -20.8 , 31 , 34.13 , 3.018 , 0.035 , 3.27 , 273.89
218 , 1053 , 861.68 , -21.0 , 31 , 34.11 , 3.005 , 0.035 , 3.41 , 273.75
228 , 1098 , 856.41 , -21.3 , 31 , 34.09 , 2.991 , 0.035 , 3.56 , 273.60
238 , 1145 , 851.00 , -21.7 , 30 , 34.07 , 2.956 , 0.035 , 3.71 , 273.45
248 , 1187 , 846.11 , -22.0 , 29 , 34.05 , 2.944 , 0.035 , 3.84 , 273.32
258 , 1235 , 840.67 , -22.4 , 29 , 34.03 , 2.928 , 0.035 , 3.99 , 273.17
268 , 1283 , 835.16 , -22.8 , 30 , 34.01 , 2.918 , 0.035 , 4.14 , 273.02
278 , 1335 , 829.25 , -23.0 , 30 , 33.99 , 2.912 , 0.035 , 4.30 , 272.86
288 , 1388 , 823.21 , -23.0 , 27 , 33.96 , 2.887 , 0.035 , 4.47 , 272.69
298 , 1438 , 817.68 , -23.4 , 27 , 33.94 , 2.879 , 0.035 , 4.63 , 272.54
308 , 1487 , 812.14 , -23.7 , 28 , 33.91 , 2.857 , 0.035 , 4.78 , 272.38
318 , 1537 , 806.59 , -24.0 , 30 , 33.89 , 2.834 , 0.035 , 4.93 , 272.23
328 , 1587 , 801.12 , -23.9 , 36 , 33.87 , 2.800 , 0.035 , 5.08 , 272.08
337 , 1632 , 796.23 , -23.9 , 43 , 33.84 , 2.802 , 0.035 , 5.22 , 271.94
347 , 1676 , 791.40 , -24.1 , 48 , 33.81 , 2.777 , 0.035 , 5.35 , 271.81
357 , 1728 , 785.75 , -23.5 , 62 , 33.78 , 2.770 , 0.035 , 5.51 , 271.65
367 , 1775 , 780.78 , -23.0 , 64 , 33.75 , 2.771 , 0.035 , 5.65 , 271.51
377 , 1827 , 775.21 , -21.9 , 62 , 33.73 , 2.763 , 0.036 , 5.81 , 271.36
387 , 1881 , 769.58 , -21.2 , 63 , 33.70 , 2.745 , 0.036 , 5.96 , 271.20
397 , 1935 , 764.00 , -21.4 , 61 , 33.67 , 2.770 , 0.036 , 6.12 , 271.04
407 , 1985 , 758.81 , -21.8 , 63 , 33.65 , 2.761 , 0.036 , 6.27 , 270.89
417 , 2040 , 753.13 , -22.0 , 65 , 33.62 , 2.743 , 0.036 , 6.43 , 270.73
427 , 2091 , 747.91 , -22.2 , 66 , 33.59 , 2.744 , 0.037 , 6.59 , 270.58
437 , 2140 , 742.93 , -22.4 , 67 , 33.57 , 2.725 , 0.037 , 6.73 , 270.43
447 , 2193 , 737.62 , -22.5 , 70 , 33.53 , 2.714 , 0.037 , 6.88 , 270.28
457 , 2242 , 732.74 , -22.5 , 71 , 33.49 , 2.665 , 0.036 , 7.02 , 270.14
467 , 2295 , 727.43 , -22.6 , 72 , 33.47 , 2.609 , 0.036 , 7.18 , 269.99
477 , 2345 , 722.52 , -22.9 , 72 , 33.43 , 2.574 , 0.036 , 7.31 , 269.85
487 , 2397 , 717.43 , -23.3 , 73 , 33.39 , 2.543 , 0.035 , 7.46 , 269.70
497 , 2446 , 712.59 , -23.7 , 73 , 33.35 , 2.518 , 0.035 , 7.59 , 269.57
507 , 2488 , 708.50 , -24.0 , 72 , 33.31 , 2.501 , 0.035 , 7.71 , 269.45
517 , 2535 , 703.91 , -24.2 , 72 , 33.28 , 2.480 , 0.035 , 7.83 , 269.33
527 , 2587 , 698.97 , -24.2 , 72 , 33.25 , 2.473 , 0.035 , 7.97 , 269.19
537 , 2639 , 693.95 , -24.4 , 73 , 33.22 , 2.457 , 0.035 , 8.11 , 269.05
547 , 2694 , 688.74 , -24.8 , 74 , 33.19 , 2.462 , 0.036 , 8.26 , 268.90
557 , 2748 , 683.67 , -25.0 , 72 , 33.15 , 2.441 , 0.036 , 8.40 , 268.76
567 , 2806 , 678.20 , -25.2 , 72 , 33.12 , 2.439 , 0.036 , 8.56 , 268.61
577 , 2859 , 673.30 , -25.6 , 71 , 33.08 , 2.442 , 0.036 , 8.70 , 268.47
587 , 2914 , 668.17 , -25.9 , 72 , 33.04 , 2.435 , 0.036 , 8.84 , 268.32
597 , 2964 , 663.57 , -26.0 , 72 , 33.01 , 2.430 , 0.037 , 8.98 , 268.19
607 , 3019 , 658.54 , -25.9 , 73 , 32.97 , 2.398 , 0.036 , 9.12 , 268.04
617 , 3074 , 653.63 , -26.2 , 72 , 32.92 , 2.382 , 0.036 , 9.26 , 267.90
627 , 3123 , 649.16 , -26.4 , 72 , 32.87 , 2.387 , 0.037 , 9.39 , 267.77
636 , 3170 , 644.93 , -26.6 , 69 , 32.84 , 2.356 , 0.037 , 9.51 , 267.65
645 , 3217 , 640.79 , -26.9 , 68 , 32.80 , 2.329 , 0.036 , 9.63 , 267.53
655 , 3265 , 636.49 , -27.4 , 69 , 32.77 , 2.323 , 0.037 , 9.76 , 267.41
665 , 3315 , 632.09 , -27.7 , 69 , 32.72 , 2.305 , 0.036 , 9.88 , 267.28
675 , 3374 , 626.94 , -28.2 , 71 , 32.68 , 2.284 , 0.036 , 10.03 , 267.13
685 , 3428 , 622.23 , -28.6 , 73 , 32.64 , 2.267 , 0.036 , 10.17 , 267.00
695 , 3483 , 617.44 , -29.1 , 73 , 32.59 , 2.244 , 0.036 , 10.30 , 266.86
705 , 3538 , 612.72 , -29.6 , 73 , 32.54 , 2.236 , 0.036 , 10.44 , 266.72
715 , 3590 , 608.29 , -30.0 , 73 , 32.50 , 2.207 , 0.036 , 10.57 , 266.59
725 , 3642 , 603.80 , -30.4 , 73 , 32.46 , 2.188 , 0.036 , 10.69 , 266.47
735 , 3697 , 599.21 , -30.8 , 73 , 32.41 , 2.179 , 0.036 , 10.83 , 266.33
745 , 3748 , 594.87 , -31.1 , 73 , 32.36 , 2.165 , 0.036 , 10.95 , 266.21
755 , 3796 , 590.87 , -31.4 , 72 , 32.31 , 2.154 , 0.036 , 11.07 , 266.10
765 , 3849 , 586.42 , -31.8 , 70 , 32.25 , 2.133 , 0.036 , 11.19 , 265.97
775 , 3903 , 582.01 , -32.3 , 67 , 32.21 , 2.110 , 0.036 , 11.32 , 265.84
785 , 3959 , 577.39 , -32.7 , 67 , 32.16 , 2.086 , 0.036 , 11.45 , 265.71
795 , 4018 , 572.52 , -33.2 , 70 , 32.11 , 2.072 , 0.036 , 11.59 , 265.57
805 , 4065 , 568.77 , -33.7 , 74 , 32.06 , 2.056 , 0.036 , 11.70 , 265.46
815 , 4110 , 565.08 , -33.9 , 75 , 32.01 , 2.034 , 0.036 , 11.80 , 265.36
825 , 4152 , 561.73 , -34.1 , 74 , 31.97 , 2.041 , 0.036 , 11.90 , 265.26
835 , 4203 , 557.66 , -34.4 , 74 , 31.92 , 2.025 , 0.036 , 12.02 , 265.15
845 , 4255 , 553.47 , -34.7 , 75 , 31.88 , 2.016 , 0.036 , 12.14 , 265.03
855 , 4311 , 549.09 , -34.7 , 75 , 31.83 , 2.002 , 0.036 , 12.26 , 264.90
864 , 4360 , 545.25 , -34.8 , 76 , 31.78 , 1.994 , 0.037 , 12.37 , 264.79
874 , 4413 , 541.11 , -34.9 , 77 , 31.73 , 1.977 , 0.037 , 12.49 , 264.67
884 , 4465 , 537.08 , -35.0 , 76 , 31.69 , 1.992 , 0.037 , 12.61 , 264.55
894 , 4510 , 533.66 , -35.1 , 75 , 31.65 , 1.993 , 0.037 , 12.71 , 264.45
904 , 4552 , 530.39 , -35.2 , 74 , 31.60 , 1.994 , 0.038 , 12.81 , 264.36
914 , 4595 , 527.13 , -35.2 , 71 , 31.55 , 1.959 , 0.037 , 12.90 , 264.26
924 , 4652 , 522.85 , -35.2 , 69 , 31.49 , 1.893 , 0.036 , 13.03 , 264.13
934 , 4712 , 518.36 , -35.4 , 66 , 31.43 , 1.914 , 0.037 , 13.16 , 264.01
943 , 4763 , 514.56 , -35.5 , 66 , 31.38 , 1.940 , 0.038 , 13.27 , 263.89
952 , 4810 , 511.13 , -35.6 , 67 , 31.33 , 1.924 , 0.038 , 13.37 , 263.79
962 , 4864 , 507.20 , -35.7 , 67 , 31.29 , 1.877 , 0.037 , 13.49 , 263.68
972 , 4918 , 503.22 , -35.7 , 65 , 31.23 , 1.786 , 0.035 , 13.60 , 263.56
982 , 4968 , 499.65 , -35.9 , 63 , 31.18 , 1.732 , 0.035 , 13.70 , 263.46
992 , 5020 , 495.94 , -36.2 , 64 , 31.16 , 1.700 , 0.034 , 13.80 , 263.36
1002 , 5075 , 491.98 , -36.4 , 65 , 31.11 , 1.680 , 0.034 , 13.91 , 263.26
1012 , 5137 , 487.59 , -36.8 , 63 , 31.06 , 1.675 , 0.034 , 14.02 , 263.14
1022 , 5189 , 483.96 , -37.2 , 61 , 31.02 , 1.736 , 0.036 , 14.12 , 263.04
1032 , 5241 , 480.35 , -37.5 , 61 , 30.95 , 1.747 , 0.036 , 14.23 , 262.93
1042 , 5289 , 476.96 , -38.0 , 61 , 30.89 , 1.743 , 0.037 , 14.33 , 262.84
1052 , 5335 , 473.83 , -38.3 , 61 , 30.84 , 1.740 , 0.037 , 14.42 , 262.75
1062 , 5376 , 470.99 , -38.7 , 61 , 30.79 , 1.723 , 0.037 , 14.50 , 262.66
1072 , 5420 , 467.94 , -39.0 , 61 , 30.74 , 1.726 , 0.037 , 14.59 , 262.57
1082 , 5470 , 464.56 , -39.4 , 62 , 30.68 , 1.734 , 0.037 , 14.69 , 262.48
1092 , 5521 , 461.09 , -39.8 , 64 , 30.62 , 1.738 , 0.038 , 14.79 , 262.37
1102 , 5576 , 457.44 , -40.2 , 66 , 30.56 , 1.707 , 0.037 , 14.90 , 262.26
1112 , 5626 , 454.08 , -40.4 , 67 , 30.50 , 1.694 , 0.037 , 15.00 , 262.17
1122 , 5682 , 450.34 , -40.8 , 66 , 30.43 , 1.692 , 0.038 , 15.11 , 262.06
1132 , 5737 , 446.70 , -41.3 , 65 , 30.38 , 1.703 , 0.038 , 15.21 , 261.95
1142 , 5790 , 443.24 , -41.8 , 64 , 30.31 , 1.707 , 0.039 , 15.32 , 261.84
1152 , 5841 , 439.93 , -42.3 , 64 , 30.25 , 1.694 , 0.039 , 15.42 , 261.74
1162 , 5892 , 436.59 , -42.7 , 64 , 30.20 , 1.679 , 0.038 , 15.52 , 261.64
1172 , 5940 , 433.48 , -43.0 , 63 , 30.15 , 1.687 , 0.039 , 15.62 , 261.54
1182 , 5986 , 430.53 , -43.4 , 64 , 30.10 , 1.671 , 0.039 , 15.71 , 261.45
1192 , 6039 , 427.20 , -43.8 , 66 , 30.05 , 1.668 , 0.039 , 15.81 , 261.35
1202 , 6093 , 423.72 , -44.0 , 66 , 30.00 , 1.612 , 0.038 , 15.91 , 261.25
1212 , 6145 , 420.50 , -44.2 , 65 , 29.94 , 1.519 , 0.036 , 16.01 , 261.15
1222 , 6186 , 417.90 , -44.3 , 61 , 29.89 , 1.509 , 0.036 , 16.08 , 261.08
1232 , 6230 , 415.17 , -44.6 , 58 , 29.85 , 1.506 , 0.036 , 16.16 , 261.00
1242 , 6274 , 412.43 , -44.9 , 58 , 29.80 , 1.496 , 0.036 , 16.24 , 260.92
1252 , 6317 , 409.78 , -45.3 , 58 , 29.76 , 1.460 , 0.036 , 16.31 , 260.85
1261 , 6358 , 407.29 , -45.6 , 58 , 29.71 , 1.469 , 0.036 , 16.39 , 260.78
1271 , 6423 , 403.30 , -46.2 , 58 , 29.68 , 1.448 , 0.036 , 16.50 , 260.66
1281 , 6482 , 399.75 , -46.7 , 58 , 29.64 , 1.450 , 0.036 , 16.60 , 260.56
1291 , 6538 , 396.39 , -47.1 , 58 , 29.58 , 1.452 , 0.037 , 16.70 , 260.46
1301 , 6592 , 393.19 , -47.4 , 58 , 29.52 , 1.427 , 0.036 , 16.79 , 260.37
1311 , 6638 , 390.46 , -47.7 , 56 , 29.46 , 1.416 , 0.036 , 16.87 , 260.29
1321 , 6695 , 387.08 , -48.0 , 56 , 29.42 , 1.371 , 0.035 , 16.96 , 260.20
1331 , 6741 , 384.37 , -48.3 , 55 , 29.39 , 1.349 , 0.035 , 17.04 , 260.12
1341 , 6784 , 381.86 , -48.6 , 54 , 29.34 , 1.328 , 0.035 , 17.11 , 260.05
1351 , 6828 , 379.33 , -49.0 , 52 , 29.28 , 1.321 , 0.035 , 17.18 , 259.98
1361 , 6875 , 376.63 , -49.4 , 53 , 29.22 , 1.318 , 0.035 , 17.25 , 259.91
1371 , 6931 , 373.39 , -49.8 , 53 , 29.17 , 1.307 , 0.035 , 17.34 , 259.82
1381 , 6986 , 370.29 , -50.3 , 51 , 29.11 , 1.295 , 0.035 , 17.43 , 259.74
1391 , 7033 , 367.64 , -50.7 , 51 , 29.05 , 1.296 , 0.035 , 17.50 , 259.66
1401 , 7083 , 364.83 , -51.1 , 52 , 28.98 , 1.297 , 0.036 , 17.58 , 259.58
1411 , 7126 , 362.40 , -51.4 , 51 , 28.93 , 1.275 , 0.035 , 17.65 , 259.52
1421 , 7172 , 359.80 , -51.7 , 51 , 28.88 , 1.266 , 0.035 , 17.72 , 259.44
1431 , 7216 , 357.41 , -52.1 , 52 , 28.82 , 1.263 , 0.035 , 17.78 , 259.38
1441 , 7259 , 355.02 , -52.4 , 53 , 28.75 , 1.281 , 0.036 , 17.85 , 259.31
1451 , 7310 , 352.22 , -52.8 , 53 , 28.69 , 1.292 , 0.037 , 17.93 , 259.23
1461 , 7368 , 349.05 , -53.2 , 54 , 28.64 , 1.271 , 0.036 , 18.02 , 259.14
1471 , 7425 , 345.99 , -53.6 , 55 , 28.60 , 1.253 , 0.036 , 18.11 , 259.05
1481 , 7480 , 343.04 , -54.1 , 55 , 28.53 , 1.231 , 0.036 , 18.20 , 258.97
1491 , 7533 , 340.22 , -54.5 , 56 , 28.46 , 1.223 , 0.036 , 18.28 , 258.89
1501 , 7584 , 337.49 , -54.9 , 57 , 28.41 , 1.216 , 0.036 , 18.35 , 258.81
1511 , 7629 , 335.15 , -55.2 , 57 , 28.35 , 1.215 , 0.036 , 18.42 , 258.74
1521 , 7678 , 332.59 , -55.6 , 58 , 28.29 , 1.224 , 0.037 , 18.49 , 258.67
1531 , 7728 , 329.95 , -55.9 , 58 , 28.24 , 1.218 , 0.037 , 18.57 , 258.59
1541 , 7768 , 327.90 , -56.3 , 57 , 28.19 , 1.217 , 0.037 , 18.63 , 258.53
1550 , 7808 , 325.86 , -56.6 , 57 , 28.13 , 1.217 , 0.037 , 18.69 , 258.47
1559 , 7851 , 323.62 , -57.0 , 57 , 28.09 , 1.221 , 0.038 , 18.76 , 258.40
1568 , 7894 , 321.46 , -57.3 , 57 , 28.04 , 1.218 , 0.038 , 18.82 , 258.34
1578 , 7937 , 319.26 , -57.7 , 57 , 27.99 , 1.206 , 0.038 , 18.89 , 258.27
1588 , 7982 , 317.01 , -58.1 , 57 , 27.93 , 1.190 , 0.038 , 18.95 , 258.21
1598 , 8024 , 314.88 , -58.5 , 57 , 27.86 , 1.180 , 0.037 , 19.02 , 258.14
1608 , 8075 , 312.32 , -58.9 , 57 , 27.79 , 1.150 , 0.037 , 19.09 , 258.07
1618 , 8120 , 310.10 , -59.3 , 57 , 27.73 , 1.135 , 0.037 , 19.16 , 258.01
1628 , 8168 , 307.73 , -59.7 , 57 , 27.67 , 1.124 , 0.037 , 19.22 , 257.94
1638 , 8215 , 305.43 , -60.1 , 57 , 27.60 , 1.112 , 0.036 , 19.29 , 257.87
1648 , 8255 , 303.48 , -60.5 , 57 , 27.53 , 1.116 , 0.037 , 19.35 , 257.81
1658 , 8296 , 301.46 , -60.8 , 57 , 27.47 , 1.106 , 0.037 , 19.40 , 257.76
1668 , 8336 , 299.54 , -61.2 , 57 , 27.42 , 1.111 , 0.037 , 19.46 , 257.70
1678 , 8378 , 297.50 , -61.5 , 57 , 27.37 , 1.104 , 0.037 , 19.52 , 257.64
1688 , 8428 , 295.13 , -61.9 , 58 , 27.32 , 1.102 , 0.037 , 19.59 , 257.57
1698 , 8485 , 292.40 , -62.3 , 58 , 27.25 , 1.132 , 0.039 , 19.67 , 257.49
1708 , 8545 , 289.59 , -62.9 , 59 , 27.16 , 1.144 , 0.039 , 19.76 , 257.40
1718 , 8591 , 287.43 , -63.3 , 59 , 27.09 , 1.173 , 0.041 , 19.83 , 257.33
1728 , 8634 , 285.42 , -63.7 , 60 , 27.03 , 1.186 , 0.042 , 19.89 , 257.27
1738 , 8691 , 282.76 , -64.1 , 60 , 26.97 , 1.214 , 0.043 , 19.98 , 257.18
1748 , 8741 , 280.46 , -64.3 , 60 , 26.92 , 1.209 , 0.043 , 20.06 , 257.10
1758 , 8789 , 278.27 , -64.6 , 62 , 26.86 , 1.187 , 0.043 , 20.13 , 257.03
1768 , 8834 , 276.23 , -64.8 , 64 , 26.80 , 1.186 , 0.043 , 20.20 , 256.96
1778 , 8882 , 274.05 , -65.1 , 67 , 26.73 , 1.162 , 0.042 , 20.28 , 256.88
1788 , 8927 , 272.02 , -65.4 , 68 , 26.66 , 1.143 , 0.042 , 20.34 , 256.82
1798 , 8974 , 269.92 , -65.7 , 70 , 26.60 , 1.130 , 0.042 , 20.41 , 256.75
1808 , 9026 , 267.62 , -66.1 , 70 , 26.53 , 1.113 , 0.042 , 20.49 , 256.67
1818 , 9071 , 265.65 , -66.5 , 70 , 26.46 , 1.075 , 0.040 , 20.55 , 256.61
1828 , 9116 , 263.68 , -66.7 , 68 , 26.39 , 1.046 , 0.040 , 20.61 , 256.55
1838 , 9161 , 261.74 , -66.9 , 65 , 26.32 , 1.037 , 0.040 , 20.68 , 256.49
1848 , 9206 , 259.80 , -67.2 , 63 , 26.26 , 1.078 , 0.042 , 20.74 , 256.42
1858 , 9248 , 257.96 , -67.2 , 61 , 26.19 , 1.136 , 0.044 , 20.80 , 256.36
1868 , 9295 , 255.96 , -67.5 , 59 , 26.14 , 1.145 , 0.045 , 20.87 , 256.29
1877 , 9352 , 253.56 , -67.9 , 58 , 26.09 , 1.101 , 0.043 , 20.95 , 256.21
1887 , 9406 , 251.31 , -68.3 , 57 , 26.02 , 1.061 , 0.042 , 21.03 , 256.13
1897 , 9448 , 249.53 , -68.4 , 57 , 25.94 , 1.067 , 0.043 , 21.09 , 256.07
1907 , 9490 , 247.78 , -68.6 , 55 , 25.87 , 1.107 , 0.045 , 21.15 , 256.01
1917 , 9535 , 245.94 , -68.8 , 54 , 25.80 , 1.174 , 0.048 , 21.22 , 255.94
1927 , 9583 , 243.99 , -69.0 , 53 , 25.74 , 1.265 , 0.052 , 21.29 , 255.87
1937 , 9627 , 242.18 , -69.2 , 52 , 25.68 , 1.341 , 0.055 , 21.37 , 255.79
1947 , 9671 , 240.38 , -69.3 , 51 , 25.60 , 1.459 , 0.061 , 21.45 , 255.71
1957 , 9718 , 238.51 , -69.2 , 50 , 25.52 , 1.612 , 0.068 , 21.55 , 255.61
1967 , 9763 , 236.72 , -69.0 , 47 , 25.44 , 1.510 , 0.064 , 21.64 , 255.52
1977 , 9806 , 235.04 , -69.3 , 45 , 25.38 , 1.379 , 0.059 , 21.72 , 255.44
1987 , 9848 , 233.38 , -69.7 , 43 , 25.33 , 1.284 , 0.055 , 21.80 , 255.37
1997 , 9890 , 231.75 , -70.0 , 41 , 25.26 , 1.227 , 0.053 , 21.86 , 255.30
2007 , 9931 , 230.14 , -70.4 , 39 , 25.19 , 1.182 , 0.051 , 21.93 , 255.23
2017 , 9973 , 228.52 , -70.7 , 38 , 25.11 , 1.148 , 0.050 , 22.00 , 255.16
2027 , 10017 , 226.83 , -71.1 , 37 , 25.05 , 1.127 , 0.050 , 22.06 , 255.10
2037 , 10058 , 225.24 , -71.5 , 36 , 24.98 , 1.112 , 0.049 , 22.12 , 255.04
2047 , 10101 , 223.63 , -71.8 , 35 , 24.92 , 1.096 , 0.049 , 22.19 , 254.97
2057 , 10144 , 221.98 , -72.2 , 34 , 24.85 , 1.086 , 0.049 , 22.25 , 254.91
2067 , 10190 , 220.27 , -72.5 , 34 , 24.78 , 1.091 , 0.050 , 22.32 , 254.84
2077 , 10236 , 218.53 , -72.6 , 34 , 24.71 , 1.201 , 0.055 , 22.39 , 254.77
2087 , 10278 , 216.98 , -72.2 , 34 , 24.65 , 1.637 , 0.075 , 22.47 , 254.69
2097 , 10322 , 215.37 , -71.8 , 36 , 24.58 , 1.854 , 0.086 , 22.57 , 254.59
2107 , 10374 , 213.50 , -71.1 , 37 , 24.53 , 2.199 , 0.103 , 22.71 , 254.45
2117 , 10422 , 211.76 , -71.3 , 38 , 24.46 , 2.459 , 0.116 , 22.86 , 254.30
2127 , 10462 , 210.34 , -71.5 , 38 , 24.39 , 2.579 , 0.123 , 23.00 , 254.17
2137 , 10503 , 208.88 , -71.7 , 37 , 24.32 , 2.595 , 0.124 , 23.14 , 254.02
2147 , 10544 , 207.42 , -71.5 , 37 , 24.25 , 2.734 , 0.132 , 23.29 , 253.88
2157 , 10586 , 205.96 , -71.1 , 37 , 24.18 , 3.132 , 0.152 , 23.45 , 253.71
2167 , 10629 , 204.46 , -70.9 , 37 , 24.11 , 3.413 , 0.167 , 23.64 , 253.52
2177 , 10673 , 202.94 , -71.1 , 36 , 24.04 , 3.431 , 0.169 , 23.84 , 253.32
2187 , 10716 , 201.49 , -71.4 , 36 , 23.98 , 3.348 , 0.166 , 24.03 , 253.13
2196 , 10752 , 200.25 , -71.7 , 36 , 23.91 , 3.253 , 0.162 , 24.19 , 252.97
2206 , 10785 , 199.12 , -71.8 , 36 , 23.85 , 3.202 , 0.161 , 24.34 , 252.83
2216 , 10824 , 197.83 , -71.7 , 36 , 23.78 , 3.214 , 0.162 , 24.50 , 252.66
2226 , 10863 , 196.52 , -71.7 , 35 , 23.72 , 3.287 , 0.167 , 24.67 , 252.49
2236 , 10905 , 195.13 , -71.5 , 35 , 23.66 , 3.378 , 0.173 , 24.86 , 252.30
2246 , 10948 , 193.72 , -71.4 , 35 , 23.59 , 3.533 , 0.182 , 25.05 , 252.11
2256 , 10989 , 192.35 , -71.4 , 34 , 23.52 , 3.754 , 0.195 , 25.26 , 251.90
2266 , 11031 , 190.99 , -71.6 , 33 , 23.45 , 3.931 , 0.206 , 25.47 , 251.69
2276 , 11070 , 189.74 , -71.7 , 32 , 23.38 , 4.017 , 0.212 , 25.68 , 251.48
2286 , 11111 , 188.43 , -71.4 , 31 , 23.32 , 4.116 , 0.218 , 25.90 , 251.26
2296 , 11149 , 187.23 , -71.2 , 31 , 23.24 , 4.177 , 0.223 , 26.11 , 251.05
2306 , 11189 , 185.96 , -71.0 , 31 , 23.17 , 4.164 , 0.224 , 26.34 , 250.83
2316 , 11242 , 184.29 , -70.6 , 30 , 23.10 , 4.427 , 0.240 , 26.64 , 250.52
2326 , 11288 , 182.87 , -70.8 , 29 , 23.03 , 4.771 , 0.261 , 26.92 , 250.24
2336 , 11329 , 181.62 , -71.1 , 29 , 22.96 , 5.036 , 0.277 , 27.19 , 249.97
2346 , 11370 , 180.35 , -71.2 , 28 , 22.88 , 5.199 , 0.288 , 27.47 , 249.69
2356 , 11413 , 179.05 , -71.2 , 27 , 22.81 , 5.318 , 0.297 , 27.77 , 249.39
2366 , 11454 , 177.81 , -71.3 , 26 , 22.74 , 5.427 , 0.305 , 28.06 , 249.10
2376 , 11494 , 176.62 , -71.2 , 26 , 22.67 , 5.506 , 0.312 , 28.36 , 248.80
2386 , 11533 , 175.46 , -71.1 , 25 , 22.61 , 5.554 , 0.317 , 28.64 , 248.52
2396 , 11573 , 174.27 , -71.1 , 24 , 22.53 , 5.625 , 0.323 , 28.94 , 248.22
2406 , 11613 , 173.11 , -71.2 , 24 , 22.46 , 5.677 , 0.328 , 29.24 , 247.92
2416 , 11651 , 171.99 , -71.3 , 23 , 22.39 , 5.716 , 0.332 , 29.53 , 247.63
2425 , 11690 , 170.86 , -71.5 , 23 , 22.33 , 5.762 , 0.337 , 29.83 , 247.33
2435 , 11728 , 169.76 , -71.7 , 23 , 22.26 , 5.810 , 0.342 , 30.13 , 247.03
2445 , 11766 , 168.66 , -71.3 , 22 , 22.19 , 5.887 , 0.349 , 30.43 , 246.73
2455 , 11805 , 167.55 , -70.9 , 22 , 22.12 , 5.954 , 0.355 , 30.73 , 246.43
2465 , 11845 , 166.43 , -70.9 , 21 , 22.06 , 6.090 , 0.366 , 31.05 , 246.11
2475 , 11891 , 165.14 , -70.8 , 21 , 21.99 , 6.235 , 0.378 , 31.43 , 245.73
2485 , 11936 , 163.90 , -70.8 , 20 , 21.93 , 6.352 , 0.388 , 31.81 , 245.35
2494 , 11974 , 162.84 , -71.0 , 20 , 21.86 , 6.452 , 0.396 , 32.14 , 245.03
2503 , 12011 , 161.83 , -71.1 , 19 , 21.80 , 6.548 , 0.405 , 32.45 , 244.71
2513 , 12052 , 160.72 , -71.2 , 19 , 21.74 , 6.636 , 0.413 , 32.81 , 244.35
2523 , 12094 , 159.57 , -71.5 , 19 , 21.69 , 6.742 , 0.423 , 33.19 , 243.97
2533 , 12137 , 158.41 , -71.6 , 18 , 21.62 , 6.761 , 0.427 , 33.58 , 243.58
2543 , 12184 , 157.16 , -71.7 , 18 , 21.57 , 6.656 , 0.424 , 34.00 , 243.16
2553 , 12228 , 155.99 , -72.0 , 18 , 21.51 , 6.474 , 0.415 , 34.39 , 242.77
2563 , 12271 , 154.85 , -72.2 , 18 , 21.44 , 6.377 , 0.412 , 34.76 , 242.40
2573 , 12311 , 153.80 , -72.3 , 17 , 21.38 , 6.256 , 0.407 , 35.10 , 242.06
2583 , 12350 , 152.79 , -72.1 , 17 , 21.31 , 6.233 , 0.408 , 35.42 , 241.74
2593 , 12389 , 151.79 , -72.2 , 17 , 21.25 , 6.492 , 0.428 , 35.75 , 241.41
2603 , 12428 , 150.78 , -72.3 , 17 , 21.18 , 6.781 , 0.450 , 36.10 , 241.06
2613 , 12467 , 149.77 , -72.2 , 17 , 21.12 , 7.022 , 0.469 , 36.47 , 240.69
2623 , 12506 , 148.80 , -72.0 , 17 , 21.07 , 7.237 , 0.486 , 36.83 , 240.33
2633 , 12544 , 147.84 , -72.1 , 17 , 21.01 , 7.386 , 0.500 , 37.21 , 239.96
2643 , 12582 , 146.88 , -72.4 , 17 , 20.95 , 7.631 , 0.520 , 37.59 , 239.57
2653 , 12620 , 145.94 , -72.5 , 16 , 20.88 , 7.710 , 0.528 , 37.98 , 239.18
2663 , 12659 , 144.98 , -72.6 , 16 , 20.82 , 7.725 , 0.533 , 38.38 , 238.78
2673 , 12696 , 144.04 , -72.8 , 16 , 20.76 , 7.852 , 0.545 , 38.78 , 238.38
2683 , 12734 , 143.12 , -72.8 , 16 , 20.70 , 7.818 , 0.546 , 39.18 , 237.98
2693 , 12771 , 142.22 , -72.6 , 16 , 20.64 , 7.774 , 0.547 , 39.57 , 237.59
2703 , 12810 , 141.28 , -72.5 , 16 , 20.58 , 7.691 , 0.544 , 39.97 , 237.19
2713 , 12851 , 140.30 , -72.5 , 16 , 20.52 , 7.861 , 0.560 , 40.40 , 236.76
2723 , 12892 , 139.33 , -72.5 , 16 , 20.45 , 8.098 , 0.581 , 40.84 , 236.32
2733 , 12931 , 138.41 , -72.7 , 16 , 20.39 , 8.381 , 0.606 , 41.27 , 235.89
2743 , 12972 , 137.45 , -72.8 , 16 , 20.33 , 8.390 , 0.610 , 41.73 , 235.43
2753 , 13015 , 136.42 , -72.8 , 16 , 20.26 , 8.460 , 0.620 , 42.23 , 234.93
2762 , 13053 , 135.55 , -73.0 , 16 , 20.20 , 8.619 , 0.636 , 42.66 , 234.50
2772 , 13092 , 134.65 , -73.0 , 16 , 20.14 , 8.776 , 0.652 , 43.11 , 234.05
2782 , 13133 , 133.71 , -73.0 , 16 , 20.08 , 8.927 , 0.668 , 43.61 , 233.55
2792 , 13179 , 132.66 , -72.9 , 16 , 20.02 , 8.867 , 0.668 , 44.16 , 233.00
2802 , 13224 , 131.64 , -73.0 , 16 , 19.96 , 9.042 , 0.687 , 44.70 , 232.46
2812 , 13268 , 130.66 , -72.8 , 16 , 19.90 , 9.057 , 0.693 , 45.24 , 231.92
2822 , 13313 , 129.68 , -72.9 , 16 , 19.84 , 8.994 , 0.694 , 45.77 , 231.39
2831 , 13353 , 128.79 , -72.9 , 16 , 19.78 , 8.877 , 0.689 , 46.26 , 230.90
2841 , 13394 , 127.90 , -73.0 , 16 , 19.73 , 8.776 , 0.686 , 46.74 , 230.42
2851 , 13436 , 126.99 , -73.0 , 16 , 19.67 , 8.825 , 0.695 , 47.24 , 229.92
2861 , 13481 , 126.01 , -73.2 , 16 , 19.61 , 9.120 , 0.724 , 47.79 , 229.37
2871 , 13524 , 125.08 , -73.4 , 16 , 19.55 , 9.456 , 0.756 , 48.33 , 228.83
2881 , 13569 , 124.13 , -73.4 , 16 , 19.49 , 9.747 , 0.785 , 48.91 , 228.25
2891 , 13612 , 123.22 , -73.7 , 16 , 19.44 , 9.862 , 0.800 , 49.48 , 227.68
2901 , 13651 , 122.39 , -73.9 , 16 , 19.38 , 9.967 , 0.814 , 50.01 , 227.15
2910 , 13691 , 121.56 , -74.0 , 16 , 19.32 , 10.024 , 0.825 , 50.55 , 226.62
2920 , 13731 , 120.73 , -74.1 , 16 , 19.26 , 10.357 , 0.858 , 51.10 , 226.06
2930 , 13773 , 119.86 , -74.0 , 16 , 19.20 , 11.045 , 0.921 , 51.70 , 225.46
2940 , 13813 , 119.04 , -74.2 , 16 , 19.14 , 11.438 , 0.961 , 52.31 , 224.85
2950 , 13853 , 118.23 , -74.4 , 16 , 19.08 , 11.695 , 0.989 , 52.94 , 224.22
2960 , 13894 , 117.39 , -74.7 , 16 , 19.03 , 11.915 , 1.015 , 53.60 , 223.56
2970 , 13937 , 116.53 , -74.9 , 16 , 18.97 , 12.224 , 1.049 , 54.30 , 222.86
2980 , 13977 , 115.72 , -75.0 , 16 , 18.91 , 12.673 , 1.095 , 54.99 , 222.17
2990 , 14019 , 114.89 , -74.7 , 16 , 18.85 , 13.308 , 1.158 , 55.72 , 221.44
3000 , 14058 , 114.11 , -74.8 , 17 , 18.80 , 14.019 , 1.228 , 56.46 , 220.71
3010 , 14098 , 113.35 , -74.9 , 17 , 18.74 , 14.492 , 1.279 , 57.22 , 219.95
3020 , 14136 , 112.59 , -75.0 , 17 , 18.68 , 14.755 , 1.311 , 57.99 , 219.17
3030 , 14177 , 111.80 , -75.2 , 17 , 18.63 , 14.938 , 1.336 , 58.81 , 218.35
3040 , 14216 , 111.06 , -75.2 , 17 , 18.57 , 15.017 , 1.352 , 59.60 , 217.56
3050 , 14257 , 110.27 , -75.0 , 17 , 18.51 , 15.342 , 1.391 , 60.46 , 216.70
3060 , 14298 , 109.49 , -75.1 , 17 , 18.46 , 15.157 , 1.384 , 61.31 , 215.85
3070 , 14341 , 108.69 , -75.3 , 18 , 18.40 , 14.691 , 1.352 , 62.18 , 214.98
3080 , 14382 , 107.92 , -75.5 , 18 , 18.35 , 14.346 , 1.329 , 62.99 , 214.17
3090 , 14424 , 107.14 , -75.5 , 18 , 18.29 , 13.815 , 1.289 , 63.80 , 213.36
3099 , 14465 , 106.38 , -75.5 , 18 , 18.24 , 13.026 , 1.224 , 64.55 , 212.62
3109 , 14505 , 105.64 , -75.6 , 18 , 18.19 , 12.481 , 1.181 , 65.25 , 211.91
3119 , 14546 , 104.89 , -75.5 , 18 , 18.13 , 11.938 , 1.138 , 65.93 , 211.23
3129 , 14588 , 104.14 , -75.6 , 18 , 18.08 , 11.628 , 1.117 , 66.60 , 210.56
3138 , 14629 , 103.41 , -75.6 , 18 , 18.02 , 11.769 , 1.138 , 67.25 , 209.91
3147 , 14667 , 102.73 , -75.5 , 18 , 17.98 , 12.271 , 1.194 , 67.88 , 209.29
3157 , 14707 , 102.03 , -75.5 , 18 , 17.93 , 12.879 , 1.262 , 68.56 , 208.60
3167 , 14751 , 101.25 , -75.5 , 18 , 17.87 , 13.173 , 1.301 , 69.34 , 207.82
3177 , 14796 , 100.46 , -75.8 , 18 , 17.82 , 12.918 , 1.286 , 70.15 , 207.01
3187 , 14844 , 99.63 , -76.2 , 18 , 17.76 , 12.796 , 1.284 , 70.99 , 206.17
3197 , 14887 , 98.89 , -76.5 , 18 , 17.71 , 12.633 , 1.277 , 71.74 , 205.42
3207 , 14930 , 98.16 , -76.8 , 18 , 17.66 , 12.450 , 1.268 , 72.48 , 204.68
3217 , 14975 , 97.39 , -77.1 , 18 , 17.61 , 12.463 , 1.280 , 73.24 , 203.92
3227 , 15016 , 96.69 , -76.9 , 18 , 17.55 , 12.864 , 1.330 , 73.97 , 203.19
3237 , 15057 , 96.01 , -76.9 , 19 , 17.50 , 13.613 , 1.418 , 74.71 , 202.45
3247 , 15096 , 95.35 , -77.0 , 19 , 17.44 , 14.490 , 1.520 , 75.47 , 201.69
3257 , 15135 , 94.71 , -76.9 , 19 , 17.39 , 15.072 , 1.591 , 76.25 , 200.91
3267 , 15172 , 94.10 , -76.9 , 19 , 17.34 , 15.405 , 1.637 , 77.04 , 200.12
3277 , 15212 , 93.46 , -76.8 , 19 , 17.28 , 15.581 , 1.667 , 77.87 , 199.29
3287 , 15251 , 92.82 , -77.0 , 19 , 17.23 , 15.499 , 1.670 , 78.72 , 198.44
3297 , 15291 , 92.17 , -77.1 , 19 , 17.18 , 15.438 , 1.675 , 79.57 , 197.59
3307 , 15331 , 91.53 , -77.2 , 19 , 17.12 , 15.429 , 1.686 , 80.41 , 196.75
3317 , 15370 , 90.91 , -77.3 , 19 , 17.07 , 15.410 , 1.695 , 81.25 , 195.91
3327 , 15408 , 90.31 , -77.3 , 19 , 17.02 , 15.318 , 1.696 , 82.04 , 195.12
3337 , 15447 , 89.71 , -77.5 , 19 , 16.97 , 15.434 , 1.720 , 82.86 , 194.30
3347 , 15483 , 89.13 , -77.6 , 19 , 16.91 , 15.496 , 1.739 , 83.65 , 193.51
3357 , 15521 , 88.54 , -77.6 , 19 , 16.86 , 15.669 , 1.770 , 84.46 , 192.70
3367 , 15557 , 87.98 , -77.5 , 19 , 16.81 , 15.883 , 1.805 , 85.25 , 191.91
3377 , 15595 , 87.40 , -77.6 , 19 , 16.76 , 15.903 , 1.819 , 86.08 , 191.08
3387 , 15632 , 86.85 , -77.6 , 19 , 16.71 , 15.940 , 1.835 , 86.88 , 190.28
3397 , 15670 , 86.28 , -77.5 , 19 , 16.66 , 15.952 , 1.849 , 87.71 , 189.45
3407 , 15709 , 85.69 , -77.6 , 19 , 16.60 , 15.987 , 1.866 , 88.57 , 188.59
3417 , 15747 , 85.12 , -77.8 , 19 , 16.55 , 16.090 , 1.890 , 89.41 , 187.75
3427 , 15786 , 84.55 , -78.1 , 19 , 16.50 , 16.113 , 1.906 , 90.28 , 186.88
3436 , 15822 , 84.01 , -78.3 , 19 , 16.45 , 16.026 , 1.908 , 91.08 , 186.08
3446 , 15861 , 83.44 , -78.4 , 19 , 16.40 , 15.995 , 1.917 , 91.95 , 185.21
3456 , 15903 , 82.83 , -78.6 , 19 , 16.36 , 15.922 , 1.922 , 92.87 , 184.29
3466 , 15946 , 82.20 , -78.8 , 19 , 16.31 , 15.784 , 1.920 , 93.83 , 183.33
3475 , 15986 , 81.62 , -78.7 , 19 , 16.25 , 15.860 , 1.943 , 94.70 , 182.46
3485 , 16025 , 81.07 , -78.5 , 19 , 16.21 , 15.931 , 1.965 , 95.55 , 181.61
3495 , 16065 , 80.50 , -78.5 , 19 , 16.15 , 16.031 , 1.992 , 96.45 , 180.71
3505 , 16109 , 79.88 , -78.6 , 19 , 16.10 , 16.068 , 2.012 , 97.43 , 179.73
3515 , 16152 , 79.28 , -78.8 , 19 , 16.05 , 16.248 , 2.049 , 98.39 , 178.77
3525 , 16194 , 78.69 , -79.1 , 19 , 16.00 , 16.313 , 2.073 , 99.34 , 177.82
3535 , 16236 , 78.12 , -78.9 , 19 , 15.95 , 16.252 , 2.080 , 100.29 , 176.87
3544 , 16277 , 77.55 , -78.9 , 19 , 15.90 , 16.297 , 2.101 , 101.22 , 175.94
3554 , 16319 , 76.99 , -79.1 , 19 , 15.86 , 16.285 , 2.115 , 102.15 , 175.01
3564 , 16362 , 76.40 , -79.0 , 19 , 15.80 , 16.408 , 2.148 , 103.15 , 174.01
3574 , 16408 , 75.78 , -79.1 , 19 , 15.75 , 16.365 , 2.159 , 104.19 , 172.97
3584 , 16452 , 75.21 , -79.2 , 20 , 15.70 , 16.402 , 2.181 , 105.18 , 171.98
3594 , 16495 , 74.64 , -79.0 , 20 , 15.65 , 16.456 , 2.205 , 106.16 , 171.00
3604 , 16538 , 74.08 , -78.9 , 20 , 15.60 , 16.457 , 2.222 , 107.15 , 170.01
3614 , 16580 , 73.53 , -79.0 , 20 , 15.55 , 16.475 , 2.241 , 108.12 , 169.04
3624 , 16619 , 73.02 , -79.2 , 20 , 15.50 , 16.542 , 2.265 , 109.02 , 168.15
3634 , 16660 , 72.49 , -79.6 , 20 , 15.45 , 16.514 , 2.278 , 109.96 , 167.20
3644 , 16700 , 71.99 , -79.8 , 20 , 15.40 , 16.409 , 2.279 , 110.86 , 166.30
3654 , 16738 , 71.50 , -80.0 , 20 , 15.36 , 16.423 , 2.297 , 111.75 , 165.41
3664 , 16777 , 71.01 , -80.2 , 20 , 15.30 , 16.312 , 2.297 , 112.63 , 164.53
3674 , 16815 , 70.54 , -80.1 , 20 , 15.26 , 16.273 , 2.307 , 113.49 , 163.67
3684 , 16852 , 70.07 , -80.1 , 21 , 15.21 , 16.255 , 2.320 , 114.34 , 162.82
3694 , 16893 , 69.58 , -80.1 , 21 , 15.16 , 16.238 , 2.334 , 115.26 , 161.90
3704 , 16930 , 69.12 , -80.2 , 21 , 15.11 , 16.158 , 2.338 , 116.09 , 161.07
3714 , 16968 , 68.65 , -80.1 , 21 , 15.06 , 16.225 , 2.363 , 116.96 , 160.20
3724 , 17007 , 68.18 , -80.1 , 21 , 15.01 , 16.232 , 2.381 , 117.86 , 159.30
3734 , 17051 , 67.65 , -80.3 , 21 , 14.96 , 16.152 , 2.388 , 118.85 , 158.31
3744 , 17091 , 67.17 , -80.5 , 21 , 14.91 , 16.116 , 2.399 , 119.75 , 157.41
3754 , 17130 , 66.72 , -80.7 , 21 , 14.87 , 16.060 , 2.407 , 120.61 , 156.55
3764 , 17168 , 66.26 , -80.5 , 21 , 14.82 , 15.981 , 2.412 , 121.48 , 155.68
3773 , 17206 , 65.82 , -80.5 , 21 , 14.77 , 16.001 , 2.431 , 122.32 , 154.84
3782 , 17242 , 65.40 , -80.5 , 21 , 14.73 , 16.013 , 2.448 , 123.12 , 154.04
3791 , 17277 , 65.00 , -80.7 , 21 , 14.69 , 16.002 , 2.462 , 123.91 , 153.25
3801 , 17315 , 64.55 , -80.7 , 21 , 14.64 , 15.911 , 2.465 , 124.78 , 152.39
3811 , 17355 , 64.10 , -80.7 , 22 , 14.59 , 15.821 , 2.468 , 125.66 , 151.50
3821 , 17397 , 63.63 , -81.0 , 22 , 14.55 , 15.825 , 2.487 , 126.58 , 150.58
3831 , 17437 , 63.17 , -81.1 , 22 , 14.50 , 15.797 , 2.501 , 127.48 , 149.68
3841 , 17478 , 62.72 , -81.1 , 22 , 14.45 , 15.701 , 2.503 , 128.37 , 148.79
3851 , 17522 , 62.23 , -81.0 , 22 , 14.40 , 15.693 , 2.522 , 129.34 , 147.82
3861 , 17567 , 61.73 , -81.2 , 22 , 14.35 , 15.713 , 2.545 , 130.34 , 146.82
3871 , 17612 , 61.24 , -81.5 , 22 , 14.30 , 15.650 , 2.556 , 131.33 , 145.83
3881 , 17655 , 60.76 , -81.7 , 22 , 14.26 , 15.623 , 2.571 , 132.29 , 144.87
3891 , 17697 , 60.32 , -81.8 , 22 , 14.21 , 15.492 , 2.568 , 133.19 , 143.97
3901 , 17740 , 59.85 , -81.8 , 22 , 14.16 , 15.411 , 2.575 , 134.14 , 143.02
3911 , 17787 , 59.35 , -81.5 , 22 , 14.11 , 15.348 , 2.586 , 135.16 , 142.00
3921 , 17832 , 58.87 , -81.8 , 22 , 14.06 , 15.274 , 2.594 , 136.13 , 141.03
3931 , 17876 , 58.41 , -82.0 , 23 , 14.02 , 15.295 , 2.618 , 137.08 , 140.08
3941 , 17924 , 57.92 , -82.3 , 23 , 13.97 , 15.274 , 2.637 , 138.10 , 139.06
3951 , 17968 , 57.46 , -82.7 , 23 , 13.92 , 15.152 , 2.637 , 139.06 , 138.10
3961 , 18013 , 57.00 , -82.7 , 23 , 13.87 , 15.207 , 2.668 , 140.02 , 137.14
3971 , 18058 , 56.54 , -82.4 , 23 , 13.83 , 15.095 , 2.669 , 140.99 , 136.18
3981 , 18106 , 56.05 , -82.5 , 23 , 13.78 , 15.121 , 2.697 , 142.02 , 135.14
3991 , 18153 , 55.58 , -82.4 , 23 , 13.73 , 15.144 , 2.725 , 143.03 , 134.13
4001 , 18204 , 55.08 , -82.2 , 23 , 13.68 , 15.068 , 2.736 , 144.11 , 133.05
4011 , 18252 , 54.61 , -82.3 , 23 , 13.63 , 15.135 , 2.771 , 145.13 , 132.03
4021 , 18299 , 54.16 , -82.3 , 23 , 13.58 , 15.077 , 2.784 , 146.12 , 131.04
4031 , 18344 , 53.72 , -82.5 , 23 , 13.53 , 14.840 , 2.762 , 147.08 , 130.08
4041 , 18392 , 53.26 , -82.7 , 23 , 13.48 , 14.733 , 2.766 , 148.08 , 129.08
4051 , 18440 , 52.80 , -82.5 , 23 , 13.43 , 14.776 , 2.798 , 149.10 , 128.06
4061 , 18485 , 52.38 , -82.5 , 23 , 13.38 , 14.694 , 2.805 , 150.02 , 127.14
4070 , 18529 , 51.97 , -82.8 , 23 , 13.34 , 14.638 , 2.817 , 150.94 , 126.22
4080 , 18570 , 51.59 , -83.1 , 23 , 13.29 , 14.633 , 2.837 , 151.79 , 125.37
4090 , 18610 , 51.21 , -83.1 , 23 , 13.24 , 14.606 , 2.852 , 152.63 , 124.53
4100 , 18651 , 50.84 , -82.7 , 23 , 13.19 , 14.613 , 2.875 , 153.48 , 123.68
4109 , 18691 , 50.48 , -82.5 , 23 , 13.14 , 14.657 , 2.904 , 154.30 , 122.86
4118 , 18728 , 50.15 , -82.2 , 23 , 13.09 , 14.819 , 2.955 , 155.07 , 122.09
4128 , 18766 , 49.80 , -82.2 , 23 , 13.05 , 14.946 , 3.001 , 155.87 , 121.29
4138 , 18805 , 49.46 , -82.4 , 23 , 12.99 , 14.999 , 3.033 , 156.69 , 120.47
4148 , 18847 , 49.09 , -82.6 , 23 , 12.94 , 15.139 , 3.084 , 157.58 , 119.58
4158 , 18888 , 48.72 , -82.6 , 23 , 12.89 , 15.195 , 3.118 , 158.48 , 118.68
4168 , 18933 , 48.34 , -82.5 , 22 , 12.85 , 15.118 , 3.127 , 159.42 , 117.74
4178 , 18974 , 47.98 , -82.3 , 22 , 12.79 , 14.952 , 3.116 , 160.30 , 116.86
4188 , 19013 , 47.65 , -82.0 , 22 , 12.74 , 14.920 , 3.131 , 161.14 , 116.03
4198 , 19055 , 47.29 , -82.1 , 22 , 12.69 , 14.646 , 3.097 , 162.01 , 115.15
4208 , 19097 , 46.94 , -82.1 , 22 , 12.65 , 14.401 , 3.068 , 162.85 , 114.31
4218 , 19138 , 46.60 , -82.0 , 22 , 12.59 , 14.063 , 3.018 , 163.69 , 113.48
4228 , 19179 , 46.26 , -82.1 , 22 , 12.54 , 13.883 , 3.001 , 164.49 , 112.67
4238 , 19222 , 45.90 , -82.0 , 22 , 12.49 , 13.651 , 2.974 , 165.33 , 111.83
4248 , 19266 , 45.55 , -81.7 , 22 , 12.44 , 13.592 , 2.984 , 166.17 , 110.99
4258 , 19308 , 45.20 , -81.6 , 22 , 12.39 , 13.609 , 3.011 , 166.98 , 110.18
4268 , 19354 , 44.84 , -81.8 , 22 , 12.33 , 13.726 , 3.061 , 167.86 , 109.30
4278 , 19398 , 44.49 , -82.0 , 22 , 12.28 , 13.917 , 3.128 , 168.71 , 108.45
4288 , 19444 , 44.12 , -82.3 , 22 , 12.23 , 13.973 , 3.167 , 169.62 , 107.54
4298 , 19487 , 43.78 , -82.4 , 22 , 12.18 , 14.079 , 3.216 , 170.49 , 106.67
4308 , 19532 , 43.43 , -82.5 , 22 , 12.12 , 14.251 , 3.281 , 171.38 , 105.78
4318 , 19578 , 43.07 , -82.8 , 22 , 12.07 , 14.293 , 3.318 , 172.31 , 104.85
4328 , 19624 , 42.72 , -83.1 , 21 , 12.02 , 14.224 , 3.330 , 173.24 , 103.92
4338 , 19665 , 42.40 , -83.0 , 21 , 11.97 , 14.116 , 3.329 , 174.07 , 103.09
4348 , 19711 , 42.06 , -83.0 , 21 , 11.92 , 13.845 , 3.292 , 174.97 , 102.19
4358 , 19758 , 41.70 , -83.1 , 21 , 11.86 , 13.546 , 3.248 , 175.88 , 101.28
4368 , 19805 , 41.35 , -83.2 , 21 , 11.81 , 13.358 , 3.230 , 176.78 , 100.38
4378 , 19849 , 41.02 , -83.2 , 21 , 11.76 , 13.169 , 3.210 , 177.62 , 99.54
4388 , 19893 , 40.70 , -82.9 , 21 , 11.71 , 13.044 , 3.205 , 178.44 , 98.72
4398 , 19940 , 40.36 , -82.7 , 21 , 11.65 , 12.966 , 3.213 , 179.31 , 97.85
4408 , 19987 , 40.02 , -82.9 , 21 , 11.60 , 12.973 , 3.242 , 180.17 , 96.99
4418 , 20035 , 39.68 , -82.9 , 21 , 11.54 , 12.986 , 3.273 , 181.04 , 96.12
4428 , 20084 , 39.33 , -83.3 , 21 , 11.49 , 12.933 , 3.288 , 181.94 , 95.22
4437 , 20130 , 39.01 , -83.5 , 21 , 11.44 , 12.956 , 3.322 , 182.78 , 94.38
4447 , 20177 , 38.67 , -83.6 , 21 , 11.39 , 12.909 , 3.338 , 183.66 , 93.50
4457 , 20229 , 38.32 , -83.7 , 21 , 11.33 , 12.833 , 3.349 , 184.60 , 92.56
4467 , 20278 , 37.98 , -83.8 , 21 , 11.28 , 12.947 , 3.409 , 185.50 , 91.66
4477 , 20327 , 37.64 , -83.7 , 21 , 11.22 , 12.992 , 3.451 , 186.41 , 90.75
4487 , 20376 , 37.31 , -83.6 , 21 , 11.16 , 12.967 , 3.475 , 187.32 , 89.84
4497 , 20425 , 36.98 , -83.6 , 21 , 11.11 , 12.997 , 3.514 , 188.22 , 88.94
4507 , 20475 , 36.65 , -83.7 , 21 , 11.05 , 12.961 , 3.536 , 189.14 , 88.02
4517 , 20524 , 36.33 , -83.4 , 21 , 11.00 , 12.977 , 3.572 , 190.04 , 87.12
4527 , 20571 , 36.02 , -83.3 , 21 , 10.94 , 13.086 , 3.633 , 190.92 , 86.24
4537 , 20616 , 35.74 , -83.1 , 21 , 10.88 , 13.064 , 3.656 , 191.74 , 85.42
4547 , 20664 , 35.43 , -83.2 , 21 , 10.83 , 12.994 , 3.668 , 192.64 , 84.52
4557 , 20712 , 35.12 , -83.4 , 21 , 10.77 , 12.935 , 3.683 , 193.52 , 83.64
4567 , 20757 , 34.84 , -83.5 , 21 , 10.72 , 12.894 , 3.701 , 194.34 , 82.82
4577 , 20803 , 34.55 , -83.6 , 21 , 10.66 , 12.872 , 3.726 , 195.19 , 81.97
4587 , 20847 , 34.28 , -83.4 , 20 , 10.61 , 12.692 , 3.703 , 195.99 , 81.17
4596 , 20892 , 34.00 , -83.6 , 20 , 10.55 , 12.438 , 3.658 , 196.80 , 80.36
4606 , 20935 , 33.74 , -83.9 , 20 , 10.50 , 12.234 , 3.626 , 197.56 , 79.60
4616 , 20980 , 33.46 , -84.3 , 20 , 10.44 , 11.863 , 3.545 , 198.33 , 78.83
4626 , 21024 , 33.20 , -84.2 , 20 , 10.39 , 11.687 , 3.520 , 199.06 , 78.10
4635 , 21069 , 32.93 , -84.1 , 20 , 10.33 , 11.407 , 3.463 , 199.80 , 77.36
4645 , 21114 , 32.66 , -84.1 , 20 , 10.28 , 11.091 , 3.396 , 200.53 , 76.63
4656 , 21162 , 32.38 , -83.9 , 20 , 10.22 , 10.839 , 3.347 , 201.28 , 75.88
4666 , 21211 , 32.10 , -83.6 , 20 , 10.17 , 10.578 , 3.296 , 202.02 , 75.14
4676 , 21261 , 31.81 , -83.6 , 20 , 10.11 , 10.386 , 3.265 , 202.76 , 74.40
4686 , 21309 , 31.54 , -83.9 , 20 , 10.05 , 10.196 , 3.233 , 203.47 , 73.70
4696 , 21356 , 31.27 , -84.3 , 20 , 10.00 , 10.045 , 3.212 , 204.15 , 73.01
4706 , 21405 , 30.99 , -84.6 , 20 , 9.95 , 9.952 , 3.211 , 204.85 , 72.31
4716 , 21455 , 30.71 , -84.6 , 20 , 9.90 , 9.852 , 3.208 , 205.56 , 71.60
4726 , 21504 , 30.44 , -84.5 , 20 , 9.85 , 9.728 , 3.196 , 206.25 , 70.91
4736 , 21554 , 30.17 , -84.8 , 20 , 9.79 , 9.656 , 3.201 , 206.94 , 70.22
4746 , 21608 , 29.87 , -84.8 , 20 , 9.75 , 9.507 , 3.183 , 207.68 , 69.48
4756 , 21663 , 29.57 , -84.8 , 20 , 9.69 , 9.439 , 3.192 , 208.43 , 68.73
4766 , 21715 , 29.30 , -84.9 , 20 , 9.64 , 9.318 , 3.180 , 209.12 , 68.04
4775 , 21763 , 29.04 , -85.3 , 20 , 9.59 , 9.220 , 3.175 , 209.76 , 67.40
4785 , 21811 , 28.79 , -85.4 , 20 , 9.55 , 9.068 , 3.149 , 210.38 , 66.78
4795 , 21864 , 28.52 , -85.3 , 20 , 9.50 , 8.994 , 3.154 , 211.08 , 66.09
4805 , 21918 , 28.24 , -85.5 , 20 , 9.45 , 8.943 , 3.167 , 211.77 , 65.39
4815 , 21971 , 27.96 , -85.7 , 20 , 9.40 , 8.909 , 3.186 , 212.46 , 64.71
4825 , 22022 , 27.71 , -85.4 , 20 , 9.35 , 8.847 , 3.193 , 213.10 , 64.06
4835 , 22073 , 27.45 , -85.4 , 20 , 9.30 , 8.719 , 3.176 , 213.75 , 63.41
4845 , 22126 , 27.19 , -85.3 , 20 , 9.25 , 8.565 , 3.150 , 214.41 , 62.75
4855 , 22180 , 26.92 , -85.3 , 20 , 9.21 , 8.405 , 3.122 , 215.06 , 62.10
4865 , 22231 , 26.68 , -85.2 , 20 , 9.16 , 8.259 , 3.096 , 215.67 , 61.49
4875 , 22282 , 26.43 , -85.2 , 20 , 9.11 , 8.074 , 3.055 , 216.27 , 60.89
4885 , 22328 , 26.21 , -85.4 , 20 , 9.07 , 7.926 , 3.024 , 216.80 , 60.37
4895 , 22374 , 25.99 , -85.4 , 20 , 9.02 , 7.766 , 2.988 , 217.32 , 59.84
4905 , 22421 , 25.77 , -85.3 , 20 , 8.98 , 7.572 , 2.939 , 217.83 , 59.33
4915 , 22467 , 25.55 , -85.3 , 20 , 8.93 , 7.494 , 2.933 , 218.34 , 58.83
4925 , 22516 , 25.33 , -84.9 , 20 , 8.90 , 7.406 , 2.924 , 218.85 , 58.31
4935 , 22562 , 25.12 , -84.7 , 20 , 8.86 , 7.272 , 2.895 , 219.34 , 57.82
4945 , 22604 , 24.92 , -85.0 , 20 , 8.82 , 7.196 , 2.887 , 219.78 , 57.38
4955 , 22647 , 24.73 , -85.3 , 20 , 8.79 , 7.165 , 2.897 , 220.22 , 56.94
4965 , 22693 , 24.52 , -84.7 , 20 , 8.75 , 7.052 , 2.875 , 220.69 , 56.47
4974 , 22734 , 24.34 , -84.3 , 20 , 8.73 , 7.040 , 2.892 , 221.10 , 56.06
4984 , 22779 , 24.15 , -84.4 , 20 , 8.70 , 7.063 , 2.925 , 221.55 , 55.61
4994 , 22823 , 23.96 , -84.1 , 20 , 8.66 , 7.155 , 2.987 , 221.99 , 55.17
5004 , 22870 , 23.75 , -84.1 , 20 , 8.63 , 7.373 , 3.104 , 222.48 , 54.68
5014 , 22914 , 23.56 , -84.2 , 20 , 8.60 , 7.464 , 3.167 , 222.95 , 54.21
5024 , 22962 , 23.36 , -84.2 , 20 , 8.56 , 7.480 , 3.202 , 223.47 , 53.70
5034 , 23009 , 23.16 , -84.4 , 20 , 8.53 , 7.499 , 3.238 , 223.96 , 53.20
5044 , 23060 , 22.95 , -84.6 , 20 , 8.49 , 7.490 , 3.264 , 224.51 , 52.65
5054 , 23111 , 22.74 , -84.1 , 20 , 8.46 , 7.505 , 3.300 , 225.06 , 52.10
5064 , 23159 , 22.54 , -84.0 , 20 , 8.42 , 7.445 , 3.302 , 225.57 , 51.60
5074 , 23207 , 22.35 , -84.2 , 20 , 8.39 , 7.271 , 3.254 , 226.07 , 51.09
5084 , 23257 , 22.15 , -84.1 , 20 , 8.35 , 7.229 , 3.264 , 226.58 , 50.58
5094 , 23307 , 21.95 , -84.1 , 20 , 8.31 , 7.265 , 3.310 , 227.10 , 50.06
5103 , 23353 , 21.77 , -84.1 , 20 , 8.28 , 7.200 , 3.308 , 227.58 , 49.58
5113 , 23400 , 21.58 , -84.1 , 20 , 8.24 , 7.206 , 3.339 , 228.06 , 49.10
5123 , 23446 , 21.40 , -84.2 , 20 , 8.21 , 7.170 , 3.350 , 228.53 , 48.63
5133 , 23493 , 21.22 , -84.4 , 20 , 8.17 , 7.087 , 3.339 , 229.01 , 48.15
5143 , 23539 , 21.05 , -84.3 , 20 , 8.13 , 7.023 , 3.337 , 229.47 , 47.69
5152 , 23582 , 20.88 , -84.2 , 20 , 8.09 , 6.924 , 3.315 , 229.90 , 47.26
5163 , 23628 , 20.71 , -84.0 , 20 , 8.04 , 6.793 , 3.280 , 230.36 , 46.80
5173 , 23678 , 20.52 , -83.6 , 20 , 8.00 , 6.739 , 3.284 , 230.84 , 46.32
5183 , 23725 , 20.35 , -83.3 , 20 , 7.96 , 6.643 , 3.264 , 231.28 , 45.88
5193 , 23766 , 20.20 , -83.0 , 20 , 7.92 , 6.554 , 3.244 , 231.66 , 45.50
5203 , 23813 , 20.03 , -83.1 , 20 , 7.88 , 6.453 , 3.221 , 232.10 , 45.06
5213 , 23860 , 19.86 , -83.3 , 20 , 7.84 , 6.420 , 3.232 , 232.53 , 44.63
5223 , 23910 , 19.69 , -83.5 , 20 , 7.80 , 6.301 , 3.201 , 232.98 , 44.18
5233 , 23963 , 19.50 , -83.7 , 20 , 7.76 , 6.146 , 3.152 , 233.45 , 43.71
5243 , 24009 , 19.34 , -83.7 , 20 , 7.73 , 6.154 , 3.183 , 233.86 , 43.31
5253 , 24063 , 19.15 , -83.6 , 20 , 7.69 , 6.062 , 3.166 , 234.32 , 42.84
5263 , 24114 , 18.98 , -84.0 , 20 , 7.65 , 6.025 , 3.175 , 234.76 , 42.40
5273 , 24167 , 18.79 , -84.0 , 20 , 7.62 , 5.971 , 3.177 , 235.21 , 41.95
5283 , 24217 , 18.63 , -83.3 , 20 , 7.58 , 5.926 , 3.182 , 235.64 , 41.52
5293 , 24265 , 18.47 , -83.2 , 20 , 7.54 , 5.873 , 3.181 , 236.04 , 41.12
5303 , 24314 , 18.30 , -83.3 , 20 , 7.50 , 5.780 , 3.158 , 236.45 , 40.72
5313 , 24362 , 18.15 , -83.4 , 20 , 7.45 , 5.683 , 3.132 , 236.83 , 40.33
5323 , 24408 , 18.00 , -83.3 , 20 , 7.41 , 5.583 , 3.102 , 237.20 , 39.96
5333 , 24462 , 17.82 , -83.3 , 20 , 7.36 , 5.510 , 3.092 , 237.63 , 39.53
5343 , 24512 , 17.66 , -83.5 , 20 , 7.31 , 5.475 , 3.100 , 238.02 , 39.14
5353 , 24561 , 17.51 , -83.7 , 19 , 7.26 , 5.421 , 3.097 , 238.40 , 38.76
5363 , 24605 , 17.37 , -83.7 , 19 , 7.22 , 5.363 , 3.087 , 238.73 , 38.43
5373 , 24652 , 17.22 , -83.3 , 19 , 7.17 , 5.324 , 3.092 , 239.10 , 38.06
5383 , 24695 , 17.09 , -83.1 , 19 , 7.13 , 5.276 , 3.087 , 239.41 , 37.75
5392 , 24731 , 16.98 , -82.9 , 19 , 7.08 , 5.249 , 3.092 , 239.69 , 37.47
5402 , 24760 , 16.89 , -82.8 , 19 , 7.05 , 5.194 , 3.075 , 239.90 , 37.26
5412 , 24805 , 16.76 , -82.6 , 19 , 7.01 , 5.107 , 3.048 , 240.23 , 36.94
5421 , 24846 , 16.63 , -82.4 , 19 , 6.98 , 5.053 , 3.038 , 240.52 , 36.64
5431 , 24892 , 16.50 , -82.2 , 19 , 6.94 , 5.012 , 3.038 , 240.85 , 36.31
5440 , 24939 , 16.36 , -82.0 , 19 , 6.91 , 4.954 , 3.028 , 241.18 , 35.98
5451 , 24985 , 16.22 , -82.3 , 19 , 6.87 , 4.890 , 3.014 , 241.50 , 35.66
5461 , 25033 , 16.09 , -82.6 , 19 , 6.84 , 4.892 , 3.041 , 241.83 , 35.33
5471 , 25083 , 15.94 , -83.0 , 19 , 6.81 , 4.862 , 3.050 , 242.18 , 34.98
5481 , 25132 , 15.80 , -83.1 , 19 , 6.78 , 4.784 , 3.028 , 242.51 , 34.65
5491 , 25183 , 15.66 , -83.1 , 18 , 6.74 , 4.740 , 3.028 , 242.86 , 34.30
5500 , 25235 , 15.51 , -82.4 , 18 , 6.71 , 4.693 , 3.026 , 243.21 , 33.95
5510 , 25275 , 15.40 , -82.3 , 18 , 6.68 , 4.648 , 3.018 , 243.47 , 33.69
5520 , 25330 , 15.25 , -82.4 , 18 , 6.65 , 4.586 , 3.007 , 243.83 , 33.33
5530 , 25384 , 15.10 , -82.6 , 18 , 6.62 , 4.520 , 2.993 , 244.18 , 32.98
5540 , 25434 , 14.97 , -82.5 , 18 , 6.59 , 4.445 , 2.970 , 244.49 , 32.67
5550 , 25484 , 14.83 , -82.0 , 18 , 6.57 , 4.334 , 2.922 , 244.80 , 32.36
5560 , 25537 , 14.70 , -81.3 , 18 , 6.54 , 4.257 , 2.897 , 245.12 , 32.04
5570 , 25590 , 14.56 , -81.2 , 18 , 6.51 , 4.184 , 2.874 , 245.44 , 31.72
5580 , 25642 , 14.42 , -81.2 , 18 , 6.48 , 4.105 , 2.846 , 245.74 , 31.42
5590 , 25693 , 14.29 , -80.8 , 18 , 6.45 , 4.057 , 2.838 , 246.03 , 31.13
5600 , 25744 , 14.16 , -80.9 , 18 , 6.43 , 4.000 , 2.824 , 246.32 , 30.84
5610 , 25790 , 14.05 , -80.9 , 17 , 6.40 , 3.886 , 2.766 , 246.57 , 30.59
5620 , 25838 , 13.93 , -80.4 , 17 , 6.37 , 3.840 , 2.757 , 246.84 , 30.33
5630 , 25885 , 13.81 , -80.2 , 17 , 6.34 , 3.803 , 2.753 , 247.09 , 30.07
5640 , 25939 , 13.68 , -80.1 , 17 , 6.31 , 3.753 , 2.743 , 247.37 , 29.79
5650 , 25980 , 13.58 , -80.3 , 17 , 6.27 , 3.680 , 2.709 , 247.58 , 29.58
5660 , 26029 , 13.47 , -80.6 , 17 , 6.24 , 3.673 , 2.727 , 247.83 , 29.33
5670 , 26072 , 13.36 , -80.9 , 17 , 6.20 , 3.633 , 2.718 , 248.05 , 29.11
5680 , 26117 , 13.26 , -81.0 , 17 , 6.15 , 3.578 , 2.699 , 248.28 , 28.88
5689 , 26162 , 13.15 , -81.1 , 17 , 6.11 , 3.623 , 2.755 , 248.51 , 28.65
5699 , 26213 , 13.03 , -80.6 , 16 , 6.07 , 3.653 , 2.802 , 248.77 , 28.39
5709 , 26251 , 12.95 , -80.5 , 16 , 6.02 , 3.586 , 2.770 , 248.96 , 28.20
5719 , 26291 , 12.85 , -80.9 , 16 , 5.97 , 3.590 , 2.793 , 249.17 , 28.00
5729 , 26339 , 12.75 , -81.2 , 16 , 5.92 , 3.538 , 2.776 , 249.40 , 27.76
5739 , 26389 , 12.63 , -81.4 , 16 , 5.87 , 3.485 , 2.759 , 249.65 , 27.51
5748 , 26432 , 12.54 , -81.2 , 16 , 5.82 , 3.459 , 2.759 , 249.86 , 27.30
5758 , 26481 , 12.43 , -81.2 , 16 , 5.77 , 3.425 , 2.756 , 250.10 , 27.06
5768 , 26534 , 12.31 , -81.2 , 16 , 5.72 , 3.404 , 2.765 , 250.35 , 26.81
5778 , 26587 , 12.19 , -81.2 , 15 , 5.67 , 3.345 , 2.743 , 250.60 , 26.56
5788 , 26639 , 12.08 , -81.2 , 15 , 5.61 , 3.306 , 2.736 , 250.84 , 26.32
5798 , 26685 , 11.98 , -81.3 , 15 , 5.56 , 3.282 , 2.739 , 251.06 , 26.10
5808 , 26745 , 11.86 , -81.0 , 15 , 5.50 , 3.244 , 2.736 , 251.33 , 25.83
5818 , 26783 , 11.78 , -80.8 , 15 , 5.46 , 3.180 , 2.700 , 251.50 , 25.66
5828 , 26840 , 11.66 , -81.1 , 15 , 5.40 , 3.150 , 2.702 , 251.76 , 25.40
5837 , 26889 , 11.56 , -81.1 , 15 , 5.35 , 3.107 , 2.688 , 251.97 , 25.19
5847 , 26935 , 11.46 , -80.5 , 15 , 5.30 , 3.069 , 2.677 , 252.17 , 24.99
5857 , 26982 , 11.37 , -80.1 , 15 , 5.25 , 3.038 , 2.673 , 252.37 , 24.79
5867 , 27029 , 11.27 , -79.9 , 14 , 5.19 , 2.999 , 2.660 , 252.57 , 24.59
5877 , 27079 , 11.17 , -79.6 , 14 , 5.13 , 2.968 , 2.656 , 252.78 , 24.38
5887 , 27121 , 11.09 , -79.6 , 14 , 5.08 , 2.944 , 2.654 , 252.95 , 24.21
5897 , 27170 , 11.00 , -79.7 , 14 , 5.03 , 2.913 , 2.649 , 253.15 , 24.01
5907 , 27210 , 10.92 , -79.4 , 14 , 4.98 , 2.888 , 2.645 , 253.31 , 23.85
5917 , 27248 , 10.85 , -79.1 , 14 , 4.93 , 2.853 , 2.631 , 253.47 , 23.69
5927 , 27285 , 10.78 , -79.1 , 14 , 4.87 , 2.850 , 2.645 , 253.61 , 23.55
5937 , 27316 , 10.72 , -79.1 , 14 , 4.82 , 2.804 , 2.616 , 253.73 , 23.43
5947 , 27363 , 10.63 , -79.2 , 14 , 4.77 , 2.780 , 2.616 , 253.92 , 23.24
5957 , 27409 , 10.54 , -79.4 , 14 , 4.71 , 2.768 , 2.625 , 254.09 , 23.07
5967 , 27449 , 10.47 , -79.3 , 13 , 4.67 , 2.742 , 2.619 , 254.25 , 22.91
5977 , 27496 , 10.38 , -79.3 , 13 , 4.61 , 2.710 , 2.610 , 254.42 , 22.74
5987 , 27543 , 10.30 , -79.4 , 13 , 4.56 , 2.702 , 2.625 , 254.60 , 22.56
5997 , 27587 , 10.22 , -79.5 , 13 , 4.52 , 2.674 , 2.617 , 254.77 , 22.39
6007 , 27635 , 10.13 , -79.8 , 13 , 4.46 , 2.655 , 2.621 , 254.94 , 22.22
6017 , 27678 , 10.05 , -80.0 , 13 , 4.41 , 2.641 , 2.627 , 255.10 , 22.06
6026 , 27724 , 9.97 , -80.2 , 13 , 4.37 , 2.631 , 2.639 , 255.27 , 21.89
6036 , 27771 , 9.89 , -80.2 , 13 , 4.32 , 2.629 , 2.659 , 255.45 , 21.72
6046 , 27818 , 9.81 , -80.0 , 12 , 4.28 , 2.599 , 2.650 , 255.62 , 21.55
6056 , 27874 , 9.71 , -79.5 , 12 , 4.23 , 2.562 , 2.638 , 255.82 , 21.34
6065 , 27926 , 9.62 , -79.8 , 12 , 4.18 , 2.544 , 2.643 , 256.00 , 21.16
6074 , 27973 , 9.54 , -80.0 , 12 , 4.15 , 2.526 , 2.646 , 256.17 , 20.99
6084 , 28020 , 9.46 , -80.3 , 12 , 4.11 , 2.479 , 2.619 , 256.33 , 20.83
6094 , 28061 , 9.40 , -80.6 , 12 , 4.06 , 2.469 , 2.628 , 256.48 , 20.68
6104 , 28110 , 9.31 , -80.9 , 12 , 4.02 , 2.466 , 2.648 , 256.65 , 20.51
6114 , 28149 , 9.25 , -81.2 , 12 , 3.98 , 2.484 , 2.686 , 256.78 , 20.38
6124 , 28187 , 9.19 , -80.8 , 12 , 3.93 , 2.464 , 2.682 , 256.91 , 20.25
6134 , 28232 , 9.11 , -79.8 , 11 , 3.89 , 2.455 , 2.694 , 257.07 , 20.09
6144 , 28273 , 9.05 , -79.7 , 11 , 3.85 , 2.441 , 2.697 , 257.21 , 19.95
6154 , 28308 , 8.99 , -78.9 , 11 , 3.82 , 2.405 , 2.675 , 257.32 , 19.84
6164 , 28341 , 8.94 , -79.1 , 11 , 3.77 , 2.388 , 2.671 , 257.43 , 19.73
6174 , 28377 , 8.88 , -79.4 , 11 , 3.74 , 2.391 , 2.691 , 257.55 , 19.61
6184 , 28411 , 8.83 , -79.5 , 11 , 3.71 , 2.383 , 2.698 , 257.67 , 19.49
6194 , 28439 , 8.79 , -79.6 , 11 , 3.67 , 2.375 , 2.703 , 257.76 , 19.40
6204 , 28476 , 8.73 , -78.9 , 11 , 3.64 , 2.347 , 2.688 , 257.88 , 19.28
6214 , 28499 , 8.70 , -76.8 , 10 , 3.60 , 2.340 , 2.691 , 257.96 , 19.21
6224 , 28525 , 8.66 , -75.2 , 10 , 3.57 , 2.355 , 2.721 , 258.04 , 19.12
6234 , 28550 , 8.62 , -75.1 , 10 , 3.54 , 2.315 , 2.686 , 258.12 , 19.04
6244 , 28581 , 8.57 , -75.1 , 10 , 3.51 , 2.314 , 2.699 , 258.22 , 18.94
6254 , 28612 , 8.53 , -74.1 , 10 , 3.48 , 2.300 , 2.697 , 258.32 , 18.85
6264 , 28663 , 8.45 , -73.6 , 10 , 3.45 , 2.293 , 2.712 , 258.47 , 18.69
6274 , 28713 , 8.38 , -73.9 , 10 , 3.43 , 2.286 , 2.728 , 258.63 , 18.53
6284 , 28769 , 8.30 , -74.3 , 9 , 3.40 , 2.272 , 2.737 , 258.80 , 18.36
6294 , 28821 , 8.23 , -74.6 , 9 , 3.38 , 2.248 , 2.732 , 258.96 , 18.20
6304 , 28875 , 8.15 , -74.3 , 9 , 3.35 , 2.226 , 2.732 , 259.12 , 18.04
6314 , 28941 , 8.06 , -73.7 , 9 , 3.34 , 2.194 , 2.722 , 259.32 , 17.84
6324 , 29000 , 7.98 , -74.0 , 9 , 3.31 , 2.184 , 2.737 , 259.50 , 17.66
6334 , 29050 , 7.91 , -74.1 , 8 , 3.29 , 2.173 , 2.747 , 259.64 , 17.52
6344 , 29120 , 7.82 , -74.3 , 8 , 3.27 , 2.144 , 2.743 , 259.85 , 17.31
6354 , 29181 , 7.73 , -74.5 , 8 , 3.25 , 2.114 , 2.734 , 260.02 , 17.14
6363 , 29237 , 7.66 , -74.6 , 8 , 3.22 , 2.100 , 2.741 , 260.18 , 16.98
6373 , 29287 , 7.59 , -74.3 , 8 , 3.21 , 2.111 , 2.780 , 260.33 , 16.83
6383 , 29330 , 7.54 , -73.8 , 7 , 3.19 , 2.194 , 2.910 , 260.45 , 16.71
6393 , 29370 , 7.49 , -73.4 , 7 , 3.17 , 2.173 , 2.902 , 260.57 , 16.59
6402 , 29413 , 7.43 , -73.5 , 7 , 3.15 , 2.117 , 2.848 , 260.69 , 16.47
6412 , 29453 , 7.38 , -73.8 , 7 , 3.14 , 2.079 , 2.816 , 260.81 , 16.35
6422 , 29493 , 7.33 , -73.8 , 7 , 3.12 , 2.047 , 2.793 , 260.92 , 16.24
6432 , 29522 , 7.30 , -73.4 , 6 , 3.11 , 2.042 , 2.799 , 261.00 , 16.16
6442 , 29555 , 7.25 , -72.9 , 6 , 3.10 , 2.036 , 2.807 , 261.09 , 16.07
