# ------------------------------------------------------------
#
# Flight name: V2411
# Station: Davis
# Launch Date: 15 June 2011
# Launch Time: 11:16:54
# 
# This file created: Mon Jun 20 17:38:24 2011
# 
# 
# ------------------------------------------------------------
# DATA COLUMNS
# Time (s)
# Height (m)
# Atmospheric Pressure (hPa)
# Atmospheric Temperature (°C)
# Relative Humidity (%)
# Box Temperature (°C)
# Ozone Partial Pressure (mPa)
# Ozone Mixing Ratio (ppmV)
# Accumulated Ozone to this Height (Dobson Units)
# Remaining Ozone above this Height (Dobson Units)
# 
# ------------------------------------------------------------
# 
# Integrated Ozone = 209.1 DU
# Extrapolated Ozone =  28.2 DU
# 
# Total Ozone = 237.4 DU
# 
# 
# ------------------------------------------------------------
0 , 18 , 997.27 , -15.9 , 42 , 30.85 , 0.902 , 0.009 , 0.00 , 237.35
9 , 53 , 992.57 , -14.1 , 32 , 30.85 , 1.511 , 0.015 , 0.04 , 237.31
19 , 96 , 987.01 , -14.1 , 29 , 30.85 , 2.097 , 0.021 , 0.12 , 237.23
29 , 142 , 980.99 , -14.5 , 29 , 30.84 , 2.456 , 0.025 , 0.23 , 237.12
39 , 187 , 975.22 , -14.8 , 29 , 30.83 , 2.686 , 0.028 , 0.35 , 237.00
49 , 231 , 969.60 , -15.1 , 29 , 30.83 , 2.823 , 0.029 , 0.48 , 236.87
59 , 278 , 963.58 , -14.8 , 28 , 30.82 , 2.906 , 0.030 , 0.62 , 236.73
69 , 327 , 957.26 , -14.1 , 23 , 30.81 , 2.963 , 0.031 , 0.77 , 236.58
79 , 380 , 950.65 , -14.3 , 22 , 30.78 , 2.995 , 0.032 , 0.94 , 236.41
89 , 431 , 944.28 , -14.6 , 22 , 30.77 , 3.008 , 0.032 , 1.10 , 236.26
99 , 486 , 937.45 , -15.0 , 22 , 30.74 , 3.032 , 0.032 , 1.27 , 236.08
109 , 542 , 930.46 , -15.5 , 23 , 30.73 , 3.022 , 0.032 , 1.45 , 235.90
119 , 595 , 923.93 , -16.0 , 23 , 30.71 , 3.007 , 0.033 , 1.61 , 235.74
129 , 646 , 917.71 , -16.4 , 23 , 30.68 , 3.007 , 0.033 , 1.78 , 235.58
139 , 697 , 911.46 , -16.5 , 23 , 30.66 , 2.988 , 0.033 , 1.94 , 235.41
148 , 747 , 905.42 , -16.6 , 22 , 30.63 , 2.970 , 0.033 , 2.09 , 235.26
158 , 795 , 899.76 , -16.5 , 21 , 30.62 , 2.944 , 0.033 , 2.24 , 235.11
168 , 843 , 893.97 , -16.2 , 19 , 30.59 , 2.946 , 0.033 , 2.39 , 234.96
178 , 894 , 887.97 , -16.4 , 19 , 30.55 , 2.913 , 0.033 , 2.55 , 234.81
188 , 941 , 882.35 , -16.8 , 19 , 30.52 , 2.892 , 0.033 , 2.69 , 234.66
198 , 989 , 876.76 , -16.5 , 18 , 30.48 , 2.878 , 0.033 , 2.84 , 234.52
207 , 1040 , 870.87 , -15.9 , 17 , 30.45 , 2.875 , 0.033 , 2.99 , 234.36
218 , 1092 , 864.90 , -15.9 , 16 , 30.41 , 2.874 , 0.033 , 3.14 , 234.21
228 , 1148 , 858.42 , -16.0 , 16 , 30.37 , 2.847 , 0.033 , 3.31 , 234.04
238 , 1205 , 851.97 , -16.3 , 17 , 30.33 , 2.798 , 0.033 , 3.48 , 233.87
248 , 1259 , 845.84 , -16.6 , 17 , 30.30 , 2.775 , 0.033 , 3.64 , 233.71
258 , 1310 , 840.18 , -16.9 , 17 , 30.26 , 2.773 , 0.033 , 3.79 , 233.56
268 , 1362 , 834.31 , -16.8 , 17 , 30.22 , 2.716 , 0.033 , 3.94 , 233.41
278 , 1417 , 828.20 , -16.7 , 18 , 30.17 , 2.714 , 0.033 , 4.10 , 233.25
288 , 1476 , 821.81 , -16.0 , 19 , 30.14 , 2.697 , 0.033 , 4.26 , 233.09
298 , 1528 , 816.06 , -16.0 , 19 , 30.10 , 2.658 , 0.033 , 4.41 , 232.94
308 , 1576 , 810.88 , -16.3 , 19 , 30.06 , 2.647 , 0.033 , 4.54 , 232.81
318 , 1630 , 805.16 , -16.7 , 19 , 30.02 , 2.616 , 0.032 , 4.69 , 232.66
328 , 1683 , 799.43 , -17.1 , 19 , 29.98 , 2.600 , 0.033 , 4.84 , 232.51
338 , 1739 , 793.46 , -17.6 , 19 , 29.94 , 2.578 , 0.032 , 4.99 , 232.36
348 , 1791 , 788.02 , -18.0 , 19 , 29.90 , 2.571 , 0.033 , 5.13 , 232.22
358 , 1845 , 782.35 , -18.4 , 20 , 29.87 , 2.556 , 0.033 , 5.28 , 232.07
368 , 1899 , 776.62 , -18.6 , 19 , 29.83 , 2.533 , 0.033 , 5.43 , 231.93
378 , 1951 , 771.23 , -18.7 , 19 , 29.78 , 2.548 , 0.033 , 5.56 , 231.79
388 , 2002 , 766.02 , -18.8 , 18 , 29.74 , 2.555 , 0.033 , 5.70 , 231.65
398 , 2055 , 760.51 , -19.3 , 19 , 29.71 , 2.562 , 0.034 , 5.85 , 231.50
408 , 2114 , 754.55 , -19.8 , 21 , 29.69 , 2.552 , 0.034 , 6.01 , 231.34
418 , 2165 , 749.34 , -20.0 , 21 , 29.65 , 2.510 , 0.033 , 6.14 , 231.21
428 , 2215 , 744.29 , -20.1 , 18 , 29.59 , 2.450 , 0.033 , 6.28 , 231.07
438 , 2268 , 738.98 , -20.3 , 16 , 29.54 , 2.427 , 0.033 , 6.41 , 230.94
448 , 2318 , 734.04 , -20.5 , 13 , 29.51 , 2.401 , 0.033 , 6.54 , 230.81
457 , 2367 , 729.16 , -20.9 , 12 , 29.47 , 2.404 , 0.033 , 6.67 , 230.68
467 , 2415 , 724.45 , -21.0 , 9 , 29.44 , 2.410 , 0.033 , 6.79 , 230.56
477 , 2469 , 719.23 , -20.5 , 5 , 29.40 , 2.463 , 0.034 , 6.93 , 230.42
487 , 2526 , 713.70 , -20.7 , 8 , 29.35 , 2.497 , 0.035 , 7.08 , 230.27
497 , 2584 , 708.10 , -21.0 , 10 , 29.32 , 2.428 , 0.034 , 7.23 , 230.12
507 , 2636 , 703.10 , -21.2 , 10 , 29.30 , 2.407 , 0.034 , 7.37 , 229.98
517 , 2687 , 698.23 , -21.3 , 10 , 29.26 , 2.389 , 0.034 , 7.50 , 229.85
527 , 2749 , 692.42 , -21.5 , 10 , 29.22 , 2.364 , 0.034 , 7.66 , 229.69
537 , 2806 , 687.06 , -21.7 , 9 , 29.18 , 2.359 , 0.034 , 7.80 , 229.55
547 , 2856 , 682.45 , -21.9 , 9 , 29.15 , 2.368 , 0.035 , 7.93 , 229.42
557 , 2912 , 677.25 , -22.2 , 9 , 29.11 , 2.318 , 0.034 , 8.07 , 229.28
567 , 2964 , 672.45 , -22.3 , 9 , 29.09 , 2.279 , 0.034 , 8.20 , 229.15
577 , 3023 , 667.07 , -22.5 , 8 , 29.06 , 2.279 , 0.034 , 8.34 , 229.01
587 , 3082 , 661.71 , -22.6 , 6 , 29.04 , 2.304 , 0.035 , 8.49 , 228.86
597 , 3135 , 656.98 , -22.7 , 4 , 29.00 , 2.383 , 0.036 , 8.62 , 228.73
607 , 3189 , 652.19 , -22.6 , 4 , 28.95 , 2.417 , 0.037 , 8.76 , 228.59
617 , 3246 , 647.08 , -22.7 , 8 , 28.89 , 2.343 , 0.036 , 8.91 , 228.44
627 , 3305 , 641.94 , -22.9 , 11 , 28.85 , 2.308 , 0.036 , 9.05 , 228.30
637 , 3362 , 636.97 , -23.2 , 17 , 28.82 , 2.244 , 0.035 , 9.19 , 228.16
647 , 3421 , 631.80 , -23.4 , 24 , 28.78 , 2.172 , 0.034 , 9.34 , 228.01
657 , 3473 , 627.36 , -23.6 , 27 , 28.73 , 2.110 , 0.034 , 9.46 , 227.90
667 , 3523 , 623.01 , -23.8 , 29 , 28.69 , 2.100 , 0.034 , 9.57 , 227.78
677 , 3579 , 618.26 , -23.9 , 31 , 28.67 , 2.066 , 0.033 , 9.70 , 227.65
687 , 3630 , 613.96 , -23.8 , 35 , 28.63 , 2.038 , 0.033 , 9.81 , 227.54
697 , 3684 , 609.42 , -23.7 , 35 , 28.59 , 2.014 , 0.033 , 9.93 , 227.42
707 , 3741 , 604.70 , -23.9 , 36 , 28.56 , 1.992 , 0.033 , 10.05 , 227.30
717 , 3795 , 600.29 , -24.4 , 37 , 28.53 , 1.999 , 0.033 , 10.17 , 227.18
727 , 3850 , 595.74 , -24.8 , 38 , 28.50 , 1.985 , 0.033 , 10.29 , 227.06
736 , 3903 , 591.38 , -24.9 , 39 , 28.46 , 1.955 , 0.033 , 10.40 , 226.95
746 , 3957 , 587.04 , -24.6 , 38 , 28.42 , 1.938 , 0.033 , 10.51 , 226.84
756 , 4010 , 582.77 , -24.2 , 35 , 28.38 , 1.917 , 0.033 , 10.62 , 226.73
766 , 4065 , 578.41 , -23.8 , 33 , 28.33 , 1.924 , 0.033 , 10.74 , 226.61
775 , 4117 , 574.32 , -23.9 , 32 , 28.29 , 1.911 , 0.033 , 10.85 , 226.50
785 , 4161 , 570.82 , -24.2 , 33 , 28.26 , 1.912 , 0.034 , 10.94 , 226.41
795 , 4219 , 566.35 , -24.7 , 34 , 28.22 , 1.894 , 0.033 , 11.06 , 226.29
805 , 4278 , 561.75 , -25.2 , 36 , 28.18 , 1.897 , 0.034 , 11.18 , 226.17
815 , 4338 , 557.14 , -25.7 , 41 , 28.15 , 1.874 , 0.034 , 11.30 , 226.05
825 , 4386 , 553.41 , -26.0 , 44 , 28.12 , 1.872 , 0.034 , 11.40 , 225.95
835 , 4434 , 549.74 , -26.0 , 38 , 28.09 , 1.862 , 0.034 , 11.50 , 225.85
845 , 4477 , 546.49 , -26.1 , 32 , 28.05 , 1.837 , 0.034 , 11.58 , 225.77
855 , 4525 , 542.86 , -26.4 , 30 , 28.01 , 1.829 , 0.034 , 11.68 , 225.67
865 , 4581 , 538.70 , -26.7 , 29 , 27.96 , 1.822 , 0.034 , 11.79 , 225.56
875 , 4632 , 534.92 , -26.9 , 30 , 27.92 , 1.814 , 0.034 , 11.89 , 225.46
884 , 4684 , 531.02 , -27.0 , 31 , 27.86 , 1.796 , 0.034 , 12.00 , 225.35
894 , 4732 , 527.52 , -26.8 , 29 , 27.80 , 1.787 , 0.034 , 12.09 , 225.26
904 , 4787 , 523.50 , -27.0 , 27 , 27.74 , 1.764 , 0.034 , 12.20 , 225.15
914 , 4833 , 520.16 , -27.4 , 27 , 27.71 , 1.743 , 0.034 , 12.29 , 225.06
924 , 4879 , 516.90 , -27.7 , 27 , 27.68 , 1.741 , 0.034 , 12.37 , 224.98
934 , 4924 , 513.63 , -28.0 , 27 , 27.66 , 1.722 , 0.034 , 12.46 , 224.89
944 , 4966 , 510.67 , -28.0 , 26 , 27.63 , 1.709 , 0.033 , 12.54 , 224.81
954 , 5010 , 507.54 , -28.0 , 24 , 27.61 , 1.700 , 0.034 , 12.62 , 224.73
964 , 5051 , 504.62 , -28.4 , 23 , 27.58 , 1.685 , 0.033 , 12.70 , 224.65
974 , 5092 , 501.75 , -28.7 , 24 , 27.56 , 1.674 , 0.033 , 12.77 , 224.58
984 , 5136 , 498.70 , -28.9 , 23 , 27.53 , 1.672 , 0.034 , 12.85 , 224.50
994 , 5189 , 494.98 , -29.2 , 22 , 27.49 , 1.663 , 0.034 , 12.95 , 224.40
1004 , 5245 , 491.11 , -29.5 , 21 , 27.45 , 1.648 , 0.034 , 13.05 , 224.30
1014 , 5301 , 487.26 , -29.6 , 18 , 27.38 , 1.625 , 0.033 , 13.16 , 224.19
1024 , 5354 , 483.67 , -29.9 , 18 , 27.32 , 1.610 , 0.033 , 13.25 , 224.10
1034 , 5406 , 480.13 , -30.3 , 20 , 27.29 , 1.609 , 0.034 , 13.34 , 224.01
1044 , 5460 , 476.54 , -30.8 , 21 , 27.25 , 1.590 , 0.033 , 13.44 , 223.91
1054 , 5517 , 472.68 , -31.2 , 21 , 27.22 , 1.589 , 0.034 , 13.54 , 223.81
1064 , 5572 , 469.06 , -31.3 , 19 , 27.17 , 1.571 , 0.033 , 13.64 , 223.71
1074 , 5626 , 465.46 , -31.4 , 18 , 27.11 , 1.569 , 0.034 , 13.73 , 223.62
1084 , 5679 , 462.00 , -31.6 , 17 , 27.06 , 1.557 , 0.034 , 13.82 , 223.53
1093 , 5736 , 458.30 , -32.0 , 17 , 27.00 , 1.553 , 0.034 , 13.92 , 223.43
1103 , 5796 , 454.38 , -32.5 , 16 , 26.95 , 1.534 , 0.034 , 14.03 , 223.32
1113 , 5855 , 450.63 , -32.9 , 16 , 26.90 , 1.510 , 0.034 , 14.13 , 223.22
1123 , 5904 , 447.47 , -33.4 , 16 , 26.86 , 1.493 , 0.033 , 14.21 , 223.14
1133 , 5947 , 444.77 , -33.8 , 17 , 26.84 , 1.483 , 0.033 , 14.28 , 223.07
1143 , 5998 , 441.54 , -34.2 , 17 , 26.80 , 1.475 , 0.033 , 14.37 , 222.98
1153 , 6054 , 438.01 , -34.7 , 17 , 26.76 , 1.454 , 0.033 , 14.46 , 222.89
1163 , 6100 , 435.09 , -35.0 , 17 , 26.72 , 1.448 , 0.033 , 14.54 , 222.81
1173 , 6144 , 432.35 , -35.1 , 16 , 26.68 , 1.433 , 0.033 , 14.61 , 222.74
1183 , 6189 , 429.59 , -35.3 , 14 , 26.64 , 1.425 , 0.033 , 14.68 , 222.67
1193 , 6233 , 426.87 , -35.5 , 14 , 26.60 , 1.412 , 0.033 , 14.75 , 222.60
1203 , 6282 , 423.85 , -35.9 , 14 , 26.57 , 1.402 , 0.033 , 14.83 , 222.52
1213 , 6343 , 420.17 , -36.1 , 14 , 26.53 , 1.398 , 0.033 , 14.93 , 222.42
1223 , 6406 , 416.39 , -36.6 , 13 , 26.49 , 1.383 , 0.033 , 15.03 , 222.32
1233 , 6465 , 412.83 , -37.1 , 14 , 26.44 , 1.387 , 0.034 , 15.12 , 222.23
1243 , 6522 , 409.46 , -37.6 , 14 , 26.38 , 1.381 , 0.034 , 15.21 , 222.14
1253 , 6570 , 406.57 , -38.1 , 15 , 26.31 , 1.350 , 0.033 , 15.29 , 222.06
1263 , 6622 , 403.53 , -38.5 , 16 , 26.27 , 1.343 , 0.033 , 15.37 , 221.99
1273 , 6689 , 399.60 , -39.0 , 16 , 26.23 , 1.317 , 0.033 , 15.47 , 221.88
1283 , 6748 , 396.18 , -39.4 , 15 , 26.19 , 1.318 , 0.033 , 15.56 , 221.79
1293 , 6799 , 393.23 , -39.8 , 14 , 26.14 , 1.310 , 0.033 , 15.63 , 221.72
1303 , 6848 , 390.41 , -40.1 , 15 , 26.09 , 1.309 , 0.034 , 15.71 , 221.64
1313 , 6896 , 387.69 , -40.5 , 15 , 26.05 , 1.302 , 0.034 , 15.78 , 221.57
1323 , 6949 , 384.65 , -40.9 , 15 , 26.01 , 1.287 , 0.033 , 15.86 , 221.49
1333 , 7001 , 381.72 , -41.3 , 15 , 25.96 , 1.277 , 0.033 , 15.94 , 221.41
1343 , 7050 , 378.97 , -41.7 , 15 , 25.91 , 1.277 , 0.034 , 16.01 , 221.34
1353 , 7099 , 376.28 , -42.2 , 17 , 25.86 , 1.269 , 0.034 , 16.08 , 221.27
1363 , 7150 , 373.41 , -42.7 , 18 , 25.81 , 1.262 , 0.034 , 16.16 , 221.19
1373 , 7204 , 370.44 , -43.1 , 18 , 25.76 , 1.248 , 0.034 , 16.24 , 221.11
1382 , 7255 , 367.64 , -43.6 , 19 , 25.71 , 1.247 , 0.034 , 16.31 , 221.04
1392 , 7320 , 364.13 , -44.3 , 20 , 25.66 , 1.235 , 0.034 , 16.41 , 220.94
1402 , 7375 , 361.10 , -44.7 , 22 , 25.61 , 1.228 , 0.034 , 16.49 , 220.86
1411 , 7433 , 358.02 , -45.1 , 23 , 25.55 , 1.211 , 0.034 , 16.57 , 220.78
1421 , 7483 , 355.31 , -45.5 , 25 , 25.50 , 1.211 , 0.034 , 16.64 , 220.71
1431 , 7537 , 352.48 , -45.9 , 29 , 25.45 , 1.216 , 0.035 , 16.72 , 220.63
1441 , 7586 , 349.87 , -46.3 , 32 , 25.39 , 1.205 , 0.034 , 16.79 , 220.56
1451 , 7645 , 346.76 , -46.9 , 32 , 25.33 , 1.208 , 0.035 , 16.88 , 220.47
1461 , 7699 , 343.93 , -47.4 , 33 , 25.28 , 1.230 , 0.036 , 16.96 , 220.39
1471 , 7753 , 341.17 , -47.9 , 36 , 25.22 , 1.222 , 0.036 , 17.03 , 220.32
1481 , 7804 , 338.52 , -48.3 , 37 , 25.17 , 1.223 , 0.036 , 17.11 , 220.24
1490 , 7850 , 336.17 , -48.6 , 37 , 25.12 , 1.218 , 0.036 , 17.18 , 220.17
1500 , 7896 , 333.83 , -49.0 , 36 , 25.07 , 1.206 , 0.036 , 17.24 , 220.11
1510 , 7946 , 331.30 , -49.4 , 35 , 25.01 , 1.217 , 0.037 , 17.32 , 220.04
1520 , 8001 , 328.50 , -49.9 , 33 , 24.95 , 1.218 , 0.037 , 17.40 , 219.95
1530 , 8058 , 325.63 , -50.4 , 31 , 24.90 , 1.220 , 0.037 , 17.48 , 219.87
1540 , 8108 , 323.16 , -50.9 , 30 , 24.84 , 1.209 , 0.037 , 17.55 , 219.80
1550 , 8160 , 320.60 , -51.3 , 29 , 24.79 , 1.167 , 0.036 , 17.63 , 219.72
1560 , 8207 , 318.28 , -51.6 , 27 , 24.73 , 1.161 , 0.036 , 17.70 , 219.66
1570 , 8254 , 315.98 , -51.9 , 25 , 24.68 , 1.184 , 0.037 , 17.76 , 219.59
1580 , 8310 , 313.27 , -52.3 , 24 , 24.62 , 1.178 , 0.038 , 17.84 , 219.51
1590 , 8367 , 310.47 , -52.7 , 22 , 24.55 , 1.178 , 0.038 , 17.93 , 219.42
1600 , 8422 , 307.83 , -53.0 , 22 , 24.50 , 1.174 , 0.038 , 18.01 , 219.34
1610 , 8471 , 305.51 , -53.4 , 22 , 24.44 , 1.184 , 0.039 , 18.08 , 219.27
1620 , 8521 , 303.16 , -53.9 , 22 , 24.39 , 1.170 , 0.039 , 18.15 , 219.20
1630 , 8571 , 300.80 , -54.0 , 22 , 24.33 , 1.150 , 0.038 , 18.22 , 219.13
1640 , 8623 , 298.37 , -54.3 , 21 , 24.27 , 1.124 , 0.038 , 18.29 , 219.06
1650 , 8672 , 296.09 , -54.8 , 20 , 24.21 , 1.095 , 0.037 , 18.36 , 218.99
1660 , 8733 , 293.29 , -55.1 , 18 , 24.15 , 1.086 , 0.037 , 18.44 , 218.91
1670 , 8796 , 290.41 , -55.5 , 16 , 24.09 , 1.061 , 0.037 , 18.52 , 218.83
1680 , 8845 , 288.16 , -55.9 , 14 , 24.03 , 1.080 , 0.037 , 18.59 , 218.76
1690 , 8899 , 285.72 , -56.4 , 13 , 23.98 , 1.055 , 0.037 , 18.66 , 218.69
1700 , 8948 , 283.54 , -56.8 , 12 , 23.92 , 1.040 , 0.037 , 18.73 , 218.63
1710 , 8997 , 281.35 , -57.2 , 11 , 23.86 , 1.034 , 0.037 , 18.79 , 218.56
1719 , 9061 , 278.50 , -57.8 , 11 , 23.80 , 1.011 , 0.036 , 18.87 , 218.48
1728 , 9111 , 276.32 , -58.1 , 10 , 23.74 , 0.994 , 0.036 , 18.93 , 218.42
1738 , 9162 , 274.07 , -58.6 , 10 , 23.68 , 0.980 , 0.036 , 19.00 , 218.35
1748 , 9209 , 272.00 , -59.0 , 9 , 23.62 , 0.981 , 0.036 , 19.06 , 218.30
1758 , 9264 , 269.63 , -59.5 , 9 , 23.56 , 0.959 , 0.036 , 19.12 , 218.23
1768 , 9319 , 267.26 , -60.0 , 9 , 23.49 , 0.942 , 0.035 , 19.19 , 218.16
1778 , 9367 , 265.23 , -60.4 , 10 , 23.43 , 0.934 , 0.035 , 19.25 , 218.11
1788 , 9420 , 262.97 , -60.9 , 10 , 23.36 , 0.913 , 0.035 , 19.31 , 218.04
1798 , 9474 , 260.72 , -61.3 , 9 , 23.30 , 0.911 , 0.035 , 19.37 , 217.98
1808 , 9520 , 258.76 , -61.7 , 9 , 23.23 , 0.902 , 0.035 , 19.42 , 217.93
1818 , 9571 , 256.63 , -62.1 , 9 , 23.17 , 0.890 , 0.035 , 19.48 , 217.87
1828 , 9620 , 254.60 , -62.5 , 9 , 23.09 , 0.886 , 0.035 , 19.54 , 217.81
1838 , 9671 , 252.50 , -62.9 , 9 , 23.03 , 0.878 , 0.035 , 19.60 , 217.76
1848 , 9714 , 250.74 , -63.3 , 9 , 22.96 , 0.884 , 0.035 , 19.64 , 217.71
1858 , 9759 , 248.93 , -63.8 , 9 , 22.90 , 0.888 , 0.036 , 19.69 , 217.66
1867 , 9807 , 246.96 , -64.2 , 9 , 22.84 , 0.892 , 0.036 , 19.75 , 217.60
1877 , 9858 , 244.93 , -64.6 , 10 , 22.78 , 0.883 , 0.036 , 19.81 , 217.54
1887 , 9907 , 242.97 , -65.0 , 10 , 22.72 , 0.892 , 0.037 , 19.86 , 217.49
1897 , 9962 , 240.77 , -65.5 , 10 , 22.65 , 0.872 , 0.036 , 19.93 , 217.42
1907 , 10024 , 238.32 , -66.1 , 11 , 22.59 , 0.861 , 0.036 , 20.00 , 217.35
1917 , 10076 , 236.31 , -66.6 , 12 , 22.52 , 0.859 , 0.036 , 20.06 , 217.30
1927 , 10126 , 234.36 , -67.0 , 12 , 22.46 , 0.861 , 0.037 , 20.11 , 217.24
1937 , 10174 , 232.48 , -67.5 , 13 , 22.39 , 0.858 , 0.037 , 20.17 , 217.18
1947 , 10226 , 230.48 , -67.9 , 14 , 22.32 , 0.852 , 0.037 , 20.22 , 217.13
1957 , 10279 , 228.47 , -68.3 , 15 , 22.26 , 0.853 , 0.037 , 20.28 , 217.07
1967 , 10328 , 226.60 , -68.7 , 15 , 22.20 , 0.857 , 0.038 , 20.34 , 217.01
1977 , 10391 , 224.23 , -69.0 , 16 , 22.12 , 0.852 , 0.038 , 20.41 , 216.94
1987 , 10445 , 222.19 , -69.4 , 16 , 22.05 , 0.853 , 0.038 , 20.47 , 216.88
1997 , 10501 , 220.13 , -69.9 , 17 , 21.98 , 0.858 , 0.039 , 20.53 , 216.82
2007 , 10558 , 218.03 , -70.4 , 17 , 21.91 , 0.894 , 0.041 , 20.60 , 216.75
2017 , 10620 , 215.76 , -70.6 , 18 , 21.84 , 0.902 , 0.042 , 20.67 , 216.68
2027 , 10664 , 214.15 , -70.9 , 19 , 21.77 , 0.927 , 0.043 , 20.73 , 216.62
2037 , 10708 , 212.56 , -71.3 , 20 , 21.70 , 0.936 , 0.044 , 20.78 , 216.57
2046 , 10759 , 210.74 , -71.6 , 20 , 21.64 , 0.952 , 0.045 , 20.85 , 216.50
2055 , 10813 , 208.84 , -71.9 , 20 , 21.57 , 0.955 , 0.046 , 20.92 , 216.43
2065 , 10864 , 207.02 , -72.3 , 21 , 21.50 , 0.983 , 0.047 , 20.98 , 216.37
2075 , 10923 , 204.96 , -72.7 , 21 , 21.43 , 1.020 , 0.050 , 21.06 , 216.29
2085 , 10978 , 203.04 , -73.2 , 21 , 21.35 , 1.032 , 0.051 , 21.14 , 216.21
2095 , 11031 , 201.19 , -73.7 , 22 , 21.28 , 1.017 , 0.051 , 21.21 , 216.14
2105 , 11078 , 199.59 , -74.2 , 22 , 21.20 , 1.017 , 0.051 , 21.28 , 216.07
2115 , 11137 , 197.57 , -74.6 , 22 , 21.13 , 0.993 , 0.050 , 21.36 , 215.99
2125 , 11192 , 195.70 , -75.1 , 23 , 21.06 , 0.999 , 0.051 , 21.43 , 215.92
2135 , 11256 , 193.56 , -75.7 , 23 , 20.98 , 0.966 , 0.050 , 21.52 , 215.83
2145 , 11308 , 191.81 , -76.1 , 24 , 20.91 , 0.959 , 0.050 , 21.59 , 215.77
2155 , 11351 , 190.40 , -76.3 , 24 , 20.84 , 0.946 , 0.050 , 21.64 , 215.71
2165 , 11398 , 188.86 , -76.6 , 24 , 20.76 , 0.928 , 0.049 , 21.70 , 215.65
2175 , 11447 , 187.26 , -76.9 , 25 , 20.68 , 0.934 , 0.050 , 21.76 , 215.59
2185 , 11493 , 185.75 , -77.1 , 25 , 20.60 , 0.936 , 0.050 , 21.82 , 215.53
2195 , 11545 , 184.07 , -77.2 , 25 , 20.53 , 0.957 , 0.052 , 21.89 , 215.46
2205 , 11605 , 182.17 , -77.4 , 25 , 20.45 , 1.028 , 0.056 , 21.97 , 215.38
2215 , 11666 , 180.24 , -78.0 , 26 , 20.38 , 1.080 , 0.060 , 22.06 , 215.29
2225 , 11719 , 178.56 , -78.5 , 26 , 20.30 , 1.144 , 0.064 , 22.14 , 215.21
2235 , 11765 , 177.11 , -78.9 , 26 , 20.22 , 1.180 , 0.067 , 22.22 , 215.13
2244 , 11813 , 175.64 , -79.1 , 26 , 20.15 , 1.170 , 0.067 , 22.30 , 215.06
2254 , 11858 , 174.25 , -79.3 , 26 , 20.07 , 1.221 , 0.070 , 22.37 , 214.98
2264 , 11901 , 172.92 , -79.0 , 27 , 19.99 , 1.276 , 0.074 , 22.45 , 214.90
2274 , 11944 , 171.62 , -78.8 , 27 , 19.92 , 1.313 , 0.077 , 22.52 , 214.83
2284 , 11987 , 170.33 , -78.0 , 27 , 19.84 , 1.393 , 0.082 , 22.60 , 214.75
2294 , 12030 , 169.06 , -77.8 , 27 , 19.76 , 1.502 , 0.089 , 22.69 , 214.66
2304 , 12084 , 167.49 , -77.3 , 28 , 19.68 , 1.620 , 0.097 , 22.80 , 214.55
2314 , 12139 , 165.88 , -77.1 , 28 , 19.60 , 1.833 , 0.111 , 22.94 , 214.41
2324 , 12185 , 164.55 , -76.5 , 28 , 19.52 , 2.056 , 0.125 , 23.06 , 214.29
2334 , 12234 , 163.15 , -75.9 , 27 , 19.45 , 2.266 , 0.139 , 23.20 , 214.15
2344 , 12280 , 161.88 , -75.2 , 27 , 19.37 , 2.492 , 0.154 , 23.35 , 214.00
2353 , 12320 , 160.75 , -74.9 , 27 , 19.29 , 2.892 , 0.180 , 23.50 , 213.85
2363 , 12369 , 159.40 , -74.8 , 27 , 19.22 , 3.344 , 0.210 , 23.71 , 213.64
2373 , 12423 , 157.92 , -75.0 , 27 , 19.14 , 3.720 , 0.236 , 23.97 , 213.38
2383 , 12479 , 156.41 , -74.4 , 26 , 19.06 , 4.036 , 0.258 , 24.26 , 213.09
2393 , 12535 , 154.92 , -74.5 , 26 , 18.98 , 4.490 , 0.290 , 24.58 , 212.77
2403 , 12591 , 153.44 , -75.0 , 26 , 18.90 , 4.792 , 0.312 , 24.94 , 212.41
2413 , 12648 , 151.94 , -75.3 , 26 , 18.82 , 4.922 , 0.324 , 25.31 , 212.04
2423 , 12694 , 150.73 , -75.4 , 25 , 18.75 , 5.040 , 0.334 , 25.63 , 211.72
2433 , 12735 , 149.66 , -75.3 , 25 , 18.67 , 5.098 , 0.341 , 25.91 , 211.44
2443 , 12776 , 148.60 , -75.2 , 25 , 18.59 , 5.198 , 0.350 , 26.20 , 211.15
2453 , 12816 , 147.58 , -75.2 , 25 , 18.51 , 5.300 , 0.359 , 26.49 , 210.87
2463 , 12859 , 146.49 , -75.0 , 25 , 18.43 , 5.323 , 0.363 , 26.80 , 210.56
2473 , 12903 , 145.39 , -74.6 , 24 , 18.36 , 5.365 , 0.369 , 27.11 , 210.24
2483 , 12944 , 144.36 , -74.3 , 24 , 18.28 , 5.435 , 0.376 , 27.42 , 209.93
2493 , 12985 , 143.35 , -74.2 , 24 , 18.21 , 5.559 , 0.388 , 27.72 , 209.63
2503 , 13023 , 142.42 , -74.0 , 23 , 18.14 , 5.636 , 0.396 , 28.01 , 209.34
2513 , 13066 , 141.38 , -74.1 , 23 , 18.07 , 5.646 , 0.399 , 28.33 , 209.02
2523 , 13109 , 140.33 , -74.4 , 23 , 18.00 , 5.724 , 0.408 , 28.67 , 208.68
2533 , 13150 , 139.34 , -74.7 , 23 , 17.92 , 5.684 , 0.408 , 28.99 , 208.36
2543 , 13189 , 138.42 , -74.0 , 22 , 17.85 , 5.736 , 0.414 , 29.29 , 208.07
2553 , 13231 , 137.43 , -73.7 , 22 , 17.78 , 6.101 , 0.444 , 29.62 , 207.73
2563 , 13290 , 136.04 , -73.5 , 21 , 17.71 , 6.532 , 0.480 , 30.13 , 207.22
2573 , 13337 , 134.95 , -73.6 , 21 , 17.64 , 6.836 , 0.507 , 30.55 , 206.80
2583 , 13381 , 133.94 , -73.9 , 21 , 17.57 , 6.919 , 0.517 , 30.96 , 206.39
2593 , 13426 , 132.92 , -74.3 , 21 , 17.50 , 6.931 , 0.521 , 31.38 , 205.97
2603 , 13470 , 131.91 , -74.6 , 20 , 17.42 , 6.955 , 0.527 , 31.80 , 205.55
2613 , 13515 , 130.89 , -74.8 , 20 , 17.36 , 6.987 , 0.534 , 32.22 , 205.13
2623 , 13563 , 129.82 , -74.5 , 20 , 17.29 , 7.028 , 0.541 , 32.68 , 204.67
2633 , 13613 , 128.71 , -74.1 , 20 , 17.22 , 7.200 , 0.559 , 33.16 , 204.19
2643 , 13657 , 127.73 , -74.3 , 20 , 17.15 , 7.266 , 0.569 , 33.59 , 203.76
2653 , 13699 , 126.82 , -74.5 , 19 , 17.09 , 7.236 , 0.571 , 34.01 , 203.34
2662 , 13743 , 125.87 , -74.5 , 19 , 17.02 , 7.171 , 0.570 , 34.44 , 202.92
2671 , 13784 , 124.97 , -74.7 , 19 , 16.96 , 7.130 , 0.570 , 34.84 , 202.51
2681 , 13827 , 124.04 , -74.7 , 19 , 16.90 , 7.026 , 0.566 , 35.25 , 202.10
2691 , 13877 , 123.00 , -74.3 , 19 , 16.84 , 6.919 , 0.563 , 35.72 , 201.63
2701 , 13922 , 122.05 , -74.2 , 18 , 16.77 , 6.783 , 0.556 , 36.14 , 201.21
2711 , 13964 , 121.17 , -74.4 , 18 , 16.70 , 6.656 , 0.549 , 36.52 , 200.83
2721 , 14006 , 120.30 , -74.5 , 18 , 16.64 , 6.536 , 0.543 , 36.90 , 200.45
2731 , 14047 , 119.46 , -74.3 , 18 , 16.57 , 6.379 , 0.534 , 37.26 , 200.09
2741 , 14087 , 118.63 , -74.4 , 18 , 16.51 , 6.155 , 0.519 , 37.60 , 199.75
2751 , 14129 , 117.77 , -74.5 , 18 , 16.45 , 5.892 , 0.500 , 37.94 , 199.41
2761 , 14170 , 116.95 , -74.8 , 17 , 16.39 , 5.760 , 0.493 , 38.27 , 199.08
2771 , 14213 , 116.08 , -75.0 , 17 , 16.32 , 5.744 , 0.495 , 38.61 , 198.74
2781 , 14256 , 115.23 , -75.1 , 17 , 16.26 , 5.774 , 0.501 , 38.94 , 198.41
2791 , 14300 , 114.36 , -74.7 , 17 , 16.20 , 6.039 , 0.528 , 39.29 , 198.06
2801 , 14354 , 113.29 , -74.1 , 17 , 16.15 , 6.924 , 0.611 , 39.77 , 197.58
2810 , 14407 , 112.28 , -74.4 , 17 , 16.09 , 7.891 , 0.703 , 40.30 , 197.05
2820 , 14452 , 111.41 , -74.5 , 17 , 16.03 , 8.428 , 0.756 , 40.80 , 196.55
2830 , 14506 , 110.38 , -74.9 , 17 , 15.97 , 8.869 , 0.804 , 41.43 , 195.92
2840 , 14550 , 109.54 , -75.1 , 17 , 15.91 , 9.073 , 0.828 , 41.97 , 195.38
2850 , 14596 , 108.67 , -75.1 , 16 , 15.85 , 9.192 , 0.846 , 42.54 , 194.81
2860 , 14641 , 107.83 , -75.0 , 16 , 15.79 , 9.489 , 0.880 , 43.12 , 194.23
2870 , 14687 , 106.98 , -75.1 , 16 , 15.73 , 9.843 , 0.920 , 43.72 , 193.63
2880 , 14732 , 106.15 , -75.3 , 16 , 15.67 , 10.104 , 0.952 , 44.33 , 193.02
2890 , 14775 , 105.38 , -75.5 , 16 , 15.61 , 10.209 , 0.969 , 44.92 , 192.43
2900 , 14817 , 104.60 , -75.8 , 16 , 15.55 , 10.359 , 0.990 , 45.52 , 191.83
2910 , 14863 , 103.79 , -76.1 , 16 , 15.50 , 10.396 , 1.002 , 46.16 , 191.19
2920 , 14905 , 103.02 , -76.2 , 16 , 15.44 , 10.519 , 1.021 , 46.77 , 190.58
2930 , 14949 , 102.25 , -76.1 , 16 , 15.38 , 10.512 , 1.028 , 47.40 , 189.95
2940 , 14991 , 101.50 , -76.1 , 16 , 15.32 , 10.670 , 1.051 , 48.01 , 189.34
2950 , 15035 , 100.73 , -75.9 , 16 , 15.26 , 10.839 , 1.076 , 48.65 , 188.70
2960 , 15077 , 100.00 , -75.7 , 16 , 15.20 , 10.879 , 1.088 , 49.28 , 188.07
2970 , 15121 , 99.24 , -75.4 , 16 , 15.15 , 10.898 , 1.098 , 49.94 , 187.41
2980 , 15165 , 98.49 , -75.4 , 16 , 15.08 , 11.016 , 1.118 , 50.59 , 186.76
2990 , 15208 , 97.77 , -75.4 , 16 , 15.02 , 10.932 , 1.118 , 51.23 , 186.12
2999 , 15248 , 97.08 , -75.3 , 16 , 14.96 , 10.843 , 1.117 , 51.83 , 185.52
3008 , 15287 , 96.44 , -75.2 , 16 , 14.91 , 10.575 , 1.097 , 52.39 , 184.96
3018 , 15326 , 95.79 , -75.4 , 16 , 14.85 , 10.307 , 1.076 , 52.95 , 184.40
3028 , 15367 , 95.11 , -75.7 , 16 , 14.79 , 10.032 , 1.055 , 53.53 , 183.83
3038 , 15408 , 94.44 , -75.9 , 16 , 14.73 , 9.815 , 1.039 , 54.07 , 183.28
3048 , 15446 , 93.82 , -75.7 , 15 , 14.68 , 9.645 , 1.028 , 54.58 , 182.77
3058 , 15487 , 93.17 , -75.5 , 15 , 14.62 , 9.307 , 0.999 , 55.11 , 182.24
3068 , 15532 , 92.44 , -75.7 , 15 , 14.56 , 9.042 , 0.978 , 55.67 , 181.68
3078 , 15580 , 91.67 , -76.0 , 15 , 14.50 , 8.792 , 0.959 , 56.26 , 181.09
3088 , 15626 , 90.94 , -76.4 , 15 , 14.43 , 8.592 , 0.945 , 56.81 , 180.54
3098 , 15671 , 90.23 , -76.7 , 15 , 14.38 , 8.429 , 0.934 , 57.33 , 180.02
3108 , 15713 , 89.58 , -76.6 , 15 , 14.31 , 8.300 , 0.927 , 57.82 , 179.53
3118 , 15756 , 88.92 , -76.4 , 15 , 14.26 , 8.366 , 0.941 , 58.30 , 179.05
3128 , 15801 , 88.22 , -76.6 , 15 , 14.20 , 8.456 , 0.958 , 58.82 , 178.53
3138 , 15847 , 87.52 , -76.9 , 15 , 14.14 , 8.610 , 0.984 , 59.36 , 177.99
3147 , 15891 , 86.84 , -77.0 , 15 , 14.08 , 8.778 , 1.011 , 59.89 , 177.46
3157 , 15937 , 86.16 , -77.2 , 15 , 14.03 , 8.977 , 1.042 , 60.45 , 176.90
3167 , 15985 , 85.43 , -77.3 , 15 , 13.96 , 9.096 , 1.065 , 61.05 , 176.30
3177 , 16032 , 84.74 , -76.9 , 15 , 13.90 , 9.076 , 1.071 , 61.64 , 175.71
3187 , 16079 , 84.04 , -76.8 , 15 , 13.84 , 8.815 , 1.049 , 62.22 , 175.13
3197 , 16128 , 83.34 , -76.9 , 15 , 13.78 , 8.587 , 1.030 , 62.80 , 174.55
3207 , 16175 , 82.66 , -77.0 , 15 , 13.73 , 8.420 , 1.019 , 63.35 , 174.00
3217 , 16222 , 81.99 , -76.9 , 15 , 13.66 , 8.315 , 1.014 , 63.89 , 173.46
3227 , 16271 , 81.29 , -77.0 , 15 , 13.60 , 8.206 , 1.009 , 64.44 , 172.91
3237 , 16320 , 80.60 , -77.2 , 15 , 13.55 , 8.201 , 1.018 , 64.99 , 172.36
3247 , 16370 , 79.89 , -77.2 , 15 , 13.49 , 8.103 , 1.014 , 65.56 , 171.79
3257 , 16421 , 79.19 , -77.0 , 15 , 13.42 , 8.124 , 1.026 , 66.13 , 171.22
3267 , 16475 , 78.45 , -77.1 , 15 , 13.37 , 8.115 , 1.034 , 66.73 , 170.62
3277 , 16528 , 77.72 , -77.4 , 15 , 13.31 , 8.145 , 1.048 , 67.33 , 170.02
3287 , 16582 , 77.00 , -77.9 , 15 , 13.25 , 8.155 , 1.059 , 67.93 , 169.42
3297 , 16642 , 76.19 , -78.4 , 15 , 13.19 , 8.051 , 1.057 , 68.60 , 168.75
3306 , 16696 , 75.48 , -78.8 , 15 , 13.13 , 7.988 , 1.058 , 69.20 , 168.15
3316 , 16751 , 74.74 , -79.2 , 15 , 13.08 , 7.888 , 1.055 , 69.81 , 167.54
3326 , 16801 , 74.09 , -79.6 , 15 , 13.02 , 7.771 , 1.049 , 70.35 , 167.00
3336 , 16849 , 73.46 , -79.6 , 15 , 12.96 , 7.767 , 1.057 , 70.87 , 166.48
3346 , 16898 , 72.83 , -79.9 , 15 , 12.90 , 7.975 , 1.095 , 71.41 , 165.94
3356 , 16949 , 72.17 , -80.2 , 15 , 12.84 , 8.268 , 1.146 , 71.99 , 165.36
3366 , 16998 , 71.55 , -80.3 , 15 , 12.78 , 8.588 , 1.200 , 72.57 , 164.78
3376 , 17046 , 70.94 , -80.6 , 16 , 12.72 , 9.102 , 1.283 , 73.17 , 164.18
3386 , 17092 , 70.37 , -80.6 , 16 , 12.66 , 9.508 , 1.351 , 73.76 , 163.59
3396 , 17138 , 69.80 , -80.4 , 16 , 12.60 , 9.893 , 1.417 , 74.39 , 162.97
3406 , 17184 , 69.23 , -80.4 , 16 , 12.54 , 10.095 , 1.458 , 75.03 , 162.32
3416 , 17232 , 68.64 , -80.4 , 16 , 12.49 , 10.284 , 1.498 , 75.72 , 161.63
3426 , 17278 , 68.09 , -80.3 , 16 , 12.42 , 10.523 , 1.546 , 76.38 , 160.97
3436 , 17324 , 67.54 , -80.5 , 16 , 12.36 , 10.924 , 1.617 , 77.07 , 160.28
3446 , 17369 , 66.99 , -80.6 , 16 , 12.30 , 11.335 , 1.692 , 77.78 , 159.57
3456 , 17414 , 66.47 , -80.9 , 16 , 12.24 , 11.734 , 1.765 , 78.49 , 158.86
3466 , 17457 , 65.96 , -80.8 , 16 , 12.18 , 11.845 , 1.796 , 79.21 , 158.14
3476 , 17498 , 65.48 , -80.8 , 16 , 12.12 , 11.986 , 1.831 , 79.89 , 157.46
3486 , 17541 , 64.99 , -80.7 , 17 , 12.06 , 11.932 , 1.836 , 80.61 , 156.74
3496 , 17584 , 64.49 , -80.7 , 17 , 12.00 , 11.981 , 1.858 , 81.33 , 156.02
3506 , 17629 , 63.98 , -80.7 , 17 , 11.93 , 11.976 , 1.872 , 82.08 , 155.27
3516 , 17673 , 63.48 , -80.2 , 17 , 11.87 , 12.123 , 1.910 , 82.83 , 154.52
3526 , 17719 , 62.96 , -80.2 , 17 , 11.81 , 12.646 , 2.009 , 83.63 , 153.72
3536 , 17765 , 62.45 , -80.3 , 17 , 11.75 , 13.164 , 2.108 , 84.47 , 152.88
3546 , 17812 , 61.93 , -80.6 , 17 , 11.69 , 13.499 , 2.180 , 85.34 , 152.01
3556 , 17858 , 61.43 , -80.7 , 17 , 11.63 , 13.782 , 2.243 , 86.21 , 151.14
3565 , 17901 , 60.96 , -80.7 , 17 , 11.58 , 13.997 , 2.296 , 87.06 , 150.29
3575 , 17945 , 60.49 , -80.8 , 17 , 11.52 , 14.062 , 2.325 , 87.91 , 149.44
3585 , 17992 , 59.98 , -80.8 , 17 , 11.46 , 14.158 , 2.361 , 88.85 , 148.50
3595 , 18040 , 59.48 , -81.0 , 17 , 11.40 , 14.057 , 2.363 , 89.79 , 147.56
3605 , 18087 , 58.98 , -81.2 , 17 , 11.34 , 14.015 , 2.376 , 90.73 , 146.62
3615 , 18132 , 58.51 , -81.2 , 17 , 11.28 , 13.941 , 2.383 , 91.60 , 145.75
3625 , 18178 , 58.03 , -81.3 , 18 , 11.22 , 13.871 , 2.390 , 92.51 , 144.84
3634 , 18223 , 57.57 , -81.4 , 18 , 11.17 , 13.896 , 2.414 , 93.38 , 143.97
3644 , 18266 , 57.13 , -81.5 , 18 , 11.11 , 13.923 , 2.437 , 94.22 , 143.13
3654 , 18312 , 56.66 , -81.4 , 18 , 11.05 , 14.068 , 2.483 , 95.13 , 142.22
3664 , 18357 , 56.22 , -81.4 , 18 , 11.00 , 14.121 , 2.512 , 96.01 , 141.34
3674 , 18400 , 55.78 , -81.6 , 18 , 10.94 , 14.190 , 2.544 , 96.88 , 140.47
3684 , 18446 , 55.32 , -81.3 , 18 , 10.88 , 14.106 , 2.550 , 97.80 , 139.55
3694 , 18491 , 54.88 , -81.2 , 18 , 10.82 , 14.106 , 2.570 , 98.69 , 138.67
3704 , 18534 , 54.47 , -81.3 , 18 , 10.77 , 14.085 , 2.586 , 99.53 , 137.82
3713 , 18574 , 54.08 , -81.3 , 18 , 10.71 , 14.140 , 2.615 , 100.34 , 137.01
3723 , 18613 , 53.70 , -81.2 , 18 , 10.66 , 14.042 , 2.615 , 101.10 , 136.25
3733 , 18654 , 53.32 , -81.0 , 18 , 10.60 , 13.967 , 2.620 , 101.90 , 135.45
3743 , 18696 , 52.92 , -81.0 , 18 , 10.54 , 14.116 , 2.668 , 102.74 , 134.61
3753 , 18741 , 52.50 , -81.1 , 18 , 10.49 , 14.209 , 2.707 , 103.63 , 133.72
3763 , 18786 , 52.08 , -81.0 , 18 , 10.43 , 14.395 , 2.764 , 104.54 , 132.81
3773 , 18829 , 51.68 , -81.0 , 18 , 10.37 , 14.544 , 2.814 , 105.40 , 131.95
3783 , 18875 , 51.26 , -80.9 , 18 , 10.31 , 14.665 , 2.861 , 106.36 , 130.99
3793 , 18922 , 50.83 , -81.0 , 18 , 10.26 , 14.770 , 2.906 , 107.32 , 130.03
3803 , 18968 , 50.42 , -81.3 , 18 , 10.20 , 14.849 , 2.945 , 108.28 , 129.07
3813 , 19016 , 49.99 , -81.2 , 18 , 10.14 , 14.878 , 2.976 , 109.28 , 128.07
3823 , 19065 , 49.56 , -81.2 , 18 , 10.09 , 14.847 , 2.996 , 110.29 , 127.06
3833 , 19113 , 49.13 , -81.2 , 18 , 10.03 , 14.707 , 2.993 , 111.30 , 126.05
3843 , 19161 , 48.72 , -81.5 , 19 , 9.97 , 14.630 , 3.003 , 112.29 , 125.06
3853 , 19210 , 48.29 , -81.5 , 19 , 9.92 , 14.575 , 3.018 , 113.29 , 124.06
3863 , 19258 , 47.88 , -81.1 , 18 , 9.86 , 14.434 , 3.015 , 114.28 , 123.07
3873 , 19308 , 47.46 , -80.9 , 18 , 9.80 , 14.383 , 3.031 , 115.28 , 122.07
3883 , 19358 , 47.04 , -81.0 , 19 , 9.74 , 14.419 , 3.066 , 116.30 , 121.05
3893 , 19410 , 46.60 , -81.1 , 19 , 9.68 , 14.369 , 3.083 , 117.34 , 120.01
3902 , 19459 , 46.20 , -81.2 , 19 , 9.63 , 14.236 , 3.081 , 118.33 , 119.02
3912 , 19510 , 45.78 , -81.3 , 19 , 9.57 , 14.147 , 3.090 , 119.34 , 118.01
3922 , 19562 , 45.36 , -81.4 , 19 , 9.51 , 14.083 , 3.105 , 120.38 , 116.97
3932 , 19615 , 44.93 , -81.5 , 19 , 9.45 , 13.997 , 3.115 , 121.43 , 115.92
3942 , 19669 , 44.50 , -81.8 , 19 , 9.39 , 13.859 , 3.114 , 122.49 , 114.86
3952 , 19722 , 44.09 , -82.1 , 19 , 9.33 , 13.873 , 3.147 , 123.51 , 113.84
3961 , 19770 , 43.71 , -82.4 , 19 , 9.28 , 13.807 , 3.159 , 124.46 , 112.89
3971 , 19818 , 43.34 , -82.5 , 19 , 9.22 , 13.504 , 3.116 , 125.37 , 111.98
3981 , 19865 , 42.97 , -82.6 , 19 , 9.16 , 13.333 , 3.103 , 126.28 , 111.07
3991 , 19912 , 42.61 , -82.6 , 19 , 9.10 , 13.363 , 3.136 , 127.17 , 110.18
4001 , 19961 , 42.24 , -82.7 , 19 , 9.04 , 13.402 , 3.173 , 128.09 , 109.26
4011 , 20009 , 41.87 , -82.8 , 19 , 8.98 , 13.455 , 3.213 , 129.01 , 108.34
4021 , 20057 , 41.52 , -82.8 , 19 , 8.92 , 13.478 , 3.246 , 129.91 , 107.44
4031 , 20104 , 41.17 , -82.8 , 19 , 8.86 , 13.345 , 3.242 , 130.80 , 106.55
4041 , 20151 , 40.82 , -82.9 , 19 , 8.80 , 13.254 , 3.247 , 131.69 , 105.66
4050 , 20195 , 40.50 , -83.0 , 19 , 8.74 , 13.230 , 3.267 , 132.52 , 104.83
4060 , 20240 , 40.17 , -83.1 , 19 , 8.69 , 13.237 , 3.295 , 133.38 , 103.97
4070 , 20288 , 39.83 , -83.2 , 19 , 8.63 , 13.224 , 3.320 , 134.27 , 103.08
4080 , 20336 , 39.49 , -83.5 , 19 , 8.57 , 13.297 , 3.367 , 135.17 , 102.18
4090 , 20383 , 39.15 , -83.8 , 19 , 8.51 , 13.328 , 3.404 , 136.06 , 101.29
4100 , 20431 , 38.81 , -84.0 , 19 , 8.45 , 13.159 , 3.390 , 136.97 , 100.38
4110 , 20477 , 38.49 , -84.0 , 19 , 8.39 , 13.096 , 3.402 , 137.83 , 99.52
4120 , 20527 , 38.15 , -84.2 , 19 , 8.33 , 13.086 , 3.430 , 138.76 , 98.59
4130 , 20574 , 37.83 , -84.4 , 19 , 8.27 , 13.033 , 3.445 , 139.63 , 97.72
4140 , 20622 , 37.49 , -84.4 , 19 , 8.21 , 12.891 , 3.438 , 140.53 , 96.82
4150 , 20669 , 37.18 , -84.2 , 19 , 8.16 , 12.803 , 3.444 , 141.39 , 95.96
4160 , 20717 , 36.86 , -84.3 , 19 , 8.10 , 12.749 , 3.459 , 142.26 , 95.09
4170 , 20764 , 36.55 , -84.4 , 19 , 8.04 , 12.675 , 3.468 , 143.12 , 94.24
4180 , 20808 , 36.25 , -84.4 , 19 , 7.98 , 12.569 , 3.467 , 143.92 , 93.43
4190 , 20856 , 35.94 , -84.4 , 19 , 7.93 , 12.493 , 3.476 , 144.77 , 92.58
4200 , 20898 , 35.67 , -84.3 , 19 , 7.87 , 12.498 , 3.504 , 145.53 , 91.82
4210 , 20947 , 35.35 , -84.3 , 19 , 7.82 , 12.500 , 3.536 , 146.40 , 90.95
4220 , 20992 , 35.07 , -84.3 , 19 , 7.76 , 12.461 , 3.553 , 147.19 , 90.16
4230 , 21039 , 34.77 , -84.3 , 19 , 7.70 , 12.359 , 3.554 , 148.04 , 89.31
4239 , 21080 , 34.51 , -84.3 , 19 , 7.65 , 12.341 , 3.576 , 148.76 , 88.59
4249 , 21124 , 34.24 , -84.3 , 19 , 7.60 , 12.348 , 3.606 , 149.52 , 87.83
4259 , 21169 , 33.96 , -84.4 , 19 , 7.54 , 12.292 , 3.619 , 150.32 , 87.03
4269 , 21219 , 33.66 , -84.7 , 19 , 7.48 , 12.332 , 3.664 , 151.19 , 86.16
4278 , 21263 , 33.39 , -84.8 , 19 , 7.43 , 12.345 , 3.697 , 151.97 , 85.38
4288 , 21308 , 33.12 , -84.4 , 19 , 7.38 , 12.327 , 3.722 , 152.76 , 84.59
4298 , 21356 , 32.83 , -84.3 , 19 , 7.34 , 12.335 , 3.757 , 153.62 , 83.73
4308 , 21404 , 32.55 , -84.3 , 19 , 7.29 , 12.266 , 3.769 , 154.46 , 82.89
4318 , 21449 , 32.28 , -84.2 , 19 , 7.24 , 12.114 , 3.753 , 155.25 , 82.10
4328 , 21498 , 32.00 , -84.3 , 19 , 7.19 , 12.022 , 3.757 , 156.08 , 81.27
4338 , 21547 , 31.71 , -84.5 , 19 , 7.14 , 11.919 , 3.758 , 156.93 , 80.42
4348 , 21596 , 31.44 , -84.4 , 19 , 7.09 , 11.822 , 3.760 , 157.75 , 79.60
4358 , 21646 , 31.15 , -84.3 , 19 , 7.03 , 11.692 , 3.753 , 158.60 , 78.75
4368 , 21697 , 30.87 , -84.3 , 19 , 6.97 , 11.545 , 3.740 , 159.44 , 77.91
4378 , 21748 , 30.58 , -84.1 , 19 , 6.92 , 11.550 , 3.777 , 160.28 , 77.07
4387 , 21799 , 30.30 , -84.2 , 19 , 6.86 , 11.412 , 3.766 , 161.11 , 76.24
4397 , 21849 , 30.03 , -84.2 , 19 , 6.81 , 11.247 , 3.745 , 161.92 , 75.43
4407 , 21902 , 29.74 , -83.9 , 19 , 6.75 , 11.064 , 3.720 , 162.78 , 74.58
4417 , 21957 , 29.45 , -83.7 , 19 , 6.69 , 10.886 , 3.696 , 163.62 , 73.73
4427 , 22011 , 29.17 , -83.4 , 19 , 6.63 , 10.796 , 3.702 , 164.46 , 72.89
4437 , 22064 , 28.89 , -83.3 , 20 , 6.57 , 10.609 , 3.672 , 165.26 , 72.09
4447 , 22117 , 28.61 , -83.1 , 19 , 6.51 , 10.462 , 3.657 , 166.06 , 71.29
4457 , 22170 , 28.35 , -83.2 , 20 , 6.45 , 10.401 , 3.669 , 166.84 , 70.51
4467 , 22219 , 28.09 , -83.3 , 20 , 6.39 , 10.271 , 3.656 , 167.57 , 69.78
4477 , 22270 , 27.84 , -83.4 , 20 , 6.33 , 10.170 , 3.653 , 168.30 , 69.05
4487 , 22320 , 27.59 , -83.7 , 20 , 6.27 , 10.074 , 3.652 , 169.02 , 68.33
4497 , 22372 , 27.33 , -83.8 , 20 , 6.20 , 9.973 , 3.649 , 169.76 , 67.59
4507 , 22424 , 27.08 , -83.9 , 19 , 6.14 , 9.830 , 3.630 , 170.49 , 66.86
4517 , 22477 , 26.82 , -84.3 , 19 , 6.08 , 9.746 , 3.634 , 171.24 , 66.11
4527 , 22529 , 26.57 , -84.6 , 19 , 6.02 , 9.664 , 3.638 , 171.96 , 65.39
4537 , 22583 , 26.31 , -84.4 , 19 , 5.96 , 9.629 , 3.660 , 172.70 , 64.65
4547 , 22632 , 26.07 , -84.5 , 19 , 5.90 , 9.560 , 3.667 , 173.38 , 63.97
4557 , 22685 , 25.83 , -84.5 , 19 , 5.84 , 9.446 , 3.658 , 174.09 , 63.26
4567 , 22734 , 25.60 , -84.5 , 19 , 5.78 , 9.287 , 3.628 , 174.76 , 62.59
4577 , 22783 , 25.37 , -84.6 , 19 , 5.72 , 9.160 , 3.610 , 175.40 , 61.96
4587 , 22832 , 25.15 , -84.7 , 19 , 5.66 , 9.099 , 3.619 , 176.04 , 61.31
4596 , 22882 , 24.92 , -84.7 , 19 , 5.60 , 9.024 , 3.621 , 176.69 , 60.67
4606 , 22929 , 24.71 , -84.5 , 19 , 5.54 , 8.986 , 3.637 , 177.28 , 60.07
4616 , 22978 , 24.49 , -84.4 , 19 , 5.48 , 8.973 , 3.664 , 177.92 , 59.43
4626 , 23028 , 24.27 , -84.5 , 19 , 5.42 , 8.866 , 3.653 , 178.56 , 58.79
4636 , 23078 , 24.05 , -84.7 , 19 , 5.36 , 8.798 , 3.658 , 179.19 , 58.16
4646 , 23128 , 23.83 , -84.8 , 19 , 5.31 , 8.656 , 3.632 , 179.82 , 57.53
4656 , 23177 , 23.62 , -84.7 , 19 , 5.24 , 8.534 , 3.613 , 180.42 , 56.93
4666 , 23224 , 23.42 , -84.7 , 19 , 5.19 , 8.393 , 3.584 , 180.99 , 56.36
4676 , 23276 , 23.20 , -84.7 , 19 , 5.13 , 8.286 , 3.571 , 181.60 , 55.75
4686 , 23326 , 22.99 , -84.8 , 19 , 5.07 , 8.203 , 3.567 , 182.20 , 55.15
4696 , 23373 , 22.80 , -84.9 , 19 , 5.01 , 8.050 , 3.531 , 182.74 , 54.61
4706 , 23421 , 22.60 , -85.1 , 19 , 4.95 , 7.913 , 3.501 , 183.29 , 54.06
4716 , 23469 , 22.40 , -85.4 , 19 , 4.90 , 7.757 , 3.462 , 183.83 , 53.52
4726 , 23519 , 22.20 , -85.8 , 19 , 4.84 , 7.591 , 3.419 , 184.38 , 52.97
4736 , 23565 , 22.01 , -85.5 , 19 , 4.78 , 7.487 , 3.401 , 184.88 , 52.47
4746 , 23613 , 21.82 , -85.6 , 19 , 4.73 , 7.380 , 3.382 , 185.40 , 51.95
4756 , 23663 , 21.63 , -85.6 , 19 , 4.67 , 7.272 , 3.363 , 185.92 , 51.43
4766 , 23713 , 21.43 , -85.6 , 19 , 4.61 , 7.176 , 3.348 , 186.44 , 50.91
4776 , 23763 , 21.24 , -85.6 , 19 , 4.56 , 7.106 , 3.346 , 186.95 , 50.40
4786 , 23816 , 21.03 , -85.4 , 19 , 4.50 , 7.001 , 3.328 , 187.48 , 49.87
4796 , 23866 , 20.84 , -85.4 , 19 , 4.44 , 6.903 , 3.312 , 187.99 , 49.36
4805 , 23914 , 20.66 , -85.7 , 19 , 4.39 , 6.781 , 3.283 , 188.47 , 48.89
4815 , 23962 , 20.48 , -85.9 , 19 , 4.34 , 6.675 , 3.259 , 188.92 , 48.43
4825 , 24011 , 20.30 , -85.7 , 19 , 4.28 , 6.607 , 3.255 , 189.39 , 47.96
4835 , 24061 , 20.11 , -85.2 , 19 , 4.23 , 6.535 , 3.249 , 189.87 , 47.48
4845 , 24113 , 19.92 , -85.3 , 19 , 4.17 , 6.407 , 3.216 , 190.35 , 47.00
4855 , 24163 , 19.74 , -85.7 , 19 , 4.12 , 6.321 , 3.202 , 190.81 , 46.54
4865 , 24213 , 19.56 , -85.8 , 19 , 4.06 , 6.193 , 3.166 , 191.26 , 46.09
4875 , 24263 , 19.39 , -85.8 , 19 , 4.00 , 6.136 , 3.165 , 191.70 , 45.65
4885 , 24311 , 19.22 , -85.4 , 19 , 3.95 , 6.126 , 3.188 , 192.12 , 45.23
4895 , 24361 , 19.04 , -84.9 , 19 , 3.89 , 6.035 , 3.169 , 192.56 , 44.79
4905 , 24410 , 18.88 , -84.4 , 19 , 3.84 , 5.972 , 3.164 , 192.98 , 44.37
4915 , 24455 , 18.72 , -83.9 , 19 , 3.78 , 5.893 , 3.148 , 193.36 , 43.99
4924 , 24501 , 18.57 , -83.8 , 19 , 3.73 , 5.843 , 3.147 , 193.74 , 43.61
4934 , 24543 , 18.43 , -83.8 , 19 , 3.67 , 5.745 , 3.118 , 194.09 , 43.26
4944 , 24595 , 18.26 , -84.1 , 19 , 3.62 , 5.730 , 3.138 , 194.51 , 42.84
4954 , 24641 , 18.11 , -84.4 , 19 , 3.56 , 5.751 , 3.176 , 194.89 , 42.46
4964 , 24686 , 17.96 , -84.7 , 19 , 3.51 , 5.667 , 3.156 , 195.26 , 42.09
4974 , 24731 , 17.81 , -85.0 , 19 , 3.46 , 5.642 , 3.168 , 195.63 , 41.72
4984 , 24775 , 17.67 , -85.0 , 19 , 3.40 , 5.623 , 3.182 , 195.98 , 41.37
4994 , 24819 , 17.53 , -85.0 , 19 , 3.35 , 5.585 , 3.186 , 196.33 , 41.02
5004 , 24864 , 17.39 , -84.9 , 19 , 3.29 , 5.541 , 3.187 , 196.69 , 40.66
5014 , 24908 , 17.25 , -84.6 , 19 , 3.24 , 5.475 , 3.174 , 197.04 , 40.31
5024 , 24955 , 17.10 , -84.7 , 19 , 3.19 , 5.434 , 3.177 , 197.40 , 39.95
5034 , 24998 , 16.97 , -84.8 , 19 , 3.14 , 5.371 , 3.165 , 197.74 , 39.61
5044 , 25044 , 16.83 , -84.8 , 19 , 3.08 , 5.325 , 3.164 , 198.09 , 39.26
5054 , 25087 , 16.70 , -84.8 , 19 , 3.03 , 5.269 , 3.155 , 198.41 , 38.94
5064 , 25131 , 16.57 , -84.9 , 19 , 2.98 , 5.229 , 3.157 , 198.75 , 38.60
5074 , 25178 , 16.42 , -84.7 , 19 , 2.93 , 5.174 , 3.150 , 199.10 , 38.25
5084 , 25228 , 16.28 , -84.3 , 19 , 2.79 , 5.104 , 3.136 , 199.46 , 37.89
5094 , 25278 , 16.13 , -84.1 , 19 , 2.50 , 5.039 , 3.124 , 199.83 , 37.52
5104 , 25328 , 15.98 , -83.8 , 19 , 2.27 , 4.960 , 3.103 , 200.19 , 37.17
5114 , 25379 , 15.84 , -83.7 , 19 , 2.15 , 4.867 , 3.073 , 200.54 , 36.81
5124 , 25433 , 15.68 , -83.9 , 19 , 2.04 , 4.824 , 3.076 , 200.91 , 36.44
5134 , 25484 , 15.54 , -84.2 , 19 , 1.97 , 4.717 , 3.035 , 201.26 , 36.09
5144 , 25536 , 15.40 , -84.3 , 19 , 1.92 , 4.663 , 3.029 , 201.61 , 35.74
5154 , 25592 , 15.24 , -84.4 , 19 , 1.88 , 4.647 , 3.049 , 201.98 , 35.37
5164 , 25644 , 15.10 , -84.4 , 18 , 1.85 , 4.631 , 3.068 , 202.32 , 35.03
5174 , 25691 , 14.97 , -84.4 , 18 , 1.83 , 4.594 , 3.069 , 202.63 , 34.72
5184 , 25743 , 14.83 , -84.7 , 18 , 1.82 , 4.528 , 3.054 , 202.97 , 34.38
5194 , 25791 , 14.70 , -84.9 , 18 , 1.81 , 4.459 , 3.033 , 203.28 , 34.07
5204 , 25837 , 14.58 , -84.9 , 18 , 1.80 , 4.356 , 2.988 , 203.57 , 33.78
5214 , 25892 , 14.43 , -84.7 , 18 , 1.80 , 4.301 , 2.980 , 203.92 , 33.44
5224 , 25935 , 14.32 , -84.6 , 18 , 1.81 , 4.213 , 2.942 , 204.17 , 33.18
5234 , 25985 , 14.19 , -84.7 , 18 , 1.82 , 4.204 , 2.962 , 204.48 , 32.87
5244 , 26031 , 14.07 , -84.5 , 18 , 1.84 , 4.151 , 2.950 , 204.75 , 32.60
5253 , 26082 , 13.94 , -84.1 , 18 , 1.85 , 4.107 , 2.945 , 205.05 , 32.30
5263 , 26122 , 13.85 , -83.8 , 18 , 1.87 , 4.030 , 2.911 , 205.28 , 32.07
5273 , 26173 , 13.72 , -83.6 , 18 , 1.90 , 4.000 , 2.916 , 205.57 , 31.78
5283 , 26221 , 13.60 , -83.0 , 18 , 1.93 , 3.922 , 2.884 , 205.85 , 31.51
5293 , 26270 , 13.48 , -82.5 , 18 , 1.95 , 3.916 , 2.905 , 206.12 , 31.23
5303 , 26316 , 13.37 , -82.2 , 18 , 1.95 , 3.895 , 2.913 , 206.37 , 30.98
5313 , 26365 , 13.25 , -82.3 , 18 , 1.94 , 3.843 , 2.900 , 206.64 , 30.71
5323 , 26418 , 13.13 , -82.3 , 18 , 1.91 , 3.800 , 2.895 , 206.92 , 30.43
5333 , 26464 , 13.02 , -82.3 , 18 , 1.89 , 3.800 , 2.919 , 207.17 , 30.18
5343 , 26516 , 12.90 , -82.3 , 18 , 1.86 , 3.776 , 2.927 , 207.45 , 29.90
5353 , 26560 , 12.80 , -82.3 , 18 , 1.84 , 3.731 , 2.915 , 207.68 , 29.67
5363 , 26612 , 12.68 , -82.0 , 18 , 1.81 , 3.683 , 2.904 , 207.95 , 29.40
5373 , 26659 , 12.57 , -81.7 , 18 , 1.79 , 3.767 , 2.996 , 208.20 , 29.15
5383 , 26710 , 12.46 , -81.4 , 17 , 1.77 , 3.729 , 2.993 , 208.47 , 28.88
5393 , 26755 , 12.36 , -81.3 , 17 , 1.75 , 3.673 , 2.971 , 208.70 , 28.65
5403 , 26796 , 12.27 , -80.9 , 17 , 1.72 , 3.632 , 2.959 , 208.91 , 28.44
5413 , 26841 , 12.17 , -80.4 , 17 , 1.68 , 3.574 , 2.936 , 209.14 , 28.21
