# ------------------------------------------------------------
#
# Flight name: V3111
# Station: Davis
# Launch Date: 26 August 2011
# Launch Time: 11:15:44
# 
# This file created: Mon Aug 29 10:04:04 2011
# 
# 
# ------------------------------------------------------------
# DATA COLUMNS
# Time (s)
# Height (m)
# Atmospheric Pressure (hPa)
# Atmospheric Temperature (°C)
# Relative Humidity (%)
# Box Temperature (°C)
# Ozone Partial Pressure (mPa)
# Ozone Mixing Ratio (ppmV)
# Accumulated Ozone to this Height (Dobson Units)
# Remaining Ozone above this Height (Dobson Units)
# 
# ------------------------------------------------------------
# 
# Integrated Ozone = 185.1 DU
# Extrapolated Ozone =  27.2 DU
# 
# Total Ozone = 212.4 DU
# 
# 
# ------------------------------------------------------------
0 , 18 , 984.92 , -17.9 , 48 , 36.26 , 3.378 , 0.034 , 0.00 , 212.36
10 , 58 , 979.61 , -16.2 , 45 , 36.30 , 3.438 , 0.035 , 0.15 , 212.21
19 , 94 , 974.90 , -15.5 , 43 , 36.35 , 3.483 , 0.036 , 0.28 , 212.08
29 , 133 , 969.90 , -15.4 , 44 , 36.39 , 3.443 , 0.036 , 0.42 , 211.94
39 , 183 , 963.53 , -15.5 , 45 , 36.40 , 3.343 , 0.035 , 0.59 , 211.76
49 , 236 , 956.82 , -15.9 , 47 , 36.37 , 3.291 , 0.034 , 0.78 , 211.58
59 , 283 , 950.76 , -16.4 , 48 , 36.21 , 3.199 , 0.034 , 0.94 , 211.42
69 , 329 , 944.98 , -16.7 , 50 , 36.07 , 3.181 , 0.034 , 1.09 , 211.26
79 , 375 , 939.17 , -17.1 , 51 , 35.97 , 3.289 , 0.035 , 1.25 , 211.10
89 , 428 , 932.66 , -17.6 , 52 , 35.86 , 3.236 , 0.035 , 1.43 , 210.93
99 , 475 , 926.81 , -18.1 , 54 , 35.73 , 3.244 , 0.035 , 1.59 , 210.76
109 , 523 , 920.78 , -18.5 , 56 , 35.61 , 3.157 , 0.034 , 1.76 , 210.60
119 , 574 , 914.51 , -19.0 , 58 , 35.50 , 3.153 , 0.034 , 1.93 , 210.43
129 , 628 , 907.90 , -19.5 , 60 , 35.38 , 3.136 , 0.035 , 2.11 , 210.25
139 , 679 , 901.67 , -20.0 , 62 , 35.27 , 3.118 , 0.035 , 2.28 , 210.08
149 , 731 , 895.44 , -20.5 , 64 , 35.14 , 3.064 , 0.034 , 2.44 , 209.91
159 , 776 , 889.96 , -20.9 , 66 , 35.08 , 3.067 , 0.034 , 2.59 , 209.76
169 , 826 , 883.99 , -21.3 , 67 , 34.98 , 3.037 , 0.034 , 2.76 , 209.60
179 , 876 , 877.98 , -21.6 , 68 , 34.87 , 3.045 , 0.035 , 2.92 , 209.44
189 , 926 , 872.01 , -21.9 , 68 , 34.75 , 3.032 , 0.035 , 3.08 , 209.27
199 , 974 , 866.36 , -22.3 , 70 , 34.64 , 3.012 , 0.035 , 3.24 , 209.12
209 , 1023 , 860.54 , -22.7 , 72 , 34.53 , 2.988 , 0.035 , 3.40 , 208.96
219 , 1073 , 854.75 , -22.9 , 73 , 34.43 , 2.966 , 0.035 , 3.56 , 208.80
229 , 1122 , 848.98 , -23.2 , 74 , 34.34 , 2.959 , 0.035 , 3.71 , 208.64
239 , 1171 , 843.32 , -23.6 , 76 , 34.24 , 2.933 , 0.035 , 3.87 , 208.49
249 , 1219 , 837.85 , -23.8 , 77 , 34.13 , 2.894 , 0.035 , 4.02 , 208.34
259 , 1268 , 832.20 , -24.1 , 80 , 34.04 , 2.901 , 0.035 , 4.17 , 208.18
269 , 1317 , 826.61 , -23.9 , 84 , 33.95 , 2.889 , 0.035 , 4.33 , 208.03
279 , 1369 , 820.84 , -23.4 , 92 , 33.85 , 2.854 , 0.035 , 4.49 , 207.87
289 , 1422 , 814.92 , -23.4 , 93 , 33.79 , 2.845 , 0.035 , 4.65 , 207.71
299 , 1465 , 810.14 , -23.3 , 89 , 33.72 , 2.813 , 0.035 , 4.78 , 207.57
308 , 1508 , 805.33 , -23.5 , 90 , 33.65 , 2.831 , 0.035 , 4.91 , 207.44
318 , 1555 , 800.15 , -23.8 , 88 , 33.56 , 2.816 , 0.035 , 5.06 , 207.30
327 , 1598 , 795.48 , -24.1 , 87 , 33.51 , 2.817 , 0.035 , 5.19 , 207.17
336 , 1638 , 791.10 , -24.5 , 90 , 33.46 , 2.807 , 0.035 , 5.31 , 207.05
346 , 1685 , 786.07 , -24.8 , 89 , 33.41 , 2.764 , 0.035 , 5.45 , 206.90
356 , 1732 , 780.92 , -25.0 , 86 , 33.41 , 2.758 , 0.035 , 5.59 , 206.76
366 , 1782 , 775.65 , -24.6 , 76 , 33.33 , 2.709 , 0.035 , 5.74 , 206.62
376 , 1831 , 770.38 , -23.8 , 52 , 33.25 , 2.701 , 0.035 , 5.89 , 206.47
386 , 1885 , 764.73 , -23.7 , 40 , 33.13 , 2.757 , 0.036 , 6.04 , 206.31
396 , 1939 , 759.09 , -23.5 , 43 , 33.03 , 2.749 , 0.036 , 6.20 , 206.15
406 , 1991 , 753.76 , -23.0 , 46 , 32.97 , 2.740 , 0.036 , 6.36 , 206.00
416 , 2047 , 748.04 , -22.9 , 48 , 32.89 , 2.737 , 0.037 , 6.52 , 205.83
426 , 2100 , 742.64 , -23.1 , 48 , 32.78 , 2.729 , 0.037 , 6.68 , 205.68
435 , 2150 , 737.50 , -23.5 , 50 , 32.73 , 2.710 , 0.037 , 6.83 , 205.53
445 , 2194 , 733.10 , -23.9 , 52 , 32.69 , 2.696 , 0.037 , 6.95 , 205.40
455 , 2240 , 728.51 , -24.2 , 53 , 32.66 , 2.696 , 0.037 , 7.09 , 205.27
465 , 2287 , 723.82 , -24.5 , 53 , 32.59 , 2.669 , 0.037 , 7.22 , 205.13
475 , 2336 , 718.96 , -24.7 , 51 , 32.50 , 2.651 , 0.037 , 7.37 , 204.99
485 , 2383 , 714.31 , -24.6 , 45 , 32.43 , 2.630 , 0.037 , 7.50 , 204.85
495 , 2434 , 709.34 , -24.8 , 43 , 32.38 , 2.590 , 0.037 , 7.65 , 204.71
505 , 2485 , 704.35 , -24.9 , 46 , 32.31 , 2.607 , 0.037 , 7.79 , 204.56
515 , 2537 , 699.33 , -25.2 , 48 , 32.22 , 2.553 , 0.037 , 7.94 , 204.42
525 , 2588 , 694.44 , -25.4 , 54 , 32.15 , 2.462 , 0.035 , 8.07 , 204.28
535 , 2637 , 689.81 , -25.7 , 56 , 32.13 , 2.402 , 0.035 , 8.20 , 204.15
545 , 2686 , 685.12 , -26.0 , 59 , 32.07 , 2.343 , 0.034 , 8.33 , 204.02
555 , 2737 , 680.28 , -26.2 , 56 , 31.99 , 2.308 , 0.034 , 8.46 , 203.89
565 , 2790 , 675.37 , -26.1 , 50 , 31.91 , 2.319 , 0.034 , 8.59 , 203.76
575 , 2844 , 670.32 , -26.3 , 49 , 31.86 , 2.309 , 0.034 , 8.73 , 203.62
585 , 2899 , 665.20 , -26.6 , 50 , 31.78 , 2.287 , 0.034 , 8.87 , 203.49
595 , 2951 , 660.46 , -26.9 , 50 , 31.72 , 2.265 , 0.034 , 9.00 , 203.36
604 , 2997 , 656.25 , -27.2 , 50 , 31.69 , 2.249 , 0.034 , 9.11 , 203.24
614 , 3050 , 651.41 , -27.6 , 50 , 31.66 , 2.213 , 0.034 , 9.24 , 203.11
624 , 3098 , 647.06 , -27.9 , 44 , 31.63 , 2.192 , 0.034 , 9.36 , 203.00
634 , 3150 , 642.45 , -28.2 , 39 , 31.57 , 2.183 , 0.034 , 9.48 , 202.87
644 , 3201 , 637.86 , -28.7 , 38 , 31.53 , 2.172 , 0.034 , 9.61 , 202.75
653 , 3252 , 633.35 , -29.0 , 38 , 31.50 , 2.156 , 0.034 , 9.73 , 202.63
663 , 3303 , 628.81 , -29.5 , 38 , 31.46 , 2.137 , 0.034 , 9.85 , 202.51
673 , 3356 , 624.17 , -29.9 , 37 , 31.40 , 2.106 , 0.034 , 9.97 , 202.38
683 , 3409 , 619.56 , -30.3 , 36 , 31.33 , 2.095 , 0.034 , 10.10 , 202.26
693 , 3461 , 615.02 , -30.5 , 35 , 31.27 , 2.110 , 0.034 , 10.22 , 202.14
703 , 3513 , 610.50 , -30.8 , 38 , 31.21 , 2.108 , 0.035 , 10.34 , 202.02
712 , 3564 , 606.16 , -30.9 , 34 , 31.15 , 2.096 , 0.035 , 10.46 , 201.90
722 , 3613 , 601.99 , -30.9 , 29 , 31.09 , 2.179 , 0.036 , 10.57 , 201.78
732 , 3663 , 597.78 , -31.1 , 22 , 31.03 , 2.229 , 0.037 , 10.70 , 201.66
742 , 3712 , 593.66 , -30.8 , 12 , 30.97 , 2.228 , 0.038 , 10.82 , 201.54
752 , 3764 , 589.29 , -31.1 , 7 , 30.94 , 2.183 , 0.037 , 10.95 , 201.41
762 , 3815 , 585.05 , -31.4 , 6 , 30.89 , 2.152 , 0.037 , 11.07 , 201.28
772 , 3867 , 580.81 , -31.8 , 6 , 30.83 , 2.148 , 0.037 , 11.19 , 201.16
782 , 3917 , 576.67 , -32.2 , 6 , 30.78 , 2.124 , 0.037 , 11.31 , 201.04
792 , 3968 , 572.52 , -32.3 , 8 , 30.73 , 2.143 , 0.037 , 11.44 , 200.92
802 , 4017 , 568.55 , -32.7 , 10 , 30.69 , 2.144 , 0.038 , 11.55 , 200.80
812 , 4063 , 564.86 , -33.1 , 10 , 30.67 , 2.137 , 0.038 , 11.66 , 200.69
822 , 4106 , 561.41 , -33.2 , 11 , 30.65 , 2.140 , 0.038 , 11.77 , 200.59
832 , 4146 , 558.21 , -33.5 , 13 , 30.65 , 2.135 , 0.038 , 11.86 , 200.49
842 , 4191 , 554.61 , -33.8 , 16 , 30.61 , 2.120 , 0.038 , 11.97 , 200.38
852 , 4239 , 550.83 , -33.8 , 15 , 30.56 , 2.141 , 0.039 , 12.09 , 200.27
862 , 4287 , 547.07 , -33.8 , 10 , 30.53 , 2.123 , 0.039 , 12.20 , 200.15
872 , 4338 , 543.12 , -33.8 , 12 , 30.50 , 2.106 , 0.039 , 12.32 , 200.03
882 , 4391 , 539.00 , -34.2 , 18 , 30.46 , 2.087 , 0.039 , 12.45 , 199.91
892 , 4439 , 535.31 , -34.4 , 24 , 30.41 , 2.060 , 0.038 , 12.56 , 199.79
902 , 4488 , 531.63 , -34.9 , 29 , 30.37 , 2.040 , 0.038 , 12.67 , 199.68
912 , 4539 , 527.72 , -35.3 , 31 , 30.33 , 1.979 , 0.038 , 12.79 , 199.56
922 , 4589 , 523.95 , -35.7 , 33 , 30.29 , 1.920 , 0.037 , 12.90 , 199.45
932 , 4636 , 520.40 , -35.8 , 36 , 30.24 , 1.899 , 0.036 , 13.00 , 199.35
942 , 4692 , 516.24 , -36.1 , 36 , 30.18 , 1.887 , 0.037 , 13.12 , 199.23
952 , 4748 , 512.06 , -36.5 , 34 , 30.11 , 1.857 , 0.036 , 13.24 , 199.11
961 , 4795 , 508.59 , -36.9 , 33 , 30.03 , 1.846 , 0.036 , 13.34 , 199.01
971 , 4844 , 505.03 , -37.2 , 33 , 29.99 , 1.846 , 0.037 , 13.45 , 198.91
981 , 4896 , 501.20 , -37.6 , 33 , 29.96 , 1.859 , 0.037 , 13.56 , 198.80
991 , 4948 , 497.45 , -37.9 , 34 , 29.93 , 1.870 , 0.038 , 13.67 , 198.69
1001 , 5003 , 493.47 , -38.3 , 35 , 29.91 , 1.887 , 0.038 , 13.79 , 198.57
1011 , 5062 , 489.27 , -38.7 , 37 , 29.87 , 1.893 , 0.039 , 13.91 , 198.44
1021 , 5121 , 485.09 , -39.0 , 34 , 29.85 , 1.873 , 0.039 , 14.04 , 198.31
1031 , 5170 , 481.60 , -39.3 , 32 , 29.84 , 1.863 , 0.039 , 14.15 , 198.21
1041 , 5225 , 477.76 , -39.8 , 32 , 29.80 , 1.854 , 0.039 , 14.26 , 198.09
1051 , 5276 , 474.24 , -40.2 , 31 , 29.76 , 1.846 , 0.039 , 14.37 , 197.98
1061 , 5332 , 470.30 , -40.6 , 31 , 29.74 , 1.825 , 0.039 , 14.49 , 197.86
1071 , 5388 , 466.45 , -40.9 , 30 , 29.69 , 1.814 , 0.039 , 14.61 , 197.74
1080 , 5440 , 462.95 , -41.3 , 28 , 29.67 , 1.821 , 0.039 , 14.72 , 197.64
1091 , 5493 , 459.30 , -41.7 , 28 , 29.64 , 1.804 , 0.039 , 14.83 , 197.52
1101 , 5553 , 455.24 , -42.1 , 27 , 29.58 , 1.775 , 0.039 , 14.96 , 197.40
1111 , 5613 , 451.21 , -42.7 , 29 , 29.53 , 1.757 , 0.039 , 15.08 , 197.27
1121 , 5665 , 447.76 , -43.1 , 31 , 29.50 , 1.755 , 0.039 , 15.19 , 197.17
1131 , 5710 , 444.80 , -43.4 , 29 , 29.46 , 1.747 , 0.039 , 15.28 , 197.07
1141 , 5753 , 441.93 , -43.7 , 27 , 29.44 , 1.755 , 0.040 , 15.37 , 196.99
1151 , 5796 , 439.13 , -43.9 , 26 , 29.41 , 1.752 , 0.040 , 15.46 , 196.90
1161 , 5849 , 435.66 , -44.2 , 28 , 29.36 , 1.720 , 0.039 , 15.57 , 196.79
1171 , 5896 , 432.61 , -44.6 , 31 , 29.31 , 1.696 , 0.039 , 15.66 , 196.69
1181 , 5950 , 429.15 , -45.0 , 33 , 29.27 , 1.688 , 0.039 , 15.77 , 196.59
1191 , 6006 , 425.58 , -45.5 , 35 , 29.20 , 1.678 , 0.039 , 15.88 , 196.48
1201 , 6062 , 422.00 , -46.0 , 35 , 29.13 , 1.664 , 0.039 , 15.99 , 196.36
1210 , 6108 , 419.07 , -46.3 , 35 , 29.08 , 1.662 , 0.040 , 16.08 , 196.27
1220 , 6157 , 415.98 , -46.6 , 33 , 29.05 , 1.675 , 0.040 , 16.18 , 196.18
1230 , 6213 , 412.50 , -46.9 , 28 , 29.03 , 1.679 , 0.041 , 16.29 , 196.06
1240 , 6266 , 409.23 , -47.3 , 24 , 28.98 , 1.695 , 0.041 , 16.40 , 195.96
1250 , 6311 , 406.41 , -47.5 , 19 , 28.93 , 1.710 , 0.042 , 16.49 , 195.87
1260 , 6367 , 402.98 , -47.7 , 15 , 28.90 , 1.727 , 0.043 , 16.60 , 195.75
1269 , 6414 , 400.14 , -48.2 , 12 , 28.88 , 1.730 , 0.043 , 16.70 , 195.65
1279 , 6454 , 397.72 , -48.5 , 11 , 28.87 , 1.729 , 0.043 , 16.78 , 195.57
1289 , 6503 , 394.75 , -48.9 , 10 , 28.82 , 1.729 , 0.044 , 16.89 , 195.47
1299 , 6546 , 392.15 , -49.2 , 10 , 28.79 , 1.724 , 0.044 , 16.98 , 195.38
1309 , 6595 , 389.22 , -49.4 , 12 , 28.76 , 1.697 , 0.044 , 17.08 , 195.28
1319 , 6642 , 386.46 , -49.7 , 16 , 28.72 , 1.646 , 0.043 , 17.17 , 195.18
1329 , 6695 , 383.37 , -50.1 , 20 , 28.70 , 1.614 , 0.042 , 17.27 , 195.08
1339 , 6746 , 380.34 , -50.5 , 21 , 28.65 , 1.577 , 0.041 , 17.37 , 194.98
1349 , 6792 , 377.69 , -50.8 , 22 , 28.61 , 1.568 , 0.042 , 17.46 , 194.89
1358 , 6847 , 374.50 , -51.1 , 20 , 28.55 , 1.580 , 0.042 , 17.57 , 194.79
1368 , 6905 , 371.16 , -51.4 , 16 , 28.47 , 1.590 , 0.043 , 17.68 , 194.68
1378 , 6969 , 367.54 , -51.9 , 13 , 28.42 , 1.609 , 0.044 , 17.80 , 194.55
1388 , 7019 , 364.72 , -52.2 , 11 , 28.41 , 1.616 , 0.044 , 17.90 , 194.45
1398 , 7066 , 362.03 , -52.6 , 10 , 28.38 , 1.537 , 0.042 , 17.99 , 194.36
1408 , 7115 , 359.34 , -52.9 , 10 , 28.34 , 1.500 , 0.042 , 18.08 , 194.27
1418 , 7163 , 356.65 , -53.2 , 9 , 28.30 , 1.472 , 0.041 , 18.17 , 194.19
1428 , 7209 , 354.13 , -53.6 , 9 , 28.27 , 1.450 , 0.041 , 18.25 , 194.10
1438 , 7261 , 351.23 , -54.1 , 10 , 28.24 , 1.441 , 0.041 , 18.35 , 194.01
1448 , 7316 , 348.22 , -54.6 , 10 , 28.17 , 1.448 , 0.042 , 18.44 , 193.91
1458 , 7366 , 345.51 , -54.9 , 10 , 28.17 , 1.424 , 0.041 , 18.53 , 193.82
1468 , 7413 , 343.00 , -55.3 , 10 , 28.14 , 1.363 , 0.040 , 18.61 , 193.74
1478 , 7462 , 340.34 , -55.6 , 10 , 28.08 , 1.354 , 0.040 , 18.70 , 193.66
1488 , 7517 , 337.45 , -56.0 , 11 , 28.00 , 1.390 , 0.041 , 18.79 , 193.57
1498 , 7567 , 334.80 , -56.5 , 11 , 27.94 , 1.351 , 0.040 , 18.87 , 193.48
1508 , 7613 , 332.37 , -56.9 , 11 , 27.90 , 1.335 , 0.040 , 18.95 , 193.40
1518 , 7658 , 330.00 , -57.2 , 12 , 27.85 , 1.305 , 0.040 , 19.03 , 193.33
1528 , 7707 , 327.48 , -57.3 , 13 , 27.81 , 1.273 , 0.039 , 19.10 , 193.25
1538 , 7751 , 325.19 , -57.6 , 14 , 27.78 , 1.301 , 0.040 , 19.17 , 193.18
1548 , 7793 , 323.03 , -58.0 , 14 , 27.76 , 1.373 , 0.043 , 19.24 , 193.11
1558 , 7843 , 320.48 , -58.4 , 14 , 27.73 , 1.466 , 0.046 , 19.33 , 193.02
1568 , 7901 , 317.52 , -58.7 , 14 , 27.69 , 1.581 , 0.050 , 19.45 , 192.91
1577 , 7959 , 314.58 , -59.2 , 14 , 27.65 , 1.622 , 0.052 , 19.56 , 192.79
1587 , 8013 , 311.88 , -59.5 , 14 , 27.61 , 1.692 , 0.054 , 19.68 , 192.68
1597 , 8061 , 309.51 , -59.8 , 14 , 27.59 , 1.703 , 0.055 , 19.78 , 192.58
1607 , 8108 , 307.17 , -60.1 , 15 , 27.55 , 1.651 , 0.054 , 19.88 , 192.48
1617 , 8159 , 304.69 , -60.6 , 15 , 27.52 , 1.546 , 0.051 , 19.98 , 192.37
1627 , 8204 , 302.49 , -61.0 , 15 , 27.46 , 1.465 , 0.048 , 20.07 , 192.29
1637 , 8250 , 300.27 , -61.4 , 15 , 27.39 , 1.387 , 0.046 , 20.15 , 192.21
1647 , 8294 , 298.13 , -61.7 , 16 , 27.35 , 1.340 , 0.045 , 20.23 , 192.13
1657 , 8341 , 295.89 , -62.1 , 16 , 27.33 , 1.290 , 0.044 , 20.30 , 192.05
1667 , 8395 , 293.31 , -62.3 , 16 , 27.29 , 1.317 , 0.045 , 20.39 , 191.96
1677 , 8446 , 290.90 , -62.2 , 16 , 27.21 , 1.547 , 0.053 , 20.49 , 191.87
1687 , 8506 , 288.09 , -62.4 , 16 , 27.15 , 1.761 , 0.061 , 20.61 , 191.74
1697 , 8557 , 285.69 , -62.5 , 16 , 27.08 , 1.903 , 0.067 , 20.74 , 191.62
1707 , 8610 , 283.24 , -62.7 , 15 , 27.05 , 1.968 , 0.069 , 20.87 , 191.49
1717 , 8654 , 281.25 , -62.8 , 15 , 27.00 , 2.011 , 0.071 , 20.98 , 191.38
1727 , 8702 , 279.06 , -63.0 , 15 , 26.95 , 2.058 , 0.074 , 21.10 , 191.25
1737 , 8751 , 276.83 , -63.2 , 15 , 26.90 , 2.098 , 0.076 , 21.23 , 191.12
1747 , 8796 , 274.81 , -63.5 , 15 , 26.86 , 2.166 , 0.079 , 21.36 , 191.00
1757 , 8844 , 272.65 , -63.6 , 15 , 26.82 , 2.258 , 0.083 , 21.50 , 190.86
1767 , 8896 , 270.37 , -63.8 , 15 , 26.78 , 2.295 , 0.085 , 21.65 , 190.71
1777 , 8946 , 268.15 , -64.0 , 15 , 26.74 , 2.338 , 0.087 , 21.80 , 190.56
1787 , 8996 , 265.97 , -64.1 , 14 , 26.71 , 2.345 , 0.088 , 21.95 , 190.41
1797 , 9042 , 263.99 , -64.1 , 14 , 26.65 , 2.421 , 0.092 , 22.09 , 190.27
1807 , 9087 , 262.04 , -64.0 , 14 , 26.61 , 2.480 , 0.095 , 22.23 , 190.12
1817 , 9138 , 259.87 , -64.0 , 14 , 26.57 , 2.571 , 0.099 , 22.40 , 189.96
1827 , 9198 , 257.35 , -64.1 , 14 , 26.54 , 2.663 , 0.103 , 22.60 , 189.76
1837 , 9243 , 255.46 , -63.9 , 13 , 26.50 , 2.820 , 0.110 , 22.76 , 189.60
1847 , 9287 , 253.65 , -64.3 , 13 , 26.45 , 2.960 , 0.117 , 22.92 , 189.43
1856 , 9325 , 252.08 , -64.7 , 13 , 26.41 , 3.023 , 0.120 , 23.07 , 189.29
1866 , 9365 , 250.42 , -64.8 , 12 , 26.36 , 3.015 , 0.120 , 23.23 , 189.13
1876 , 9414 , 248.41 , -64.9 , 12 , 26.32 , 2.985 , 0.120 , 23.42 , 188.94
1885 , 9462 , 246.44 , -65.0 , 12 , 26.26 , 2.971 , 0.121 , 23.60 , 188.75
1895 , 9504 , 244.75 , -65.4 , 12 , 26.21 , 2.973 , 0.121 , 23.76 , 188.59
1905 , 9547 , 243.06 , -65.6 , 12 , 26.17 , 2.969 , 0.122 , 23.93 , 188.43
1915 , 9586 , 241.47 , -65.4 , 11 , 26.12 , 3.007 , 0.125 , 24.08 , 188.27
1925 , 9627 , 239.86 , -65.2 , 11 , 26.08 , 3.080 , 0.128 , 24.24 , 188.11
1935 , 9669 , 238.22 , -65.1 , 11 , 26.04 , 3.184 , 0.134 , 24.41 , 187.94
1945 , 9710 , 236.62 , -65.4 , 11 , 25.99 , 3.248 , 0.137 , 24.58 , 187.77
1955 , 9752 , 234.99 , -65.6 , 11 , 25.95 , 3.325 , 0.142 , 24.76 , 187.59
1965 , 9796 , 233.30 , -65.8 , 10 , 25.92 , 3.379 , 0.145 , 24.95 , 187.40
1975 , 9850 , 231.24 , -66.1 , 10 , 25.87 , 3.480 , 0.150 , 25.19 , 187.16
1985 , 9900 , 229.34 , -66.4 , 10 , 25.80 , 3.516 , 0.153 , 25.42 , 186.93
1995 , 9951 , 227.38 , -66.7 , 10 , 25.74 , 3.576 , 0.157 , 25.66 , 186.69
2004 , 9985 , 226.10 , -66.9 , 10 , 25.67 , 3.614 , 0.160 , 25.82 , 186.53
2014 , 10022 , 224.74 , -67.0 , 10 , 25.63 , 3.613 , 0.161 , 25.99 , 186.36
2024 , 10061 , 223.28 , -67.1 , 10 , 25.58 , 3.594 , 0.161 , 26.18 , 186.18
2034 , 10104 , 221.72 , -67.2 , 10 , 25.53 , 3.542 , 0.160 , 26.38 , 185.98
2044 , 10163 , 219.55 , -66.9 , 10 , 25.48 , 3.439 , 0.157 , 26.65 , 185.71
2054 , 10209 , 217.88 , -66.8 , 9 , 25.41 , 3.587 , 0.165 , 26.86 , 185.50
2064 , 10248 , 216.47 , -66.8 , 9 , 25.39 , 3.780 , 0.175 , 27.05 , 185.31
2074 , 10285 , 215.15 , -66.9 , 8 , 25.37 , 3.911 , 0.182 , 27.23 , 185.12
2084 , 10324 , 213.77 , -66.9 , 8 , 25.33 , 4.025 , 0.188 , 27.43 , 184.92
2094 , 10362 , 212.42 , -66.9 , 8 , 25.29 , 4.148 , 0.195 , 27.64 , 184.72
2104 , 10400 , 211.08 , -67.0 , 8 , 25.25 , 4.368 , 0.207 , 27.85 , 184.50
2114 , 10449 , 209.40 , -67.1 , 7 , 25.19 , 4.566 , 0.218 , 28.13 , 184.22
2124 , 10495 , 207.81 , -67.2 , 7 , 25.13 , 4.687 , 0.226 , 28.41 , 183.94
2134 , 10535 , 206.42 , -67.4 , 7 , 25.06 , 4.824 , 0.234 , 28.66 , 183.69
2144 , 10583 , 204.78 , -67.5 , 7 , 25.01 , 4.907 , 0.240 , 28.97 , 183.39
2154 , 10639 , 202.89 , -67.9 , 7 , 24.95 , 4.935 , 0.243 , 29.33 , 183.03
2164 , 10677 , 201.59 , -68.1 , 7 , 24.89 , 5.024 , 0.249 , 29.58 , 182.77
2174 , 10716 , 200.29 , -68.2 , 7 , 24.84 , 5.042 , 0.252 , 29.84 , 182.52
2183 , 10753 , 199.05 , -68.3 , 7 , 24.79 , 5.130 , 0.258 , 30.09 , 182.27
2192 , 10789 , 197.87 , -68.5 , 7 , 24.73 , 5.183 , 0.262 , 30.33 , 182.02
2202 , 10836 , 196.32 , -68.3 , 7 , 24.69 , 5.185 , 0.264 , 30.65 , 181.70
2212 , 10894 , 194.43 , -67.9 , 7 , 24.61 , 5.350 , 0.275 , 31.05 , 181.30
2222 , 10947 , 192.75 , -68.1 , 7 , 24.55 , 5.513 , 0.286 , 31.43 , 180.93
2232 , 10992 , 191.30 , -68.5 , 7 , 24.51 , 5.511 , 0.288 , 31.76 , 180.60
2242 , 11037 , 189.87 , -68.8 , 8 , 24.46 , 5.414 , 0.285 , 32.08 , 180.28
2252 , 11081 , 188.45 , -69.1 , 8 , 24.41 , 5.395 , 0.286 , 32.40 , 179.96
2262 , 11124 , 187.10 , -69.2 , 8 , 24.37 , 5.467 , 0.292 , 32.71 , 179.65
2272 , 11170 , 185.67 , -69.1 , 8 , 24.32 , 5.500 , 0.296 , 33.04 , 179.32
2282 , 11215 , 184.29 , -69.4 , 8 , 24.26 , 5.475 , 0.297 , 33.36 , 178.99
2292 , 11256 , 183.02 , -69.5 , 8 , 24.21 , 5.452 , 0.298 , 33.66 , 178.70
2302 , 11298 , 181.72 , -69.4 , 8 , 24.16 , 5.505 , 0.303 , 33.97 , 178.39
2312 , 11342 , 180.41 , -69.4 , 8 , 24.11 , 5.589 , 0.310 , 34.28 , 178.07
2322 , 11386 , 179.07 , -69.5 , 8 , 24.05 , 5.708 , 0.319 , 34.62 , 177.74
2332 , 11430 , 177.74 , -69.5 , 8 , 24.02 , 5.761 , 0.324 , 34.95 , 177.40
2342 , 11475 , 176.43 , -69.4 , 7 , 23.98 , 5.736 , 0.325 , 35.29 , 177.07
2352 , 11519 , 175.14 , -69.3 , 7 , 23.92 , 5.784 , 0.330 , 35.63 , 176.73
2362 , 11562 , 173.86 , -69.5 , 7 , 23.87 , 5.837 , 0.336 , 35.96 , 176.40
2372 , 11606 , 172.58 , -69.4 , 7 , 23.83 , 5.889 , 0.341 , 36.30 , 176.05
2381 , 11648 , 171.36 , -69.4 , 7 , 23.78 , 5.935 , 0.346 , 36.63 , 175.72
2391 , 11691 , 170.14 , -69.5 , 7 , 23.76 , 5.997 , 0.352 , 36.97 , 175.39
2401 , 11736 , 168.85 , -69.8 , 7 , 23.71 , 5.984 , 0.354 , 37.33 , 175.03
2411 , 11779 , 167.65 , -70.1 , 7 , 23.66 , 6.029 , 0.360 , 37.67 , 174.69
2421 , 11818 , 166.55 , -70.2 , 7 , 23.63 , 6.106 , 0.367 , 37.98 , 174.37
2431 , 11859 , 165.42 , -70.3 , 7 , 23.59 , 6.130 , 0.371 , 38.31 , 174.04
2441 , 11900 , 164.27 , -70.6 , 7 , 23.55 , 6.149 , 0.374 , 38.65 , 173.70
2451 , 11947 , 162.98 , -70.9 , 7 , 23.50 , 6.161 , 0.378 , 39.03 , 173.32
2461 , 12009 , 161.28 , -71.0 , 7 , 23.45 , 6.215 , 0.385 , 39.55 , 172.81
2471 , 12055 , 160.03 , -71.3 , 7 , 23.40 , 6.290 , 0.393 , 39.93 , 172.43
2481 , 12095 , 158.93 , -71.5 , 7 , 23.36 , 6.317 , 0.397 , 40.27 , 172.08
2491 , 12135 , 157.88 , -71.6 , 7 , 23.32 , 6.218 , 0.394 , 40.60 , 171.75
2500 , 12173 , 156.85 , -71.9 , 7 , 23.28 , 6.160 , 0.393 , 40.92 , 171.43
2510 , 12212 , 155.81 , -71.9 , 7 , 23.24 , 6.100 , 0.391 , 41.24 , 171.11
2520 , 12255 , 154.69 , -71.8 , 7 , 23.20 , 5.991 , 0.387 , 41.59 , 170.77
2530 , 12296 , 153.61 , -71.6 , 7 , 23.15 , 5.951 , 0.387 , 41.91 , 170.44
2540 , 12337 , 152.54 , -71.6 , 7 , 23.10 , 5.908 , 0.387 , 42.24 , 170.11
2550 , 12379 , 151.47 , -71.4 , 7 , 23.06 , 5.943 , 0.392 , 42.57 , 169.78
2560 , 12419 , 150.44 , -71.2 , 7 , 23.00 , 6.082 , 0.404 , 42.90 , 169.46
2570 , 12459 , 149.44 , -71.1 , 7 , 22.96 , 6.117 , 0.409 , 43.22 , 169.14
2580 , 12505 , 148.27 , -71.1 , 7 , 22.91 , 6.121 , 0.413 , 43.60 , 168.76
2590 , 12554 , 147.04 , -71.0 , 7 , 22.85 , 6.085 , 0.414 , 44.00 , 168.36
2600 , 12593 , 146.08 , -71.1 , 6 , 22.79 , 6.119 , 0.419 , 44.31 , 168.04
2610 , 12631 , 145.16 , -71.3 , 6 , 22.74 , 6.139 , 0.423 , 44.62 , 167.74
2620 , 12669 , 144.22 , -71.5 , 6 , 22.68 , 6.132 , 0.425 , 44.93 , 167.42
2630 , 12706 , 143.31 , -71.8 , 6 , 22.63 , 6.148 , 0.429 , 45.24 , 167.11
2640 , 12745 , 142.38 , -71.9 , 6 , 22.58 , 6.151 , 0.432 , 45.56 , 166.80
2650 , 12784 , 141.44 , -72.0 , 6 , 22.53 , 6.162 , 0.436 , 45.88 , 166.48
2660 , 12822 , 140.53 , -71.9 , 6 , 22.47 , 6.256 , 0.445 , 46.19 , 166.16
2670 , 12860 , 139.62 , -71.7 , 6 , 22.42 , 6.328 , 0.453 , 46.52 , 165.84
2680 , 12898 , 138.73 , -71.5 , 6 , 22.36 , 6.423 , 0.463 , 46.84 , 165.52
2690 , 12938 , 137.78 , -71.7 , 6 , 22.30 , 6.440 , 0.467 , 47.19 , 165.17
2700 , 12982 , 136.76 , -71.9 , 6 , 22.24 , 6.480 , 0.474 , 47.56 , 164.79
2710 , 13025 , 135.77 , -72.2 , 6 , 22.20 , 6.531 , 0.481 , 47.94 , 164.42
2720 , 13068 , 134.76 , -72.5 , 6 , 22.14 , 6.653 , 0.494 , 48.33 , 164.03
2730 , 13111 , 133.79 , -72.8 , 7 , 22.09 , 6.653 , 0.497 , 48.71 , 163.65
2740 , 13154 , 132.81 , -73.1 , 7 , 22.04 , 6.678 , 0.503 , 49.09 , 163.26
2750 , 13196 , 131.86 , -73.0 , 7 , 21.98 , 6.613 , 0.502 , 49.47 , 162.89
2760 , 13241 , 130.84 , -73.0 , 7 , 21.93 , 6.489 , 0.496 , 49.87 , 162.49
2770 , 13291 , 129.75 , -72.8 , 7 , 21.88 , 6.425 , 0.495 , 50.30 , 162.06
2780 , 13335 , 128.76 , -73.0 , 7 , 21.82 , 6.480 , 0.503 , 50.69 , 161.67
2790 , 13377 , 127.85 , -72.9 , 7 , 21.77 , 6.560 , 0.513 , 51.05 , 161.30
2799 , 13417 , 126.98 , -72.9 , 7 , 21.73 , 6.744 , 0.531 , 51.41 , 160.94
2809 , 13458 , 126.10 , -72.7 , 8 , 21.68 , 6.877 , 0.545 , 51.79 , 160.57
2819 , 13501 , 125.19 , -72.5 , 8 , 21.63 , 7.015 , 0.560 , 52.18 , 160.17
2829 , 13544 , 124.26 , -72.4 , 8 , 21.58 , 7.103 , 0.572 , 52.60 , 159.76
2839 , 13586 , 123.37 , -72.4 , 8 , 21.52 , 7.058 , 0.572 , 53.00 , 159.36
2849 , 13631 , 122.44 , -72.7 , 8 , 21.47 , 6.951 , 0.568 , 53.42 , 158.94
2859 , 13674 , 121.55 , -73.0 , 8 , 21.41 , 6.819 , 0.561 , 53.81 , 158.54
2869 , 13713 , 120.74 , -73.3 , 8 , 21.36 , 6.634 , 0.549 , 54.17 , 158.19
2879 , 13754 , 119.90 , -73.6 , 8 , 21.31 , 6.467 , 0.539 , 54.53 , 157.82
2889 , 13796 , 119.03 , -73.9 , 8 , 21.26 , 6.362 , 0.534 , 54.90 , 157.46
2899 , 13839 , 118.16 , -74.1 , 8 , 21.21 , 6.217 , 0.526 , 55.26 , 157.09
2909 , 13882 , 117.28 , -74.2 , 9 , 21.16 , 6.200 , 0.529 , 55.63 , 156.73
2919 , 13926 , 116.40 , -74.2 , 9 , 21.11 , 6.200 , 0.533 , 56.00 , 156.36
2929 , 13968 , 115.56 , -74.5 , 9 , 21.05 , 6.158 , 0.533 , 56.35 , 156.01
2939 , 14015 , 114.64 , -74.7 , 9 , 20.99 , 6.266 , 0.547 , 56.74 , 155.61
2949 , 14059 , 113.76 , -74.9 , 9 , 20.95 , 6.357 , 0.559 , 57.12 , 155.23
2959 , 14104 , 112.90 , -75.0 , 9 , 20.90 , 6.497 , 0.576 , 57.51 , 154.84
2969 , 14148 , 112.04 , -75.1 , 9 , 20.85 , 6.672 , 0.595 , 57.91 , 154.45
2979 , 14192 , 111.20 , -75.0 , 10 , 20.80 , 6.936 , 0.624 , 58.31 , 154.04
2989 , 14234 , 110.38 , -74.8 , 10 , 20.75 , 7.308 , 0.662 , 58.73 , 153.63
2999 , 14275 , 109.61 , -74.6 , 10 , 20.69 , 7.545 , 0.688 , 59.14 , 153.22
3009 , 14315 , 108.85 , -74.6 , 10 , 20.64 , 7.788 , 0.715 , 59.56 , 152.80
3019 , 14358 , 108.07 , -74.8 , 10 , 20.59 , 7.813 , 0.723 , 60.00 , 152.35
3029 , 14399 , 107.30 , -74.8 , 10 , 20.54 , 7.804 , 0.727 , 60.44 , 151.91
3039 , 14445 , 106.44 , -75.0 , 11 , 20.49 , 7.834 , 0.736 , 60.94 , 151.42
3049 , 14492 , 105.59 , -75.4 , 11 , 20.44 , 7.870 , 0.745 , 61.44 , 150.92
3059 , 14539 , 104.73 , -75.7 , 11 , 20.38 , 8.121 , 0.775 , 61.95 , 150.40
3069 , 14583 , 103.94 , -76.0 , 11 , 20.34 , 8.073 , 0.777 , 62.44 , 149.92
3079 , 14626 , 103.18 , -76.1 , 11 , 20.28 , 8.005 , 0.776 , 62.90 , 149.45
3089 , 14668 , 102.43 , -76.1 , 11 , 20.23 , 7.988 , 0.780 , 63.36 , 148.99
3099 , 14712 , 101.64 , -76.2 , 12 , 20.17 , 7.983 , 0.785 , 63.85 , 148.51
3109 , 14756 , 100.88 , -76.5 , 12 , 20.12 , 8.015 , 0.795 , 64.33 , 148.03
3119 , 14800 , 100.11 , -76.4 , 12 , 20.07 , 8.043 , 0.803 , 64.81 , 147.55
3128 , 14839 , 99.43 , -76.5 , 12 , 20.02 , 8.052 , 0.810 , 65.24 , 147.11
3138 , 14878 , 98.76 , -76.5 , 12 , 19.97 , 8.080 , 0.818 , 65.67 , 146.68
3148 , 14921 , 98.01 , -76.4 , 12 , 19.93 , 8.067 , 0.823 , 66.16 , 146.20
3158 , 14966 , 97.25 , -76.5 , 12 , 19.88 , 8.077 , 0.831 , 66.65 , 145.70
3168 , 15012 , 96.48 , -76.7 , 13 , 19.83 , 8.071 , 0.837 , 67.16 , 145.19
3178 , 15057 , 95.74 , -76.2 , 13 , 19.78 , 8.106 , 0.847 , 67.65 , 144.70
3188 , 15103 , 94.97 , -76.2 , 13 , 19.73 , 8.152 , 0.858 , 68.17 , 144.19
3198 , 15147 , 94.25 , -76.5 , 13 , 19.68 , 8.243 , 0.875 , 68.66 , 143.69
3208 , 15190 , 93.55 , -76.8 , 13 , 19.63 , 8.312 , 0.889 , 69.15 , 143.21
3218 , 15230 , 92.89 , -77.0 , 13 , 19.58 , 8.311 , 0.895 , 69.61 , 142.74
3228 , 15272 , 92.22 , -76.9 , 13 , 19.53 , 8.199 , 0.889 , 70.08 , 142.27
3238 , 15314 , 91.54 , -76.9 , 13 , 19.49 , 8.071 , 0.882 , 70.56 , 141.80
3248 , 15354 , 90.91 , -76.9 , 13 , 19.44 , 7.905 , 0.870 , 71.00 , 141.36
3258 , 15399 , 90.20 , -77.0 , 13 , 19.39 , 7.580 , 0.840 , 71.48 , 140.88
3268 , 15444 , 89.50 , -77.1 , 13 , 19.34 , 7.278 , 0.813 , 71.93 , 140.42
3278 , 15487 , 88.83 , -77.1 , 13 , 19.29 , 6.980 , 0.786 , 72.36 , 140.00
3288 , 15530 , 88.17 , -77.3 , 13 , 19.24 , 6.710 , 0.761 , 72.76 , 139.60
3298 , 15569 , 87.58 , -77.3 , 13 , 19.20 , 6.527 , 0.745 , 73.11 , 139.24
3308 , 15609 , 86.96 , -77.3 , 13 , 19.15 , 6.497 , 0.747 , 73.47 , 138.88
3318 , 15653 , 86.30 , -77.0 , 13 , 19.10 , 6.640 , 0.769 , 73.87 , 138.49
3328 , 15695 , 85.67 , -77.4 , 13 , 19.05 , 6.866 , 0.801 , 74.26 , 138.10
3338 , 15736 , 85.05 , -77.7 , 13 , 19.01 , 7.001 , 0.823 , 74.66 , 137.70
3348 , 15779 , 84.41 , -77.8 , 13 , 18.96 , 7.106 , 0.842 , 75.08 , 137.28
3358 , 15825 , 83.75 , -78.0 , 13 , 18.91 , 7.247 , 0.865 , 75.52 , 136.83
3368 , 15869 , 83.10 , -78.3 , 13 , 18.86 , 7.369 , 0.887 , 75.97 , 136.38
3377 , 15912 , 82.48 , -78.4 , 13 , 18.81 , 7.441 , 0.902 , 76.41 , 135.94
3387 , 15953 , 81.88 , -78.2 , 13 , 18.77 , 7.585 , 0.926 , 76.84 , 135.51
3397 , 15997 , 81.25 , -77.9 , 13 , 18.72 , 7.748 , 0.954 , 77.31 , 135.05
3407 , 16046 , 80.57 , -77.9 , 13 , 18.67 , 7.947 , 0.986 , 77.83 , 134.52
3417 , 16095 , 79.88 , -78.0 , 13 , 18.63 , 7.992 , 1.001 , 78.37 , 133.98
3427 , 16139 , 79.26 , -78.1 , 13 , 18.58 , 7.845 , 0.990 , 78.86 , 133.50
3436 , 16181 , 78.68 , -78.2 , 13 , 18.54 , 7.518 , 0.956 , 79.30 , 133.05
3446 , 16222 , 78.12 , -77.8 , 13 , 18.49 , 7.262 , 0.930 , 79.72 , 132.64
3456 , 16267 , 77.51 , -77.6 , 12 , 18.44 , 7.064 , 0.911 , 80.17 , 132.19
3466 , 16310 , 76.93 , -77.6 , 12 , 18.40 , 7.084 , 0.921 , 80.58 , 131.77
3476 , 16353 , 76.35 , -77.5 , 12 , 18.35 , 7.023 , 0.920 , 81.00 , 131.35
3486 , 16398 , 75.75 , -77.5 , 12 , 18.30 , 7.171 , 0.947 , 81.45 , 130.91
3496 , 16442 , 75.18 , -77.3 , 12 , 18.25 , 7.319 , 0.974 , 81.88 , 130.48
3506 , 16485 , 74.61 , -77.3 , 12 , 18.21 , 7.693 , 1.031 , 82.33 , 130.02
3516 , 16529 , 74.04 , -77.4 , 12 , 18.16 , 8.110 , 1.095 , 82.80 , 129.55
3525 , 16576 , 73.43 , -77.5 , 12 , 18.11 , 8.415 , 1.146 , 83.34 , 129.01
3535 , 16617 , 72.91 , -77.4 , 12 , 18.07 , 8.785 , 1.205 , 83.83 , 128.53
3545 , 16658 , 72.39 , -77.1 , 12 , 18.03 , 9.213 , 1.273 , 84.33 , 128.02
3555 , 16700 , 71.86 , -77.3 , 12 , 17.98 , 9.463 , 1.317 , 84.88 , 127.48
3565 , 16743 , 71.32 , -77.4 , 12 , 17.93 , 9.514 , 1.334 , 85.44 , 126.91
3575 , 16789 , 70.76 , -77.6 , 12 , 17.89 , 9.328 , 1.318 , 86.03 , 126.32
3585 , 16835 , 70.19 , -77.6 , 12 , 17.84 , 9.106 , 1.297 , 86.61 , 125.74
3595 , 16879 , 69.65 , -77.7 , 12 , 17.80 , 8.824 , 1.267 , 87.16 , 125.19
3605 , 16926 , 69.08 , -77.8 , 12 , 17.75 , 8.622 , 1.248 , 87.73 , 124.63
3615 , 16974 , 68.51 , -78.0 , 12 , 17.70 , 8.430 , 1.230 , 88.29 , 124.07
3625 , 17023 , 67.92 , -78.1 , 12 , 17.66 , 8.298 , 1.222 , 88.85 , 123.50
3635 , 17069 , 67.37 , -78.2 , 12 , 17.61 , 8.309 , 1.233 , 89.39 , 122.96
3645 , 17117 , 66.81 , -78.1 , 12 , 17.56 , 8.384 , 1.255 , 89.94 , 122.42
3655 , 17165 , 66.25 , -78.2 , 12 , 17.52 , 8.591 , 1.297 , 90.50 , 121.85
3665 , 17213 , 65.70 , -78.4 , 12 , 17.47 , 8.761 , 1.334 , 91.08 , 121.28
3675 , 17262 , 65.13 , -78.6 , 12 , 17.43 , 8.930 , 1.371 , 91.68 , 120.67
3685 , 17309 , 64.59 , -78.8 , 12 , 17.38 , 9.144 , 1.416 , 92.27 , 120.08
3695 , 17355 , 64.08 , -78.9 , 12 , 17.33 , 9.534 , 1.488 , 92.86 , 119.49
3705 , 17401 , 63.56 , -79.1 , 12 , 17.29 , 9.750 , 1.534 , 93.48 , 118.87
3715 , 17444 , 63.08 , -79.2 , 12 , 17.24 , 9.962 , 1.579 , 94.07 , 118.29
3725 , 17489 , 62.58 , -79.2 , 12 , 17.19 , 10.143 , 1.621 , 94.70 , 117.66
3735 , 17533 , 62.10 , -79.2 , 12 , 17.15 , 10.298 , 1.658 , 95.33 , 117.03
3744 , 17575 , 61.64 , -79.2 , 12 , 17.11 , 10.366 , 1.682 , 95.93 , 116.42
3754 , 17614 , 61.22 , -79.1 , 12 , 17.07 , 10.369 , 1.694 , 96.49 , 115.87
3764 , 17654 , 60.79 , -79.0 , 12 , 17.02 , 10.352 , 1.703 , 97.07 , 115.28
3774 , 17694 , 60.36 , -79.0 , 13 , 16.98 , 10.429 , 1.728 , 97.64 , 114.71
3784 , 17735 , 59.93 , -79.2 , 13 , 16.94 , 10.524 , 1.756 , 98.24 , 114.11
3794 , 17777 , 59.49 , -79.1 , 13 , 16.89 , 10.702 , 1.799 , 98.86 , 113.50
3804 , 17818 , 59.05 , -79.2 , 13 , 16.85 , 10.921 , 1.849 , 99.48 , 112.87
3814 , 17861 , 58.62 , -79.3 , 13 , 16.81 , 11.081 , 1.890 , 100.13 , 112.23
3824 , 17904 , 58.18 , -79.4 , 13 , 16.76 , 11.180 , 1.922 , 100.79 , 111.56
3834 , 17950 , 57.70 , -79.2 , 13 , 16.72 , 11.201 , 1.941 , 101.51 , 110.84
3844 , 17997 , 57.22 , -79.0 , 13 , 16.68 , 11.023 , 1.926 , 102.25 , 110.11
3854 , 18044 , 56.76 , -78.9 , 13 , 16.63 , 10.719 , 1.889 , 102.95 , 109.41
3864 , 18091 , 56.29 , -78.9 , 13 , 16.59 , 10.526 , 1.870 , 103.64 , 108.72
3874 , 18136 , 55.84 , -79.1 , 13 , 16.55 , 10.455 , 1.872 , 104.30 , 108.05
3884 , 18184 , 55.38 , -79.3 , 13 , 16.50 , 10.416 , 1.881 , 104.99 , 107.37
3894 , 18229 , 54.94 , -79.3 , 13 , 16.46 , 10.482 , 1.908 , 105.65 , 106.71
3904 , 18276 , 54.49 , -79.1 , 13 , 16.42 , 10.660 , 1.956 , 106.33 , 106.02
3914 , 18320 , 54.06 , -79.1 , 13 , 16.38 , 10.898 , 2.016 , 106.99 , 105.36
3924 , 18367 , 53.62 , -79.1 , 13 , 16.33 , 11.016 , 2.054 , 107.71 , 104.65
3934 , 18413 , 53.19 , -79.2 , 13 , 16.29 , 11.254 , 2.116 , 108.42 , 103.93
3944 , 18458 , 52.76 , -79.3 , 13 , 16.25 , 11.424 , 2.165 , 109.14 , 103.22
3954 , 18504 , 52.34 , -79.3 , 13 , 16.21 , 11.560 , 2.209 , 109.87 , 102.48
3964 , 18548 , 51.94 , -79.1 , 13 , 16.17 , 11.628 , 2.239 , 110.57 , 101.78
3974 , 18593 , 51.53 , -79.0 , 13 , 16.13 , 11.750 , 2.280 , 111.30 , 101.05
3984 , 18636 , 51.13 , -79.3 , 13 , 16.09 , 11.838 , 2.315 , 112.02 , 100.34
3994 , 18680 , 50.74 , -79.7 , 13 , 16.05 , 11.838 , 2.333 , 112.74 , 99.61
4004 , 18724 , 50.35 , -80.0 , 13 , 16.01 , 11.945 , 2.372 , 113.46 , 98.89
4014 , 18766 , 49.97 , -80.1 , 13 , 15.96 , 11.850 , 2.371 , 114.17 , 98.18
4023 , 18807 , 49.62 , -79.9 , 13 , 15.93 , 11.754 , 2.369 , 114.84 , 97.52
4033 , 18846 , 49.27 , -79.8 , 13 , 15.89 , 11.481 , 2.330 , 115.47 , 96.88
4042 , 18887 , 48.91 , -79.8 , 13 , 15.85 , 10.935 , 2.236 , 116.12 , 96.23
4051 , 18927 , 48.58 , -80.1 , 13 , 15.81 , 10.303 , 2.121 , 116.70 , 95.65
4061 , 18966 , 48.24 , -80.4 , 13 , 15.78 , 10.569 , 2.191 , 117.28 , 95.07
4071 , 19011 , 47.85 , -80.6 , 13 , 15.74 , 10.491 , 2.192 , 117.94 , 94.41
4081 , 19057 , 47.47 , -80.7 , 13 , 15.69 , 9.997 , 2.106 , 118.59 , 93.76
4091 , 19103 , 47.08 , -80.7 , 13 , 15.65 , 9.681 , 2.056 , 119.23 , 93.12
4101 , 19149 , 46.70 , -80.5 , 13 , 15.61 , 9.267 , 1.984 , 119.84 , 92.51
4111 , 19198 , 46.29 , -80.6 , 13 , 15.57 , 8.881 , 1.919 , 120.47 , 91.89
4121 , 19248 , 45.88 , -80.7 , 13 , 15.53 , 8.574 , 1.869 , 121.08 , 91.27
4131 , 19299 , 45.47 , -80.9 , 13 , 15.49 , 8.312 , 1.828 , 121.68 , 90.68
4141 , 19349 , 45.07 , -80.7 , 13 , 15.44 , 8.147 , 1.807 , 122.25 , 90.10
4151 , 19396 , 44.69 , -80.9 , 13 , 15.40 , 7.939 , 1.777 , 122.79 , 89.56
4161 , 19445 , 44.30 , -81.2 , 13 , 15.37 , 7.757 , 1.751 , 123.33 , 89.03
4171 , 19493 , 43.93 , -81.3 , 13 , 15.32 , 7.634 , 1.738 , 123.85 , 88.51
4181 , 19542 , 43.55 , -81.1 , 13 , 15.28 , 7.463 , 1.714 , 124.37 , 87.99
4191 , 19590 , 43.18 , -80.9 , 13 , 15.24 , 7.386 , 1.711 , 124.86 , 87.49
4201 , 19637 , 42.82 , -80.6 , 13 , 15.20 , 7.374 , 1.722 , 125.35 , 87.00
4211 , 19686 , 42.45 , -80.8 , 13 , 15.16 , 7.402 , 1.744 , 125.86 , 86.50
4221 , 19733 , 42.10 , -81.2 , 13 , 15.12 , 7.320 , 1.739 , 126.34 , 86.01
4231 , 19777 , 41.77 , -81.5 , 13 , 15.08 , 7.261 , 1.738 , 126.79 , 85.56
4241 , 19822 , 41.43 , -81.5 , 13 , 15.04 , 7.212 , 1.741 , 127.26 , 85.10
4251 , 19868 , 41.09 , -81.6 , 13 , 15.00 , 7.157 , 1.742 , 127.72 , 84.63
4261 , 19913 , 40.76 , -81.9 , 13 , 14.96 , 7.074 , 1.735 , 128.17 , 84.18
4271 , 19960 , 40.42 , -82.1 , 13 , 14.92 , 7.061 , 1.747 , 128.64 , 83.72
4281 , 20005 , 40.10 , -82.3 , 13 , 14.88 , 7.055 , 1.759 , 129.09 , 83.27
4291 , 20049 , 39.79 , -82.1 , 13 , 14.84 , 6.947 , 1.746 , 129.52 , 82.84
4301 , 20090 , 39.49 , -82.2 , 13 , 14.80 , 6.848 , 1.734 , 129.92 , 82.43
4311 , 20133 , 39.19 , -82.1 , 13 , 14.76 , 6.835 , 1.744 , 130.34 , 82.02
4321 , 20175 , 38.90 , -81.9 , 13 , 14.72 , 6.817 , 1.752 , 130.74 , 81.62
4331 , 20219 , 38.59 , -81.8 , 13 , 14.69 , 6.761 , 1.752 , 131.16 , 81.19
4341 , 20261 , 38.31 , -81.7 , 13 , 14.65 , 6.736 , 1.759 , 131.56 , 80.79
4351 , 20304 , 38.01 , -81.6 , 13 , 14.61 , 6.725 , 1.769 , 131.97 , 80.38
4361 , 20344 , 37.74 , -81.6 , 13 , 14.57 , 6.730 , 1.783 , 132.35 , 80.01
4370 , 20385 , 37.47 , -81.7 , 13 , 14.54 , 6.642 , 1.773 , 132.73 , 79.62
4380 , 20424 , 37.21 , -81.7 , 13 , 14.51 , 6.670 , 1.793 , 133.10 , 79.25
4390 , 20465 , 36.94 , -81.5 , 13 , 14.47 , 6.665 , 1.805 , 133.48 , 78.87
4400 , 20508 , 36.66 , -81.4 , 13 , 14.44 , 6.650 , 1.814 , 133.88 , 78.47
4410 , 20552 , 36.37 , -81.3 , 13 , 14.41 , 6.552 , 1.802 , 134.30 , 78.06
4420 , 20596 , 36.09 , -81.2 , 13 , 14.39 , 6.428 , 1.781 , 134.69 , 77.66
4430 , 20641 , 35.80 , -81.1 , 13 , 14.36 , 6.479 , 1.810 , 135.10 , 77.25
4440 , 20686 , 35.51 , -81.4 , 13 , 14.33 , 6.441 , 1.814 , 135.51 , 76.85
4450 , 20730 , 35.24 , -81.7 , 13 , 14.31 , 6.515 , 1.849 , 135.91 , 76.44
4460 , 20770 , 34.98 , -81.9 , 13 , 14.28 , 6.705 , 1.917 , 136.29 , 76.07
4470 , 20815 , 34.70 , -81.9 , 13 , 14.25 , 6.764 , 1.949 , 136.71 , 75.64
4480 , 20858 , 34.44 , -81.7 , 13 , 14.23 , 6.845 , 1.987 , 137.12 , 75.23
4490 , 20900 , 34.18 , -81.4 , 13 , 14.19 , 6.836 , 2.000 , 137.53 , 74.82
4500 , 20944 , 33.92 , -81.4 , 13 , 14.17 , 6.785 , 2.001 , 137.95 , 74.41
4510 , 20987 , 33.65 , -81.0 , 13 , 14.14 , 6.739 , 2.003 , 138.36 , 73.99
4520 , 21029 , 33.41 , -80.7 , 13 , 14.10 , 6.783 , 2.031 , 138.75 , 73.60
4530 , 21071 , 33.16 , -80.5 , 13 , 14.07 , 6.737 , 2.032 , 139.16 , 73.20
4540 , 21114 , 32.91 , -80.3 , 13 , 14.04 , 6.834 , 2.077 , 139.56 , 72.79
4550 , 21161 , 32.63 , -80.5 , 13 , 14.01 , 6.975 , 2.137 , 140.01 , 72.34
4560 , 21205 , 32.38 , -80.4 , 13 , 13.97 , 7.074 , 2.185 , 140.45 , 71.91
4570 , 21249 , 32.13 , -80.0 , 13 , 13.94 , 7.139 , 2.222 , 140.89 , 71.47
4580 , 21294 , 31.87 , -80.2 , 13 , 13.90 , 7.223 , 2.266 , 141.34 , 71.02
4590 , 21341 , 31.61 , -80.2 , 13 , 13.87 , 7.307 , 2.312 , 141.81 , 70.54
4600 , 21385 , 31.36 , -80.4 , 13 , 13.84 , 7.279 , 2.321 , 142.27 , 70.09
4610 , 21429 , 31.12 , -80.2 , 13 , 13.80 , 7.153 , 2.299 , 142.71 , 69.65
4620 , 21475 , 30.87 , -80.4 , 13 , 13.76 , 7.084 , 2.295 , 143.16 , 69.19
4630 , 21520 , 30.62 , -80.7 , 13 , 13.72 , 7.002 , 2.287 , 143.61 , 68.74
4640 , 21567 , 30.37 , -81.0 , 13 , 13.69 , 6.927 , 2.281 , 144.07 , 68.29
4650 , 21617 , 30.10 , -81.1 , 13 , 13.65 , 6.932 , 2.303 , 144.56 , 67.80
4659 , 21666 , 29.84 , -81.3 , 13 , 13.62 , 6.962 , 2.333 , 145.03 , 67.32
4669 , 21715 , 29.58 , -81.6 , 13 , 13.58 , 6.944 , 2.348 , 145.51 , 66.84
4679 , 21765 , 29.31 , -81.7 , 12 , 13.54 , 6.956 , 2.373 , 146.00 , 66.35
4689 , 21817 , 29.04 , -81.6 , 12 , 13.50 , 6.965 , 2.398 , 146.51 , 65.84
4699 , 21866 , 28.79 , -81.6 , 12 , 13.46 , 6.951 , 2.414 , 146.99 , 65.36
4709 , 21918 , 28.52 , -81.5 , 12 , 13.42 , 6.955 , 2.438 , 147.50 , 64.85
4719 , 21966 , 28.28 , -81.5 , 12 , 13.38 , 6.915 , 2.445 , 147.97 , 64.39
4729 , 22018 , 28.02 , -81.5 , 12 , 13.34 , 6.748 , 2.408 , 148.46 , 63.89
4739 , 22069 , 27.77 , -81.6 , 12 , 13.30 , 6.534 , 2.353 , 148.95 , 63.41
4749 , 22119 , 27.52 , -81.7 , 12 , 13.25 , 6.307 , 2.291 , 149.39 , 62.96
4759 , 22172 , 27.26 , -81.7 , 12 , 13.21 , 6.077 , 2.229 , 149.86 , 62.50
4769 , 22226 , 27.00 , -81.7 , 12 , 13.17 , 5.810 , 2.152 , 150.31 , 62.05
4779 , 22277 , 26.76 , -81.8 , 12 , 13.12 , 5.589 , 2.089 , 150.72 , 61.64
4789 , 22328 , 26.51 , -81.9 , 12 , 13.08 , 5.406 , 2.039 , 151.12 , 61.24
4799 , 22378 , 26.28 , -81.6 , 12 , 13.03 , 5.221 , 1.987 , 151.49 , 60.87
4809 , 22427 , 26.05 , -81.7 , 12 , 12.98 , 5.038 , 1.934 , 151.85 , 60.51
4819 , 22476 , 25.82 , -82.0 , 12 , 12.94 , 4.883 , 1.891 , 152.19 , 60.17
4829 , 22525 , 25.60 , -82.1 , 12 , 12.89 , 4.766 , 1.862 , 152.52 , 59.83
4839 , 22574 , 25.37 , -82.3 , 12 , 12.84 , 4.694 , 1.850 , 152.85 , 59.51
4849 , 22624 , 25.15 , -82.6 , 12 , 12.79 , 4.630 , 1.841 , 153.18 , 59.18
4859 , 22671 , 24.93 , -82.4 , 12 , 12.75 , 4.624 , 1.855 , 153.49 , 58.87
4869 , 22717 , 24.73 , -82.3 , 12 , 12.70 , 4.857 , 1.964 , 153.79 , 58.56
4879 , 22761 , 24.54 , -82.3 , 12 , 12.65 , 5.147 , 2.097 , 154.10 , 58.25
4889 , 22801 , 24.36 , -82.2 , 12 , 12.60 , 5.487 , 2.252 , 154.40 , 57.95
4899 , 22844 , 24.18 , -82.2 , 12 , 12.55 , 5.758 , 2.381 , 154.74 , 57.61
4909 , 22890 , 23.98 , -81.8 , 12 , 12.50 , 5.959 , 2.485 , 155.13 , 57.23
4919 , 22937 , 23.78 , -81.5 , 12 , 12.46 , 6.075 , 2.555 , 155.53 , 56.83
4929 , 22981 , 23.59 , -81.6 , 12 , 12.41 , 6.174 , 2.617 , 155.90 , 56.45
4938 , 23025 , 23.41 , -81.8 , 12 , 12.36 , 6.262 , 2.675 , 156.29 , 56.07
4948 , 23069 , 23.22 , -81.8 , 12 , 12.32 , 6.380 , 2.747 , 156.68 , 55.67
4958 , 23116 , 23.03 , -81.6 , 12 , 12.27 , 6.487 , 2.817 , 157.11 , 55.25
4968 , 23166 , 22.83 , -81.4 , 12 , 12.22 , 6.635 , 2.907 , 157.57 , 54.79
4977 , 23214 , 22.63 , -81.3 , 12 , 12.17 , 6.768 , 2.991 , 158.02 , 54.33
4986 , 23259 , 22.45 , -81.3 , 12 , 12.13 , 6.836 , 3.045 , 158.45 , 53.90
4996 , 23311 , 22.24 , -81.2 , 12 , 12.08 , 6.817 , 3.064 , 158.95 , 53.41
5006 , 23368 , 22.02 , -80.9 , 12 , 12.03 , 6.669 , 3.028 , 159.49 , 52.87
5016 , 23424 , 21.80 , -80.7 , 12 , 11.98 , 6.443 , 2.955 , 160.00 , 52.36
5026 , 23482 , 21.58 , -80.5 , 12 , 11.94 , 6.280 , 2.910 , 160.52 , 51.83
5036 , 23540 , 21.36 , -80.3 , 12 , 11.89 , 6.171 , 2.889 , 161.02 , 51.33
5046 , 23597 , 21.14 , -80.1 , 12 , 11.84 , 6.111 , 2.890 , 161.52 , 50.84
5056 , 23652 , 20.94 , -80.2 , 12 , 11.80 , 6.095 , 2.911 , 161.98 , 50.38
5066 , 23707 , 20.74 , -80.5 , 12 , 11.75 , 6.095 , 2.939 , 162.45 , 49.91
5076 , 23765 , 20.52 , -80.5 , 12 , 11.70 , 6.095 , 2.969 , 162.94 , 49.41
5086 , 23817 , 20.34 , -80.2 , 12 , 11.66 , 6.050 , 2.975 , 163.38 , 48.97
5096 , 23867 , 20.16 , -79.7 , 12 , 11.61 , 5.928 , 2.941 , 163.80 , 48.55
5106 , 23914 , 19.99 , -79.5 , 12 , 11.57 , 5.885 , 2.944 , 164.19 , 48.16
5116 , 23964 , 19.82 , -79.1 , 12 , 11.52 , 5.816 , 2.935 , 164.60 , 47.76
5126 , 24012 , 19.65 , -78.8 , 12 , 11.47 , 5.734 , 2.918 , 164.98 , 47.37
5136 , 24059 , 19.49 , -79.0 , 12 , 11.43 , 5.666 , 2.907 , 165.35 , 47.00
5146 , 24106 , 19.33 , -79.2 , 12 , 11.39 , 5.599 , 2.897 , 165.72 , 46.63
5156 , 24147 , 19.19 , -79.3 , 12 , 11.35 , 5.520 , 2.877 , 166.04 , 46.32
5166 , 24190 , 19.04 , -79.3 , 12 , 11.30 , 5.384 , 2.828 , 166.37 , 45.99
5176 , 24234 , 18.90 , -79.1 , 12 , 11.26 , 5.345 , 2.828 , 166.69 , 45.66
5186 , 24276 , 18.75 , -79.3 , 12 , 11.22 , 5.305 , 2.829 , 167.01 , 45.35
5196 , 24315 , 18.63 , -79.4 , 12 , 11.17 , 5.279 , 2.834 , 167.29 , 45.06
5206 , 24357 , 18.49 , -79.3 , 12 , 11.14 , 5.256 , 2.843 , 167.60 , 44.76
5216 , 24397 , 18.36 , -79.4 , 12 , 11.10 , 5.139 , 2.799 , 167.89 , 44.46
5226 , 24445 , 18.21 , -79.6 , 12 , 11.05 , 5.083 , 2.792 , 168.23 , 44.13
5236 , 24491 , 18.06 , -79.7 , 12 , 11.01 , 5.089 , 2.818 , 168.55 , 43.80
5246 , 24542 , 17.90 , -79.7 , 12 , 10.97 , 5.047 , 2.820 , 168.91 , 43.44
5256 , 24592 , 17.74 , -79.6 , 11 , 10.93 , 4.997 , 2.817 , 169.27 , 43.09
5266 , 24648 , 17.56 , -79.5 , 11 , 10.90 , 4.982 , 2.836 , 169.65 , 42.70
5276 , 24696 , 17.42 , -79.7 , 11 , 10.85 , 4.938 , 2.835 , 169.99 , 42.37
5285 , 24744 , 17.27 , -79.9 , 11 , 10.81 , 4.965 , 2.875 , 170.32 , 42.04
5295 , 24799 , 17.10 , -79.8 , 11 , 10.77 , 4.956 , 2.898 , 170.70 , 41.66
5305 , 24854 , 16.94 , -79.6 , 11 , 10.74 , 4.898 , 2.892 , 171.08 , 41.28
5315 , 24907 , 16.78 , -79.5 , 11 , 10.70 , 4.795 , 2.858 , 171.44 , 40.92
5325 , 24963 , 16.61 , -79.7 , 11 , 10.66 , 4.725 , 2.844 , 171.81 , 40.55
5335 , 25019 , 16.45 , -79.6 , 11 , 10.62 , 4.661 , 2.834 , 172.17 , 40.18
5345 , 25071 , 16.30 , -79.4 , 11 , 10.58 , 4.631 , 2.841 , 172.51 , 39.85
5355 , 25129 , 16.13 , -79.2 , 11 , 10.54 , 4.586 , 2.843 , 172.88 , 39.47
5365 , 25179 , 15.99 , -78.7 , 11 , 10.51 , 4.536 , 2.837 , 173.20 , 39.16
5375 , 25234 , 15.84 , -78.9 , 11 , 10.47 , 4.464 , 2.818 , 173.54 , 38.82
5385 , 25285 , 15.70 , -79.0 , 11 , 10.43 , 4.421 , 2.816 , 173.85 , 38.50
5395 , 25339 , 15.55 , -78.6 , 11 , 10.39 , 4.400 , 2.830 , 174.19 , 38.17
5405 , 25389 , 15.41 , -78.0 , 11 , 10.35 , 4.332 , 2.811 , 174.49 , 37.87
5415 , 25442 , 15.27 , -78.0 , 11 , 10.31 , 4.266 , 2.794 , 174.80 , 37.55
5425 , 25492 , 15.14 , -78.1 , 11 , 10.27 , 4.225 , 2.791 , 175.09 , 37.26
5435 , 25541 , 15.01 , -78.0 , 11 , 10.24 , 4.176 , 2.782 , 175.38 , 36.98
5445 , 25587 , 14.89 , -78.1 , 11 , 10.20 , 4.115 , 2.764 , 175.64 , 36.71
5455 , 25633 , 14.77 , -78.1 , 10 , 10.16 , 4.124 , 2.792 , 175.90 , 36.45
5465 , 25679 , 14.65 , -78.1 , 10 , 10.12 , 4.055 , 2.768 , 176.17 , 36.19
5475 , 25731 , 14.52 , -77.9 , 10 , 10.08 , 4.058 , 2.795 , 176.46 , 35.90
5485 , 25779 , 14.40 , -77.8 , 10 , 10.05 , 4.057 , 2.818 , 176.72 , 35.63
5495 , 25827 , 14.28 , -77.4 , 10 , 10.02 , 3.999 , 2.802 , 176.99 , 35.36
5505 , 25875 , 14.16 , -77.0 , 10 , 9.98 , 4.000 , 2.826 , 177.26 , 35.10
5515 , 25924 , 14.04 , -77.0 , 10 , 9.95 , 4.123 , 2.937 , 177.53 , 34.83
5525 , 25975 , 13.91 , -77.1 , 10 , 9.93 , 4.105 , 2.951 , 177.82 , 34.54
5535 , 26026 , 13.79 , -76.9 , 10 , 9.90 , 4.049 , 2.936 , 178.10 , 34.25
5545 , 26075 , 13.67 , -77.0 , 10 , 9.88 , 4.018 , 2.939 , 178.38 , 33.98
5555 , 26129 , 13.54 , -77.2 , 10 , 9.85 , 3.978 , 2.937 , 178.67 , 33.68
5565 , 26172 , 13.44 , -77.0 , 9 , 9.83 , 3.978 , 2.959 , 178.91 , 33.44
5575 , 26215 , 13.34 , -76.8 , 9 , 9.81 , 3.996 , 2.995 , 179.14 , 33.21
5585 , 26257 , 13.24 , -76.7 , 9 , 9.78 , 3.949 , 2.981 , 179.38 , 32.98
5594 , 26300 , 13.15 , -76.7 , 9 , 9.76 , 3.932 , 2.991 , 179.61 , 32.75
5604 , 26335 , 13.07 , -76.6 , 9 , 9.74 , 3.880 , 2.969 , 179.79 , 32.56
5614 , 26376 , 12.98 , -75.9 , 9 , 9.73 , 3.898 , 3.004 , 180.01 , 32.35
5624 , 26415 , 12.89 , -75.2 , 9 , 9.71 , 3.874 , 3.006 , 180.22 , 32.13
5634 , 26454 , 12.80 , -74.8 , 9 , 9.70 , 3.853 , 3.010 , 180.42 , 31.93
5643 , 26497 , 12.71 , -74.8 , 9 , 9.68 , 3.845 , 3.026 , 180.65 , 31.71
5651 , 26523 , 12.65 , -74.7 , 9 , 9.67 , 3.820 , 3.020 , 180.78 , 31.57
5660 , 26563 , 12.56 , -74.6 , 9 , 9.65 , 3.780 , 3.008 , 180.99 , 31.36
5669 , 26602 , 12.48 , -74.6 , 8 , 9.64 , 3.772 , 3.023 , 181.19 , 31.17
5678 , 26647 , 12.38 , -74.4 , 8 , 9.63 , 3.720 , 3.004 , 181.42 , 30.94
5688 , 26687 , 12.30 , -74.6 , 8 , 9.62 , 3.661 , 2.977 , 181.62 , 30.74
5698 , 26740 , 12.19 , -74.5 , 8 , 9.61 , 3.653 , 2.998 , 181.88 , 30.48
5708 , 26787 , 12.09 , -74.4 , 8 , 9.59 , 3.647 , 3.016 , 182.11 , 30.24
5718 , 26837 , 11.99 , -74.0 , 8 , 9.59 , 3.625 , 3.025 , 182.36 , 30.00
5728 , 26893 , 11.87 , -73.5 , 8 , 9.59 , 3.608 , 3.039 , 182.63 , 29.72
5738 , 26939 , 11.78 , -73.5 , 7 , 9.59 , 3.594 , 3.052 , 182.86 , 29.49
5748 , 27001 , 11.65 , -73.5 , 7 , 9.59 , 3.574 , 3.067 , 183.16 , 29.20
5758 , 27057 , 11.54 , -73.5 , 7 , 9.59 , 3.564 , 3.088 , 183.43 , 28.93
5768 , 27106 , 11.45 , -73.6 , 7 , 9.59 , 3.532 , 3.086 , 183.66 , 28.69
5778 , 27166 , 11.33 , -73.9 , 7 , 9.59 , 3.502 , 3.091 , 183.95 , 28.41
5788 , 27216 , 11.23 , -73.8 , 7 , 9.59 , 3.479 , 3.098 , 184.19 , 28.17
5798 , 27272 , 11.12 , -73.8 , 7 , 9.59 , 3.464 , 3.114 , 184.45 , 27.91
5808 , 27320 , 11.03 , -73.6 , 6 , 9.58 , 3.433 , 3.112 , 184.67 , 27.68
5818 , 27374 , 10.93 , -73.4 , 6 , 9.58 , 3.436 , 3.143 , 184.92 , 27.43
5828 , 27423 , 10.84 , -73.3 , 6 , 9.58 , 3.447 , 3.180 , 185.15 , 27.21
