# ------------------------------------------------------------
#
# Flight name: V3511
# Station: Davis
# Launch Date: 23 September 2011
# Launch Time: 11:21:12
# 
# This file created: Mon Sep 26 09:27:49 2011
# 
# 
# ------------------------------------------------------------
# DATA COLUMNS
# Time (s)
# Height (m)
# Atmospheric Pressure (hPa)
# Atmospheric Temperature (°C)
# Relative Humidity (%)
# Box Temperature (°C)
# Ozone Partial Pressure (mPa)
# Ozone Mixing Ratio (ppmV)
# Accumulated Ozone to this Height (Dobson Units)
# Remaining Ozone above this Height (Dobson Units)
# 
# ------------------------------------------------------------
# 
# Integrated Ozone = 124.2 DU
# Extrapolated Ozone =  39.8 DU
# 
# Total Ozone = 164.0 DU
# 
# 
# ------------------------------------------------------------
0 , 18 , 990.92 , -18.6 , 74 , 33.63 , 3.099 , 0.031 , 0.00 , 163.99
10 , 62 , 985.06 , -18.5 , 76 , 33.62 , 3.125 , 0.032 , 0.15 , 163.84
20 , 110 , 978.67 , -18.9 , 78 , 33.63 , 3.129 , 0.032 , 0.31 , 163.68
30 , 160 , 972.09 , -19.2 , 80 , 33.64 , 3.075 , 0.032 , 0.47 , 163.52
40 , 210 , 965.60 , -19.3 , 82 , 33.59 , 3.033 , 0.031 , 0.63 , 163.36
50 , 260 , 959.12 , -18.7 , 85 , 33.48 , 3.018 , 0.031 , 0.79 , 163.20
60 , 311 , 952.68 , -17.7 , 63 , 33.38 , 2.998 , 0.031 , 0.95 , 163.04
70 , 356 , 946.94 , -17.2 , 42 , 33.32 , 3.010 , 0.032 , 1.10 , 162.89
80 , 402 , 941.13 , -17.1 , 37 , 33.28 , 3.019 , 0.032 , 1.24 , 162.75
90 , 451 , 935.05 , -16.7 , 29 , 33.25 , 2.991 , 0.032 , 1.40 , 162.59
100 , 497 , 929.27 , -17.0 , 28 , 33.26 , 2.961 , 0.032 , 1.54 , 162.45
110 , 538 , 924.23 , -17.1 , 28 , 33.28 , 2.926 , 0.032 , 1.67 , 162.32
119 , 579 , 919.14 , -17.3 , 30 , 33.26 , 2.916 , 0.032 , 1.80 , 162.19
129 , 620 , 914.20 , -17.7 , 31 , 33.24 , 2.913 , 0.032 , 1.92 , 162.07
139 , 663 , 908.88 , -18.1 , 32 , 33.21 , 2.892 , 0.032 , 2.05 , 161.94
149 , 707 , 903.62 , -18.5 , 32 , 33.17 , 2.871 , 0.032 , 2.19 , 161.80
159 , 752 , 898.18 , -18.9 , 33 , 33.15 , 2.856 , 0.032 , 2.32 , 161.67
169 , 800 , 892.31 , -19.3 , 33 , 33.12 , 2.846 , 0.032 , 2.47 , 161.52
179 , 847 , 886.75 , -19.7 , 37 , 33.09 , 2.840 , 0.032 , 2.61 , 161.38
189 , 890 , 881.54 , -19.9 , 47 , 33.08 , 2.833 , 0.032 , 2.74 , 161.25
199 , 935 , 876.31 , -20.1 , 59 , 33.03 , 2.801 , 0.032 , 2.87 , 161.12
209 , 985 , 870.35 , -20.1 , 47 , 33.01 , 2.773 , 0.032 , 3.02 , 160.97
219 , 1034 , 864.66 , -19.9 , 24 , 32.99 , 2.758 , 0.032 , 3.17 , 160.82
229 , 1082 , 859.00 , -19.7 , 14 , 32.95 , 2.735 , 0.032 , 3.31 , 160.68
239 , 1131 , 853.39 , -19.5 , 8 , 32.91 , 2.756 , 0.032 , 3.45 , 160.54
249 , 1180 , 847.84 , -19.6 , 6 , 32.89 , 2.745 , 0.032 , 3.59 , 160.40
259 , 1226 , 842.60 , -19.4 , 6 , 32.87 , 2.751 , 0.033 , 3.73 , 160.26
269 , 1272 , 837.38 , -19.2 , 5 , 32.85 , 2.769 , 0.033 , 3.86 , 160.13
279 , 1321 , 831.83 , -19.3 , 5 , 32.82 , 2.770 , 0.033 , 4.01 , 159.98
289 , 1372 , 826.17 , -19.5 , 5 , 32.76 , 2.787 , 0.034 , 4.16 , 159.83
299 , 1423 , 820.48 , -19.5 , 6 , 32.67 , 2.774 , 0.034 , 4.31 , 159.68
309 , 1471 , 815.26 , -19.5 , 6 , 32.60 , 2.780 , 0.034 , 4.45 , 159.54
319 , 1520 , 809.89 , -19.7 , 6 , 32.55 , 2.787 , 0.034 , 4.60 , 159.39
329 , 1571 , 804.31 , -19.7 , 5 , 32.51 , 2.750 , 0.034 , 4.75 , 159.24
339 , 1616 , 799.40 , -19.4 , 4 , 32.49 , 2.714 , 0.034 , 4.88 , 159.11
349 , 1672 , 793.41 , -19.6 , 4 , 32.45 , 2.661 , 0.034 , 5.04 , 158.95
359 , 1723 , 787.98 , -19.6 , 4 , 32.41 , 2.626 , 0.033 , 5.18 , 158.81
369 , 1774 , 782.58 , -19.6 , 3 , 32.38 , 2.599 , 0.033 , 5.32 , 158.67
379 , 1826 , 777.17 , -19.8 , 3 , 32.34 , 2.558 , 0.033 , 5.46 , 158.53
388 , 1867 , 772.81 , -20.2 , 3 , 32.35 , 2.546 , 0.033 , 5.58 , 158.41
398 , 1908 , 768.55 , -20.6 , 3 , 32.38 , 2.527 , 0.033 , 5.69 , 158.30
408 , 1960 , 763.19 , -20.6 , 3 , 32.41 , 2.496 , 0.033 , 5.83 , 158.16
418 , 2011 , 757.95 , -20.9 , 3 , 32.40 , 2.519 , 0.033 , 5.96 , 158.03
428 , 2061 , 752.82 , -21.1 , 3 , 32.37 , 2.529 , 0.034 , 6.10 , 157.89
437 , 2103 , 748.59 , -21.3 , 3 , 32.37 , 2.571 , 0.034 , 6.21 , 157.78
447 , 2145 , 744.31 , -21.2 , 2 , 32.38 , 2.611 , 0.035 , 6.33 , 157.66
457 , 2193 , 739.42 , -21.2 , 2 , 32.38 , 2.656 , 0.036 , 6.47 , 157.52
467 , 2250 , 733.80 , -21.2 , 2 , 32.33 , 2.668 , 0.036 , 6.63 , 157.36
477 , 2298 , 728.97 , -21.1 , 1 , 32.29 , 2.722 , 0.037 , 6.77 , 157.22
487 , 2359 , 723.04 , -21.1 , 1 , 32.21 , 2.705 , 0.037 , 6.94 , 157.05
497 , 2413 , 717.79 , -20.8 , 2 , 32.19 , 2.696 , 0.038 , 7.10 , 156.89
507 , 2462 , 712.94 , -21.2 , 2 , 32.18 , 2.644 , 0.037 , 7.24 , 156.75
517 , 2514 , 707.94 , -21.3 , 2 , 32.18 , 2.614 , 0.037 , 7.39 , 156.60
527 , 2564 , 703.24 , -21.4 , 1 , 32.18 , 2.572 , 0.037 , 7.52 , 156.47
537 , 2610 , 698.80 , -21.7 , 1 , 32.16 , 2.544 , 0.036 , 7.65 , 156.34
547 , 2656 , 694.41 , -21.7 , 2 , 32.15 , 2.488 , 0.036 , 7.77 , 156.22
557 , 2704 , 689.93 , -22.0 , 2 , 32.13 , 2.379 , 0.034 , 7.90 , 156.09
567 , 2748 , 685.84 , -22.2 , 3 , 32.10 , 2.321 , 0.034 , 8.01 , 155.98
577 , 2802 , 680.83 , -22.4 , 3 , 32.09 , 2.289 , 0.034 , 8.14 , 155.85
586 , 2859 , 675.55 , -22.6 , 4 , 32.05 , 2.257 , 0.033 , 8.28 , 155.71
596 , 2910 , 670.84 , -22.6 , 7 , 32.00 , 2.242 , 0.033 , 8.41 , 155.58
606 , 2966 , 665.74 , -23.0 , 10 , 31.93 , 2.225 , 0.033 , 8.54 , 155.45
616 , 3017 , 661.11 , -23.4 , 11 , 31.89 , 2.213 , 0.033 , 8.66 , 155.33
626 , 3070 , 656.36 , -23.9 , 12 , 31.86 , 2.190 , 0.033 , 8.79 , 155.20
636 , 3124 , 651.48 , -24.4 , 12 , 31.84 , 2.174 , 0.033 , 8.92 , 155.07
646 , 3180 , 646.46 , -25.0 , 13 , 31.81 , 2.142 , 0.033 , 9.05 , 154.94
656 , 3231 , 642.00 , -25.4 , 13 , 31.80 , 2.147 , 0.033 , 9.17 , 154.82
666 , 3284 , 637.28 , -26.0 , 13 , 31.77 , 2.117 , 0.033 , 9.29 , 154.70
676 , 3344 , 632.01 , -26.6 , 13 , 31.75 , 2.111 , 0.033 , 9.43 , 154.56
686 , 3400 , 627.17 , -27.1 , 13 , 31.72 , 2.088 , 0.033 , 9.56 , 154.43
696 , 3449 , 622.91 , -27.3 , 14 , 31.68 , 2.078 , 0.033 , 9.67 , 154.32
706 , 3491 , 619.26 , -27.5 , 18 , 31.65 , 2.063 , 0.033 , 9.76 , 154.23
716 , 3536 , 615.40 , -27.8 , 18 , 31.63 , 2.046 , 0.033 , 9.87 , 154.12
726 , 3579 , 611.74 , -28.1 , 18 , 31.60 , 2.043 , 0.033 , 9.96 , 154.03
736 , 3622 , 608.04 , -28.5 , 18 , 31.57 , 2.059 , 0.034 , 10.06 , 153.93
745 , 3669 , 604.04 , -29.0 , 19 , 31.54 , 2.069 , 0.034 , 10.17 , 153.82
755 , 3719 , 599.86 , -29.3 , 21 , 31.51 , 2.051 , 0.034 , 10.28 , 153.71
765 , 3785 , 594.33 , -29.6 , 21 , 31.47 , 2.011 , 0.034 , 10.43 , 153.56
775 , 3844 , 589.42 , -29.9 , 23 , 31.41 , 1.999 , 0.034 , 10.56 , 153.43
785 , 3890 , 585.64 , -30.0 , 28 , 31.34 , 2.003 , 0.034 , 10.66 , 153.33
795 , 3943 , 581.29 , -30.4 , 30 , 31.32 , 2.011 , 0.035 , 10.78 , 153.21
805 , 3990 , 577.48 , -30.3 , 30 , 31.29 , 2.036 , 0.035 , 10.88 , 153.11
815 , 4030 , 574.19 , -30.3 , 29 , 31.24 , 2.040 , 0.036 , 10.98 , 153.01
825 , 4070 , 571.03 , -30.3 , 28 , 31.22 , 2.049 , 0.036 , 11.07 , 152.92
835 , 4107 , 568.04 , -30.5 , 29 , 31.20 , 2.058 , 0.036 , 11.15 , 152.84
845 , 4147 , 564.88 , -30.8 , 29 , 31.20 , 2.053 , 0.036 , 11.24 , 152.75
855 , 4187 , 561.65 , -31.2 , 29 , 31.18 , 2.045 , 0.036 , 11.33 , 152.66
865 , 4232 , 558.08 , -31.5 , 28 , 31.16 , 2.058 , 0.037 , 11.44 , 152.55
875 , 4287 , 553.76 , -32.0 , 29 , 31.13 , 2.031 , 0.037 , 11.56 , 152.43
885 , 4335 , 549.99 , -32.3 , 29 , 31.07 , 2.022 , 0.037 , 11.67 , 152.32
895 , 4382 , 546.33 , -32.6 , 29 , 31.04 , 2.010 , 0.037 , 11.78 , 152.21
905 , 4433 , 542.42 , -32.9 , 29 , 31.01 , 1.984 , 0.037 , 11.89 , 152.10
915 , 4478 , 538.98 , -32.9 , 28 , 30.96 , 1.969 , 0.037 , 11.99 , 152.00
925 , 4523 , 535.54 , -33.0 , 25 , 30.93 , 1.966 , 0.037 , 12.09 , 151.90
935 , 4575 , 531.57 , -33.4 , 24 , 30.91 , 1.959 , 0.037 , 12.21 , 151.78
945 , 4633 , 527.17 , -33.9 , 24 , 30.85 , 1.947 , 0.037 , 12.33 , 151.66
955 , 4688 , 523.06 , -34.2 , 24 , 30.78 , 1.919 , 0.037 , 12.45 , 151.54
965 , 4736 , 519.47 , -34.7 , 26 , 30.73 , 1.895 , 0.036 , 12.56 , 151.43
975 , 4786 , 515.80 , -35.1 , 27 , 30.71 , 1.897 , 0.037 , 12.66 , 151.33
985 , 4848 , 511.23 , -35.8 , 28 , 30.69 , 1.901 , 0.037 , 12.80 , 151.19
995 , 4902 , 507.25 , -36.2 , 29 , 30.65 , 1.882 , 0.037 , 12.91 , 151.08
1005 , 4956 , 503.28 , -36.7 , 28 , 30.61 , 1.859 , 0.037 , 13.03 , 150.96
1015 , 5012 , 499.21 , -37.3 , 28 , 30.58 , 1.827 , 0.037 , 13.15 , 150.84
1025 , 5064 , 495.50 , -37.7 , 28 , 30.54 , 1.794 , 0.036 , 13.25 , 150.74
1035 , 5115 , 491.86 , -38.2 , 28 , 30.51 , 1.804 , 0.037 , 13.36 , 150.63
1045 , 5169 , 488.01 , -38.5 , 29 , 30.48 , 1.850 , 0.038 , 13.47 , 150.52
1054 , 5223 , 484.13 , -39.0 , 30 , 30.45 , 1.840 , 0.038 , 13.59 , 150.40
1064 , 5280 , 480.16 , -39.3 , 32 , 30.42 , 1.787 , 0.037 , 13.71 , 150.28
1074 , 5333 , 476.45 , -39.7 , 33 , 30.38 , 1.767 , 0.037 , 13.81 , 150.18
1084 , 5384 , 472.86 , -39.9 , 33 , 30.34 , 1.737 , 0.037 , 13.92 , 150.07
1094 , 5437 , 469.25 , -40.0 , 33 , 30.29 , 1.722 , 0.037 , 14.02 , 149.97
1104 , 5493 , 465.43 , -40.2 , 32 , 30.25 , 1.719 , 0.037 , 14.13 , 149.86
1114 , 5540 , 462.20 , -40.5 , 32 , 30.22 , 1.719 , 0.037 , 14.23 , 149.76
1124 , 5592 , 458.69 , -40.8 , 31 , 30.18 , 1.709 , 0.037 , 14.33 , 149.66
1134 , 5650 , 454.78 , -40.9 , 30 , 30.14 , 1.706 , 0.038 , 14.45 , 149.54
1144 , 5710 , 450.76 , -41.3 , 29 , 30.09 , 1.697 , 0.038 , 14.57 , 149.42
1154 , 5765 , 447.17 , -41.7 , 28 , 30.04 , 1.683 , 0.038 , 14.67 , 149.32
1164 , 5821 , 443.45 , -42.2 , 28 , 29.99 , 1.652 , 0.037 , 14.78 , 149.21
1174 , 5875 , 439.92 , -42.7 , 26 , 29.95 , 1.625 , 0.037 , 14.89 , 149.10
1184 , 5936 , 435.97 , -43.1 , 24 , 29.91 , 1.631 , 0.037 , 15.00 , 148.99
1194 , 5995 , 432.17 , -43.5 , 23 , 29.87 , 1.582 , 0.037 , 15.11 , 148.88
1204 , 6048 , 428.77 , -43.8 , 23 , 29.82 , 1.535 , 0.036 , 15.21 , 148.78
1214 , 6105 , 425.16 , -44.2 , 24 , 29.78 , 1.505 , 0.035 , 15.31 , 148.68
1224 , 6165 , 421.33 , -44.8 , 24 , 29.74 , 1.499 , 0.036 , 15.42 , 148.57
1234 , 6222 , 417.73 , -45.4 , 24 , 29.69 , 1.498 , 0.036 , 15.52 , 148.47
1244 , 6280 , 414.12 , -45.9 , 25 , 29.64 , 1.497 , 0.036 , 15.62 , 148.37
1254 , 6339 , 410.50 , -46.4 , 25 , 29.59 , 1.493 , 0.036 , 15.73 , 148.26
1264 , 6392 , 407.22 , -46.8 , 26 , 29.53 , 1.502 , 0.037 , 15.82 , 148.17
1274 , 6437 , 404.42 , -47.1 , 26 , 29.48 , 1.557 , 0.038 , 15.90 , 148.09
1284 , 6490 , 401.20 , -47.4 , 25 , 29.43 , 1.633 , 0.041 , 16.01 , 147.98
1294 , 6535 , 398.47 , -47.7 , 24 , 29.37 , 1.707 , 0.043 , 16.10 , 147.89
1304 , 6587 , 395.38 , -48.0 , 24 , 29.32 , 1.718 , 0.043 , 16.20 , 147.79
1313 , 6629 , 392.85 , -48.2 , 23 , 29.26 , 1.720 , 0.044 , 16.29 , 147.70
1323 , 6679 , 389.89 , -48.6 , 23 , 29.21 , 1.699 , 0.044 , 16.39 , 147.60
1333 , 6734 , 386.65 , -49.0 , 23 , 29.16 , 1.677 , 0.043 , 16.50 , 147.49
1343 , 6793 , 383.13 , -49.6 , 23 , 29.12 , 1.670 , 0.044 , 16.62 , 147.37
1353 , 6849 , 379.87 , -49.9 , 24 , 29.08 , 1.645 , 0.043 , 16.73 , 147.26
1362 , 6897 , 377.13 , -50.4 , 24 , 29.04 , 1.618 , 0.043 , 16.83 , 147.16
1372 , 6955 , 373.79 , -50.8 , 24 , 28.98 , 1.585 , 0.042 , 16.94 , 147.05
1382 , 7015 , 370.35 , -51.3 , 24 , 28.92 , 1.548 , 0.042 , 17.05 , 146.94
1392 , 7068 , 367.33 , -51.7 , 24 , 28.86 , 1.539 , 0.042 , 17.15 , 146.84
1402 , 7126 , 364.02 , -52.3 , 24 , 28.80 , 1.535 , 0.042 , 17.26 , 146.73
1412 , 7176 , 361.22 , -52.8 , 25 , 28.75 , 1.527 , 0.042 , 17.36 , 146.63
1422 , 7222 , 358.64 , -53.1 , 25 , 28.71 , 1.489 , 0.042 , 17.44 , 146.55
1432 , 7277 , 355.62 , -53.5 , 25 , 28.67 , 1.453 , 0.041 , 17.54 , 146.45
1442 , 7321 , 353.16 , -53.8 , 26 , 28.62 , 1.446 , 0.041 , 17.62 , 146.37
1452 , 7371 , 350.45 , -54.3 , 27 , 28.57 , 1.433 , 0.041 , 17.71 , 146.28
1461 , 7418 , 347.87 , -54.5 , 27 , 28.52 , 1.427 , 0.041 , 17.79 , 146.20
1471 , 7468 , 345.17 , -54.6 , 27 , 28.48 , 1.423 , 0.041 , 17.88 , 146.11
1481 , 7520 , 342.38 , -55.0 , 27 , 28.43 , 1.406 , 0.041 , 17.97 , 146.02
1491 , 7583 , 338.99 , -55.4 , 27 , 28.39 , 1.350 , 0.040 , 18.08 , 145.91
1501 , 7634 , 336.33 , -55.9 , 27 , 28.35 , 1.342 , 0.040 , 18.16 , 145.83
1511 , 7685 , 333.64 , -56.4 , 27 , 28.31 , 1.325 , 0.040 , 18.24 , 145.75
1521 , 7735 , 330.99 , -56.8 , 27 , 28.25 , 1.314 , 0.040 , 18.33 , 145.66
1531 , 7779 , 328.72 , -57.1 , 28 , 28.19 , 1.291 , 0.039 , 18.40 , 145.59
1541 , 7820 , 326.56 , -57.4 , 28 , 28.13 , 1.276 , 0.039 , 18.47 , 145.52
1551 , 7861 , 324.45 , -57.9 , 28 , 28.08 , 1.274 , 0.039 , 18.53 , 145.46
1561 , 7904 , 322.27 , -58.3 , 29 , 28.03 , 1.262 , 0.039 , 18.60 , 145.39
1571 , 7943 , 320.25 , -58.6 , 30 , 27.99 , 1.267 , 0.040 , 18.66 , 145.33
1581 , 7996 , 317.56 , -59.1 , 32 , 27.94 , 1.273 , 0.040 , 18.75 , 145.24
1591 , 8043 , 315.19 , -59.4 , 33 , 27.87 , 1.280 , 0.041 , 18.82 , 145.17
1601 , 8088 , 312.94 , -59.6 , 33 , 27.81 , 1.281 , 0.041 , 18.89 , 145.10
1611 , 8146 , 310.05 , -59.7 , 32 , 27.77 , 1.288 , 0.042 , 18.99 , 145.00
1621 , 8207 , 307.03 , -60.2 , 30 , 27.71 , 1.323 , 0.043 , 19.09 , 144.90
1631 , 8260 , 304.42 , -60.5 , 29 , 27.65 , 1.370 , 0.045 , 19.18 , 144.81
1641 , 8311 , 301.95 , -60.8 , 27 , 27.60 , 1.395 , 0.046 , 19.27 , 144.72
1651 , 8358 , 299.67 , -61.1 , 26 , 27.55 , 1.423 , 0.047 , 19.35 , 144.64
1661 , 8402 , 297.53 , -61.3 , 25 , 27.51 , 1.470 , 0.049 , 19.43 , 144.56
1670 , 8450 , 295.26 , -61.7 , 24 , 27.47 , 1.476 , 0.050 , 19.52 , 144.47
1680 , 8493 , 293.21 , -61.9 , 23 , 27.41 , 1.439 , 0.049 , 19.60 , 144.39
1690 , 8535 , 291.22 , -62.4 , 23 , 27.35 , 1.456 , 0.050 , 19.68 , 144.31
1700 , 8582 , 289.00 , -62.6 , 22 , 27.29 , 1.460 , 0.051 , 19.77 , 144.22
1710 , 8628 , 286.87 , -62.6 , 21 , 27.23 , 1.491 , 0.052 , 19.86 , 144.14
1720 , 8672 , 284.79 , -62.8 , 21 , 27.18 , 1.522 , 0.053 , 19.94 , 144.05
1730 , 8718 , 282.68 , -63.2 , 20 , 27.13 , 1.541 , 0.055 , 20.03 , 143.96
1740 , 8762 , 280.66 , -63.4 , 20 , 27.08 , 1.557 , 0.055 , 20.12 , 143.87
1750 , 8807 , 278.60 , -63.5 , 20 , 27.04 , 1.560 , 0.056 , 20.21 , 143.78
1760 , 8861 , 276.20 , -63.9 , 20 , 26.98 , 1.593 , 0.058 , 20.32 , 143.67
1770 , 8908 , 274.04 , -64.2 , 19 , 26.93 , 1.626 , 0.059 , 20.42 , 143.57
1780 , 8954 , 272.02 , -64.3 , 19 , 26.87 , 1.630 , 0.060 , 20.51 , 143.48
1790 , 9005 , 269.77 , -64.6 , 19 , 26.82 , 1.666 , 0.062 , 20.62 , 143.37
1800 , 9068 , 266.99 , -64.8 , 18 , 26.76 , 1.744 , 0.065 , 20.76 , 143.23
1810 , 9117 , 264.86 , -65.0 , 18 , 26.70 , 1.802 , 0.068 , 20.87 , 143.12
1820 , 9158 , 263.06 , -65.2 , 18 , 26.63 , 1.849 , 0.070 , 20.97 , 143.02
1830 , 9202 , 261.18 , -65.3 , 18 , 26.56 , 1.826 , 0.070 , 21.07 , 142.92
1840 , 9244 , 259.36 , -65.5 , 18 , 26.49 , 1.845 , 0.071 , 21.18 , 142.82
1850 , 9287 , 257.56 , -65.6 , 18 , 26.42 , 1.854 , 0.072 , 21.28 , 142.71
1860 , 9333 , 255.59 , -65.7 , 18 , 26.35 , 1.908 , 0.075 , 21.39 , 142.60
1870 , 9388 , 253.31 , -65.9 , 18 , 26.28 , 1.920 , 0.076 , 21.53 , 142.46
1880 , 9431 , 251.49 , -66.2 , 18 , 26.22 , 2.011 , 0.080 , 21.64 , 142.35
1890 , 9479 , 249.52 , -66.5 , 18 , 26.17 , 2.072 , 0.083 , 21.76 , 142.23
1900 , 9526 , 247.57 , -66.8 , 18 , 26.10 , 2.035 , 0.082 , 21.89 , 142.10
1910 , 9568 , 245.86 , -66.8 , 18 , 26.05 , 2.054 , 0.084 , 22.00 , 141.99
1920 , 9612 , 244.10 , -67.0 , 18 , 26.00 , 2.053 , 0.084 , 22.12 , 141.87
1930 , 9656 , 242.30 , -67.4 , 19 , 25.94 , 2.046 , 0.084 , 22.24 , 141.75
1940 , 9696 , 240.69 , -67.5 , 19 , 25.87 , 2.038 , 0.085 , 22.35 , 141.64
1950 , 9735 , 239.13 , -67.7 , 19 , 25.80 , 2.066 , 0.086 , 22.45 , 141.54
1960 , 9776 , 237.50 , -67.7 , 18 , 25.73 , 2.105 , 0.089 , 22.56 , 141.43
1970 , 9815 , 235.97 , -67.7 , 18 , 25.67 , 2.168 , 0.092 , 22.67 , 141.32
1979 , 9855 , 234.41 , -67.8 , 18 , 25.61 , 2.245 , 0.096 , 22.79 , 141.20
1989 , 9894 , 232.90 , -67.8 , 18 , 25.55 , 2.299 , 0.099 , 22.91 , 141.08
1999 , 9934 , 231.38 , -67.9 , 17 , 25.48 , 2.363 , 0.102 , 23.03 , 140.96
2009 , 9972 , 229.92 , -68.2 , 17 , 25.42 , 2.353 , 0.102 , 23.14 , 140.85
2019 , 10013 , 228.35 , -68.3 , 17 , 25.37 , 2.373 , 0.104 , 23.27 , 140.72
2029 , 10063 , 226.45 , -68.4 , 17 , 25.32 , 2.430 , 0.107 , 23.43 , 140.56
2039 , 10107 , 224.80 , -68.2 , 17 , 25.26 , 2.503 , 0.111 , 23.57 , 140.42
2049 , 10145 , 223.38 , -68.2 , 16 , 25.20 , 2.576 , 0.115 , 23.70 , 140.29
2059 , 10184 , 221.92 , -68.2 , 16 , 25.13 , 2.672 , 0.120 , 23.83 , 140.16
2069 , 10223 , 220.47 , -68.3 , 16 , 25.06 , 2.733 , 0.124 , 23.97 , 140.02
2079 , 10263 , 219.03 , -68.4 , 16 , 25.01 , 2.755 , 0.126 , 24.12 , 139.87
2089 , 10299 , 217.68 , -68.7 , 15 , 24.95 , 2.789 , 0.128 , 24.25 , 139.74
2099 , 10336 , 216.37 , -69.0 , 15 , 24.89 , 2.886 , 0.133 , 24.39 , 139.60
2109 , 10374 , 214.99 , -69.1 , 15 , 24.83 , 2.913 , 0.136 , 24.53 , 139.46
2119 , 10412 , 213.62 , -69.2 , 15 , 24.77 , 2.954 , 0.138 , 24.68 , 139.31
2129 , 10451 , 212.22 , -69.3 , 15 , 24.71 , 2.974 , 0.140 , 24.83 , 139.16
2139 , 10490 , 210.85 , -69.4 , 15 , 24.66 , 3.023 , 0.143 , 24.99 , 139.00
2149 , 10529 , 209.47 , -69.6 , 15 , 24.60 , 3.088 , 0.147 , 25.15 , 138.84
2159 , 10567 , 208.12 , -69.7 , 15 , 24.54 , 3.136 , 0.151 , 25.31 , 138.68
2169 , 10614 , 206.49 , -69.8 , 15 , 24.47 , 3.160 , 0.153 , 25.50 , 138.49
2179 , 10657 , 205.03 , -69.9 , 15 , 24.40 , 3.191 , 0.156 , 25.68 , 138.31
2189 , 10695 , 203.72 , -69.9 , 15 , 24.34 , 3.234 , 0.159 , 25.84 , 138.15
2199 , 10734 , 202.38 , -70.0 , 15 , 24.29 , 3.251 , 0.161 , 26.01 , 137.98
2209 , 10774 , 201.02 , -70.2 , 15 , 24.23 , 3.290 , 0.164 , 26.18 , 137.81
2219 , 10812 , 199.75 , -70.4 , 15 , 24.15 , 3.326 , 0.166 , 26.35 , 137.64
2229 , 10850 , 198.46 , -70.3 , 15 , 24.09 , 3.367 , 0.170 , 26.52 , 137.47
2239 , 10890 , 197.13 , -70.1 , 15 , 24.02 , 3.406 , 0.173 , 26.70 , 137.29
2249 , 10930 , 195.81 , -69.9 , 15 , 23.97 , 3.485 , 0.178 , 26.88 , 137.11
2259 , 10970 , 194.52 , -70.0 , 15 , 23.91 , 3.528 , 0.181 , 27.07 , 136.92
2268 , 11007 , 193.28 , -70.1 , 15 , 23.85 , 3.563 , 0.184 , 27.25 , 136.74
2277 , 11046 , 192.02 , -70.1 , 15 , 23.79 , 3.614 , 0.188 , 27.43 , 136.56
2287 , 11089 , 190.65 , -70.1 , 15 , 23.72 , 3.656 , 0.192 , 27.64 , 136.35
2297 , 11132 , 189.27 , -70.4 , 15 , 23.67 , 3.683 , 0.195 , 27.85 , 136.14
2307 , 11173 , 187.98 , -70.5 , 15 , 23.62 , 3.690 , 0.196 , 28.04 , 135.95
2317 , 11212 , 186.72 , -70.6 , 14 , 23.56 , 3.706 , 0.198 , 28.24 , 135.75
2327 , 11253 , 185.46 , -70.7 , 14 , 23.50 , 3.727 , 0.201 , 28.44 , 135.55
2337 , 11295 , 184.14 , -71.0 , 14 , 23.44 , 3.719 , 0.202 , 28.65 , 135.34
2347 , 11338 , 182.79 , -71.3 , 15 , 23.38 , 3.777 , 0.207 , 28.87 , 135.12
2357 , 11379 , 181.53 , -71.3 , 15 , 23.32 , 3.773 , 0.208 , 29.07 , 134.92
2367 , 11417 , 180.39 , -71.2 , 14 , 23.26 , 3.781 , 0.210 , 29.26 , 134.73
2377 , 11454 , 179.26 , -71.2 , 14 , 23.19 , 3.822 , 0.213 , 29.45 , 134.54
2387 , 11489 , 178.20 , -71.0 , 14 , 23.12 , 3.829 , 0.215 , 29.63 , 134.36
2397 , 11525 , 177.12 , -70.9 , 14 , 23.06 , 3.906 , 0.221 , 29.81 , 134.18
2407 , 11560 , 176.08 , -71.0 , 14 , 23.00 , 3.986 , 0.226 , 30.00 , 133.99
2416 , 11594 , 175.07 , -71.1 , 14 , 22.95 , 4.018 , 0.230 , 30.18 , 133.81
2426 , 11628 , 174.06 , -71.2 , 14 , 22.89 , 4.075 , 0.234 , 30.36 , 133.63
2436 , 11664 , 172.99 , -71.4 , 14 , 22.83 , 4.069 , 0.235 , 30.56 , 133.43
2446 , 11697 , 172.03 , -71.5 , 13 , 22.78 , 4.146 , 0.241 , 30.74 , 133.25
2456 , 11731 , 171.04 , -71.5 , 13 , 22.72 , 4.178 , 0.244 , 30.93 , 133.06
2466 , 11764 , 170.10 , -71.4 , 13 , 22.65 , 4.240 , 0.249 , 31.12 , 132.87
2476 , 11797 , 169.13 , -71.4 , 13 , 22.58 , 4.373 , 0.259 , 31.31 , 132.68
2486 , 11833 , 168.13 , -71.5 , 12 , 22.51 , 4.474 , 0.266 , 31.52 , 132.47
2496 , 11866 , 167.17 , -71.5 , 12 , 22.44 , 4.554 , 0.272 , 31.72 , 132.27
2506 , 11906 , 166.05 , -71.5 , 12 , 22.39 , 4.614 , 0.278 , 31.96 , 132.03
2516 , 11951 , 164.80 , -71.4 , 12 , 22.32 , 4.777 , 0.290 , 32.24 , 131.75
2526 , 12020 , 162.88 , -71.4 , 11 , 22.26 , 4.807 , 0.295 , 32.69 , 131.30
2536 , 12067 , 161.59 , -71.4 , 11 , 22.21 , 4.791 , 0.296 , 32.99 , 131.00
2546 , 12104 , 160.56 , -71.4 , 11 , 22.13 , 4.809 , 0.300 , 33.23 , 130.76
2556 , 12145 , 159.45 , -71.5 , 11 , 22.06 , 4.794 , 0.301 , 33.49 , 130.50
2566 , 12187 , 158.32 , -71.6 , 11 , 21.99 , 4.807 , 0.304 , 33.76 , 130.23
2576 , 12229 , 157.21 , -71.7 , 11 , 21.93 , 4.841 , 0.308 , 34.03 , 129.96
2585 , 12267 , 156.20 , -71.8 , 11 , 21.88 , 4.832 , 0.309 , 34.28 , 129.71
2595 , 12307 , 155.15 , -71.9 , 10 , 21.83 , 4.851 , 0.313 , 34.54 , 129.45
2605 , 12350 , 154.00 , -72.2 , 10 , 21.78 , 4.886 , 0.317 , 34.82 , 129.17
2615 , 12397 , 152.79 , -72.3 , 10 , 21.72 , 4.890 , 0.320 , 35.13 , 128.86
2625 , 12443 , 151.59 , -72.5 , 10 , 21.65 , 4.915 , 0.324 , 35.43 , 128.56
2635 , 12486 , 150.49 , -72.8 , 10 , 21.60 , 4.965 , 0.330 , 35.71 , 128.28
2645 , 12528 , 149.41 , -73.1 , 10 , 21.54 , 4.910 , 0.329 , 35.99 , 128.00
2655 , 12571 , 148.32 , -73.5 , 10 , 21.48 , 4.877 , 0.329 , 36.28 , 127.71
2665 , 12613 , 147.26 , -73.7 , 10 , 21.42 , 4.881 , 0.331 , 36.55 , 127.44
2675 , 12653 , 146.25 , -74.0 , 10 , 21.35 , 4.909 , 0.336 , 36.82 , 127.17
2685 , 12694 , 145.23 , -74.3 , 10 , 21.29 , 4.859 , 0.335 , 37.09 , 126.90
2695 , 12735 , 144.21 , -74.4 , 10 , 21.23 , 4.839 , 0.336 , 37.36 , 126.63
2705 , 12776 , 143.20 , -74.3 , 10 , 21.17 , 4.886 , 0.341 , 37.63 , 126.36
2715 , 12817 , 142.18 , -74.2 , 10 , 21.10 , 4.848 , 0.341 , 37.90 , 126.09
2725 , 12857 , 141.21 , -74.4 , 10 , 21.03 , 4.840 , 0.343 , 38.16 , 125.83
2735 , 12898 , 140.21 , -74.3 , 10 , 20.97 , 4.800 , 0.342 , 38.43 , 125.56
2745 , 12937 , 139.28 , -74.1 , 10 , 20.92 , 4.807 , 0.345 , 38.69 , 125.30
2755 , 12974 , 138.41 , -74.1 , 10 , 20.87 , 4.834 , 0.349 , 38.93 , 125.06
2765 , 13008 , 137.60 , -74.3 , 10 , 20.81 , 4.868 , 0.354 , 39.15 , 124.84
2775 , 13042 , 136.80 , -74.5 , 11 , 20.75 , 4.876 , 0.356 , 39.38 , 124.61
2785 , 13077 , 135.97 , -74.7 , 11 , 20.69 , 4.916 , 0.362 , 39.61 , 124.38
2795 , 13110 , 135.20 , -74.7 , 10 , 20.62 , 4.852 , 0.359 , 39.83 , 124.16
2805 , 13143 , 134.44 , -74.4 , 10 , 20.56 , 4.913 , 0.365 , 40.05 , 123.94
2815 , 13176 , 133.67 , -74.3 , 10 , 20.50 , 5.037 , 0.377 , 40.27 , 123.72
2825 , 13207 , 132.96 , -74.1 , 10 , 20.44 , 5.151 , 0.387 , 40.48 , 123.51
2835 , 13240 , 132.21 , -73.9 , 10 , 20.38 , 5.282 , 0.400 , 40.72 , 123.27
2845 , 13277 , 131.37 , -73.9 , 11 , 20.32 , 5.371 , 0.409 , 40.99 , 123.01
2855 , 13315 , 130.54 , -73.7 , 11 , 20.27 , 5.394 , 0.413 , 41.26 , 122.73
2865 , 13351 , 129.73 , -73.7 , 11 , 20.21 , 5.317 , 0.410 , 41.52 , 122.47
2875 , 13385 , 128.98 , -73.8 , 11 , 20.14 , 5.368 , 0.416 , 41.76 , 122.23
2885 , 13422 , 128.16 , -73.3 , 10 , 20.09 , 5.234 , 0.408 , 42.03 , 121.96
2894 , 13458 , 127.39 , -73.1 , 10 , 20.04 , 5.159 , 0.405 , 42.28 , 121.71
2904 , 13494 , 126.60 , -73.1 , 10 , 19.97 , 5.162 , 0.408 , 42.53 , 121.46
2914 , 13531 , 125.80 , -73.2 , 10 , 19.91 , 5.104 , 0.406 , 42.79 , 121.20
2924 , 13570 , 124.96 , -73.2 , 10 , 19.86 , 5.143 , 0.412 , 43.06 , 120.93
2934 , 13610 , 124.11 , -73.1 , 10 , 19.80 , 5.169 , 0.417 , 43.34 , 120.65
2944 , 13652 , 123.22 , -73.3 , 10 , 19.73 , 5.171 , 0.420 , 43.63 , 120.36
2954 , 13696 , 122.30 , -73.7 , 10 , 19.67 , 5.201 , 0.425 , 43.94 , 120.05
2964 , 13741 , 121.37 , -73.8 , 10 , 19.61 , 5.151 , 0.424 , 44.25 , 119.74
2974 , 13782 , 120.50 , -73.7 , 9 , 19.56 , 5.155 , 0.428 , 44.54 , 119.45
2984 , 13823 , 119.66 , -73.8 , 9 , 19.50 , 5.121 , 0.428 , 44.83 , 119.17
2994 , 13864 , 118.82 , -73.9 , 10 , 19.44 , 5.049 , 0.425 , 45.11 , 118.88
3004 , 13906 , 117.98 , -74.1 , 9 , 19.39 , 4.958 , 0.420 , 45.39 , 118.60
3014 , 13946 , 117.16 , -74.1 , 9 , 19.33 , 4.867 , 0.415 , 45.66 , 118.33
3024 , 13986 , 116.37 , -74.2 , 9 , 19.28 , 4.777 , 0.411 , 45.92 , 118.07
3034 , 14025 , 115.59 , -74.0 , 9 , 19.21 , 4.744 , 0.410 , 46.17 , 117.82
3044 , 14062 , 114.85 , -73.5 , 9 , 19.15 , 4.727 , 0.412 , 46.41 , 117.58
3054 , 14098 , 114.15 , -73.5 , 9 , 19.10 , 4.768 , 0.418 , 46.64 , 117.35
3064 , 14136 , 113.42 , -73.8 , 9 , 19.04 , 4.768 , 0.420 , 46.88 , 117.11
3074 , 14173 , 112.70 , -73.9 , 9 , 18.98 , 4.769 , 0.423 , 47.12 , 116.87
3084 , 14210 , 111.98 , -73.9 , 9 , 18.93 , 4.749 , 0.424 , 47.36 , 116.63
3094 , 14249 , 111.24 , -74.3 , 9 , 18.87 , 4.689 , 0.422 , 47.60 , 116.39
3104 , 14288 , 110.49 , -74.6 , 8 , 18.82 , 4.638 , 0.420 , 47.85 , 116.14
3114 , 14324 , 109.81 , -74.8 , 8 , 18.77 , 4.631 , 0.422 , 48.08 , 115.91
3124 , 14361 , 109.12 , -74.9 , 8 , 18.71 , 4.595 , 0.421 , 48.31 , 115.68
3134 , 14399 , 108.40 , -74.9 , 8 , 18.66 , 4.581 , 0.423 , 48.55 , 115.44
3144 , 14435 , 107.73 , -75.1 , 8 , 18.60 , 4.549 , 0.422 , 48.77 , 115.22
3154 , 14470 , 107.08 , -75.1 , 8 , 18.55 , 4.516 , 0.422 , 48.99 , 115.00
3164 , 14508 , 106.38 , -75.0 , 8 , 18.51 , 4.520 , 0.425 , 49.22 , 114.77
3174 , 14547 , 105.66 , -75.1 , 8 , 18.45 , 4.455 , 0.422 , 49.46 , 114.53
3184 , 14589 , 104.90 , -75.1 , 8 , 18.39 , 4.324 , 0.412 , 49.71 , 114.28
3193 , 14628 , 104.19 , -74.9 , 7 , 18.34 , 4.210 , 0.404 , 49.94 , 114.05
3203 , 14668 , 103.48 , -74.8 , 7 , 18.29 , 4.087 , 0.395 , 50.17 , 113.82
3213 , 14711 , 102.72 , -74.9 , 7 , 18.24 , 3.962 , 0.386 , 50.40 , 113.59
3223 , 14752 , 101.99 , -75.2 , 8 , 18.18 , 3.873 , 0.380 , 50.62 , 113.37
3233 , 14795 , 101.24 , -75.2 , 7 , 18.14 , 3.778 , 0.373 , 50.84 , 113.15
3243 , 14839 , 100.48 , -75.4 , 7 , 18.10 , 3.679 , 0.366 , 51.07 , 112.92
3253 , 14884 , 99.70 , -75.2 , 7 , 18.05 , 3.593 , 0.360 , 51.29 , 112.70
3263 , 14930 , 98.91 , -74.8 , 7 , 17.99 , 3.504 , 0.354 , 51.51 , 112.48
3273 , 14975 , 98.16 , -75.1 , 7 , 17.93 , 3.408 , 0.347 , 51.72 , 112.27
3283 , 15020 , 97.40 , -75.4 , 7 , 17.87 , 3.326 , 0.341 , 51.93 , 112.06
3293 , 15063 , 96.66 , -75.1 , 7 , 17.82 , 3.400 , 0.352 , 52.13 , 111.86
3303 , 15106 , 95.95 , -75.1 , 7 , 17.77 , 3.543 , 0.369 , 52.33 , 111.66
3313 , 15150 , 95.24 , -75.1 , 7 , 17.71 , 3.719 , 0.390 , 52.54 , 111.45
3323 , 15194 , 94.52 , -75.2 , 7 , 17.66 , 3.903 , 0.413 , 52.77 , 111.22
3333 , 15238 , 93.80 , -75.1 , 7 , 17.62 , 4.027 , 0.429 , 53.01 , 110.98
3343 , 15281 , 93.11 , -75.2 , 7 , 17.57 , 4.053 , 0.435 , 53.25 , 110.74
3353 , 15325 , 92.40 , -75.1 , 7 , 17.53 , 4.000 , 0.433 , 53.49 , 110.50
3363 , 15364 , 91.78 , -75.1 , 7 , 17.47 , 3.869 , 0.422 , 53.70 , 110.29
3373 , 15403 , 91.16 , -74.9 , 7 , 17.42 , 3.541 , 0.388 , 53.90 , 110.09
3383 , 15445 , 90.51 , -74.8 , 7 , 17.37 , 3.196 , 0.353 , 54.09 , 109.90
3393 , 15486 , 89.87 , -74.8 , 7 , 17.32 , 2.936 , 0.327 , 54.26 , 109.73
3403 , 15525 , 89.27 , -74.8 , 7 , 17.27 , 2.769 , 0.310 , 54.41 , 109.58
3413 , 15566 , 88.63 , -74.8 , 7 , 17.23 , 2.659 , 0.300 , 54.56 , 109.43
3423 , 15608 , 88.00 , -74.9 , 7 , 17.18 , 2.549 , 0.290 , 54.71 , 109.28
3433 , 15650 , 87.37 , -74.7 , 7 , 17.12 , 2.425 , 0.278 , 54.85 , 109.14
3443 , 15689 , 86.77 , -74.5 , 7 , 17.07 , 2.332 , 0.269 , 54.98 , 109.01
3453 , 15730 , 86.17 , -74.4 , 7 , 17.02 , 2.313 , 0.268 , 55.11 , 108.88
3463 , 15771 , 85.57 , -74.5 , 7 , 16.98 , 2.347 , 0.274 , 55.24 , 108.75
3473 , 15812 , 84.96 , -74.6 , 7 , 16.94 , 2.395 , 0.282 , 55.37 , 108.62
3483 , 15857 , 84.31 , -74.5 , 7 , 16.89 , 2.448 , 0.290 , 55.52 , 108.47
3492 , 15900 , 83.69 , -74.5 , 7 , 16.85 , 2.470 , 0.295 , 55.66 , 108.33
3502 , 15942 , 83.08 , -74.7 , 6 , 16.80 , 2.478 , 0.298 , 55.80 , 108.19
3512 , 15987 , 82.44 , -74.4 , 6 , 16.75 , 2.569 , 0.312 , 55.96 , 108.03
3522 , 16033 , 81.80 , -74.2 , 6 , 16.70 , 2.763 , 0.338 , 56.12 , 107.87
3532 , 16078 , 81.16 , -74.1 , 6 , 16.66 , 2.994 , 0.369 , 56.30 , 107.69
3542 , 16124 , 80.53 , -74.1 , 6 , 16.60 , 3.159 , 0.392 , 56.49 , 107.50
3552 , 16169 , 79.91 , -74.0 , 6 , 16.56 , 3.394 , 0.425 , 56.69 , 107.30
3562 , 16213 , 79.30 , -73.8 , 6 , 16.51 , 3.676 , 0.464 , 56.90 , 107.09
3572 , 16259 , 78.69 , -73.9 , 6 , 16.45 , 3.921 , 0.498 , 57.13 , 106.86
3582 , 16305 , 78.07 , -73.7 , 6 , 16.41 , 4.164 , 0.533 , 57.39 , 106.60
3592 , 16352 , 77.45 , -73.8 , 6 , 16.36 , 4.420 , 0.571 , 57.66 , 106.33
3602 , 16398 , 76.84 , -73.8 , 6 , 16.31 , 4.616 , 0.601 , 57.94 , 106.05
3612 , 16444 , 76.23 , -73.7 , 6 , 16.27 , 4.808 , 0.631 , 58.23 , 105.76
3622 , 16493 , 75.59 , -73.8 , 6 , 16.22 , 5.030 , 0.665 , 58.56 , 105.43
3632 , 16546 , 74.91 , -74.1 , 6 , 16.17 , 5.273 , 0.704 , 58.93 , 105.06
3642 , 16593 , 74.31 , -74.2 , 6 , 16.12 , 5.481 , 0.738 , 59.27 , 104.72
3652 , 16642 , 73.68 , -74.2 , 6 , 16.07 , 5.714 , 0.776 , 59.64 , 104.35
3662 , 16692 , 73.06 , -74.4 , 6 , 16.03 , 5.874 , 0.804 , 60.03 , 103.96
3672 , 16741 , 72.44 , -74.5 , 6 , 15.99 , 5.795 , 0.800 , 60.42 , 103.57
3682 , 16790 , 71.84 , -74.7 , 6 , 15.95 , 5.576 , 0.776 , 60.80 , 103.19
3692 , 16839 , 71.23 , -75.1 , 6 , 15.90 , 5.285 , 0.742 , 61.16 , 102.83
3702 , 16887 , 70.64 , -75.3 , 6 , 15.86 , 5.051 , 0.715 , 61.50 , 102.49
3712 , 16935 , 70.05 , -75.3 , 6 , 15.82 , 4.777 , 0.682 , 61.83 , 102.16
3722 , 16983 , 69.48 , -75.5 , 6 , 15.78 , 4.424 , 0.637 , 62.12 , 101.87
3732 , 17031 , 68.90 , -75.4 , 5 , 15.73 , 4.103 , 0.595 , 62.40 , 101.59
3742 , 17079 , 68.34 , -75.3 , 5 , 15.69 , 3.796 , 0.556 , 62.66 , 101.33
3752 , 17128 , 67.77 , -75.6 , 6 , 15.64 , 3.495 , 0.516 , 62.90 , 101.09
3762 , 17176 , 67.20 , -75.7 , 6 , 15.61 , 3.403 , 0.506 , 63.13 , 100.86
3772 , 17224 , 66.65 , -75.9 , 6 , 15.57 , 3.449 , 0.517 , 63.35 , 100.64
3782 , 17272 , 66.09 , -76.1 , 6 , 15.53 , 3.407 , 0.515 , 63.58 , 100.41
3791 , 17318 , 65.57 , -76.7 , 6 , 15.50 , 3.397 , 0.518 , 63.79 , 100.20
3801 , 17362 , 65.07 , -76.8 , 5 , 15.46 , 3.402 , 0.523 , 64.00 , 99.99
3811 , 17406 , 64.57 , -76.3 , 5 , 15.42 , 3.436 , 0.532 , 64.21 , 99.78
3821 , 17448 , 64.11 , -75.5 , 5 , 15.38 , 3.681 , 0.574 , 64.41 , 99.58
3831 , 17489 , 63.65 , -75.2 , 6 , 15.34 , 4.177 , 0.656 , 64.63 , 99.36
3841 , 17530 , 63.20 , -75.0 , 6 , 15.31 , 4.836 , 0.765 , 64.88 , 99.11
3851 , 17573 , 62.74 , -74.8 , 6 , 15.27 , 5.576 , 0.889 , 65.18 , 98.81
3861 , 17616 , 62.27 , -74.8 , 6 , 15.23 , 6.205 , 0.996 , 65.53 , 98.46
3871 , 17660 , 61.80 , -74.8 , 6 , 15.19 , 6.546 , 1.059 , 65.91 , 98.08
3881 , 17704 , 61.33 , -74.7 , 6 , 15.16 , 6.556 , 1.069 , 66.31 , 97.68
3891 , 17750 , 60.85 , -74.5 , 6 , 15.12 , 6.153 , 1.011 , 66.70 , 97.29
3901 , 17795 , 60.38 , -74.7 , 6 , 15.08 , 5.630 , 0.933 , 67.07 , 96.92
3911 , 17842 , 59.90 , -74.5 , 6 , 15.04 , 5.170 , 0.863 , 67.41 , 96.58
3921 , 17889 , 59.42 , -74.1 , 5 , 15.00 , 4.927 , 0.829 , 67.72 , 96.27
3931 , 17934 , 58.96 , -74.3 , 5 , 14.96 , 4.837 , 0.820 , 68.02 , 95.97
3941 , 17978 , 58.52 , -74.2 , 5 , 14.93 , 4.779 , 0.817 , 68.31 , 95.68
3951 , 18023 , 58.06 , -74.6 , 5 , 14.89 , 4.730 , 0.815 , 68.60 , 95.39
3961 , 18069 , 57.61 , -74.5 , 5 , 14.85 , 4.645 , 0.806 , 68.89 , 95.10
3971 , 18115 , 57.15 , -74.4 , 5 , 14.81 , 4.373 , 0.765 , 69.18 , 94.81
3981 , 18165 , 56.66 , -74.5 , 5 , 14.78 , 4.101 , 0.724 , 69.47 , 94.52
3991 , 18215 , 56.18 , -74.8 , 5 , 14.74 , 3.845 , 0.685 , 69.73 , 94.26
4001 , 18265 , 55.69 , -75.0 , 5 , 14.70 , 3.661 , 0.657 , 69.99 , 94.00
4011 , 18316 , 55.21 , -74.9 , 5 , 14.67 , 3.460 , 0.627 , 70.24 , 93.75
4021 , 18365 , 54.74 , -75.1 , 5 , 14.63 , 3.235 , 0.591 , 70.46 , 93.53
4031 , 18415 , 54.28 , -75.1 , 5 , 14.60 , 3.053 , 0.562 , 70.67 , 93.32
4041 , 18462 , 53.84 , -75.0 , 5 , 14.56 , 2.859 , 0.531 , 70.86 , 93.13
4051 , 18509 , 53.40 , -74.8 , 5 , 14.53 , 2.675 , 0.501 , 71.04 , 92.95
4061 , 18558 , 52.95 , -74.9 , 5 , 14.49 , 2.543 , 0.480 , 71.21 , 92.78
4070 , 18605 , 52.52 , -74.9 , 5 , 14.45 , 2.456 , 0.468 , 71.37 , 92.62
4080 , 18649 , 52.13 , -75.0 , 5 , 14.42 , 2.405 , 0.461 , 71.52 , 92.47
4090 , 18697 , 51.70 , -74.9 , 4 , 14.38 , 2.335 , 0.452 , 71.67 , 92.32
4100 , 18742 , 51.29 , -74.6 , 4 , 14.34 , 2.273 , 0.443 , 71.82 , 92.17
4109 , 18782 , 50.95 , -74.6 , 4 , 14.31 , 2.227 , 0.437 , 71.94 , 92.05
4119 , 18825 , 50.57 , -74.9 , 4 , 14.27 , 2.198 , 0.435 , 72.07 , 91.92
4129 , 18869 , 50.19 , -75.1 , 4 , 14.24 , 2.164 , 0.431 , 72.20 , 91.79
4139 , 18914 , 49.80 , -74.8 , 4 , 14.20 , 2.143 , 0.430 , 72.33 , 91.66
4149 , 18958 , 49.43 , -74.6 , 4 , 14.16 , 2.080 , 0.421 , 72.45 , 91.54
4159 , 19002 , 49.06 , -74.5 , 4 , 14.13 , 2.019 , 0.412 , 72.58 , 91.41
4169 , 19045 , 48.69 , -74.4 , 4 , 14.10 , 1.948 , 0.400 , 72.69 , 91.30
4179 , 19088 , 48.34 , -73.8 , 4 , 14.06 , 1.919 , 0.397 , 72.80 , 91.19
4189 , 19131 , 47.98 , -73.7 , 4 , 14.03 , 2.021 , 0.421 , 72.92 , 91.07
4199 , 19174 , 47.63 , -73.8 , 4 , 13.99 , 2.130 , 0.447 , 73.04 , 90.95
4209 , 19216 , 47.29 , -74.0 , 4 , 13.96 , 2.205 , 0.466 , 73.16 , 90.83
4219 , 19255 , 46.97 , -74.0 , 4 , 13.92 , 2.228 , 0.474 , 73.28 , 90.71
4229 , 19295 , 46.65 , -74.0 , 4 , 13.89 , 2.214 , 0.475 , 73.40 , 90.59
4239 , 19335 , 46.33 , -73.7 , 4 , 13.85 , 2.175 , 0.470 , 73.52 , 90.47
4249 , 19375 , 46.01 , -73.6 , 4 , 13.82 , 2.079 , 0.452 , 73.64 , 90.36
4258 , 19416 , 45.69 , -73.6 , 3 , 13.78 , 1.948 , 0.426 , 73.75 , 90.24
4268 , 19458 , 45.37 , -73.8 , 3 , 13.75 , 1.825 , 0.402 , 73.85 , 90.14
4278 , 19498 , 45.06 , -73.9 , 3 , 13.72 , 1.694 , 0.376 , 73.95 , 90.04
4288 , 19542 , 44.72 , -73.8 , 3 , 13.68 , 1.594 , 0.357 , 74.05 , 89.94
4298 , 19584 , 44.40 , -73.6 , 3 , 13.64 , 1.618 , 0.364 , 74.14 , 89.85
4308 , 19629 , 44.05 , -73.4 , 3 , 13.61 , 1.780 , 0.404 , 74.24 , 89.75
4318 , 19677 , 43.70 , -73.6 , 3 , 13.57 , 2.040 , 0.467 , 74.36 , 89.63
4328 , 19727 , 43.32 , -73.8 , 3 , 13.54 , 2.183 , 0.504 , 74.51 , 89.48
4338 , 19777 , 42.95 , -73.9 , 3 , 13.50 , 2.191 , 0.510 , 74.66 , 89.33
4348 , 19827 , 42.59 , -73.4 , 3 , 13.47 , 2.016 , 0.473 , 74.80 , 89.19
4358 , 19879 , 42.21 , -73.2 , 3 , 13.43 , 1.851 , 0.439 , 74.93 , 89.06
4368 , 19929 , 41.85 , -73.1 , 3 , 13.40 , 1.877 , 0.449 , 75.06 , 88.93
4378 , 19980 , 41.49 , -73.1 , 3 , 13.36 , 2.394 , 0.577 , 75.20 , 88.79
4388 , 20030 , 41.13 , -73.1 , 3 , 13.33 , 3.088 , 0.751 , 75.39 , 88.60
4397 , 20077 , 40.81 , -73.1 , 3 , 13.30 , 3.751 , 0.919 , 75.61 , 88.38
4407 , 20122 , 40.50 , -73.3 , 3 , 13.26 , 4.126 , 1.019 , 75.84 , 88.15
4417 , 20168 , 40.18 , -73.0 , 3 , 13.23 , 4.205 , 1.047 , 76.10 , 87.89
4427 , 20213 , 39.87 , -73.0 , 3 , 13.19 , 4.068 , 1.020 , 76.35 , 87.64
4437 , 20256 , 39.58 , -73.0 , 3 , 13.16 , 3.907 , 0.987 , 76.58 , 87.41
4447 , 20299 , 39.28 , -72.6 , 3 , 13.12 , 3.715 , 0.946 , 76.81 , 87.18
4457 , 20342 , 39.00 , -72.3 , 3 , 13.08 , 3.483 , 0.893 , 77.01 , 86.98
4467 , 20384 , 38.72 , -72.1 , 3 , 13.05 , 3.237 , 0.836 , 77.20 , 86.79
4477 , 20423 , 38.47 , -71.8 , 3 , 13.01 , 3.019 , 0.785 , 77.37 , 86.62
4487 , 20466 , 38.19 , -71.8 , 3 , 12.97 , 2.807 , 0.735 , 77.54 , 86.45
4497 , 20507 , 37.92 , -72.0 , 2 , 12.93 , 2.638 , 0.696 , 77.68 , 86.31
4507 , 20547 , 37.67 , -72.1 , 2 , 12.90 , 2.575 , 0.684 , 77.82 , 86.17
4517 , 20589 , 37.40 , -72.2 , 2 , 12.86 , 2.595 , 0.694 , 77.97 , 86.02
4527 , 20631 , 37.13 , -72.4 , 2 , 12.82 , 2.685 , 0.723 , 78.12 , 85.87
4537 , 20671 , 36.88 , -72.4 , 2 , 12.79 , 2.840 , 0.770 , 78.27 , 85.72
4547 , 20714 , 36.61 , -71.8 , 2 , 12.75 , 3.197 , 0.873 , 78.44 , 85.55
4557 , 20754 , 36.36 , -72.0 , 2 , 12.71 , 3.730 , 1.026 , 78.63 , 85.36
4567 , 20797 , 36.10 , -72.2 , 2 , 12.68 , 4.186 , 1.160 , 78.86 , 85.13
4577 , 20841 , 35.83 , -72.0 , 2 , 12.64 , 4.630 , 1.292 , 79.12 , 84.87
4587 , 20886 , 35.56 , -71.8 , 2 , 12.61 , 4.976 , 1.399 , 79.40 , 84.59
4597 , 20929 , 35.30 , -71.5 , 2 , 12.57 , 5.206 , 1.475 , 79.70 , 84.29
4607 , 20972 , 35.05 , -70.6 , 2 , 12.54 , 5.533 , 1.579 , 80.00 , 83.99
4617 , 21017 , 34.78 , -70.5 , 2 , 12.50 , 5.912 , 1.700 , 80.35 , 83.64
4627 , 21061 , 34.53 , -70.0 , 2 , 12.47 , 6.210 , 1.799 , 80.70 , 83.29
4637 , 21105 , 34.27 , -69.4 , 2 , 12.43 , 6.701 , 1.955 , 81.08 , 82.91
4647 , 21147 , 34.03 , -69.1 , 2 , 12.40 , 7.289 , 2.142 , 81.47 , 82.52
4657 , 21191 , 33.78 , -68.9 , 2 , 12.37 , 7.733 , 2.289 , 81.91 , 82.08
4667 , 21235 , 33.53 , -68.5 , 2 , 12.34 , 8.095 , 2.414 , 82.37 , 81.62
4677 , 21277 , 33.30 , -68.3 , 2 , 12.31 , 8.224 , 2.470 , 82.81 , 81.18
4687 , 21319 , 33.06 , -68.6 , 2 , 12.27 , 8.223 , 2.487 , 83.27 , 80.72
4697 , 21363 , 32.82 , -68.7 , 2 , 12.24 , 8.157 , 2.485 , 83.75 , 80.24
4706 , 21401 , 32.62 , -68.6 , 2 , 12.21 , 7.959 , 2.440 , 84.14 , 79.85
4715 , 21440 , 32.41 , -68.5 , 2 , 12.19 , 7.821 , 2.413 , 84.55 , 79.44
4725 , 21479 , 32.19 , -68.6 , 2 , 12.16 , 7.619 , 2.367 , 84.95 , 79.04
4735 , 21521 , 31.97 , -68.5 , 2 , 12.13 , 7.430 , 2.324 , 85.36 , 78.63
4745 , 21566 , 31.73 , -68.2 , 1 , 12.10 , 7.161 , 2.257 , 85.80 , 78.20
4755 , 21609 , 31.50 , -68.3 , 1 , 12.07 , 6.928 , 2.199 , 86.20 , 77.79
4765 , 21651 , 31.28 , -68.4 , 1 , 12.04 , 6.778 , 2.167 , 86.58 , 77.41
4775 , 21701 , 31.02 , -68.2 , 1 , 12.01 , 6.696 , 2.158 , 87.02 , 76.97
4785 , 21750 , 30.77 , -67.9 , 1 , 11.98 , 6.652 , 2.162 , 87.45 , 76.54
4795 , 21801 , 30.51 , -68.1 , 1 , 11.95 , 6.596 , 2.162 , 87.89 , 76.10
4805 , 21855 , 30.24 , -68.2 , 1 , 11.91 , 6.553 , 2.167 , 88.36 , 75.63
4815 , 21907 , 29.98 , -68.2 , 1 , 11.88 , 6.526 , 2.177 , 88.81 , 75.19
4825 , 21962 , 29.70 , -67.6 , 1 , 11.85 , 6.466 , 2.177 , 89.28 , 74.71
4835 , 22014 , 29.45 , -67.3 , 1 , 11.82 , 6.424 , 2.181 , 89.71 , 74.28
4845 , 22068 , 29.19 , -67.4 , 1 , 11.79 , 6.340 , 2.172 , 90.17 , 73.82
4855 , 22124 , 28.92 , -67.6 , 1 , 11.76 , 6.260 , 2.165 , 90.63 , 73.36
4865 , 22179 , 28.65 , -67.7 , 1 , 11.73 , 6.194 , 2.162 , 91.08 , 72.91
4875 , 22232 , 28.40 , -67.5 , 1 , 11.70 , 6.108 , 2.151 , 91.51 , 72.48
4885 , 22286 , 28.14 , -67.0 , 1 , 11.67 , 6.062 , 2.154 , 91.94 , 72.05
4895 , 22338 , 27.91 , -67.1 , 1 , 11.63 , 6.108 , 2.189 , 92.35 , 71.64
4905 , 22388 , 27.67 , -67.1 , 1 , 11.61 , 6.124 , 2.213 , 92.75 , 71.24
4915 , 22437 , 27.45 , -67.0 , 1 , 11.58 , 6.165 , 2.246 , 93.14 , 70.85
4925 , 22484 , 27.24 , -67.0 , 1 , 11.54 , 6.181 , 2.270 , 93.53 , 70.46
4935 , 22528 , 27.04 , -67.0 , 1 , 11.51 , 6.190 , 2.289 , 93.88 , 70.11
4944 , 22568 , 26.86 , -66.6 , 1 , 11.48 , 6.159 , 2.293 , 94.20 , 69.79
4954 , 22607 , 26.69 , -66.1 , 1 , 11.45 , 6.141 , 2.301 , 94.52 , 69.47
4964 , 22646 , 26.52 , -65.9 , 1 , 11.42 , 6.113 , 2.305 , 94.83 , 69.16
4974 , 22689 , 26.33 , -65.7 , 1 , 11.39 , 6.069 , 2.305 , 95.17 , 68.82
4984 , 22729 , 26.16 , -65.4 , 0 , 11.36 , 6.049 , 2.312 , 95.48 , 68.51
4994 , 22774 , 25.96 , -65.4 , 0 , 11.32 , 6.037 , 2.325 , 95.84 , 68.15
5003 , 22816 , 25.78 , -65.5 , 0 , 11.29 , 6.014 , 2.332 , 96.17 , 67.82
5013 , 22858 , 25.61 , -65.3 , 0 , 11.26 , 6.061 , 2.367 , 96.49 , 67.50
5023 , 22903 , 25.42 , -64.9 , 0 , 11.22 , 6.160 , 2.423 , 96.85 , 67.14
5033 , 22954 , 25.21 , -64.6 , 0 , 11.18 , 6.264 , 2.485 , 97.26 , 66.73
5043 , 23003 , 25.01 , -64.5 , 0 , 11.15 , 6.305 , 2.521 , 97.66 , 66.33
5053 , 23053 , 24.80 , -64.3 , 0 , 11.11 , 6.301 , 2.540 , 98.06 , 65.93
5063 , 23102 , 24.61 , -64.0 , 0 , 11.07 , 6.310 , 2.564 , 98.46 , 65.53
5073 , 23154 , 24.40 , -64.3 , 0 , 11.03 , 6.381 , 2.615 , 98.89 , 65.10
5083 , 23207 , 24.19 , -64.5 , 0 , 11.00 , 6.340 , 2.621 , 99.33 , 64.66
5092 , 23259 , 23.98 , -64.4 , 0 , 10.96 , 6.291 , 2.623 , 99.75 , 64.24
5102 , 23306 , 23.80 , -64.2 , 0 , 10.93 , 6.225 , 2.616 , 100.12 , 63.87
5112 , 23359 , 23.59 , -64.1 , 0 , 10.90 , 6.199 , 2.628 , 100.55 , 63.44
5122 , 23413 , 23.38 , -64.0 , 0 , 10.86 , 6.154 , 2.632 , 100.98 , 63.01
5132 , 23461 , 23.20 , -63.7 , 0 , 10.83 , 6.080 , 2.621 , 101.36 , 62.63
5142 , 23514 , 23.00 , -63.7 , 0 , 10.80 , 6.086 , 2.646 , 101.78 , 62.21
5152 , 23566 , 22.81 , -63.8 , 0 , 10.77 , 6.076 , 2.664 , 102.18 , 61.81
5162 , 23619 , 22.61 , -63.8 , 0 , 10.74 , 5.991 , 2.650 , 102.59 , 61.40
5172 , 23669 , 22.43 , -63.9 , 0 , 10.71 , 5.956 , 2.655 , 102.98 , 61.01
5182 , 23717 , 22.25 , -63.6 , 0 , 10.68 , 5.937 , 2.668 , 103.35 , 60.64
5192 , 23766 , 22.08 , -63.4 , 0 , 10.65 , 5.895 , 2.670 , 103.72 , 60.27
5202 , 23813 , 21.91 , -63.6 , 0 , 10.63 , 5.868 , 2.678 , 104.07 , 59.92
5212 , 23862 , 21.73 , -63.7 , 0 , 10.60 , 5.843 , 2.688 , 104.44 , 59.55
5222 , 23909 , 21.57 , -63.4 , 0 , 10.58 , 5.824 , 2.700 , 104.80 , 59.19
5232 , 23954 , 21.41 , -63.0 , 0 , 10.56 , 5.816 , 2.717 , 105.14 , 58.85
5242 , 23998 , 21.26 , -62.8 , 0 , 10.55 , 5.760 , 2.709 , 105.46 , 58.53
5252 , 24040 , 21.11 , -62.4 , 0 , 10.53 , 5.718 , 2.708 , 105.77 , 58.22
5262 , 24084 , 20.96 , -62.4 , 0 , 10.51 , 5.672 , 2.706 , 106.09 , 57.90
5272 , 24125 , 20.83 , -62.5 , 0 , 10.50 , 5.638 , 2.707 , 106.38 , 57.61
5282 , 24164 , 20.69 , -62.3 , 0 , 10.48 , 5.594 , 2.704 , 106.67 , 57.32
5292 , 24201 , 20.57 , -61.9 , 0 , 10.47 , 5.586 , 2.716 , 106.93 , 57.06
5301 , 24238 , 20.45 , -61.7 , 0 , 10.45 , 5.558 , 2.718 , 107.19 , 56.80
5310 , 24270 , 20.34 , -61.6 , 0 , 10.43 , 5.550 , 2.729 , 107.42 , 56.57
5320 , 24309 , 20.21 , -61.4 , 0 , 10.42 , 5.531 , 2.736 , 107.70 , 56.29
5330 , 24347 , 20.09 , -60.9 , 0 , 10.40 , 5.494 , 2.735 , 107.96 , 56.03
5340 , 24385 , 19.97 , -60.2 , 0 , 10.37 , 5.504 , 2.756 , 108.23 , 55.76
5350 , 24425 , 19.84 , -59.9 , 0 , 10.36 , 5.503 , 2.774 , 108.51 , 55.48
5360 , 24467 , 19.71 , -59.8 , 0 , 10.34 , 5.475 , 2.778 , 108.80 , 55.19
5370 , 24508 , 19.58 , -59.4 , 0 , 10.31 , 5.469 , 2.793 , 109.08 , 54.91
5380 , 24552 , 19.44 , -59.0 , 0 , 10.29 , 5.423 , 2.790 , 109.39 , 54.60
5390 , 24596 , 19.30 , -58.6 , 0 , 10.27 , 5.404 , 2.800 , 109.68 , 54.31
5400 , 24644 , 19.16 , -58.4 , 0 , 10.25 , 5.444 , 2.841 , 110.01 , 53.98
5410 , 24689 , 19.02 , -58.4 , 0 , 10.23 , 5.432 , 2.855 , 110.32 , 53.67
5420 , 24739 , 18.87 , -58.3 , 0 , 10.20 , 5.402 , 2.862 , 110.65 , 53.34
5430 , 24787 , 18.73 , -58.0 , 0 , 10.18 , 5.379 , 2.872 , 110.98 , 53.01
5440 , 24838 , 18.58 , -57.5 , 0 , 10.16 , 5.374 , 2.893 , 111.32 , 52.67
5450 , 24886 , 18.44 , -57.5 , 0 , 10.13 , 5.345 , 2.899 , 111.65 , 52.34
5460 , 24939 , 18.28 , -57.6 , 0 , 10.11 , 5.315 , 2.907 , 112.00 , 51.99
5470 , 24987 , 18.14 , -57.3 , 0 , 10.09 , 5.315 , 2.929 , 112.32 , 51.67
5480 , 25030 , 18.02 , -56.5 , 0 , 10.06 , 5.289 , 2.935 , 112.60 , 51.39
5490 , 25076 , 17.89 , -56.2 , 0 , 10.03 , 5.286 , 2.954 , 112.90 , 51.09
5500 , 25117 , 17.77 , -55.9 , 0 , 10.01 , 5.244 , 2.950 , 113.18 , 50.81
5509 , 25153 , 17.67 , -55.6 , 0 , 9.99 , 5.237 , 2.963 , 113.41 , 50.58
5519 , 25186 , 17.58 , -55.1 , 0 , 9.97 , 5.280 , 3.002 , 113.62 , 50.37
5529 , 25220 , 17.49 , -54.8 , 0 , 9.95 , 5.676 , 3.245 , 113.85 , 50.14
5539 , 25251 , 17.41 , -54.8 , 0 , 9.92 , 5.717 , 3.285 , 114.07 , 49.92
5549 , 25286 , 17.31 , -54.7 , 0 , 9.90 , 5.657 , 3.268 , 114.32 , 49.67
5559 , 25322 , 17.21 , -54.7 , 0 , 9.87 , 5.577 , 3.240 , 114.56 , 49.43
5569 , 25360 , 17.11 , -54.7 , 0 , 9.85 , 5.525 , 3.229 , 114.82 , 49.17
5579 , 25396 , 17.02 , -54.5 , 0 , 9.83 , 5.507 , 3.236 , 115.07 , 48.92
5589 , 25434 , 16.91 , -54.1 , 0 , 9.80 , 5.425 , 3.208 , 115.33 , 48.66
5599 , 25469 , 16.82 , -53.7 , 0 , 9.78 , 5.413 , 3.218 , 115.56 , 48.43
5608 , 25509 , 16.72 , -53.3 , 0 , 9.76 , 5.387 , 3.222 , 115.83 , 48.16
5617 , 25548 , 16.62 , -53.0 , 0 , 9.73 , 5.380 , 3.238 , 116.08 , 47.91
5627 , 25591 , 16.51 , -52.8 , 0 , 9.71 , 5.360 , 3.247 , 116.37 , 47.62
5637 , 25638 , 16.39 , -52.3 , 0 , 9.69 , 5.352 , 3.266 , 116.67 , 47.32
5647 , 25683 , 16.27 , -51.7 , 0 , 9.66 , 5.342 , 3.283 , 116.97 , 47.02
5657 , 25736 , 16.14 , -51.4 , 0 , 9.64 , 5.330 , 3.302 , 117.31 , 46.68
5667 , 25783 , 16.03 , -51.5 , 0 , 9.62 , 5.333 , 3.328 , 117.61 , 46.38
5677 , 25835 , 15.90 , -51.6 , 0 , 9.59 , 5.323 , 3.348 , 117.95 , 46.04
5687 , 25885 , 15.77 , -51.4 , 0 , 9.57 , 5.290 , 3.353 , 118.28 , 45.71
5697 , 25932 , 15.66 , -50.9 , 0 , 9.54 , 5.255 , 3.355 , 118.58 , 45.41
5707 , 25984 , 15.54 , -50.9 , 0 , 9.52 , 5.249 , 3.378 , 118.91 , 45.08
5717 , 26035 , 15.42 , -50.7 , 0 , 9.49 , 5.209 , 3.379 , 119.23 , 44.76
5727 , 26081 , 15.31 , -50.4 , 0 , 9.47 , 5.202 , 3.398 , 119.52 , 44.47
5737 , 26130 , 15.19 , -50.5 , 0 , 9.44 , 5.173 , 3.405 , 119.83 , 44.16
5747 , 26177 , 15.08 , -50.3 , 0 , 9.41 , 5.127 , 3.399 , 120.12 , 43.87
5757 , 26226 , 14.97 , -50.0 , 0 , 9.39 , 5.070 , 3.387 , 120.42 , 43.57
5767 , 26271 , 14.87 , -49.6 , 0 , 9.36 , 5.027 , 3.381 , 120.70 , 43.29
5777 , 26315 , 14.77 , -49.1 , 0 , 9.34 , 5.015 , 3.396 , 120.96 , 43.03
5787 , 26356 , 14.68 , -48.9 , 0 , 9.31 , 4.998 , 3.405 , 121.21 , 42.78
5797 , 26399 , 14.58 , -49.1 , 0 , 9.29 , 4.961 , 3.402 , 121.47 , 42.52
5807 , 26439 , 14.49 , -49.1 , 0 , 9.27 , 4.944 , 3.412 , 121.71 , 42.28
5817 , 26484 , 14.39 , -48.6 , 0 , 9.24 , 4.946 , 3.436 , 121.97 , 42.02
5827 , 26522 , 14.31 , -48.6 , 0 , 9.22 , 4.925 , 3.441 , 122.20 , 41.79
5837 , 26559 , 14.23 , -48.5 , 0 , 9.19 , 4.935 , 3.468 , 122.42 , 41.57
5847 , 26603 , 14.14 , -48.5 , 0 , 9.16 , 4.943 , 3.497 , 122.68 , 41.31
5857 , 26643 , 14.05 , -48.5 , 0 , 9.14 , 4.934 , 3.512 , 122.92 , 41.07
5867 , 26684 , 13.96 , -48.0 , 0 , 9.12 , 4.936 , 3.536 , 123.16 , 40.83
5877 , 26727 , 13.87 , -46.6 , 0 , 9.09 , 4.911 , 3.540 , 123.41 , 40.58
5887 , 26773 , 13.78 , -46.1 , 0 , 9.06 , 4.921 , 3.572 , 123.68 , 40.31
5897 , 26817 , 13.68 , -45.2 , 0 , 9.03 , 4.955 , 3.621 , 123.94 , 40.05
5907 , 26863 , 13.59 , -44.2 , 0 , 9.01 , 5.041 , 3.709 , 124.21 , 39.78
