# ------------------------------------------------------------
#
# Flight name: V3911
# Station: Davis
# Launch Date: 20 October 2011
# Launch Time: 11:16:45
# 
# This file created: Fri Oct 21 09:32:31 2011
# 
# 
# ------------------------------------------------------------
# DATA COLUMNS
# Time (s)
# Height (m)
# Atmospheric Pressure (hPa)
# Atmospheric Temperature (°C)
# Relative Humidity (%)
# Box Temperature (°C)
# Ozone Partial Pressure (mPa)
# Ozone Mixing Ratio (ppmV)
# Accumulated Ozone to this Height (Dobson Units)
# Remaining Ozone above this Height (Dobson Units)
# 
# ------------------------------------------------------------
# 
# Integrated Ozone = 226.3 DU
# Extrapolated Ozone =  47.1 DU
# 
# Total Ozone = 273.4 DU
# 
# 
# ------------------------------------------------------------
0 , 18 , 977.94 , -12.0 , 76 , 34.79 , 2.793 , 0.029 , 0.00 , 273.37
10 , 61 , 972.42 , -12.5 , 76 , 34.83 , 2.898 , 0.030 , 0.13 , 273.24
20 , 102 , 967.22 , -12.9 , 78 , 34.87 , 2.806 , 0.029 , 0.25 , 273.12
30 , 148 , 961.38 , -13.4 , 80 , 34.93 , 2.689 , 0.028 , 0.38 , 272.99
40 , 196 , 955.32 , -13.8 , 82 , 34.99 , 2.647 , 0.028 , 0.51 , 272.86
50 , 247 , 948.88 , -14.3 , 82 , 35.02 , 2.638 , 0.028 , 0.65 , 272.72
60 , 293 , 943.12 , -14.6 , 85 , 35.03 , 2.641 , 0.028 , 0.78 , 272.59
69 , 339 , 937.45 , -15.0 , 89 , 35.04 , 2.652 , 0.028 , 0.91 , 272.46
79 , 382 , 932.12 , -15.4 , 91 , 35.06 , 2.651 , 0.028 , 1.03 , 272.35
89 , 426 , 926.70 , -15.7 , 93 , 35.09 , 2.655 , 0.029 , 1.15 , 272.22
99 , 478 , 920.36 , -16.1 , 94 , 35.10 , 2.576 , 0.028 , 1.29 , 272.08
109 , 526 , 914.45 , -16.4 , 94 , 35.10 , 2.588 , 0.028 , 1.42 , 271.95
119 , 576 , 908.44 , -16.8 , 93 , 35.10 , 2.566 , 0.028 , 1.55 , 271.82
129 , 623 , 902.75 , -17.0 , 92 , 35.11 , 2.586 , 0.029 , 1.68 , 271.69
139 , 668 , 897.36 , -17.0 , 96 , 35.13 , 2.564 , 0.029 , 1.80 , 271.57
148 , 713 , 891.93 , -17.2 , 96 , 35.15 , 2.555 , 0.029 , 1.93 , 271.44
158 , 753 , 887.26 , -17.4 , 93 , 35.17 , 2.537 , 0.029 , 2.03 , 271.34
168 , 794 , 882.36 , -17.6 , 89 , 35.18 , 2.531 , 0.029 , 2.14 , 271.23
178 , 841 , 876.91 , -17.9 , 88 , 35.18 , 2.479 , 0.028 , 2.27 , 271.11
188 , 886 , 871.60 , -18.3 , 90 , 35.19 , 2.472 , 0.028 , 2.38 , 270.99
198 , 938 , 865.50 , -18.6 , 93 , 35.21 , 2.453 , 0.028 , 2.52 , 270.85
208 , 992 , 859.30 , -18.8 , 96 , 35.22 , 2.438 , 0.028 , 2.66 , 270.71
218 , 1038 , 853.96 , -19.0 , 97 , 35.21 , 2.434 , 0.028 , 2.78 , 270.59
228 , 1083 , 848.80 , -19.1 , 97 , 35.21 , 2.423 , 0.029 , 2.90 , 270.48
238 , 1134 , 843.08 , -19.2 , 97 , 35.21 , 2.404 , 0.029 , 3.02 , 270.35
248 , 1189 , 836.82 , -19.6 , 93 , 35.19 , 2.394 , 0.029 , 3.17 , 270.21
258 , 1241 , 830.99 , -19.9 , 89 , 35.18 , 2.361 , 0.028 , 3.30 , 270.07
268 , 1298 , 824.65 , -20.4 , 89 , 35.19 , 2.356 , 0.029 , 3.44 , 269.93
278 , 1354 , 818.41 , -20.9 , 91 , 35.18 , 2.318 , 0.028 , 3.58 , 269.79
288 , 1404 , 812.83 , -21.4 , 92 , 35.19 , 2.308 , 0.028 , 3.70 , 269.67
298 , 1467 , 805.97 , -21.9 , 93 , 35.18 , 2.282 , 0.028 , 3.86 , 269.51
308 , 1525 , 799.66 , -22.4 , 93 , 35.16 , 2.267 , 0.028 , 4.00 , 269.37
318 , 1574 , 794.31 , -22.9 , 97 , 35.15 , 2.236 , 0.028 , 4.12 , 269.25
328 , 1623 , 788.94 , -23.3 , 98 , 35.14 , 2.227 , 0.028 , 4.24 , 269.13
338 , 1677 , 783.18 , -23.7 , 99 , 35.13 , 2.214 , 0.028 , 4.37 , 269.01
348 , 1734 , 777.13 , -24.2 , 98 , 35.11 , 2.214 , 0.028 , 4.50 , 268.87
358 , 1793 , 770.87 , -24.7 , 98 , 35.10 , 2.191 , 0.028 , 4.64 , 268.73
368 , 1849 , 764.86 , -25.2 , 98 , 35.09 , 2.190 , 0.029 , 4.78 , 268.59
378 , 1900 , 759.59 , -25.6 , 98 , 35.08 , 2.173 , 0.029 , 4.90 , 268.47
388 , 1951 , 754.23 , -26.1 , 97 , 35.06 , 2.147 , 0.028 , 5.02 , 268.35
398 , 1996 , 749.53 , -26.5 , 96 , 35.04 , 2.142 , 0.029 , 5.12 , 268.25
408 , 2037 , 745.34 , -24.5 , 95 , 35.03 , 2.101 , 0.028 , 5.22 , 268.15
418 , 2075 , 741.44 , -24.0 , 96 , 35.01 , 1.983 , 0.027 , 5.30 , 268.07
428 , 2116 , 737.30 , -24.2 , 94 , 35.00 , 1.884 , 0.026 , 5.39 , 267.98
437 , 2153 , 733.59 , -24.5 , 92 , 34.98 , 1.830 , 0.025 , 5.46 , 267.91
448 , 2192 , 729.62 , -24.7 , 92 , 34.97 , 1.922 , 0.026 , 5.54 , 267.83
456 , 2228 , 725.99 , -24.9 , 87 , 34.96 , 2.003 , 0.028 , 5.62 , 267.75
466 , 2273 , 721.59 , -25.0 , 75 , 34.94 , 2.079 , 0.029 , 5.72 , 267.65
474 , 2308 , 718.08 , -25.2 , 60 , 34.91 , 2.139 , 0.030 , 5.80 , 267.57
485 , 2357 , 713.22 , -25.2 , 38 , 34.90 , 2.204 , 0.031 , 5.91 , 267.46
495 , 2396 , 709.37 , -25.3 , 42 , 34.88 , 2.201 , 0.031 , 6.01 , 267.36
505 , 2439 , 705.27 , -25.4 , 43 , 34.87 , 2.175 , 0.031 , 6.11 , 267.26
515 , 2482 , 701.07 , -25.5 , 45 , 34.85 , 2.098 , 0.030 , 6.21 , 267.16
524 , 2520 , 697.39 , -25.5 , 40 , 34.84 , 2.013 , 0.029 , 6.29 , 267.08
535 , 2560 , 693.60 , -25.6 , 41 , 34.81 , 1.955 , 0.028 , 6.38 , 266.99
545 , 2599 , 689.83 , -25.7 , 36 , 34.79 , 1.925 , 0.028 , 6.46 , 266.91
554 , 2637 , 686.21 , -25.7 , 29 , 34.77 , 1.898 , 0.028 , 6.54 , 266.83
564 , 2679 , 682.22 , -25.7 , 26 , 34.75 , 1.867 , 0.027 , 6.63 , 266.74
574 , 2722 , 678.19 , -25.8 , 23 , 34.72 , 1.847 , 0.027 , 6.72 , 266.66
584 , 2763 , 674.42 , -25.9 , 23 , 34.69 , 1.845 , 0.027 , 6.80 , 266.57
594 , 2803 , 670.71 , -26.1 , 25 , 34.66 , 1.850 , 0.028 , 6.88 , 266.49
603 , 2842 , 667.05 , -26.3 , 24 , 34.64 , 1.886 , 0.028 , 6.96 , 266.41
613 , 2879 , 663.61 , -26.5 , 18 , 34.62 , 2.013 , 0.030 , 7.04 , 266.33
622 , 2917 , 660.19 , -26.6 , 15 , 34.60 , 1.953 , 0.030 , 7.12 , 266.25
632 , 2952 , 656.95 , -26.6 , 14 , 34.58 , 1.963 , 0.030 , 7.19 , 266.18
642 , 2993 , 653.23 , -26.9 , 13 , 34.54 , 1.927 , 0.029 , 7.28 , 266.09
652 , 3037 , 649.28 , -27.1 , 12 , 34.51 , 1.890 , 0.029 , 7.37 , 266.00
662 , 3076 , 645.78 , -27.3 , 12 , 34.48 , 1.862 , 0.029 , 7.45 , 265.92
672 , 3117 , 642.07 , -27.4 , 12 , 34.46 , 1.838 , 0.029 , 7.54 , 265.83
682 , 3158 , 638.48 , -27.7 , 10 , 34.43 , 1.829 , 0.029 , 7.62 , 265.75
692 , 3200 , 634.71 , -27.9 , 10 , 34.41 , 1.823 , 0.029 , 7.70 , 265.67
702 , 3250 , 630.27 , -28.2 , 9 , 34.37 , 1.866 , 0.030 , 7.81 , 265.57
712 , 3294 , 626.43 , -28.4 , 8 , 34.34 , 1.920 , 0.031 , 7.90 , 265.47
722 , 3337 , 622.70 , -28.8 , 8 , 34.31 , 1.967 , 0.032 , 7.99 , 265.38
732 , 3384 , 618.62 , -29.1 , 7 , 34.27 , 2.010 , 0.032 , 8.09 , 265.28
742 , 3438 , 613.93 , -29.6 , 8 , 34.23 , 2.040 , 0.033 , 8.21 , 265.16
752 , 3492 , 609.33 , -30.0 , 10 , 34.20 , 2.062 , 0.034 , 8.33 , 265.04
762 , 3536 , 605.57 , -30.3 , 11 , 34.18 , 1.988 , 0.033 , 8.43 , 264.94
771 , 3578 , 602.03 , -30.5 , 12 , 34.14 , 1.871 , 0.031 , 8.52 , 264.85
781 , 3620 , 598.48 , -30.6 , 13 , 34.10 , 1.795 , 0.030 , 8.61 , 264.76
791 , 3669 , 594.31 , -31.0 , 13 , 34.08 , 1.759 , 0.030 , 8.71 , 264.66
801 , 3726 , 589.60 , -31.3 , 13 , 34.04 , 1.722 , 0.029 , 8.82 , 264.55
811 , 3773 , 585.63 , -31.5 , 10 , 34.01 , 1.766 , 0.030 , 8.91 , 264.46
821 , 3825 , 581.39 , -31.9 , 9 , 33.98 , 1.778 , 0.031 , 9.01 , 264.36
831 , 3877 , 577.10 , -32.2 , 8 , 33.94 , 1.746 , 0.030 , 9.11 , 264.26
841 , 3918 , 573.71 , -32.5 , 10 , 33.90 , 1.770 , 0.031 , 9.20 , 264.18
851 , 3965 , 569.92 , -32.9 , 11 , 33.86 , 1.815 , 0.032 , 9.29 , 264.08
861 , 4009 , 566.40 , -33.2 , 13 , 33.82 , 1.835 , 0.032 , 9.38 , 263.99
871 , 4054 , 562.75 , -33.5 , 14 , 33.79 , 1.813 , 0.032 , 9.47 , 263.90
881 , 4104 , 558.73 , -33.8 , 16 , 33.76 , 1.756 , 0.031 , 9.57 , 263.80
891 , 4158 , 554.45 , -34.2 , 16 , 33.71 , 1.697 , 0.031 , 9.68 , 263.69
901 , 4206 , 550.71 , -34.6 , 17 , 33.68 , 1.670 , 0.030 , 9.77 , 263.60
911 , 4252 , 547.04 , -35.0 , 20 , 33.66 , 1.662 , 0.030 , 9.85 , 263.52
921 , 4301 , 543.19 , -35.4 , 24 , 33.62 , 1.628 , 0.030 , 9.95 , 263.42
931 , 4353 , 539.20 , -35.8 , 27 , 33.60 , 1.613 , 0.030 , 10.04 , 263.33
941 , 4400 , 535.54 , -36.3 , 29 , 33.56 , 1.575 , 0.029 , 10.13 , 263.24
951 , 4444 , 532.11 , -36.6 , 25 , 33.53 , 1.562 , 0.029 , 10.21 , 263.16
961 , 4489 , 528.67 , -37.0 , 24 , 33.50 , 1.577 , 0.030 , 10.29 , 263.08
971 , 4532 , 525.42 , -37.4 , 23 , 33.46 , 1.717 , 0.033 , 10.37 , 263.00
981 , 4574 , 522.20 , -37.8 , 22 , 33.42 , 1.737 , 0.033 , 10.45 , 262.92
991 , 4620 , 518.77 , -38.2 , 23 , 33.39 , 1.716 , 0.033 , 10.54 , 262.83
1001 , 4667 , 515.21 , -38.6 , 25 , 33.34 , 1.674 , 0.032 , 10.63 , 262.74
1011 , 4712 , 511.84 , -39.0 , 28 , 33.31 , 1.639 , 0.032 , 10.72 , 262.65
1021 , 4758 , 508.39 , -39.4 , 30 , 33.29 , 1.626 , 0.032 , 10.81 , 262.57
1031 , 4802 , 505.12 , -39.8 , 35 , 33.26 , 1.614 , 0.032 , 10.89 , 262.48
1041 , 4852 , 501.48 , -40.3 , 38 , 33.23 , 1.594 , 0.032 , 10.98 , 262.39
1051 , 4902 , 497.76 , -40.5 , 33 , 33.18 , 1.592 , 0.032 , 11.07 , 262.30
1061 , 4951 , 494.25 , -40.8 , 24 , 33.15 , 1.617 , 0.033 , 11.16 , 262.21
1071 , 4997 , 490.87 , -40.9 , 16 , 33.10 , 1.647 , 0.034 , 11.25 , 262.12
1080 , 5038 , 487.93 , -41.3 , 13 , 33.06 , 1.680 , 0.034 , 11.33 , 262.04
1090 , 5085 , 484.59 , -41.5 , 12 , 33.01 , 1.654 , 0.034 , 11.42 , 261.95
1100 , 5131 , 481.32 , -41.8 , 11 , 32.97 , 1.625 , 0.034 , 11.51 , 261.86
1110 , 5174 , 478.25 , -42.1 , 11 , 32.93 , 1.591 , 0.033 , 11.59 , 261.78
1120 , 5216 , 475.24 , -42.6 , 11 , 32.89 , 1.573 , 0.033 , 11.67 , 261.70
1130 , 5261 , 472.10 , -42.9 , 11 , 32.85 , 1.565 , 0.033 , 11.75 , 261.62
1140 , 5305 , 469.02 , -43.2 , 12 , 32.81 , 1.540 , 0.033 , 11.83 , 261.54
1150 , 5353 , 465.73 , -43.6 , 12 , 32.76 , 1.528 , 0.033 , 11.92 , 261.46
1160 , 5396 , 462.70 , -44.0 , 12 , 32.72 , 1.525 , 0.033 , 11.99 , 261.38
1170 , 5438 , 459.84 , -44.3 , 13 , 32.68 , 1.550 , 0.034 , 12.07 , 261.30
1180 , 5481 , 456.90 , -44.4 , 14 , 32.62 , 1.578 , 0.035 , 12.15 , 261.22
1190 , 5523 , 454.02 , -44.6 , 13 , 32.57 , 1.668 , 0.037 , 12.23 , 261.14
1200 , 5571 , 450.82 , -44.8 , 11 , 32.51 , 1.736 , 0.039 , 12.32 , 261.05
1210 , 5615 , 447.83 , -45.0 , 13 , 32.47 , 1.749 , 0.039 , 12.42 , 260.95
1220 , 5664 , 444.58 , -45.3 , 15 , 32.43 , 1.726 , 0.039 , 12.52 , 260.86
1230 , 5711 , 441.40 , -45.6 , 15 , 32.37 , 1.698 , 0.038 , 12.61 , 260.76
1240 , 5761 , 438.15 , -45.8 , 14 , 32.33 , 1.684 , 0.038 , 12.71 , 260.66
1250 , 5803 , 435.37 , -45.9 , 12 , 32.27 , 1.680 , 0.039 , 12.80 , 260.58
1260 , 5848 , 432.47 , -46.2 , 13 , 32.23 , 1.713 , 0.040 , 12.89 , 260.49
1270 , 5889 , 429.78 , -46.4 , 13 , 32.18 , 1.744 , 0.041 , 12.97 , 260.40
1280 , 5934 , 426.90 , -46.8 , 14 , 32.13 , 1.746 , 0.041 , 13.06 , 260.31
1290 , 5986 , 423.56 , -47.1 , 14 , 32.09 , 1.744 , 0.041 , 13.17 , 260.20
1300 , 6041 , 420.03 , -47.6 , 15 , 32.03 , 1.692 , 0.040 , 13.28 , 260.09
1310 , 6091 , 416.85 , -48.0 , 14 , 31.97 , 1.641 , 0.039 , 13.38 , 259.99
1320 , 6152 , 413.04 , -48.5 , 14 , 31.93 , 1.614 , 0.039 , 13.50 , 259.87
1330 , 6195 , 410.33 , -48.8 , 14 , 31.88 , 1.649 , 0.040 , 13.59 , 259.78
1340 , 6237 , 407.70 , -49.1 , 14 , 31.83 , 1.610 , 0.039 , 13.67 , 259.70
1350 , 6278 , 405.16 , -49.5 , 14 , 31.78 , 1.594 , 0.039 , 13.75 , 259.62
1360 , 6339 , 401.42 , -50.0 , 14 , 31.72 , 1.563 , 0.039 , 13.86 , 259.51
1370 , 6393 , 398.10 , -50.3 , 14 , 31.67 , 1.529 , 0.038 , 13.97 , 259.41
1379 , 6435 , 395.53 , -50.7 , 14 , 31.63 , 1.506 , 0.038 , 14.04 , 259.33
1388 , 6481 , 392.72 , -51.0 , 16 , 31.58 , 1.487 , 0.038 , 14.13 , 259.24
1398 , 6528 , 389.89 , -51.3 , 15 , 31.53 , 1.461 , 0.037 , 14.21 , 259.16
1408 , 6579 , 386.88 , -51.6 , 13 , 31.48 , 1.421 , 0.037 , 14.30 , 259.07
1418 , 6629 , 383.86 , -51.9 , 12 , 31.43 , 1.370 , 0.036 , 14.39 , 258.98
1428 , 6674 , 381.25 , -52.2 , 11 , 31.38 , 1.332 , 0.035 , 14.46 , 258.91
1438 , 6720 , 378.54 , -52.6 , 11 , 31.33 , 1.321 , 0.035 , 14.53 , 258.84
1448 , 6768 , 375.72 , -52.9 , 12 , 31.28 , 1.326 , 0.035 , 14.61 , 258.76
1458 , 6815 , 372.99 , -53.2 , 14 , 31.23 , 1.359 , 0.036 , 14.69 , 258.68
1468 , 6861 , 370.35 , -53.6 , 16 , 31.17 , 1.406 , 0.038 , 14.77 , 258.60
1478 , 6908 , 367.62 , -53.9 , 18 , 31.11 , 1.446 , 0.039 , 14.85 , 258.52
1488 , 6956 , 364.87 , -54.1 , 18 , 31.06 , 1.448 , 0.040 , 14.94 , 258.44
1498 , 6998 , 362.52 , -54.4 , 18 , 31.01 , 1.455 , 0.040 , 15.01 , 258.36
1508 , 7042 , 360.02 , -54.5 , 17 , 30.96 , 1.454 , 0.040 , 15.09 , 258.28
1518 , 7086 , 357.53 , -54.8 , 16 , 30.91 , 1.434 , 0.040 , 15.17 , 258.20
1528 , 7135 , 354.82 , -54.9 , 15 , 30.85 , 1.507 , 0.042 , 15.26 , 258.11
1537 , 7177 , 352.47 , -55.1 , 14 , 30.81 , 1.480 , 0.042 , 15.33 , 258.04
1547 , 7220 , 350.14 , -55.3 , 14 , 30.76 , 1.403 , 0.040 , 15.41 , 257.96
1557 , 7265 , 347.68 , -55.5 , 13 , 30.71 , 1.337 , 0.038 , 15.49 , 257.88
1567 , 7308 , 345.33 , -55.7 , 13 , 30.66 , 1.286 , 0.037 , 15.56 , 257.81
1577 , 7352 , 342.94 , -56.0 , 13 , 30.60 , 1.263 , 0.037 , 15.63 , 257.74
1587 , 7391 , 340.87 , -56.3 , 13 , 30.55 , 1.311 , 0.038 , 15.69 , 257.68
1597 , 7434 , 338.54 , -56.6 , 14 , 30.50 , 1.298 , 0.038 , 15.76 , 257.61
1607 , 7477 , 336.24 , -56.9 , 14 , 30.45 , 1.278 , 0.038 , 15.83 , 257.54
1617 , 7522 , 333.86 , -57.3 , 14 , 30.40 , 1.258 , 0.038 , 15.90 , 257.47
1627 , 7573 , 331.15 , -57.7 , 14 , 30.35 , 1.230 , 0.037 , 15.98 , 257.39
1637 , 7628 , 328.31 , -58.1 , 15 , 30.28 , 1.207 , 0.037 , 16.06 , 257.31
1647 , 7672 , 326.03 , -58.4 , 15 , 30.22 , 1.200 , 0.037 , 16.13 , 257.24
1657 , 7713 , 323.90 , -58.6 , 17 , 30.18 , 1.208 , 0.037 , 16.19 , 257.18
1667 , 7752 , 321.90 , -58.8 , 18 , 30.12 , 1.206 , 0.037 , 16.25 , 257.12
1677 , 7800 , 319.41 , -59.2 , 20 , 30.06 , 1.173 , 0.037 , 16.32 , 257.05
1687 , 7843 , 317.26 , -59.4 , 21 , 30.00 , 1.150 , 0.036 , 16.38 , 256.99
1696 , 7883 , 315.20 , -59.7 , 21 , 29.95 , 1.125 , 0.036 , 16.44 , 256.93
1706 , 7933 , 312.72 , -59.9 , 20 , 29.91 , 1.126 , 0.036 , 16.51 , 256.86
1716 , 7974 , 310.63 , -60.2 , 19 , 29.86 , 1.122 , 0.036 , 16.57 , 256.80
1726 , 8016 , 308.56 , -60.4 , 18 , 29.80 , 1.075 , 0.035 , 16.63 , 256.74
1736 , 8062 , 306.32 , -60.7 , 17 , 29.74 , 1.049 , 0.034 , 16.69 , 256.68
1746 , 8110 , 303.95 , -60.9 , 16 , 29.67 , 1.023 , 0.034 , 16.75 , 256.62
1756 , 8154 , 301.80 , -61.2 , 15 , 29.62 , 1.012 , 0.034 , 16.81 , 256.56
1766 , 8198 , 299.68 , -61.5 , 14 , 29.58 , 1.014 , 0.034 , 16.87 , 256.50
1776 , 8241 , 297.57 , -61.9 , 13 , 29.53 , 1.013 , 0.034 , 16.92 , 256.45
1786 , 8291 , 295.19 , -62.2 , 14 , 29.47 , 1.022 , 0.035 , 16.99 , 256.38
1796 , 8336 , 293.05 , -62.4 , 14 , 29.42 , 1.068 , 0.036 , 17.05 , 256.32
1806 , 8378 , 291.06 , -62.6 , 14 , 29.36 , 1.153 , 0.040 , 17.11 , 256.26
1816 , 8421 , 289.04 , -62.7 , 13 , 29.30 , 1.236 , 0.043 , 17.17 , 256.20
1826 , 8464 , 287.04 , -62.9 , 13 , 29.24 , 1.256 , 0.044 , 17.24 , 256.13
1836 , 8506 , 285.06 , -63.1 , 12 , 29.20 , 1.278 , 0.045 , 17.31 , 256.06
1846 , 8549 , 283.08 , -63.2 , 12 , 29.15 , 1.305 , 0.046 , 17.38 , 255.99
1856 , 8590 , 281.19 , -63.4 , 11 , 29.10 , 1.356 , 0.048 , 17.45 , 255.92
1866 , 8630 , 279.35 , -63.5 , 11 , 29.04 , 1.427 , 0.051 , 17.52 , 255.85
1876 , 8672 , 277.48 , -63.7 , 11 , 28.99 , 1.449 , 0.052 , 17.60 , 255.77
1886 , 8712 , 275.65 , -63.7 , 11 , 28.94 , 1.498 , 0.054 , 17.68 , 255.69
1896 , 8753 , 273.84 , -63.8 , 10 , 28.88 , 1.543 , 0.056 , 17.76 , 255.61
1906 , 8793 , 272.06 , -63.9 , 10 , 28.83 , 1.567 , 0.058 , 17.84 , 255.53
1916 , 8835 , 270.19 , -64.0 , 10 , 28.78 , 1.596 , 0.059 , 17.92 , 255.45
1926 , 8876 , 268.36 , -64.1 , 10 , 28.72 , 1.629 , 0.061 , 18.01 , 255.36
1936 , 8916 , 266.64 , -64.0 , 10 , 28.66 , 1.676 , 0.063 , 18.09 , 255.28
1946 , 8956 , 264.89 , -64.1 , 9 , 28.60 , 1.727 , 0.065 , 18.18 , 255.19
1956 , 8997 , 263.13 , -64.2 , 9 , 28.55 , 1.778 , 0.068 , 18.27 , 255.10
1966 , 9036 , 261.46 , -64.1 , 9 , 28.49 , 1.850 , 0.071 , 18.37 , 255.01
1976 , 9075 , 259.78 , -64.1 , 9 , 28.43 , 1.940 , 0.075 , 18.46 , 254.91
1986 , 9114 , 258.12 , -64.1 , 9 , 28.38 , 2.061 , 0.080 , 18.56 , 254.81
1996 , 9155 , 256.42 , -64.1 , 9 , 28.31 , 2.211 , 0.086 , 18.67 , 254.70
2005 , 9191 , 254.91 , -64.0 , 9 , 28.25 , 2.436 , 0.096 , 18.78 , 254.59
2015 , 9227 , 253.40 , -64.1 , 9 , 28.20 , 2.637 , 0.104 , 18.90 , 254.47
2025 , 9267 , 251.75 , -64.1 , 9 , 28.15 , 2.755 , 0.109 , 19.04 , 254.33
2035 , 9307 , 250.14 , -64.1 , 9 , 28.09 , 2.817 , 0.113 , 19.18 , 254.19
2045 , 9342 , 248.68 , -64.1 , 8 , 28.03 , 2.812 , 0.113 , 19.31 , 254.06
2055 , 9381 , 247.10 , -64.1 , 9 , 27.97 , 2.777 , 0.112 , 19.45 , 253.92
2065 , 9420 , 245.55 , -63.9 , 9 , 27.91 , 2.774 , 0.113 , 19.59 , 253.78
2075 , 9459 , 243.99 , -63.6 , 8 , 27.86 , 2.822 , 0.116 , 19.73 , 253.64
2085 , 9497 , 242.46 , -63.4 , 8 , 27.80 , 2.945 , 0.121 , 19.87 , 253.50
2095 , 9537 , 240.92 , -63.5 , 8 , 27.75 , 3.005 , 0.125 , 20.02 , 253.35
2105 , 9577 , 239.35 , -63.6 , 7 , 27.69 , 3.065 , 0.128 , 20.18 , 253.19
2115 , 9619 , 237.70 , -63.9 , 7 , 27.65 , 3.121 , 0.131 , 20.35 , 253.02
2125 , 9660 , 236.14 , -64.1 , 7 , 27.60 , 3.163 , 0.134 , 20.51 , 252.86
2135 , 9697 , 234.69 , -64.2 , 7 , 27.53 , 3.203 , 0.136 , 20.67 , 252.70
2145 , 9738 , 233.11 , -64.3 , 6 , 27.47 , 3.214 , 0.138 , 20.84 , 252.53
2155 , 9780 , 231.54 , -64.4 , 6 , 27.41 , 3.253 , 0.140 , 21.01 , 252.36
2165 , 9819 , 230.05 , -64.6 , 6 , 27.36 , 3.266 , 0.142 , 21.18 , 252.19
2175 , 9860 , 228.53 , -64.8 , 6 , 27.30 , 3.257 , 0.143 , 21.35 , 252.02
2185 , 9901 , 226.97 , -64.8 , 6 , 27.25 , 3.250 , 0.143 , 21.52 , 251.85
2195 , 9942 , 225.48 , -64.7 , 6 , 27.19 , 3.255 , 0.144 , 21.69 , 251.68
2205 , 9982 , 224.01 , -64.5 , 6 , 27.13 , 3.278 , 0.146 , 21.86 , 251.51
2215 , 10020 , 222.59 , -64.6 , 6 , 27.08 , 3.375 , 0.152 , 22.03 , 251.34
2225 , 10061 , 221.13 , -64.7 , 6 , 27.02 , 3.358 , 0.152 , 22.20 , 251.17
2235 , 10102 , 219.62 , -64.8 , 5 , 26.97 , 3.325 , 0.151 , 22.38 , 250.99
2245 , 10143 , 218.15 , -64.8 , 5 , 26.92 , 3.328 , 0.153 , 22.56 , 250.81
2255 , 10183 , 216.73 , -64.7 , 5 , 26.86 , 3.316 , 0.153 , 22.73 , 250.64
2264 , 10220 , 215.43 , -64.8 , 5 , 26.80 , 3.341 , 0.155 , 22.89 , 250.48
2274 , 10258 , 214.07 , -64.8 , 5 , 26.75 , 3.383 , 0.158 , 23.06 , 250.31
2284 , 10297 , 212.72 , -64.7 , 5 , 26.70 , 3.404 , 0.160 , 23.23 , 250.14
2294 , 10336 , 211.37 , -64.7 , 5 , 26.64 , 3.454 , 0.163 , 23.40 , 249.97
2303 , 10373 , 210.08 , -64.5 , 5 , 26.59 , 3.488 , 0.166 , 23.57 , 249.80
2312 , 10408 , 208.89 , -64.6 , 5 , 26.55 , 3.561 , 0.170 , 23.72 , 249.65
2322 , 10443 , 207.69 , -64.5 , 5 , 26.49 , 3.587 , 0.173 , 23.89 , 249.48
2332 , 10480 , 206.43 , -64.4 , 4 , 26.44 , 3.622 , 0.175 , 24.06 , 249.31
2342 , 10519 , 205.15 , -64.1 , 4 , 26.38 , 3.710 , 0.181 , 24.24 , 249.13
2352 , 10556 , 203.88 , -64.0 , 4 , 26.34 , 3.820 , 0.187 , 24.42 , 248.95
2362 , 10594 , 202.64 , -64.2 , 4 , 26.29 , 3.873 , 0.191 , 24.61 , 248.76
2372 , 10631 , 201.40 , -64.4 , 4 , 26.23 , 3.881 , 0.193 , 24.80 , 248.57
2382 , 10670 , 200.14 , -64.3 , 4 , 26.18 , 3.920 , 0.196 , 24.99 , 248.38
2392 , 10706 , 198.95 , -64.3 , 4 , 26.13 , 3.921 , 0.197 , 25.18 , 248.19
2402 , 10742 , 197.79 , -64.4 , 4 , 26.07 , 3.943 , 0.199 , 25.36 , 248.01
2412 , 10779 , 196.59 , -64.5 , 4 , 26.02 , 3.986 , 0.203 , 25.55 , 247.82
2422 , 10817 , 195.36 , -64.6 , 4 , 25.97 , 3.959 , 0.203 , 25.74 , 247.63
2432 , 10859 , 194.03 , -64.7 , 3 , 25.91 , 3.964 , 0.204 , 25.96 , 247.41
2442 , 10901 , 192.70 , -64.8 , 3 , 25.87 , 4.001 , 0.208 , 26.17 , 247.20
2452 , 10940 , 191.48 , -64.7 , 3 , 25.82 , 3.984 , 0.208 , 26.37 , 247.00
2462 , 10979 , 190.25 , -64.7 , 3 , 25.77 , 3.938 , 0.207 , 26.57 , 246.80
2472 , 11020 , 188.98 , -65.0 , 3 , 25.72 , 3.906 , 0.207 , 26.78 , 246.59
2482 , 11061 , 187.69 , -65.1 , 3 , 25.67 , 3.919 , 0.209 , 26.99 , 246.38
2492 , 11102 , 186.45 , -65.2 , 3 , 25.62 , 3.926 , 0.211 , 27.20 , 246.17
2502 , 11141 , 185.25 , -65.2 , 3 , 25.57 , 3.896 , 0.210 , 27.40 , 245.97
2512 , 11183 , 183.99 , -65.1 , 3 , 25.52 , 3.905 , 0.212 , 27.61 , 245.76
2522 , 11223 , 182.78 , -65.0 , 3 , 25.47 , 4.098 , 0.224 , 27.82 , 245.55
2532 , 11262 , 181.61 , -65.3 , 3 , 25.42 , 4.152 , 0.229 , 28.03 , 245.34
2542 , 11302 , 180.41 , -65.2 , 3 , 25.37 , 4.169 , 0.231 , 28.24 , 245.13
2552 , 11345 , 179.15 , -65.4 , 3 , 25.33 , 4.177 , 0.233 , 28.48 , 244.90
2562 , 11385 , 177.98 , -65.4 , 4 , 25.28 , 4.218 , 0.237 , 28.69 , 244.68
2572 , 11425 , 176.80 , -65.6 , 4 , 25.22 , 4.246 , 0.240 , 28.91 , 244.46
2582 , 11466 , 175.63 , -65.6 , 4 , 25.18 , 4.269 , 0.243 , 29.14 , 244.23
2592 , 11508 , 174.40 , -65.6 , 4 , 25.13 , 4.293 , 0.246 , 29.37 , 244.00
2602 , 11550 , 173.21 , -65.7 , 4 , 25.08 , 4.350 , 0.251 , 29.61 , 243.76
2612 , 11589 , 172.09 , -65.7 , 4 , 25.03 , 4.391 , 0.255 , 29.83 , 243.54
2622 , 11630 , 170.94 , -65.8 , 3 , 24.99 , 4.356 , 0.255 , 30.06 , 243.31
2631 , 11669 , 169.85 , -65.9 , 3 , 24.94 , 4.354 , 0.256 , 30.28 , 243.09
2641 , 11710 , 168.71 , -65.8 , 3 , 24.89 , 4.326 , 0.256 , 30.51 , 242.86
2651 , 11752 , 167.54 , -65.7 , 3 , 24.85 , 4.281 , 0.256 , 30.75 , 242.62
2661 , 11793 , 166.40 , -65.8 , 3 , 24.80 , 4.260 , 0.256 , 30.98 , 242.39
2671 , 11834 , 165.28 , -65.6 , 3 , 24.76 , 4.255 , 0.257 , 31.21 , 242.16
2681 , 11874 , 164.20 , -65.5 , 3 , 24.72 , 4.211 , 0.256 , 31.43 , 241.94
2691 , 11916 , 163.09 , -65.9 , 3 , 24.68 , 4.179 , 0.256 , 31.65 , 241.72
2701 , 11957 , 161.98 , -66.0 , 3 , 24.63 , 4.193 , 0.259 , 31.88 , 241.50
2711 , 11997 , 160.91 , -65.9 , 3 , 24.59 , 4.187 , 0.260 , 32.09 , 241.28
2721 , 12037 , 159.84 , -65.8 , 3 , 24.54 , 4.112 , 0.257 , 32.31 , 241.06
2731 , 12077 , 158.81 , -65.8 , 3 , 24.50 , 4.214 , 0.265 , 32.53 , 240.84
2741 , 12117 , 157.76 , -65.8 , 3 , 24.45 , 4.253 , 0.270 , 32.75 , 240.62
2751 , 12158 , 156.71 , -65.8 , 3 , 24.41 , 4.259 , 0.272 , 32.97 , 240.40
2761 , 12199 , 155.64 , -65.9 , 3 , 24.37 , 4.205 , 0.270 , 33.20 , 240.17
2771 , 12242 , 154.55 , -65.9 , 3 , 24.32 , 4.105 , 0.266 , 33.43 , 239.94
2781 , 12283 , 153.50 , -65.9 , 3 , 24.28 , 4.103 , 0.267 , 33.65 , 239.72
2791 , 12323 , 152.49 , -65.9 , 3 , 24.23 , 4.119 , 0.270 , 33.87 , 239.51
2801 , 12363 , 151.50 , -65.8 , 3 , 24.18 , 4.128 , 0.272 , 34.08 , 239.29
2811 , 12400 , 150.57 , -66.0 , 3 , 24.14 , 4.079 , 0.271 , 34.28 , 239.09
2821 , 12439 , 149.60 , -66.0 , 3 , 24.10 , 3.927 , 0.263 , 34.48 , 238.89
2831 , 12478 , 148.64 , -66.2 , 2 , 24.06 , 3.541 , 0.238 , 34.67 , 238.70
2841 , 12520 , 147.62 , -66.1 , 2 , 24.03 , 3.162 , 0.214 , 34.85 , 238.52
2851 , 12561 , 146.63 , -66.1 , 2 , 23.99 , 2.856 , 0.195 , 35.01 , 238.36
2861 , 12601 , 145.67 , -66.3 , 2 , 23.96 , 2.684 , 0.184 , 35.16 , 238.21
2871 , 12640 , 144.72 , -66.4 , 2 , 23.92 , 2.600 , 0.180 , 35.29 , 238.08
2881 , 12682 , 143.72 , -66.3 , 2 , 23.90 , 2.700 , 0.188 , 35.44 , 237.93
2891 , 12725 , 142.70 , -66.2 , 2 , 23.86 , 2.874 , 0.201 , 35.59 , 237.78
2901 , 12767 , 141.71 , -66.1 , 2 , 23.83 , 3.075 , 0.217 , 35.76 , 237.61
2910 , 12808 , 140.76 , -66.2 , 2 , 23.80 , 3.204 , 0.228 , 35.92 , 237.45
2919 , 12846 , 139.87 , -66.1 , 2 , 23.76 , 3.190 , 0.228 , 36.08 , 237.29
2928 , 12883 , 139.04 , -66.2 , 2 , 23.73 , 3.070 , 0.221 , 36.23 , 237.14
2938 , 12922 , 138.13 , -66.3 , 2 , 23.69 , 3.002 , 0.217 , 36.39 , 236.98
2948 , 12963 , 137.20 , -66.3 , 2 , 23.66 , 3.076 , 0.224 , 36.55 , 236.82
2958 , 13005 , 136.25 , -66.5 , 2 , 23.62 , 3.199 , 0.235 , 36.72 , 236.65
2968 , 13049 , 135.27 , -66.6 , 2 , 23.59 , 3.132 , 0.232 , 36.91 , 236.47
2978 , 13093 , 134.29 , -66.6 , 2 , 23.54 , 3.018 , 0.225 , 37.08 , 236.29
2988 , 13134 , 133.39 , -66.5 , 2 , 23.50 , 2.926 , 0.219 , 37.24 , 236.13
2998 , 13175 , 132.48 , -66.6 , 2 , 23.46 , 2.845 , 0.215 , 37.39 , 235.98
3008 , 13217 , 131.56 , -66.7 , 2 , 23.42 , 2.765 , 0.210 , 37.55 , 235.82
3018 , 13259 , 130.66 , -66.7 , 2 , 23.38 , 2.616 , 0.200 , 37.69 , 235.68
3028 , 13300 , 129.76 , -66.8 , 2 , 23.34 , 2.459 , 0.190 , 37.83 , 235.54
3038 , 13343 , 128.84 , -66.9 , 2 , 23.30 , 2.371 , 0.184 , 37.97 , 235.40
3048 , 13385 , 127.94 , -67.0 , 2 , 23.26 , 2.417 , 0.189 , 38.10 , 235.27
3058 , 13426 , 127.08 , -66.7 , 2 , 23.22 , 2.358 , 0.186 , 38.23 , 235.14
3068 , 13468 , 126.22 , -66.7 , 2 , 23.17 , 2.320 , 0.184 , 38.35 , 235.02
3078 , 13512 , 125.30 , -66.5 , 2 , 23.13 , 2.230 , 0.178 , 38.48 , 234.89
3088 , 13555 , 124.40 , -66.5 , 2 , 23.09 , 1.953 , 0.157 , 38.60 , 234.77
3098 , 13599 , 123.51 , -66.5 , 2 , 23.05 , 1.817 , 0.147 , 38.71 , 234.66
3108 , 13644 , 122.59 , -66.5 , 2 , 23.00 , 1.858 , 0.152 , 38.82 , 234.55
3118 , 13687 , 121.71 , -66.6 , 2 , 22.96 , 1.823 , 0.150 , 38.92 , 234.45
3128 , 13730 , 120.85 , -66.8 , 2 , 22.92 , 1.721 , 0.142 , 39.02 , 234.35
3138 , 13772 , 120.02 , -66.8 , 2 , 22.87 , 1.610 , 0.134 , 39.11 , 234.26
3148 , 13816 , 119.15 , -67.0 , 2 , 22.83 , 1.570 , 0.132 , 39.20 , 234.17
3158 , 13858 , 118.32 , -67.1 , 2 , 22.79 , 1.559 , 0.132 , 39.29 , 234.08
3168 , 13899 , 117.51 , -66.9 , 2 , 22.74 , 1.518 , 0.129 , 39.37 , 234.00
3178 , 13942 , 116.68 , -66.7 , 2 , 22.70 , 1.468 , 0.126 , 39.46 , 233.91
3188 , 13985 , 115.85 , -66.6 , 2 , 22.66 , 1.415 , 0.122 , 39.54 , 233.83
3198 , 14029 , 115.02 , -66.5 , 2 , 22.61 , 1.370 , 0.119 , 39.62 , 233.75
3208 , 14074 , 114.16 , -66.4 , 2 , 22.57 , 1.309 , 0.115 , 39.70 , 233.67
3218 , 14117 , 113.36 , -66.3 , 1 , 22.53 , 1.281 , 0.113 , 39.77 , 233.60
3227 , 14157 , 112.61 , -66.4 , 1 , 22.49 , 1.264 , 0.112 , 39.84 , 233.53
3236 , 14196 , 111.89 , -66.3 , 1 , 22.45 , 1.221 , 0.109 , 39.90 , 233.47
3246 , 14238 , 111.12 , -66.3 , 1 , 22.40 , 1.130 , 0.102 , 39.96 , 233.41
3256 , 14282 , 110.31 , -66.2 , 1 , 22.36 , 0.995 , 0.090 , 40.02 , 233.35
3266 , 14326 , 109.52 , -66.2 , 1 , 22.32 , 0.802 , 0.073 , 40.08 , 233.30
3276 , 14369 , 108.74 , -66.0 , 1 , 22.27 , 0.665 , 0.061 , 40.12 , 233.25
3286 , 14411 , 107.98 , -65.9 , 1 , 22.23 , 0.550 , 0.051 , 40.15 , 233.22
3296 , 14453 , 107.24 , -65.7 , 1 , 22.19 , 0.476 , 0.044 , 40.18 , 233.19
3306 , 14493 , 106.54 , -65.7 , 1 , 22.14 , 0.440 , 0.041 , 40.20 , 233.17
3316 , 14534 , 105.82 , -65.8 , 1 , 22.09 , 0.403 , 0.038 , 40.22 , 233.15
3326 , 14576 , 105.09 , -65.9 , 1 , 22.05 , 0.378 , 0.036 , 40.25 , 233.13
3336 , 14616 , 104.40 , -65.8 , 1 , 22.01 , 0.368 , 0.035 , 40.26 , 233.11
3346 , 14659 , 103.66 , -65.6 , 1 , 21.97 , 0.359 , 0.035 , 40.29 , 233.09
3356 , 14702 , 102.94 , -65.8 , 1 , 21.93 , 0.354 , 0.034 , 40.30 , 233.07
3366 , 14743 , 102.23 , -65.5 , 1 , 21.88 , 0.346 , 0.034 , 40.32 , 233.05
3376 , 14786 , 101.53 , -65.4 , 1 , 21.84 , 0.339 , 0.033 , 40.34 , 233.03
3386 , 14829 , 100.81 , -65.1 , 1 , 21.79 , 0.332 , 0.033 , 40.36 , 233.01
3395 , 14871 , 100.11 , -64.9 , 1 , 21.75 , 0.329 , 0.033 , 40.38 , 232.99
3405 , 14912 , 99.45 , -64.8 , 1 , 21.71 , 0.324 , 0.033 , 40.40 , 232.97
3415 , 14954 , 98.76 , -64.8 , 1 , 21.67 , 0.335 , 0.034 , 40.41 , 232.96
3425 , 14996 , 98.08 , -64.7 , 1 , 21.63 , 0.356 , 0.036 , 40.43 , 232.94
3435 , 15042 , 97.35 , -64.5 , 1 , 21.59 , 0.361 , 0.037 , 40.45 , 232.92
3445 , 15087 , 96.63 , -64.5 , 1 , 21.54 , 0.350 , 0.036 , 40.48 , 232.90
3455 , 15132 , 95.92 , -64.5 , 1 , 21.50 , 0.350 , 0.037 , 40.50 , 232.88
3465 , 15176 , 95.23 , -64.4 , 1 , 21.46 , 0.379 , 0.040 , 40.52 , 232.85
3475 , 15222 , 94.51 , -64.5 , 1 , 21.41 , 0.413 , 0.044 , 40.54 , 232.83
3485 , 15268 , 93.81 , -64.5 , 1 , 21.37 , 0.460 , 0.049 , 40.57 , 232.80
3495 , 15313 , 93.12 , -64.5 , 1 , 21.33 , 0.492 , 0.053 , 40.59 , 232.78
3505 , 15358 , 92.44 , -64.1 , 1 , 21.29 , 0.508 , 0.055 , 40.62 , 232.75
3515 , 15405 , 91.73 , -63.6 , 1 , 21.25 , 0.495 , 0.054 , 40.65 , 232.72
3525 , 15449 , 91.07 , -63.3 , 1 , 21.21 , 0.488 , 0.054 , 40.68 , 232.69
3535 , 15495 , 90.40 , -63.3 , 1 , 21.17 , 0.482 , 0.053 , 40.71 , 232.66
3544 , 15538 , 89.76 , -62.9 , 1 , 21.13 , 0.479 , 0.053 , 40.74 , 232.63
3554 , 15583 , 89.11 , -62.5 , 1 , 21.09 , 0.485 , 0.054 , 40.76 , 232.61
3564 , 15629 , 88.46 , -62.6 , 1 , 21.05 , 0.496 , 0.056 , 40.79 , 232.58
3574 , 15673 , 87.82 , -62.7 , 1 , 21.01 , 0.500 , 0.057 , 40.82 , 232.55
3584 , 15716 , 87.21 , -62.9 , 1 , 20.97 , 0.497 , 0.057 , 40.85 , 232.52
3594 , 15759 , 86.60 , -62.9 , 1 , 20.93 , 0.490 , 0.057 , 40.88 , 232.50
3604 , 15802 , 86.00 , -62.6 , 1 , 20.89 , 0.499 , 0.058 , 40.90 , 232.47
3614 , 15847 , 85.37 , -62.7 , 1 , 20.85 , 0.513 , 0.060 , 40.93 , 232.44
3624 , 15893 , 84.73 , -63.1 , 1 , 20.81 , 0.529 , 0.062 , 40.96 , 232.41
3634 , 15938 , 84.13 , -63.2 , 1 , 20.77 , 0.554 , 0.066 , 40.99 , 232.38
3644 , 15981 , 83.53 , -62.7 , 1 , 20.73 , 0.565 , 0.068 , 41.02 , 232.35
3654 , 16026 , 82.93 , -62.4 , 1 , 20.69 , 0.602 , 0.073 , 41.06 , 232.31
3664 , 16069 , 82.35 , -62.1 , 0 , 20.65 , 0.633 , 0.077 , 41.09 , 232.28
3674 , 16110 , 81.80 , -61.8 , 1 , 20.61 , 0.671 , 0.082 , 41.13 , 232.24
3684 , 16154 , 81.23 , -61.5 , 1 , 20.57 , 0.715 , 0.088 , 41.17 , 232.21
3694 , 16197 , 80.67 , -61.3 , 0 , 20.53 , 0.792 , 0.098 , 41.21 , 232.16
3704 , 16239 , 80.13 , -60.9 , 0 , 20.49 , 0.847 , 0.106 , 41.25 , 232.12
3714 , 16281 , 79.58 , -60.5 , 0 , 20.46 , 0.905 , 0.114 , 41.30 , 232.07
3724 , 16324 , 79.03 , -60.6 , 0 , 20.42 , 0.948 , 0.120 , 41.35 , 232.02
3734 , 16367 , 78.49 , -60.5 , 0 , 20.38 , 0.960 , 0.122 , 41.40 , 231.97
3744 , 16407 , 77.98 , -60.1 , 0 , 20.35 , 0.924 , 0.118 , 41.45 , 231.92
3754 , 16450 , 77.46 , -59.9 , 0 , 20.31 , 0.882 , 0.114 , 41.50 , 231.87
3764 , 16494 , 76.90 , -59.6 , 0 , 20.27 , 0.872 , 0.113 , 41.55 , 231.83
3774 , 16537 , 76.38 , -59.3 , 0 , 20.23 , 0.911 , 0.119 , 41.59 , 231.78
3784 , 16581 , 75.85 , -59.1 , 0 , 20.20 , 0.954 , 0.126 , 41.65 , 231.73
3794 , 16624 , 75.33 , -59.0 , 0 , 20.16 , 0.975 , 0.129 , 41.70 , 231.67
3804 , 16670 , 74.78 , -58.8 , 0 , 20.13 , 0.992 , 0.133 , 41.75 , 231.62
3814 , 16715 , 74.25 , -58.3 , 0 , 20.09 , 0.974 , 0.131 , 41.81 , 231.56
3824 , 16760 , 73.72 , -58.2 , 0 , 20.05 , 0.930 , 0.126 , 41.86 , 231.51
3834 , 16804 , 73.20 , -58.0 , 0 , 20.02 , 0.833 , 0.114 , 41.91 , 231.46
3843 , 16846 , 72.72 , -58.1 , 0 , 19.98 , 0.758 , 0.104 , 41.95 , 231.42
3852 , 16886 , 72.25 , -58.1 , 0 , 19.95 , 0.723 , 0.100 , 41.99 , 231.38
3861 , 16927 , 71.79 , -57.8 , 0 , 19.92 , 0.743 , 0.104 , 42.03 , 231.34
3871 , 16968 , 71.32 , -57.7 , 0 , 19.89 , 0.781 , 0.109 , 42.07 , 231.30
3880 , 17009 , 70.86 , -57.3 , 0 , 19.86 , 0.822 , 0.116 , 42.11 , 231.26
3903 , 17110 , 69.74 , -56.1 , 0 , 19.78 , 2.180 , 0.313 , 42.30 , 231.07
3909 , 17137 , 69.44 , -56.1 , 0 , 19.76 , 3.239 , 0.466 , 42.39 , 230.98
3919 , 17181 , 68.96 , -56.0 , 0 , 19.73 , 4.825 , 0.700 , 42.61 , 230.76
3929 , 17224 , 68.50 , -55.8 , 0 , 19.69 , 5.441 , 0.794 , 42.88 , 230.49
3939 , 17267 , 68.04 , -55.8 , 0 , 19.66 , 4.920 , 0.723 , 43.16 , 230.22
3949 , 17310 , 67.58 , -55.3 , 0 , 19.63 , 4.034 , 0.597 , 43.40 , 229.98
3959 , 17354 , 67.12 , -55.2 , 0 , 19.59 , 3.193 , 0.476 , 43.59 , 229.78
3969 , 17396 , 66.68 , -55.3 , 0 , 19.56 , 2.627 , 0.394 , 43.74 , 229.63
3975 , 17424 , 66.38 , -54.8 , 0 , 19.54 , 2.396 , 0.361 , 43.83 , 229.54
3991 , 17495 , 65.65 , -53.5 , 0 , 19.49 , 3.487 , 0.531 , 44.09 , 229.28
3997 , 17519 , 65.41 , -53.4 , 0 , 19.47 , 4.782 , 0.731 , 44.21 , 229.16
4007 , 17565 , 64.94 , -52.9 , 0 , 19.44 , 6.934 , 1.068 , 44.54 , 228.83
4017 , 17611 , 64.48 , -52.4 , 0 , 19.41 , 8.958 , 1.389 , 44.99 , 228.38
4027 , 17658 , 64.01 , -52.6 , 0 , 19.38 , 10.655 , 1.664 , 45.55 , 227.82
4037 , 17703 , 63.57 , -52.2 , 0 , 19.35 , 11.891 , 1.870 , 46.16 , 227.21
4047 , 17749 , 63.12 , -52.2 , 0 , 19.31 , 12.728 , 2.017 , 46.86 , 226.51
4057 , 17799 , 62.64 , -52.1 , 0 , 19.28 , 13.107 , 2.092 , 47.64 , 225.73
4067 , 17847 , 62.17 , -52.2 , 0 , 19.25 , 13.341 , 2.146 , 48.42 , 224.95
4077 , 17896 , 61.70 , -52.3 , 0 , 19.22 , 13.255 , 2.148 , 49.22 , 224.15
4087 , 17946 , 61.23 , -52.5 , 0 , 19.19 , 12.751 , 2.083 , 50.01 , 223.36
4097 , 17997 , 60.74 , -52.5 , 0 , 19.16 , 12.160 , 2.002 , 50.79 , 222.59
4107 , 18045 , 60.30 , -52.5 , 0 , 19.13 , 11.076 , 1.837 , 51.47 , 221.90
4117 , 18093 , 59.85 , -52.7 , 0 , 19.10 , 9.942 , 1.661 , 52.08 , 221.29
4127 , 18142 , 59.39 , -52.9 , 0 , 19.08 , 9.114 , 1.535 , 52.66 , 220.72
4137 , 18189 , 58.96 , -53.1 , 0 , 19.05 , 8.611 , 1.460 , 53.17 , 220.21
4146 , 18233 , 58.56 , -53.3 , 0 , 19.02 , 8.316 , 1.420 , 53.62 , 219.75
4156 , 18277 , 58.16 , -53.2 , 0 , 19.00 , 7.880 , 1.355 , 54.06 , 219.31
4166 , 18322 , 57.75 , -52.8 , 0 , 18.97 , 7.330 , 1.269 , 54.48 , 218.89
4176 , 18368 , 57.35 , -52.1 , 0 , 18.94 , 7.257 , 1.265 , 54.89 , 218.48
4186 , 18412 , 56.96 , -52.1 , 0 , 18.92 , 7.395 , 1.298 , 55.28 , 218.09
4196 , 18456 , 56.57 , -51.5 , 0 , 18.89 , 7.776 , 1.375 , 55.69 , 217.68
4206 , 18500 , 56.19 , -50.8 , 0 , 18.86 , 8.285 , 1.474 , 56.12 , 217.25
4216 , 18543 , 55.83 , -50.2 , 0 , 18.84 , 8.309 , 1.488 , 56.55 , 216.83
4226 , 18586 , 55.46 , -50.0 , 0 , 18.82 , 7.739 , 1.396 , 56.97 , 216.40
4236 , 18628 , 55.10 , -49.3 , 0 , 18.79 , 7.475 , 1.356 , 57.35 , 216.02
4246 , 18670 , 54.75 , -49.0 , 0 , 18.77 , 8.121 , 1.483 , 57.75 , 215.62
4256 , 18715 , 54.38 , -48.8 , 0 , 18.75 , 9.340 , 1.718 , 58.22 , 215.16
4266 , 18760 , 54.00 , -48.9 , 0 , 18.72 , 10.480 , 1.941 , 58.76 , 214.61
4276 , 18807 , 53.61 , -48.9 , 0 , 18.70 , 11.427 , 2.131 , 59.38 , 213.99
4286 , 18853 , 53.24 , -48.4 , 0 , 18.68 , 12.160 , 2.284 , 60.03 , 213.34
4296 , 18900 , 52.87 , -48.1 , 0 , 18.66 , 12.489 , 2.362 , 60.72 , 212.66
4306 , 18948 , 52.48 , -47.9 , 0 , 18.64 , 12.745 , 2.428 , 61.44 , 211.93
4316 , 18997 , 52.09 , -47.6 , 0 , 18.61 , 13.052 , 2.505 , 62.20 , 211.17
4326 , 19047 , 51.70 , -46.8 , 0 , 18.59 , 13.298 , 2.572 , 62.98 , 210.39
4336 , 19095 , 51.33 , -46.8 , 0 , 18.57 , 13.328 , 2.597 , 63.74 , 209.63
4346 , 19144 , 50.95 , -46.9 , 0 , 18.55 , 13.355 , 2.621 , 64.52 , 208.85
4356 , 19197 , 50.55 , -47.2 , 0 , 18.53 , 13.347 , 2.641 , 65.36 , 208.01
4366 , 19245 , 50.18 , -47.1 , 0 , 18.51 , 13.141 , 2.619 , 66.13 , 207.24
4376 , 19295 , 49.80 , -46.7 , 0 , 18.49 , 13.195 , 2.650 , 66.92 , 206.45
4386 , 19344 , 49.43 , -46.2 , 0 , 18.48 , 13.289 , 2.689 , 67.69 , 205.68
4396 , 19397 , 49.04 , -45.9 , 0 , 18.46 , 13.323 , 2.717 , 68.52 , 204.85
4406 , 19445 , 48.69 , -45.9 , 0 , 18.44 , 13.136 , 2.698 , 69.27 , 204.10
4416 , 19493 , 48.34 , -45.9 , 0 , 18.42 , 13.031 , 2.696 , 70.03 , 203.34
4426 , 19543 , 47.98 , -45.8 , 0 , 18.40 , 12.584 , 2.623 , 70.78 , 202.59
4436 , 19593 , 47.62 , -45.4 , 0 , 18.38 , 12.149 , 2.551 , 71.51 , 201.86
4445 , 19640 , 47.28 , -45.7 , 0 , 18.37 , 11.910 , 2.519 , 72.18 , 201.19
4455 , 19686 , 46.96 , -45.8 , 0 , 18.35 , 11.739 , 2.500 , 72.83 , 200.54
4464 , 19734 , 46.62 , -46.0 , 0 , 18.33 , 11.743 , 2.519 , 73.49 , 199.88
4473 , 19775 , 46.33 , -45.6 , 0 , 18.32 , 11.778 , 2.542 , 74.07 , 199.30
4483 , 19819 , 46.03 , -45.1 , 0 , 18.30 , 11.560 , 2.511 , 74.67 , 198.70
4493 , 19865 , 45.71 , -45.1 , 0 , 18.28 , 11.563 , 2.529 , 75.30 , 198.07
4503 , 19911 , 45.40 , -45.2 , 0 , 18.26 , 11.615 , 2.558 , 75.93 , 197.44
4512 , 19953 , 45.11 , -45.3 , 0 , 18.25 , 11.754 , 2.606 , 76.52 , 196.85
4522 , 19995 , 44.83 , -45.6 , 0 , 18.23 , 11.571 , 2.581 , 77.10 , 196.27
4532 , 20040 , 44.53 , -45.7 , 0 , 18.22 , 11.488 , 2.580 , 77.71 , 195.66
4542 , 20084 , 44.23 , -44.8 , 0 , 18.20 , 11.315 , 2.558 , 78.31 , 195.06
4552 , 20129 , 43.94 , -44.4 , 0 , 18.18 , 11.808 , 2.687 , 78.92 , 194.45
4562 , 20176 , 43.63 , -44.4 , 0 , 18.16 , 12.031 , 2.757 , 79.57 , 193.80
4572 , 20222 , 43.33 , -44.1 , 0 , 18.15 , 12.085 , 2.789 , 80.23 , 193.14
4582 , 20266 , 43.05 , -43.1 , 0 , 18.13 , 12.282 , 2.853 , 80.86 , 192.51
4592 , 20314 , 42.74 , -43.2 , 0 , 18.12 , 12.510 , 2.927 , 81.56 , 191.81
4602 , 20359 , 42.46 , -43.5 , 0 , 18.10 , 12.900 , 3.038 , 82.23 , 191.14
4612 , 20404 , 42.18 , -43.7 , 0 , 18.08 , 12.775 , 3.029 , 82.91 , 190.46
4622 , 20449 , 41.90 , -43.6 , 0 , 18.07 , 12.690 , 3.029 , 83.58 , 189.79
4632 , 20496 , 41.60 , -43.4 , 0 , 18.05 , 12.879 , 3.096 , 84.29 , 189.08
4642 , 20543 , 41.31 , -43.5 , 0 , 18.04 , 12.978 , 3.141 , 85.00 , 188.37
4652 , 20591 , 41.02 , -43.1 , 0 , 18.03 , 12.913 , 3.148 , 85.73 , 187.64
4662 , 20638 , 40.73 , -43.3 , 0 , 18.01 , 12.931 , 3.175 , 86.44 , 186.93
4672 , 20687 , 40.44 , -43.3 , 0 , 18.00 , 12.883 , 3.186 , 87.18 , 186.19
4682 , 20732 , 40.17 , -43.1 , 0 , 17.98 , 12.642 , 3.147 , 87.85 , 185.52
4692 , 20781 , 39.88 , -42.9 , 0 , 17.97 , 12.517 , 3.139 , 88.58 , 184.79
4702 , 20828 , 39.60 , -42.3 , 0 , 17.95 , 12.569 , 3.174 , 89.26 , 184.11
4712 , 20878 , 39.31 , -41.7 , 0 , 17.94 , 12.400 , 3.154 , 90.00 , 183.38
4722 , 20926 , 39.03 , -41.6 , 0 , 17.93 , 12.604 , 3.229 , 90.70 , 182.67
4732 , 20972 , 38.77 , -40.7 , 0 , 17.91 , 12.407 , 3.200 , 91.36 , 182.01
4741 , 21016 , 38.52 , -40.6 , 0 , 17.90 , 12.263 , 3.184 , 91.99 , 181.38
4751 , 21060 , 38.27 , -40.6 , 0 , 17.89 , 12.117 , 3.166 , 92.61 , 180.76
4761 , 21107 , 38.01 , -40.6 , 0 , 17.88 , 11.995 , 3.156 , 93.27 , 180.10
4770 , 21152 , 37.75 , -40.7 , 0 , 17.86 , 12.168 , 3.223 , 93.91 , 179.46
4780 , 21195 , 37.52 , -40.7 , 0 , 17.85 , 11.714 , 3.122 , 94.50 , 178.87
4790 , 21239 , 37.27 , -40.7 , 0 , 17.84 , 12.096 , 3.245 , 95.11 , 178.26
4800 , 21287 , 37.01 , -40.9 , 0 , 17.83 , 12.115 , 3.273 , 95.78 , 177.59
4810 , 21332 , 36.77 , -40.5 , 0 , 17.81 , 12.036 , 3.274 , 96.42 , 176.96
4820 , 21381 , 36.51 , -40.1 , 0 , 17.80 , 12.051 , 3.301 , 97.09 , 176.28
4830 , 21429 , 36.25 , -39.9 , 0 , 17.79 , 11.989 , 3.307 , 97.76 , 175.61
4840 , 21473 , 36.02 , -39.3 , 0 , 17.78 , 11.850 , 3.290 , 98.37 , 175.00
4850 , 21517 , 35.79 , -39.2 , 0 , 17.77 , 11.783 , 3.292 , 98.97 , 174.40
4860 , 21562 , 35.55 , -38.6 , 0 , 17.76 , 11.825 , 3.326 , 99.58 , 173.79
4870 , 21612 , 35.29 , -38.4 , 0 , 17.75 , 11.865 , 3.362 , 100.26 , 173.11
4880 , 21658 , 35.06 , -38.5 , 0 , 17.73 , 11.879 , 3.388 , 100.89 , 172.48
4889 , 21702 , 34.84 , -38.3 , 0 , 17.72 , 11.868 , 3.407 , 101.49 , 171.89
4899 , 21749 , 34.60 , -37.8 , 0 , 17.71 , 11.919 , 3.445 , 102.12 , 171.25
4909 , 21795 , 34.37 , -37.4 , 0 , 17.70 , 12.008 , 3.494 , 102.76 , 170.61
4919 , 21843 , 34.13 , -37.3 , 0 , 17.69 , 12.036 , 3.526 , 103.41 , 169.96
4929 , 21889 , 33.90 , -37.1 , 0 , 17.68 , 12.019 , 3.545 , 104.05 , 169.32
4939 , 21937 , 33.67 , -36.9 , 0 , 17.67 , 11.969 , 3.555 , 104.71 , 168.66
4949 , 21985 , 33.44 , -36.3 , 0 , 17.66 , 11.901 , 3.559 , 105.35 , 168.02
4959 , 22032 , 33.21 , -35.6 , 0 , 17.65 , 11.935 , 3.593 , 105.99 , 167.38
4969 , 22082 , 32.97 , -35.2 , 0 , 17.64 , 11.994 , 3.637 , 106.67 , 166.70
4979 , 22131 , 32.74 , -34.5 , 0 , 17.63 , 12.068 , 3.686 , 107.34 , 166.03
4989 , 22179 , 32.52 , -34.3 , 0 , 17.61 , 12.053 , 3.706 , 107.99 , 165.38
4999 , 22225 , 32.31 , -34.2 , 0 , 17.60 , 12.043 , 3.728 , 108.62 , 164.75
5009 , 22271 , 32.09 , -34.2 , 0 , 17.59 , 12.190 , 3.798 , 109.25 , 164.12
5019 , 22315 , 31.89 , -34.0 , 0 , 17.58 , 12.120 , 3.800 , 109.85 , 163.52
5029 , 22360 , 31.69 , -34.0 , 0 , 17.57 , 12.233 , 3.860 , 110.47 , 162.90
5039 , 22405 , 31.49 , -34.0 , 0 , 17.56 , 12.282 , 3.901 , 111.09 , 162.28
5049 , 22454 , 31.27 , -33.8 , 0 , 17.55 , 12.243 , 3.916 , 111.77 , 161.60
5059 , 22502 , 31.05 , -33.8 , 0 , 17.54 , 12.185 , 3.924 , 112.43 , 160.94
5069 , 22549 , 30.84 , -33.8 , 0 , 17.53 , 12.218 , 3.961 , 113.08 , 160.29
5078 , 22594 , 30.65 , -33.5 , 0 , 17.52 , 12.255 , 3.999 , 113.70 , 159.68
5088 , 22642 , 30.44 , -33.1 , 0 , 17.51 , 12.376 , 4.066 , 114.36 , 159.01
5098 , 22692 , 30.22 , -32.8 , 0 , 17.51 , 12.319 , 4.076 , 115.05 , 158.32
5108 , 22739 , 30.02 , -32.9 , 0 , 17.50 , 12.358 , 4.116 , 115.70 , 157.67
5118 , 22788 , 29.81 , -33.3 , 0 , 17.49 , 12.402 , 4.160 , 116.38 , 156.99
5128 , 22838 , 29.60 , -33.4 , 0 , 17.48 , 12.386 , 4.184 , 117.08 , 156.29
5138 , 22884 , 29.41 , -33.4 , 0 , 17.47 , 12.357 , 4.202 , 117.72 , 155.65
5148 , 22934 , 29.20 , -33.4 , 0 , 17.46 , 12.381 , 4.240 , 118.41 , 154.96
5158 , 22982 , 29.00 , -32.6 , 0 , 17.45 , 12.393 , 4.273 , 119.08 , 154.29
5168 , 23035 , 28.78 , -32.5 , 0 , 17.44 , 12.443 , 4.323 , 119.82 , 153.56
5178 , 23083 , 28.59 , -32.5 , 0 , 17.44 , 12.479 , 4.365 , 120.49 , 152.88
5188 , 23131 , 28.39 , -32.7 , 0 , 17.43 , 12.445 , 4.383 , 121.16 , 152.21
5198 , 23182 , 28.19 , -32.6 , 0 , 17.42 , 12.449 , 4.417 , 121.87 , 151.50
5208 , 23233 , 27.99 , -32.6 , 0 , 17.41 , 12.414 , 4.436 , 122.58 , 150.79
5218 , 23283 , 27.79 , -32.3 , 0 , 17.41 , 12.387 , 4.458 , 123.27 , 150.10
5228 , 23332 , 27.60 , -31.4 , 0 , 17.40 , 12.420 , 4.501 , 123.96 , 149.42
5238 , 23381 , 27.41 , -30.8 , 0 , 17.39 , 12.505 , 4.563 , 124.63 , 148.74
5248 , 23431 , 27.21 , -30.4 , 0 , 17.38 , 12.540 , 4.609 , 125.34 , 148.03
5258 , 23483 , 27.02 , -29.9 , 0 , 17.38 , 12.684 , 4.695 , 126.06 , 147.31
5268 , 23531 , 26.83 , -30.0 , 0 , 17.37 , 12.752 , 4.752 , 126.73 , 146.64
5278 , 23581 , 26.64 , -30.1 , 0 , 17.37 , 12.717 , 4.773 , 127.45 , 145.93
5288 , 23629 , 26.46 , -29.7 , 0 , 17.36 , 12.779 , 4.829 , 128.13 , 145.24
5298 , 23677 , 26.29 , -29.4 , 0 , 17.35 , 12.748 , 4.849 , 128.79 , 144.58
5308 , 23725 , 26.11 , -29.5 , 0 , 17.35 , 12.897 , 4.939 , 129.49 , 143.89
5318 , 23770 , 25.95 , -29.5 , 0 , 17.34 , 12.907 , 4.974 , 130.12 , 143.25
5328 , 23817 , 25.78 , -29.3 , 0 , 17.33 , 12.941 , 5.021 , 130.80 , 142.57
5338 , 23860 , 25.62 , -29.2 , 0 , 17.33 , 12.934 , 5.048 , 131.41 , 141.96
5348 , 23907 , 25.45 , -28.6 , 0 , 17.32 , 12.942 , 5.084 , 132.09 , 141.28
5358 , 23953 , 25.29 , -28.2 , 0 , 17.32 , 13.041 , 5.156 , 132.74 , 140.63
5368 , 24001 , 25.12 , -28.2 , 0 , 17.31 , 13.156 , 5.236 , 133.43 , 139.94
5377 , 24045 , 24.97 , -28.3 , 0 , 17.31 , 13.200 , 5.286 , 134.06 , 139.31
5386 , 24085 , 24.83 , -28.2 , 0 , 17.30 , 13.249 , 5.336 , 134.65 , 138.72
5396 , 24130 , 24.68 , -27.8 , 0 , 17.29 , 13.317 , 5.397 , 135.31 , 138.06
5406 , 24179 , 24.51 , -26.9 , 0 , 17.29 , 13.462 , 5.493 , 136.02 , 137.35
5416 , 24227 , 24.34 , -26.6 , 0 , 17.28 , 13.511 , 5.550 , 136.74 , 136.63
5426 , 24276 , 24.18 , -26.3 , 0 , 17.27 , 13.499 , 5.583 , 137.46 , 135.91
5436 , 24324 , 24.02 , -25.8 , 0 , 17.27 , 13.758 , 5.728 , 138.18 , 135.19
5446 , 24376 , 23.85 , -25.4 , 0 , 17.26 , 14.130 , 5.925 , 138.96 , 134.41
5456 , 24428 , 23.68 , -24.9 , 0 , 17.26 , 14.429 , 6.094 , 139.77 , 133.60
5466 , 24481 , 23.51 , -24.6 , 0 , 17.25 , 14.580 , 6.202 , 140.61 , 132.76
5476 , 24538 , 23.32 , -24.0 , 0 , 17.25 , 14.645 , 6.279 , 141.51 , 131.86
5486 , 24591 , 23.15 , -22.5 , 0 , 17.24 , 14.638 , 6.322 , 142.35 , 131.02
5495 , 24640 , 23.00 , -21.5 , 0 , 17.23 , 14.830 , 6.447 , 143.12 , 130.25
5505 , 24689 , 22.85 , -20.5 , 0 , 17.22 , 15.181 , 6.644 , 143.91 , 129.46
5515 , 24740 , 22.69 , -20.3 , 0 , 17.22 , 15.632 , 6.888 , 144.74 , 128.63
5525 , 24793 , 22.53 , -20.5 , 0 , 17.21 , 16.074 , 7.135 , 145.65 , 127.72
5535 , 24847 , 22.37 , -20.9 , 0 , 17.21 , 16.395 , 7.330 , 146.58 , 126.79
5545 , 24898 , 22.21 , -21.4 , 0 , 17.20 , 16.661 , 7.501 , 147.48 , 125.89
5555 , 24949 , 22.06 , -21.8 , 0 , 17.20 , 16.786 , 7.609 , 148.39 , 124.99
5565 , 25002 , 21.90 , -22.4 , 0 , 17.19 , 16.806 , 7.674 , 149.34 , 124.03
5575 , 25056 , 21.74 , -22.9 , 0 , 17.19 , 16.771 , 7.715 , 150.33 , 123.04
5585 , 25109 , 21.58 , -23.4 , 0 , 17.18 , 16.799 , 7.783 , 151.28 , 122.09
5595 , 25162 , 21.43 , -23.9 , 0 , 17.18 , 16.743 , 7.814 , 152.25 , 121.12
5605 , 25212 , 21.28 , -24.2 , 0 , 17.17 , 16.653 , 7.825 , 153.14 , 120.23
5615 , 25263 , 21.13 , -24.6 , 0 , 17.17 , 16.543 , 7.829 , 154.06 , 119.31
5625 , 25313 , 20.99 , -25.0 , 0 , 17.16 , 16.516 , 7.870 , 154.97 , 118.41
5635 , 25360 , 20.85 , -25.2 , 0 , 17.16 , 16.542 , 7.933 , 155.80 , 117.57
5645 , 25407 , 20.72 , -25.2 , 0 , 17.15 , 16.477 , 7.954 , 156.65 , 116.72
5655 , 25451 , 20.59 , -25.2 , 0 , 17.15 , 16.325 , 7.928 , 157.44 , 115.93
5665 , 25495 , 20.47 , -25.4 , 0 , 17.14 , 16.155 , 7.893 , 158.22 , 115.15
5674 , 25541 , 20.34 , -25.0 , 0 , 17.14 , 15.926 , 7.830 , 159.01 , 114.36
5683 , 25581 , 20.23 , -24.7 , 0 , 17.13 , 16.239 , 8.029 , 159.71 , 113.66
5693 , 25624 , 20.11 , -25.0 , 0 , 17.13 , 16.418 , 8.165 , 160.47 , 112.90
5703 , 25672 , 19.97 , -25.1 , 0 , 17.13 , 16.320 , 8.171 , 161.34 , 112.04
5713 , 25715 , 19.86 , -24.5 , 0 , 17.12 , 16.287 , 8.202 , 162.08 , 111.29
5723 , 25755 , 19.75 , -23.6 , 0 , 17.12 , 16.236 , 8.222 , 162.79 , 110.58
5733 , 25802 , 19.62 , -23.6 , 0 , 17.12 , 16.259 , 8.286 , 163.62 , 109.75
5743 , 25847 , 19.50 , -23.6 , 0 , 17.11 , 16.093 , 8.253 , 164.41 , 108.96
5753 , 25892 , 19.38 , -23.0 , 0 , 17.11 , 15.905 , 8.207 , 165.19 , 108.19
5763 , 25939 , 19.26 , -22.7 , 0 , 17.11 , 15.521 , 8.060 , 165.98 , 107.39
5773 , 25984 , 19.14 , -22.7 , 0 , 17.10 , 15.838 , 8.275 , 166.74 , 106.63
5783 , 26034 , 19.01 , -22.4 , 0 , 17.10 , 15.784 , 8.303 , 167.59 , 105.79
5793 , 26080 , 18.89 , -22.4 , 0 , 17.10 , 15.648 , 8.283 , 168.37 , 105.01
5803 , 26132 , 18.76 , -21.8 , 0 , 17.09 , 15.478 , 8.252 , 169.24 , 104.13
5813 , 26182 , 18.63 , -21.4 , 0 , 17.09 , 15.409 , 8.271 , 170.07 , 103.30
5823 , 26232 , 18.50 , -21.5 , 0 , 17.09 , 15.400 , 8.322 , 170.89 , 102.48
5833 , 26283 , 18.38 , -21.4 , 0 , 17.08 , 15.432 , 8.397 , 171.73 , 101.64
5843 , 26339 , 18.24 , -21.6 , 0 , 17.08 , 15.209 , 8.339 , 172.64 , 100.73
5853 , 26390 , 18.11 , -21.5 , 0 , 17.08 , 15.128 , 8.352 , 173.47 , 99.90
5863 , 26438 , 18.00 , -21.2 , 0 , 17.07 , 14.885 , 8.272 , 174.24 , 99.13
5872 , 26487 , 17.88 , -21.4 , 0 , 17.07 , 15.116 , 8.457 , 175.04 , 98.33
5882 , 26536 , 17.76 , -21.6 , 0 , 17.07 , 15.020 , 8.458 , 175.82 , 97.55
5892 , 26587 , 17.63 , -21.7 , 0 , 17.06 , 14.924 , 8.463 , 176.65 , 96.72
5902 , 26645 , 17.50 , -21.7 , 0 , 17.06 , 14.418 , 8.241 , 177.55 , 95.82
5912 , 26701 , 17.36 , -21.8 , 0 , 17.06 , 14.552 , 8.381 , 178.43 , 94.94
5922 , 26754 , 17.24 , -21.9 , 0 , 17.05 , 14.478 , 8.398 , 179.25 , 94.12
5932 , 26809 , 17.11 , -21.9 , 0 , 17.05 , 14.550 , 8.504 , 180.11 , 93.26
5942 , 26857 , 17.00 , -21.8 , 0 , 17.05 , 14.476 , 8.516 , 180.85 , 92.52
5952 , 26911 , 16.87 , -21.9 , 0 , 17.04 , 14.444 , 8.560 , 181.69 , 91.68
5962 , 26967 , 16.75 , -21.9 , 0 , 17.04 , 14.047 , 8.388 , 182.55 , 90.82
5972 , 27023 , 16.62 , -21.1 , 0 , 17.04 , 14.117 , 8.494 , 183.40 , 89.97
5982 , 27074 , 16.50 , -20.8 , 0 , 17.03 , 13.736 , 8.323 , 184.16 , 89.21
5991 , 27125 , 16.39 , -21.0 , 0 , 17.03 , 13.701 , 8.359 , 184.91 , 88.46
6001 , 27178 , 16.28 , -21.2 , 0 , 17.03 , 13.696 , 8.415 , 185.67 , 87.70
6011 , 27225 , 16.17 , -21.7 , 0 , 17.02 , 13.608 , 8.415 , 186.36 , 87.01
6021 , 27275 , 16.06 , -22.0 , 0 , 17.02 , 13.399 , 8.342 , 187.09 , 86.28
6031 , 27327 , 15.95 , -22.2 , 0 , 17.02 , 12.788 , 8.018 , 187.82 , 85.55
6041 , 27375 , 15.84 , -22.3 , 0 , 17.02 , 12.587 , 7.945 , 188.48 , 84.89
6051 , 27429 , 15.73 , -22.4 , 0 , 17.01 , 12.375 , 7.868 , 189.19 , 84.18
6061 , 27477 , 15.63 , -22.5 , 0 , 17.01 , 12.167 , 7.787 , 189.83 , 83.54
6071 , 27520 , 15.53 , -22.6 , 0 , 17.01 , 11.970 , 7.706 , 190.39 , 82.98
6081 , 27571 , 15.43 , -22.5 , 0 , 17.01 , 11.792 , 7.644 , 191.04 , 82.33
6091 , 27619 , 15.33 , -22.6 , 0 , 17.01 , 11.651 , 7.602 , 191.65 , 81.72
6101 , 27667 , 15.23 , -22.4 , 0 , 17.00 , 11.578 , 7.604 , 192.25 , 81.12
6111 , 27719 , 15.12 , -22.1 , 0 , 17.00 , 11.427 , 7.558 , 192.89 , 80.48
6121 , 27771 , 15.01 , -22.3 , 0 , 16.99 , 11.276 , 7.511 , 193.53 , 79.84
6131 , 27819 , 14.91 , -22.1 , 0 , 16.99 , 11.288 , 7.569 , 194.11 , 79.26
6141 , 27868 , 14.81 , -21.9 , 0 , 16.99 , 11.049 , 7.458 , 194.70 , 78.67
6151 , 27922 , 14.71 , -21.9 , 0 , 16.98 , 11.036 , 7.504 , 195.34 , 78.03
6161 , 27974 , 14.60 , -22.1 , 0 , 16.98 , 10.921 , 7.478 , 195.94 , 77.43
6171 , 28028 , 14.50 , -22.0 , 0 , 16.98 , 11.009 , 7.594 , 196.58 , 76.79
6181 , 28083 , 14.39 , -22.1 , 0 , 16.98 , 10.957 , 7.615 , 197.23 , 76.14
6191 , 28135 , 14.29 , -22.1 , 0 , 16.97 , 10.759 , 7.531 , 197.84 , 75.53
6201 , 28192 , 14.18 , -22.1 , 0 , 16.97 , 10.822 , 7.633 , 198.49 , 74.88
6211 , 28244 , 14.08 , -22.2 , 0 , 16.97 , 10.956 , 7.783 , 199.10 , 74.27
6221 , 28298 , 13.97 , -22.4 , 0 , 16.96 , 11.132 , 7.967 , 199.75 , 73.62
6231 , 28353 , 13.87 , -22.6 , 0 , 16.96 , 11.238 , 8.103 , 200.40 , 72.97
6241 , 28406 , 13.77 , -22.8 , 0 , 16.96 , 11.406 , 8.284 , 201.05 , 72.32
6251 , 28461 , 13.67 , -23.1 , 0 , 16.95 , 11.595 , 8.484 , 201.73 , 71.64
6261 , 28511 , 13.57 , -23.3 , 0 , 16.95 , 11.667 , 8.596 , 202.37 , 71.01
6271 , 28567 , 13.47 , -23.5 , 0 , 16.95 , 11.574 , 8.593 , 203.06 , 70.31
6281 , 28624 , 13.37 , -23.8 , 0 , 16.94 , 11.500 , 8.604 , 203.77 , 69.60
6291 , 28678 , 13.27 , -23.8 , 0 , 16.94 , 11.427 , 8.614 , 204.44 , 68.93
6301 , 28729 , 13.17 , -23.4 , 0 , 16.94 , 10.982 , 8.336 , 205.06 , 68.31
6310 , 28774 , 13.09 , -23.0 , 0 , 16.94 , 10.427 , 7.964 , 205.58 , 67.79
6320 , 28818 , 13.02 , -22.6 , 0 , 16.93 , 9.930 , 7.629 , 206.06 , 67.31
6330 , 28869 , 12.93 , -22.8 , 0 , 16.93 , 9.660 , 7.474 , 206.60 , 66.77
6340 , 28918 , 12.84 , -23.2 , 0 , 16.93 , 9.581 , 7.463 , 207.11 , 66.26
6350 , 28962 , 12.76 , -23.5 , 0 , 16.92 , 9.386 , 7.356 , 207.56 , 65.81
6360 , 29012 , 12.67 , -23.4 , 0 , 16.92 , 9.209 , 7.266 , 208.06 , 65.31
6370 , 29058 , 12.60 , -23.6 , 0 , 16.92 , 9.084 , 7.212 , 208.51 , 64.86
6380 , 29102 , 12.52 , -23.9 , 0 , 16.92 , 8.965 , 7.161 , 208.95 , 64.42
6390 , 29147 , 12.44 , -24.2 , 0 , 16.92 , 8.881 , 7.138 , 209.38 , 63.99
6400 , 29190 , 12.37 , -24.4 , 0 , 16.91 , 8.819 , 7.129 , 209.79 , 63.58
6410 , 29230 , 12.30 , -24.4 , 0 , 16.91 , 8.755 , 7.116 , 210.17 , 63.20
6420 , 29270 , 12.23 , -24.3 , 0 , 16.90 , 8.719 , 7.127 , 210.55 , 62.82
6430 , 29315 , 12.16 , -24.4 , 0 , 16.90 , 8.622 , 7.091 , 210.97 , 62.40
6440 , 29356 , 12.09 , -24.4 , 0 , 16.90 , 8.538 , 7.062 , 211.36 , 62.01
6450 , 29399 , 12.02 , -24.2 , 0 , 16.89 , 8.526 , 7.093 , 211.75 , 61.62
6460 , 29437 , 11.96 , -24.4 , 0 , 16.89 , 8.458 , 7.074 , 212.10 , 61.27
6470 , 29474 , 11.90 , -24.7 , 0 , 16.88 , 8.343 , 7.013 , 212.44 , 60.93
6480 , 29520 , 11.82 , -25.0 , 0 , 16.88 , 8.303 , 7.024 , 212.85 , 60.52
6490 , 29557 , 11.76 , -25.1 , 0 , 16.87 , 8.255 , 7.019 , 213.19 , 60.18
6500 , 29601 , 11.69 , -25.0 , 0 , 16.87 , 8.181 , 6.998 , 213.58 , 59.79
6510 , 29646 , 11.62 , -24.5 , 0 , 16.86 , 8.144 , 7.010 , 213.98 , 59.39
6520 , 29685 , 11.56 , -24.2 , 0 , 16.86 , 8.120 , 7.027 , 214.32 , 59.05
6530 , 29733 , 11.48 , -24.0 , 0 , 16.85 , 8.013 , 6.980 , 214.74 , 58.63
6540 , 29776 , 11.41 , -23.9 , 0 , 16.84 , 7.957 , 6.972 , 215.11 , 58.26
6550 , 29822 , 11.34 , -23.9 , 0 , 16.84 , 8.027 , 7.078 , 215.51 , 57.86
6560 , 29872 , 11.26 , -24.1 , 0 , 16.83 , 8.076 , 7.170 , 215.94 , 57.43
6570 , 29918 , 11.19 , -24.1 , 0 , 16.83 , 7.936 , 7.091 , 216.35 , 57.02
6580 , 29964 , 11.12 , -24.0 , 0 , 16.83 , 7.780 , 6.996 , 216.74 , 56.63
6590 , 30011 , 11.05 , -24.0 , 0 , 16.82 , 7.647 , 6.919 , 217.13 , 56.24
6599 , 30059 , 10.98 , -24.1 , 0 , 16.82 , 7.637 , 6.957 , 217.53 , 55.84
6608 , 30095 , 10.92 , -24.4 , 0 , 16.81 , 7.543 , 6.905 , 217.82 , 55.55
6617 , 30139 , 10.86 , -24.5 , 0 , 16.81 , 7.485 , 6.894 , 218.18 , 55.19
6626 , 30183 , 10.79 , -24.7 , 0 , 16.81 , 7.416 , 6.871 , 218.53 , 54.84
6636 , 30230 , 10.72 , -24.7 , 0 , 16.80 , 7.350 , 6.854 , 218.91 , 54.46
6646 , 30280 , 10.65 , -24.6 , 0 , 16.79 , 7.295 , 6.849 , 219.31 , 54.06
6656 , 30325 , 10.58 , -24.7 , 0 , 16.77 , 7.314 , 6.910 , 219.66 , 53.71
6666 , 30376 , 10.51 , -24.7 , 0 , 16.77 , 7.136 , 6.789 , 220.06 , 53.31
6676 , 30424 , 10.44 , -24.8 , 0 , 16.74 , 7.045 , 6.748 , 220.44 , 52.94
6686 , 30470 , 10.37 , -24.7 , 0 , 16.71 , 7.052 , 6.798 , 220.79 , 52.58
6696 , 30512 , 10.32 , -24.7 , 0 , 16.69 , 6.964 , 6.751 , 221.11 , 52.26
6706 , 30551 , 10.26 , -24.2 , 0 , 16.67 , 6.946 , 6.770 , 221.40 , 51.97
6716 , 30602 , 10.19 , -24.2 , 0 , 16.66 , 6.843 , 6.716 , 221.78 , 51.59
6726 , 30649 , 10.12 , -24.1 , 0 , 16.65 , 6.779 , 6.696 , 222.13 , 51.25
6736 , 30696 , 10.06 , -23.8 , 0 , 16.65 , 6.747 , 6.708 , 222.47 , 50.90
6746 , 30735 , 10.01 , -23.4 , 0 , 16.64 , 6.665 , 6.661 , 222.75 , 50.62
6756 , 30781 , 9.94 , -23.2 , 0 , 16.64 , 6.615 , 6.653 , 223.08 , 50.29
6766 , 30819 , 9.89 , -23.1 , 0 , 16.65 , 6.539 , 6.611 , 223.35 , 50.02
6776 , 30870 , 9.82 , -23.1 , 0 , 16.64 , 6.463 , 6.580 , 223.71 , 49.66
6786 , 30909 , 9.77 , -23.0 , 0 , 16.64 , 6.436 , 6.588 , 223.98 , 49.39
6796 , 30952 , 9.71 , -22.8 , 0 , 16.63 , 6.408 , 6.598 , 224.28 , 49.09
6806 , 30993 , 9.66 , -22.5 , 0 , 16.62 , 6.302 , 6.525 , 224.56 , 48.81
6816 , 31033 , 9.61 , -22.2 , 0 , 16.61 , 6.251 , 6.508 , 224.83 , 48.54
6826 , 31065 , 9.56 , -21.9 , 0 , 16.60 , 6.193 , 6.475 , 225.04 , 48.33
6836 , 31110 , 9.51 , -21.6 , 0 , 16.59 , 6.159 , 6.479 , 225.34 , 48.03
6846 , 31142 , 9.46 , -21.3 , 0 , 16.58 , 6.106 , 6.452 , 225.55 , 47.82
6855 , 31175 , 9.42 , -21.1 , 0 , 16.56 , 6.104 , 6.478 , 225.77 , 47.60
6865 , 31215 , 9.37 , -21.0 , 0 , 16.54 , 6.073 , 6.480 , 226.03 , 47.35
6875 , 31250 , 9.33 , -20.8 , 0 , 16.53 , 5.970 , 6.401 , 226.25 , 47.12
