# ------------------------------------------------------------
#
# Flight name: V3811
# Station: Davis
# Launch Date: 12 October 2011
# Launch Time: 11:16:02
# 
# This file created: Thu Oct 13 10:26:18 2011
# 
# 
# ------------------------------------------------------------
# DATA COLUMNS
# Time (s)
# Height (m)
# Atmospheric Pressure (hPa)
# Atmospheric Temperature (°C)
# Relative Humidity (%)
# Box Temperature (°C)
# Ozone Partial Pressure (mPa)
# Ozone Mixing Ratio (ppmV)
# Accumulated Ozone to this Height (Dobson Units)
# Remaining Ozone above this Height (Dobson Units)
# 
# ------------------------------------------------------------
# 
# Integrated Ozone = 249.7 DU
# Extrapolated Ozone =  48.0 DU
# 
# Total Ozone = 297.7 DU
# 
# 
# ------------------------------------------------------------
0 , 18 , 972.38 , -14.2 , 43 , 36.37 , 2.621 , 0.027 , 0.00 , 297.69
10 , 59 , 967.03 , -14.8 , 39 , 36.39 , 2.603 , 0.027 , 0.11 , 297.58
20 , 104 , 961.30 , -15.2 , 41 , 36.43 , 2.580 , 0.027 , 0.24 , 297.46
30 , 148 , 955.75 , -15.6 , 43 , 36.45 , 2.617 , 0.027 , 0.35 , 297.34
39 , 191 , 950.30 , -15.9 , 38 , 36.46 , 2.583 , 0.027 , 0.47 , 297.22
50 , 243 , 943.79 , -15.7 , 27 , 36.47 , 2.594 , 0.027 , 0.61 , 297.08
60 , 293 , 937.56 , -15.4 , 33 , 36.47 , 2.617 , 0.028 , 0.75 , 296.95
69 , 345 , 931.08 , -15.7 , 36 , 36.47 , 2.624 , 0.028 , 0.89 , 296.80
79 , 393 , 925.22 , -14.7 , 22 , 36.48 , 2.626 , 0.028 , 1.02 , 296.67
89 , 441 , 919.28 , -14.3 , 14 , 36.48 , 2.613 , 0.028 , 1.16 , 296.54
98 , 493 , 913.03 , -14.5 , 15 , 36.48 , 2.598 , 0.028 , 1.30 , 296.40
108 , 543 , 907.05 , -14.5 , 14 , 36.49 , 2.587 , 0.029 , 1.43 , 296.26
117 , 594 , 901.00 , -14.7 , 15 , 36.50 , 2.577 , 0.029 , 1.57 , 296.13
127 , 641 , 895.34 , -15.0 , 19 , 36.51 , 2.566 , 0.029 , 1.69 , 296.00
137 , 691 , 889.46 , -15.3 , 24 , 36.50 , 2.547 , 0.029 , 1.83 , 295.87
147 , 739 , 883.86 , -15.2 , 24 , 36.50 , 2.546 , 0.029 , 1.95 , 295.74
157 , 792 , 877.64 , -15.3 , 23 , 36.50 , 2.542 , 0.029 , 2.10 , 295.60
167 , 840 , 872.13 , -15.6 , 23 , 36.49 , 2.547 , 0.029 , 2.22 , 295.47
177 , 889 , 866.46 , -15.9 , 21 , 36.49 , 2.531 , 0.029 , 2.35 , 295.34
187 , 936 , 861.06 , -15.7 , 14 , 36.49 , 2.525 , 0.029 , 2.48 , 295.22
197 , 986 , 855.32 , -15.2 , 9 , 36.48 , 2.511 , 0.029 , 2.61 , 295.08
207 , 1032 , 850.17 , -15.3 , 7 , 36.46 , 2.549 , 0.030 , 2.73 , 294.96
216 , 1077 , 845.05 , -15.3 , 6 , 36.46 , 2.544 , 0.030 , 2.85 , 294.84
226 , 1123 , 839.93 , -15.4 , 24 , 36.45 , 2.551 , 0.030 , 2.97 , 294.72
234 , 1166 , 835.22 , -15.4 , 42 , 36.44 , 2.516 , 0.030 , 3.09 , 294.61
245 , 1222 , 829.03 , -15.5 , 51 , 36.42 , 2.400 , 0.029 , 3.23 , 294.46
254 , 1264 , 824.46 , -15.8 , 52 , 36.42 , 2.271 , 0.028 , 3.33 , 294.36
263 , 1303 , 820.20 , -16.0 , 53 , 36.41 , 2.160 , 0.026 , 3.42 , 294.27
273 , 1349 , 815.10 , -16.3 , 54 , 36.40 , 2.096 , 0.026 , 3.53 , 294.17
283 , 1398 , 809.89 , -16.7 , 54 , 36.39 , 2.049 , 0.025 , 3.63 , 294.06
293 , 1447 , 804.62 , -17.1 , 55 , 36.38 , 2.035 , 0.025 , 3.74 , 293.96
303 , 1501 , 798.77 , -17.4 , 55 , 36.36 , 2.020 , 0.025 , 3.86 , 293.84
313 , 1552 , 793.43 , -17.6 , 53 , 36.34 , 2.017 , 0.025 , 3.96 , 293.73
323 , 1600 , 788.34 , -17.9 , 47 , 36.33 , 2.048 , 0.026 , 4.07 , 293.63
333 , 1655 , 782.54 , -18.2 , 46 , 36.31 , 2.076 , 0.027 , 4.19 , 293.51
343 , 1702 , 777.60 , -18.3 , 47 , 36.29 , 2.140 , 0.028 , 4.29 , 293.40
353 , 1751 , 772.54 , -18.5 , 44 , 36.28 , 2.149 , 0.028 , 4.40 , 293.29
363 , 1800 , 767.50 , -18.8 , 43 , 36.27 , 2.187 , 0.028 , 4.51 , 293.18
373 , 1852 , 762.13 , -19.2 , 45 , 36.25 , 2.222 , 0.029 , 4.64 , 293.06
383 , 1908 , 756.36 , -19.5 , 44 , 36.22 , 2.223 , 0.029 , 4.77 , 292.93
393 , 1965 , 750.59 , -19.7 , 42 , 36.20 , 2.234 , 0.030 , 4.90 , 292.79
403 , 2020 , 745.10 , -19.8 , 40 , 36.18 , 2.235 , 0.030 , 5.03 , 292.66
413 , 2073 , 739.77 , -20.0 , 37 , 36.16 , 2.274 , 0.031 , 5.16 , 292.53
423 , 2125 , 734.56 , -20.2 , 34 , 36.14 , 2.262 , 0.031 , 5.29 , 292.41
433 , 2172 , 729.91 , -20.5 , 34 , 36.11 , 2.208 , 0.030 , 5.40 , 292.29
443 , 2222 , 724.97 , -20.8 , 32 , 36.09 , 2.165 , 0.030 , 5.52 , 292.18
453 , 2273 , 720.02 , -21.0 , 30 , 36.06 , 2.147 , 0.030 , 5.63 , 292.06
463 , 2324 , 715.03 , -21.4 , 31 , 36.05 , 2.129 , 0.030 , 5.75 , 291.94
473 , 2376 , 710.07 , -21.7 , 32 , 36.03 , 2.092 , 0.029 , 5.87 , 291.83
483 , 2426 , 705.21 , -22.0 , 33 , 36.00 , 2.098 , 0.030 , 5.98 , 291.71
493 , 2480 , 700.08 , -22.3 , 30 , 35.99 , 2.138 , 0.031 , 6.10 , 291.59
503 , 2529 , 695.38 , -22.6 , 28 , 35.96 , 2.156 , 0.031 , 6.22 , 291.48
513 , 2582 , 690.37 , -23.0 , 27 , 35.93 , 2.177 , 0.032 , 6.34 , 291.35
523 , 2639 , 685.04 , -23.5 , 28 , 35.90 , 2.193 , 0.032 , 6.47 , 291.22
533 , 2689 , 680.33 , -24.0 , 29 , 35.85 , 2.196 , 0.032 , 6.59 , 291.10
543 , 2741 , 675.53 , -24.5 , 31 , 35.80 , 2.185 , 0.032 , 6.72 , 290.98
553 , 2790 , 670.94 , -24.9 , 32 , 35.76 , 2.167 , 0.032 , 6.83 , 290.86
562 , 2838 , 666.58 , -25.3 , 32 , 35.76 , 2.144 , 0.032 , 6.94 , 290.75
572 , 2887 , 662.07 , -25.8 , 32 , 35.74 , 2.124 , 0.032 , 7.06 , 290.64
582 , 2942 , 657.07 , -26.2 , 33 , 35.72 , 2.092 , 0.032 , 7.18 , 290.51
592 , 2989 , 652.75 , -26.5 , 32 , 35.70 , 2.085 , 0.032 , 7.29 , 290.40
602 , 3041 , 648.14 , -27.0 , 33 , 35.68 , 2.082 , 0.032 , 7.41 , 290.29
612 , 3094 , 643.35 , -27.5 , 33 , 35.66 , 2.078 , 0.032 , 7.53 , 290.16
622 , 3156 , 637.80 , -28.0 , 34 , 35.62 , 2.067 , 0.032 , 7.67 , 290.02
632 , 3215 , 632.57 , -28.5 , 34 , 35.58 , 2.053 , 0.032 , 7.81 , 289.89
642 , 3266 , 628.09 , -28.9 , 33 , 35.53 , 2.042 , 0.033 , 7.92 , 289.77
652 , 3322 , 623.20 , -29.3 , 33 , 35.49 , 2.020 , 0.032 , 8.05 , 289.65
662 , 3371 , 618.92 , -29.7 , 33 , 35.47 , 1.990 , 0.032 , 8.16 , 289.54
672 , 3421 , 614.59 , -30.0 , 32 , 35.46 , 1.955 , 0.032 , 8.27 , 289.43
682 , 3471 , 610.29 , -30.3 , 31 , 35.42 , 1.909 , 0.031 , 8.37 , 289.32
692 , 3519 , 606.20 , -30.6 , 32 , 35.39 , 1.864 , 0.031 , 8.47 , 289.22
702 , 3570 , 601.83 , -31.0 , 31 , 35.38 , 1.843 , 0.031 , 8.58 , 289.12
712 , 3618 , 597.79 , -31.4 , 30 , 35.36 , 1.854 , 0.031 , 8.68 , 289.02
722 , 3661 , 594.16 , -31.8 , 30 , 35.33 , 1.851 , 0.031 , 8.77 , 288.93
732 , 3707 , 590.26 , -32.2 , 32 , 35.30 , 1.855 , 0.031 , 8.86 , 288.83
742 , 3757 , 586.11 , -32.6 , 33 , 35.27 , 1.861 , 0.032 , 8.97 , 288.73
752 , 3803 , 582.33 , -33.0 , 34 , 35.24 , 1.876 , 0.032 , 9.06 , 288.63
762 , 3851 , 578.36 , -33.4 , 34 , 35.21 , 1.889 , 0.033 , 9.16 , 288.53
772 , 3894 , 574.80 , -33.7 , 34 , 35.18 , 1.889 , 0.033 , 9.25 , 288.44
782 , 3946 , 570.59 , -34.1 , 32 , 35.15 , 1.880 , 0.033 , 9.36 , 288.33
791 , 3997 , 566.40 , -34.5 , 32 , 35.12 , 1.885 , 0.033 , 9.47 , 288.22
801 , 4043 , 562.67 , -34.9 , 32 , 35.09 , 1.905 , 0.034 , 9.57 , 288.12
811 , 4096 , 558.40 , -35.3 , 34 , 35.04 , 1.885 , 0.034 , 9.69 , 288.01
821 , 4156 , 553.65 , -35.8 , 35 , 35.00 , 1.870 , 0.034 , 9.81 , 287.88
831 , 4220 , 548.58 , -36.3 , 35 , 34.97 , 1.866 , 0.034 , 9.95 , 287.75
841 , 4268 , 544.72 , -36.7 , 35 , 34.93 , 1.834 , 0.034 , 10.05 , 287.64
851 , 4318 , 540.87 , -37.0 , 34 , 34.90 , 1.807 , 0.033 , 10.15 , 287.54
861 , 4365 , 537.19 , -37.4 , 33 , 34.87 , 1.776 , 0.033 , 10.25 , 287.44
870 , 4412 , 533.52 , -37.7 , 36 , 34.84 , 1.752 , 0.033 , 10.35 , 287.35
879 , 4460 , 529.79 , -38.0 , 37 , 34.81 , 1.725 , 0.033 , 10.44 , 287.25
889 , 4512 , 525.86 , -38.4 , 35 , 34.78 , 1.728 , 0.033 , 10.54 , 287.15
899 , 4566 , 521.69 , -38.8 , 35 , 34.74 , 1.738 , 0.033 , 10.65 , 287.04
909 , 4619 , 517.67 , -39.2 , 35 , 34.69 , 1.758 , 0.034 , 10.76 , 286.94
919 , 4675 , 513.43 , -39.7 , 35 , 34.64 , 1.768 , 0.034 , 10.87 , 286.82
929 , 4729 , 509.41 , -40.0 , 35 , 34.61 , 1.775 , 0.035 , 10.98 , 286.71
939 , 4787 , 505.13 , -40.2 , 36 , 34.58 , 1.799 , 0.036 , 11.10 , 286.59
949 , 4843 , 500.98 , -40.2 , 28 , 34.54 , 1.826 , 0.036 , 11.22 , 286.47
959 , 4890 , 497.54 , -40.3 , 21 , 34.51 , 1.861 , 0.037 , 11.32 , 286.37
969 , 4942 , 493.73 , -40.1 , 14 , 34.47 , 1.913 , 0.039 , 11.43 , 286.26
979 , 4994 , 490.01 , -40.1 , 14 , 34.43 , 1.918 , 0.039 , 11.55 , 286.15
989 , 5047 , 486.23 , -40.1 , 14 , 34.38 , 1.905 , 0.039 , 11.67 , 286.03
999 , 5103 , 482.27 , -40.0 , 10 , 34.34 , 1.972 , 0.041 , 11.79 , 285.90
1009 , 5163 , 478.03 , -39.9 , 10 , 34.31 , 1.986 , 0.042 , 11.93 , 285.77
1019 , 5212 , 474.56 , -40.1 , 8 , 34.26 , 1.942 , 0.041 , 12.04 , 285.65
1029 , 5265 , 470.93 , -40.4 , 7 , 34.21 , 1.859 , 0.039 , 12.16 , 285.54
1039 , 5312 , 467.70 , -40.7 , 7 , 34.17 , 1.829 , 0.039 , 12.26 , 285.44
1049 , 5362 , 464.26 , -40.9 , 6 , 34.13 , 1.815 , 0.039 , 12.36 , 285.33
1059 , 5414 , 460.70 , -41.2 , 6 , 34.09 , 1.806 , 0.039 , 12.47 , 285.22
1069 , 5468 , 457.05 , -41.4 , 6 , 34.04 , 1.821 , 0.040 , 12.59 , 285.11
1079 , 5529 , 452.97 , -41.6 , 6 , 33.99 , 1.891 , 0.042 , 12.72 , 284.98
1089 , 5586 , 449.18 , -41.9 , 5 , 33.95 , 1.881 , 0.042 , 12.84 , 284.85
1099 , 5645 , 445.26 , -42.3 , 5 , 33.91 , 1.860 , 0.042 , 12.97 , 284.72
1109 , 5708 , 441.13 , -42.5 , 4 , 33.86 , 1.813 , 0.041 , 13.11 , 284.59
1119 , 5758 , 437.88 , -42.8 , 4 , 33.81 , 1.753 , 0.040 , 13.21 , 284.48
1129 , 5800 , 435.18 , -43.0 , 4 , 33.77 , 1.720 , 0.040 , 13.30 , 284.40
1139 , 5855 , 431.64 , -43.3 , 4 , 33.73 , 1.703 , 0.039 , 13.41 , 284.29
1149 , 5906 , 428.38 , -43.4 , 4 , 33.68 , 1.737 , 0.041 , 13.51 , 284.18
1159 , 5962 , 424.80 , -43.4 , 3 , 33.63 , 1.849 , 0.044 , 13.63 , 284.07
1168 , 6005 , 422.10 , -43.4 , 3 , 33.59 , 1.987 , 0.047 , 13.72 , 283.97
1177 , 6046 , 419.53 , -43.4 , 2 , 33.54 , 2.099 , 0.050 , 13.82 , 283.87
1186 , 6091 , 416.71 , -43.4 , 2 , 33.50 , 2.167 , 0.052 , 13.94 , 283.76
1196 , 6144 , 413.50 , -43.3 , 2 , 33.46 , 2.114 , 0.051 , 14.07 , 283.63
1206 , 6195 , 410.33 , -43.1 , 3 , 33.40 , 2.072 , 0.051 , 14.19 , 283.50
1216 , 6241 , 407.58 , -42.9 , 3 , 33.36 , 2.055 , 0.050 , 14.30 , 283.39
1226 , 6291 , 404.54 , -42.9 , 10 , 33.31 , 1.954 , 0.048 , 14.42 , 283.27
1236 , 6350 , 401.02 , -42.9 , 19 , 33.27 , 1.831 , 0.046 , 14.55 , 283.14
1246 , 6404 , 397.84 , -42.6 , 29 , 33.22 , 1.794 , 0.045 , 14.67 , 283.03
1256 , 6452 , 394.97 , -42.6 , 35 , 33.17 , 1.859 , 0.047 , 14.77 , 282.92
1266 , 6503 , 392.04 , -42.8 , 38 , 33.12 , 1.884 , 0.048 , 14.88 , 282.81
1276 , 6562 , 388.63 , -43.0 , 41 , 33.08 , 1.830 , 0.047 , 15.01 , 282.69
1286 , 6613 , 385.65 , -43.2 , 42 , 33.03 , 1.760 , 0.046 , 15.12 , 282.58
1296 , 6665 , 382.73 , -43.5 , 40 , 32.98 , 1.651 , 0.043 , 15.22 , 282.47
1306 , 6717 , 379.73 , -43.8 , 38 , 32.93 , 1.569 , 0.041 , 15.32 , 282.37
1316 , 6769 , 376.80 , -44.1 , 38 , 32.89 , 1.523 , 0.040 , 15.42 , 282.28
1326 , 6823 , 373.80 , -44.4 , 35 , 32.84 , 1.551 , 0.042 , 15.51 , 282.18
1336 , 6870 , 371.20 , -44.7 , 33 , 32.79 , 1.582 , 0.043 , 15.60 , 282.10
1346 , 6924 , 368.21 , -45.0 , 32 , 32.74 , 1.506 , 0.041 , 15.70 , 282.00
1356 , 6978 , 365.20 , -45.5 , 34 , 32.70 , 1.426 , 0.039 , 15.79 , 281.90
1366 , 7021 , 362.88 , -45.8 , 37 , 32.65 , 1.386 , 0.038 , 15.86 , 281.83
1376 , 7070 , 360.19 , -46.1 , 37 , 32.61 , 1.363 , 0.038 , 15.94 , 281.75
1386 , 7117 , 357.66 , -46.5 , 36 , 32.57 , 1.341 , 0.037 , 16.02 , 281.68
1396 , 7168 , 354.92 , -47.0 , 35 , 32.52 , 1.322 , 0.037 , 16.10 , 281.59
1406 , 7217 , 352.31 , -47.4 , 35 , 32.47 , 1.313 , 0.037 , 16.18 , 281.52
1416 , 7269 , 349.54 , -47.9 , 36 , 32.42 , 1.292 , 0.037 , 16.26 , 281.44
1426 , 7316 , 347.04 , -48.3 , 36 , 32.37 , 1.280 , 0.037 , 16.33 , 281.36
1436 , 7364 , 344.51 , -48.7 , 37 , 32.32 , 1.264 , 0.037 , 16.40 , 281.29
1446 , 7416 , 341.84 , -49.0 , 37 , 32.28 , 1.252 , 0.037 , 16.48 , 281.21
1456 , 7466 , 339.21 , -49.4 , 37 , 32.23 , 1.254 , 0.037 , 16.56 , 281.14
1466 , 7526 , 336.10 , -49.9 , 38 , 32.18 , 1.266 , 0.038 , 16.65 , 281.05
1476 , 7574 , 333.65 , -50.3 , 39 , 32.13 , 1.287 , 0.039 , 16.72 , 280.97
1486 , 7627 , 330.95 , -50.8 , 40 , 32.09 , 1.293 , 0.039 , 16.81 , 280.89
1495 , 7670 , 328.75 , -51.2 , 40 , 32.04 , 1.285 , 0.039 , 16.87 , 280.82
1505 , 7717 , 326.41 , -51.5 , 41 , 32.00 , 1.272 , 0.039 , 16.95 , 280.75
1515 , 7763 , 324.08 , -51.8 , 42 , 31.95 , 1.264 , 0.039 , 17.02 , 280.68
1525 , 7814 , 321.55 , -52.2 , 41 , 31.91 , 1.242 , 0.039 , 17.09 , 280.60
1535 , 7862 , 319.15 , -52.7 , 41 , 31.86 , 1.244 , 0.039 , 17.17 , 280.53
1545 , 7918 , 316.41 , -53.1 , 42 , 31.80 , 1.247 , 0.039 , 17.25 , 280.44
1555 , 7976 , 313.59 , -53.2 , 43 , 31.75 , 1.231 , 0.039 , 17.34 , 280.35
1565 , 8031 , 310.90 , -53.8 , 42 , 31.71 , 1.220 , 0.039 , 17.42 , 280.27
1575 , 8089 , 308.13 , -54.2 , 43 , 31.66 , 1.207 , 0.039 , 17.51 , 280.19
1585 , 8136 , 305.88 , -54.8 , 43 , 31.61 , 1.189 , 0.039 , 17.58 , 280.12
1595 , 8185 , 303.54 , -55.2 , 43 , 31.56 , 1.170 , 0.039 , 17.65 , 280.04
1605 , 8235 , 301.15 , -55.6 , 43 , 31.52 , 1.157 , 0.038 , 17.72 , 279.97
1615 , 8286 , 298.75 , -55.9 , 43 , 31.47 , 1.140 , 0.038 , 17.80 , 279.90
1625 , 8335 , 296.46 , -56.5 , 43 , 31.41 , 1.161 , 0.039 , 17.87 , 279.83
1635 , 8387 , 294.03 , -56.9 , 44 , 31.36 , 1.163 , 0.040 , 17.94 , 279.75
1645 , 8435 , 291.82 , -57.4 , 44 , 31.32 , 1.137 , 0.039 , 18.01 , 279.69
1655 , 8497 , 288.95 , -57.9 , 44 , 31.26 , 1.113 , 0.039 , 18.10 , 279.60
1665 , 8548 , 286.62 , -58.2 , 45 , 31.21 , 1.123 , 0.039 , 18.17 , 279.53
1675 , 8599 , 284.30 , -58.8 , 46 , 31.15 , 1.123 , 0.040 , 18.24 , 279.45
1685 , 8649 , 282.03 , -59.3 , 46 , 31.11 , 1.117 , 0.040 , 18.31 , 279.38
1695 , 8696 , 279.91 , -59.6 , 47 , 31.05 , 1.101 , 0.039 , 18.38 , 279.32
1705 , 8739 , 278.00 , -59.9 , 48 , 30.99 , 1.105 , 0.040 , 18.44 , 279.26
1715 , 8782 , 276.09 , -60.3 , 47 , 30.94 , 1.108 , 0.040 , 18.50 , 279.20
1725 , 8828 , 274.07 , -60.6 , 46 , 30.89 , 1.110 , 0.041 , 18.56 , 279.13
1734 , 8872 , 272.12 , -61.0 , 46 , 30.84 , 1.127 , 0.041 , 18.62 , 279.07
1744 , 8916 , 270.21 , -61.3 , 45 , 30.79 , 1.123 , 0.042 , 18.69 , 279.01
1754 , 8964 , 268.13 , -61.7 , 45 , 30.73 , 1.118 , 0.042 , 18.76 , 278.94
1764 , 9012 , 266.06 , -62.0 , 45 , 30.68 , 1.105 , 0.042 , 18.82 , 278.87
1774 , 9055 , 264.18 , -62.4 , 45 , 30.63 , 1.083 , 0.041 , 18.88 , 278.81
1784 , 9101 , 262.22 , -62.6 , 45 , 30.58 , 1.072 , 0.041 , 18.95 , 278.75
1794 , 9146 , 260.31 , -62.9 , 45 , 30.52 , 1.061 , 0.041 , 19.01 , 278.69
1803 , 9193 , 258.36 , -63.2 , 44 , 30.47 , 1.037 , 0.040 , 19.07 , 278.62
1813 , 9237 , 256.50 , -63.4 , 44 , 30.42 , 1.020 , 0.040 , 19.13 , 278.56
1823 , 9284 , 254.56 , -63.7 , 44 , 30.36 , 1.032 , 0.041 , 19.19 , 278.50
1833 , 9330 , 252.63 , -63.9 , 44 , 30.30 , 1.073 , 0.042 , 19.25 , 278.44
1843 , 9376 , 250.76 , -64.2 , 43 , 30.24 , 1.142 , 0.046 , 19.32 , 278.37
1853 , 9422 , 248.87 , -64.6 , 43 , 30.18 , 1.205 , 0.048 , 19.39 , 278.30
1863 , 9465 , 247.13 , -65.0 , 42 , 30.13 , 1.235 , 0.050 , 19.46 , 278.24
1873 , 9518 , 244.99 , -65.5 , 41 , 30.07 , 1.264 , 0.052 , 19.54 , 278.15
1883 , 9571 , 242.83 , -65.9 , 41 , 30.01 , 1.270 , 0.052 , 19.63 , 278.06
1893 , 9614 , 241.11 , -66.2 , 41 , 29.95 , 1.281 , 0.053 , 19.70 , 277.99
1903 , 9660 , 239.30 , -66.6 , 41 , 29.89 , 1.291 , 0.054 , 19.78 , 277.91
1913 , 9708 , 237.40 , -66.8 , 41 , 29.83 , 1.307 , 0.055 , 19.86 , 277.83
1923 , 9753 , 235.63 , -67.0 , 42 , 29.78 , 1.329 , 0.056 , 19.94 , 277.76
1933 , 9802 , 233.73 , -67.3 , 42 , 29.72 , 1.315 , 0.056 , 20.02 , 277.67
1943 , 9855 , 231.69 , -67.6 , 42 , 29.67 , 1.315 , 0.057 , 20.12 , 277.58
1953 , 9901 , 229.93 , -67.9 , 43 , 29.61 , 1.248 , 0.054 , 20.19 , 277.50
1963 , 9949 , 228.10 , -68.2 , 43 , 29.55 , 1.186 , 0.052 , 20.27 , 277.43
1973 , 9995 , 226.36 , -68.6 , 44 , 29.49 , 1.171 , 0.052 , 20.34 , 277.35
1983 , 10040 , 224.65 , -68.9 , 45 , 29.44 , 1.164 , 0.052 , 20.41 , 277.28
1993 , 10085 , 222.97 , -69.3 , 46 , 29.38 , 1.163 , 0.052 , 20.48 , 277.22
2003 , 10131 , 221.27 , -69.6 , 46 , 29.32 , 1.174 , 0.053 , 20.55 , 277.15
2013 , 10176 , 219.61 , -69.9 , 47 , 29.26 , 1.161 , 0.053 , 20.62 , 277.08
2023 , 10220 , 217.97 , -70.2 , 47 , 29.21 , 1.150 , 0.053 , 20.69 , 277.01
2033 , 10265 , 216.31 , -70.5 , 48 , 29.15 , 1.153 , 0.053 , 20.76 , 276.94
2043 , 10314 , 214.56 , -70.8 , 48 , 29.09 , 1.167 , 0.054 , 20.83 , 276.86
2053 , 10362 , 212.80 , -71.2 , 49 , 29.03 , 1.170 , 0.055 , 20.91 , 276.79
2063 , 10406 , 211.22 , -71.1 , 50 , 28.98 , 1.272 , 0.060 , 20.98 , 276.72
2073 , 10452 , 209.60 , -71.3 , 51 , 28.92 , 1.407 , 0.067 , 21.06 , 276.63
2083 , 10502 , 207.83 , -71.7 , 51 , 28.85 , 1.462 , 0.070 , 21.16 , 276.54
2093 , 10553 , 206.03 , -71.9 , 52 , 28.80 , 1.486 , 0.072 , 21.26 , 276.44
2103 , 10596 , 204.55 , -72.1 , 53 , 28.74 , 1.573 , 0.077 , 21.34 , 276.35
2112 , 10636 , 203.15 , -72.0 , 53 , 28.68 , 1.693 , 0.083 , 21.43 , 276.26
2122 , 10677 , 201.74 , -71.8 , 54 , 28.62 , 1.848 , 0.092 , 21.53 , 276.16
2132 , 10721 , 200.26 , -71.2 , 53 , 28.56 , 2.097 , 0.105 , 21.64 , 276.05
2141 , 10760 , 198.93 , -70.9 , 52 , 28.51 , 2.336 , 0.117 , 21.76 , 275.93
2151 , 10800 , 197.61 , -70.7 , 51 , 28.45 , 2.522 , 0.128 , 21.89 , 275.81
2161 , 10841 , 196.22 , -70.3 , 50 , 28.39 , 2.732 , 0.139 , 22.04 , 275.66
2171 , 10883 , 194.83 , -70.3 , 48 , 28.33 , 2.876 , 0.148 , 22.19 , 275.50
2181 , 10923 , 193.55 , -70.4 , 46 , 28.27 , 2.994 , 0.155 , 22.35 , 275.35
2191 , 10964 , 192.22 , -70.5 , 45 , 28.21 , 3.063 , 0.159 , 22.51 , 275.18
2201 , 11005 , 190.87 , -70.7 , 43 , 28.15 , 3.133 , 0.164 , 22.68 , 275.01
2211 , 11047 , 189.53 , -70.8 , 42 , 28.09 , 3.163 , 0.167 , 22.86 , 274.84
2221 , 11087 , 188.25 , -70.6 , 41 , 28.03 , 3.214 , 0.171 , 23.03 , 274.67
2231 , 11129 , 186.94 , -70.5 , 39 , 27.97 , 3.257 , 0.174 , 23.21 , 274.49
2241 , 11171 , 185.61 , -70.2 , 38 , 27.92 , 3.343 , 0.180 , 23.39 , 274.30
2251 , 11212 , 184.33 , -69.4 , 36 , 27.85 , 3.492 , 0.189 , 23.58 , 274.12
2261 , 11251 , 183.13 , -69.0 , 33 , 27.79 , 3.680 , 0.201 , 23.76 , 273.93
2271 , 11291 , 181.90 , -69.1 , 31 , 27.73 , 3.803 , 0.209 , 23.96 , 273.73
2281 , 11333 , 180.64 , -69.2 , 29 , 27.67 , 3.909 , 0.216 , 24.17 , 273.52
2291 , 11372 , 179.45 , -69.2 , 27 , 27.61 , 3.952 , 0.220 , 24.38 , 273.32
2300 , 11412 , 178.26 , -69.5 , 25 , 27.55 , 3.965 , 0.222 , 24.59 , 273.11
2310 , 11451 , 177.09 , -69.6 , 24 , 27.50 , 3.977 , 0.225 , 24.79 , 272.90
2320 , 11492 , 175.89 , -69.7 , 22 , 27.44 , 3.983 , 0.226 , 25.01 , 272.69
2330 , 11534 , 174.66 , -69.8 , 21 , 27.38 , 4.046 , 0.232 , 25.23 , 272.46
2340 , 11575 , 173.45 , -70.0 , 20 , 27.32 , 4.073 , 0.235 , 25.45 , 272.24
2350 , 11615 , 172.28 , -70.2 , 19 , 27.27 , 4.058 , 0.236 , 25.67 , 272.03
2360 , 11658 , 171.05 , -70.0 , 18 , 27.21 , 4.031 , 0.236 , 25.90 , 271.80
2370 , 11697 , 169.94 , -69.9 , 17 , 27.15 , 4.041 , 0.238 , 26.11 , 271.59
2380 , 11736 , 168.82 , -69.8 , 16 , 27.09 , 4.065 , 0.241 , 26.32 , 271.38
2390 , 11777 , 167.66 , -69.7 , 16 , 27.02 , 4.090 , 0.244 , 26.54 , 271.16
2400 , 11815 , 166.60 , -69.7 , 15 , 26.96 , 4.100 , 0.246 , 26.74 , 270.95
2410 , 11855 , 165.49 , -69.3 , 15 , 26.90 , 4.169 , 0.252 , 26.96 , 270.73
2419 , 11892 , 164.45 , -69.1 , 14 , 26.84 , 4.311 , 0.262 , 27.17 , 270.52
2429 , 11933 , 163.33 , -68.9 , 14 , 26.79 , 4.389 , 0.269 , 27.41 , 270.29
2439 , 11975 , 162.20 , -69.0 , 13 , 26.73 , 4.422 , 0.273 , 27.65 , 270.05
2449 , 12018 , 161.02 , -68.9 , 13 , 26.67 , 4.434 , 0.275 , 27.90 , 269.79
2459 , 12062 , 159.83 , -68.8 , 13 , 26.61 , 4.435 , 0.277 , 28.16 , 269.53
2469 , 12102 , 158.79 , -69.1 , 13 , 26.55 , 4.537 , 0.286 , 28.40 , 269.30
2479 , 12142 , 157.72 , -69.1 , 12 , 26.50 , 4.656 , 0.295 , 28.64 , 269.05
2489 , 12183 , 156.65 , -69.2 , 12 , 26.44 , 4.832 , 0.308 , 28.90 , 268.80
2499 , 12223 , 155.59 , -69.2 , 12 , 26.38 , 4.854 , 0.312 , 29.16 , 268.54
2509 , 12265 , 154.51 , -69.4 , 12 , 26.32 , 4.832 , 0.313 , 29.42 , 268.27
2519 , 12307 , 153.43 , -69.5 , 11 , 26.26 , 4.801 , 0.313 , 29.69 , 268.01
2529 , 12349 , 152.35 , -69.5 , 11 , 26.20 , 4.739 , 0.311 , 29.95 , 267.74
2539 , 12389 , 151.33 , -69.5 , 11 , 26.14 , 4.722 , 0.312 , 30.20 , 267.49
2549 , 12429 , 150.31 , -69.6 , 11 , 26.08 , 4.713 , 0.314 , 30.46 , 267.24
2559 , 12470 , 149.28 , -69.6 , 11 , 26.02 , 4.660 , 0.312 , 30.71 , 266.98
2569 , 12510 , 148.27 , -69.9 , 10 , 25.96 , 4.532 , 0.306 , 30.96 , 266.74
2579 , 12547 , 147.35 , -70.2 , 10 , 25.91 , 4.453 , 0.302 , 31.18 , 266.52
2589 , 12587 , 146.38 , -70.1 , 10 , 25.85 , 4.333 , 0.296 , 31.41 , 266.29
2599 , 12627 , 145.40 , -70.0 , 9 , 25.79 , 4.297 , 0.296 , 31.64 , 266.06
2609 , 12666 , 144.44 , -69.8 , 9 , 25.74 , 4.357 , 0.302 , 31.86 , 265.83
2619 , 12706 , 143.46 , -69.6 , 9 , 25.68 , 4.481 , 0.312 , 32.10 , 265.60
2629 , 12746 , 142.51 , -69.5 , 8 , 25.63 , 4.360 , 0.306 , 32.33 , 265.36
2639 , 12786 , 141.57 , -69.3 , 8 , 25.56 , 3.979 , 0.281 , 32.55 , 265.15
2649 , 12823 , 140.69 , -69.2 , 8 , 25.51 , 3.706 , 0.263 , 32.74 , 264.96
2659 , 12863 , 139.76 , -68.9 , 7 , 25.45 , 3.717 , 0.266 , 32.93 , 264.76
2669 , 12902 , 138.83 , -68.9 , 7 , 25.40 , 3.629 , 0.261 , 33.13 , 264.57
2679 , 12942 , 137.91 , -68.6 , 7 , 25.35 , 3.567 , 0.259 , 33.31 , 264.38
2689 , 12985 , 136.93 , -68.3 , 6 , 25.29 , 3.609 , 0.264 , 33.52 , 264.18
2699 , 13027 , 135.97 , -68.3 , 6 , 25.24 , 3.542 , 0.261 , 33.71 , 263.98
2709 , 13068 , 135.04 , -68.4 , 6 , 25.19 , 3.434 , 0.254 , 33.90 , 263.79
2719 , 13108 , 134.15 , -68.3 , 6 , 25.14 , 3.306 , 0.246 , 34.08 , 263.62
2729 , 13149 , 133.24 , -68.6 , 6 , 25.09 , 3.206 , 0.241 , 34.25 , 263.44
2738 , 13190 , 132.33 , -68.8 , 5 , 25.06 , 3.104 , 0.235 , 34.42 , 263.27
2747 , 13229 , 131.46 , -68.7 , 5 , 25.02 , 3.049 , 0.232 , 34.59 , 263.11
2757 , 13272 , 130.52 , -68.8 , 5 , 24.98 , 3.046 , 0.233 , 34.76 , 262.94
2767 , 13318 , 129.53 , -68.5 , 5 , 24.94 , 2.990 , 0.231 , 34.94 , 262.76
2777 , 13361 , 128.60 , -68.4 , 5 , 24.90 , 2.688 , 0.209 , 35.10 , 262.59
2787 , 13404 , 127.67 , -68.1 , 5 , 24.86 , 2.294 , 0.180 , 35.24 , 262.45
2797 , 13449 , 126.72 , -67.9 , 4 , 24.82 , 2.005 , 0.158 , 35.37 , 262.32
2807 , 13494 , 125.78 , -67.8 , 4 , 24.79 , 1.760 , 0.140 , 35.48 , 262.21
2817 , 13537 , 124.88 , -67.6 , 4 , 24.74 , 1.570 , 0.126 , 35.57 , 262.12
2827 , 13582 , 123.95 , -67.6 , 4 , 24.70 , 1.444 , 0.116 , 35.66 , 262.03
2837 , 13625 , 123.07 , -67.8 , 4 , 24.66 , 1.346 , 0.109 , 35.74 , 261.95
2847 , 13669 , 122.17 , -67.7 , 4 , 24.61 , 1.276 , 0.104 , 35.82 , 261.88
2857 , 13712 , 121.30 , -67.7 , 3 , 24.57 , 1.225 , 0.101 , 35.89 , 261.81
2867 , 13755 , 120.43 , -67.7 , 3 , 24.53 , 1.174 , 0.097 , 35.96 , 261.74
2877 , 13799 , 119.56 , -67.8 , 3 , 24.48 , 1.150 , 0.096 , 36.02 , 261.67
2887 , 13839 , 118.77 , -67.9 , 3 , 24.43 , 1.115 , 0.094 , 36.08 , 261.61
2897 , 13879 , 117.98 , -67.8 , 3 , 24.39 , 1.076 , 0.091 , 36.14 , 261.55
2906 , 13919 , 117.20 , -67.9 , 3 , 24.34 , 1.049 , 0.089 , 36.20 , 261.50
2916 , 13957 , 116.45 , -68.1 , 3 , 24.30 , 1.028 , 0.088 , 36.25 , 261.45
2926 , 13998 , 115.67 , -68.2 , 3 , 24.26 , 1.008 , 0.087 , 36.30 , 261.39
2936 , 14039 , 114.87 , -68.3 , 3 , 24.21 , 0.995 , 0.087 , 36.36 , 261.34
2946 , 14079 , 114.11 , -68.2 , 3 , 24.16 , 0.978 , 0.086 , 36.41 , 261.29
2956 , 14117 , 113.39 , -68.0 , 3 , 24.11 , 0.951 , 0.084 , 36.46 , 261.24
2966 , 14153 , 112.72 , -67.7 , 3 , 24.06 , 0.915 , 0.081 , 36.50 , 261.19
2976 , 14190 , 112.02 , -67.0 , 2 , 24.01 , 0.878 , 0.078 , 36.54 , 261.15
2986 , 14229 , 111.30 , -66.5 , 2 , 23.96 , 0.890 , 0.080 , 36.59 , 261.11
2996 , 14267 , 110.61 , -66.1 , 2 , 23.91 , 0.894 , 0.081 , 36.63 , 261.06
3006 , 14305 , 109.91 , -66.1 , 2 , 23.87 , 0.894 , 0.081 , 36.68 , 261.02
3016 , 14343 , 109.23 , -66.1 , 2 , 23.82 , 0.900 , 0.082 , 36.72 , 260.97
3026 , 14385 , 108.47 , -65.8 , 2 , 23.76 , 0.929 , 0.086 , 36.77 , 260.92
3036 , 14428 , 107.71 , -66.0 , 2 , 23.72 , 0.940 , 0.087 , 36.82 , 260.87
3045 , 14468 , 107.01 , -66.2 , 2 , 23.67 , 0.941 , 0.088 , 36.87 , 260.82
3055 , 14505 , 106.34 , -66.1 , 2 , 23.62 , 0.941 , 0.089 , 36.92 , 260.78
3065 , 14546 , 105.63 , -65.9 , 2 , 23.57 , 0.962 , 0.091 , 36.97 , 260.73
3075 , 14589 , 104.88 , -65.9 , 2 , 23.53 , 0.987 , 0.094 , 37.02 , 260.67
3085 , 14632 , 104.15 , -65.9 , 2 , 23.48 , 0.998 , 0.096 , 37.08 , 260.62
3095 , 14675 , 103.41 , -65.6 , 2 , 23.43 , 1.038 , 0.100 , 37.14 , 260.56
3105 , 14721 , 102.63 , -65.3 , 2 , 23.38 , 1.103 , 0.108 , 37.20 , 260.49
3115 , 14767 , 101.85 , -65.3 , 2 , 23.33 , 1.195 , 0.117 , 37.27 , 260.42
3125 , 14811 , 101.13 , -65.3 , 2 , 23.29 , 1.270 , 0.126 , 37.34 , 260.36
3135 , 14854 , 100.40 , -64.9 , 1 , 23.24 , 1.337 , 0.133 , 37.41 , 260.28
3145 , 14901 , 99.63 , -64.9 , 1 , 23.19 , 1.430 , 0.144 , 37.50 , 260.20
3155 , 14949 , 98.86 , -64.8 , 1 , 23.14 , 1.493 , 0.151 , 37.59 , 260.11
3165 , 14994 , 98.13 , -64.7 , 1 , 23.09 , 1.511 , 0.154 , 37.67 , 260.02
3175 , 15039 , 97.41 , -64.5 , 1 , 23.05 , 1.521 , 0.156 , 37.76 , 259.93
3185 , 15086 , 96.66 , -64.5 , 1 , 23.00 , 1.498 , 0.155 , 37.86 , 259.84
3195 , 15133 , 95.92 , -64.3 , 1 , 22.95 , 1.497 , 0.156 , 37.95 , 259.75
3205 , 15180 , 95.18 , -64.0 , 1 , 22.90 , 1.519 , 0.160 , 38.04 , 259.66
3215 , 15227 , 94.46 , -63.9 , 1 , 22.85 , 1.527 , 0.162 , 38.13 , 259.57
3225 , 15272 , 93.77 , -63.7 , 1 , 22.81 , 1.511 , 0.161 , 38.22 , 259.48
3235 , 15315 , 93.11 , -63.5 , 1 , 22.76 , 1.491 , 0.160 , 38.30 , 259.39
3245 , 15358 , 92.46 , -63.2 , 1 , 22.72 , 1.505 , 0.163 , 38.38 , 259.31
3255 , 15402 , 91.80 , -62.9 , 1 , 22.67 , 1.450 , 0.158 , 38.47 , 259.23
3265 , 15444 , 91.18 , -62.6 , 1 , 22.62 , 1.256 , 0.138 , 38.54 , 259.15
3275 , 15488 , 90.53 , -62.5 , 1 , 22.58 , 1.080 , 0.119 , 38.61 , 259.09
3285 , 15529 , 89.93 , -62.3 , 1 , 22.53 , 0.939 , 0.104 , 38.66 , 259.04
3295 , 15570 , 89.34 , -62.1 , 1 , 22.48 , 0.823 , 0.092 , 38.70 , 258.99
3305 , 15612 , 88.73 , -62.0 , 1 , 22.44 , 0.745 , 0.084 , 38.75 , 258.95
3315 , 15652 , 88.16 , -61.8 , 1 , 22.39 , 0.673 , 0.076 , 38.78 , 258.91
3325 , 15694 , 87.56 , -61.2 , 1 , 22.35 , 0.621 , 0.071 , 38.82 , 258.88
3335 , 15736 , 86.97 , -60.7 , 1 , 22.30 , 0.660 , 0.076 , 38.85 , 258.84
3345 , 15781 , 86.35 , -60.3 , 1 , 22.26 , 0.600 , 0.070 , 38.89 , 258.81
3354 , 15823 , 85.77 , -60.4 , 1 , 22.22 , 0.586 , 0.068 , 38.92 , 258.78
3364 , 15863 , 85.21 , -60.4 , 1 , 22.17 , 0.573 , 0.067 , 38.95 , 258.75
3374 , 15906 , 84.64 , -60.1 , 1 , 22.13 , 0.595 , 0.070 , 38.98 , 258.71
3384 , 15949 , 84.05 , -59.6 , 1 , 22.09 , 0.833 , 0.099 , 39.02 , 258.68
3394 , 15994 , 83.44 , -59.2 , 1 , 22.05 , 1.211 , 0.145 , 39.08 , 258.62
3404 , 16039 , 82.86 , -59.0 , 1 , 22.00 , 1.711 , 0.206 , 39.16 , 258.54
3414 , 16082 , 82.29 , -58.7 , 1 , 21.96 , 2.143 , 0.260 , 39.26 , 258.43
3424 , 16128 , 81.68 , -58.5 , 1 , 21.92 , 2.399 , 0.294 , 39.40 , 258.30
3434 , 16174 , 81.10 , -58.6 , 1 , 21.87 , 2.538 , 0.313 , 39.54 , 258.16
3444 , 16219 , 80.52 , -58.3 , 0 , 21.83 , 2.579 , 0.320 , 39.68 , 258.01
3454 , 16263 , 79.95 , -58.2 , 0 , 21.79 , 2.379 , 0.298 , 39.82 , 257.87
3464 , 16307 , 79.39 , -58.0 , 0 , 21.75 , 1.962 , 0.247 , 39.94 , 257.76
3474 , 16352 , 78.83 , -57.9 , 0 , 21.71 , 1.423 , 0.180 , 40.03 , 257.66
3484 , 16397 , 78.27 , -57.8 , 0 , 21.67 , 1.121 , 0.143 , 40.11 , 257.59
3494 , 16442 , 77.71 , -58.0 , 0 , 21.63 , 0.957 , 0.123 , 40.17 , 257.53
3504 , 16487 , 77.16 , -57.8 , 0 , 21.59 , 0.802 , 0.104 , 40.21 , 257.48
3514 , 16532 , 76.61 , -57.7 , 0 , 21.55 , 0.713 , 0.093 , 40.26 , 257.44
3524 , 16575 , 76.09 , -57.7 , 0 , 21.51 , 0.648 , 0.085 , 40.29 , 257.40
3534 , 16616 , 75.59 , -57.4 , 0 , 21.47 , 0.593 , 0.078 , 40.33 , 257.37
3544 , 16658 , 75.10 , -56.9 , 0 , 21.43 , 0.577 , 0.077 , 40.36 , 257.34
3554 , 16700 , 74.60 , -56.4 , 0 , 21.39 , 0.596 , 0.080 , 40.39 , 257.31
3564 , 16744 , 74.08 , -55.9 , 0 , 21.35 , 0.714 , 0.096 , 40.42 , 257.27
3574 , 16788 , 73.57 , -55.6 , 0 , 21.32 , 0.917 , 0.125 , 40.47 , 257.23
3584 , 16832 , 73.07 , -55.2 , 0 , 21.28 , 1.110 , 0.152 , 40.52 , 257.17
3592 , 16867 , 72.67 , -55.0 , 0 , 21.24 , 1.302 , 0.179 , 40.57 , 257.12
3614 , 16965 , 71.57 , -53.4 , 0 , 21.17 , 4.037 , 0.564 , 40.90 , 256.80
3620 , 16991 , 71.28 , -53.1 , 0 , 21.14 , 6.205 , 0.870 , 41.06 , 256.64
3630 , 17036 , 70.78 , -53.0 , 0 , 21.10 , 9.446 , 1.335 , 41.49 , 256.20
3640 , 17083 , 70.27 , -52.8 , 0 , 21.06 , 11.442 , 1.628 , 42.09 , 255.60
3650 , 17130 , 69.76 , -52.5 , 0 , 21.03 , 12.188 , 1.747 , 42.77 , 254.92
3659 , 17175 , 69.28 , -52.1 , 0 , 21.00 , 11.943 , 1.724 , 43.43 , 254.26
3669 , 17223 , 68.76 , -51.8 , 0 , 20.96 , 11.656 , 1.695 , 44.13 , 253.57
3679 , 17270 , 68.26 , -51.7 , 0 , 20.92 , 11.605 , 1.700 , 44.79 , 252.90
3689 , 17318 , 67.76 , -51.1 , 0 , 20.89 , 12.232 , 1.805 , 45.49 , 252.20
3699 , 17366 , 67.26 , -51.0 , 0 , 20.85 , 13.138 , 1.953 , 46.22 , 251.47
3709 , 17411 , 66.79 , -50.9 , 0 , 20.82 , 13.867 , 2.076 , 46.97 , 250.72
3719 , 17458 , 66.31 , -50.8 , 0 , 20.78 , 14.602 , 2.202 , 47.78 , 249.91
3729 , 17506 , 65.83 , -50.6 , 0 , 20.74 , 14.931 , 2.268 , 48.63 , 249.07
3739 , 17550 , 65.39 , -50.6 , 0 , 20.71 , 14.885 , 2.276 , 49.43 , 248.26
3749 , 17593 , 64.96 , -50.5 , 0 , 20.67 , 14.503 , 2.233 , 50.19 , 247.50
3759 , 17638 , 64.50 , -50.6 , 0 , 20.64 , 13.744 , 2.131 , 50.97 , 246.72
3768 , 17680 , 64.10 , -50.7 , 0 , 20.60 , 12.653 , 1.974 , 51.64 , 246.06
3778 , 17719 , 63.71 , -50.7 , 0 , 20.57 , 11.098 , 1.742 , 52.20 , 245.49
3788 , 17762 , 63.29 , -50.5 , 0 , 20.53 , 9.637 , 1.523 , 52.74 , 244.95
3798 , 17802 , 62.90 , -50.3 , 0 , 20.50 , 8.748 , 1.391 , 53.19 , 244.51
3808 , 17848 , 62.46 , -50.0 , 0 , 20.47 , 8.235 , 1.318 , 53.66 , 244.03
3818 , 17892 , 62.04 , -49.7 , 0 , 20.43 , 8.129 , 1.310 , 54.09 , 243.60
3828 , 17935 , 61.64 , -49.5 , 0 , 20.40 , 8.151 , 1.322 , 54.51 , 243.18
3838 , 17977 , 61.24 , -49.1 , 0 , 20.36 , 8.161 , 1.333 , 54.93 , 242.77
3848 , 18021 , 60.83 , -48.6 , 0 , 20.33 , 8.265 , 1.359 , 55.36 , 242.33
3858 , 18066 , 60.42 , -48.5 , 0 , 20.29 , 8.241 , 1.364 , 55.81 , 241.88
3868 , 18114 , 59.98 , -48.3 , 0 , 20.26 , 8.199 , 1.367 , 56.28 , 241.41
3878 , 18162 , 59.55 , -47.7 , 0 , 20.23 , 8.548 , 1.435 , 56.76 , 240.93
3888 , 18210 , 59.12 , -47.0 , 0 , 20.19 , 9.666 , 1.635 , 57.28 , 240.42
3898 , 18257 , 58.69 , -46.8 , 0 , 20.16 , 10.269 , 1.750 , 57.85 , 239.85
3908 , 18306 , 58.26 , -46.7 , 0 , 20.13 , 10.581 , 1.816 , 58.45 , 239.24
3918 , 18355 , 57.83 , -46.6 , 0 , 20.10 , 10.942 , 1.892 , 59.08 , 238.61
3928 , 18402 , 57.42 , -46.1 , 0 , 20.07 , 11.790 , 2.053 , 59.72 , 237.98
3938 , 18450 , 57.01 , -45.4 , 0 , 20.04 , 13.303 , 2.333 , 60.43 , 237.26
3948 , 18500 , 56.59 , -44.8 , 0 , 20.00 , 14.762 , 2.608 , 61.25 , 236.44
3958 , 18549 , 56.18 , -44.5 , 0 , 19.97 , 15.941 , 2.838 , 62.14 , 235.56
3967 , 18594 , 55.80 , -44.5 , 0 , 19.94 , 16.615 , 2.978 , 63.00 , 234.69
3976 , 18638 , 55.44 , -44.7 , 1 , 19.92 , 16.966 , 3.060 , 63.87 , 233.82
3986 , 18681 , 55.08 , -44.7 , 1 , 19.89 , 17.143 , 3.112 , 64.73 , 232.96
3996 , 18726 , 54.71 , -44.7 , 1 , 19.86 , 17.560 , 3.210 , 65.67 , 232.02
4006 , 18773 , 54.33 , -44.5 , 0 , 19.83 , 17.548 , 3.230 , 66.64 , 231.05
4016 , 18821 , 53.94 , -44.1 , 0 , 19.80 , 17.348 , 3.216 , 67.62 , 230.07
4026 , 18868 , 53.56 , -43.5 , 0 , 19.78 , 17.160 , 3.204 , 68.59 , 229.11
4036 , 18915 , 53.19 , -43.1 , 0 , 19.75 , 17.163 , 3.227 , 69.53 , 228.16
4046 , 18964 , 52.81 , -42.9 , 0 , 19.72 , 16.968 , 3.213 , 70.50 , 227.20
4056 , 19011 , 52.44 , -42.5 , 0 , 19.69 , 16.660 , 3.177 , 71.43 , 226.27
4066 , 19060 , 52.06 , -42.4 , 0 , 19.67 , 16.282 , 3.128 , 72.37 , 225.33
4076 , 19112 , 51.66 , -42.5 , 1 , 19.64 , 16.094 , 3.115 , 73.35 , 224.35
4086 , 19160 , 51.29 , -41.8 , 0 , 19.61 , 15.942 , 3.108 , 74.26 , 223.43
4096 , 19208 , 50.93 , -41.6 , 0 , 19.59 , 15.851 , 3.112 , 75.15 , 222.55
4106 , 19256 , 50.57 , -41.9 , 1 , 19.56 , 15.777 , 3.120 , 76.02 , 221.67
4116 , 19305 , 50.20 , -42.0 , 1 , 19.53 , 15.864 , 3.160 , 76.94 , 220.76
4126 , 19355 , 49.84 , -42.0 , 1 , 19.51 , 15.838 , 3.178 , 77.85 , 219.84
4136 , 19403 , 49.48 , -42.1 , 1 , 19.48 , 15.762 , 3.185 , 78.74 , 218.95
4145 , 19447 , 49.17 , -42.1 , 1 , 19.46 , 15.574 , 3.168 , 79.54 , 218.16
4155 , 19495 , 48.82 , -41.9 , 0 , 19.44 , 15.265 , 3.127 , 80.41 , 217.29
4165 , 19545 , 48.46 , -41.6 , 0 , 19.41 , 15.136 , 3.124 , 81.30 , 216.40
4175 , 19592 , 48.12 , -41.4 , 0 , 19.39 , 14.897 , 3.096 , 82.12 , 215.57
4185 , 19640 , 47.78 , -41.3 , 0 , 19.36 , 14.833 , 3.104 , 82.94 , 214.75
4195 , 19686 , 47.46 , -40.9 , 0 , 19.34 , 14.838 , 3.126 , 83.74 , 213.95
4205 , 19733 , 47.14 , -40.5 , 0 , 19.32 , 14.754 , 3.130 , 84.54 , 213.15
4215 , 19779 , 46.82 , -40.3 , 0 , 19.29 , 14.636 , 3.126 , 85.33 , 212.36
4225 , 19825 , 46.50 , -40.2 , 0 , 19.27 , 14.570 , 3.133 , 86.11 , 211.59
4235 , 19871 , 46.19 , -39.7 , 0 , 19.25 , 14.545 , 3.149 , 86.88 , 210.81
4245 , 19914 , 45.90 , -39.2 , 0 , 19.23 , 14.462 , 3.151 , 87.60 , 210.09
4255 , 19959 , 45.60 , -38.8 , 0 , 19.21 , 14.187 , 3.111 , 88.34 , 209.35
4265 , 20003 , 45.31 , -38.1 , 0 , 19.18 , 14.194 , 3.133 , 89.06 , 208.64
4274 , 20046 , 45.03 , -37.5 , 0 , 19.16 , 14.147 , 3.142 , 89.75 , 207.94
4284 , 20089 , 44.74 , -36.9 , 0 , 19.14 , 14.141 , 3.160 , 90.46 , 207.24
4294 , 20133 , 44.47 , -36.4 , 0 , 19.12 , 14.213 , 3.196 , 91.16 , 206.54
4304 , 20179 , 44.17 , -36.0 , 0 , 19.10 , 14.202 , 3.215 , 91.90 , 205.79
4314 , 20225 , 43.88 , -35.6 , 0 , 19.08 , 14.117 , 3.217 , 92.65 , 205.05
4324 , 20272 , 43.58 , -35.0 , 0 , 19.06 , 14.162 , 3.249 , 93.40 , 204.30
4334 , 20316 , 43.31 , -34.8 , 0 , 19.04 , 14.160 , 3.269 , 94.10 , 203.60
4344 , 20364 , 43.01 , -34.9 , 0 , 19.02 , 14.061 , 3.269 , 94.87 , 202.83
4354 , 20414 , 42.70 , -35.0 , 0 , 19.00 , 14.056 , 3.291 , 95.67 , 202.02
4364 , 20462 , 42.41 , -34.3 , 0 , 18.98 , 14.041 , 3.311 , 96.43 , 201.26
4374 , 20511 , 42.12 , -34.3 , 0 , 18.97 , 13.943 , 3.310 , 97.20 , 200.49
4384 , 20563 , 41.80 , -34.5 , 0 , 18.94 , 13.899 , 3.325 , 98.02 , 199.67
4394 , 20614 , 41.50 , -34.1 , 0 , 18.93 , 13.759 , 3.315 , 98.82 , 198.88
4404 , 20663 , 41.21 , -33.8 , 0 , 18.91 , 13.908 , 3.375 , 99.57 , 198.12
4414 , 20712 , 40.93 , -33.6 , 0 , 18.89 , 13.809 , 3.374 , 100.34 , 197.36
4424 , 20766 , 40.61 , -33.5 , 0 , 18.87 , 13.772 , 3.391 , 101.18 , 196.52
4434 , 20817 , 40.32 , -33.2 , 0 , 18.85 , 13.660 , 3.388 , 101.96 , 195.73
4444 , 20868 , 40.02 , -33.3 , 0 , 18.83 , 13.685 , 3.419 , 102.75 , 194.94
4454 , 20919 , 39.73 , -33.7 , 0 , 18.82 , 13.577 , 3.417 , 103.54 , 194.16
4464 , 20973 , 39.43 , -34.0 , 0 , 18.80 , 13.416 , 3.402 , 104.35 , 193.34
4474 , 21026 , 39.13 , -34.0 , 0 , 18.78 , 13.396 , 3.423 , 105.16 , 192.54
4484 , 21076 , 38.86 , -33.5 , 0 , 18.76 , 13.366 , 3.440 , 105.90 , 191.79
4494 , 21129 , 38.56 , -33.4 , 0 , 18.75 , 13.258 , 3.438 , 106.70 , 190.99
4504 , 21181 , 38.28 , -33.6 , 0 , 18.73 , 13.219 , 3.453 , 107.48 , 190.22
4514 , 21233 , 37.99 , -33.5 , 0 , 18.72 , 13.147 , 3.460 , 108.25 , 189.44
4524 , 21285 , 37.71 , -32.8 , 0 , 18.70 , 13.084 , 3.469 , 109.01 , 188.68
4534 , 21334 , 37.45 , -31.9 , 0 , 18.68 , 13.166 , 3.515 , 109.74 , 187.96
4544 , 21383 , 37.20 , -31.1 , 0 , 18.67 , 13.272 , 3.568 , 110.45 , 187.24
4554 , 21432 , 36.94 , -30.9 , 0 , 18.65 , 13.276 , 3.594 , 111.18 , 186.51
4564 , 21477 , 36.70 , -30.5 , 0 , 18.64 , 13.263 , 3.614 , 111.85 , 185.84
4574 , 21524 , 36.46 , -30.4 , 0 , 18.63 , 13.238 , 3.630 , 112.53 , 185.16
4584 , 21570 , 36.23 , -30.2 , 0 , 18.61 , 13.276 , 3.665 , 113.21 , 184.48
4593 , 21615 , 36.00 , -30.0 , 0 , 18.60 , 13.269 , 3.686 , 113.88 , 183.81
4603 , 21660 , 35.77 , -29.9 , 0 , 18.59 , 13.203 , 3.691 , 114.54 , 183.15
4613 , 21708 , 35.53 , -29.7 , 0 , 18.57 , 13.269 , 3.735 , 115.25 , 182.45
4623 , 21755 , 35.30 , -29.7 , 0 , 18.56 , 13.409 , 3.799 , 115.93 , 181.76
4633 , 21802 , 35.07 , -29.7 , 0 , 18.55 , 13.545 , 3.863 , 116.64 , 181.06
4643 , 21847 , 34.85 , -29.8 , 0 , 18.54 , 13.735 , 3.941 , 117.31 , 180.38
4653 , 21893 , 34.62 , -30.1 , 0 , 18.53 , 13.842 , 3.998 , 118.02 , 179.67
4663 , 21939 , 34.40 , -30.4 , 0 , 18.52 , 13.896 , 4.040 , 118.73 , 178.96
4673 , 21986 , 34.17 , -30.3 , 0 , 18.51 , 14.052 , 4.112 , 119.45 , 178.24
4683 , 22029 , 33.96 , -29.3 , 0 , 18.50 , 14.596 , 4.298 , 120.15 , 177.55
4693 , 22075 , 33.75 , -29.1 , 0 , 18.49 , 15.165 , 4.493 , 120.89 , 176.81
4703 , 22116 , 33.55 , -28.8 , 0 , 18.48 , 15.761 , 4.697 , 121.59 , 176.10
4713 , 22160 , 33.35 , -28.7 , 0 , 18.47 , 16.353 , 4.904 , 122.38 , 175.31
4723 , 22200 , 33.16 , -28.4 , 0 , 18.46 , 16.738 , 5.047 , 123.11 , 174.59
4733 , 22244 , 32.96 , -28.0 , 0 , 18.45 , 16.974 , 5.150 , 123.92 , 173.78
4743 , 22286 , 32.77 , -27.7 , 0 , 18.44 , 17.146 , 5.232 , 124.70 , 172.99
4753 , 22329 , 32.57 , -27.1 , 0 , 18.43 , 17.351 , 5.327 , 125.52 , 172.18
4763 , 22370 , 32.39 , -26.3 , 0 , 18.42 , 17.527 , 5.412 , 126.31 , 171.39
4773 , 22416 , 32.18 , -26.1 , 0 , 18.41 , 17.692 , 5.498 , 127.20 , 170.50
4783 , 22460 , 31.99 , -26.1 , 0 , 18.40 , 17.752 , 5.550 , 128.04 , 169.66
4793 , 22505 , 31.79 , -25.2 , 0 , 18.39 , 17.896 , 5.630 , 128.92 , 168.78
4803 , 22555 , 31.57 , -24.9 , 0 , 18.38 , 17.906 , 5.672 , 129.89 , 167.80
4813 , 22606 , 31.35 , -24.7 , 0 , 18.38 , 17.976 , 5.734 , 130.88 , 166.81
4823 , 22657 , 31.13 , -24.7 , 0 , 18.37 , 18.021 , 5.789 , 131.88 , 165.82
4832 , 22704 , 30.93 , -24.8 , 0 , 18.36 , 18.055 , 5.837 , 132.79 , 164.90
4842 , 22752 , 30.73 , -25.0 , 0 , 18.35 , 18.102 , 5.891 , 133.74 , 163.96
4852 , 22803 , 30.51 , -24.9 , 0 , 18.34 , 18.348 , 6.013 , 134.74 , 162.96
4862 , 22851 , 30.31 , -24.9 , 0 , 18.33 , 18.316 , 6.043 , 135.71 , 161.98
4872 , 22905 , 30.09 , -25.0 , 0 , 18.32 , 18.311 , 6.086 , 136.77 , 160.92
4882 , 22956 , 29.87 , -25.3 , 0 , 18.31 , 18.319 , 6.132 , 137.80 , 159.90
4891 , 23005 , 29.67 , -25.7 , 0 , 18.31 , 18.201 , 6.134 , 138.77 , 158.92
4901 , 23053 , 29.48 , -25.9 , 0 , 18.30 , 18.060 , 6.127 , 139.73 , 157.97
4911 , 23106 , 29.26 , -25.8 , 0 , 18.29 , 18.082 , 6.179 , 140.76 , 156.94
4921 , 23161 , 29.04 , -25.8 , 0 , 18.28 , 18.057 , 6.218 , 141.85 , 155.85
4931 , 23214 , 28.83 , -26.3 , 0 , 18.27 , 17.892 , 6.206 , 142.89 , 154.80
4941 , 23264 , 28.63 , -26.6 , 0 , 18.26 , 17.691 , 6.179 , 143.86 , 153.84
4951 , 23318 , 28.42 , -26.5 , 0 , 18.25 , 17.617 , 6.199 , 144.90 , 152.79
4961 , 23369 , 28.22 , -26.2 , 0 , 18.25 , 17.542 , 6.217 , 145.88 , 151.82
4971 , 23423 , 28.01 , -26.4 , 0 , 18.24 , 17.484 , 6.242 , 146.90 , 150.79
4980 , 23470 , 27.83 , -26.5 , 0 , 18.23 , 17.298 , 6.216 , 147.80 , 149.90
4990 , 23518 , 27.64 , -26.2 , 0 , 18.22 , 17.201 , 6.223 , 148.70 , 148.99
5000 , 23570 , 27.44 , -26.0 , 0 , 18.22 , 17.272 , 6.294 , 149.69 , 148.01
5010 , 23620 , 27.25 , -26.1 , 0 , 18.21 , 17.264 , 6.334 , 150.63 , 147.07
5020 , 23673 , 27.06 , -26.4 , 0 , 18.20 , 17.136 , 6.333 , 151.61 , 146.08
5030 , 23719 , 26.88 , -26.6 , 0 , 18.19 , 17.028 , 6.334 , 152.48 , 145.21
5040 , 23767 , 26.70 , -26.8 , 0 , 18.19 , 16.915 , 6.334 , 153.38 , 144.31
5050 , 23817 , 26.52 , -26.8 , 0 , 18.18 , 16.811 , 6.339 , 154.30 , 143.39
5060 , 23868 , 26.33 , -26.8 , 0 , 18.17 , 16.821 , 6.388 , 155.24 , 142.45
5070 , 23917 , 26.15 , -26.5 , 0 , 18.16 , 16.640 , 6.362 , 156.14 , 141.56
5080 , 23964 , 25.99 , -26.6 , 0 , 18.15 , 16.647 , 6.406 , 156.98 , 140.72
5090 , 24018 , 25.79 , -26.8 , 0 , 18.14 , 16.614 , 6.441 , 157.96 , 139.73
5100 , 24068 , 25.61 , -26.9 , 0 , 18.13 , 16.453 , 6.423 , 158.87 , 138.82
5110 , 24116 , 25.44 , -26.8 , 0 , 18.12 , 16.394 , 6.443 , 159.74 , 137.95
5120 , 24168 , 25.26 , -26.6 , 0 , 18.12 , 16.275 , 6.443 , 160.67 , 137.02
5130 , 24220 , 25.08 , -26.7 , 0 , 18.11 , 16.290 , 6.495 , 161.59 , 136.11
5140 , 24272 , 24.90 , -26.9 , 0 , 18.10 , 16.321 , 6.555 , 162.52 , 135.17
5150 , 24324 , 24.72 , -27.2 , 0 , 18.10 , 16.276 , 6.584 , 163.45 , 134.25
5160 , 24377 , 24.54 , -26.9 , 0 , 18.09 , 16.199 , 6.601 , 164.39 , 133.31
5170 , 24432 , 24.35 , -26.2 , 0 , 18.08 , 16.250 , 6.673 , 165.36 , 132.33
5180 , 24485 , 24.17 , -25.9 , 0 , 18.07 , 16.282 , 6.735 , 166.31 , 131.38
5190 , 24540 , 23.99 , -25.8 , 0 , 18.06 , 16.318 , 6.801 , 167.28 , 130.42
5199 , 24592 , 23.82 , -25.5 , 0 , 18.06 , 16.307 , 6.846 , 168.21 , 129.48
5208 , 24644 , 23.65 , -25.5 , 0 , 18.05 , 16.160 , 6.833 , 169.13 , 128.56
5218 , 24696 , 23.48 , -25.7 , 0 , 18.04 , 16.205 , 6.902 , 170.05 , 127.65
5228 , 24751 , 23.30 , -25.9 , 0 , 18.04 , 16.105 , 6.911 , 171.02 , 126.68
5238 , 24808 , 23.12 , -26.3 , 0 , 18.03 , 15.973 , 6.909 , 172.01 , 125.68
5248 , 24866 , 22.94 , -26.1 , 0 , 18.02 , 15.790 , 6.884 , 173.02 , 124.68
5258 , 24921 , 22.76 , -26.0 , 0 , 18.02 , 15.647 , 6.874 , 173.96 , 123.74
5268 , 24979 , 22.58 , -25.9 , 0 , 18.01 , 15.631 , 6.922 , 174.95 , 122.75
5278 , 25034 , 22.41 , -26.1 , 0 , 18.00 , 15.571 , 6.948 , 175.88 , 121.81
5288 , 25092 , 22.23 , -26.1 , 0 , 17.99 , 15.466 , 6.957 , 176.86 , 120.84
5298 , 25148 , 22.06 , -26.3 , 0 , 17.98 , 15.405 , 6.983 , 177.80 , 119.89
5308 , 25203 , 21.89 , -26.6 , 0 , 17.97 , 15.380 , 7.025 , 178.73 , 118.97
5317 , 25259 , 21.72 , -26.5 , 0 , 17.97 , 15.150 , 6.974 , 179.66 , 118.03
5327 , 25314 , 21.56 , -26.4 , 0 , 17.96 , 14.982 , 6.949 , 180.57 , 117.13
5337 , 25369 , 21.39 , -26.3 , 0 , 17.95 , 14.899 , 6.964 , 181.47 , 116.22
5347 , 25424 , 21.23 , -26.4 , 0 , 17.94 , 14.851 , 6.994 , 182.36 , 115.33
5357 , 25480 , 21.07 , -26.3 , 0 , 17.93 , 14.692 , 6.973 , 183.27 , 114.43
5367 , 25539 , 20.90 , -26.3 , 0 , 17.92 , 14.556 , 6.965 , 184.20 , 113.49
5377 , 25597 , 20.73 , -26.5 , 0 , 17.92 , 14.380 , 6.937 , 185.13 , 112.57
5387 , 25655 , 20.56 , -26.5 , 0 , 17.91 , 14.260 , 6.934 , 186.03 , 111.66
5397 , 25710 , 20.41 , -26.5 , 0 , 17.90 , 14.170 , 6.943 , 186.89 , 110.81
5407 , 25768 , 20.24 , -26.1 , 0 , 17.89 , 14.212 , 7.021 , 187.79 , 109.90
5417 , 25827 , 20.08 , -26.4 , 0 , 17.88 , 13.915 , 6.930 , 188.69 , 109.00
5427 , 25884 , 19.92 , -26.4 , 0 , 17.87 , 13.838 , 6.946 , 189.56 , 108.13
5437 , 25939 , 19.77 , -26.4 , 0 , 17.87 , 13.735 , 6.947 , 190.38 , 107.31
5447 , 25994 , 19.62 , -26.2 , 0 , 17.86 , 13.599 , 6.931 , 191.22 , 106.48
5457 , 26050 , 19.47 , -25.9 , 0 , 17.85 , 13.492 , 6.930 , 192.04 , 105.66
5467 , 26104 , 19.33 , -26.3 , 0 , 17.84 , 13.330 , 6.897 , 192.82 , 104.88
5477 , 26158 , 19.18 , -26.5 , 0 , 17.83 , 13.293 , 6.931 , 193.62 , 104.08
5487 , 26212 , 19.04 , -26.6 , 0 , 17.82 , 13.201 , 6.934 , 194.39 , 103.31
5496 , 26260 , 18.91 , -26.4 , 0 , 17.81 , 13.197 , 6.978 , 195.08 , 102.61
5505 , 26304 , 18.80 , -26.2 , 0 , 17.80 , 13.231 , 7.039 , 195.72 , 101.97
5515 , 26351 , 18.68 , -26.1 , 0 , 17.80 , 13.162 , 7.048 , 196.40 , 101.30
5525 , 26397 , 18.56 , -25.7 , 0 , 17.79 , 13.133 , 7.077 , 197.06 , 100.64
5535 , 26446 , 18.43 , -25.7 , 0 , 17.78 , 13.426 , 7.285 , 197.77 , 99.92
5545 , 26490 , 18.32 , -25.9 , 0 , 17.77 , 13.600 , 7.424 , 198.42 , 99.28
5555 , 26538 , 18.20 , -26.0 , 0 , 17.76 , 13.783 , 7.574 , 199.13 , 98.56
5565 , 26583 , 18.09 , -26.3 , 0 , 17.75 , 13.743 , 7.599 , 199.81 , 97.88
5575 , 26633 , 17.96 , -26.6 , 0 , 17.74 , 13.692 , 7.623 , 200.56 , 97.14
5585 , 26677 , 17.85 , -26.6 , 0 , 17.73 , 13.585 , 7.610 , 201.22 , 96.48
5595 , 26719 , 17.75 , -26.5 , 0 , 17.72 , 13.573 , 7.648 , 201.84 , 95.85
5605 , 26765 , 17.64 , -26.7 , 0 , 17.71 , 13.485 , 7.646 , 202.52 , 95.17
5615 , 26814 , 17.52 , -26.2 , 0 , 17.70 , 13.432 , 7.668 , 203.23 , 94.46
5625 , 26863 , 17.40 , -26.0 , 0 , 17.69 , 13.360 , 7.679 , 203.96 , 93.74
5635 , 26907 , 17.29 , -25.8 , 0 , 17.68 , 13.370 , 7.731 , 204.60 , 93.10
5645 , 26961 , 17.17 , -25.2 , 0 , 17.67 , 13.177 , 7.677 , 205.37 , 92.32
5655 , 27008 , 17.05 , -25.1 , 0 , 17.66 , 12.813 , 7.514 , 206.04 , 91.65
5665 , 27060 , 16.93 , -24.8 , 0 , 17.65 , 12.523 , 7.395 , 206.75 , 90.94
5675 , 27110 , 16.82 , -24.8 , 0 , 17.65 , 12.407 , 7.377 , 207.43 , 90.27
5685 , 27160 , 16.70 , -24.9 , 0 , 17.63 , 12.296 , 7.363 , 208.11 , 89.59
5694 , 27211 , 16.58 , -25.1 , 0 , 17.63 , 12.389 , 7.470 , 208.78 , 88.91
5704 , 27260 , 16.47 , -25.4 , 0 , 17.62 , 12.335 , 7.488 , 209.44 , 88.25
5714 , 27319 , 16.34 , -25.7 , 0 , 17.61 , 12.236 , 7.488 , 210.23 , 87.47
5724 , 27368 , 16.23 , -25.8 , 0 , 17.60 , 12.107 , 7.459 , 210.88 , 86.82
5734 , 27423 , 16.11 , -25.4 , 0 , 17.59 , 11.796 , 7.323 , 211.59 , 86.10
5744 , 27476 , 15.99 , -25.4 , 0 , 17.58 , 11.516 , 7.202 , 212.27 , 85.43
5754 , 27534 , 15.86 , -25.5 , 0 , 17.58 , 11.261 , 7.100 , 212.99 , 84.70
5764 , 27585 , 15.75 , -25.7 , 0 , 17.57 , 11.146 , 7.077 , 213.61 , 84.09
5774 , 27633 , 15.65 , -26.0 , 0 , 17.56 , 10.991 , 7.025 , 214.19 , 83.50
5784 , 27684 , 15.54 , -26.0 , 0 , 17.55 , 10.935 , 7.039 , 214.81 , 82.89
5794 , 27735 , 15.43 , -26.1 , 0 , 17.54 , 10.866 , 7.043 , 215.40 , 82.29
5804 , 27785 , 15.32 , -25.9 , 0 , 17.53 , 10.868 , 7.093 , 216.00 , 81.69
5813 , 27826 , 15.23 , -25.3 , 0 , 17.52 , 10.879 , 7.141 , 216.49 , 81.21
5822 , 27876 , 15.13 , -24.7 , 0 , 17.51 , 11.009 , 7.276 , 217.08 , 80.61
5832 , 27916 , 15.05 , -24.6 , 0 , 17.50 , 11.184 , 7.433 , 217.57 , 80.13
5842 , 27963 , 14.95 , -24.9 , 0 , 17.49 , 11.356 , 7.597 , 218.14 , 79.55
5852 , 28011 , 14.85 , -24.9 , 0 , 17.48 , 11.514 , 7.753 , 218.74 , 78.96
5862 , 28057 , 14.76 , -24.9 , 0 , 17.47 , 11.592 , 7.855 , 219.31 , 78.38
5872 , 28095 , 14.68 , -25.0 , 0 , 17.47 , 11.487 , 7.825 , 219.79 , 77.90
5882 , 28141 , 14.59 , -25.2 , 0 , 17.45 , 11.387 , 7.806 , 220.36 , 77.34
5892 , 28186 , 14.50 , -25.3 , 0 , 17.45 , 11.311 , 7.802 , 220.92 , 76.78
5902 , 28232 , 14.41 , -25.3 , 0 , 17.43 , 11.353 , 7.880 , 221.48 , 76.22
5912 , 28274 , 14.32 , -25.1 , 0 , 17.42 , 11.170 , 7.798 , 221.99 , 75.70
5922 , 28316 , 14.24 , -25.0 , 0 , 17.42 , 11.018 , 7.737 , 222.51 , 75.19
5932 , 28361 , 14.15 , -24.9 , 0 , 17.41 , 10.795 , 7.627 , 223.03 , 74.67
5942 , 28405 , 14.07 , -24.9 , 0 , 17.40 , 10.658 , 7.577 , 223.55 , 74.15
5952 , 28453 , 13.98 , -25.1 , 0 , 17.39 , 10.466 , 7.489 , 224.09 , 73.60
5962 , 28498 , 13.89 , -25.1 , 0 , 17.38 , 10.251 , 7.381 , 224.61 , 73.09
5972 , 28542 , 13.81 , -24.6 , 0 , 17.37 , 10.097 , 7.313 , 225.09 , 72.61
5982 , 28591 , 13.71 , -23.9 , 0 , 17.36 , 9.917 , 7.232 , 225.62 , 72.07
5992 , 28633 , 13.63 , -23.5 , 0 , 17.35 , 9.676 , 7.097 , 226.06 , 71.63
6002 , 28681 , 13.54 , -23.3 , 0 , 17.34 , 9.562 , 7.059 , 226.56 , 71.13
6012 , 28725 , 13.46 , -23.4 , 0 , 17.33 , 9.481 , 7.042 , 227.01 , 70.68
6022 , 28773 , 13.37 , -23.4 , 0 , 17.33 , 9.445 , 7.062 , 227.51 , 70.19
6032 , 28827 , 13.28 , -23.4 , 0 , 17.32 , 9.462 , 7.127 , 228.06 , 69.64
6042 , 28877 , 13.19 , -23.3 , 0 , 17.31 , 9.515 , 7.216 , 228.57 , 69.13
6052 , 28927 , 13.10 , -23.4 , 0 , 17.30 , 9.479 , 7.239 , 229.09 , 68.61
6062 , 28978 , 13.00 , -23.1 , 0 , 17.29 , 9.398 , 7.227 , 229.60 , 68.09
6071 , 29029 , 12.91 , -22.8 , 0 , 17.28 , 9.289 , 7.192 , 230.11 , 67.58
6081 , 29081 , 12.82 , -22.9 , 0 , 17.27 , 9.152 , 7.136 , 230.63 , 67.07
6091 , 29132 , 12.73 , -23.2 , 0 , 17.12 , 9.128 , 7.168 , 231.13 , 66.56
6101 , 29190 , 12.63 , -23.5 , 0 , 16.81 , 8.924 , 7.064 , 231.70 , 65.99
6111 , 29245 , 12.54 , -23.4 , 0 , 16.63 , 8.770 , 6.994 , 232.22 , 65.47
6120 , 29299 , 12.45 , -23.4 , 0 , 16.58 , 8.679 , 6.973 , 232.73 , 64.96
6130 , 29358 , 12.35 , -23.6 , 0 , 16.56 , 8.568 , 6.939 , 233.28 , 64.41
6140 , 29414 , 12.25 , -24.1 , 0 , 16.52 , 8.528 , 6.960 , 233.80 , 63.90
6150 , 29469 , 12.16 , -24.3 , 0 , 16.54 , 8.470 , 6.965 , 234.31 , 63.39
6160 , 29531 , 12.06 , -24.3 , 0 , 16.69 , 8.364 , 6.936 , 234.87 , 62.83
6170 , 29588 , 11.96 , -24.4 , 0 , 16.83 , 8.278 , 6.920 , 235.39 , 62.31
6179 , 29642 , 11.88 , -24.4 , 0 , 16.90 , 8.198 , 6.904 , 235.87 , 61.83
6189 , 29697 , 11.79 , -24.3 , 0 , 16.95 , 8.155 , 6.919 , 236.35 , 61.34
6199 , 29755 , 11.69 , -24.3 , 0 , 16.99 , 8.124 , 6.949 , 236.87 , 60.83
6209 , 29810 , 11.60 , -24.6 , 0 , 17.01 , 8.039 , 6.928 , 237.35 , 60.34
6219 , 29865 , 11.52 , -24.9 , 0 , 17.01 , 7.921 , 6.878 , 237.83 , 59.87
6229 , 29915 , 11.44 , -24.6 , 0 , 17.01 , 7.850 , 6.863 , 238.25 , 59.44
6239 , 29974 , 11.35 , -24.6 , 0 , 17.00 , 7.882 , 6.946 , 238.75 , 58.94
6249 , 30026 , 11.27 , -24.7 , 0 , 16.98 , 7.906 , 7.018 , 239.20 , 58.50
6259 , 30082 , 11.18 , -24.9 , 0 , 16.97 , 7.931 , 7.095 , 239.68 , 58.02
6269 , 30133 , 11.10 , -24.4 , 0 , 16.94 , 7.849 , 7.071 , 240.11 , 57.58
6279 , 30188 , 11.02 , -23.9 , 0 , 16.92 , 7.700 , 6.989 , 240.58 , 57.12
6289 , 30240 , 10.94 , -23.8 , 0 , 16.90 , 7.673 , 7.014 , 241.01 , 56.68
6299 , 30286 , 10.87 , -24.2 , 0 , 16.88 , 7.635 , 7.024 , 241.39 , 56.30
6309 , 30341 , 10.79 , -24.4 , 0 , 16.85 , 7.580 , 7.026 , 241.85 , 55.85
6319 , 30387 , 10.72 , -24.1 , 0 , 16.83 , 7.546 , 7.039 , 242.22 , 55.47
6329 , 30438 , 10.65 , -23.4 , 0 , 16.80 , 7.467 , 7.014 , 242.63 , 55.06
6339 , 30486 , 10.58 , -22.8 , 0 , 16.78 , 7.363 , 6.963 , 243.02 , 54.67
6349 , 30533 , 10.51 , -23.0 , 0 , 16.75 , 7.265 , 6.913 , 243.39 , 54.31
6359 , 30580 , 10.44 , -23.3 , 0 , 16.73 , 7.213 , 6.908 , 243.75 , 53.94
6369 , 30628 , 10.37 , -23.4 , 0 , 16.70 , 7.110 , 6.854 , 244.12 , 53.57
6379 , 30676 , 10.30 , -23.6 , 0 , 16.68 , 7.006 , 6.799 , 244.50 , 53.20
6389 , 30723 , 10.24 , -23.6 , 0 , 16.65 , 6.896 , 6.735 , 244.85 , 52.85
6399 , 30770 , 10.17 , -23.0 , 0 , 16.63 , 6.798 , 6.682 , 245.19 , 52.50
6408 , 30820 , 10.10 , -22.7 , 0 , 16.60 , 6.795 , 6.726 , 245.56 , 52.13
6418 , 30865 , 10.04 , -22.6 , 0 , 16.58 , 6.757 , 6.729 , 245.89 , 51.80
6428 , 30913 , 9.98 , -22.4 , 0 , 16.55 , 6.786 , 6.801 , 246.24 , 51.46
6438 , 30960 , 9.91 , -22.2 , 0 , 16.52 , 6.778 , 6.837 , 246.58 , 51.11
6447 , 31009 , 9.85 , -21.9 , 0 , 16.50 , 6.767 , 6.871 , 246.93 , 50.76
6457 , 31044 , 9.80 , -21.6 , 0 , 16.47 , 6.698 , 6.834 , 247.19 , 50.51
6467 , 31099 , 9.73 , -21.7 , 0 , 16.45 , 6.612 , 6.797 , 247.58 , 50.11
6477 , 31134 , 9.68 , -21.4 , 0 , 16.42 , 6.519 , 6.733 , 247.83 , 49.87
6487 , 31183 , 9.62 , -21.5 , 0 , 16.39 , 6.438 , 6.695 , 248.17 , 49.53
6497 , 31229 , 9.56 , -21.5 , 0 , 16.37 , 6.376 , 6.671 , 248.49 , 49.21
6507 , 31272 , 9.50 , -21.8 , 0 , 16.34 , 6.342 , 6.674 , 248.78 , 48.92
6517 , 31317 , 9.44 , -22.1 , 0 , 16.32 , 6.244 , 6.612 , 249.08 , 48.61
6527 , 31373 , 9.37 , -22.0 , 0 , 16.29 , 6.139 , 6.551 , 249.46 , 48.24
6537 , 31409 , 9.33 , -21.7 , 0 , 16.27 , 6.083 , 6.522 , 249.69 , 48.00
