# ------------------------------------------------------------
#
# Flight name: V4411
# Station: Davis
# Launch Date: 25 November 2011
# Launch Time: 11:23:54
# 
# This file created: Thu Dec 01 09:57:12 2011
# 
# 
# ------------------------------------------------------------
# DATA COLUMNS
# Time (s)
# Height (m)
# Atmospheric Pressure (hPa)
# Atmospheric Temperature (°C)
# Relative Humidity (%)
# Box Temperature (°C)
# Ozone Partial Pressure (mPa)
# Ozone Mixing Ratio (ppmV)
# Accumulated Ozone to this Height (Dobson Units)
# Remaining Ozone above this Height (Dobson Units)
# 
# ------------------------------------------------------------
# 
# Integrated Ozone = 264.1 DU
# Extrapolated Ozone =  42.5 DU
# 
# Total Ozone = 306.6 DU
# 
# 
# ------------------------------------------------------------
1 , 18 , 985.01 , -2.7 , 54 , 38.07 , 2.945 , 0.030 , 0.00 , 306.60
9 , 59 , 979.80 , -3.5 , 49 , 38.03 , 3.098 , 0.032 , 0.13 , 306.48
19 , 102 , 974.54 , -3.9 , 50 , 37.95 , 2.994 , 0.031 , 0.26 , 306.35
29 , 145 , 969.28 , -4.3 , 50 , 37.90 , 2.935 , 0.030 , 0.38 , 306.22
39 , 187 , 964.05 , -4.7 , 52 , 37.85 , 2.911 , 0.030 , 0.51 , 306.10
49 , 233 , 958.40 , -5.1 , 54 , 37.81 , 2.907 , 0.030 , 0.64 , 305.96
59 , 276 , 953.16 , -5.4 , 52 , 37.76 , 2.918 , 0.031 , 0.77 , 305.83
69 , 321 , 947.78 , -5.7 , 50 , 37.65 , 2.861 , 0.030 , 0.90 , 305.71
79 , 360 , 943.05 , -5.8 , 49 , 37.52 , 2.824 , 0.030 , 1.01 , 305.59
89 , 403 , 937.92 , -6.0 , 51 , 37.38 , 2.743 , 0.029 , 1.13 , 305.47
99 , 453 , 931.95 , -6.5 , 53 , 37.25 , 2.713 , 0.029 , 1.27 , 305.34
109 , 507 , 925.52 , -6.9 , 54 , 37.08 , 2.709 , 0.029 , 1.42 , 305.19
119 , 552 , 920.19 , -7.3 , 57 , 36.95 , 2.734 , 0.030 , 1.54 , 305.06
129 , 597 , 914.83 , -7.7 , 59 , 36.82 , 2.737 , 0.030 , 1.67 , 304.94
139 , 642 , 909.55 , -8.2 , 62 , 36.70 , 2.741 , 0.030 , 1.79 , 304.81
149 , 691 , 903.82 , -8.6 , 65 , 36.57 , 2.734 , 0.030 , 1.93 , 304.68
159 , 745 , 897.61 , -8.8 , 68 , 36.43 , 2.729 , 0.030 , 2.08 , 304.53
169 , 801 , 891.04 , -9.2 , 68 , 36.36 , 2.704 , 0.030 , 2.23 , 304.37
178 , 848 , 885.74 , -9.5 , 68 , 36.29 , 2.689 , 0.030 , 2.36 , 304.24
188 , 898 , 879.97 , -9.6 , 63 , 36.20 , 2.665 , 0.030 , 2.50 , 304.10
198 , 955 , 873.51 , -10.0 , 60 , 36.07 , 2.630 , 0.030 , 2.65 , 303.95
208 , 1009 , 867.35 , -10.4 , 60 , 35.95 , 2.620 , 0.030 , 2.80 , 303.80
218 , 1063 , 861.28 , -10.9 , 60 , 35.79 , 2.590 , 0.030 , 2.94 , 303.66
228 , 1112 , 855.86 , -11.4 , 60 , 35.63 , 2.593 , 0.030 , 3.07 , 303.53
238 , 1164 , 850.08 , -11.8 , 60 , 35.53 , 2.570 , 0.030 , 3.21 , 303.39
248 , 1214 , 844.56 , -12.1 , 49 , 35.45 , 2.549 , 0.030 , 3.34 , 303.26
258 , 1261 , 839.39 , -12.3 , 40 , 35.38 , 2.489 , 0.030 , 3.46 , 303.14
268 , 1307 , 834.26 , -12.6 , 40 , 35.29 , 2.444 , 0.029 , 3.58 , 303.02
278 , 1351 , 829.49 , -12.8 , 34 , 35.20 , 2.420 , 0.029 , 3.69 , 302.91
288 , 1395 , 824.75 , -12.4 , 28 , 35.13 , 2.375 , 0.029 , 3.80 , 302.80
298 , 1438 , 820.07 , -11.4 , 20 , 35.01 , 2.345 , 0.029 , 3.91 , 302.70
308 , 1487 , 814.83 , -11.4 , 19 , 34.92 , 2.299 , 0.028 , 4.03 , 302.58
317 , 1532 , 810.06 , -11.5 , 19 , 34.90 , 2.293 , 0.028 , 4.13 , 302.47
327 , 1579 , 805.09 , -11.8 , 19 , 34.84 , 2.286 , 0.028 , 4.24 , 302.36
337 , 1632 , 799.62 , -12.2 , 19 , 34.78 , 2.245 , 0.028 , 4.36 , 302.24
347 , 1673 , 795.32 , -12.1 , 17 , 34.72 , 2.292 , 0.029 , 4.46 , 302.14
357 , 1713 , 791.19 , -12.1 , 16 , 34.65 , 2.249 , 0.028 , 4.55 , 302.05
367 , 1757 , 786.57 , -12.3 , 15 , 34.54 , 2.255 , 0.029 , 4.66 , 301.94
377 , 1805 , 781.70 , -12.2 , 14 , 34.40 , 2.267 , 0.029 , 4.77 , 301.83
387 , 1846 , 777.52 , -12.3 , 16 , 34.30 , 2.244 , 0.029 , 4.86 , 301.74
397 , 1883 , 773.69 , -12.6 , 18 , 34.26 , 2.145 , 0.028 , 4.95 , 301.65
407 , 1924 , 769.61 , -13.0 , 19 , 34.25 , 2.062 , 0.027 , 5.04 , 301.56
417 , 1966 , 765.33 , -13.4 , 22 , 34.20 , 2.012 , 0.026 , 5.13 , 301.48
426 , 2011 , 760.83 , -13.8 , 30 , 34.12 , 2.025 , 0.027 , 5.22 , 301.38
437 , 2049 , 757.00 , -14.0 , 52 , 34.03 , 2.015 , 0.027 , 5.30 , 301.30
447 , 2092 , 752.73 , -13.7 , 72 , 33.96 , 2.085 , 0.028 , 5.39 , 301.21
457 , 2137 , 748.32 , -13.8 , 73 , 33.88 , 2.184 , 0.029 , 5.49 , 301.11
467 , 2175 , 744.57 , -14.1 , 72 , 33.77 , 2.271 , 0.031 , 5.58 , 301.02
477 , 2212 , 740.95 , -14.3 , 69 , 33.71 , 2.289 , 0.031 , 5.67 , 300.93
487 , 2260 , 736.31 , -14.6 , 70 , 33.69 , 2.236 , 0.030 , 5.78 , 300.82
497 , 2300 , 732.38 , -14.7 , 65 , 33.65 , 2.183 , 0.030 , 5.87 , 300.73
506 , 2338 , 728.74 , -15.0 , 63 , 33.64 , 2.133 , 0.029 , 5.96 , 300.64
516 , 2375 , 725.19 , -15.3 , 58 , 33.62 , 2.107 , 0.029 , 6.04 , 300.56
526 , 2412 , 721.66 , -15.5 , 55 , 33.60 , 2.079 , 0.029 , 6.12 , 300.48
536 , 2451 , 717.89 , -15.6 , 57 , 33.56 , 2.077 , 0.029 , 6.21 , 300.40
546 , 2494 , 713.84 , -15.9 , 63 , 33.53 , 2.058 , 0.029 , 6.30 , 300.30
556 , 2541 , 709.40 , -16.1 , 64 , 33.49 , 2.073 , 0.029 , 6.40 , 300.20
566 , 2591 , 704.73 , -16.4 , 60 , 33.45 , 2.088 , 0.030 , 6.51 , 300.09
576 , 2645 , 699.67 , -16.7 , 46 , 33.38 , 2.082 , 0.030 , 6.63 , 299.97
586 , 2689 , 695.59 , -17.1 , 39 , 33.30 , 2.094 , 0.030 , 6.72 , 299.88
596 , 2730 , 691.79 , -17.4 , 40 , 33.21 , 2.116 , 0.031 , 6.82 , 299.79
605 , 2774 , 687.71 , -17.8 , 28 , 33.20 , 2.110 , 0.031 , 6.91 , 299.69
615 , 2816 , 683.85 , -18.0 , 27 , 33.13 , 2.103 , 0.031 , 7.01 , 299.59
625 , 2854 , 680.33 , -18.3 , 46 , 33.09 , 2.067 , 0.030 , 7.09 , 299.51
635 , 2894 , 676.72 , -18.5 , 56 , 33.09 , 2.077 , 0.031 , 7.18 , 299.42
644 , 2940 , 672.59 , -18.5 , 51 , 33.08 , 2.108 , 0.031 , 7.28 , 299.32
655 , 2991 , 668.01 , -18.7 , 36 , 33.01 , 2.116 , 0.032 , 7.39 , 299.21
664 , 3036 , 663.93 , -19.0 , 36 , 32.95 , 2.144 , 0.032 , 7.50 , 299.11
675 , 3083 , 659.78 , -19.4 , 53 , 32.88 , 2.158 , 0.033 , 7.60 , 299.00
685 , 3128 , 655.79 , -19.6 , 57 , 32.81 , 2.168 , 0.033 , 7.71 , 298.90
695 , 3169 , 652.14 , -19.7 , 41 , 32.78 , 2.176 , 0.033 , 7.80 , 298.80
704 , 3210 , 648.57 , -20.1 , 42 , 32.77 , 2.174 , 0.034 , 7.90 , 298.71
714 , 3262 , 644.01 , -20.6 , 45 , 32.73 , 2.182 , 0.034 , 8.02 , 298.58
724 , 3314 , 639.51 , -21.1 , 48 , 32.62 , 2.177 , 0.034 , 8.14 , 298.46
734 , 3358 , 635.75 , -21.4 , 55 , 32.57 , 2.187 , 0.034 , 8.24 , 298.36
744 , 3398 , 632.27 , -21.6 , 62 , 32.54 , 2.159 , 0.034 , 8.34 , 298.27
754 , 3439 , 628.79 , -21.9 , 68 , 32.52 , 2.130 , 0.034 , 8.43 , 298.17
764 , 3481 , 625.14 , -22.2 , 71 , 32.50 , 2.153 , 0.034 , 8.53 , 298.08
774 , 3524 , 621.53 , -22.4 , 72 , 32.45 , 2.148 , 0.035 , 8.63 , 297.98
784 , 3570 , 617.68 , -22.7 , 73 , 32.43 , 2.157 , 0.035 , 8.73 , 297.87
794 , 3614 , 613.97 , -23.0 , 75 , 32.39 , 2.187 , 0.036 , 8.83 , 297.77
804 , 3657 , 610.36 , -23.3 , 75 , 32.36 , 2.211 , 0.036 , 8.94 , 297.67
814 , 3705 , 606.40 , -23.5 , 77 , 32.33 , 2.229 , 0.037 , 9.05 , 297.55
823 , 3747 , 602.92 , -23.6 , 77 , 32.26 , 2.249 , 0.037 , 9.15 , 297.45
833 , 3787 , 599.60 , -23.7 , 74 , 32.21 , 2.230 , 0.037 , 9.25 , 297.35
843 , 3831 , 596.01 , -23.9 , 71 , 32.16 , 2.228 , 0.037 , 9.36 , 297.25
853 , 3875 , 592.40 , -24.1 , 71 , 32.12 , 2.222 , 0.038 , 9.46 , 297.14
863 , 3925 , 588.35 , -24.4 , 73 , 32.08 , 2.242 , 0.038 , 9.58 , 297.02
873 , 3980 , 583.92 , -24.8 , 76 , 31.99 , 2.237 , 0.038 , 9.72 , 296.89
883 , 4027 , 580.13 , -25.0 , 77 , 31.92 , 2.218 , 0.038 , 9.83 , 296.77
893 , 4073 , 576.51 , -25.1 , 74 , 31.87 , 2.177 , 0.038 , 9.94 , 296.66
903 , 4117 , 573.00 , -25.4 , 74 , 31.83 , 2.131 , 0.037 , 10.04 , 296.56
913 , 4163 , 569.37 , -25.7 , 75 , 31.77 , 2.103 , 0.037 , 10.15 , 296.45
923 , 4218 , 565.06 , -26.1 , 74 , 31.71 , 2.082 , 0.037 , 10.28 , 296.33
933 , 4280 , 560.28 , -26.6 , 74 , 31.64 , 2.028 , 0.036 , 10.41 , 296.19
943 , 4332 , 556.28 , -27.0 , 73 , 31.53 , 1.991 , 0.036 , 10.53 , 296.08
953 , 4377 , 552.74 , -27.3 , 71 , 31.48 , 1.987 , 0.036 , 10.63 , 295.98
963 , 4423 , 549.24 , -27.7 , 72 , 31.47 , 1.964 , 0.036 , 10.73 , 295.88
973 , 4472 , 545.54 , -27.9 , 72 , 31.44 , 1.920 , 0.035 , 10.83 , 295.77
983 , 4519 , 541.92 , -28.3 , 71 , 31.41 , 1.870 , 0.035 , 10.93 , 295.67
993 , 4569 , 538.20 , -28.6 , 70 , 31.37 , 1.881 , 0.035 , 11.03 , 295.57
1003 , 4624 , 534.05 , -29.0 , 71 , 31.32 , 1.888 , 0.035 , 11.15 , 295.46
1013 , 4671 , 530.56 , -29.2 , 70 , 31.27 , 1.870 , 0.035 , 11.24 , 295.36
1023 , 4725 , 526.60 , -29.5 , 68 , 31.20 , 1.874 , 0.036 , 11.35 , 295.25
1033 , 4779 , 522.58 , -29.7 , 66 , 31.14 , 1.805 , 0.035 , 11.47 , 295.14
1043 , 4829 , 518.93 , -30.0 , 66 , 31.09 , 1.772 , 0.034 , 11.56 , 295.04
1053 , 4872 , 515.78 , -30.3 , 66 , 31.01 , 1.836 , 0.036 , 11.65 , 294.95
1063 , 4929 , 511.69 , -30.7 , 65 , 30.94 , 1.912 , 0.037 , 11.77 , 294.83
1073 , 4991 , 507.21 , -31.2 , 64 , 30.86 , 2.005 , 0.040 , 11.90 , 294.70
1083 , 5037 , 503.94 , -31.5 , 63 , 30.81 , 2.082 , 0.041 , 12.01 , 294.59
1093 , 5086 , 500.47 , -31.8 , 63 , 30.78 , 2.106 , 0.042 , 12.12 , 294.48
1103 , 5137 , 496.87 , -32.1 , 60 , 30.72 , 2.152 , 0.043 , 12.24 , 294.36
1112 , 5187 , 493.35 , -32.6 , 59 , 30.65 , 2.149 , 0.044 , 12.36 , 294.24
1122 , 5232 , 490.24 , -32.7 , 59 , 30.60 , 2.225 , 0.045 , 12.47 , 294.13
1131 , 5275 , 487.26 , -33.1 , 59 , 30.57 , 2.212 , 0.045 , 12.58 , 294.02
1140 , 5313 , 484.58 , -33.3 , 58 , 30.55 , 2.165 , 0.045 , 12.68 , 293.93
1150 , 5355 , 481.67 , -33.7 , 58 , 30.52 , 2.181 , 0.045 , 12.78 , 293.82
1160 , 5403 , 478.43 , -34.0 , 59 , 30.48 , 2.140 , 0.045 , 12.89 , 293.71
1170 , 5452 , 475.08 , -34.4 , 59 , 30.45 , 2.134 , 0.045 , 13.01 , 293.59
1180 , 5504 , 471.52 , -34.9 , 60 , 30.39 , 2.120 , 0.045 , 13.14 , 293.46
1190 , 5558 , 467.89 , -35.4 , 61 , 30.33 , 2.143 , 0.046 , 13.27 , 293.33
1200 , 5613 , 464.25 , -35.8 , 61 , 30.28 , 2.123 , 0.046 , 13.40 , 293.20
1210 , 5669 , 460.47 , -36.3 , 59 , 30.23 , 2.117 , 0.046 , 13.54 , 293.07
1220 , 5723 , 456.92 , -36.7 , 59 , 30.16 , 2.139 , 0.047 , 13.67 , 292.94
1230 , 5773 , 453.61 , -37.0 , 59 , 30.09 , 2.118 , 0.047 , 13.79 , 292.81
1240 , 5824 , 450.28 , -37.5 , 59 , 30.04 , 2.109 , 0.047 , 13.91 , 292.69
1250 , 5877 , 446.86 , -37.9 , 59 , 30.03 , 2.122 , 0.047 , 14.04 , 292.56
1260 , 5931 , 443.37 , -37.9 , 60 , 30.01 , 2.170 , 0.049 , 14.17 , 292.43
1270 , 5981 , 440.13 , -37.8 , 60 , 29.98 , 2.172 , 0.049 , 14.30 , 292.30
1280 , 6032 , 436.92 , -38.2 , 59 , 29.95 , 2.100 , 0.048 , 14.42 , 292.18
1290 , 6087 , 433.41 , -38.6 , 57 , 29.90 , 2.067 , 0.048 , 14.55 , 292.05
1300 , 6137 , 430.25 , -39.0 , 55 , 29.86 , 2.024 , 0.047 , 14.67 , 291.93
1310 , 6189 , 427.01 , -39.4 , 51 , 29.84 , 2.003 , 0.047 , 14.79 , 291.81
1320 , 6239 , 423.89 , -39.5 , 48 , 29.82 , 1.911 , 0.045 , 14.91 , 291.70
1330 , 6288 , 420.85 , -39.9 , 46 , 29.80 , 1.807 , 0.043 , 15.01 , 291.59
1340 , 6340 , 417.67 , -40.1 , 44 , 29.76 , 1.774 , 0.042 , 15.12 , 291.48
1350 , 6392 , 414.49 , -40.6 , 43 , 29.70 , 1.756 , 0.042 , 15.23 , 291.38
1360 , 6438 , 411.68 , -41.0 , 45 , 29.64 , 1.765 , 0.043 , 15.32 , 291.28
1370 , 6485 , 408.85 , -41.3 , 48 , 29.61 , 1.751 , 0.043 , 15.42 , 291.19
1380 , 6535 , 405.85 , -41.6 , 50 , 29.59 , 1.813 , 0.045 , 15.52 , 291.08
1390 , 6595 , 402.31 , -42.0 , 48 , 29.53 , 1.859 , 0.046 , 15.65 , 290.96
1400 , 6644 , 399.37 , -42.5 , 48 , 29.48 , 1.893 , 0.047 , 15.75 , 290.85
1410 , 6689 , 396.75 , -42.7 , 47 , 29.45 , 1.908 , 0.048 , 15.85 , 290.75
1420 , 6733 , 394.13 , -43.1 , 47 , 29.42 , 1.901 , 0.048 , 15.95 , 290.65
1430 , 6780 , 391.41 , -43.6 , 47 , 29.40 , 1.884 , 0.048 , 16.06 , 290.55
1440 , 6823 , 388.93 , -43.9 , 47 , 29.37 , 1.878 , 0.048 , 16.15 , 290.45
1449 , 6865 , 386.48 , -44.3 , 46 , 29.35 , 1.844 , 0.048 , 16.24 , 290.36
1459 , 6908 , 383.99 , -44.6 , 45 , 29.33 , 1.845 , 0.048 , 16.34 , 290.27
1469 , 6958 , 381.15 , -45.1 , 46 , 29.29 , 1.842 , 0.048 , 16.45 , 290.16
1479 , 7003 , 378.59 , -45.3 , 45 , 29.26 , 1.786 , 0.047 , 16.54 , 290.06
1489 , 7050 , 375.90 , -45.8 , 45 , 29.23 , 1.772 , 0.047 , 16.64 , 289.96
1499 , 7100 , 373.11 , -46.2 , 46 , 29.18 , 1.751 , 0.047 , 16.75 , 289.86
1509 , 7157 , 369.92 , -46.7 , 45 , 29.13 , 1.738 , 0.047 , 16.86 , 289.74
1519 , 7214 , 366.73 , -47.2 , 47 , 29.07 , 1.739 , 0.047 , 16.98 , 289.62
1529 , 7274 , 363.41 , -47.8 , 49 , 29.00 , 1.729 , 0.048 , 17.11 , 289.50
1539 , 7329 , 360.40 , -48.2 , 49 , 28.94 , 1.703 , 0.047 , 17.22 , 289.38
1549 , 7376 , 357.86 , -48.8 , 49 , 28.89 , 1.676 , 0.047 , 17.31 , 289.29
1559 , 7420 , 355.46 , -49.1 , 49 , 28.82 , 1.666 , 0.047 , 17.40 , 289.20
1569 , 7463 , 353.13 , -49.5 , 50 , 28.76 , 1.627 , 0.046 , 17.49 , 289.11
1579 , 7510 , 350.61 , -50.0 , 51 , 28.70 , 1.629 , 0.046 , 17.58 , 289.02
1589 , 7558 , 348.03 , -50.5 , 53 , 28.66 , 1.636 , 0.047 , 17.68 , 288.93
1599 , 7604 , 345.59 , -51.0 , 54 , 28.61 , 1.693 , 0.049 , 17.77 , 288.84
1609 , 7650 , 343.14 , -51.4 , 56 , 28.59 , 1.657 , 0.048 , 17.86 , 288.74
1619 , 7694 , 340.84 , -51.6 , 57 , 28.54 , 1.635 , 0.048 , 17.95 , 288.65
1629 , 7736 , 338.61 , -51.9 , 58 , 28.48 , 1.663 , 0.049 , 18.03 , 288.57
1639 , 7782 , 336.23 , -51.9 , 54 , 28.41 , 1.735 , 0.052 , 18.13 , 288.47
1649 , 7825 , 333.99 , -51.8 , 45 , 28.36 , 1.768 , 0.053 , 18.22 , 288.38
1659 , 7865 , 331.92 , -52.0 , 36 , 28.33 , 1.779 , 0.054 , 18.31 , 288.29
1669 , 7906 , 329.82 , -52.1 , 30 , 28.30 , 1.800 , 0.055 , 18.40 , 288.20
1679 , 7948 , 327.69 , -52.4 , 27 , 28.27 , 1.768 , 0.054 , 18.49 , 288.11
1689 , 7993 , 325.43 , -52.5 , 25 , 28.24 , 1.766 , 0.054 , 18.59 , 288.02
1699 , 8034 , 323.34 , -52.6 , 22 , 28.21 , 1.789 , 0.055 , 18.68 , 287.93
1709 , 8073 , 321.40 , -52.8 , 20 , 28.18 , 1.812 , 0.056 , 18.76 , 287.84
1718 , 8111 , 319.55 , -53.1 , 20 , 28.15 , 1.756 , 0.055 , 18.84 , 287.76
1728 , 8148 , 317.68 , -53.4 , 21 , 28.12 , 1.741 , 0.055 , 18.92 , 287.68
1738 , 8187 , 315.76 , -53.5 , 21 , 28.10 , 1.670 , 0.053 , 19.01 , 287.60
1748 , 8229 , 313.73 , -53.5 , 20 , 28.09 , 1.665 , 0.053 , 19.09 , 287.51
1757 , 8268 , 311.83 , -53.9 , 19 , 28.07 , 1.664 , 0.053 , 19.17 , 287.43
1766 , 8306 , 310.00 , -54.1 , 18 , 28.03 , 1.727 , 0.056 , 19.25 , 287.35
1776 , 8346 , 308.05 , -54.3 , 17 , 28.00 , 1.772 , 0.058 , 19.34 , 287.27
1786 , 8388 , 306.03 , -54.5 , 17 , 27.97 , 1.814 , 0.059 , 19.43 , 287.17
1796 , 8427 , 304.16 , -54.8 , 17 , 27.93 , 1.841 , 0.061 , 19.52 , 287.09
1806 , 8471 , 302.10 , -55.1 , 18 , 27.91 , 1.831 , 0.061 , 19.62 , 286.99
1816 , 8516 , 299.98 , -55.5 , 19 , 27.88 , 1.900 , 0.063 , 19.72 , 286.88
1826 , 8565 , 297.65 , -55.8 , 20 , 27.85 , 1.908 , 0.064 , 19.84 , 286.77
1836 , 8609 , 295.60 , -56.2 , 23 , 27.82 , 1.956 , 0.066 , 19.94 , 286.66
1846 , 8653 , 293.59 , -56.3 , 25 , 27.79 , 2.024 , 0.069 , 20.05 , 286.55
1856 , 8695 , 291.65 , -56.5 , 28 , 27.76 , 2.104 , 0.072 , 20.16 , 286.45
1866 , 8737 , 289.69 , -56.4 , 27 , 27.72 , 2.241 , 0.077 , 20.27 , 286.33
1876 , 8787 , 287.42 , -56.6 , 24 , 27.68 , 2.407 , 0.084 , 20.42 , 286.19
1886 , 8842 , 284.94 , -56.9 , 22 , 27.61 , 2.542 , 0.089 , 20.59 , 286.02
1896 , 8892 , 282.73 , -57.1 , 18 , 27.56 , 2.727 , 0.096 , 20.75 , 285.85
1906 , 8937 , 280.71 , -57.2 , 16 , 27.54 , 2.956 , 0.105 , 20.91 , 285.69
1916 , 8979 , 278.84 , -57.1 , 15 , 27.53 , 3.103 , 0.111 , 21.07 , 285.53
1926 , 9024 , 276.88 , -57.1 , 15 , 27.50 , 3.113 , 0.112 , 21.24 , 285.36
1936 , 9068 , 274.93 , -57.2 , 14 , 27.47 , 3.142 , 0.114 , 21.42 , 285.19
1946 , 9112 , 273.03 , -57.3 , 14 , 27.44 , 3.173 , 0.116 , 21.59 , 285.01
1956 , 9156 , 271.16 , -57.4 , 13 , 27.41 , 3.132 , 0.116 , 21.76 , 284.84
1966 , 9198 , 269.34 , -57.6 , 13 , 27.39 , 3.210 , 0.119 , 21.93 , 284.67
1976 , 9242 , 267.46 , -57.6 , 13 , 27.37 , 3.212 , 0.120 , 22.11 , 284.50
1986 , 9284 , 265.69 , -57.5 , 12 , 27.34 , 3.294 , 0.124 , 22.28 , 284.33
1996 , 9327 , 263.90 , -57.7 , 11 , 27.31 , 3.411 , 0.129 , 22.46 , 284.15
2006 , 9370 , 262.08 , -57.7 , 11 , 27.28 , 3.346 , 0.128 , 22.64 , 283.96
2016 , 9413 , 260.33 , -57.4 , 11 , 27.27 , 3.284 , 0.126 , 22.82 , 283.79
2026 , 9457 , 258.49 , -57.4 , 10 , 27.25 , 3.394 , 0.131 , 23.00 , 283.60
2036 , 9502 , 256.67 , -57.4 , 9 , 27.23 , 3.550 , 0.138 , 23.20 , 283.41
2046 , 9542 , 255.05 , -57.6 , 9 , 27.20 , 3.580 , 0.140 , 23.37 , 283.23
2055 , 9582 , 253.46 , -57.8 , 8 , 27.18 , 3.527 , 0.139 , 23.55 , 283.05
2065 , 9622 , 251.84 , -57.9 , 8 , 27.16 , 3.503 , 0.139 , 23.73 , 282.87
2074 , 9659 , 250.36 , -58.0 , 8 , 27.13 , 3.573 , 0.143 , 23.89 , 282.71
2083 , 9695 , 248.94 , -58.0 , 9 , 27.11 , 3.625 , 0.146 , 24.05 , 282.55
2093 , 9740 , 247.18 , -57.9 , 9 , 27.08 , 3.687 , 0.149 , 24.26 , 282.34
2103 , 9784 , 245.45 , -58.1 , 10 , 27.06 , 3.808 , 0.155 , 24.47 , 282.14
2113 , 9825 , 243.86 , -58.2 , 10 , 27.03 , 3.891 , 0.160 , 24.66 , 281.94
2123 , 9865 , 242.29 , -58.3 , 10 , 27.00 , 3.894 , 0.161 , 24.86 , 281.74
2133 , 9908 , 240.66 , -58.4 , 9 , 26.97 , 3.903 , 0.162 , 25.07 , 281.53
2143 , 9952 , 238.98 , -58.4 , 8 , 26.94 , 3.928 , 0.164 , 25.29 , 281.32
2153 , 9994 , 237.38 , -58.5 , 7 , 26.90 , 4.046 , 0.170 , 25.50 , 281.10
2163 , 10037 , 235.77 , -58.4 , 7 , 26.87 , 4.130 , 0.175 , 25.72 , 280.89
2173 , 10081 , 234.13 , -58.6 , 6 , 26.84 , 4.163 , 0.178 , 25.95 , 280.66
2183 , 10124 , 232.52 , -58.8 , 6 , 26.81 , 4.220 , 0.181 , 26.17 , 280.43
2193 , 10168 , 230.90 , -58.8 , 5 , 26.78 , 4.292 , 0.186 , 26.41 , 280.19
2203 , 10211 , 229.31 , -59.0 , 5 , 26.74 , 4.338 , 0.189 , 26.64 , 279.96
2213 , 10255 , 227.70 , -59.1 , 5 , 26.72 , 4.386 , 0.193 , 26.89 , 279.72
2223 , 10298 , 226.16 , -59.2 , 4 , 26.69 , 4.453 , 0.197 , 27.12 , 279.48
2233 , 10339 , 224.69 , -59.2 , 4 , 26.66 , 4.490 , 0.200 , 27.35 , 279.25
2243 , 10379 , 223.24 , -59.3 , 4 , 26.62 , 4.490 , 0.201 , 27.58 , 279.02
2253 , 10419 , 221.81 , -59.4 , 5 , 26.60 , 4.481 , 0.202 , 27.81 , 278.79
2263 , 10459 , 220.40 , -59.5 , 5 , 26.56 , 4.416 , 0.200 , 28.03 , 278.57
2273 , 10501 , 218.93 , -59.6 , 5 , 26.54 , 4.426 , 0.202 , 28.27 , 278.34
2283 , 10541 , 217.54 , -59.4 , 5 , 26.51 , 4.441 , 0.204 , 28.49 , 278.11
2293 , 10580 , 216.18 , -59.2 , 4 , 26.48 , 4.539 , 0.210 , 28.71 , 277.89
2303 , 10620 , 214.83 , -59.1 , 4 , 26.45 , 4.611 , 0.215 , 28.94 , 277.66
2313 , 10664 , 213.32 , -58.9 , 4 , 26.41 , 4.702 , 0.220 , 29.20 , 277.40
2323 , 10704 , 211.94 , -58.9 , 4 , 26.38 , 4.861 , 0.229 , 29.44 , 277.16
2333 , 10745 , 210.56 , -59.1 , 4 , 26.35 , 4.984 , 0.237 , 29.70 , 276.91
2343 , 10784 , 209.26 , -59.4 , 3 , 26.32 , 5.057 , 0.242 , 29.94 , 276.66
2353 , 10824 , 207.94 , -59.5 , 3 , 26.28 , 5.132 , 0.247 , 30.20 , 276.41
2363 , 10862 , 206.66 , -59.4 , 3 , 26.25 , 5.160 , 0.250 , 30.45 , 276.16
2373 , 10902 , 205.35 , -59.6 , 3 , 26.21 , 5.096 , 0.248 , 30.71 , 275.90
2383 , 10942 , 204.05 , -59.7 , 3 , 26.17 , 5.031 , 0.247 , 30.96 , 275.64
2393 , 10983 , 202.71 , -59.8 , 3 , 26.14 , 4.983 , 0.246 , 31.22 , 275.38
2402 , 11022 , 201.44 , -59.8 , 3 , 26.11 , 5.004 , 0.248 , 31.47 , 275.14
2412 , 11059 , 200.25 , -59.9 , 3 , 26.08 , 5.057 , 0.253 , 31.70 , 274.90
2422 , 11099 , 198.99 , -60.1 , 3 , 26.05 , 5.071 , 0.255 , 31.95 , 274.65
2432 , 11140 , 197.67 , -60.3 , 3 , 26.02 , 5.087 , 0.257 , 32.22 , 274.38
2442 , 11186 , 196.23 , -60.0 , 3 , 25.97 , 5.066 , 0.258 , 32.51 , 274.09
2452 , 11229 , 194.88 , -59.9 , 3 , 25.94 , 5.045 , 0.259 , 32.79 , 273.81
2462 , 11270 , 193.60 , -59.9 , 2 , 25.90 , 4.964 , 0.256 , 33.05 , 273.55
2472 , 11312 , 192.28 , -60.0 , 2 , 25.86 , 4.982 , 0.259 , 33.32 , 273.29
2482 , 11355 , 190.97 , -59.8 , 2 , 25.82 , 5.003 , 0.262 , 33.59 , 273.01
2492 , 11399 , 189.62 , -59.9 , 2 , 25.78 , 5.021 , 0.265 , 33.87 , 272.74
2502 , 11447 , 188.19 , -59.6 , 2 , 25.75 , 5.061 , 0.269 , 34.17 , 272.43
2512 , 11506 , 186.43 , -59.5 , 2 , 25.70 , 5.081 , 0.273 , 34.55 , 272.06
2522 , 11553 , 185.03 , -59.9 , 2 , 25.66 , 5.084 , 0.275 , 34.85 , 271.75
2532 , 11590 , 183.92 , -59.7 , 2 , 25.62 , 5.131 , 0.279 , 35.09 , 271.51
2542 , 11630 , 182.75 , -59.6 , 2 , 25.58 , 5.180 , 0.283 , 35.35 , 271.25
2552 , 11669 , 181.62 , -59.6 , 2 , 25.54 , 5.222 , 0.287 , 35.60 , 271.00
2562 , 11710 , 180.44 , -59.5 , 2 , 25.50 , 5.246 , 0.291 , 35.87 , 270.73
2572 , 11751 , 179.24 , -59.7 , 2 , 25.46 , 5.203 , 0.290 , 36.15 , 270.45
2582 , 11794 , 178.02 , -59.6 , 2 , 25.42 , 5.153 , 0.289 , 36.43 , 270.18
2592 , 11835 , 176.85 , -59.6 , 2 , 25.38 , 5.174 , 0.293 , 36.70 , 269.91
2602 , 11877 , 175.66 , -59.5 , 2 , 25.33 , 5.144 , 0.293 , 36.97 , 269.63
2612 , 11918 , 174.51 , -59.3 , 2 , 25.29 , 5.014 , 0.287 , 37.23 , 269.37
2622 , 11958 , 173.41 , -59.2 , 2 , 25.25 , 4.926 , 0.284 , 37.48 , 269.12
2632 , 11999 , 172.28 , -59.2 , 2 , 25.20 , 4.919 , 0.286 , 37.74 , 268.87
2642 , 12041 , 171.14 , -59.2 , 1 , 25.16 , 4.907 , 0.287 , 37.99 , 268.61
2652 , 12083 , 170.00 , -59.3 , 1 , 25.12 , 4.847 , 0.285 , 38.25 , 268.35
2661 , 12123 , 168.90 , -59.2 , 1 , 25.08 , 4.807 , 0.285 , 38.50 , 268.11
2671 , 12164 , 167.79 , -59.0 , 1 , 25.04 , 4.806 , 0.286 , 38.75 , 267.85
2681 , 12208 , 166.63 , -59.0 , 1 , 25.00 , 4.776 , 0.287 , 39.01 , 267.59
2691 , 12252 , 165.45 , -59.3 , 1 , 24.96 , 4.709 , 0.285 , 39.28 , 267.33
2700 , 12295 , 164.33 , -59.2 , 1 , 24.93 , 4.705 , 0.286 , 39.53 , 267.07
2709 , 12332 , 163.36 , -59.0 , 1 , 24.89 , 4.728 , 0.289 , 39.75 , 266.85
2719 , 12371 , 162.34 , -59.2 , 1 , 24.85 , 4.768 , 0.294 , 39.98 , 266.62
2729 , 12416 , 161.20 , -59.2 , 1 , 24.81 , 4.805 , 0.298 , 40.25 , 266.35
2739 , 12459 , 160.08 , -59.3 , 1 , 24.77 , 4.834 , 0.302 , 40.52 , 266.09
2749 , 12502 , 158.99 , -59.3 , 1 , 24.73 , 4.780 , 0.301 , 40.77 , 265.83
2759 , 12544 , 157.92 , -59.3 , 1 , 24.69 , 4.694 , 0.297 , 41.03 , 265.57
2769 , 12587 , 156.85 , -59.2 , 1 , 24.66 , 4.662 , 0.297 , 41.28 , 265.32
2779 , 12629 , 155.80 , -59.1 , 1 , 24.61 , 4.619 , 0.296 , 41.52 , 265.08
2789 , 12673 , 154.71 , -59.1 , 1 , 24.58 , 4.350 , 0.281 , 41.77 , 264.83
2799 , 12715 , 153.67 , -59.1 , 1 , 24.54 , 4.180 , 0.272 , 42.00 , 264.60
2809 , 12756 , 152.66 , -59.3 , 1 , 24.51 , 4.150 , 0.272 , 42.22 , 264.39
2819 , 12800 , 151.61 , -59.5 , 1 , 24.47 , 4.092 , 0.270 , 42.44 , 264.16
2829 , 12843 , 150.56 , -59.6 , 1 , 24.43 , 3.948 , 0.262 , 42.66 , 263.94
2839 , 12882 , 149.61 , -59.7 , 1 , 24.39 , 3.864 , 0.258 , 42.86 , 263.75
2849 , 12923 , 148.65 , -59.7 , 1 , 24.35 , 3.897 , 0.262 , 43.05 , 263.55
2859 , 12964 , 147.68 , -59.6 , 1 , 24.31 , 3.834 , 0.260 , 43.25 , 263.35
2869 , 13007 , 146.66 , -59.4 , 1 , 24.27 , 3.751 , 0.256 , 43.46 , 263.14
2879 , 13048 , 145.70 , -59.4 , 1 , 24.24 , 3.690 , 0.253 , 43.65 , 262.95
2889 , 13089 , 144.76 , -59.3 , 1 , 24.20 , 3.685 , 0.255 , 43.84 , 262.76
2899 , 13130 , 143.79 , -59.3 , 1 , 24.16 , 3.696 , 0.257 , 44.04 , 262.57
2909 , 13171 , 142.86 , -59.2 , 1 , 24.13 , 3.775 , 0.264 , 44.23 , 262.37
2919 , 13212 , 141.94 , -59.1 , 1 , 24.09 , 3.947 , 0.278 , 44.43 , 262.18
2929 , 13252 , 141.03 , -59.1 , 1 , 24.05 , 4.091 , 0.290 , 44.63 , 261.97
2939 , 13293 , 140.11 , -59.1 , 1 , 24.01 , 3.945 , 0.282 , 44.84 , 261.77
2949 , 13334 , 139.20 , -58.9 , 1 , 23.98 , 3.669 , 0.264 , 45.03 , 261.57
2959 , 13377 , 138.24 , -59.0 , 1 , 23.94 , 3.405 , 0.246 , 45.23 , 261.38
2969 , 13420 , 137.30 , -58.9 , 1 , 23.90 , 3.224 , 0.235 , 45.41 , 261.20
2979 , 13463 , 136.36 , -58.8 , 1 , 23.86 , 3.085 , 0.226 , 45.58 , 261.03
2989 , 13506 , 135.43 , -58.9 , 1 , 23.82 , 2.901 , 0.214 , 45.74 , 260.87
2998 , 13547 , 134.55 , -58.9 , 1 , 23.79 , 2.854 , 0.212 , 45.89 , 260.72
3007 , 13587 , 133.68 , -58.9 , 1 , 23.76 , 2.858 , 0.214 , 46.03 , 260.57
3017 , 13629 , 132.80 , -58.9 , 1 , 23.72 , 2.839 , 0.214 , 46.18 , 260.42
3027 , 13673 , 131.88 , -58.8 , 1 , 23.69 , 2.861 , 0.217 , 46.34 , 260.27
3037 , 13717 , 130.96 , -58.9 , 1 , 23.65 , 2.880 , 0.220 , 46.50 , 260.11
3047 , 13760 , 130.05 , -58.8 , 1 , 23.62 , 3.083 , 0.237 , 46.66 , 259.94
3057 , 13805 , 129.12 , -58.6 , 1 , 23.58 , 3.267 , 0.253 , 46.84 , 259.76
3067 , 13850 , 128.21 , -58.7 , 1 , 23.55 , 3.254 , 0.254 , 47.02 , 259.58
3077 , 13895 , 127.28 , -58.6 , 0 , 23.51 , 3.149 , 0.247 , 47.20 , 259.40
3087 , 13939 , 126.41 , -58.4 , 0 , 23.48 , 3.033 , 0.240 , 47.37 , 259.23
3097 , 13981 , 125.56 , -58.2 , 0 , 23.44 , 2.944 , 0.234 , 47.53 , 259.07
3107 , 14023 , 124.72 , -58.3 , 0 , 23.40 , 2.811 , 0.225 , 47.68 , 258.92
3117 , 14065 , 123.89 , -58.1 , 0 , 23.37 , 2.767 , 0.223 , 47.83 , 258.77
3127 , 14108 , 123.06 , -58.0 , 0 , 23.33 , 2.762 , 0.224 , 47.98 , 258.63
3137 , 14147 , 122.29 , -57.9 , 0 , 23.30 , 2.744 , 0.224 , 48.11 , 258.49
3146 , 14184 , 121.57 , -58.0 , 0 , 23.27 , 2.689 , 0.221 , 48.24 , 258.36
3156 , 14224 , 120.81 , -57.8 , 0 , 23.24 , 2.626 , 0.217 , 48.37 , 258.23
3166 , 14263 , 120.05 , -57.6 , 0 , 23.20 , 2.721 , 0.227 , 48.50 , 258.10
3176 , 14306 , 119.25 , -57.6 , 0 , 23.17 , 2.848 , 0.239 , 48.65 , 257.95
3186 , 14348 , 118.46 , -57.2 , 0 , 23.13 , 2.808 , 0.237 , 48.80 , 257.80
3196 , 14390 , 117.66 , -57.1 , 0 , 23.09 , 2.741 , 0.233 , 48.95 , 257.65
3206 , 14431 , 116.90 , -56.8 , 0 , 23.06 , 2.805 , 0.240 , 49.09 , 257.51
3216 , 14473 , 116.14 , -56.7 , 0 , 23.03 , 3.331 , 0.287 , 49.25 , 257.35
3226 , 14515 , 115.37 , -56.5 , 0 , 23.00 , 4.592 , 0.398 , 49.46 , 257.15
3236 , 14560 , 114.55 , -56.4 , 0 , 22.97 , 5.597 , 0.489 , 49.74 , 256.86
3246 , 14606 , 113.73 , -56.2 , 0 , 22.93 , 6.220 , 0.547 , 50.08 , 256.52
3256 , 14652 , 112.90 , -56.4 , 0 , 22.90 , 6.489 , 0.575 , 50.45 , 256.16
3266 , 14698 , 112.09 , -56.5 , 1 , 22.87 , 6.550 , 0.584 , 50.82 , 255.79
3276 , 14746 , 111.25 , -56.7 , 1 , 22.84 , 6.608 , 0.594 , 51.21 , 255.39
3286 , 14793 , 110.42 , -56.8 , 1 , 22.81 , 6.638 , 0.601 , 51.60 , 255.01
3296 , 14840 , 109.60 , -56.8 , 1 , 22.79 , 6.565 , 0.599 , 51.99 , 254.62
3306 , 14887 , 108.79 , -56.9 , 1 , 22.76 , 6.465 , 0.594 , 52.37 , 254.23
3316 , 14935 , 107.98 , -56.8 , 1 , 22.73 , 6.365 , 0.589 , 52.75 , 253.85
3326 , 14981 , 107.19 , -56.7 , 1 , 22.70 , 6.216 , 0.580 , 53.11 , 253.49
3335 , 15025 , 106.45 , -56.5 , 1 , 22.67 , 6.254 , 0.587 , 53.45 , 253.15
3345 , 15069 , 105.71 , -56.5 , 1 , 22.64 , 6.300 , 0.596 , 53.79 , 252.81
3355 , 15113 , 104.98 , -56.6 , 1 , 22.62 , 6.436 , 0.613 , 54.15 , 252.46
3365 , 15158 , 104.23 , -56.8 , 1 , 22.59 , 6.593 , 0.633 , 54.51 , 252.09
3375 , 15202 , 103.53 , -56.9 , 1 , 22.56 , 6.672 , 0.644 , 54.87 , 251.73
3385 , 15245 , 102.81 , -57.0 , 1 , 22.53 , 6.566 , 0.639 , 55.23 , 251.37
3395 , 15288 , 102.11 , -57.1 , 1 , 22.50 , 6.393 , 0.626 , 55.58 , 251.02
3405 , 15332 , 101.41 , -57.1 , 1 , 22.47 , 6.316 , 0.623 , 55.92 , 250.68
3415 , 15374 , 100.74 , -57.0 , 1 , 22.44 , 6.347 , 0.630 , 56.26 , 250.35
3425 , 15418 , 100.04 , -57.1 , 1 , 22.41 , 6.384 , 0.638 , 56.61 , 250.00
3435 , 15463 , 99.34 , -57.0 , 1 , 22.38 , 6.410 , 0.645 , 56.96 , 249.64
3445 , 15503 , 98.71 , -56.8 , 1 , 22.35 , 6.406 , 0.649 , 57.28 , 249.32
3455 , 15544 , 98.07 , -56.8 , 1 , 22.32 , 6.272 , 0.639 , 57.61 , 249.00
3465 , 15586 , 97.42 , -57.2 , 1 , 22.29 , 6.144 , 0.631 , 57.93 , 248.67
3475 , 15629 , 96.77 , -56.9 , 1 , 22.27 , 5.715 , 0.591 , 58.25 , 248.35
3485 , 15673 , 96.09 , -56.5 , 0 , 22.24 , 4.924 , 0.512 , 58.54 , 248.06
3495 , 15718 , 95.42 , -56.2 , 0 , 22.21 , 4.104 , 0.430 , 58.79 , 247.81
3505 , 15759 , 94.80 , -56.3 , 0 , 22.17 , 3.352 , 0.354 , 58.98 , 247.62
3515 , 15803 , 94.15 , -56.3 , 0 , 22.15 , 2.833 , 0.301 , 59.15 , 247.45
3525 , 15848 , 93.48 , -56.3 , 0 , 22.12 , 2.520 , 0.270 , 59.30 , 247.30
3535 , 15893 , 92.82 , -56.2 , 0 , 22.09 , 2.291 , 0.247 , 59.44 , 247.17
3545 , 15937 , 92.18 , -55.9 , 0 , 22.06 , 2.138 , 0.232 , 59.56 , 247.04
3555 , 15981 , 91.54 , -55.7 , 0 , 22.03 , 2.187 , 0.239 , 59.68 , 246.93
3565 , 16025 , 90.91 , -55.5 , 0 , 22.00 , 2.308 , 0.254 , 59.80 , 246.80
3575 , 16070 , 90.28 , -55.5 , 0 , 21.98 , 2.580 , 0.286 , 59.94 , 246.67
3585 , 16117 , 89.61 , -55.2 , 0 , 21.95 , 2.905 , 0.324 , 60.10 , 246.51
3595 , 16163 , 88.96 , -54.9 , 0 , 21.92 , 3.223 , 0.362 , 60.27 , 246.33
3604 , 16208 , 88.35 , -54.9 , 0 , 21.89 , 3.377 , 0.382 , 60.45 , 246.15
3614 , 16252 , 87.73 , -54.9 , 0 , 21.86 , 3.474 , 0.396 , 60.64 , 245.96
3624 , 16300 , 87.08 , -54.6 , 0 , 21.82 , 3.668 , 0.421 , 60.85 , 245.75
3633 , 16345 , 86.47 , -54.5 , 0 , 21.79 , 3.821 , 0.442 , 61.06 , 245.54
3643 , 16389 , 85.87 , -54.1 , 0 , 21.76 , 3.994 , 0.465 , 61.27 , 245.33
3653 , 16437 , 85.23 , -54.0 , 0 , 21.73 , 4.320 , 0.507 , 61.52 , 245.08
3663 , 16486 , 84.59 , -53.8 , 0 , 21.69 , 4.400 , 0.520 , 61.78 , 244.82
3673 , 16534 , 83.96 , -53.8 , 0 , 21.66 , 4.240 , 0.505 , 62.03 , 244.57
3683 , 16581 , 83.35 , -53.5 , 0 , 21.63 , 3.969 , 0.476 , 62.27 , 244.33
3693 , 16624 , 82.79 , -53.5 , 0 , 21.59 , 3.702 , 0.447 , 62.47 , 244.13
3703 , 16668 , 82.22 , -53.5 , 0 , 21.56 , 3.615 , 0.440 , 62.67 , 243.93
3712 , 16712 , 81.67 , -53.4 , 0 , 21.53 , 3.757 , 0.460 , 62.87 , 243.73
3722 , 16756 , 81.11 , -53.3 , 0 , 21.50 , 3.975 , 0.490 , 63.08 , 243.52
3732 , 16802 , 80.53 , -52.9 , 0 , 21.46 , 4.141 , 0.514 , 63.31 , 243.29
3742 , 16848 , 79.96 , -52.8 , 0 , 21.43 , 4.304 , 0.538 , 63.54 , 243.06
3752 , 16892 , 79.42 , -52.6 , 0 , 21.40 , 4.396 , 0.554 , 63.78 , 242.82
3762 , 16936 , 78.88 , -52.7 , 0 , 21.37 , 4.461 , 0.566 , 64.02 , 242.59
3772 , 16981 , 78.33 , -52.7 , 0 , 21.34 , 4.568 , 0.583 , 64.26 , 242.34
3782 , 17026 , 77.78 , -52.5 , 0 , 21.31 , 4.652 , 0.598 , 64.52 , 242.08
3792 , 17072 , 77.23 , -52.3 , 0 , 21.28 , 4.639 , 0.601 , 64.78 , 241.82
3802 , 17117 , 76.69 , -52.1 , 0 , 21.25 , 4.649 , 0.606 , 65.04 , 241.57
3812 , 17163 , 76.16 , -52.1 , 0 , 21.22 , 4.698 , 0.617 , 65.29 , 241.31
3822 , 17207 , 75.64 , -51.6 , 0 , 21.19 , 4.755 , 0.629 , 65.55 , 241.05
3832 , 17252 , 75.12 , -51.0 , 0 , 21.16 , 4.846 , 0.645 , 65.81 , 240.79
3842 , 17297 , 74.60 , -50.8 , 0 , 21.13 , 4.901 , 0.657 , 66.08 , 240.53
3852 , 17342 , 74.08 , -50.7 , 0 , 21.10 , 4.892 , 0.660 , 66.35 , 240.25
3862 , 17387 , 73.57 , -50.4 , 0 , 21.07 , 4.982 , 0.677 , 66.62 , 239.99
3872 , 17434 , 73.05 , -50.1 , 0 , 21.04 , 5.090 , 0.697 , 66.90 , 239.70
3882 , 17481 , 72.52 , -49.9 , 0 , 21.01 , 5.178 , 0.714 , 67.19 , 239.41
3892 , 17527 , 72.01 , -49.6 , 0 , 20.98 , 5.304 , 0.736 , 67.48 , 239.12
3902 , 17575 , 71.49 , -49.3 , 0 , 20.96 , 5.386 , 0.753 , 67.79 , 238.81
3912 , 17623 , 70.97 , -48.9 , 0 , 20.93 , 5.514 , 0.777 , 68.11 , 238.50
3922 , 17673 , 70.43 , -48.6 , 0 , 20.90 , 5.657 , 0.803 , 68.44 , 238.16
3932 , 17719 , 69.94 , -48.5 , 0 , 20.87 , 5.744 , 0.821 , 68.76 , 237.84
3941 , 17762 , 69.48 , -48.5 , 0 , 20.85 , 5.749 , 0.827 , 69.05 , 237.55
3951 , 17807 , 69.01 , -48.4 , 0 , 20.82 , 5.763 , 0.835 , 69.36 , 237.24
3960 , 17853 , 68.52 , -48.2 , 0 , 20.80 , 5.803 , 0.847 , 69.69 , 236.92
3970 , 17901 , 68.03 , -47.9 , 0 , 20.77 , 5.821 , 0.856 , 70.02 , 236.58
3980 , 17949 , 67.54 , -47.7 , 0 , 20.74 , 5.813 , 0.861 , 70.35 , 236.25
3990 , 17998 , 67.04 , -47.3 , 0 , 20.72 , 5.834 , 0.870 , 70.69 , 235.91
4000 , 18047 , 66.55 , -47.3 , 0 , 20.69 , 5.851 , 0.879 , 71.03 , 235.57
4010 , 18094 , 66.07 , -47.3 , 0 , 20.66 , 5.833 , 0.883 , 71.36 , 235.24
4020 , 18141 , 65.60 , -46.9 , 0 , 20.64 , 5.811 , 0.886 , 71.69 , 234.91
4030 , 18187 , 65.15 , -46.5 , 0 , 20.61 , 5.907 , 0.907 , 72.01 , 234.59
4040 , 18234 , 64.69 , -46.3 , 0 , 20.59 , 5.927 , 0.916 , 72.34 , 234.26
4050 , 18281 , 64.24 , -46.1 , 0 , 20.57 , 5.933 , 0.924 , 72.67 , 233.93
4060 , 18329 , 63.77 , -45.7 , 0 , 20.55 , 5.930 , 0.930 , 73.01 , 233.59
4070 , 18377 , 63.31 , -45.4 , 0 , 20.53 , 6.055 , 0.956 , 73.35 , 233.25
4080 , 18422 , 62.89 , -45.1 , 0 , 20.51 , 6.159 , 0.979 , 73.68 , 232.93
4089 , 18463 , 62.50 , -44.6 , 0 , 20.49 , 6.252 , 1.000 , 73.98 , 232.63
4099 , 18507 , 62.09 , -44.3 , 0 , 20.47 , 6.271 , 1.010 , 74.30 , 232.30
4109 , 18551 , 61.69 , -44.0 , 0 , 20.45 , 6.310 , 1.023 , 74.62 , 231.98
4119 , 18597 , 61.27 , -43.8 , 0 , 20.44 , 6.382 , 1.042 , 74.97 , 231.63
4129 , 18643 , 60.85 , -43.4 , 0 , 20.42 , 6.503 , 1.069 , 75.32 , 231.29
4139 , 18688 , 60.44 , -43.1 , 0 , 20.40 , 6.603 , 1.092 , 75.66 , 230.94
4149 , 18733 , 60.04 , -42.5 , 0 , 20.38 , 6.694 , 1.115 , 76.02 , 230.59
4159 , 18779 , 59.64 , -42.1 , 0 , 20.37 , 6.761 , 1.134 , 76.37 , 230.23
4169 , 18824 , 59.24 , -41.6 , 0 , 20.35 , 6.771 , 1.143 , 76.73 , 229.87
4179 , 18872 , 58.82 , -41.4 , 0 , 20.33 , 6.787 , 1.154 , 77.11 , 229.49
4189 , 18919 , 58.42 , -40.6 , 0 , 20.31 , 6.889 , 1.179 , 77.48 , 229.12
4199 , 18966 , 58.01 , -40.4 , 0 , 20.29 , 7.030 , 1.212 , 77.86 , 228.74
4209 , 19014 , 57.61 , -40.1 , 0 , 20.28 , 7.082 , 1.229 , 78.25 , 228.35
4219 , 19061 , 57.21 , -39.9 , 0 , 20.25 , 7.198 , 1.258 , 78.64 , 227.96
4229 , 19110 , 56.80 , -40.0 , 0 , 20.23 , 7.272 , 1.280 , 79.05 , 227.55
4239 , 19161 , 56.38 , -39.6 , 0 , 20.22 , 7.310 , 1.297 , 79.48 , 227.12
4249 , 19211 , 55.97 , -39.2 , 0 , 20.20 , 7.357 , 1.314 , 79.91 , 226.70
4258 , 19258 , 55.59 , -38.8 , 0 , 20.17 , 7.360 , 1.324 , 80.30 , 226.30
4267 , 19303 , 55.23 , -37.9 , 0 , 20.16 , 7.540 , 1.365 , 80.68 , 225.92
4277 , 19349 , 54.85 , -37.1 , 0 , 20.14 , 7.663 , 1.397 , 81.09 , 225.51
4287 , 19401 , 54.45 , -37.1 , 0 , 20.12 , 7.814 , 1.435 , 81.54 , 225.06
4297 , 19451 , 54.05 , -36.5 , 0 , 20.10 , 8.071 , 1.493 , 82.00 , 224.60
4307 , 19499 , 53.68 , -36.3 , 0 , 20.08 , 8.424 , 1.569 , 82.45 , 224.15
4317 , 19549 , 53.30 , -36.4 , 0 , 20.06 , 8.749 , 1.641 , 82.94 , 223.66
4327 , 19598 , 52.92 , -36.3 , 0 , 20.04 , 8.976 , 1.696 , 83.43 , 223.17
4337 , 19647 , 52.54 , -35.6 , 0 , 20.02 , 9.305 , 1.771 , 83.95 , 222.66
4347 , 19696 , 52.18 , -35.1 , 0 , 20.01 , 9.742 , 1.867 , 84.47 , 222.13
4357 , 19740 , 51.85 , -34.6 , 0 , 19.99 , 10.203 , 1.968 , 84.97 , 221.64
4367 , 19785 , 51.52 , -34.3 , 0 , 19.97 , 10.715 , 2.080 , 85.50 , 221.10
4377 , 19830 , 51.19 , -34.1 , 0 , 19.96 , 11.107 , 2.170 , 86.05 , 220.55
4387 , 19876 , 50.86 , -34.1 , 0 , 19.94 , 11.409 , 2.243 , 86.63 , 219.97
4397 , 19922 , 50.52 , -33.9 , 0 , 19.92 , 11.729 , 2.321 , 87.23 , 219.37
4407 , 19967 , 50.19 , -33.7 , 0 , 19.91 , 11.866 , 2.364 , 87.84 , 218.76
4417 , 20013 , 49.87 , -33.6 , 0 , 19.89 , 12.005 , 2.407 , 88.45 , 218.15
4426 , 20058 , 49.55 , -33.3 , 0 , 19.88 , 12.053 , 2.433 , 89.06 , 217.54
4436 , 20102 , 49.24 , -32.9 , 0 , 19.86 , 12.105 , 2.458 , 89.65 , 216.95
4446 , 20149 , 48.91 , -32.1 , 0 , 19.85 , 12.232 , 2.501 , 90.30 , 216.30
4456 , 20197 , 48.58 , -31.7 , 0 , 19.84 , 12.344 , 2.541 , 90.96 , 215.65
4466 , 20246 , 48.25 , -31.5 , 0 , 19.82 , 12.394 , 2.569 , 91.63 , 214.97
4476 , 20297 , 47.90 , -31.0 , 0 , 19.81 , 12.507 , 2.611 , 92.35 , 214.25
4486 , 20345 , 47.58 , -30.6 , 0 , 19.80 , 12.669 , 2.663 , 93.01 , 213.59
4496 , 20395 , 47.24 , -30.2 , 0 , 19.78 , 12.794 , 2.708 , 93.72 , 212.88
4506 , 20446 , 46.90 , -29.3 , 0 , 19.77 , 12.942 , 2.759 , 94.46 , 212.15
4516 , 20497 , 46.57 , -28.1 , 0 , 19.76 , 13.200 , 2.834 , 95.19 , 211.41
4526 , 20549 , 46.24 , -27.3 , 0 , 19.75 , 13.568 , 2.935 , 95.95 , 210.65
4536 , 20601 , 45.90 , -26.9 , 0 , 19.73 , 13.811 , 3.009 , 96.73 , 209.87
4546 , 20650 , 45.59 , -26.8 , 0 , 19.72 , 14.077 , 3.088 , 97.48 , 209.12
4556 , 20703 , 45.26 , -27.2 , 0 , 19.71 , 14.250 , 3.148 , 98.29 , 208.31
4566 , 20754 , 44.94 , -27.5 , 0 , 19.70 , 14.412 , 3.207 , 99.11 , 207.50
4576 , 20805 , 44.62 , -27.7 , 0 , 19.69 , 14.539 , 3.258 , 99.91 , 206.70
4585 , 20851 , 44.34 , -27.7 , 0 , 19.68 , 14.692 , 3.314 , 100.65 , 205.95
4595 , 20898 , 44.05 , -27.2 , 0 , 19.67 , 15.058 , 3.418 , 101.41 , 205.19
4605 , 20946 , 43.75 , -26.7 , 0 , 19.66 , 15.398 , 3.519 , 102.22 , 204.38
4615 , 20994 , 43.46 , -26.4 , 0 , 19.65 , 15.998 , 3.681 , 103.05 , 203.56
4625 , 21043 , 43.17 , -26.7 , 0 , 19.65 , 16.359 , 3.789 , 103.90 , 202.70
4635 , 21089 , 42.89 , -26.6 , 0 , 19.64 , 16.652 , 3.882 , 104.75 , 201.86
4645 , 21136 , 42.62 , -26.0 , 0 , 19.63 , 17.035 , 3.997 , 105.59 , 201.01
4655 , 21181 , 42.35 , -25.4 , 0 , 19.62 , 17.799 , 4.203 , 106.47 , 200.14
4665 , 21227 , 42.09 , -25.3 , 0 , 19.61 , 18.594 , 4.418 , 107.37 , 199.23
4675 , 21277 , 41.80 , -25.0 , 0 , 19.61 , 19.300 , 4.617 , 108.39 , 198.21
4685 , 21325 , 41.52 , -25.1 , 0 , 19.60 , 19.752 , 4.757 , 109.42 , 197.18
4695 , 21373 , 41.25 , -25.4 , 0 , 19.59 , 19.994 , 4.847 , 110.45 , 196.15
4705 , 21422 , 40.97 , -25.9 , 0 , 19.58 , 20.164 , 4.921 , 111.52 , 195.09
4715 , 21470 , 40.70 , -25.9 , 0 , 19.57 , 20.262 , 4.979 , 112.59 , 194.01
4725 , 21521 , 40.42 , -25.8 , 0 , 19.57 , 20.434 , 5.056 , 113.71 , 192.89
4735 , 21571 , 40.13 , -25.9 , 0 , 19.56 , 20.483 , 5.104 , 114.84 , 191.76
4745 , 21622 , 39.85 , -26.2 , 0 , 19.56 , 20.524 , 5.150 , 115.97 , 190.63
4755 , 21674 , 39.57 , -26.5 , 0 , 19.55 , 20.536 , 5.190 , 117.14 , 189.46
4765 , 21725 , 39.29 , -26.9 , 0 , 19.55 , 20.463 , 5.208 , 118.29 , 188.31
4775 , 21774 , 39.02 , -27.1 , 0 , 19.54 , 20.372 , 5.221 , 119.38 , 187.22
4785 , 21825 , 38.75 , -27.4 , 0 , 19.54 , 20.382 , 5.260 , 120.51 , 186.09
4795 , 21876 , 38.48 , -27.4 , 0 , 19.53 , 20.225 , 5.256 , 121.64 , 184.96
4805 , 21924 , 38.22 , -27.2 , 0 , 19.53 , 20.163 , 5.276 , 122.72 , 183.89
4815 , 21976 , 37.94 , -26.7 , 0 , 19.52 , 20.019 , 5.276 , 123.86 , 182.75
4825 , 22025 , 37.69 , -26.4 , 0 , 19.52 , 19.978 , 5.301 , 124.92 , 181.68
4835 , 22073 , 37.44 , -26.4 , 0 , 19.51 , 19.945 , 5.328 , 125.98 , 180.62
4845 , 22123 , 37.18 , -26.3 , 0 , 19.51 , 19.868 , 5.344 , 127.07 , 179.53
4855 , 22172 , 36.93 , -26.4 , 0 , 19.51 , 19.810 , 5.365 , 128.13 , 178.47
4865 , 22222 , 36.67 , -26.3 , 0 , 19.50 , 19.769 , 5.391 , 129.21 , 177.40
4875 , 22273 , 36.42 , -26.0 , 0 , 19.50 , 19.777 , 5.431 , 130.31 , 176.29
4884 , 22320 , 36.18 , -26.2 , 0 , 19.49 , 19.726 , 5.452 , 131.32 , 175.28
4893 , 22365 , 35.96 , -26.4 , 0 , 19.49 , 19.724 , 5.486 , 132.29 , 174.31
4903 , 22415 , 35.71 , -26.4 , 0 , 19.49 , 19.620 , 5.495 , 133.37 , 173.23
4913 , 22463 , 35.47 , -26.3 , 0 , 19.49 , 19.486 , 5.494 , 134.39 , 172.21
4923 , 22510 , 35.24 , -26.0 , 0 , 19.48 , 19.374 , 5.497 , 135.38 , 171.22
4933 , 22561 , 34.99 , -25.7 , 0 , 19.48 , 19.405 , 5.545 , 136.47 , 170.13
4943 , 22610 , 34.76 , -25.6 , 0 , 19.48 , 19.353 , 5.568 , 137.51 , 169.09
4953 , 22662 , 34.51 , -25.6 , 0 , 19.48 , 19.390 , 5.619 , 138.59 , 168.01
4963 , 22712 , 34.27 , -25.8 , 0 , 19.47 , 19.318 , 5.637 , 139.65 , 166.96
4973 , 22765 , 34.02 , -26.0 , 0 , 19.47 , 19.348 , 5.687 , 140.77 , 165.83
4983 , 22818 , 33.77 , -26.2 , 0 , 19.47 , 19.377 , 5.737 , 141.89 , 164.72
4993 , 22868 , 33.54 , -26.6 , 0 , 19.46 , 19.392 , 5.782 , 142.95 , 163.65
5003 , 22922 , 33.29 , -27.0 , 0 , 19.47 , 19.337 , 5.809 , 144.09 , 162.51
5013 , 22976 , 33.04 , -27.1 , 0 , 19.46 , 19.251 , 5.826 , 145.23 , 161.37
5023 , 23030 , 32.79 , -27.0 , 0 , 19.46 , 19.107 , 5.826 , 146.37 , 160.23
5032 , 23081 , 32.57 , -26.9 , 0 , 19.46 , 19.101 , 5.865 , 147.43 , 159.18
5042 , 23132 , 32.33 , -26.9 , 0 , 19.45 , 19.061 , 5.896 , 148.51 , 158.09
5052 , 23185 , 32.10 , -26.7 , 0 , 19.45 , 19.023 , 5.927 , 149.60 , 157.00
5062 , 23240 , 31.85 , -26.5 , 0 , 19.45 , 18.984 , 5.960 , 150.75 , 155.85
5072 , 23293 , 31.62 , -26.1 , 0 , 19.45 , 18.913 , 5.981 , 151.84 , 154.76
5082 , 23345 , 31.39 , -26.2 , 0 , 19.45 , 18.873 , 6.012 , 152.92 , 153.68
5092 , 23399 , 31.16 , -26.6 , 0 , 19.44 , 18.858 , 6.052 , 154.03 , 152.58
5102 , 23451 , 30.93 , -26.8 , 0 , 19.44 , 18.919 , 6.116 , 155.11 , 151.49
5112 , 23503 , 30.71 , -27.0 , 0 , 19.44 , 18.923 , 6.161 , 156.18 , 150.42
5122 , 23555 , 30.49 , -27.1 , 0 , 19.44 , 19.111 , 6.267 , 157.26 , 149.35
5132 , 23606 , 30.28 , -27.4 , 0 , 19.43 , 19.093 , 6.306 , 158.34 , 148.27
5142 , 23656 , 30.07 , -27.8 , 0 , 19.43 , 18.975 , 6.311 , 159.38 , 147.23
5152 , 23705 , 29.87 , -28.1 , 0 , 19.43 , 18.938 , 6.341 , 160.39 , 146.21
5162 , 23754 , 29.66 , -28.5 , 0 , 19.43 , 18.921 , 6.379 , 161.42 , 145.19
5172 , 23803 , 29.46 , -28.6 , 0 , 19.42 , 18.933 , 6.427 , 162.45 , 144.15
5182 , 23853 , 29.25 , -28.5 , 0 , 19.42 , 18.732 , 6.404 , 163.49 , 143.11
5192 , 23903 , 29.05 , -28.6 , 0 , 19.42 , 18.532 , 6.380 , 164.51 , 142.10
5201 , 23952 , 28.85 , -28.7 , 0 , 19.42 , 18.243 , 6.323 , 165.50 , 141.10
5210 , 23994 , 28.68 , -28.6 , 0 , 19.41 , 17.907 , 6.243 , 166.34 , 140.26
5220 , 24041 , 28.49 , -28.5 , 0 , 19.41 , 17.552 , 6.160 , 167.26 , 139.35
5230 , 24088 , 28.31 , -28.3 , 0 , 19.41 , 17.311 , 6.115 , 168.15 , 138.45
5240 , 24137 , 28.12 , -27.8 , 0 , 19.40 , 17.155 , 6.101 , 169.08 , 137.52
5250 , 24185 , 27.93 , -27.6 , 0 , 19.40 , 17.036 , 6.100 , 170.00 , 136.60
5260 , 24236 , 27.73 , -27.4 , 0 , 19.40 , 17.000 , 6.130 , 170.94 , 135.66
5270 , 24282 , 27.55 , -27.4 , 0 , 19.39 , 16.889 , 6.130 , 171.80 , 134.80
5280 , 24334 , 27.36 , -27.4 , 0 , 19.39 , 16.851 , 6.160 , 172.75 , 133.85
5290 , 24383 , 27.17 , -27.6 , 0 , 19.39 , 16.842 , 6.199 , 173.67 , 132.93
5300 , 24435 , 26.98 , -27.3 , 0 , 19.38 , 16.847 , 6.245 , 174.62 , 131.98
5310 , 24483 , 26.80 , -27.3 , 0 , 19.38 , 16.818 , 6.277 , 175.51 , 131.09
5320 , 24534 , 26.61 , -27.4 , 0 , 19.38 , 16.791 , 6.311 , 176.45 , 130.15
5330 , 24587 , 26.41 , -27.5 , 0 , 19.38 , 16.850 , 6.380 , 177.43 , 129.18
5340 , 24638 , 26.22 , -27.5 , 0 , 19.37 , 16.682 , 6.362 , 178.37 , 128.23
5350 , 24690 , 26.04 , -27.5 , 0 , 19.37 , 16.622 , 6.384 , 179.32 , 127.29
5360 , 24741 , 25.85 , -27.3 , 0 , 19.36 , 16.573 , 6.411 , 180.24 , 126.36
5369 , 24792 , 25.67 , -27.2 , 0 , 19.36 , 16.492 , 6.425 , 181.17 , 125.43
5379 , 24839 , 25.50 , -27.2 , 0 , 19.36 , 16.395 , 6.430 , 182.03 , 124.58
5389 , 24891 , 25.32 , -27.4 , 0 , 19.36 , 16.369 , 6.466 , 182.96 , 123.64
5399 , 24944 , 25.13 , -27.6 , 0 , 19.35 , 16.329 , 6.498 , 183.91 , 122.69
5409 , 24995 , 24.95 , -27.9 , 0 , 19.35 , 16.133 , 6.465 , 184.82 , 121.79
5419 , 25047 , 24.77 , -28.1 , 0 , 19.34 , 15.983 , 6.451 , 185.73 , 120.87
5429 , 25101 , 24.59 , -28.1 , 0 , 19.34 , 15.759 , 6.410 , 186.68 , 119.92
5439 , 25152 , 24.41 , -28.3 , 0 , 19.34 , 15.580 , 6.382 , 187.56 , 119.05
5449 , 25204 , 24.24 , -28.6 , 0 , 19.33 , 15.437 , 6.370 , 188.45 , 118.15
5459 , 25254 , 24.07 , -28.7 , 0 , 19.33 , 15.291 , 6.353 , 189.30 , 117.31
5469 , 25305 , 23.90 , -28.7 , 0 , 19.32 , 15.160 , 6.344 , 190.14 , 116.46
5479 , 25356 , 23.73 , -28.6 , 0 , 19.32 , 15.051 , 6.343 , 190.99 , 115.61
5489 , 25405 , 23.56 , -28.5 , 0 , 19.31 , 14.962 , 6.349 , 191.81 , 114.79
5499 , 25456 , 23.40 , -28.3 , 0 , 19.31 , 14.985 , 6.404 , 192.64 , 113.96
5509 , 25503 , 23.24 , -28.3 , 0 , 19.31 , 14.668 , 6.310 , 193.42 , 113.18
5518 , 25552 , 23.09 , -28.2 , 0 , 19.30 , 14.548 , 6.301 , 194.20 , 112.41
5528 , 25600 , 22.93 , -28.3 , 0 , 19.30 , 14.416 , 6.286 , 194.97 , 111.63
5538 , 25648 , 22.78 , -28.2 , 0 , 19.29 , 14.323 , 6.288 , 195.73 , 110.87
5548 , 25698 , 22.62 , -28.0 , 0 , 19.29 , 14.444 , 6.384 , 196.51 , 110.09
5558 , 25746 , 22.47 , -28.0 , 0 , 19.28 , 14.371 , 6.396 , 197.29 , 109.32
5568 , 25799 , 22.31 , -27.9 , 0 , 19.28 , 14.254 , 6.390 , 198.12 , 108.49
5578 , 25852 , 22.14 , -27.7 , 0 , 19.28 , 14.205 , 6.415 , 198.94 , 107.66
5588 , 25901 , 21.99 , -27.3 , 0 , 19.27 , 14.289 , 6.498 , 199.71 , 106.89
5598 , 25953 , 21.83 , -27.0 , 0 , 19.27 , 14.233 , 6.519 , 200.52 , 106.09
5608 , 26005 , 21.68 , -27.1 , 0 , 19.26 , 14.107 , 6.508 , 201.33 , 105.27
5618 , 26058 , 21.52 , -27.0 , 0 , 19.26 , 13.932 , 6.475 , 202.14 , 104.46
5628 , 26113 , 21.35 , -26.8 , 0 , 19.25 , 13.876 , 6.498 , 202.98 , 103.63
5638 , 26163 , 21.21 , -27.0 , 0 , 19.25 , 13.835 , 6.524 , 203.74 , 102.86
5648 , 26216 , 21.05 , -26.9 , 0 , 19.24 , 13.693 , 6.505 , 204.54 , 102.07
5658 , 26269 , 20.90 , -26.6 , 0 , 19.24 , 13.549 , 6.484 , 205.33 , 101.27
5668 , 26322 , 20.74 , -26.3 , 0 , 19.23 , 13.500 , 6.508 , 206.12 , 100.49
5678 , 26376 , 20.59 , -26.1 , 0 , 19.23 , 13.392 , 6.504 , 206.91 , 99.70
5688 , 26429 , 20.44 , -26.1 , 0 , 19.22 , 13.276 , 6.496 , 207.68 , 98.92
5698 , 26481 , 20.29 , -26.1 , 0 , 19.22 , 13.195 , 6.502 , 208.43 , 98.18
5708 , 26532 , 20.15 , -25.9 , 0 , 19.21 , 13.253 , 6.577 , 209.16 , 97.44
5718 , 26586 , 20.00 , -25.8 , 0 , 19.21 , 13.283 , 6.641 , 209.94 , 96.67
5728 , 26638 , 19.86 , -25.6 , 0 , 19.20 , 13.156 , 6.625 , 210.69 , 95.91
5738 , 26688 , 19.72 , -25.8 , 0 , 19.20 , 13.073 , 6.629 , 211.41 , 95.19
5748 , 26744 , 19.57 , -26.1 , 0 , 19.19 , 12.939 , 6.611 , 212.19 , 94.41
5758 , 26791 , 19.44 , -26.1 , 0 , 19.19 , 12.862 , 6.616 , 212.86 , 93.74
5768 , 26845 , 19.30 , -25.7 , 0 , 19.18 , 12.844 , 6.656 , 213.62 , 92.98
5778 , 26899 , 19.16 , -25.2 , 0 , 19.18 , 12.782 , 6.673 , 214.37 , 92.24
5788 , 26946 , 19.03 , -25.2 , 0 , 19.18 , 12.764 , 6.707 , 215.03 , 91.57
5798 , 27002 , 18.89 , -25.4 , 0 , 19.17 , 12.744 , 6.748 , 215.80 , 90.81
5808 , 27056 , 18.75 , -25.4 , 0 , 19.16 , 12.712 , 6.782 , 216.54 , 90.06
5818 , 27106 , 18.61 , -25.7 , 0 , 19.16 , 12.647 , 6.794 , 217.24 , 89.36
5827 , 27157 , 18.48 , -26.0 , 0 , 19.16 , 12.527 , 6.777 , 217.94 , 88.66
5836 , 27205 , 18.36 , -26.3 , 0 , 19.15 , 12.427 , 6.768 , 218.60 , 88.01
5846 , 27253 , 18.24 , -26.6 , 0 , 19.15 , 12.246 , 6.713 , 219.24 , 87.36
5856 , 27306 , 18.11 , -27.0 , 0 , 19.14 , 12.065 , 6.663 , 219.95 , 86.65
5866 , 27357 , 17.98 , -27.2 , 0 , 19.14 , 11.921 , 6.630 , 220.61 , 85.99
5876 , 27411 , 17.85 , -27.2 , 0 , 19.13 , 11.787 , 6.605 , 221.31 , 85.29
5886 , 27468 , 17.71 , -27.4 , 0 , 19.13 , 11.602 , 6.553 , 222.04 , 84.56
5896 , 27520 , 17.58 , -27.6 , 0 , 19.12 , 11.536 , 6.564 , 222.71 , 83.89
5906 , 27574 , 17.45 , -27.7 , 0 , 19.12 , 11.487 , 6.584 , 223.39 , 83.22
5916 , 27627 , 17.32 , -27.9 , 0 , 19.11 , 11.153 , 6.441 , 224.05 , 82.55
5926 , 27679 , 17.19 , -28.1 , 0 , 19.10 , 11.183 , 6.504 , 224.68 , 81.92
5936 , 27732 , 17.07 , -28.1 , 0 , 19.10 , 11.172 , 6.546 , 225.34 , 81.27
5946 , 27786 , 16.94 , -28.0 , 0 , 19.09 , 11.078 , 6.540 , 226.00 , 80.60
5956 , 27842 , 16.81 , -27.8 , 0 , 19.08 , 11.043 , 6.571 , 226.68 , 79.92
5966 , 27894 , 16.68 , -27.6 , 0 , 19.08 , 11.052 , 6.624 , 227.32 , 79.28
5975 , 27949 , 16.56 , -27.8 , 0 , 19.07 , 10.997 , 6.642 , 227.98 , 78.62
5985 , 27994 , 16.45 , -27.8 , 0 , 19.07 , 10.858 , 6.599 , 228.52 , 78.08
5995 , 28045 , 16.34 , -27.8 , 0 , 19.06 , 10.738 , 6.572 , 229.12 , 77.48
6005 , 28092 , 16.23 , -27.9 , 0 , 19.06 , 10.761 , 6.630 , 229.68 , 76.92
6015 , 28144 , 16.11 , -28.1 , 0 , 19.05 , 10.667 , 6.620 , 230.29 , 76.31
6025 , 28192 , 16.01 , -28.3 , 0 , 19.05 , 10.539 , 6.584 , 230.85 , 75.75
6035 , 28242 , 15.89 , -28.0 , 0 , 19.04 , 10.492 , 6.601 , 231.43 , 75.17
6045 , 28292 , 15.79 , -27.8 , 0 , 19.03 , 10.391 , 6.583 , 232.00 , 74.60
6055 , 28339 , 15.68 , -27.5 , 0 , 19.03 , 10.318 , 6.579 , 232.54 , 74.07
6065 , 28388 , 15.58 , -27.4 , 0 , 19.02 , 10.053 , 6.455 , 233.09 , 73.52
6075 , 28438 , 15.47 , -27.2 , 0 , 19.02 , 10.050 , 6.498 , 233.64 , 72.96
6085 , 28484 , 15.37 , -26.8 , 0 , 19.01 , 9.963 , 6.483 , 234.15 , 72.46
6095 , 28534 , 15.26 , -26.4 , 0 , 19.01 , 9.847 , 6.451 , 234.68 , 71.92
6105 , 28579 , 15.17 , -26.3 , 0 , 19.00 , 9.815 , 6.471 , 235.17 , 71.43
6115 , 28630 , 15.06 , -26.3 , 0 , 18.99 , 9.783 , 6.495 , 235.71 , 70.89
6125 , 28678 , 14.96 , -26.5 , 0 , 18.99 , 9.794 , 6.546 , 236.23 , 70.37
6135 , 28730 , 14.85 , -26.6 , 0 , 18.98 , 9.695 , 6.527 , 236.78 , 69.82
6145 , 28780 , 14.75 , -26.7 , 0 , 18.97 , 9.619 , 6.520 , 237.30 , 69.30
6155 , 28828 , 14.65 , -26.7 , 0 , 18.97 , 9.540 , 6.510 , 237.81 , 68.79
6165 , 28883 , 14.54 , -26.6 , 0 , 18.96 , 9.427 , 6.482 , 238.38 , 68.23
6174 , 28935 , 14.44 , -26.6 , 0 , 18.95 , 9.373 , 6.492 , 238.92 , 67.68
6184 , 28981 , 14.35 , -26.6 , 0 , 18.95 , 9.297 , 6.480 , 239.38 , 67.22
6194 , 29040 , 14.23 , -26.6 , 0 , 18.94 , 9.346 , 6.568 , 239.99 , 66.62
6204 , 29094 , 14.12 , -26.8 , 0 , 18.93 , 9.169 , 6.492 , 240.53 , 66.07
6214 , 29150 , 14.02 , -27.0 , 0 , 18.92 , 9.040 , 6.450 , 241.09 , 65.52
6224 , 29208 , 13.90 , -27.1 , 0 , 18.91 , 8.952 , 6.439 , 241.66 , 64.94
6234 , 29258 , 13.81 , -26.9 , 0 , 18.90 , 8.879 , 6.431 , 242.15 , 64.45
6244 , 29313 , 13.70 , -27.1 , 0 , 18.89 , 8.722 , 6.365 , 242.68 , 63.93
6254 , 29367 , 13.60 , -27.4 , 0 , 18.88 , 8.701 , 6.399 , 243.20 , 63.40
6264 , 29424 , 13.49 , -27.5 , 0 , 18.88 , 8.564 , 6.348 , 243.74 , 62.86
6274 , 29476 , 13.39 , -27.8 , 0 , 18.87 , 8.494 , 6.342 , 244.22 , 62.38
6284 , 29537 , 13.28 , -27.5 , 0 , 18.86 , 8.436 , 6.352 , 244.80 , 61.81
6294 , 29590 , 13.18 , -27.0 , 0 , 18.85 , 8.330 , 6.319 , 245.28 , 61.32
6304 , 29644 , 13.08 , -26.9 , 0 , 18.85 , 8.322 , 6.360 , 245.77 , 60.83
6314 , 29700 , 12.98 , -27.0 , 0 , 18.84 , 8.185 , 6.304 , 246.28 , 60.33
6324 , 29755 , 12.89 , -27.1 , 0 , 18.83 , 8.141 , 6.318 , 246.77 , 59.84
6334 , 29807 , 12.79 , -27.1 , 0 , 18.82 , 8.038 , 6.283 , 247.23 , 59.38
6344 , 29857 , 12.70 , -27.0 , 0 , 18.81 , 8.000 , 6.297 , 247.67 , 58.94
6354 , 29910 , 12.61 , -27.2 , 0 , 18.80 , 7.914 , 6.275 , 248.13 , 58.47
6364 , 29957 , 12.53 , -27.3 , 0 , 18.80 , 7.806 , 6.230 , 248.53 , 58.07
6374 , 30006 , 12.44 , -27.5 , 0 , 18.79 , 7.793 , 6.263 , 248.95 , 57.65
6384 , 30065 , 12.34 , -27.5 , 0 , 18.78 , 7.694 , 6.234 , 249.45 , 57.15
6394 , 30113 , 12.26 , -27.6 , 0 , 18.77 , 7.612 , 6.209 , 249.86 , 56.74
6404 , 30161 , 12.18 , -27.7 , 0 , 18.76 , 7.575 , 6.220 , 250.26 , 56.34
6414 , 30211 , 12.09 , -27.6 , 0 , 18.75 , 7.489 , 6.193 , 250.67 , 55.93
6424 , 30261 , 12.01 , -27.3 , 0 , 18.67 , 7.439 , 6.193 , 251.08 , 55.52
6433 , 30307 , 11.93 , -27.0 , 0 , 18.48 , 7.324 , 6.137 , 251.45 , 55.15
6443 , 30354 , 11.86 , -26.9 , 0 , 18.35 , 7.234 , 6.102 , 251.83 , 54.77
6453 , 30402 , 11.78 , -27.0 , 0 , 18.27 , 7.131 , 6.055 , 252.21 , 54.40
6463 , 30447 , 11.70 , -27.0 , 0 , 18.21 , 7.078 , 6.047 , 252.55 , 54.05
6473 , 30498 , 11.62 , -26.9 , 0 , 18.17 , 7.020 , 6.041 , 252.95 , 53.65
6482 , 30543 , 11.55 , -26.9 , 0 , 18.14 , 7.009 , 6.069 , 253.30 , 53.31
6492 , 30589 , 11.48 , -26.7 , 0 , 18.14 , 6.949 , 6.055 , 253.64 , 52.96
6502 , 30640 , 11.39 , -26.0 , 0 , 18.19 , 6.893 , 6.050 , 254.04 , 52.57
6512 , 30687 , 11.32 , -26.0 , 0 , 18.16 , 6.922 , 6.114 , 254.39 , 52.21
6522 , 30735 , 11.25 , -26.3 , 0 , 18.01 , 6.822 , 6.066 , 254.75 , 51.86
6532 , 30785 , 11.17 , -26.4 , 0 , 17.92 , 6.737 , 6.031 , 255.12 , 51.49
6541 , 30826 , 11.11 , -26.4 , 0 , 17.86 , 6.664 , 6.001 , 255.42 , 51.18
6551 , 30867 , 11.04 , -26.3 , 0 , 17.83 , 6.638 , 6.011 , 255.72 , 50.89
6561 , 30916 , 10.97 , -26.3 , 0 , 17.81 , 6.596 , 6.014 , 256.07 , 50.53
6571 , 30961 , 10.90 , -26.3 , 0 , 17.80 , 6.525 , 5.986 , 256.39 , 50.21
6581 , 31006 , 10.83 , -26.0 , 0 , 17.80 , 6.495 , 5.996 , 256.71 , 49.89
6591 , 31053 , 10.76 , -25.6 , 0 , 17.82 , 6.467 , 6.009 , 257.04 , 49.56
6601 , 31098 , 10.70 , -25.3 , 0 , 17.85 , 6.459 , 6.039 , 257.36 , 49.25
6611 , 31144 , 10.63 , -24.8 , 0 , 17.90 , 6.401 , 6.022 , 257.68 , 48.92
6621 , 31195 , 10.55 , -24.4 , 0 , 17.97 , 6.372 , 6.037 , 258.03 , 48.57
6631 , 31245 , 10.48 , -24.0 , 0 , 18.04 , 6.309 , 6.019 , 258.38 , 48.22
6641 , 31287 , 10.42 , -23.8 , 0 , 18.10 , 6.243 , 5.990 , 258.66 , 47.94
6651 , 31332 , 10.36 , -23.7 , 0 , 18.13 , 6.184 , 5.970 , 258.96 , 47.64
6661 , 31378 , 10.29 , -23.6 , 0 , 18.16 , 6.128 , 5.954 , 259.27 , 47.33
6671 , 31430 , 10.22 , -23.4 , 0 , 18.17 , 6.069 , 5.939 , 259.62 , 46.99
6681 , 31472 , 10.16 , -23.3 , 0 , 18.18 , 6.016 , 5.920 , 259.88 , 46.72
6691 , 31521 , 10.09 , -22.9 , 0 , 18.18 , 5.974 , 5.919 , 260.21 , 46.40
6701 , 31568 , 10.03 , -22.9 , 0 , 18.17 , 5.910 , 5.893 , 260.50 , 46.10
6711 , 31615 , 9.96 , -23.0 , 0 , 18.16 , 5.854 , 5.875 , 260.80 , 45.80
6721 , 31661 , 9.90 , -22.9 , 0 , 18.16 , 5.820 , 5.877 , 261.09 , 45.51
6731 , 31709 , 9.84 , -22.8 , 0 , 18.15 , 5.779 , 5.874 , 261.39 , 45.21
6741 , 31755 , 9.78 , -22.8 , 0 , 18.14 , 5.764 , 5.895 , 261.68 , 44.93
6751 , 31802 , 9.71 , -22.8 , 0 , 18.13 , 5.717 , 5.886 , 261.97 , 44.63
6761 , 31850 , 9.65 , -23.0 , 0 , 18.12 , 5.683 , 5.888 , 262.26 , 44.34
6770 , 31891 , 9.60 , -23.0 , 0 , 18.11 , 5.617 , 5.854 , 262.51 , 44.09
6780 , 31941 , 9.53 , -23.0 , 0 , 18.10 , 5.579 , 5.853 , 262.81 , 43.79
6790 , 31986 , 9.47 , -23.0 , 0 , 18.09 , 5.561 , 5.871 , 263.08 , 43.52
6800 , 32030 , 9.42 , -23.0 , 0 , 18.08 , 5.529 , 5.873 , 263.35 , 43.25
6810 , 32076 , 9.36 , -22.9 , 0 , 18.06 , 5.478 , 5.854 , 263.62 , 42.98
6820 , 32116 , 9.31 , -22.8 , 0 , 18.05 , 5.436 , 5.841 , 263.85 , 42.75
6830 , 32165 , 9.24 , -22.7 , 0 , 18.04 , 5.380 , 5.821 , 264.14 , 42.46
