# ------------------------------------------------------------
#
# Flight name: V4711
# Station: Davis
# Launch Date: 14 December 2011
# Launch Time: 11:26:58
# 
# This file created: Thu Dec 15 17:09:23 2011
# 
# 
# ------------------------------------------------------------
# DATA COLUMNS
# Time (s)
# Height (m)
# Atmospheric Pressure (hPa)
# Atmospheric Temperature (°C)
# Relative Humidity (%)
# Box Temperature (°C)
# Ozone Partial Pressure (mPa)
# Ozone Mixing Ratio (ppmV)
# Accumulated Ozone to this Height (Dobson Units)
# Remaining Ozone above this Height (Dobson Units)
# 
# ------------------------------------------------------------
# 
# Integrated Ozone = 171.6 DU
# Extrapolated Ozone =  33.2 DU
# 
# Total Ozone = 204.7 DU
# 
# 
# ------------------------------------------------------------
0 , 18 , 977.79 , -2.6 , 65 , 32.98 , 1.432 , 0.015 , 0.00 , 204.74
10 , 65 , 971.98 , -3.5 , 64 , 33.03 , 1.520 , 0.016 , 0.07 , 204.67
20 , 114 , 965.93 , -4.0 , 64 , 33.09 , 1.461 , 0.015 , 0.14 , 204.59
30 , 166 , 959.58 , -4.3 , 59 , 33.14 , 1.420 , 0.015 , 0.22 , 204.52
40 , 216 , 953.52 , -4.5 , 48 , 33.15 , 1.383 , 0.015 , 0.29 , 204.45
50 , 268 , 947.21 , -4.9 , 44 , 33.09 , 1.374 , 0.015 , 0.36 , 204.38
60 , 316 , 941.47 , -5.4 , 45 , 33.05 , 1.378 , 0.015 , 0.43 , 204.31
70 , 359 , 936.28 , -5.8 , 46 , 32.98 , 1.373 , 0.015 , 0.49 , 204.25
80 , 404 , 930.95 , -6.2 , 47 , 32.93 , 1.391 , 0.015 , 0.55 , 204.19
90 , 451 , 925.37 , -6.6 , 46 , 32.87 , 1.354 , 0.015 , 0.61 , 204.12
100 , 499 , 919.73 , -7.0 , 49 , 32.74 , 1.340 , 0.015 , 0.68 , 204.06
110 , 548 , 913.95 , -7.5 , 51 , 32.60 , 1.345 , 0.015 , 0.75 , 203.99
120 , 599 , 907.91 , -7.9 , 52 , 32.42 , 1.342 , 0.015 , 0.82 , 203.92
130 , 652 , 901.79 , -8.4 , 54 , 32.27 , 1.345 , 0.015 , 0.89 , 203.85
140 , 709 , 895.12 , -8.9 , 56 , 32.14 , 1.331 , 0.015 , 0.97 , 203.77
150 , 757 , 889.63 , -9.4 , 60 , 32.12 , 1.321 , 0.015 , 1.03 , 203.71
160 , 804 , 884.17 , -9.8 , 62 , 32.11 , 1.320 , 0.015 , 1.09 , 203.64
170 , 855 , 878.41 , -10.3 , 71 , 32.06 , 1.313 , 0.015 , 1.16 , 203.58
180 , 903 , 872.95 , -10.8 , 76 , 32.00 , 1.307 , 0.015 , 1.23 , 203.51
190 , 947 , 867.91 , -11.2 , 80 , 31.95 , 1.298 , 0.015 , 1.29 , 203.45
200 , 996 , 862.43 , -11.6 , 81 , 31.88 , 1.284 , 0.015 , 1.35 , 203.39
209 , 1042 , 857.20 , -12.1 , 82 , 31.85 , 1.280 , 0.015 , 1.41 , 203.33
219 , 1084 , 852.55 , -12.4 , 84 , 31.84 , 1.281 , 0.015 , 1.47 , 203.27
228 , 1134 , 847.00 , -12.7 , 84 , 31.75 , 1.271 , 0.015 , 1.53 , 203.20
238 , 1183 , 841.58 , -13.0 , 83 , 31.59 , 1.264 , 0.015 , 1.60 , 203.14
248 , 1230 , 836.34 , -13.5 , 83 , 31.43 , 1.260 , 0.015 , 1.66 , 203.08
258 , 1275 , 831.43 , -13.8 , 81 , 31.32 , 1.255 , 0.015 , 1.72 , 203.02
268 , 1323 , 826.18 , -14.1 , 77 , 31.31 , 1.261 , 0.015 , 1.78 , 202.96
278 , 1371 , 821.00 , -14.4 , 75 , 31.28 , 1.278 , 0.016 , 1.84 , 202.89
288 , 1423 , 815.35 , -14.8 , 73 , 31.19 , 1.267 , 0.016 , 1.91 , 202.82
298 , 1472 , 810.09 , -15.3 , 75 , 31.12 , 1.261 , 0.016 , 1.98 , 202.76
308 , 1533 , 803.56 , -15.9 , 76 , 31.08 , 1.252 , 0.016 , 2.06 , 202.68
317 , 1586 , 797.90 , -16.2 , 77 , 31.01 , 1.251 , 0.016 , 2.13 , 202.61
328 , 1648 , 791.39 , -16.7 , 66 , 30.95 , 1.242 , 0.016 , 2.21 , 202.53
338 , 1696 , 786.29 , -17.0 , 62 , 30.86 , 1.243 , 0.016 , 2.27 , 202.47
346 , 1733 , 782.45 , -17.4 , 63 , 30.82 , 1.245 , 0.016 , 2.32 , 202.42
357 , 1783 , 777.30 , -17.3 , 50 , 30.79 , 1.243 , 0.016 , 2.38 , 202.35
367 , 1825 , 772.95 , -17.7 , 49 , 30.74 , 1.246 , 0.016 , 2.44 , 202.30
377 , 1875 , 767.74 , -18.2 , 49 , 30.70 , 1.249 , 0.016 , 2.51 , 202.23
387 , 1931 , 762.00 , -18.7 , 51 , 30.64 , 1.237 , 0.016 , 2.58 , 202.16
397 , 1977 , 757.32 , -19.0 , 53 , 30.60 , 1.241 , 0.016 , 2.64 , 202.10
407 , 2028 , 752.10 , -19.3 , 52 , 30.56 , 1.232 , 0.016 , 2.71 , 202.03
417 , 2089 , 745.98 , -19.9 , 50 , 30.50 , 1.224 , 0.016 , 2.79 , 201.95
427 , 2150 , 739.90 , -20.4 , 50 , 30.39 , 1.209 , 0.016 , 2.87 , 201.87
437 , 2200 , 734.84 , -20.9 , 52 , 30.24 , 1.202 , 0.016 , 2.93 , 201.81
447 , 2257 , 729.23 , -21.4 , 53 , 30.15 , 1.197 , 0.016 , 3.00 , 201.73
457 , 2314 , 723.57 , -21.9 , 55 , 30.04 , 1.185 , 0.016 , 3.08 , 201.66
467 , 2364 , 718.72 , -22.4 , 60 , 30.05 , 1.173 , 0.016 , 3.14 , 201.60
477 , 2415 , 713.70 , -22.9 , 65 , 30.04 , 1.161 , 0.016 , 3.20 , 201.53
487 , 2466 , 708.79 , -23.3 , 68 , 29.99 , 1.164 , 0.016 , 3.27 , 201.47
497 , 2522 , 703.34 , -23.7 , 70 , 29.94 , 1.155 , 0.016 , 3.34 , 201.40
507 , 2576 , 698.18 , -24.0 , 68 , 29.87 , 1.151 , 0.016 , 3.40 , 201.33
517 , 2628 , 693.23 , -24.4 , 66 , 29.85 , 1.153 , 0.017 , 3.47 , 201.27
527 , 2679 , 688.32 , -24.8 , 70 , 29.76 , 1.154 , 0.017 , 3.53 , 201.20
536 , 2728 , 683.76 , -25.2 , 74 , 29.64 , 1.154 , 0.017 , 3.59 , 201.14
546 , 2778 , 679.06 , -25.5 , 78 , 29.58 , 1.144 , 0.017 , 3.66 , 201.08
556 , 2831 , 674.12 , -26.0 , 82 , 29.57 , 1.148 , 0.017 , 3.72 , 201.01
566 , 2881 , 669.44 , -26.4 , 87 , 29.48 , 1.139 , 0.017 , 3.79 , 200.95
576 , 2931 , 664.87 , -26.6 , 90 , 29.49 , 1.133 , 0.017 , 3.85 , 200.89
586 , 2982 , 660.15 , -26.8 , 89 , 29.49 , 1.130 , 0.017 , 3.91 , 200.83
596 , 3036 , 655.18 , -27.3 , 90 , 29.50 , 1.126 , 0.017 , 3.98 , 200.76
606 , 3091 , 650.26 , -27.7 , 91 , 29.48 , 1.122 , 0.017 , 4.05 , 200.69
616 , 3148 , 645.06 , -28.2 , 91 , 29.44 , 1.112 , 0.017 , 4.12 , 200.62
626 , 3199 , 640.49 , -28.6 , 91 , 29.40 , 1.103 , 0.017 , 4.18 , 200.56
636 , 3246 , 636.31 , -28.9 , 95 , 29.38 , 1.096 , 0.017 , 4.23 , 200.50
646 , 3294 , 632.06 , -29.3 , 95 , 29.38 , 1.088 , 0.017 , 4.29 , 200.45
656 , 3345 , 627.56 , -29.7 , 96 , 29.35 , 1.081 , 0.017 , 4.35 , 200.38
666 , 3400 , 622.69 , -30.2 , 96 , 29.31 , 1.069 , 0.017 , 4.42 , 200.32
676 , 3456 , 617.86 , -30.6 , 98 , 29.26 , 1.060 , 0.017 , 4.49 , 200.25
686 , 3512 , 613.00 , -31.1 , 96 , 29.24 , 1.056 , 0.017 , 4.55 , 200.19
696 , 3568 , 608.12 , -31.7 , 96 , 29.13 , 1.050 , 0.017 , 4.62 , 200.12
706 , 3621 , 603.60 , -32.1 , 99 , 29.07 , 1.037 , 0.017 , 4.68 , 200.06
716 , 3675 , 598.98 , -32.5 , 98 , 28.98 , 1.013 , 0.017 , 4.74 , 200.00
726 , 3719 , 595.29 , -32.4 , 95 , 28.90 , 0.974 , 0.016 , 4.79 , 199.95
736 , 3759 , 591.91 , -32.6 , 91 , 28.87 , 0.922 , 0.016 , 4.83 , 199.91
746 , 3795 , 588.88 , -32.7 , 86 , 28.88 , 0.896 , 0.015 , 4.87 , 199.87
756 , 3840 , 585.12 , -32.9 , 76 , 28.88 , 0.882 , 0.015 , 4.91 , 199.82
766 , 3894 , 580.64 , -33.4 , 68 , 28.80 , 0.869 , 0.015 , 4.97 , 199.77
777 , 3954 , 575.68 , -33.7 , 62 , 28.70 , 0.874 , 0.015 , 5.03 , 199.71
786 , 4001 , 571.82 , -34.0 , 61 , 28.66 , 0.869 , 0.015 , 5.07 , 199.67
796 , 4052 , 567.68 , -34.3 , 60 , 28.64 , 0.869 , 0.015 , 5.12 , 199.62
806 , 4101 , 563.70 , -34.6 , 57 , 28.59 , 0.877 , 0.016 , 5.17 , 199.57
816 , 4154 , 559.50 , -34.9 , 55 , 28.54 , 0.882 , 0.016 , 5.22 , 199.52
826 , 4214 , 554.69 , -35.3 , 58 , 28.46 , 0.886 , 0.016 , 5.28 , 199.45
836 , 4268 , 550.37 , -35.7 , 55 , 28.42 , 0.912 , 0.017 , 5.34 , 199.40
845 , 4315 , 546.65 , -35.9 , 52 , 28.37 , 0.951 , 0.017 , 5.39 , 199.35
855 , 4361 , 543.05 , -36.1 , 51 , 28.35 , 1.003 , 0.018 , 5.44 , 199.30
865 , 4409 , 539.33 , -36.4 , 50 , 28.33 , 1.056 , 0.020 , 5.50 , 199.24
875 , 4458 , 535.51 , -36.6 , 50 , 28.29 , 1.106 , 0.021 , 5.56 , 199.18
885 , 4514 , 531.24 , -37.0 , 53 , 28.24 , 1.147 , 0.022 , 5.63 , 199.11
895 , 4571 , 526.82 , -37.5 , 56 , 28.15 , 1.166 , 0.022 , 5.70 , 199.03
905 , 4622 , 522.95 , -37.7 , 57 , 28.04 , 1.194 , 0.023 , 5.77 , 198.97
915 , 4669 , 519.42 , -38.0 , 55 , 28.01 , 1.226 , 0.024 , 5.84 , 198.90
925 , 4714 , 515.98 , -38.3 , 52 , 28.01 , 1.236 , 0.024 , 5.90 , 198.84
935 , 4767 , 512.03 , -38.7 , 49 , 28.00 , 1.218 , 0.024 , 5.98 , 198.76
945 , 4822 , 507.98 , -39.1 , 53 , 27.96 , 1.201 , 0.024 , 6.05 , 198.69
955 , 4868 , 504.53 , -39.2 , 56 , 27.92 , 1.201 , 0.024 , 6.12 , 198.62
965 , 4927 , 500.19 , -39.7 , 58 , 27.90 , 1.180 , 0.024 , 6.20 , 198.54
975 , 4985 , 496.00 , -40.0 , 60 , 27.86 , 1.149 , 0.023 , 6.27 , 198.46
985 , 5040 , 492.00 , -40.4 , 59 , 27.83 , 1.152 , 0.023 , 6.35 , 198.39
995 , 5089 , 488.51 , -40.7 , 59 , 27.80 , 1.145 , 0.023 , 6.41 , 198.33
1005 , 5143 , 484.63 , -41.2 , 60 , 27.77 , 1.126 , 0.023 , 6.48 , 198.25
1015 , 5192 , 481.14 , -41.5 , 58 , 27.73 , 1.173 , 0.024 , 6.55 , 198.19
1025 , 5241 , 477.66 , -41.9 , 55 , 27.70 , 1.186 , 0.025 , 6.62 , 198.12
1035 , 5296 , 473.79 , -42.3 , 56 , 27.66 , 1.208 , 0.025 , 6.69 , 198.04
1045 , 5342 , 470.55 , -42.6 , 59 , 27.59 , 1.274 , 0.027 , 6.76 , 197.98
1055 , 5392 , 467.11 , -43.1 , 61 , 27.56 , 1.326 , 0.028 , 6.84 , 197.90
1065 , 5452 , 462.97 , -43.4 , 45 , 27.52 , 1.348 , 0.029 , 6.93 , 197.81
1075 , 5503 , 459.47 , -43.5 , 27 , 27.49 , 1.396 , 0.030 , 7.01 , 197.73
1085 , 5558 , 455.70 , -43.7 , 20 , 27.42 , 1.435 , 0.031 , 7.10 , 197.63
1095 , 5605 , 452.51 , -43.7 , 17 , 27.37 , 1.449 , 0.032 , 7.18 , 197.55
1105 , 5654 , 449.27 , -43.9 , 18 , 27.34 , 1.480 , 0.033 , 7.27 , 197.47
1115 , 5700 , 446.16 , -44.0 , 18 , 27.29 , 1.498 , 0.034 , 7.35 , 197.39
1124 , 5752 , 442.71 , -44.4 , 24 , 27.25 , 1.466 , 0.033 , 7.44 , 197.30
1134 , 5803 , 439.35 , -44.8 , 34 , 27.19 , 1.331 , 0.030 , 7.52 , 197.21
1144 , 5853 , 436.11 , -45.2 , 40 , 27.11 , 1.248 , 0.029 , 7.60 , 197.14
1153 , 5909 , 432.46 , -45.6 , 43 , 27.07 , 1.171 , 0.027 , 7.68 , 197.06
1163 , 5959 , 429.17 , -46.0 , 44 , 27.01 , 1.128 , 0.026 , 7.75 , 196.99
1173 , 6012 , 425.81 , -46.4 , 45 , 26.95 , 1.122 , 0.026 , 7.82 , 196.92
1183 , 6057 , 422.92 , -46.7 , 45 , 26.90 , 1.102 , 0.026 , 7.88 , 196.86
1193 , 6097 , 420.37 , -46.9 , 41 , 26.88 , 1.211 , 0.029 , 7.93 , 196.80
1203 , 6140 , 417.63 , -47.3 , 40 , 26.87 , 1.285 , 0.031 , 8.00 , 196.74
1213 , 6189 , 414.52 , -47.8 , 44 , 26.85 , 1.231 , 0.030 , 8.07 , 196.67
1223 , 6245 , 411.03 , -48.1 , 46 , 26.81 , 1.185 , 0.029 , 8.15 , 196.58
1233 , 6296 , 407.86 , -48.5 , 46 , 26.76 , 1.195 , 0.029 , 8.23 , 196.51
1243 , 6340 , 405.15 , -48.8 , 48 , 26.72 , 1.202 , 0.030 , 8.29 , 196.45
1253 , 6388 , 402.23 , -49.1 , 48 , 26.69 , 1.218 , 0.030 , 8.36 , 196.38
1263 , 6452 , 398.32 , -49.1 , 37 , 26.63 , 1.316 , 0.033 , 8.46 , 196.28
1272 , 6499 , 395.47 , -49.3 , 28 , 26.60 , 1.446 , 0.037 , 8.53 , 196.20
1282 , 6540 , 392.96 , -49.4 , 27 , 26.57 , 1.473 , 0.037 , 8.61 , 196.13
1292 , 6584 , 390.34 , -49.5 , 24 , 26.54 , 1.516 , 0.039 , 8.69 , 196.05
1302 , 6636 , 387.27 , -49.8 , 21 , 26.51 , 1.575 , 0.041 , 8.78 , 195.96
1312 , 6684 , 384.40 , -50.0 , 19 , 26.48 , 1.629 , 0.042 , 8.88 , 195.86
1322 , 6734 , 381.51 , -50.2 , 19 , 26.45 , 1.648 , 0.043 , 8.97 , 195.76
1332 , 6784 , 378.60 , -50.5 , 20 , 26.43 , 1.640 , 0.043 , 9.07 , 195.66
1342 , 6833 , 375.72 , -50.8 , 22 , 26.39 , 1.590 , 0.042 , 9.17 , 195.57
1352 , 6877 , 373.22 , -50.8 , 25 , 26.37 , 1.509 , 0.040 , 9.25 , 195.49
1362 , 6919 , 370.81 , -51.2 , 25 , 26.35 , 1.490 , 0.040 , 9.33 , 195.41
1372 , 6966 , 368.12 , -51.4 , 24 , 26.34 , 1.527 , 0.041 , 9.42 , 195.32
1382 , 7010 , 365.62 , -51.7 , 25 , 26.32 , 1.524 , 0.042 , 9.50 , 195.24
1392 , 7071 , 362.23 , -52.2 , 25 , 26.29 , 1.506 , 0.042 , 9.61 , 195.13
1402 , 7125 , 359.23 , -52.3 , 24 , 26.26 , 1.527 , 0.042 , 9.71 , 195.03
1412 , 7176 , 356.40 , -52.4 , 23 , 26.23 , 1.582 , 0.044 , 9.81 , 194.93
1422 , 7225 , 353.68 , -52.6 , 23 , 26.19 , 1.653 , 0.047 , 9.90 , 194.83
1432 , 7267 , 351.42 , -52.8 , 22 , 26.16 , 1.687 , 0.048 , 9.99 , 194.75
1442 , 7312 , 348.94 , -53.2 , 22 , 26.15 , 1.631 , 0.047 , 10.08 , 194.66
1451 , 7355 , 346.62 , -53.4 , 23 , 26.13 , 1.555 , 0.045 , 10.16 , 194.57
1461 , 7398 , 344.32 , -53.6 , 21 , 26.11 , 1.650 , 0.048 , 10.25 , 194.49
1471 , 7446 , 341.77 , -53.9 , 20 , 26.09 , 1.751 , 0.051 , 10.35 , 194.39
1481 , 7500 , 338.90 , -54.0 , 19 , 26.06 , 1.823 , 0.054 , 10.47 , 194.27
1491 , 7548 , 336.35 , -54.3 , 18 , 26.02 , 1.890 , 0.056 , 10.58 , 194.16
1501 , 7598 , 333.74 , -54.5 , 18 , 25.98 , 1.930 , 0.058 , 10.70 , 194.04
1511 , 7653 , 330.87 , -54.8 , 17 , 25.94 , 2.002 , 0.061 , 10.83 , 193.91
1521 , 7698 , 328.57 , -55.3 , 17 , 25.91 , 2.085 , 0.063 , 10.94 , 193.80
1531 , 7742 , 326.31 , -55.4 , 17 , 25.88 , 2.134 , 0.065 , 11.06 , 193.68
1541 , 7789 , 323.91 , -55.7 , 16 , 25.85 , 2.157 , 0.067 , 11.18 , 193.56
1551 , 7842 , 321.20 , -56.0 , 18 , 25.83 , 2.100 , 0.065 , 11.32 , 193.42
1561 , 7895 , 318.55 , -56.3 , 22 , 25.79 , 1.820 , 0.057 , 11.45 , 193.29
1571 , 7937 , 316.43 , -56.5 , 25 , 25.76 , 1.639 , 0.052 , 11.54 , 193.20
1581 , 7979 , 314.38 , -56.7 , 27 , 25.73 , 1.547 , 0.049 , 11.62 , 193.11
1591 , 8019 , 312.35 , -56.8 , 28 , 25.70 , 1.491 , 0.048 , 11.70 , 193.04
1601 , 8062 , 310.25 , -57.2 , 28 , 25.67 , 1.499 , 0.048 , 11.78 , 192.96
1611 , 8108 , 308.00 , -57.3 , 26 , 25.64 , 1.631 , 0.053 , 11.87 , 192.87
1621 , 8157 , 305.62 , -57.5 , 25 , 25.61 , 1.786 , 0.058 , 11.98 , 192.76
1631 , 8201 , 303.48 , -57.8 , 24 , 25.57 , 1.886 , 0.062 , 12.08 , 192.66
1641 , 8248 , 301.25 , -58.0 , 22 , 25.54 , 2.018 , 0.067 , 12.19 , 192.55
1651 , 8307 , 298.44 , -58.2 , 21 , 25.51 , 2.198 , 0.074 , 12.35 , 192.39
1661 , 8359 , 295.96 , -58.4 , 20 , 25.47 , 2.291 , 0.077 , 12.50 , 192.24
1671 , 8405 , 293.83 , -58.6 , 22 , 25.43 , 2.257 , 0.077 , 12.62 , 192.11
1681 , 8450 , 291.73 , -58.8 , 23 , 25.40 , 2.229 , 0.076 , 12.75 , 191.99
1691 , 8495 , 289.64 , -59.1 , 24 , 25.36 , 2.193 , 0.076 , 12.88 , 191.86
1701 , 8536 , 287.76 , -59.2 , 25 , 25.32 , 2.069 , 0.072 , 12.99 , 191.75
1711 , 8578 , 285.84 , -59.4 , 25 , 25.29 , 1.838 , 0.064 , 13.09 , 191.65
1721 , 8621 , 283.86 , -59.6 , 24 , 25.26 , 1.944 , 0.068 , 13.19 , 191.54
1731 , 8665 , 281.86 , -59.6 , 23 , 25.23 , 2.289 , 0.081 , 13.31 , 191.43
1741 , 8712 , 279.76 , -59.7 , 21 , 25.19 , 2.477 , 0.089 , 13.45 , 191.29
1750 , 8755 , 277.85 , -59.7 , 21 , 25.16 , 2.588 , 0.093 , 13.59 , 191.15
1759 , 8797 , 275.98 , -59.8 , 21 , 25.14 , 2.609 , 0.095 , 13.73 , 191.01
1769 , 8841 , 274.06 , -59.8 , 20 , 25.10 , 2.654 , 0.097 , 13.87 , 190.87
1779 , 8885 , 272.13 , -59.8 , 19 , 25.07 , 2.781 , 0.102 , 14.02 , 190.71
1789 , 8934 , 269.97 , -60.0 , 18 , 25.03 , 2.899 , 0.107 , 14.20 , 190.54
1799 , 8981 , 267.97 , -60.1 , 17 , 25.00 , 3.026 , 0.113 , 14.38 , 190.36
1809 , 9028 , 265.97 , -60.1 , 17 , 24.97 , 3.184 , 0.120 , 14.56 , 190.18
1819 , 9071 , 264.14 , -60.1 , 16 , 24.93 , 3.335 , 0.126 , 14.74 , 190.00
1829 , 9112 , 262.37 , -60.0 , 16 , 24.89 , 3.442 , 0.131 , 14.92 , 189.82
1839 , 9157 , 260.50 , -59.9 , 15 , 24.86 , 3.520 , 0.135 , 15.11 , 189.62
1849 , 9200 , 258.73 , -60.0 , 14 , 24.82 , 3.588 , 0.139 , 15.31 , 189.43
1859 , 9245 , 256.86 , -60.0 , 14 , 24.79 , 3.626 , 0.141 , 15.51 , 189.23
1869 , 9288 , 255.08 , -60.0 , 13 , 24.76 , 3.687 , 0.145 , 15.71 , 189.03
1879 , 9329 , 253.43 , -60.1 , 12 , 24.72 , 3.734 , 0.147 , 15.90 , 188.84
1889 , 9369 , 251.81 , -60.1 , 12 , 24.68 , 3.777 , 0.150 , 16.09 , 188.65
1899 , 9410 , 250.16 , -60.1 , 12 , 24.64 , 3.907 , 0.156 , 16.29 , 188.45
1909 , 9450 , 248.56 , -59.8 , 12 , 24.61 , 3.999 , 0.161 , 16.49 , 188.25
1919 , 9491 , 246.94 , -59.9 , 12 , 24.57 , 4.103 , 0.166 , 16.70 , 188.04
1929 , 9528 , 245.46 , -59.7 , 11 , 24.53 , 4.173 , 0.170 , 16.90 , 187.84
1939 , 9566 , 243.97 , -59.5 , 11 , 24.50 , 4.307 , 0.177 , 17.10 , 187.64
1949 , 9606 , 242.41 , -59.4 , 10 , 24.46 , 4.425 , 0.183 , 17.32 , 187.42
1958 , 9644 , 240.96 , -59.3 , 10 , 24.42 , 4.437 , 0.184 , 17.53 , 187.21
1968 , 9682 , 239.50 , -59.4 , 9 , 24.38 , 4.427 , 0.185 , 17.74 , 186.99
1978 , 9721 , 238.03 , -59.3 , 9 , 24.35 , 4.419 , 0.186 , 17.96 , 186.78
1988 , 9759 , 236.59 , -59.2 , 8 , 24.31 , 4.484 , 0.190 , 18.17 , 186.57
1998 , 9798 , 235.12 , -59.3 , 8 , 24.27 , 4.599 , 0.196 , 18.40 , 186.34
2008 , 9837 , 233.63 , -59.3 , 8 , 24.23 , 4.712 , 0.202 , 18.63 , 186.11
2018 , 9878 , 232.12 , -59.3 , 8 , 24.19 , 4.815 , 0.207 , 18.87 , 185.86
2028 , 9918 , 230.65 , -59.3 , 7 , 24.15 , 4.869 , 0.211 , 19.12 , 185.62
2038 , 9957 , 229.22 , -59.2 , 7 , 24.11 , 4.936 , 0.215 , 19.36 , 185.38
2048 , 9999 , 227.69 , -58.9 , 7 , 24.07 , 4.972 , 0.218 , 19.62 , 185.12
2058 , 10042 , 226.13 , -58.8 , 7 , 24.03 , 5.008 , 0.221 , 19.89 , 184.85
2067 , 10082 , 224.70 , -58.9 , 7 , 23.99 , 5.053 , 0.225 , 20.14 , 184.60
2077 , 10122 , 223.26 , -59.1 , 6 , 23.96 , 5.082 , 0.228 , 20.40 , 184.34
2087 , 10165 , 221.74 , -59.1 , 6 , 23.92 , 5.119 , 0.231 , 20.67 , 184.06
2097 , 10209 , 220.17 , -59.2 , 6 , 23.88 , 5.179 , 0.235 , 20.96 , 183.78
2107 , 10252 , 218.66 , -59.1 , 6 , 23.84 , 5.187 , 0.237 , 21.24 , 183.49
2117 , 10295 , 217.17 , -59.0 , 6 , 23.80 , 5.262 , 0.242 , 21.53 , 183.21
2127 , 10338 , 215.68 , -59.3 , 6 , 23.76 , 5.273 , 0.244 , 21.81 , 182.93
2137 , 10381 , 214.23 , -59.2 , 5 , 23.71 , 5.256 , 0.245 , 22.09 , 182.65
2147 , 10421 , 212.85 , -59.5 , 5 , 23.68 , 5.273 , 0.248 , 22.36 , 182.38
2157 , 10462 , 211.46 , -59.6 , 5 , 23.64 , 5.271 , 0.249 , 22.63 , 182.10
2167 , 10503 , 210.07 , -59.4 , 5 , 23.60 , 5.283 , 0.251 , 22.91 , 181.83
2177 , 10545 , 208.66 , -59.5 , 5 , 23.55 , 5.284 , 0.253 , 23.19 , 181.55
2187 , 10588 , 207.25 , -59.5 , 5 , 23.52 , 5.264 , 0.254 , 23.47 , 181.27
2197 , 10628 , 205.92 , -59.6 , 5 , 23.48 , 5.260 , 0.255 , 23.74 , 181.00
2207 , 10669 , 204.59 , -59.6 , 5 , 23.44 , 5.241 , 0.256 , 24.01 , 180.73
2217 , 10711 , 203.19 , -59.6 , 5 , 23.40 , 5.221 , 0.257 , 24.29 , 180.45
2227 , 10753 , 201.84 , -59.5 , 5 , 23.36 , 5.281 , 0.262 , 24.57 , 180.17
2237 , 10794 , 200.52 , -59.4 , 4 , 23.32 , 5.309 , 0.265 , 24.84 , 179.90
2247 , 10834 , 199.24 , -59.6 , 4 , 23.28 , 5.310 , 0.267 , 25.11 , 179.63
2257 , 10876 , 197.92 , -59.6 , 4 , 23.24 , 5.294 , 0.267 , 25.39 , 179.35
2267 , 10915 , 196.68 , -59.6 , 4 , 23.20 , 5.285 , 0.269 , 25.65 , 179.09
2277 , 10955 , 195.44 , -59.5 , 4 , 23.16 , 5.293 , 0.271 , 25.91 , 178.82
2287 , 10995 , 194.18 , -59.4 , 3 , 23.12 , 5.254 , 0.271 , 26.18 , 178.56
2297 , 11034 , 192.98 , -59.4 , 3 , 23.08 , 5.186 , 0.269 , 26.44 , 178.30
2307 , 11072 , 191.81 , -59.4 , 3 , 23.04 , 5.164 , 0.269 , 26.69 , 178.05
2317 , 11111 , 190.63 , -59.2 , 3 , 23.00 , 5.163 , 0.271 , 26.94 , 177.80
2327 , 11147 , 189.51 , -59.2 , 3 , 22.95 , 5.185 , 0.274 , 27.18 , 177.56
2337 , 11185 , 188.36 , -59.2 , 3 , 22.91 , 5.195 , 0.276 , 27.43 , 177.31
2347 , 11227 , 187.12 , -59.0 , 3 , 22.87 , 5.169 , 0.276 , 27.70 , 177.04
2357 , 11267 , 185.92 , -58.9 , 2 , 22.83 , 5.145 , 0.277 , 27.96 , 176.78
2366 , 11305 , 184.79 , -59.0 , 2 , 22.79 , 5.151 , 0.279 , 28.21 , 176.53
2376 , 11344 , 183.66 , -59.0 , 2 , 22.76 , 5.143 , 0.280 , 28.46 , 176.28
2386 , 11384 , 182.49 , -58.9 , 2 , 22.71 , 5.115 , 0.280 , 28.71 , 176.02
2396 , 11423 , 181.36 , -58.8 , 2 , 22.68 , 5.100 , 0.281 , 28.97 , 175.77
2406 , 11465 , 180.13 , -58.7 , 2 , 22.63 , 5.066 , 0.281 , 29.24 , 175.50
2416 , 11507 , 178.93 , -58.6 , 2 , 22.59 , 5.014 , 0.280 , 29.50 , 175.23
2426 , 11549 , 177.75 , -58.7 , 2 , 22.55 , 4.995 , 0.281 , 29.77 , 174.97
2436 , 11591 , 176.55 , -58.8 , 2 , 22.51 , 4.967 , 0.281 , 30.03 , 174.71
2446 , 11635 , 175.34 , -59.0 , 2 , 22.48 , 4.936 , 0.282 , 30.30 , 174.44
2456 , 11679 , 174.11 , -59.1 , 2 , 22.44 , 4.897 , 0.281 , 30.57 , 174.16
2466 , 11723 , 172.89 , -59.1 , 2 , 22.40 , 4.844 , 0.280 , 30.85 , 173.89
2476 , 11765 , 171.72 , -59.3 , 2 , 22.36 , 4.810 , 0.280 , 31.10 , 173.64
2486 , 11808 , 170.55 , -59.2 , 2 , 22.32 , 4.733 , 0.277 , 31.36 , 173.38
2496 , 11851 , 169.39 , -59.2 , 2 , 22.28 , 4.704 , 0.278 , 31.61 , 173.12
2506 , 11892 , 168.28 , -59.2 , 2 , 22.24 , 4.695 , 0.279 , 31.86 , 172.88
2516 , 11935 , 167.13 , -59.3 , 2 , 22.20 , 4.650 , 0.278 , 32.11 , 172.63
2526 , 11979 , 165.95 , -59.6 , 1 , 22.16 , 4.620 , 0.278 , 32.37 , 172.37
2536 , 12020 , 164.88 , -59.5 , 1 , 22.12 , 4.585 , 0.278 , 32.61 , 172.13
2546 , 12061 , 163.79 , -59.6 , 1 , 22.09 , 4.563 , 0.279 , 32.85 , 171.89
2556 , 12103 , 162.69 , -59.5 , 1 , 22.05 , 4.576 , 0.281 , 33.09 , 171.65
2566 , 12146 , 161.60 , -59.6 , 1 , 22.01 , 4.561 , 0.282 , 33.33 , 171.41
2576 , 12187 , 160.54 , -59.4 , 1 , 21.97 , 4.565 , 0.284 , 33.57 , 171.17
2586 , 12227 , 159.51 , -59.5 , 1 , 21.93 , 4.537 , 0.284 , 33.80 , 170.94
2596 , 12267 , 158.50 , -59.7 , 1 , 21.89 , 4.516 , 0.285 , 34.03 , 170.71
2606 , 12306 , 157.51 , -59.8 , 1 , 21.85 , 4.510 , 0.286 , 34.25 , 170.49
2616 , 12345 , 156.52 , -59.7 , 1 , 21.82 , 4.503 , 0.288 , 34.47 , 170.26
2626 , 12386 , 155.51 , -59.6 , 1 , 21.78 , 4.456 , 0.287 , 34.70 , 170.04
2636 , 12425 , 154.54 , -59.6 , 1 , 21.74 , 4.419 , 0.286 , 34.92 , 169.82
2646 , 12465 , 153.54 , -59.3 , 1 , 21.70 , 4.364 , 0.284 , 35.14 , 169.59
2656 , 12505 , 152.57 , -59.3 , 1 , 21.66 , 4.355 , 0.285 , 35.36 , 169.37
2666 , 12545 , 151.59 , -59.2 , 1 , 21.63 , 4.307 , 0.284 , 35.58 , 169.15
2676 , 12586 , 150.61 , -59.3 , 1 , 21.59 , 4.215 , 0.280 , 35.80 , 168.94
2685 , 12626 , 149.64 , -59.4 , 1 , 21.55 , 4.108 , 0.275 , 36.01 , 168.72
2694 , 12664 , 148.74 , -59.3 , 1 , 21.52 , 4.009 , 0.270 , 36.21 , 168.53
2704 , 12705 , 147.77 , -59.2 , 1 , 21.48 , 3.919 , 0.265 , 36.41 , 168.33
2714 , 12748 , 146.75 , -59.3 , 1 , 21.44 , 3.871 , 0.264 , 36.62 , 168.11
2724 , 12790 , 145.79 , -59.3 , 1 , 21.41 , 3.828 , 0.263 , 36.83 , 167.91
2734 , 12831 , 144.84 , -59.2 , 1 , 21.37 , 3.857 , 0.266 , 37.02 , 167.71
2744 , 12871 , 143.90 , -59.2 , 1 , 21.33 , 3.893 , 0.271 , 37.22 , 167.52
2754 , 12911 , 142.98 , -59.0 , 1 , 21.29 , 3.919 , 0.274 , 37.42 , 167.32
2764 , 12952 , 142.05 , -59.2 , 1 , 21.25 , 3.911 , 0.275 , 37.62 , 167.12
2774 , 12994 , 141.11 , -59.1 , 1 , 21.22 , 3.891 , 0.276 , 37.83 , 166.91
2784 , 13035 , 140.18 , -58.9 , 1 , 21.18 , 3.847 , 0.274 , 38.03 , 166.71
2794 , 13079 , 139.22 , -58.8 , 1 , 21.14 , 3.640 , 0.261 , 38.23 , 166.51
2804 , 13121 , 138.27 , -58.7 , 1 , 21.10 , 3.422 , 0.247 , 38.42 , 166.32
2814 , 13165 , 137.31 , -58.6 , 1 , 21.07 , 3.299 , 0.240 , 38.61 , 166.13
2824 , 13208 , 136.38 , -58.8 , 1 , 21.03 , 3.291 , 0.241 , 38.78 , 165.95
2834 , 13251 , 135.44 , -58.9 , 1 , 20.99 , 3.306 , 0.244 , 38.96 , 165.78
2844 , 13295 , 134.50 , -58.8 , 1 , 20.96 , 3.316 , 0.247 , 39.15 , 165.59
2854 , 13339 , 133.56 , -58.7 , 1 , 20.92 , 3.323 , 0.249 , 39.33 , 165.41
2864 , 13383 , 132.63 , -58.7 , 1 , 20.88 , 3.324 , 0.251 , 39.51 , 165.23
2873 , 13425 , 131.75 , -58.6 , 1 , 20.85 , 3.270 , 0.248 , 39.69 , 165.05
2883 , 13467 , 130.86 , -58.6 , 1 , 20.81 , 3.230 , 0.247 , 39.86 , 164.88
2893 , 13511 , 129.95 , -58.3 , 1 , 20.78 , 3.217 , 0.248 , 40.04 , 164.70
2903 , 13552 , 129.10 , -58.2 , 1 , 20.74 , 3.186 , 0.247 , 40.20 , 164.54
2913 , 13595 , 128.22 , -58.2 , 1 , 20.70 , 3.155 , 0.246 , 40.37 , 164.36
2923 , 13638 , 127.35 , -58.1 , 1 , 20.67 , 3.156 , 0.248 , 40.54 , 164.19
2933 , 13682 , 126.47 , -58.1 , 1 , 20.63 , 3.093 , 0.245 , 40.71 , 164.02
2943 , 13725 , 125.60 , -58.3 , 1 , 20.60 , 2.937 , 0.234 , 40.88 , 163.86
2953 , 13769 , 124.72 , -58.4 , 1 , 20.56 , 2.811 , 0.225 , 41.04 , 163.70
2963 , 13813 , 123.85 , -58.3 , 1 , 20.52 , 2.726 , 0.220 , 41.19 , 163.55
2973 , 13857 , 123.00 , -58.3 , 1 , 20.49 , 2.672 , 0.217 , 41.34 , 163.40
2982 , 13896 , 122.23 , -58.1 , 1 , 20.46 , 2.613 , 0.214 , 41.47 , 163.27
2992 , 13937 , 121.45 , -58.0 , 1 , 20.42 , 2.569 , 0.212 , 41.60 , 163.14
3002 , 13979 , 120.63 , -58.0 , 1 , 20.39 , 2.520 , 0.209 , 41.73 , 163.00
3012 , 14023 , 119.79 , -58.1 , 1 , 20.35 , 2.477 , 0.207 , 41.87 , 162.87
3022 , 14067 , 118.97 , -58.1 , 1 , 20.31 , 2.433 , 0.204 , 42.01 , 162.73
3032 , 14107 , 118.20 , -58.2 , 1 , 20.27 , 2.387 , 0.202 , 42.13 , 162.61
3042 , 14151 , 117.39 , -58.2 , 1 , 20.24 , 2.358 , 0.201 , 42.26 , 162.48
3052 , 14195 , 116.57 , -58.4 , 1 , 20.20 , 2.335 , 0.200 , 42.39 , 162.35
3062 , 14239 , 115.75 , -58.4 , 1 , 20.17 , 2.312 , 0.200 , 42.52 , 162.22
3072 , 14283 , 114.95 , -58.4 , 1 , 20.14 , 2.292 , 0.199 , 42.64 , 162.09
3082 , 14329 , 114.11 , -58.1 , 1 , 20.10 , 2.290 , 0.201 , 42.78 , 161.96
3092 , 14372 , 113.34 , -57.8 , 1 , 20.06 , 2.270 , 0.200 , 42.90 , 161.84
3102 , 14417 , 112.53 , -57.7 , 1 , 20.03 , 2.222 , 0.197 , 43.02 , 161.71
3112 , 14463 , 111.71 , -57.8 , 1 , 19.99 , 2.199 , 0.197 , 43.15 , 161.59
3122 , 14509 , 110.89 , -57.9 , 1 , 19.96 , 2.174 , 0.196 , 43.28 , 161.46
3132 , 14557 , 110.06 , -58.0 , 1 , 19.93 , 2.147 , 0.195 , 43.41 , 161.33
3142 , 14602 , 109.26 , -57.9 , 1 , 19.89 , 2.178 , 0.199 , 43.53 , 161.21
3152 , 14649 , 108.47 , -57.9 , 1 , 19.86 , 2.215 , 0.204 , 43.66 , 161.08
3162 , 14694 , 107.69 , -57.9 , 1 , 19.83 , 2.229 , 0.207 , 43.78 , 160.95
3172 , 14738 , 106.94 , -57.8 , 1 , 19.80 , 2.221 , 0.208 , 43.91 , 160.83
3182 , 14782 , 106.18 , -57.5 , 1 , 19.76 , 2.232 , 0.210 , 44.03 , 160.71
3192 , 14825 , 105.47 , -57.5 , 1 , 19.73 , 2.266 , 0.215 , 44.15 , 160.59
3202 , 14865 , 104.80 , -57.1 , 1 , 19.70 , 2.316 , 0.221 , 44.27 , 160.47
3212 , 14905 , 104.14 , -56.9 , 1 , 19.67 , 2.385 , 0.229 , 44.38 , 160.35
3222 , 14948 , 103.44 , -56.9 , 1 , 19.63 , 2.438 , 0.236 , 44.51 , 160.22
3232 , 14987 , 102.80 , -56.6 , 1 , 19.60 , 2.540 , 0.247 , 44.63 , 160.10
3242 , 15029 , 102.12 , -56.7 , 1 , 19.57 , 2.819 , 0.276 , 44.77 , 159.96
3252 , 15071 , 101.45 , -56.7 , 1 , 19.53 , 3.301 , 0.325 , 44.93 , 159.80
3262 , 15113 , 100.78 , -56.2 , 1 , 19.51 , 4.034 , 0.400 , 45.12 , 159.61
3272 , 15155 , 100.12 , -56.0 , 1 , 19.47 , 4.201 , 0.420 , 45.34 , 159.40
3282 , 15196 , 99.48 , -56.0 , 1 , 19.44 , 3.802 , 0.382 , 45.54 , 159.20
3291 , 15235 , 98.87 , -56.0 , 1 , 19.41 , 3.430 , 0.347 , 45.72 , 159.02
3301 , 15274 , 98.26 , -56.0 , 1 , 19.38 , 3.192 , 0.325 , 45.88 , 158.86
3311 , 15315 , 97.63 , -56.2 , 1 , 19.35 , 2.887 , 0.296 , 46.03 , 158.70
3321 , 15356 , 97.01 , -56.0 , 1 , 19.31 , 2.652 , 0.273 , 46.17 , 158.56
3331 , 15398 , 96.36 , -55.9 , 1 , 19.28 , 2.593 , 0.269 , 46.31 , 158.43
3341 , 15442 , 95.70 , -55.8 , 1 , 19.25 , 2.616 , 0.273 , 46.45 , 158.28
3351 , 15485 , 95.05 , -55.6 , 0 , 19.22 , 2.662 , 0.280 , 46.59 , 158.14
3361 , 15527 , 94.43 , -55.5 , 0 , 19.19 , 2.643 , 0.280 , 46.73 , 158.01
3371 , 15568 , 93.83 , -55.4 , 1 , 19.16 , 2.587 , 0.276 , 46.86 , 157.87
3381 , 15610 , 93.20 , -55.3 , 0 , 19.13 , 2.531 , 0.272 , 47.00 , 157.74
3391 , 15652 , 92.59 , -55.1 , 0 , 19.10 , 2.482 , 0.268 , 47.13 , 157.61
3401 , 15696 , 91.96 , -55.2 , 1 , 19.07 , 2.477 , 0.269 , 47.26 , 157.47
3411 , 15740 , 91.33 , -55.2 , 0 , 19.04 , 2.465 , 0.270 , 47.40 , 157.34
3421 , 15786 , 90.67 , -55.2 , 1 , 19.01 , 2.497 , 0.275 , 47.54 , 157.20
3431 , 15833 , 90.00 , -55.2 , 0 , 18.97 , 2.557 , 0.284 , 47.69 , 157.05
3441 , 15882 , 89.32 , -55.3 , 1 , 18.95 , 2.620 , 0.293 , 47.84 , 156.90
3451 , 15929 , 88.66 , -55.2 , 0 , 18.92 , 2.721 , 0.307 , 48.00 , 156.74
3461 , 15976 , 88.01 , -55.0 , 0 , 18.89 , 2.800 , 0.318 , 48.16 , 156.58
3471 , 16024 , 87.36 , -54.9 , 0 , 18.86 , 2.823 , 0.323 , 48.32 , 156.41
3481 , 16070 , 86.73 , -54.8 , 0 , 18.83 , 2.824 , 0.326 , 48.49 , 156.25
3491 , 16116 , 86.10 , -54.6 , 0 , 18.80 , 2.821 , 0.328 , 48.65 , 156.09
3501 , 16161 , 85.50 , -54.5 , 0 , 18.77 , 2.851 , 0.333 , 48.80 , 155.93
3511 , 16208 , 84.88 , -54.2 , 0 , 18.74 , 2.894 , 0.341 , 48.97 , 155.77
3521 , 16253 , 84.29 , -53.9 , 0 , 18.71 , 2.983 , 0.354 , 49.13 , 155.61
3531 , 16298 , 83.69 , -53.7 , 0 , 18.68 , 3.099 , 0.370 , 49.30 , 155.44
3541 , 16343 , 83.11 , -53.8 , 0 , 18.65 , 3.258 , 0.392 , 49.48 , 155.26
3551 , 16388 , 82.53 , -53.7 , 1 , 18.63 , 3.511 , 0.425 , 49.66 , 155.07
3561 , 16431 , 81.97 , -53.8 , 1 , 18.60 , 3.728 , 0.455 , 49.86 , 154.88
3571 , 16476 , 81.41 , -53.7 , 0 , 18.57 , 3.897 , 0.479 , 50.06 , 154.67
3581 , 16520 , 80.86 , -53.6 , 0 , 18.54 , 4.029 , 0.498 , 50.28 , 154.46
3591 , 16564 , 80.30 , -53.4 , 0 , 18.52 , 4.208 , 0.524 , 50.50 , 154.24
3600 , 16605 , 79.79 , -53.4 , 1 , 18.49 , 4.285 , 0.537 , 50.72 , 154.02
3610 , 16646 , 79.28 , -53.2 , 0 , 18.46 , 4.285 , 0.541 , 50.93 , 153.80
3620 , 16690 , 78.74 , -52.8 , 0 , 18.44 , 4.516 , 0.574 , 51.17 , 153.57
3630 , 16735 , 78.19 , -52.6 , 0 , 18.41 , 4.822 , 0.617 , 51.43 , 153.31
3640 , 16779 , 77.66 , -52.5 , 0 , 18.38 , 5.070 , 0.653 , 51.69 , 153.04
3650 , 16826 , 77.10 , -52.6 , 1 , 18.36 , 5.189 , 0.673 , 51.99 , 152.75
3660 , 16872 , 76.56 , -52.4 , 0 , 18.33 , 4.957 , 0.647 , 52.27 , 152.47
3670 , 16917 , 76.03 , -52.2 , 0 , 18.30 , 4.699 , 0.618 , 52.53 , 152.20
3680 , 16960 , 75.51 , -52.1 , 0 , 18.27 , 4.542 , 0.602 , 52.78 , 151.96
3690 , 17005 , 75.00 , -52.0 , 1 , 18.25 , 4.491 , 0.599 , 53.03 , 151.71
3700 , 17051 , 74.46 , -51.8 , 0 , 18.22 , 4.493 , 0.603 , 53.28 , 151.46
3710 , 17097 , 73.93 , -51.6 , 0 , 18.20 , 4.532 , 0.613 , 53.53 , 151.20
3720 , 17144 , 73.40 , -51.5 , 0 , 18.17 , 4.583 , 0.624 , 53.79 , 150.94
3730 , 17190 , 72.89 , -51.4 , 1 , 18.14 , 4.603 , 0.632 , 54.05 , 150.69
3740 , 17236 , 72.37 , -51.3 , 1 , 18.12 , 4.599 , 0.636 , 54.31 , 150.43
3750 , 17282 , 71.86 , -51.2 , 1 , 18.09 , 4.538 , 0.632 , 54.56 , 150.18
3760 , 17331 , 71.32 , -51.0 , 1 , 18.07 , 4.509 , 0.632 , 54.83 , 149.91
3770 , 17380 , 70.79 , -50.9 , 1 , 18.04 , 4.548 , 0.642 , 55.10 , 149.64
3780 , 17427 , 70.28 , -50.8 , 1 , 18.01 , 4.666 , 0.664 , 55.36 , 149.38
3790 , 17475 , 69.76 , -50.6 , 1 , 17.99 , 4.814 , 0.690 , 55.64 , 149.10
3800 , 17523 , 69.25 , -50.3 , 1 , 17.96 , 4.928 , 0.712 , 55.92 , 148.82
3810 , 17570 , 68.75 , -50.2 , 1 , 17.94 , 5.043 , 0.734 , 56.20 , 148.54
3820 , 17617 , 68.26 , -50.2 , 1 , 17.92 , 5.123 , 0.750 , 56.49 , 148.25
3830 , 17661 , 67.80 , -50.1 , 1 , 17.89 , 5.265 , 0.777 , 56.77 , 147.97
3840 , 17705 , 67.34 , -49.9 , 1 , 17.87 , 5.367 , 0.797 , 57.05 , 147.68
3850 , 17749 , 66.89 , -49.7 , 1 , 17.84 , 5.376 , 0.804 , 57.34 , 147.40
3860 , 17793 , 66.44 , -49.7 , 1 , 17.82 , 5.415 , 0.815 , 57.62 , 147.11
3870 , 17839 , 65.98 , -49.7 , 1 , 17.79 , 5.438 , 0.824 , 57.93 , 146.81
3880 , 17886 , 65.51 , -49.5 , 1 , 17.77 , 5.523 , 0.843 , 58.23 , 146.50
3890 , 17931 , 65.06 , -49.3 , 1 , 17.75 , 5.717 , 0.879 , 58.54 , 146.20
3900 , 17976 , 64.62 , -49.3 , 1 , 17.73 , 5.904 , 0.914 , 58.85 , 145.88
3909 , 18018 , 64.20 , -49.1 , 1 , 17.70 , 6.035 , 0.940 , 59.16 , 145.58
3919 , 18062 , 63.77 , -49.0 , 1 , 17.69 , 6.066 , 0.951 , 59.48 , 145.26
3929 , 18106 , 63.34 , -48.6 , 1 , 17.66 , 6.057 , 0.956 , 59.80 , 144.94
3939 , 18151 , 62.91 , -48.3 , 1 , 17.64 , 5.986 , 0.951 , 60.12 , 144.62
3949 , 18196 , 62.49 , -48.0 , 1 , 17.62 , 5.874 , 0.940 , 60.44 , 144.30
3959 , 18242 , 62.05 , -47.6 , 1 , 17.60 , 5.848 , 0.942 , 60.76 , 143.97
3969 , 18285 , 61.65 , -47.3 , 1 , 17.58 , 5.862 , 0.951 , 61.07 , 143.67
3979 , 18332 , 61.21 , -47.0 , 1 , 17.56 , 5.857 , 0.957 , 61.40 , 143.34
3989 , 18376 , 60.80 , -46.8 , 1 , 17.54 , 5.893 , 0.969 , 61.71 , 143.03
3999 , 18421 , 60.39 , -46.6 , 1 , 17.52 , 5.931 , 0.982 , 62.02 , 142.71
4009 , 18467 , 59.97 , -46.5 , 1 , 17.50 , 6.027 , 1.005 , 62.35 , 142.39
4019 , 18512 , 59.57 , -46.2 , 1 , 17.48 , 6.107 , 1.025 , 62.67 , 142.07
4029 , 18557 , 59.17 , -46.0 , 1 , 17.46 , 6.193 , 1.047 , 63.00 , 141.74
4039 , 18601 , 58.78 , -45.8 , 1 , 17.44 , 6.336 , 1.078 , 63.32 , 141.41
4049 , 18647 , 58.38 , -45.6 , 1 , 17.42 , 6.493 , 1.112 , 63.68 , 141.06
4059 , 18692 , 57.99 , -45.5 , 1 , 17.40 , 6.600 , 1.138 , 64.02 , 140.72
4069 , 18738 , 57.58 , -45.3 , 1 , 17.38 , 6.658 , 1.156 , 64.39 , 140.35
4079 , 18785 , 57.18 , -44.9 , 1 , 17.36 , 6.666 , 1.166 , 64.76 , 139.98
4089 , 18830 , 56.80 , -44.7 , 1 , 17.34 , 6.655 , 1.172 , 65.11 , 139.63
4099 , 18875 , 56.41 , -44.7 , 1 , 17.32 , 6.623 , 1.174 , 65.47 , 139.27
4109 , 18922 , 56.02 , -44.6 , 1 , 17.31 , 6.641 , 1.185 , 65.83 , 138.91
4119 , 18967 , 55.64 , -44.6 , 1 , 17.29 , 6.619 , 1.190 , 66.19 , 138.55
4129 , 19014 , 55.25 , -44.5 , 1 , 17.27 , 6.613 , 1.197 , 66.55 , 138.19
4139 , 19060 , 54.88 , -44.5 , 1 , 17.25 , 6.609 , 1.204 , 66.91 , 137.83
4149 , 19107 , 54.49 , -44.4 , 1 , 17.23 , 6.599 , 1.211 , 67.28 , 137.46
4159 , 19157 , 54.09 , -44.4 , 1 , 17.22 , 6.569 , 1.215 , 67.66 , 137.08
4169 , 19202 , 53.72 , -44.1 , 1 , 17.20 , 6.537 , 1.217 , 68.01 , 136.72
4178 , 19250 , 53.34 , -44.0 , 1 , 17.18 , 6.509 , 1.220 , 68.38 , 136.36
4188 , 19296 , 52.98 , -44.0 , 1 , 17.17 , 6.505 , 1.228 , 68.73 , 136.01
4197 , 19345 , 52.59 , -44.0 , 1 , 17.15 , 6.521 , 1.240 , 69.11 , 135.63
4206 , 19389 , 52.25 , -44.0 , 1 , 17.14 , 6.546 , 1.253 , 69.44 , 135.29
4216 , 19437 , 51.87 , -44.2 , 1 , 17.12 , 6.552 , 1.263 , 69.82 , 134.92
4226 , 19488 , 51.48 , -44.3 , 1 , 17.10 , 6.565 , 1.275 , 70.21 , 134.53
4236 , 19539 , 51.09 , -44.1 , 1 , 17.09 , 6.565 , 1.285 , 70.60 , 134.13
4246 , 19590 , 50.70 , -43.8 , 1 , 17.07 , 6.538 , 1.290 , 71.00 , 133.74
4256 , 19642 , 50.32 , -43.8 , 1 , 17.06 , 6.538 , 1.299 , 71.39 , 133.35
4266 , 19692 , 49.94 , -43.6 , 1 , 17.04 , 6.552 , 1.312 , 71.78 , 132.96
4276 , 19740 , 49.59 , -43.3 , 1 , 17.03 , 6.568 , 1.325 , 72.15 , 132.59
4286 , 19790 , 49.22 , -43.1 , 1 , 17.01 , 6.664 , 1.354 , 72.54 , 132.20
4296 , 19838 , 48.87 , -42.9 , 1 , 17.00 , 6.758 , 1.383 , 72.92 , 131.82
4306 , 19888 , 48.51 , -42.8 , 1 , 16.99 , 6.896 , 1.422 , 73.32 , 131.42
4316 , 19935 , 48.17 , -42.8 , 1 , 16.97 , 7.005 , 1.454 , 73.69 , 131.04
4326 , 19983 , 47.83 , -42.6 , 1 , 16.95 , 7.123 , 1.489 , 74.09 , 130.65
4336 , 20030 , 47.50 , -42.4 , 1 , 16.94 , 7.238 , 1.524 , 74.49 , 130.25
4346 , 20077 , 47.17 , -42.1 , 1 , 16.93 , 7.305 , 1.549 , 74.89 , 129.85
4356 , 20125 , 46.83 , -42.1 , 1 , 16.91 , 7.409 , 1.582 , 75.30 , 129.44
4366 , 20174 , 46.50 , -41.9 , 1 , 16.90 , 7.509 , 1.615 , 75.72 , 129.01
4376 , 20221 , 46.18 , -41.6 , 0 , 16.89 , 7.642 , 1.655 , 76.14 , 128.60
4386 , 20270 , 45.84 , -41.5 , 1 , 16.87 , 7.759 , 1.692 , 76.58 , 128.16
4396 , 20316 , 45.53 , -41.1 , 0 , 16.86 , 7.936 , 1.743 , 77.00 , 127.74
4406 , 20361 , 45.23 , -40.7 , 0 , 16.84 , 8.139 , 1.799 , 77.42 , 127.32
4416 , 20409 , 44.91 , -40.7 , 0 , 16.83 , 8.204 , 1.827 , 77.88 , 126.86
4426 , 20456 , 44.60 , -40.7 , 0 , 16.82 , 8.314 , 1.864 , 78.33 , 126.41
4436 , 20506 , 44.28 , -40.6 , 0 , 16.80 , 8.392 , 1.895 , 78.81 , 125.93
4446 , 20554 , 43.97 , -40.6 , 1 , 16.79 , 8.465 , 1.925 , 79.27 , 125.46
4456 , 20602 , 43.66 , -40.7 , 1 , 16.78 , 8.507 , 1.949 , 79.75 , 124.98
4466 , 20652 , 43.34 , -40.7 , 1 , 16.76 , 8.530 , 1.968 , 80.24 , 124.50
4476 , 20702 , 43.02 , -40.3 , 0 , 16.75 , 8.587 , 1.996 , 80.74 , 124.00
4486 , 20752 , 42.70 , -40.1 , 0 , 16.74 , 8.675 , 2.031 , 81.24 , 123.49
4496 , 20801 , 42.40 , -40.0 , 0 , 16.72 , 8.806 , 2.077 , 81.73 , 123.00
4506 , 20851 , 42.09 , -40.0 , 0 , 16.71 , 8.916 , 2.118 , 82.25 , 122.49
4515 , 20897 , 41.81 , -39.8 , 0 , 16.70 , 8.973 , 2.146 , 82.72 , 122.02
4525 , 20942 , 41.53 , -39.3 , 0 , 16.69 , 9.070 , 2.184 , 83.19 , 121.55
4535 , 20993 , 41.23 , -39.1 , 0 , 16.68 , 9.139 , 2.217 , 83.73 , 121.01
4545 , 21041 , 40.94 , -38.7 , 0 , 16.66 , 9.313 , 2.275 , 84.23 , 120.51
4555 , 21087 , 40.66 , -38.2 , 0 , 16.65 , 9.342 , 2.297 , 84.73 , 120.00
4565 , 21135 , 40.39 , -38.0 , 0 , 16.64 , 9.419 , 2.332 , 85.24 , 119.50
4575 , 21183 , 40.10 , -37.9 , 0 , 16.63 , 9.472 , 2.362 , 85.77 , 118.97
4585 , 21233 , 39.81 , -37.7 , 0 , 16.62 , 9.534 , 2.395 , 86.32 , 118.42
4595 , 21284 , 39.52 , -37.7 , 0 , 16.61 , 9.522 , 2.410 , 86.87 , 117.87
4605 , 21334 , 39.24 , -37.7 , 0 , 16.59 , 9.490 , 2.419 , 87.41 , 117.33
4615 , 21385 , 38.94 , -37.5 , 0 , 16.58 , 9.422 , 2.419 , 87.96 , 116.78
4625 , 21436 , 38.66 , -37.1 , 0 , 16.57 , 9.331 , 2.414 , 88.51 , 116.23
4635 , 21485 , 38.38 , -36.8 , 0 , 16.56 , 9.312 , 2.426 , 89.03 , 115.70
4645 , 21535 , 38.11 , -36.8 , 0 , 16.55 , 9.338 , 2.450 , 89.56 , 115.17
4655 , 21586 , 37.83 , -36.7 , 0 , 16.54 , 9.351 , 2.472 , 90.11 , 114.63
4665 , 21637 , 37.55 , -36.7 , 0 , 16.53 , 9.366 , 2.494 , 90.65 , 114.09
4675 , 21684 , 37.30 , -36.5 , 0 , 16.51 , 9.410 , 2.523 , 91.16 , 113.58
4685 , 21732 , 37.04 , -36.3 , 0 , 16.50 , 9.430 , 2.546 , 91.67 , 113.07
4695 , 21782 , 36.77 , -36.1 , 0 , 16.49 , 9.514 , 2.587 , 92.20 , 112.53
4705 , 21829 , 36.53 , -35.9 , 0 , 16.48 , 9.497 , 2.600 , 92.71 , 112.03
4715 , 21875 , 36.28 , -35.7 , 0 , 16.47 , 9.467 , 2.609 , 93.21 , 111.52
4725 , 21924 , 36.03 , -35.4 , 0 , 16.46 , 9.518 , 2.642 , 93.74 , 111.00
4735 , 21972 , 35.78 , -35.2 , 0 , 16.45 , 9.506 , 2.657 , 94.25 , 110.48
4745 , 22018 , 35.54 , -34.9 , 0 , 16.44 , 9.517 , 2.678 , 94.76 , 109.98
4755 , 22066 , 35.30 , -34.6 , 0 , 16.43 , 9.454 , 2.678 , 95.27 , 109.47
4765 , 22112 , 35.07 , -34.5 , 0 , 16.42 , 9.475 , 2.702 , 95.75 , 108.98
4775 , 22157 , 34.84 , -34.3 , 0 , 16.41 , 9.453 , 2.713 , 96.24 , 108.49
4785 , 22201 , 34.63 , -34.0 , 0 , 16.40 , 9.355 , 2.702 , 96.70 , 108.03
4795 , 22245 , 34.41 , -33.6 , 0 , 16.39 , 9.362 , 2.721 , 97.17 , 107.56
4805 , 22289 , 34.20 , -33.3 , 0 , 16.39 , 9.367 , 2.739 , 97.63 , 107.10
4815 , 22335 , 33.97 , -33.2 , 0 , 16.37 , 9.336 , 2.748 , 98.12 , 106.62
4824 , 22378 , 33.76 , -33.0 , 0 , 16.37 , 9.357 , 2.771 , 98.57 , 106.17
4834 , 22420 , 33.57 , -32.9 , 0 , 16.36 , 9.351 , 2.786 , 99.01 , 105.73
4844 , 22469 , 33.33 , -32.8 , 0 , 16.35 , 9.369 , 2.811 , 99.52 , 105.21
4854 , 22514 , 33.12 , -32.7 , 0 , 16.34 , 9.310 , 2.811 , 100.00 , 104.74
4864 , 22563 , 32.89 , -32.3 , 0 , 16.34 , 9.234 , 2.808 , 100.51 , 104.23
4874 , 22611 , 32.66 , -32.0 , 0 , 16.33 , 9.102 , 2.786 , 101.00 , 103.74
4884 , 22662 , 32.43 , -31.8 , 0 , 16.32 , 9.066 , 2.795 , 101.51 , 103.23
4894 , 22708 , 32.22 , -31.8 , 0 , 16.31 , 9.042 , 2.806 , 101.98 , 102.76
4904 , 22761 , 31.98 , -31.7 , 0 , 16.30 , 8.976 , 2.807 , 102.51 , 102.23
4914 , 22808 , 31.77 , -31.6 , 0 , 16.30 , 8.862 , 2.790 , 102.98 , 101.75
4924 , 22860 , 31.53 , -31.8 , 0 , 16.29 , 8.859 , 2.809 , 103.50 , 101.24
4934 , 22909 , 31.32 , -31.9 , 0 , 16.28 , 8.750 , 2.794 , 103.98 , 100.76
4944 , 22961 , 31.09 , -31.8 , 0 , 16.27 , 8.681 , 2.793 , 104.49 , 100.25
4954 , 23010 , 30.87 , -32.1 , 0 , 16.27 , 8.576 , 2.778 , 104.95 , 99.78
4964 , 23060 , 30.66 , -32.4 , 0 , 16.26 , 8.463 , 2.761 , 105.43 , 99.31
4974 , 23110 , 30.44 , -32.2 , 0 , 16.25 , 8.448 , 2.776 , 105.90 , 98.83
4984 , 23159 , 30.23 , -32.0 , 0 , 16.25 , 8.448 , 2.795 , 106.37 , 98.37
4994 , 23207 , 30.02 , -31.8 , 0 , 16.24 , 8.445 , 2.813 , 106.82 , 97.92
5004 , 23255 , 29.82 , -31.7 , 0 , 16.23 , 8.410 , 2.820 , 107.28 , 97.46
5014 , 23304 , 29.61 , -31.7 , 0 , 16.23 , 8.381 , 2.830 , 107.74 , 97.00
5024 , 23350 , 29.42 , -31.2 , 0 , 16.22 , 8.391 , 2.852 , 108.17 , 96.57
5034 , 23400 , 29.21 , -30.8 , 0 , 16.22 , 8.328 , 2.851 , 108.63 , 96.11
5044 , 23445 , 29.03 , -30.7 , 0 , 16.21 , 8.296 , 2.858 , 109.05 , 95.69
5054 , 23490 , 28.84 , -30.8 , 0 , 16.20 , 8.273 , 2.868 , 109.46 , 95.28
5064 , 23538 , 28.65 , -30.5 , 0 , 16.20 , 8.356 , 2.916 , 109.90 , 94.83
5074 , 23585 , 28.46 , -30.4 , 0 , 16.19 , 8.350 , 2.934 , 110.34 , 94.39
5084 , 23638 , 28.25 , -30.2 , 0 , 16.18 , 8.317 , 2.944 , 110.83 , 93.91
5094 , 23687 , 28.06 , -30.1 , 0 , 16.18 , 8.282 , 2.952 , 111.28 , 93.46
5104 , 23738 , 27.86 , -30.0 , 0 , 16.18 , 8.316 , 2.985 , 111.75 , 92.99
5114 , 23790 , 27.65 , -30.0 , 0 , 16.17 , 8.324 , 3.010 , 112.23 , 92.51
5123 , 23841 , 27.46 , -29.9 , 0 , 16.17 , 8.371 , 3.049 , 112.70 , 92.04
5133 , 23896 , 27.25 , -30.0 , 0 , 16.16 , 8.344 , 3.063 , 113.21 , 91.53
5143 , 23953 , 27.03 , -29.8 , 0 , 16.16 , 8.426 , 3.117 , 113.74 , 91.00
5153 , 24014 , 26.80 , -29.6 , 0 , 16.15 , 8.540 , 3.187 , 114.31 , 90.42
5163 , 24073 , 26.58 , -29.1 , 0 , 16.15 , 8.612 , 3.240 , 114.87 , 89.86
5173 , 24132 , 26.36 , -28.9 , 0 , 16.15 , 8.656 , 3.284 , 115.44 , 89.30
5183 , 24192 , 26.14 , -29.0 , 0 , 16.14 , 8.699 , 3.328 , 116.01 , 88.73
5193 , 24248 , 25.94 , -29.0 , 0 , 16.14 , 8.728 , 3.365 , 116.55 , 88.19
5203 , 24305 , 25.73 , -29.1 , 0 , 16.14 , 8.724 , 3.391 , 117.10 , 87.64
5213 , 24362 , 25.52 , -29.3 , 0 , 16.13 , 8.630 , 3.381 , 117.65 , 87.09
5223 , 24418 , 25.32 , -29.4 , 0 , 16.13 , 8.590 , 3.392 , 118.18 , 86.56
5233 , 24471 , 25.14 , -29.2 , 0 , 16.13 , 8.562 , 3.406 , 118.68 , 86.05
5243 , 24523 , 24.95 , -29.2 , 0 , 16.13 , 8.520 , 3.414 , 119.17 , 85.57
5253 , 24575 , 24.77 , -29.0 , 0 , 16.13 , 8.504 , 3.433 , 119.66 , 85.08
5263 , 24623 , 24.61 , -28.8 , 0 , 16.12 , 8.456 , 3.436 , 120.11 , 84.63
5273 , 24671 , 24.44 , -29.0 , 0 , 16.12 , 8.412 , 3.442 , 120.56 , 84.18
5283 , 24716 , 24.29 , -29.2 , 0 , 16.12 , 8.357 , 3.441 , 120.98 , 83.76
5293 , 24762 , 24.13 , -28.7 , 0 , 16.12 , 8.294 , 3.437 , 121.40 , 83.34
5303 , 24805 , 23.99 , -28.5 , 0 , 16.11 , 8.204 , 3.420 , 121.79 , 82.95
5313 , 24847 , 23.85 , -28.6 , 0 , 16.11 , 8.156 , 3.420 , 122.17 , 82.57
5323 , 24888 , 23.71 , -28.3 , 0 , 16.11 , 8.119 , 3.424 , 122.54 , 82.20
5333 , 24928 , 23.58 , -28.0 , 0 , 16.10 , 8.075 , 3.424 , 122.89 , 81.85
5343 , 24970 , 23.44 , -27.4 , 0 , 16.10 , 7.940 , 3.387 , 123.26 , 81.48
5353 , 25011 , 23.31 , -27.1 , 0 , 16.10 , 7.855 , 3.370 , 123.62 , 81.12
5363 , 25058 , 23.16 , -26.5 , 0 , 16.10 , 7.786 , 3.362 , 124.01 , 80.72
5373 , 25101 , 23.02 , -25.9 , 0 , 16.09 , 7.746 , 3.365 , 124.38 , 80.35
5383 , 25147 , 22.88 , -24.9 , 0 , 16.09 , 7.715 , 3.372 , 124.77 , 79.97
5393 , 25197 , 22.72 , -24.4 , 0 , 16.09 , 7.729 , 3.402 , 125.19 , 79.55
5402 , 25244 , 22.57 , -24.3 , 0 , 16.09 , 7.799 , 3.455 , 125.58 , 79.15
5412 , 25297 , 22.41 , -24.4 , 0 , 16.08 , 7.985 , 3.563 , 126.03 , 78.70
5422 , 25349 , 22.25 , -24.5 , 0 , 16.08 , 8.139 , 3.658 , 126.49 , 78.25
5431 , 25403 , 22.09 , -24.8 , 0 , 16.08 , 8.249 , 3.735 , 126.97 , 77.77
5441 , 25452 , 21.94 , -24.7 , 0 , 16.08 , 8.355 , 3.809 , 127.42 , 77.32
5451 , 25510 , 21.76 , -24.9 , 0 , 16.07 , 8.438 , 3.877 , 127.94 , 76.79
5461 , 25568 , 21.59 , -24.9 , 0 , 16.07 , 8.471 , 3.924 , 128.47 , 76.26
5471 , 25623 , 21.43 , -25.0 , 0 , 16.07 , 8.512 , 3.973 , 128.98 , 75.75
5481 , 25683 , 21.25 , -25.0 , 0 , 16.06 , 8.506 , 4.002 , 129.53 , 75.21
5491 , 25736 , 21.10 , -25.1 , 0 , 16.06 , 8.520 , 4.038 , 130.02 , 74.71
5501 , 25789 , 20.94 , -24.8 , 0 , 16.06 , 8.485 , 4.051 , 130.51 , 74.22
5510 , 25838 , 20.80 , -24.5 , 0 , 16.05 , 8.418 , 4.047 , 130.97 , 73.77
5520 , 25889 , 20.66 , -24.2 , 0 , 16.05 , 8.349 , 4.042 , 131.43 , 73.31
5530 , 25940 , 20.51 , -24.2 , 0 , 16.05 , 8.294 , 4.043 , 131.89 , 72.85
5540 , 25988 , 20.38 , -24.0 , 0 , 16.05 , 8.235 , 4.041 , 132.32 , 72.42
5550 , 26038 , 20.24 , -23.7 , 0 , 16.05 , 8.186 , 4.044 , 132.76 , 71.98
5560 , 26088 , 20.10 , -23.6 , 0 , 16.04 , 8.123 , 4.041 , 133.20 , 71.53
5570 , 26136 , 19.97 , -23.6 , 0 , 16.04 , 8.232 , 4.122 , 133.62 , 71.11
5580 , 26183 , 19.84 , -23.8 , 0 , 16.04 , 8.204 , 4.134 , 134.04 , 70.70
5590 , 26229 , 19.72 , -23.9 , 0 , 16.03 , 8.145 , 4.131 , 134.45 , 70.28
5600 , 26274 , 19.60 , -23.8 , 0 , 16.03 , 8.204 , 4.187 , 134.85 , 69.89
5610 , 26322 , 19.47 , -23.8 , 0 , 16.02 , 8.244 , 4.235 , 135.27 , 69.47
5620 , 26367 , 19.35 , -23.8 , 0 , 16.02 , 8.252 , 4.266 , 135.68 , 69.06
5630 , 26413 , 19.23 , -23.2 , 0 , 16.02 , 8.311 , 4.323 , 136.08 , 68.65
5640 , 26457 , 19.11 , -23.1 , 0 , 16.02 , 8.342 , 4.365 , 136.48 , 68.26
5650 , 26510 , 18.97 , -23.2 , 0 , 16.01 , 8.407 , 4.431 , 136.96 , 67.78
5660 , 26561 , 18.84 , -23.2 , 0 , 16.01 , 8.422 , 4.470 , 137.42 , 67.31
5670 , 26611 , 18.71 , -23.3 , 0 , 16.00 , 8.392 , 4.485 , 137.87 , 66.86
5680 , 26660 , 18.59 , -23.4 , 0 , 16.00 , 8.378 , 4.507 , 138.32 , 66.42
5690 , 26709 , 18.46 , -23.3 , 0 , 16.00 , 8.350 , 4.523 , 138.77 , 65.97
5700 , 26764 , 18.33 , -23.2 , 0 , 15.99 , 8.306 , 4.532 , 139.26 , 65.48
5710 , 26819 , 18.19 , -22.9 , 0 , 15.99 , 8.289 , 4.557 , 139.75 , 64.99
5720 , 26872 , 18.06 , -23.0 , 0 , 15.98 , 8.251 , 4.569 , 140.22 , 64.52
5730 , 26927 , 17.92 , -23.1 , 0 , 15.98 , 8.225 , 4.589 , 140.71 , 64.03
5740 , 26980 , 17.79 , -23.0 , 0 , 15.97 , 8.160 , 4.586 , 141.17 , 63.56
5749 , 27030 , 17.67 , -22.9 , 0 , 15.97 , 7.994 , 4.523 , 141.61 , 63.13
5759 , 27081 , 17.55 , -22.8 , 0 , 15.96 , 7.848 , 4.472 , 142.05 , 62.69
5769 , 27136 , 17.42 , -22.8 , 0 , 15.96 , 7.732 , 4.439 , 142.51 , 62.23
5779 , 27191 , 17.29 , -22.8 , 0 , 15.95 , 7.702 , 4.456 , 142.97 , 61.77
5789 , 27240 , 17.17 , -23.0 , 0 , 15.95 , 7.707 , 4.488 , 143.38 , 61.36
5799 , 27290 , 17.06 , -23.3 , 0 , 15.95 , 7.711 , 4.521 , 143.79 , 60.95
5809 , 27339 , 16.94 , -23.5 , 0 , 15.94 , 7.651 , 4.516 , 144.19 , 60.54
5819 , 27390 , 16.82 , -23.6 , 0 , 15.94 , 7.627 , 4.534 , 144.62 , 60.12
5829 , 27438 , 16.71 , -23.5 , 0 , 15.93 , 7.610 , 4.553 , 145.01 , 59.73
5839 , 27486 , 16.60 , -23.3 , 0 , 15.93 , 7.591 , 4.572 , 145.41 , 59.33
5849 , 27537 , 16.49 , -23.4 , 0 , 15.93 , 7.572 , 4.592 , 145.82 , 58.92
5859 , 27589 , 16.37 , -23.1 , 0 , 15.92 , 7.544 , 4.608 , 146.25 , 58.49
5869 , 27638 , 16.26 , -23.0 , 0 , 15.92 , 7.506 , 4.616 , 146.64 , 58.09
5879 , 27688 , 16.15 , -23.4 , 0 , 15.92 , 7.459 , 4.618 , 147.05 , 57.69
5889 , 27738 , 16.04 , -23.4 , 0 , 15.92 , 7.417 , 4.623 , 147.45 , 57.29
5899 , 27792 , 15.92 , -23.1 , 0 , 15.92 , 7.343 , 4.611 , 147.88 , 56.86
5909 , 27839 , 15.82 , -22.9 , 0 , 15.91 , 7.273 , 4.597 , 148.25 , 56.49
5919 , 27890 , 15.71 , -22.9 , 0 , 15.92 , 7.193 , 4.578 , 148.65 , 56.09
5929 , 27939 , 15.61 , -22.8 , 0 , 15.91 , 7.129 , 4.568 , 149.03 , 55.71
5939 , 27989 , 15.50 , -22.7 , 0 , 15.91 , 7.060 , 4.555 , 149.41 , 55.33
5949 , 28041 , 15.39 , -22.6 , 0 , 15.91 , 6.978 , 4.533 , 149.80 , 54.94
5959 , 28091 , 15.29 , -22.8 , 0 , 15.91 , 6.889 , 4.506 , 150.17 , 54.57
5969 , 28145 , 15.18 , -22.6 , 0 , 15.91 , 6.852 , 4.515 , 150.57 , 54.17
5979 , 28197 , 15.07 , -22.4 , 0 , 15.91 , 6.808 , 4.518 , 150.95 , 53.78
5989 , 28248 , 14.96 , -22.2 , 0 , 15.91 , 6.743 , 4.506 , 151.33 , 53.41
5999 , 28299 , 14.86 , -21.6 , 0 , 15.91 , 6.643 , 4.470 , 151.69 , 53.05
6008 , 28349 , 14.76 , -21.3 , 0 , 15.91 , 6.567 , 4.449 , 152.04 , 52.70
6018 , 28398 , 14.66 , -21.4 , 0 , 15.91 , 6.486 , 4.424 , 152.38 , 52.35
6028 , 28447 , 14.56 , -21.4 , 0 , 15.91 , 6.433 , 4.417 , 152.73 , 52.01
6038 , 28500 , 14.46 , -21.2 , 0 , 15.92 , 6.396 , 4.423 , 153.09 , 51.65
6048 , 28552 , 14.36 , -20.9 , 0 , 15.91 , 6.347 , 4.420 , 153.44 , 51.30
6058 , 28604 , 14.26 , -20.7 , 0 , 15.92 , 6.291 , 4.412 , 153.79 , 50.95
6068 , 28658 , 14.15 , -20.4 , 0 , 15.92 , 6.220 , 4.395 , 154.16 , 50.58
6077 , 28700 , 14.08 , -20.3 , 0 , 15.92 , 6.164 , 4.380 , 154.43 , 50.31
6087 , 28750 , 13.98 , -20.0 , 0 , 15.92 , 6.113 , 4.372 , 154.76 , 49.98
6097 , 28786 , 13.91 , -20.0 , 0 , 15.92 , 6.049 , 4.348 , 154.99 , 49.74
6107 , 28840 , 13.81 , -20.1 , 0 , 15.92 , 5.987 , 4.335 , 155.34 , 49.40
6117 , 28888 , 13.72 , -19.9 , 0 , 15.92 , 5.932 , 4.323 , 155.64 , 49.09
6127 , 28938 , 13.63 , -19.6 , 0 , 15.92 , 5.911 , 4.337 , 155.96 , 48.78
6137 , 28989 , 13.54 , -19.7 , 0 , 15.92 , 5.880 , 4.343 , 156.28 , 48.46
6147 , 29042 , 13.44 , -19.8 , 0 , 15.92 , 5.814 , 4.325 , 156.61 , 48.13
6156 , 29075 , 13.38 , -19.4 , 0 , 15.92 , 5.746 , 4.294 , 156.81 , 47.93
6166 , 29123 , 13.29 , -18.9 , 0 , 15.93 , 5.720 , 4.302 , 157.10 , 47.64
6176 , 29179 , 13.20 , -18.8 , 0 , 15.93 , 5.684 , 4.308 , 157.44 , 47.30
6186 , 29225 , 13.11 , -18.9 , 0 , 15.93 , 5.615 , 4.282 , 157.71 , 47.02
6196 , 29268 , 13.04 , -19.0 , 0 , 15.93 , 5.565 , 4.269 , 157.97 , 46.76
6206 , 29322 , 12.94 , -19.2 , 0 , 15.92 , 5.518 , 4.263 , 158.29 , 46.45
6216 , 29368 , 12.86 , -19.0 , 0 , 15.93 , 5.465 , 4.248 , 158.56 , 46.18
6226 , 29424 , 12.77 , -18.9 , 0 , 15.93 , 5.415 , 4.241 , 158.88 , 45.86
6236 , 29466 , 12.70 , -18.8 , 0 , 15.93 , 5.376 , 4.235 , 159.12 , 45.62
6246 , 29517 , 12.61 , -18.5 , 0 , 15.93 , 5.316 , 4.216 , 159.41 , 45.33
6256 , 29568 , 12.52 , -18.3 , 0 , 15.93 , 5.273 , 4.211 , 159.70 , 45.04
6266 , 29621 , 12.43 , -18.2 , 0 , 15.93 , 5.233 , 4.209 , 159.99 , 44.75
6276 , 29668 , 12.36 , -18.3 , 0 , 15.93 , 5.177 , 4.190 , 160.25 , 44.49
6286 , 29726 , 12.26 , -18.5 , 0 , 15.93 , 5.144 , 4.195 , 160.56 , 44.17
6296 , 29768 , 12.19 , -18.7 , 0 , 15.93 , 5.102 , 4.185 , 160.79 , 43.95
6306 , 29818 , 12.11 , -18.8 , 0 , 15.93 , 5.066 , 4.183 , 161.06 , 43.68
6316 , 29862 , 12.04 , -18.4 , 0 , 15.93 , 5.045 , 4.190 , 161.30 , 43.44
6326 , 29913 , 11.96 , -18.1 , 0 , 15.93 , 5.033 , 4.209 , 161.57 , 43.17
6336 , 29967 , 11.87 , -18.0 , 0 , 15.93 , 5.006 , 4.217 , 161.85 , 42.88
6346 , 30014 , 11.80 , -18.0 , 0 , 15.93 , 4.986 , 4.226 , 162.10 , 42.64
6356 , 30066 , 11.71 , -17.8 , 0 , 15.93 , 4.979 , 4.250 , 162.38 , 42.36
6366 , 30118 , 11.63 , -17.6 , 0 , 15.93 , 4.958 , 4.262 , 162.65 , 42.09
6376 , 30164 , 11.56 , -17.7 , 0 , 15.93 , 4.926 , 4.261 , 162.89 , 41.85
6385 , 30213 , 11.49 , -17.6 , 0 , 15.93 , 4.938 , 4.299 , 163.14 , 41.59
6395 , 30257 , 11.42 , -17.6 , 0 , 15.93 , 4.930 , 4.317 , 163.37 , 41.36
6405 , 30306 , 11.34 , -17.6 , 0 , 15.93 , 4.924 , 4.341 , 163.63 , 41.11
6415 , 30353 , 11.27 , -17.5 , 0 , 15.93 , 4.951 , 4.392 , 163.87 , 40.86
6425 , 30392 , 11.22 , -17.0 , 0 , 15.93 , 4.918 , 4.385 , 164.07 , 40.66
6435 , 30442 , 11.14 , -16.4 , 0 , 15.93 , 4.886 , 4.386 , 164.33 , 40.41
6445 , 30493 , 11.07 , -16.1 , 0 , 15.93 , 4.893 , 4.421 , 164.59 , 40.15
6455 , 30530 , 11.01 , -15.8 , 0 , 15.93 , 4.883 , 4.435 , 164.79 , 39.95
6465 , 30578 , 10.94 , -15.3 , 0 , 15.93 , 4.941 , 4.516 , 165.03 , 39.71
6475 , 30627 , 10.87 , -14.6 , 0 , 15.93 , 4.933 , 4.538 , 165.28 , 39.46
6485 , 30673 , 10.81 , -14.4 , 0 , 15.93 , 4.967 , 4.597 , 165.52 , 39.22
6495 , 30714 , 10.75 , -14.3 , 0 , 15.93 , 4.967 , 4.622 , 165.73 , 39.00
6505 , 30764 , 10.68 , -14.2 , 0 , 15.93 , 4.944 , 4.631 , 165.99 , 38.75
6515 , 30810 , 10.61 , -14.5 , 0 , 15.93 , 4.944 , 4.659 , 166.23 , 38.51
6525 , 30860 , 10.54 , -14.4 , 0 , 15.93 , 4.929 , 4.675 , 166.48 , 38.25
6535 , 30905 , 10.48 , -14.5 , 0 , 15.93 , 4.897 , 4.673 , 166.71 , 38.02
6545 , 30951 , 10.42 , -14.8 , 0 , 15.93 , 4.862 , 4.668 , 166.95 , 37.79
6555 , 31000 , 10.35 , -15.1 , 0 , 15.93 , 4.822 , 4.659 , 167.19 , 37.54
6565 , 31045 , 10.29 , -15.5 , 0 , 15.93 , 4.777 , 4.644 , 167.42 , 37.32
6575 , 31089 , 10.23 , -15.8 , 0 , 15.93 , 4.732 , 4.627 , 167.64 , 37.10
6585 , 31131 , 10.17 , -16.2 , 0 , 15.92 , 4.699 , 4.620 , 167.85 , 36.89
6595 , 31177 , 10.11 , -16.3 , 0 , 15.93 , 4.666 , 4.616 , 168.07 , 36.66
6605 , 31223 , 10.05 , -16.3 , 0 , 15.92 , 4.620 , 4.598 , 168.30 , 36.44
6614 , 31265 , 9.99 , -16.4 , 0 , 15.92 , 4.577 , 4.581 , 168.50 , 36.24
6624 , 31306 , 9.94 , -16.4 , 0 , 15.92 , 4.536 , 4.565 , 168.70 , 36.04
6634 , 31338 , 9.89 , -15.9 , 0 , 15.92 , 4.530 , 4.579 , 168.85 , 35.89
6644 , 31385 , 9.83 , -15.4 , 0 , 15.92 , 4.508 , 4.585 , 169.07 , 35.67
6654 , 31428 , 9.78 , -15.2 , 0 , 15.92 , 4.472 , 4.574 , 169.27 , 35.47
6663 , 31471 , 9.72 , -14.7 , 0 , 15.91 , 4.451 , 4.578 , 169.47 , 35.26
6672 , 31516 , 9.66 , -14.0 , 0 , 15.91 , 4.427 , 4.581 , 169.68 , 35.06
6681 , 31551 , 9.62 , -14.0 , 0 , 15.91 , 4.403 , 4.578 , 169.84 , 34.89
6691 , 31600 , 9.56 , -14.3 , 0 , 15.91 , 4.389 , 4.592 , 170.07 , 34.67
6701 , 31640 , 9.51 , -14.1 , 0 , 15.90 , 4.340 , 4.565 , 170.25 , 34.49
6711 , 31687 , 9.45 , -13.7 , 0 , 15.90 , 4.298 , 4.549 , 170.46 , 34.28
6721 , 31729 , 9.40 , -13.3 , 0 , 15.90 , 4.273 , 4.548 , 170.65 , 34.09
6731 , 31770 , 9.35 , -13.1 , 0 , 15.90 , 4.280 , 4.579 , 170.83 , 33.91
6741 , 31814 , 9.29 , -13.0 , 0 , 15.89 , 4.275 , 4.600 , 171.02 , 33.72
6751 , 31861 , 9.24 , -13.0 , 0 , 15.89 , 4.260 , 4.613 , 171.23 , 33.51
6761 , 31897 , 9.19 , -13.0 , 0 , 15.89 , 4.231 , 4.603 , 171.39 , 33.35
6771 , 31937 , 9.14 , -13.1 , 0 , 15.88 , 4.204 , 4.597 , 171.56 , 33.18
