# ------------------------------------------------------------
#
# Flight name: V4911
# Station: Davis
# Launch Date: 29 December 2011
# Launch Time: 11:26:21
# 
# This file created: Fri Jan 06 15:18:52 2012
# 
# 
# ------------------------------------------------------------
# DATA COLUMNS
# Time (s)
# Height (m)
# Atmospheric Pressure (hPa)
# Atmospheric Temperature (°C)
# Relative Humidity (%)
# Box Temperature (°C)
# Ozone Partial Pressure (mPa)
# Ozone Mixing Ratio (ppmV)
# Accumulated Ozone to this Height (Dobson Units)
# Remaining Ozone above this Height (Dobson Units)
# 
# ------------------------------------------------------------
# 
# Integrated Ozone = 236.7 DU
# Extrapolated Ozone =  38.9 DU
# 
# Total Ozone = 275.7 DU
# 
# 
# ------------------------------------------------------------
0 , 18 , 970.06 , -0.0 , 68 , 33.48 , 1.421 , 0.015 , 0.00 , 275.66
7 , 49 , 966.30 , -0.6 , 65 , 33.51 , 1.506 , 0.016 , 0.04 , 275.62
15 , 90 , 961.28 , -0.6 , 48 , 33.53 , 1.441 , 0.015 , 0.11 , 275.56
24 , 127 , 956.89 , -0.8 , 45 , 33.57 , 1.427 , 0.015 , 0.16 , 275.51
34 , 170 , 951.74 , -1.1 , 48 , 33.62 , 1.425 , 0.015 , 0.22 , 275.45
44 , 225 , 945.15 , -1.3 , 51 , 33.66 , 1.457 , 0.015 , 0.30 , 275.37
54 , 277 , 939.06 , -1.4 , 50 , 33.69 , 1.414 , 0.015 , 0.37 , 275.29
64 , 323 , 933.57 , -1.3 , 49 , 33.74 , 1.417 , 0.015 , 0.44 , 275.23
74 , 365 , 928.75 , -1.2 , 46 , 33.77 , 1.402 , 0.015 , 0.49 , 275.17
84 , 409 , 923.53 , -1.5 , 44 , 33.80 , 1.367 , 0.015 , 0.55 , 275.11
94 , 454 , 918.33 , -1.8 , 45 , 33.84 , 1.368 , 0.015 , 0.62 , 275.05
104 , 508 , 912.21 , -2.1 , 49 , 33.86 , 1.358 , 0.015 , 0.69 , 274.98
114 , 552 , 907.06 , -2.4 , 51 , 33.89 , 1.361 , 0.015 , 0.75 , 274.92
124 , 597 , 901.92 , -2.6 , 50 , 33.91 , 1.364 , 0.015 , 0.81 , 274.85
134 , 651 , 895.87 , -3.0 , 49 , 33.93 , 1.356 , 0.015 , 0.88 , 274.78
143 , 701 , 890.19 , -3.4 , 50 , 33.95 , 1.354 , 0.015 , 0.95 , 274.71
153 , 750 , 884.69 , -3.7 , 51 , 33.97 , 1.348 , 0.015 , 1.02 , 274.65
163 , 805 , 878.55 , -4.0 , 52 , 33.98 , 1.335 , 0.015 , 1.09 , 274.57
173 , 851 , 873.42 , -4.3 , 54 , 34.00 , 1.339 , 0.015 , 1.15 , 274.51
183 , 902 , 867.82 , -4.6 , 52 , 34.02 , 1.348 , 0.016 , 1.22 , 274.44
193 , 955 , 861.96 , -5.0 , 50 , 34.03 , 1.343 , 0.016 , 1.29 , 274.37
203 , 1003 , 856.69 , -5.5 , 52 , 34.06 , 1.333 , 0.016 , 1.36 , 274.31
213 , 1048 , 851.84 , -5.9 , 52 , 34.08 , 1.328 , 0.016 , 1.42 , 274.25
223 , 1090 , 847.28 , -6.1 , 48 , 34.09 , 1.321 , 0.016 , 1.47 , 274.19
233 , 1131 , 842.81 , -6.4 , 47 , 34.10 , 1.310 , 0.016 , 1.53 , 274.14
243 , 1169 , 838.71 , -6.7 , 46 , 34.12 , 1.310 , 0.016 , 1.58 , 274.09
253 , 1209 , 834.44 , -6.9 , 43 , 34.13 , 1.320 , 0.016 , 1.63 , 274.03
263 , 1248 , 830.28 , -6.8 , 40 , 34.15 , 1.315 , 0.016 , 1.68 , 273.98
273 , 1288 , 826.04 , -7.1 , 39 , 34.17 , 1.288 , 0.016 , 1.73 , 273.93
283 , 1332 , 821.36 , -7.3 , 41 , 34.19 , 1.272 , 0.015 , 1.79 , 273.87
293 , 1374 , 816.94 , -7.6 , 41 , 34.20 , 1.254 , 0.015 , 1.85 , 273.82
303 , 1415 , 812.66 , -7.9 , 41 , 34.20 , 1.240 , 0.015 , 1.90 , 273.77
313 , 1459 , 808.12 , -8.3 , 42 , 34.21 , 1.232 , 0.015 , 1.95 , 273.71
323 , 1502 , 803.61 , -8.6 , 41 , 34.22 , 1.241 , 0.015 , 2.01 , 273.66
333 , 1545 , 799.15 , -8.9 , 38 , 34.23 , 1.247 , 0.016 , 2.06 , 273.60
343 , 1585 , 794.99 , -9.3 , 39 , 34.25 , 1.246 , 0.016 , 2.11 , 273.55
353 , 1626 , 790.86 , -9.6 , 39 , 34.25 , 1.235 , 0.016 , 2.16 , 273.50
363 , 1667 , 786.60 , -10.0 , 40 , 34.26 , 1.231 , 0.016 , 2.22 , 273.45
373 , 1711 , 782.13 , -10.3 , 40 , 34.27 , 1.226 , 0.016 , 2.27 , 273.39
383 , 1754 , 777.83 , -10.6 , 39 , 34.27 , 1.217 , 0.016 , 2.32 , 273.34
393 , 1796 , 773.57 , -10.8 , 38 , 34.28 , 1.217 , 0.016 , 2.38 , 273.29
403 , 1839 , 769.24 , -11.1 , 37 , 34.28 , 1.213 , 0.016 , 2.43 , 273.23
413 , 1883 , 764.81 , -11.5 , 38 , 34.28 , 1.209 , 0.016 , 2.49 , 273.18
423 , 1926 , 760.52 , -11.8 , 39 , 34.28 , 1.200 , 0.016 , 2.54 , 273.12
433 , 1968 , 756.38 , -12.1 , 39 , 34.29 , 1.200 , 0.016 , 2.59 , 273.07
443 , 2016 , 751.66 , -12.4 , 40 , 34.29 , 1.205 , 0.016 , 2.65 , 273.01
452 , 2063 , 747.06 , -12.7 , 39 , 34.29 , 1.202 , 0.016 , 2.71 , 272.95
462 , 2108 , 742.66 , -12.9 , 39 , 34.27 , 1.196 , 0.016 , 2.77 , 272.90
472 , 2156 , 738.01 , -13.1 , 38 , 34.27 , 1.188 , 0.016 , 2.82 , 272.84
482 , 2201 , 733.65 , -13.5 , 38 , 34.26 , 1.181 , 0.016 , 2.88 , 272.78
492 , 2244 , 729.46 , -13.7 , 38 , 34.26 , 1.173 , 0.016 , 2.93 , 272.73
502 , 2283 , 725.71 , -14.0 , 37 , 34.25 , 1.166 , 0.016 , 2.98 , 272.68
512 , 2325 , 721.71 , -14.4 , 36 , 34.25 , 1.157 , 0.016 , 3.03 , 272.63
522 , 2367 , 717.71 , -14.7 , 37 , 34.25 , 1.153 , 0.016 , 3.08 , 272.58
532 , 2412 , 713.43 , -15.1 , 38 , 34.25 , 1.156 , 0.016 , 3.14 , 272.53
542 , 2460 , 709.01 , -15.4 , 38 , 34.24 , 1.167 , 0.016 , 3.19 , 272.47
552 , 2507 , 704.57 , -15.7 , 37 , 34.23 , 1.154 , 0.016 , 3.25 , 272.41
562 , 2550 , 700.51 , -16.0 , 38 , 34.22 , 1.143 , 0.016 , 3.30 , 272.36
572 , 2600 , 695.95 , -16.5 , 38 , 34.22 , 1.137 , 0.016 , 3.36 , 272.30
582 , 2644 , 691.87 , -16.8 , 39 , 34.21 , 1.118 , 0.016 , 3.41 , 272.25
592 , 2684 , 688.13 , -17.1 , 39 , 34.20 , 1.102 , 0.016 , 3.46 , 272.20
602 , 2735 , 683.50 , -17.6 , 39 , 34.19 , 1.093 , 0.016 , 3.52 , 272.14
612 , 2788 , 678.66 , -17.9 , 40 , 34.19 , 1.087 , 0.016 , 3.58 , 272.08
622 , 2843 , 673.71 , -18.2 , 37 , 34.17 , 1.076 , 0.016 , 3.64 , 272.02
632 , 2888 , 669.62 , -18.6 , 38 , 34.16 , 1.067 , 0.016 , 3.70 , 271.97
642 , 2931 , 665.74 , -18.9 , 38 , 34.15 , 1.054 , 0.016 , 3.74 , 271.92
652 , 2977 , 661.71 , -19.3 , 39 , 34.14 , 1.041 , 0.016 , 3.79 , 271.87
662 , 3020 , 657.83 , -19.7 , 39 , 34.12 , 1.034 , 0.016 , 3.84 , 271.82
672 , 3064 , 653.95 , -20.0 , 39 , 34.11 , 1.031 , 0.016 , 3.89 , 271.77
682 , 3117 , 649.31 , -20.4 , 39 , 34.09 , 1.026 , 0.016 , 3.95 , 271.72
692 , 3166 , 645.00 , -20.7 , 39 , 34.07 , 1.022 , 0.016 , 4.00 , 271.66
702 , 3208 , 641.38 , -21.0 , 39 , 34.06 , 1.021 , 0.016 , 4.05 , 271.62
712 , 3246 , 638.03 , -21.4 , 39 , 34.04 , 1.014 , 0.016 , 4.09 , 271.57
722 , 3287 , 634.49 , -21.8 , 40 , 34.03 , 1.020 , 0.016 , 4.13 , 271.53
732 , 3332 , 630.66 , -22.1 , 41 , 34.02 , 1.015 , 0.016 , 4.18 , 271.48
742 , 3373 , 627.17 , -22.4 , 39 , 34.00 , 1.011 , 0.016 , 4.23 , 271.44
752 , 3415 , 623.54 , -22.8 , 40 , 33.99 , 1.005 , 0.016 , 4.27 , 271.39
761 , 3461 , 619.64 , -23.2 , 41 , 33.98 , 1.001 , 0.016 , 4.32 , 271.34
771 , 3510 , 615.51 , -23.6 , 42 , 33.96 , 1.002 , 0.016 , 4.38 , 271.29
781 , 3559 , 611.39 , -23.9 , 41 , 33.95 , 1.001 , 0.016 , 4.43 , 271.23
791 , 3602 , 607.80 , -24.2 , 41 , 33.92 , 0.998 , 0.016 , 4.48 , 271.19
801 , 3644 , 604.33 , -24.5 , 40 , 33.90 , 1.007 , 0.017 , 4.52 , 271.14
811 , 3686 , 600.83 , -24.9 , 40 , 33.89 , 1.020 , 0.017 , 4.57 , 271.10
821 , 3739 , 596.49 , -25.4 , 42 , 33.87 , 1.043 , 0.017 , 4.63 , 271.04
831 , 3782 , 592.96 , -25.6 , 42 , 33.85 , 1.072 , 0.018 , 4.68 , 270.99
841 , 3821 , 589.77 , -25.8 , 39 , 33.84 , 1.083 , 0.018 , 4.72 , 270.94
851 , 3861 , 586.49 , -26.1 , 39 , 33.82 , 1.085 , 0.019 , 4.77 , 270.89
861 , 3899 , 583.39 , -26.4 , 39 , 33.80 , 1.088 , 0.019 , 4.82 , 270.85
871 , 3939 , 580.20 , -26.7 , 37 , 33.78 , 1.084 , 0.019 , 4.86 , 270.80
881 , 3977 , 577.17 , -26.9 , 37 , 33.76 , 1.082 , 0.019 , 4.91 , 270.76
891 , 4017 , 573.99 , -27.3 , 36 , 33.74 , 1.077 , 0.019 , 4.95 , 270.71
901 , 4058 , 570.71 , -27.7 , 36 , 33.71 , 1.077 , 0.019 , 5.00 , 270.66
911 , 4107 , 566.79 , -28.1 , 39 , 33.69 , 1.073 , 0.019 , 5.06 , 270.60
921 , 4160 , 562.66 , -28.4 , 39 , 33.66 , 1.073 , 0.019 , 5.12 , 270.54
931 , 4211 , 558.63 , -28.5 , 37 , 33.63 , 1.061 , 0.019 , 5.18 , 270.48
941 , 4255 , 555.21 , -28.3 , 35 , 33.59 , 1.055 , 0.019 , 5.23 , 270.43
951 , 4306 , 551.27 , -28.5 , 35 , 33.56 , 1.056 , 0.019 , 5.29 , 270.37
961 , 4353 , 547.69 , -28.9 , 36 , 33.53 , 1.044 , 0.019 , 5.35 , 270.32
971 , 4396 , 544.42 , -29.2 , 37 , 33.51 , 1.036 , 0.019 , 5.40 , 270.27
981 , 4438 , 541.20 , -29.5 , 38 , 33.48 , 1.018 , 0.019 , 5.45 , 270.22
991 , 4480 , 538.02 , -30.0 , 39 , 33.45 , 0.996 , 0.019 , 5.49 , 270.17
1001 , 4523 , 534.76 , -30.2 , 40 , 33.43 , 0.984 , 0.018 , 5.54 , 270.12
1011 , 4569 , 531.33 , -30.5 , 41 , 33.40 , 0.972 , 0.018 , 5.59 , 270.07
1021 , 4617 , 527.78 , -30.9 , 41 , 33.37 , 0.956 , 0.018 , 5.64 , 270.02
1030 , 4665 , 524.18 , -31.1 , 41 , 33.34 , 0.935 , 0.018 , 5.69 , 269.97
1040 , 4715 , 520.53 , -31.5 , 41 , 33.31 , 0.908 , 0.017 , 5.74 , 269.92
1050 , 4766 , 516.72 , -31.9 , 42 , 33.28 , 0.899 , 0.017 , 5.79 , 269.87
1060 , 4823 , 512.62 , -32.3 , 43 , 33.24 , 0.889 , 0.017 , 5.85 , 269.81
1070 , 4869 , 509.26 , -32.6 , 42 , 33.22 , 0.882 , 0.017 , 5.90 , 269.77
1079 , 4910 , 506.30 , -32.9 , 41 , 33.20 , 0.881 , 0.017 , 5.94 , 269.73
1089 , 4952 , 503.25 , -33.2 , 40 , 33.16 , 0.891 , 0.018 , 5.98 , 269.68
1099 , 4998 , 499.99 , -33.5 , 39 , 33.14 , 0.903 , 0.018 , 6.03 , 269.64
1109 , 5039 , 497.09 , -33.8 , 38 , 33.10 , 0.922 , 0.019 , 6.07 , 269.60
1119 , 5080 , 494.16 , -34.3 , 38 , 33.08 , 0.939 , 0.019 , 6.11 , 269.55
1129 , 5126 , 490.91 , -34.6 , 40 , 33.05 , 0.958 , 0.020 , 6.16 , 269.50
1139 , 5173 , 487.62 , -34.9 , 41 , 33.02 , 0.976 , 0.020 , 6.21 , 269.45
1149 , 5223 , 484.15 , -35.3 , 40 , 32.99 , 0.987 , 0.020 , 6.27 , 269.40
1159 , 5280 , 480.20 , -35.7 , 40 , 32.96 , 0.982 , 0.020 , 6.33 , 269.33
1169 , 5337 , 476.24 , -36.3 , 40 , 32.93 , 0.986 , 0.021 , 6.39 , 269.27
1178 , 5399 , 472.02 , -36.7 , 43 , 32.89 , 0.979 , 0.021 , 6.46 , 269.20
1188 , 5448 , 468.69 , -37.0 , 44 , 32.86 , 0.978 , 0.021 , 6.52 , 269.15
1198 , 5495 , 465.49 , -37.4 , 43 , 32.82 , 0.980 , 0.021 , 6.57 , 269.09
1208 , 5541 , 462.45 , -37.7 , 42 , 32.78 , 0.959 , 0.021 , 6.62 , 269.04
1218 , 5588 , 459.27 , -38.2 , 42 , 32.75 , 0.949 , 0.021 , 6.67 , 268.99
1228 , 5640 , 455.83 , -38.5 , 43 , 32.72 , 0.932 , 0.020 , 6.73 , 268.93
1238 , 5694 , 452.26 , -39.0 , 43 , 32.69 , 0.931 , 0.021 , 6.79 , 268.88
1248 , 5749 , 448.66 , -39.3 , 42 , 32.65 , 0.950 , 0.021 , 6.85 , 268.82
1258 , 5793 , 445.75 , -39.7 , 41 , 32.61 , 0.997 , 0.022 , 6.90 , 268.77
1268 , 5848 , 442.17 , -40.0 , 41 , 32.57 , 1.029 , 0.023 , 6.96 , 268.70
1278 , 5899 , 438.87 , -40.3 , 40 , 32.53 , 1.077 , 0.025 , 7.02 , 268.64
1288 , 5951 , 435.57 , -40.8 , 39 , 32.49 , 1.093 , 0.025 , 7.09 , 268.58
1298 , 5997 , 432.58 , -41.1 , 38 , 32.46 , 1.082 , 0.025 , 7.15 , 268.52
1308 , 6044 , 429.65 , -41.6 , 38 , 32.43 , 1.044 , 0.024 , 7.20 , 268.46
1318 , 6087 , 426.90 , -41.8 , 39 , 32.39 , 1.043 , 0.024 , 7.26 , 268.41
1328 , 6132 , 424.04 , -42.2 , 39 , 32.36 , 1.121 , 0.026 , 7.31 , 268.35
1338 , 6181 , 421.02 , -42.6 , 41 , 32.32 , 1.144 , 0.027 , 7.38 , 268.29
1348 , 6227 , 418.12 , -42.9 , 41 , 32.28 , 1.114 , 0.027 , 7.44 , 268.22
1358 , 6270 , 415.49 , -43.2 , 40 , 32.24 , 1.085 , 0.026 , 7.49 , 268.17
1368 , 6318 , 412.51 , -43.6 , 39 , 32.20 , 1.039 , 0.025 , 7.55 , 268.11
1378 , 6368 , 409.45 , -43.9 , 39 , 32.16 , 1.007 , 0.025 , 7.61 , 268.05
1388 , 6417 , 406.46 , -44.3 , 40 , 32.12 , 0.962 , 0.024 , 7.67 , 267.99
1397 , 6466 , 403.51 , -44.6 , 39 , 32.09 , 0.929 , 0.023 , 7.73 , 267.94
1407 , 6510 , 400.88 , -44.9 , 39 , 32.05 , 0.956 , 0.024 , 7.77 , 267.89
1417 , 6556 , 398.13 , -45.2 , 37 , 32.01 , 0.994 , 0.025 , 7.83 , 267.84
1427 , 6599 , 395.58 , -45.5 , 37 , 31.97 , 1.000 , 0.025 , 7.88 , 267.79
1437 , 6643 , 392.93 , -45.9 , 37 , 31.93 , 1.011 , 0.026 , 7.93 , 267.73
1447 , 6685 , 390.50 , -46.1 , 37 , 31.89 , 1.016 , 0.026 , 7.98 , 267.68
1457 , 6733 , 387.66 , -46.6 , 37 , 31.84 , 1.027 , 0.027 , 8.04 , 267.62
1467 , 6784 , 384.69 , -46.9 , 37 , 31.80 , 1.039 , 0.027 , 8.10 , 267.56
1477 , 6836 , 381.69 , -47.2 , 37 , 31.76 , 1.065 , 0.028 , 8.17 , 267.50
1487 , 6889 , 378.62 , -47.7 , 37 , 31.72 , 1.071 , 0.028 , 8.24 , 267.43
1497 , 6938 , 375.83 , -48.1 , 37 , 31.68 , 1.079 , 0.029 , 8.30 , 267.37
1507 , 6984 , 373.24 , -48.3 , 38 , 31.63 , 1.094 , 0.029 , 8.36 , 267.31
1517 , 7034 , 370.39 , -48.6 , 37 , 31.59 , 1.095 , 0.030 , 8.42 , 267.24
1527 , 7088 , 367.38 , -49.0 , 36 , 31.54 , 1.058 , 0.029 , 8.49 , 267.17
1537 , 7139 , 364.51 , -49.3 , 34 , 31.50 , 1.032 , 0.028 , 8.56 , 267.11
1547 , 7197 , 361.31 , -49.9 , 35 , 31.45 , 0.998 , 0.028 , 8.63 , 267.04
1557 , 7246 , 358.59 , -50.4 , 36 , 31.40 , 0.994 , 0.028 , 8.69 , 266.98
1567 , 7295 , 355.89 , -50.7 , 36 , 31.35 , 1.007 , 0.028 , 8.75 , 266.92
1577 , 7345 , 353.19 , -51.1 , 36 , 31.31 , 1.024 , 0.029 , 8.81 , 266.85
1587 , 7396 , 350.40 , -51.5 , 36 , 31.26 , 0.993 , 0.028 , 8.87 , 266.79
1597 , 7445 , 347.80 , -52.0 , 36 , 31.21 , 0.959 , 0.028 , 8.93 , 266.73
1607 , 7495 , 345.08 , -52.4 , 37 , 31.16 , 0.940 , 0.027 , 8.99 , 266.68
1617 , 7548 , 342.26 , -52.8 , 38 , 31.11 , 0.978 , 0.029 , 9.05 , 266.61
1627 , 7601 , 339.50 , -53.3 , 39 , 31.07 , 1.031 , 0.030 , 9.11 , 266.55
1636 , 7645 , 337.18 , -53.7 , 41 , 31.02 , 1.084 , 0.032 , 9.17 , 266.49
1646 , 7689 , 334.87 , -53.8 , 42 , 30.97 , 1.138 , 0.034 , 9.23 , 266.43
1656 , 7732 , 332.65 , -53.9 , 41 , 30.92 , 1.380 , 0.041 , 9.30 , 266.37
1666 , 7779 , 330.20 , -54.0 , 39 , 30.87 , 1.733 , 0.052 , 9.39 , 266.28
1676 , 7827 , 327.73 , -54.2 , 38 , 30.82 , 1.981 , 0.060 , 9.50 , 266.16
1686 , 7874 , 325.31 , -54.2 , 36 , 30.77 , 2.175 , 0.067 , 9.62 , 266.04
1696 , 7920 , 323.02 , -54.2 , 34 , 30.72 , 2.395 , 0.074 , 9.75 , 265.92
1705 , 7960 , 321.00 , -54.3 , 31 , 30.67 , 2.533 , 0.079 , 9.87 , 265.79
1715 , 7998 , 319.09 , -54.4 , 29 , 30.62 , 2.676 , 0.084 , 9.99 , 265.67
1725 , 8043 , 316.89 , -54.4 , 26 , 30.57 , 2.786 , 0.088 , 10.14 , 265.52
1735 , 8097 , 314.23 , -54.5 , 24 , 30.52 , 2.903 , 0.092 , 10.33 , 265.33
1745 , 8142 , 312.01 , -54.3 , 22 , 30.47 , 3.058 , 0.098 , 10.50 , 265.17
1755 , 8181 , 310.11 , -54.0 , 19 , 30.41 , 3.223 , 0.104 , 10.65 , 265.01
1765 , 8222 , 308.16 , -53.7 , 17 , 30.36 , 3.413 , 0.111 , 10.81 , 264.85
1775 , 8263 , 306.18 , -53.5 , 15 , 30.30 , 3.608 , 0.118 , 10.99 , 264.67
1784 , 8308 , 304.04 , -53.1 , 13 , 30.25 , 3.763 , 0.124 , 11.20 , 264.47
1794 , 8352 , 301.97 , -53.2 , 12 , 30.20 , 3.873 , 0.128 , 11.40 , 264.26
1804 , 8399 , 299.78 , -53.0 , 11 , 30.14 , 4.031 , 0.134 , 11.63 , 264.03
1814 , 8452 , 297.33 , -53.0 , 10 , 30.09 , 4.158 , 0.140 , 11.89 , 263.77
1824 , 8513 , 294.53 , -53.4 , 9 , 30.04 , 4.165 , 0.141 , 12.21 , 263.46
1834 , 8569 , 291.97 , -53.7 , 9 , 29.98 , 4.135 , 0.142 , 12.49 , 263.17
1844 , 8617 , 289.81 , -53.7 , 8 , 29.92 , 4.172 , 0.144 , 12.73 , 262.93
1854 , 8671 , 287.37 , -53.7 , 8 , 29.87 , 4.298 , 0.150 , 13.02 , 262.65
1864 , 8719 , 285.23 , -54.0 , 8 , 29.82 , 4.428 , 0.155 , 13.27 , 262.39
1874 , 8762 , 283.31 , -53.7 , 8 , 29.77 , 4.545 , 0.160 , 13.51 , 262.15
1884 , 8803 , 281.51 , -53.3 , 7 , 29.72 , 4.712 , 0.167 , 13.75 , 261.92
1894 , 8844 , 279.72 , -53.4 , 6 , 29.67 , 4.858 , 0.174 , 13.99 , 261.68
1904 , 8889 , 277.77 , -53.3 , 6 , 29.62 , 4.929 , 0.177 , 14.26 , 261.41
1914 , 8939 , 275.64 , -53.6 , 6 , 29.56 , 5.003 , 0.182 , 14.56 , 261.10
1924 , 8985 , 273.65 , -53.6 , 5 , 29.51 , 5.083 , 0.186 , 14.85 , 260.82
1934 , 9028 , 271.83 , -53.5 , 5 , 29.45 , 5.125 , 0.189 , 15.12 , 260.55
1944 , 9069 , 270.10 , -53.3 , 5 , 29.41 , 5.164 , 0.191 , 15.38 , 260.29
1954 , 9111 , 268.34 , -53.2 , 5 , 29.36 , 5.194 , 0.194 , 15.64 , 260.02
1964 , 9152 , 266.67 , -53.3 , 4 , 29.31 , 5.240 , 0.196 , 15.90 , 259.76
1974 , 9191 , 265.05 , -53.3 , 4 , 29.25 , 5.301 , 0.200 , 16.15 , 259.51
1984 , 9232 , 263.38 , -53.3 , 4 , 29.20 , 5.319 , 0.202 , 16.42 , 259.24
1994 , 9271 , 261.75 , -53.3 , 4 , 29.15 , 5.356 , 0.205 , 16.68 , 258.98
2004 , 9311 , 260.14 , -53.3 , 4 , 29.09 , 5.411 , 0.208 , 16.94 , 258.72
2013 , 9358 , 258.26 , -53.1 , 4 , 29.05 , 5.450 , 0.211 , 17.25 , 258.41
2022 , 9398 , 256.64 , -53.1 , 4 , 29.00 , 5.500 , 0.214 , 17.52 , 258.14
2031 , 9434 , 255.22 , -52.6 , 3 , 28.95 , 5.524 , 0.216 , 17.77 , 257.90
2041 , 9473 , 253.68 , -52.6 , 3 , 28.90 , 5.607 , 0.221 , 18.03 , 257.63
2051 , 9518 , 251.93 , -52.5 , 3 , 28.85 , 5.681 , 0.226 , 18.34 , 257.32
2061 , 9565 , 250.10 , -52.2 , 2 , 28.79 , 5.732 , 0.229 , 18.67 , 257.00
2071 , 9604 , 248.61 , -52.1 , 2 , 28.74 , 5.779 , 0.232 , 18.94 , 256.72
2081 , 9645 , 247.01 , -52.3 , 2 , 28.69 , 5.821 , 0.236 , 19.24 , 256.43
2091 , 9688 , 245.40 , -52.4 , 2 , 28.64 , 5.849 , 0.238 , 19.54 , 256.13
2101 , 9730 , 243.80 , -52.3 , 2 , 28.59 , 5.792 , 0.238 , 19.84 , 255.83
2111 , 9771 , 242.25 , -52.2 , 2 , 28.54 , 5.778 , 0.239 , 20.13 , 255.53
2121 , 9812 , 240.71 , -52.1 , 2 , 28.49 , 5.770 , 0.240 , 20.42 , 255.24
2131 , 9854 , 239.16 , -52.1 , 2 , 28.44 , 5.794 , 0.242 , 20.71 , 254.95
2141 , 9897 , 237.59 , -52.2 , 2 , 28.39 , 5.758 , 0.242 , 21.01 , 254.65
2151 , 9938 , 236.10 , -52.1 , 2 , 28.34 , 5.762 , 0.244 , 21.30 , 254.36
2161 , 9979 , 234.60 , -52.2 , 2 , 28.28 , 5.782 , 0.246 , 21.59 , 254.07
2171 , 10021 , 233.08 , -52.3 , 2 , 28.24 , 5.837 , 0.250 , 21.89 , 253.77
2181 , 10061 , 231.63 , -52.0 , 1 , 28.19 , 5.892 , 0.254 , 22.18 , 253.49
2191 , 10100 , 230.23 , -52.0 , 1 , 28.14 , 5.981 , 0.260 , 22.46 , 253.20
2201 , 10142 , 228.77 , -52.0 , 1 , 28.09 , 6.000 , 0.262 , 22.76 , 252.90
2211 , 10181 , 227.38 , -51.8 , 1 , 28.04 , 5.994 , 0.264 , 23.05 , 252.61
2221 , 10220 , 226.03 , -51.9 , 1 , 27.99 , 6.017 , 0.266 , 23.33 , 252.33
2231 , 10261 , 224.59 , -51.9 , 1 , 27.94 , 6.029 , 0.268 , 23.64 , 252.03
2241 , 10301 , 223.22 , -51.9 , 1 , 27.89 , 5.996 , 0.269 , 23.93 , 251.74
2251 , 10339 , 221.89 , -51.7 , 1 , 27.84 , 6.008 , 0.271 , 24.21 , 251.45
2261 , 10379 , 220.53 , -51.6 , 1 , 27.79 , 6.019 , 0.273 , 24.50 , 251.16
2271 , 10423 , 219.06 , -51.5 , 1 , 27.75 , 6.047 , 0.276 , 24.82 , 250.84
2281 , 10464 , 217.68 , -51.4 , 1 , 27.70 , 6.055 , 0.278 , 25.12 , 250.54
2291 , 10506 , 216.27 , -51.2 , 1 , 27.65 , 6.001 , 0.277 , 25.43 , 250.23
2301 , 10545 , 214.95 , -51.3 , 1 , 27.60 , 6.015 , 0.280 , 25.72 , 249.94
2311 , 10585 , 213.64 , -51.1 , 1 , 27.56 , 5.996 , 0.281 , 26.01 , 249.65
2321 , 10625 , 212.33 , -51.1 , 1 , 27.51 , 5.947 , 0.280 , 26.30 , 249.36
2331 , 10670 , 210.89 , -51.1 , 1 , 27.46 , 5.939 , 0.282 , 26.62 , 249.04
2340 , 10713 , 209.49 , -51.2 , 1 , 27.42 , 5.951 , 0.284 , 26.93 , 248.73
2350 , 10751 , 208.27 , -51.2 , 1 , 27.37 , 5.968 , 0.287 , 27.21 , 248.46
2360 , 10791 , 206.99 , -51.1 , 1 , 27.32 , 5.875 , 0.284 , 27.50 , 248.17
2370 , 10830 , 205.73 , -51.2 , 1 , 27.27 , 5.840 , 0.284 , 27.78 , 247.89
2380 , 10871 , 204.44 , -51.4 , 1 , 27.23 , 5.814 , 0.284 , 28.07 , 247.60
2390 , 10913 , 203.12 , -51.7 , 1 , 27.18 , 5.729 , 0.282 , 28.36 , 247.30
2400 , 10955 , 201.82 , -51.6 , 1 , 27.14 , 5.642 , 0.280 , 28.65 , 247.01
2410 , 10998 , 200.48 , -51.6 , 1 , 27.09 , 5.575 , 0.278 , 28.95 , 246.72
2420 , 11041 , 199.16 , -51.5 , 1 , 27.05 , 5.533 , 0.278 , 29.23 , 246.43
2430 , 11082 , 197.90 , -51.5 , 1 , 27.00 , 5.508 , 0.278 , 29.51 , 246.15
2440 , 11121 , 196.71 , -51.6 , 1 , 26.96 , 5.471 , 0.278 , 29.77 , 245.89
2450 , 11161 , 195.51 , -51.4 , 1 , 26.92 , 5.342 , 0.273 , 30.03 , 245.63
2460 , 11202 , 194.27 , -51.5 , 1 , 26.87 , 5.189 , 0.267 , 30.30 , 245.37
2470 , 11243 , 193.06 , -51.5 , 1 , 26.83 , 5.030 , 0.261 , 30.55 , 245.11
2480 , 11281 , 191.92 , -51.5 , 1 , 26.78 , 4.945 , 0.258 , 30.78 , 244.88
2490 , 11320 , 190.78 , -51.6 , 1 , 26.74 , 5.039 , 0.264 , 31.02 , 244.65
2500 , 11360 , 189.61 , -51.5 , 1 , 26.69 , 5.222 , 0.275 , 31.27 , 244.40
2510 , 11400 , 188.43 , -51.6 , 1 , 26.65 , 5.250 , 0.279 , 31.53 , 244.14
2520 , 11440 , 187.27 , -51.7 , 1 , 26.60 , 5.287 , 0.282 , 31.78 , 243.88
2530 , 11481 , 186.09 , -51.7 , 1 , 26.56 , 5.282 , 0.284 , 32.05 , 243.62
2540 , 11522 , 184.92 , -51.5 , 1 , 26.52 , 5.219 , 0.282 , 32.31 , 243.36
2550 , 11564 , 183.74 , -51.2 , 1 , 26.48 , 5.223 , 0.284 , 32.57 , 243.09
2560 , 11606 , 182.56 , -51.1 , 1 , 26.44 , 5.206 , 0.285 , 32.84 , 242.83
2570 , 11648 , 181.38 , -51.0 , 1 , 26.40 , 5.144 , 0.284 , 33.10 , 242.56
2579 , 11687 , 180.28 , -50.8 , 1 , 26.36 , 5.065 , 0.281 , 33.34 , 242.32
2589 , 11728 , 179.16 , -51.1 , 1 , 26.32 , 4.958 , 0.277 , 33.59 , 242.07
2599 , 11769 , 178.02 , -51.2 , 1 , 26.28 , 4.908 , 0.276 , 33.84 , 241.82
2609 , 11811 , 176.89 , -51.2 , 1 , 26.24 , 4.896 , 0.277 , 34.09 , 241.58
2619 , 11853 , 175.75 , -51.2 , 1 , 26.19 , 4.836 , 0.275 , 34.33 , 241.33
2629 , 11892 , 174.68 , -51.3 , 1 , 26.15 , 4.825 , 0.276 , 34.57 , 241.10
2639 , 11933 , 173.60 , -51.2 , 1 , 26.11 , 4.773 , 0.275 , 34.80 , 240.86
2649 , 11974 , 172.50 , -51.3 , 1 , 26.07 , 4.752 , 0.276 , 35.04 , 240.62
2659 , 12015 , 171.41 , -51.3 , 1 , 26.03 , 4.669 , 0.272 , 35.28 , 240.39
2668 , 12054 , 170.39 , -51.5 , 1 , 25.99 , 4.676 , 0.274 , 35.50 , 240.17
2678 , 12094 , 169.33 , -51.4 , 1 , 25.95 , 4.628 , 0.273 , 35.73 , 239.94
2688 , 12137 , 168.22 , -51.3 , 1 , 25.92 , 4.691 , 0.279 , 35.97 , 239.70
2698 , 12180 , 167.10 , -51.2 , 1 , 25.88 , 4.663 , 0.279 , 36.21 , 239.45
2708 , 12224 , 165.98 , -51.1 , 1 , 25.84 , 4.683 , 0.282 , 36.46 , 239.20
2718 , 12268 , 164.87 , -51.1 , 1 , 25.80 , 4.674 , 0.283 , 36.71 , 238.95
2727 , 12308 , 163.86 , -51.4 , 1 , 25.76 , 4.655 , 0.284 , 36.94 , 238.73
2737 , 12346 , 162.88 , -51.4 , 1 , 25.73 , 4.617 , 0.283 , 37.16 , 238.51
2747 , 12386 , 161.89 , -51.2 , 1 , 25.69 , 4.531 , 0.280 , 37.38 , 238.29
2757 , 12426 , 160.90 , -51.1 , 0 , 25.65 , 4.368 , 0.271 , 37.59 , 238.07
2767 , 12466 , 159.90 , -51.1 , 0 , 25.61 , 4.369 , 0.273 , 37.81 , 237.86
2777 , 12509 , 158.86 , -51.0 , 0 , 25.57 , 4.326 , 0.272 , 38.03 , 237.63
2787 , 12550 , 157.86 , -50.8 , 0 , 25.54 , 4.313 , 0.273 , 38.25 , 237.42
2797 , 12591 , 156.88 , -50.8 , 0 , 25.50 , 4.323 , 0.276 , 38.46 , 237.21
2807 , 12632 , 155.87 , -50.8 , 0 , 25.47 , 4.297 , 0.276 , 38.68 , 236.99
2817 , 12672 , 154.92 , -50.5 , 0 , 25.43 , 4.316 , 0.279 , 38.89 , 236.78
2827 , 12712 , 153.98 , -50.5 , 1 , 25.39 , 4.374 , 0.284 , 39.09 , 236.57
2837 , 12751 , 153.06 , -50.6 , 1 , 25.36 , 4.369 , 0.285 , 39.30 , 236.36
2847 , 12793 , 152.07 , -50.7 , 1 , 25.32 , 4.406 , 0.290 , 39.53 , 236.14
2857 , 12836 , 151.07 , -50.7 , 1 , 25.28 , 4.341 , 0.287 , 39.75 , 235.91
2867 , 12880 , 150.06 , -50.7 , 1 , 25.25 , 4.254 , 0.283 , 39.98 , 235.68
2877 , 12921 , 149.13 , -50.8 , 1 , 25.22 , 4.283 , 0.287 , 40.19 , 235.47
2887 , 12964 , 148.14 , -50.9 , 1 , 25.18 , 4.367 , 0.295 , 40.42 , 235.25
2897 , 13007 , 147.16 , -50.7 , 1 , 25.15 , 4.530 , 0.308 , 40.65 , 235.01
2907 , 13050 , 146.19 , -50.8 , 1 , 25.11 , 4.656 , 0.318 , 40.89 , 234.77
2917 , 13090 , 145.29 , -50.7 , 1 , 25.08 , 4.789 , 0.330 , 41.12 , 234.54
2927 , 13132 , 144.37 , -50.8 , 1 , 25.04 , 4.872 , 0.337 , 41.36 , 234.30
2937 , 13173 , 143.45 , -50.7 , 1 , 25.01 , 4.884 , 0.340 , 41.61 , 234.05
2947 , 13217 , 142.48 , -50.7 , 1 , 24.98 , 4.893 , 0.343 , 41.87 , 233.79
2956 , 13261 , 141.53 , -50.8 , 1 , 24.95 , 4.933 , 0.349 , 42.13 , 233.53
2966 , 13303 , 140.62 , -50.7 , 1 , 24.92 , 4.881 , 0.347 , 42.38 , 233.28
2976 , 13346 , 139.69 , -50.9 , 1 , 24.89 , 4.898 , 0.351 , 42.64 , 233.03
2985 , 13385 , 138.86 , -50.9 , 1 , 24.85 , 4.983 , 0.359 , 42.87 , 232.80
2995 , 13422 , 138.06 , -50.9 , 1 , 24.82 , 5.050 , 0.366 , 43.10 , 232.57
3005 , 13465 , 137.16 , -50.9 , 1 , 24.79 , 5.085 , 0.371 , 43.36 , 232.31
3015 , 13510 , 136.22 , -50.9 , 1 , 24.76 , 5.163 , 0.379 , 43.64 , 232.03
3025 , 13555 , 135.29 , -50.8 , 1 , 24.72 , 5.217 , 0.386 , 43.92 , 231.75
3035 , 13600 , 134.35 , -50.9 , 1 , 24.69 , 5.313 , 0.395 , 44.21 , 231.46
3045 , 13645 , 133.42 , -50.9 , 1 , 24.66 , 5.320 , 0.399 , 44.50 , 231.16
3055 , 13690 , 132.49 , -50.6 , 1 , 24.63 , 5.228 , 0.395 , 44.79 , 230.88
3064 , 13733 , 131.63 , -50.7 , 1 , 24.60 , 5.287 , 0.402 , 45.06 , 230.60
3074 , 13774 , 130.80 , -50.6 , 1 , 24.57 , 5.130 , 0.392 , 45.32 , 230.35
3084 , 13815 , 129.97 , -50.4 , 1 , 24.54 , 5.027 , 0.387 , 45.57 , 230.09
3094 , 13858 , 129.13 , -50.4 , 1 , 24.51 , 5.215 , 0.404 , 45.84 , 229.83
3104 , 13899 , 128.32 , -50.3 , 1 , 24.48 , 5.291 , 0.412 , 46.10 , 229.56
3114 , 13940 , 127.50 , -50.1 , 1 , 24.44 , 5.179 , 0.406 , 46.36 , 229.30
3124 , 13982 , 126.70 , -49.9 , 0 , 24.41 , 4.988 , 0.394 , 46.61 , 229.05
3134 , 14024 , 125.88 , -49.6 , 0 , 24.38 , 4.674 , 0.371 , 46.86 , 228.80
3144 , 14065 , 125.09 , -49.7 , 0 , 24.34 , 4.367 , 0.349 , 47.09 , 228.58
3154 , 14108 , 124.28 , -49.8 , 0 , 24.31 , 4.050 , 0.326 , 47.30 , 228.36
3164 , 14149 , 123.50 , -49.7 , 0 , 24.28 , 3.831 , 0.310 , 47.50 , 228.17
3174 , 14191 , 122.72 , -49.7 , 0 , 24.25 , 3.822 , 0.311 , 47.69 , 227.97
3184 , 14235 , 121.90 , -49.6 , 0 , 24.21 , 4.088 , 0.335 , 47.90 , 227.76
3194 , 14277 , 121.10 , -49.8 , 0 , 24.18 , 3.945 , 0.326 , 48.11 , 227.56
3204 , 14321 , 120.30 , -49.7 , 0 , 24.15 , 3.753 , 0.312 , 48.31 , 227.35
3214 , 14367 , 119.45 , -49.8 , 0 , 24.12 , 3.653 , 0.306 , 48.52 , 227.15
3224 , 14413 , 118.61 , -49.9 , 0 , 24.09 , 3.564 , 0.301 , 48.72 , 226.95
3234 , 14460 , 117.77 , -49.9 , 0 , 24.06 , 3.564 , 0.303 , 48.92 , 226.75
3244 , 14505 , 116.96 , -49.7 , 0 , 24.02 , 3.610 , 0.309 , 49.11 , 226.55
3254 , 14550 , 116.16 , -49.7 , 0 , 23.99 , 3.614 , 0.311 , 49.31 , 226.36
3264 , 14596 , 115.35 , -49.4 , 0 , 23.96 , 3.647 , 0.316 , 49.51 , 226.15
3274 , 14639 , 114.59 , -49.5 , 0 , 23.93 , 3.629 , 0.317 , 49.70 , 225.96
3284 , 14684 , 113.81 , -49.5 , 0 , 23.90 , 3.521 , 0.309 , 49.89 , 225.77
3293 , 14726 , 113.07 , -49.3 , 0 , 23.87 , 3.410 , 0.302 , 50.07 , 225.60
3302 , 14767 , 112.38 , -49.3 , 0 , 23.84 , 3.325 , 0.296 , 50.23 , 225.43
3312 , 14810 , 111.64 , -49.2 , 0 , 23.81 , 3.329 , 0.298 , 50.41 , 225.26
3322 , 14854 , 110.88 , -49.0 , 0 , 23.78 , 3.361 , 0.303 , 50.59 , 225.08
3332 , 14897 , 110.17 , -48.9 , 0 , 23.75 , 3.403 , 0.309 , 50.76 , 224.91
3342 , 14940 , 109.44 , -48.7 , 0 , 23.72 , 3.490 , 0.319 , 50.94 , 224.73
3352 , 14983 , 108.72 , -48.7 , 0 , 23.69 , 3.617 , 0.333 , 51.12 , 224.54
3362 , 15026 , 108.03 , -48.6 , 0 , 23.65 , 3.760 , 0.348 , 51.31 , 224.35
3372 , 15069 , 107.32 , -48.5 , 0 , 23.62 , 3.897 , 0.363 , 51.51 , 224.15
3382 , 15114 , 106.58 , -48.3 , 0 , 23.59 , 3.968 , 0.372 , 51.72 , 223.94
3392 , 15159 , 105.87 , -48.3 , 0 , 23.56 , 3.929 , 0.371 , 51.93 , 223.73
3402 , 15204 , 105.13 , -48.2 , 0 , 23.53 , 3.931 , 0.374 , 52.15 , 223.52
3412 , 15249 , 104.42 , -48.1 , 0 , 23.49 , 3.968 , 0.380 , 52.36 , 223.30
3422 , 15292 , 103.74 , -48.0 , 0 , 23.47 , 3.966 , 0.382 , 52.56 , 223.10
3432 , 15336 , 103.05 , -47.8 , 0 , 23.43 , 3.976 , 0.386 , 52.77 , 222.89
3441 , 15381 , 102.36 , -47.8 , 0 , 23.41 , 3.956 , 0.386 , 52.99 , 222.68
3451 , 15424 , 101.69 , -47.6 , 0 , 23.38 , 3.981 , 0.392 , 53.19 , 222.47
3461 , 15470 , 100.99 , -47.3 , 0 , 23.35 , 4.025 , 0.399 , 53.41 , 222.26
3471 , 15515 , 100.30 , -47.1 , 0 , 23.32 , 4.120 , 0.411 , 53.63 , 222.03
3481 , 15560 , 99.62 , -47.0 , 0 , 23.29 , 4.213 , 0.423 , 53.85 , 221.81
3491 , 15603 , 98.97 , -47.0 , 0 , 23.26 , 4.252 , 0.430 , 54.07 , 221.59
3501 , 15647 , 98.32 , -46.9 , 0 , 23.23 , 4.308 , 0.438 , 54.29 , 221.37
3511 , 15691 , 97.66 , -46.8 , 0 , 23.20 , 4.419 , 0.453 , 54.53 , 221.14
3521 , 15738 , 96.98 , -46.7 , 0 , 23.17 , 4.499 , 0.464 , 54.77 , 220.89
3531 , 15782 , 96.33 , -46.8 , 0 , 23.14 , 4.593 , 0.477 , 55.01 , 220.65
3541 , 15826 , 95.70 , -46.8 , 0 , 23.11 , 4.647 , 0.486 , 55.25 , 220.41
3551 , 15872 , 95.03 , -46.8 , 0 , 23.08 , 4.704 , 0.495 , 55.51 , 220.15
3561 , 15918 , 94.38 , -46.7 , 0 , 23.05 , 4.829 , 0.512 , 55.77 , 219.89
3571 , 15965 , 93.71 , -46.8 , 0 , 23.02 , 5.009 , 0.535 , 56.05 , 219.62
3581 , 16012 , 93.04 , -46.8 , 0 , 23.00 , 5.270 , 0.566 , 56.34 , 219.33
3591 , 16058 , 92.40 , -46.7 , 0 , 22.97 , 5.615 , 0.608 , 56.63 , 219.03
3601 , 16104 , 91.77 , -46.3 , 0 , 22.94 , 5.914 , 0.644 , 56.94 , 218.72
3610 , 16147 , 91.18 , -46.0 , 0 , 22.91 , 6.082 , 0.667 , 57.25 , 218.41
3619 , 16188 , 90.62 , -45.9 , 0 , 22.89 , 6.213 , 0.686 , 57.55 , 218.11
3629 , 16232 , 90.01 , -46.0 , 0 , 22.86 , 6.361 , 0.707 , 57.88 , 217.78
3639 , 16279 , 89.39 , -46.1 , 0 , 22.83 , 6.433 , 0.720 , 58.23 , 217.43
3649 , 16325 , 88.77 , -46.0 , 0 , 22.81 , 6.426 , 0.724 , 58.59 , 217.08
3659 , 16369 , 88.18 , -45.8 , 0 , 22.78 , 6.363 , 0.722 , 58.92 , 216.74
3669 , 16415 , 87.57 , -45.5 , 0 , 22.76 , 6.361 , 0.726 , 59.27 , 216.39
3679 , 16461 , 86.97 , -45.4 , 0 , 22.73 , 6.450 , 0.742 , 59.62 , 216.05
3689 , 16508 , 86.37 , -45.2 , 0 , 22.70 , 6.580 , 0.762 , 59.98 , 215.69
3699 , 16555 , 85.75 , -44.8 , 0 , 22.67 , 6.647 , 0.775 , 60.35 , 215.31
3709 , 16602 , 85.15 , -44.8 , 0 , 22.65 , 6.675 , 0.784 , 60.72 , 214.95
3719 , 16648 , 84.57 , -44.7 , 0 , 22.62 , 6.655 , 0.787 , 61.08 , 214.59
3729 , 16694 , 83.99 , -44.5 , 0 , 22.60 , 6.643 , 0.791 , 61.44 , 214.23
3739 , 16740 , 83.42 , -44.4 , 0 , 22.57 , 6.514 , 0.781 , 61.79 , 213.87
3749 , 16785 , 82.86 , -44.1 , 0 , 22.55 , 6.305 , 0.761 , 62.14 , 213.53
3759 , 16830 , 82.30 , -44.0 , 0 , 22.52 , 6.196 , 0.753 , 62.47 , 213.20
3769 , 16875 , 81.75 , -43.9 , 0 , 22.49 , 6.200 , 0.758 , 62.80 , 212.87
3779 , 16923 , 81.17 , -43.9 , 0 , 22.47 , 6.198 , 0.764 , 63.14 , 212.52
3789 , 16969 , 80.62 , -43.9 , 0 , 22.45 , 6.259 , 0.776 , 63.48 , 212.18
3799 , 17017 , 80.04 , -44.2 , 0 , 22.42 , 6.310 , 0.788 , 63.84 , 211.82
3809 , 17065 , 79.47 , -44.0 , 0 , 22.40 , 6.386 , 0.804 , 64.19 , 211.47
3818 , 17109 , 78.95 , -43.9 , 0 , 22.37 , 6.472 , 0.820 , 64.53 , 211.13
3828 , 17153 , 78.44 , -44.0 , 0 , 22.35 , 6.479 , 0.826 , 64.86 , 210.80
3838 , 17196 , 77.93 , -43.8 , 0 , 22.32 , 6.535 , 0.839 , 65.20 , 210.47
3848 , 17243 , 77.39 , -43.9 , 0 , 22.30 , 6.539 , 0.845 , 65.55 , 210.11
3858 , 17289 , 76.86 , -43.8 , 0 , 22.27 , 6.486 , 0.844 , 65.91 , 209.76
3868 , 17333 , 76.36 , -43.8 , 0 , 22.25 , 6.476 , 0.848 , 66.24 , 209.42
3878 , 17378 , 75.85 , -43.7 , 0 , 22.23 , 6.530 , 0.861 , 66.59 , 209.08
3888 , 17424 , 75.34 , -43.4 , 0 , 22.21 , 6.599 , 0.876 , 66.94 , 208.73
3898 , 17469 , 74.82 , -43.1 , 0 , 22.18 , 6.718 , 0.898 , 67.30 , 208.37
3908 , 17517 , 74.30 , -43.1 , 0 , 22.16 , 6.840 , 0.921 , 67.67 , 207.99
3918 , 17564 , 73.79 , -43.0 , 0 , 22.13 , 6.990 , 0.947 , 68.05 , 207.61
3927 , 17609 , 73.29 , -43.0 , 0 , 22.11 , 7.176 , 0.979 , 68.43 , 207.23
3937 , 17654 , 72.81 , -42.9 , 0 , 22.09 , 7.356 , 1.010 , 68.81 , 206.86
3947 , 17701 , 72.29 , -42.8 , 0 , 22.07 , 7.453 , 1.031 , 69.22 , 206.44
3957 , 17749 , 71.79 , -42.8 , 0 , 22.05 , 7.433 , 1.035 , 69.63 , 206.03
3967 , 17795 , 71.29 , -42.5 , 0 , 22.02 , 7.460 , 1.046 , 70.04 , 205.63
3977 , 17840 , 70.82 , -42.4 , 0 , 22.00 , 7.572 , 1.069 , 70.44 , 205.23
3987 , 17888 , 70.32 , -42.5 , 0 , 21.97 , 7.701 , 1.095 , 70.86 , 204.80
3997 , 17936 , 69.82 , -42.0 , 0 , 21.95 , 7.641 , 1.094 , 71.29 , 204.37
4007 , 17984 , 69.33 , -41.4 , 0 , 21.93 , 7.771 , 1.121 , 71.72 , 203.94
4017 , 18032 , 68.84 , -40.9 , 0 , 21.91 , 8.018 , 1.165 , 72.16 , 203.50
4027 , 18080 , 68.36 , -40.4 , 0 , 21.88 , 8.166 , 1.195 , 72.61 , 203.06
4037 , 18128 , 67.87 , -40.2 , 0 , 21.86 , 8.242 , 1.214 , 73.07 , 202.59
4047 , 18176 , 67.40 , -40.2 , 0 , 21.84 , 8.466 , 1.256 , 73.53 , 202.13
4057 , 18222 , 66.95 , -40.3 , 0 , 21.82 , 8.315 , 1.242 , 73.98 , 201.69
4067 , 18268 , 66.49 , -40.5 , 0 , 21.80 , 8.216 , 1.236 , 74.42 , 201.24
4077 , 18315 , 66.04 , -40.3 , 0 , 21.78 , 8.155 , 1.235 , 74.87 , 200.80
4087 , 18361 , 65.60 , -40.2 , 0 , 21.75 , 8.185 , 1.248 , 75.30 , 200.36
4097 , 18406 , 65.16 , -40.2 , 0 , 21.73 , 8.292 , 1.272 , 75.73 , 199.93
4107 , 18452 , 64.72 , -40.0 , 0 , 21.71 , 8.386 , 1.296 , 76.18 , 199.49
4117 , 18498 , 64.29 , -40.0 , 0 , 21.69 , 8.543 , 1.329 , 76.63 , 199.04
4127 , 18543 , 63.87 , -39.9 , 0 , 21.67 , 8.706 , 1.363 , 77.07 , 198.59
4137 , 18586 , 63.47 , -40.0 , 0 , 21.65 , 8.852 , 1.395 , 77.51 , 198.16
4147 , 18630 , 63.06 , -39.8 , 0 , 21.63 , 8.973 , 1.423 , 77.96 , 197.70
4157 , 18677 , 62.63 , -39.6 , 0 , 21.61 , 9.122 , 1.456 , 78.45 , 197.22
4167 , 18722 , 62.22 , -39.4 , 0 , 21.59 , 9.290 , 1.493 , 78.93 , 196.73
4177 , 18768 , 61.81 , -39.2 , 0 , 21.57 , 9.465 , 1.531 , 79.42 , 196.24
4187 , 18813 , 61.39 , -39.3 , 0 , 21.55 , 9.633 , 1.569 , 79.93 , 195.74
4197 , 18860 , 60.98 , -39.4 , 0 , 21.53 , 9.650 , 1.582 , 80.44 , 195.22
4207 , 18906 , 60.57 , -39.3 , 0 , 21.51 , 9.669 , 1.596 , 80.96 , 194.71
4217 , 18954 , 60.15 , -39.1 , 0 , 21.49 , 9.688 , 1.611 , 81.49 , 194.17
4227 , 19002 , 59.72 , -39.2 , 0 , 21.47 , 9.629 , 1.612 , 82.03 , 193.63
4236 , 19047 , 59.34 , -39.4 , 0 , 21.46 , 9.613 , 1.620 , 82.52 , 193.14
4246 , 19093 , 58.93 , -39.3 , 0 , 21.44 , 9.559 , 1.622 , 83.04 , 192.62
4256 , 19140 , 58.54 , -38.9 , 0 , 21.42 , 9.446 , 1.614 , 83.55 , 192.12
4266 , 19187 , 58.14 , -38.7 , 0 , 21.40 , 9.101 , 1.565 , 84.05 , 191.62
4276 , 19236 , 57.72 , -38.4 , 0 , 21.38 , 8.952 , 1.551 , 84.56 , 191.10
4286 , 19284 , 57.32 , -38.1 , 0 , 21.36 , 8.924 , 1.557 , 85.05 , 190.61
4296 , 19332 , 56.92 , -37.9 , 0 , 21.34 , 8.953 , 1.573 , 85.55 , 190.12
4306 , 19382 , 56.51 , -37.9 , 0 , 21.32 , 9.053 , 1.602 , 86.06 , 189.61
4316 , 19430 , 56.11 , -37.8 , 0 , 21.31 , 9.095 , 1.621 , 86.56 , 189.10
4326 , 19478 , 55.73 , -37.7 , 0 , 21.29 , 9.179 , 1.647 , 87.06 , 188.60
4336 , 19527 , 55.33 , -37.9 , 0 , 21.27 , 9.279 , 1.677 , 87.58 , 188.09
4346 , 19575 , 54.95 , -38.0 , 0 , 21.25 , 9.711 , 1.767 , 88.10 , 187.56
4356 , 19624 , 54.56 , -37.9 , 0 , 21.23 , 10.392 , 1.905 , 88.67 , 187.00
4366 , 19670 , 54.19 , -37.7 , 0 , 21.21 , 10.892 , 2.010 , 89.23 , 186.43
4376 , 19718 , 53.82 , -37.7 , 0 , 21.20 , 11.108 , 2.064 , 89.83 , 185.84
4386 , 19765 , 53.45 , -37.6 , 0 , 21.18 , 11.213 , 2.098 , 90.44 , 185.23
4396 , 19813 , 53.08 , -37.4 , 0 , 21.16 , 11.169 , 2.104 , 91.05 , 184.61
4406 , 19862 , 52.71 , -37.4 , 0 , 21.14 , 11.072 , 2.101 , 91.67 , 184.00
4416 , 19911 , 52.33 , -37.1 , 0 , 21.13 , 11.213 , 2.143 , 92.30 , 183.37
4426 , 19957 , 51.98 , -36.8 , 0 , 21.11 , 11.466 , 2.206 , 92.90 , 182.77
4436 , 20007 , 51.62 , -36.6 , 0 , 21.09 , 11.667 , 2.260 , 93.54 , 182.12
4446 , 20053 , 51.27 , -36.6 , 0 , 21.07 , 11.695 , 2.281 , 94.17 , 181.50
4456 , 20101 , 50.91 , -36.8 , 0 , 21.06 , 11.703 , 2.299 , 94.81 , 180.86
4466 , 20148 , 50.57 , -36.4 , 0 , 21.04 , 11.631 , 2.300 , 95.43 , 180.23
4476 , 20194 , 50.24 , -36.2 , 0 , 21.02 , 11.494 , 2.288 , 96.03 , 179.64
4486 , 20241 , 49.90 , -36.1 , 0 , 21.00 , 11.436 , 2.292 , 96.64 , 179.02
4496 , 20286 , 49.57 , -35.8 , 0 , 20.99 , 11.385 , 2.297 , 97.23 , 178.43
4505 , 20331 , 49.25 , -35.5 , 0 , 20.97 , 11.295 , 2.293 , 97.81 , 177.85
4515 , 20378 , 48.93 , -35.7 , 0 , 20.95 , 11.268 , 2.303 , 98.41 , 177.26
4525 , 20425 , 48.59 , -35.8 , 0 , 20.93 , 11.118 , 2.288 , 99.01 , 176.66
4535 , 20474 , 48.25 , -35.8 , 0 , 20.92 , 10.805 , 2.239 , 99.62 , 176.04
4544 , 20521 , 47.92 , -35.6 , 0 , 20.90 , 10.661 , 2.224 , 100.19 , 175.47
4553 , 20567 , 47.61 , -35.2 , 0 , 20.89 , 10.586 , 2.223 , 100.74 , 174.92
4563 , 20614 , 47.29 , -34.9 , 0 , 20.87 , 10.558 , 2.233 , 101.31 , 174.35
4573 , 20666 , 46.94 , -34.7 , 0 , 20.85 , 10.567 , 2.251 , 101.93 , 173.74
4583 , 20717 , 46.60 , -34.8 , 0 , 20.84 , 10.596 , 2.274 , 102.54 , 173.12
4593 , 20769 , 46.25 , -34.8 , 0 , 20.82 , 10.591 , 2.290 , 103.16 , 172.50
4603 , 20821 , 45.91 , -34.6 , 0 , 20.81 , 10.608 , 2.311 , 103.78 , 171.88
4613 , 20873 , 45.57 , -34.5 , 0 , 20.79 , 10.612 , 2.329 , 104.42 , 171.25
4623 , 20923 , 45.24 , -34.1 , 0 , 20.77 , 10.700 , 2.365 , 105.01 , 170.65
4633 , 20973 , 44.92 , -34.1 , 0 , 20.76 , 10.860 , 2.418 , 105.62 , 170.04
4643 , 21025 , 44.59 , -34.1 , 0 , 20.74 , 10.935 , 2.452 , 106.25 , 169.41
4653 , 21075 , 44.27 , -34.3 , 0 , 20.72 , 11.076 , 2.502 , 106.88 , 168.79
4663 , 21125 , 43.96 , -34.2 , 0 , 20.71 , 11.237 , 2.556 , 107.50 , 168.16
4673 , 21176 , 43.64 , -34.1 , 0 , 20.69 , 11.399 , 2.612 , 108.16 , 167.51
4683 , 21225 , 43.34 , -34.0 , 0 , 20.68 , 11.579 , 2.672 , 108.79 , 166.88
4693 , 21272 , 43.04 , -33.6 , 0 , 20.66 , 11.970 , 2.781 , 109.42 , 166.25
4703 , 21321 , 42.75 , -33.7 , 0 , 20.64 , 12.465 , 2.916 , 110.09 , 165.58
4713 , 21366 , 42.47 , -33.8 , 0 , 20.63 , 12.947 , 3.049 , 110.74 , 164.92
4723 , 21413 , 42.18 , -33.8 , 0 , 20.61 , 13.647 , 3.235 , 111.45 , 164.22
4733 , 21463 , 41.88 , -33.9 , 0 , 20.60 , 14.376 , 3.432 , 112.23 , 163.43
4743 , 21510 , 41.60 , -33.5 , 0 , 20.58 , 14.861 , 3.572 , 113.01 , 162.66
4753 , 21560 , 41.31 , -33.3 , 0 , 20.57 , 15.176 , 3.674 , 113.84 , 161.83
4763 , 21609 , 41.02 , -33.5 , 0 , 20.55 , 15.229 , 3.712 , 114.68 , 160.98
4773 , 21657 , 40.74 , -33.5 , 0 , 20.54 , 15.178 , 3.725 , 115.51 , 160.16
4783 , 21706 , 40.46 , -33.4 , 0 , 20.53 , 15.216 , 3.761 , 116.35 , 159.31
4793 , 21756 , 40.17 , -33.4 , 0 , 20.51 , 15.328 , 3.816 , 117.20 , 158.46
4803 , 21804 , 39.90 , -33.4 , 0 , 20.49 , 14.751 , 3.697 , 118.01 , 157.65
4813 , 21854 , 39.62 , -33.0 , 0 , 20.48 , 13.552 , 3.421 , 118.80 , 156.86
4823 , 21899 , 39.36 , -32.6 , 0 , 20.46 , 12.654 , 3.215 , 119.48 , 156.19
4833 , 21948 , 39.09 , -32.6 , 0 , 20.45 , 12.118 , 3.100 , 120.15 , 155.52
4843 , 21995 , 38.83 , -32.4 , 0 , 20.44 , 11.802 , 3.039 , 120.77 , 154.89
4852 , 22042 , 38.57 , -32.2 , 0 , 20.42 , 11.661 , 3.023 , 121.40 , 154.26
4861 , 22085 , 38.34 , -31.9 , 0 , 20.41 , 11.686 , 3.048 , 121.96 , 153.71
4871 , 22133 , 38.08 , -31.6 , 0 , 20.40 , 11.829 , 3.106 , 122.58 , 153.08
4881 , 22185 , 37.80 , -31.7 , 0 , 20.39 , 12.071 , 3.193 , 123.28 , 152.38
4891 , 22237 , 37.52 , -31.9 , 0 , 20.37 , 12.337 , 3.288 , 123.99 , 151.68
4901 , 22288 , 37.25 , -32.2 , 0 , 20.36 , 12.545 , 3.368 , 124.70 , 150.96
4911 , 22341 , 36.97 , -32.4 , 0 , 20.34 , 12.699 , 3.435 , 125.45 , 150.22
4921 , 22393 , 36.70 , -32.3 , 0 , 20.33 , 12.825 , 3.494 , 126.19 , 149.48
4931 , 22443 , 36.44 , -32.2 , 0 , 20.32 , 12.906 , 3.541 , 126.91 , 148.76
4941 , 22497 , 36.16 , -32.4 , 0 , 20.30 , 12.930 , 3.575 , 127.69 , 147.97
4951 , 22548 , 35.90 , -32.6 , 0 , 20.29 , 12.961 , 3.610 , 128.44 , 147.23
4961 , 22601 , 35.64 , -32.6 , 0 , 20.28 , 12.953 , 3.635 , 129.20 , 146.47
4971 , 22652 , 35.38 , -32.8 , 0 , 20.26 , 12.880 , 3.641 , 129.94 , 145.72
4981 , 22706 , 35.11 , -33.1 , 0 , 20.25 , 12.757 , 3.634 , 130.72 , 144.95
4991 , 22757 , 34.85 , -33.2 , 0 , 20.24 , 12.659 , 3.632 , 131.45 , 144.22
5001 , 22806 , 34.61 , -33.2 , 0 , 20.22 , 12.515 , 3.616 , 132.14 , 143.52
5011 , 22860 , 34.34 , -33.0 , 0 , 20.21 , 12.596 , 3.668 , 132.91 , 142.76
5021 , 22911 , 34.09 , -32.3 , 0 , 20.20 , 13.296 , 3.900 , 133.65 , 142.02
5030 , 22958 , 33.87 , -32.0 , 0 , 20.18 , 14.240 , 4.204 , 134.36 , 141.30
5040 , 23005 , 33.65 , -31.9 , 0 , 20.18 , 14.903 , 4.429 , 135.13 , 140.54
5050 , 23055 , 33.41 , -31.8 , 0 , 20.16 , 15.337 , 4.591 , 135.98 , 139.69
5060 , 23107 , 33.16 , -31.4 , 0 , 20.15 , 15.456 , 4.660 , 136.86 , 138.80
5070 , 23157 , 32.93 , -31.1 , 0 , 20.14 , 15.486 , 4.702 , 137.73 , 137.94
5080 , 23207 , 32.70 , -31.0 , 0 , 20.12 , 15.496 , 4.739 , 138.59 , 137.07
5090 , 23257 , 32.47 , -31.0 , 0 , 20.11 , 15.455 , 4.760 , 139.46 , 136.21
5100 , 23308 , 32.24 , -31.0 , 0 , 20.10 , 15.285 , 4.741 , 140.32 , 135.34
5110 , 23359 , 32.00 , -31.0 , 0 , 20.09 , 15.217 , 4.755 , 141.20 , 134.46
5120 , 23411 , 31.77 , -30.9 , 0 , 20.08 , 15.316 , 4.821 , 142.08 , 133.58
5130 , 23460 , 31.55 , -30.8 , 0 , 20.07 , 15.217 , 4.823 , 142.91 , 132.75
5140 , 23513 , 31.32 , -30.8 , 0 , 20.05 , 15.080 , 4.815 , 143.81 , 131.86
5150 , 23565 , 31.09 , -30.8 , 0 , 20.04 , 14.982 , 4.819 , 144.67 , 131.00
5160 , 23617 , 30.86 , -30.9 , 0 , 20.03 , 14.866 , 4.817 , 145.53 , 130.13
5169 , 23666 , 30.65 , -31.1 , 0 , 20.02 , 14.735 , 4.808 , 146.35 , 129.31
5179 , 23716 , 30.43 , -31.2 , 0 , 20.01 , 14.502 , 4.765 , 147.16 , 128.51
5189 , 23770 , 30.20 , -31.3 , 0 , 20.00 , 14.435 , 4.780 , 148.03 , 127.64
5199 , 23822 , 29.98 , -31.4 , 0 , 19.99 , 14.270 , 4.760 , 148.86 , 126.80
5209 , 23878 , 29.74 , -31.0 , 0 , 19.98 , 14.099 , 4.740 , 149.75 , 125.92
5219 , 23932 , 29.52 , -30.5 , 0 , 19.96 , 13.981 , 4.737 , 150.60 , 125.07
5229 , 23984 , 29.30 , -30.4 , 0 , 19.95 , 14.004 , 4.779 , 151.40 , 124.27
5238 , 24039 , 29.08 , -30.5 , 0 , 19.94 , 13.998 , 4.814 , 152.25 , 123.41
5248 , 24089 , 28.87 , -30.7 , 0 , 19.93 , 13.907 , 4.816 , 153.03 , 122.64
5258 , 24146 , 28.64 , -31.0 , 0 , 19.92 , 13.843 , 4.833 , 153.91 , 121.75
5269 , 24200 , 28.43 , -31.2 , 0 , 19.90 , 13.811 , 4.859 , 154.74 , 120.93
5279 , 24251 , 28.22 , -31.2 , 0 , 19.90 , 13.810 , 4.894 , 155.53 , 120.13
5289 , 24303 , 28.01 , -31.3 , 0 , 19.88 , 13.746 , 4.907 , 156.33 , 119.34
5299 , 24353 , 27.82 , -31.3 , 0 , 19.87 , 13.738 , 4.939 , 157.09 , 118.58
5309 , 24406 , 27.61 , -31.5 , 0 , 19.86 , 13.831 , 5.009 , 157.90 , 117.76
5319 , 24459 , 27.40 , -31.7 , 0 , 19.85 , 13.733 , 5.012 , 158.73 , 116.94
5329 , 24510 , 27.21 , -31.6 , 0 , 19.84 , 13.870 , 5.098 , 159.50 , 116.16
5339 , 24563 , 27.00 , -31.7 , 0 , 19.83 , 13.951 , 5.167 , 160.34 , 115.33
5349 , 24615 , 26.80 , -31.9 , 0 , 19.82 , 13.890 , 5.182 , 161.15 , 114.52
5359 , 24666 , 26.61 , -31.7 , 0 , 19.81 , 13.931 , 5.235 , 161.94 , 113.73
5369 , 24716 , 26.42 , -31.4 , 0 , 19.80 , 13.921 , 5.268 , 162.71 , 112.95
5379 , 24771 , 26.22 , -31.4 , 0 , 19.79 , 13.871 , 5.290 , 163.56 , 112.11
5389 , 24823 , 26.03 , -31.4 , 0 , 19.78 , 13.818 , 5.309 , 164.36 , 111.31
5399 , 24873 , 25.85 , -31.2 , 0 , 19.77 , 13.835 , 5.353 , 165.13 , 110.53
5409 , 24925 , 25.66 , -31.1 , 0 , 19.76 , 13.731 , 5.352 , 165.93 , 109.74
5419 , 24975 , 25.48 , -31.1 , 0 , 19.75 , 13.645 , 5.356 , 166.69 , 108.97
5429 , 25025 , 25.30 , -31.0 , 0 , 19.74 , 13.531 , 5.349 , 167.45 , 108.21
5439 , 25077 , 25.11 , -30.8 , 0 , 19.72 , 13.434 , 5.350 , 168.23 , 107.43
5449 , 25130 , 24.92 , -30.6 , 0 , 19.71 , 13.421 , 5.384 , 169.02 , 106.64
5459 , 25179 , 24.75 , -30.5 , 0 , 19.70 , 13.398 , 5.412 , 169.75 , 105.91
5469 , 25233 , 24.57 , -30.4 , 0 , 19.69 , 13.360 , 5.438 , 170.56 , 105.10
5479 , 25283 , 24.39 , -30.2 , 0 , 19.68 , 13.459 , 5.517 , 171.30 , 104.37
5488 , 25333 , 24.22 , -29.8 , 0 , 19.67 , 13.582 , 5.607 , 172.04 , 103.62
5497 , 25375 , 24.08 , -29.4 , 0 , 19.66 , 13.615 , 5.654 , 172.69 , 102.98
5506 , 25426 , 23.91 , -29.4 , 0 , 19.65 , 13.634 , 5.702 , 173.45 , 102.21
5516 , 25474 , 23.75 , -29.2 , 0 , 19.64 , 13.523 , 5.694 , 174.17 , 101.50
5526 , 25528 , 23.57 , -29.2 , 0 , 19.63 , 13.540 , 5.744 , 174.97 , 100.69
5537 , 25583 , 23.39 , -29.2 , 0 , 19.62 , 13.426 , 5.741 , 175.80 , 99.86
5546 , 25627 , 23.24 , -29.1 , 0 , 19.61 , 13.307 , 5.725 , 176.45 , 99.21
5555 , 25677 , 23.08 , -28.9 , 0 , 19.60 , 13.303 , 5.763 , 177.18 , 98.49
5565 , 25727 , 22.92 , -28.7 , 0 , 19.60 , 13.233 , 5.772 , 177.91 , 97.76
5575 , 25776 , 22.77 , -28.7 , 0 , 19.58 , 13.097 , 5.753 , 178.63 , 97.04
5585 , 25829 , 22.60 , -28.8 , 0 , 19.57 , 13.042 , 5.771 , 179.39 , 96.27
5595 , 25881 , 22.43 , -28.7 , 0 , 19.56 , 12.876 , 5.740 , 180.14 , 95.53
5605 , 25932 , 22.28 , -28.7 , 0 , 19.55 , 12.961 , 5.818 , 180.85 , 94.81
5615 , 25983 , 22.12 , -28.6 , 0 , 19.54 , 12.878 , 5.823 , 181.59 , 94.07
5625 , 26037 , 21.95 , -28.5 , 0 , 19.53 , 12.841 , 5.850 , 182.34 , 93.32
5635 , 26088 , 21.79 , -28.2 , 0 , 19.53 , 12.845 , 5.894 , 183.08 , 92.59
5645 , 26139 , 21.64 , -28.0 , 0 , 19.51 , 12.779 , 5.905 , 183.79 , 91.87
5655 , 26188 , 21.50 , -28.0 , 0 , 19.51 , 12.644 , 5.882 , 184.47 , 91.19
5664 , 26235 , 21.35 , -27.9 , 0 , 19.50 , 12.548 , 5.876 , 185.12 , 90.54
5674 , 26285 , 21.21 , -27.7 , 0 , 19.49 , 12.452 , 5.872 , 185.81 , 89.86
5684 , 26339 , 21.05 , -27.4 , 0 , 19.48 , 12.334 , 5.860 , 186.55 , 89.12
5693 , 26388 , 20.90 , -27.4 , 0 , 19.47 , 12.168 , 5.821 , 187.21 , 88.46
5703 , 26442 , 20.75 , -27.4 , 0 , 19.46 , 12.018 , 5.793 , 187.93 , 87.74
5713 , 26494 , 20.60 , -27.4 , 0 , 19.45 , 11.875 , 5.765 , 188.61 , 87.06
5724 , 26548 , 20.44 , -27.6 , 0 , 19.44 , 11.755 , 5.750 , 189.30 , 86.36
5733 , 26600 , 20.30 , -27.7 , 0 , 19.43 , 11.658 , 5.744 , 189.98 , 85.69
5743 , 26653 , 20.15 , -28.0 , 0 , 19.42 , 11.570 , 5.743 , 190.65 , 85.02
5753 , 26705 , 20.00 , -27.9 , 0 , 19.41 , 11.409 , 5.704 , 191.31 , 84.36
5762 , 26756 , 19.86 , -27.9 , 0 , 19.40 , 11.345 , 5.712 , 191.94 , 83.73
5773 , 26815 , 19.70 , -28.1 , 0 , 19.39 , 11.228 , 5.700 , 192.67 , 82.99
5781 , 26857 , 19.58 , -28.1 , 0 , 19.38 , 11.245 , 5.743 , 193.20 , 82.46
5791 , 26908 , 19.45 , -27.9 , 0 , 19.37 , 11.202 , 5.761 , 193.82 , 81.84
5801 , 26964 , 19.29 , -28.0 , 0 , 19.37 , 11.080 , 5.743 , 194.51 , 81.16
5811 , 27011 , 19.17 , -28.4 , 0 , 19.35 , 11.066 , 5.774 , 195.09 , 80.58
5821 , 27068 , 19.01 , -28.5 , 0 , 19.35 , 10.976 , 5.772 , 195.78 , 79.89
5831 , 27119 , 18.88 , -28.6 , 0 , 19.34 , 10.969 , 5.810 , 196.39 , 79.27
5841 , 27171 , 18.74 , -28.4 , 0 , 19.33 , 10.974 , 5.855 , 197.02 , 78.65
5851 , 27221 , 18.61 , -28.0 , 0 , 19.32 , 11.069 , 5.947 , 197.63 , 78.04
5861 , 27272 , 18.48 , -27.9 , 0 , 19.31 , 11.081 , 5.996 , 198.25 , 77.41
5871 , 27321 , 18.36 , -27.7 , 0 , 19.30 , 11.004 , 5.995 , 198.84 , 76.82
5881 , 27376 , 18.22 , -27.5 , 0 , 19.29 , 10.918 , 5.993 , 199.50 , 76.16
5891 , 27424 , 18.10 , -27.5 , 0 , 19.28 , 10.745 , 5.938 , 200.07 , 75.59
5901 , 27478 , 17.96 , -27.5 , 0 , 19.27 , 10.618 , 5.912 , 200.71 , 74.96
5911 , 27529 , 17.83 , -27.4 , 0 , 19.26 , 10.359 , 5.809 , 201.29 , 74.37
5921 , 27580 , 17.71 , -27.5 , 0 , 19.25 , 10.290 , 5.812 , 201.88 , 73.79
5931 , 27627 , 17.59 , -27.7 , 0 , 19.24 , 10.084 , 5.733 , 202.40 , 73.26
5940 , 27676 , 17.47 , -27.6 , 0 , 19.23 , 9.962 , 5.702 , 202.94 , 72.73
5950 , 27723 , 17.36 , -27.5 , 0 , 19.22 , 9.833 , 5.665 , 203.45 , 72.21
5960 , 27776 , 17.23 , -27.6 , 0 , 19.21 , 9.695 , 5.626 , 204.01 , 71.65
5968 , 27819 , 17.13 , -27.5 , 0 , 19.20 , 9.613 , 5.612 , 204.47 , 71.19
5979 , 27873 , 17.00 , -27.4 , 0 , 19.19 , 9.535 , 5.609 , 205.04 , 70.62
5989 , 27924 , 16.88 , -27.2 , 0 , 19.18 , 9.556 , 5.661 , 205.57 , 70.09
5999 , 27982 , 16.74 , -27.2 , 0 , 19.17 , 9.509 , 5.679 , 206.18 , 69.49
6009 , 28035 , 16.62 , -27.3 , 0 , 19.16 , 9.484 , 5.706 , 206.73 , 68.93
6019 , 28088 , 16.50 , -27.3 , 0 , 19.15 , 9.449 , 5.727 , 207.28 , 68.38
6029 , 28144 , 16.37 , -27.5 , 0 , 19.14 , 9.392 , 5.737 , 207.86 , 67.80
6039 , 28200 , 16.25 , -27.6 , 0 , 19.13 , 9.334 , 5.746 , 208.43 , 67.23
6049 , 28254 , 16.12 , -28.0 , 0 , 19.12 , 9.223 , 5.720 , 208.98 , 66.68
6059 , 28310 , 16.00 , -28.1 , 0 , 19.11 , 9.154 , 5.722 , 209.55 , 66.11
6069 , 28362 , 15.88 , -28.0 , 0 , 19.10 , 9.063 , 5.706 , 210.07 , 65.59
6079 , 28413 , 15.77 , -27.8 , 0 , 19.09 , 8.932 , 5.664 , 210.58 , 65.08
6089 , 28467 , 15.65 , -27.9 , 0 , 19.08 , 8.837 , 5.646 , 211.10 , 64.56
6099 , 28517 , 15.54 , -27.7 , 0 , 19.07 , 8.679 , 5.584 , 211.59 , 64.07
6108 , 28570 , 15.43 , -27.8 , 0 , 19.06 , 8.610 , 5.580 , 212.09 , 63.58
6118 , 28615 , 15.33 , -28.1 , 0 , 19.05 , 8.432 , 5.500 , 212.51 , 63.15
6128 , 28666 , 15.22 , -28.1 , 0 , 19.04 , 8.373 , 5.501 , 212.99 , 62.68
6138 , 28718 , 15.11 , -27.8 , 0 , 19.03 , 8.292 , 5.486 , 213.46 , 62.20
6148 , 28769 , 15.01 , -27.6 , 0 , 19.02 , 8.269 , 5.510 , 213.92 , 61.74
6158 , 28822 , 14.90 , -27.5 , 0 , 19.01 , 8.162 , 5.479 , 214.40 , 61.27
6168 , 28869 , 14.80 , -27.4 , 0 , 19.00 , 8.116 , 5.484 , 214.82 , 60.84
6178 , 28914 , 14.71 , -26.9 , 0 , 18.99 , 8.002 , 5.441 , 215.22 , 60.44
6188 , 28967 , 14.60 , -26.9 , 0 , 18.98 , 7.991 , 5.473 , 215.68 , 59.98
6198 , 29014 , 14.50 , -26.9 , 0 , 18.97 , 7.971 , 5.495 , 216.09 , 59.57
6208 , 29059 , 14.41 , -26.6 , 0 , 18.96 , 7.870 , 5.460 , 216.49 , 59.18
6218 , 29111 , 14.31 , -26.4 , 0 , 18.95 , 7.792 , 5.445 , 216.93 , 58.74
6228 , 29155 , 14.22 , -26.4 , 0 , 18.94 , 7.748 , 5.447 , 217.30 , 58.36
6238 , 29202 , 14.13 , -26.6 , 0 , 18.93 , 7.737 , 5.474 , 217.70 , 57.97
6248 , 29253 , 14.03 , -26.7 , 0 , 18.92 , 7.744 , 5.519 , 218.13 , 57.53
6258 , 29302 , 13.94 , -26.4 , 0 , 18.90 , 7.688 , 5.516 , 218.54 , 57.12
6268 , 29350 , 13.85 , -26.2 , 0 , 18.90 , 7.552 , 5.455 , 218.94 , 56.72
6278 , 29402 , 13.75 , -26.1 , 0 , 18.88 , 7.510 , 5.464 , 219.37 , 56.29
6288 , 29456 , 13.64 , -26.2 , 0 , 18.87 , 7.462 , 5.469 , 219.81 , 55.85
6298 , 29507 , 13.55 , -26.1 , 0 , 18.86 , 7.378 , 5.446 , 220.23 , 55.44
6308 , 29559 , 13.45 , -26.2 , 0 , 18.85 , 7.345 , 5.461 , 220.65 , 55.02
6318 , 29614 , 13.35 , -26.5 , 0 , 18.84 , 7.274 , 5.449 , 221.08 , 54.58
6328 , 29665 , 13.26 , -26.5 , 0 , 18.83 , 7.172 , 5.411 , 221.48 , 54.18
6338 , 29717 , 13.16 , -26.5 , 0 , 18.82 , 7.123 , 5.413 , 221.89 , 53.77
6348 , 29766 , 13.07 , -26.2 , 0 , 18.81 , 7.091 , 5.426 , 222.27 , 53.39
6357 , 29820 , 12.97 , -25.8 , 0 , 18.80 , 7.038 , 5.424 , 222.69 , 52.98
6368 , 29870 , 12.88 , -25.5 , 0 , 18.79 , 6.975 , 5.413 , 223.07 , 52.60
6378 , 29922 , 12.79 , -25.2 , 0 , 18.78 , 6.924 , 5.413 , 223.46 , 52.20
6388 , 29977 , 12.70 , -25.0 , 0 , 18.77 , 6.835 , 5.383 , 223.87 , 51.79
6398 , 30024 , 12.61 , -24.7 , 0 , 18.76 , 6.816 , 5.404 , 224.22 , 51.44
6408 , 30073 , 12.53 , -24.3 , 0 , 18.75 , 6.761 , 5.396 , 224.58 , 51.08
6417 , 30119 , 12.45 , -23.8 , 0 , 18.74 , 6.744 , 5.416 , 224.92 , 50.75
6427 , 30168 , 12.37 , -23.6 , 0 , 18.73 , 6.643 , 5.372 , 225.27 , 50.39
6437 , 30210 , 12.30 , -23.4 , 0 , 18.72 , 6.608 , 5.374 , 225.57 , 50.09
6447 , 30259 , 12.21 , -23.4 , 0 , 18.71 , 6.598 , 5.402 , 225.92 , 49.74
6457 , 30308 , 12.13 , -23.5 , 0 , 18.70 , 6.560 , 5.407 , 226.27 , 49.39
6467 , 30354 , 12.06 , -23.3 , 0 , 18.69 , 6.589 , 5.465 , 226.60 , 49.07
6477 , 30396 , 11.99 , -23.0 , 0 , 18.68 , 6.554 , 5.467 , 226.89 , 48.77
6487 , 30442 , 11.91 , -22.9 , 0 , 18.67 , 6.508 , 5.463 , 227.22 , 48.45
6497 , 30488 , 11.84 , -22.9 , 0 , 18.65 , 6.464 , 5.460 , 227.54 , 48.13
6507 , 30534 , 11.76 , -22.9 , 0 , 18.64 , 6.359 , 5.405 , 227.86 , 47.81
6517 , 30581 , 11.69 , -22.6 , 0 , 18.64 , 6.289 , 5.380 , 228.18 , 47.49
6527 , 30626 , 11.62 , -22.6 , 0 , 18.62 , 6.258 , 5.387 , 228.48 , 47.18
6537 , 30672 , 11.54 , -22.8 , 0 , 18.61 , 6.224 , 5.392 , 228.79 , 46.87
6547 , 30719 , 11.47 , -23.1 , 0 , 18.60 , 6.182 , 5.390 , 229.10 , 46.56
6557 , 30765 , 11.40 , -23.1 , 0 , 18.59 , 6.091 , 5.344 , 229.41 , 46.25
6567 , 30814 , 11.32 , -23.0 , 0 , 18.58 , 6.009 , 5.307 , 229.73 , 45.94
6577 , 30858 , 11.26 , -23.1 , 0 , 18.57 , 5.917 , 5.257 , 230.01 , 45.65
6587 , 30902 , 11.19 , -23.0 , 0 , 18.55 , 5.875 , 5.251 , 230.29 , 45.38
6597 , 30953 , 11.11 , -22.8 , 0 , 18.54 , 5.852 , 5.268 , 230.61 , 45.05
6607 , 30997 , 11.04 , -22.7 , 0 , 18.53 , 5.762 , 5.218 , 230.89 , 44.78
6617 , 31041 , 10.98 , -22.7 , 0 , 18.52 , 5.717 , 5.208 , 231.16 , 44.50
6627 , 31085 , 10.91 , -22.6 , 0 , 18.51 , 5.708 , 5.231 , 231.43 , 44.23
6637 , 31131 , 10.84 , -22.5 , 0 , 18.49 , 5.668 , 5.227 , 231.71 , 43.95
6647 , 31176 , 10.78 , -22.4 , 0 , 18.48 , 5.626 , 5.220 , 231.98 , 43.68
6657 , 31226 , 10.70 , -22.2 , 0 , 18.47 , 5.561 , 5.195 , 232.29 , 43.38
6667 , 31277 , 10.63 , -22.1 , 0 , 18.45 , 5.511 , 5.184 , 232.59 , 43.08
6677 , 31319 , 10.57 , -22.1 , 0 , 18.44 , 5.485 , 5.189 , 232.84 , 42.83
6686 , 31364 , 10.51 , -22.1 , 0 , 18.43 , 5.446 , 5.184 , 233.10 , 42.56
6696 , 31410 , 10.44 , -22.0 , 0 , 18.42 , 5.391 , 5.165 , 233.37 , 42.29
6706 , 31465 , 10.36 , -22.2 , 0 , 18.40 , 5.331 , 5.145 , 233.68 , 41.98
6716 , 31516 , 10.29 , -22.3 , 0 , 18.39 , 5.288 , 5.139 , 233.98 , 41.69
6725 , 31558 , 10.23 , -22.2 , 0 , 18.37 , 5.257 , 5.139 , 234.21 , 41.45
6735 , 31611 , 10.16 , -22.2 , 0 , 18.36 , 5.193 , 5.113 , 234.51 , 41.15
6745 , 31650 , 10.10 , -22.1 , 0 , 18.35 , 5.136 , 5.083 , 234.73 , 40.94
6755 , 31699 , 10.04 , -22.1 , 0 , 18.33 , 5.146 , 5.127 , 235.00 , 40.67
6765 , 31743 , 9.98 , -22.0 , 0 , 18.32 , 5.101 , 5.113 , 235.24 , 40.42
6775 , 31789 , 9.91 , -22.0 , 0 , 18.30 , 5.063 , 5.106 , 235.49 , 40.17
6785 , 31838 , 9.85 , -22.1 , 0 , 18.29 , 5.032 , 5.109 , 235.76 , 39.91
6795 , 31883 , 9.79 , -22.0 , 0 , 18.27 , 5.013 , 5.121 , 236.00 , 39.67
6805 , 31931 , 9.72 , -21.6 , 0 , 18.25 , 5.000 , 5.142 , 236.26 , 39.40
6815 , 31975 , 9.67 , -21.3 , 0 , 18.24 , 4.969 , 5.140 , 236.49 , 39.17
6825 , 32018 , 9.61 , -21.1 , 0 , 18.22 , 4.935 , 5.134 , 236.72 , 38.94
