# ------------------------------------------------------------
#
# Flight name: V4811
# Station: Davis
# Launch Date: 22 December 2011
# Launch Time: 11:19:54
# 
# This file created: Fri Dec 23 09:39:53 2011
# 
# 
# ------------------------------------------------------------
# DATA COLUMNS
# Time (s)
# Height (m)
# Atmospheric Pressure (hPa)
# Atmospheric Temperature (°C)
# Relative Humidity (%)
# Box Temperature (°C)
# Ozone Partial Pressure (mPa)
# Ozone Mixing Ratio (ppmV)
# Accumulated Ozone to this Height (Dobson Units)
# Remaining Ozone above this Height (Dobson Units)
# 
# ------------------------------------------------------------
# 
# Integrated Ozone = 259.4 DU
# Extrapolated Ozone =  30.2 DU
# 
# Total Ozone = 289.6 DU
# 
# 
# ------------------------------------------------------------
0 , 18 , 980.89 , 0.7 , 70 , 35.49 , 1.582 , 0.016 , 0.00 , 289.59
10 , 72 , 974.30 , 0.6 , 65 , 35.50 , 1.649 , 0.017 , 0.09 , 289.51
20 , 133 , 966.89 , 0.3 , 63 , 35.49 , 1.622 , 0.017 , 0.18 , 289.41
30 , 193 , 959.68 , -0.1 , 63 , 35.49 , 1.604 , 0.017 , 0.28 , 289.31
40 , 249 , 952.99 , -0.6 , 64 , 35.50 , 1.617 , 0.017 , 0.37 , 289.22
50 , 304 , 946.46 , -1.2 , 66 , 35.51 , 1.594 , 0.017 , 0.46 , 289.14
60 , 362 , 939.57 , -1.6 , 67 , 35.51 , 1.563 , 0.017 , 0.55 , 289.05
70 , 420 , 932.68 , -2.2 , 68 , 35.52 , 1.550 , 0.017 , 0.64 , 288.96
80 , 480 , 925.74 , -2.7 , 70 , 35.52 , 1.560 , 0.017 , 0.73 , 288.86
90 , 539 , 918.86 , -2.9 , 70 , 35.51 , 1.550 , 0.017 , 0.82 , 288.77
100 , 603 , 911.44 , -3.5 , 72 , 35.50 , 1.529 , 0.017 , 0.92 , 288.67
110 , 665 , 904.30 , -4.0 , 74 , 35.48 , 1.514 , 0.017 , 1.01 , 288.58
120 , 725 , 897.46 , -4.6 , 76 , 35.48 , 1.510 , 0.017 , 1.10 , 288.49
130 , 792 , 889.85 , -5.1 , 78 , 35.45 , 1.513 , 0.017 , 1.21 , 288.39
140 , 861 , 882.08 , -5.5 , 78 , 35.42 , 1.489 , 0.017 , 1.31 , 288.28
150 , 919 , 875.49 , -6.1 , 81 , 35.39 , 1.459 , 0.017 , 1.40 , 288.20
160 , 973 , 869.53 , -6.2 , 78 , 35.36 , 1.472 , 0.017 , 1.48 , 288.12
169 , 1024 , 863.91 , -6.6 , 77 , 35.33 , 1.447 , 0.017 , 1.55 , 288.04
179 , 1080 , 857.63 , -7.1 , 78 , 35.30 , 1.423 , 0.017 , 1.63 , 287.96
189 , 1137 , 851.41 , -7.6 , 80 , 35.27 , 1.424 , 0.017 , 1.71 , 287.88
199 , 1194 , 845.21 , -8.1 , 81 , 35.24 , 1.407 , 0.017 , 1.80 , 287.80
209 , 1249 , 839.27 , -8.7 , 84 , 35.20 , 1.382 , 0.016 , 1.87 , 287.72
219 , 1289 , 834.90 , -9.1 , 87 , 35.14 , 1.375 , 0.016 , 1.93 , 287.66
229 , 1335 , 829.96 , -9.5 , 89 , 35.11 , 1.372 , 0.017 , 2.00 , 287.60
239 , 1384 , 824.73 , -10.0 , 91 , 35.08 , 1.361 , 0.017 , 2.06 , 287.53
249 , 1441 , 818.61 , -10.5 , 94 , 35.05 , 1.359 , 0.017 , 2.14 , 287.45
259 , 1496 , 812.80 , -11.0 , 96 , 35.01 , 1.348 , 0.017 , 2.22 , 287.37
268 , 1550 , 807.14 , -11.4 , 97 , 34.97 , 1.357 , 0.017 , 2.29 , 287.30
278 , 1611 , 800.70 , -11.9 , 97 , 34.94 , 1.391 , 0.017 , 2.38 , 287.21
288 , 1671 , 794.47 , -12.3 , 97 , 34.89 , 1.361 , 0.017 , 2.47 , 287.13
298 , 1720 , 789.42 , -12.6 , 97 , 34.86 , 1.330 , 0.017 , 2.53 , 287.06
308 , 1766 , 784.63 , -12.9 , 96 , 34.83 , 1.312 , 0.017 , 2.60 , 287.00
318 , 1812 , 779.86 , -13.1 , 92 , 34.81 , 1.301 , 0.017 , 2.66 , 286.93
328 , 1863 , 774.74 , -13.4 , 89 , 34.79 , 1.302 , 0.017 , 2.73 , 286.87
338 , 1917 , 769.17 , -13.9 , 91 , 34.75 , 1.300 , 0.017 , 2.80 , 286.79
348 , 1968 , 764.09 , -14.4 , 94 , 34.70 , 1.315 , 0.017 , 2.87 , 286.72
358 , 2023 , 758.51 , -14.9 , 95 , 34.66 , 1.314 , 0.017 , 2.95 , 286.65
368 , 2082 , 752.60 , -15.3 , 95 , 34.63 , 1.313 , 0.017 , 3.03 , 286.57
378 , 2135 , 747.41 , -15.7 , 95 , 34.60 , 1.291 , 0.017 , 3.10 , 286.49
388 , 2190 , 741.95 , -16.1 , 91 , 34.57 , 1.283 , 0.017 , 3.17 , 286.42
398 , 2250 , 736.02 , -16.6 , 92 , 34.53 , 1.294 , 0.018 , 3.25 , 286.34
408 , 2301 , 731.02 , -17.1 , 92 , 34.49 , 1.272 , 0.017 , 3.32 , 286.27
418 , 2349 , 726.35 , -17.5 , 92 , 34.46 , 1.258 , 0.017 , 3.39 , 286.21
428 , 2406 , 720.85 , -18.0 , 94 , 34.43 , 1.265 , 0.018 , 3.46 , 286.13
437 , 2459 , 715.80 , -18.4 , 95 , 34.39 , 1.240 , 0.017 , 3.53 , 286.06
447 , 2516 , 710.36 , -18.8 , 95 , 34.35 , 1.259 , 0.018 , 3.61 , 285.99
457 , 2573 , 704.95 , -19.2 , 95 , 34.32 , 1.269 , 0.018 , 3.68 , 285.91
467 , 2622 , 700.24 , -19.6 , 95 , 34.28 , 1.281 , 0.018 , 3.75 , 285.84
477 , 2668 , 695.90 , -20.0 , 94 , 34.24 , 1.256 , 0.018 , 3.81 , 285.78
487 , 2726 , 690.50 , -20.4 , 94 , 34.21 , 1.242 , 0.018 , 3.89 , 285.70
497 , 2773 , 686.15 , -20.8 , 94 , 34.16 , 1.221 , 0.018 , 3.95 , 285.64
506 , 2827 , 681.13 , -21.3 , 95 , 34.12 , 1.214 , 0.018 , 4.02 , 285.57
516 , 2875 , 676.73 , -21.7 , 94 , 34.08 , 1.212 , 0.018 , 4.08 , 285.51
526 , 2930 , 671.68 , -22.1 , 94 , 34.03 , 1.193 , 0.018 , 4.16 , 285.44
536 , 2982 , 666.99 , -22.6 , 94 , 33.99 , 1.183 , 0.018 , 4.22 , 285.37
546 , 3026 , 662.98 , -22.9 , 95 , 33.94 , 1.176 , 0.018 , 4.28 , 285.32
556 , 3084 , 657.69 , -23.1 , 92 , 33.92 , 1.204 , 0.018 , 4.35 , 285.24
566 , 3148 , 652.04 , -23.2 , 86 , 33.87 , 1.229 , 0.019 , 4.44 , 285.16
576 , 3201 , 647.28 , -23.7 , 81 , 33.82 , 1.202 , 0.019 , 4.51 , 285.09
586 , 3249 , 643.02 , -24.0 , 79 , 33.80 , 1.192 , 0.019 , 4.57 , 285.03
595 , 3298 , 638.71 , -24.4 , 79 , 33.79 , 1.187 , 0.019 , 4.63 , 284.96
605 , 3341 , 634.98 , -24.8 , 80 , 33.77 , 1.186 , 0.019 , 4.69 , 284.91
615 , 3388 , 630.90 , -25.1 , 80 , 33.75 , 1.195 , 0.019 , 4.75 , 284.85
625 , 3432 , 627.11 , -25.4 , 82 , 33.72 , 1.195 , 0.019 , 4.80 , 284.79
635 , 3473 , 623.51 , -25.8 , 82 , 33.69 , 1.194 , 0.019 , 4.86 , 284.74
645 , 3518 , 619.64 , -26.1 , 84 , 33.65 , 1.211 , 0.020 , 4.92 , 284.68
654 , 3559 , 616.17 , -26.3 , 86 , 33.61 , 1.196 , 0.019 , 4.97 , 284.62
664 , 3598 , 612.87 , -26.5 , 86 , 33.59 , 1.188 , 0.019 , 5.02 , 284.57
674 , 3650 , 608.47 , -26.9 , 86 , 33.55 , 1.188 , 0.020 , 5.09 , 284.50
684 , 3696 , 604.62 , -27.1 , 83 , 33.51 , 1.178 , 0.019 , 5.15 , 284.45
694 , 3748 , 600.26 , -27.4 , 79 , 33.47 , 1.211 , 0.020 , 5.22 , 284.38
704 , 3799 , 596.01 , -27.4 , 65 , 33.42 , 1.198 , 0.020 , 5.28 , 284.31
714 , 3843 , 592.40 , -27.5 , 58 , 33.38 , 1.199 , 0.020 , 5.34 , 284.25
724 , 3897 , 587.94 , -27.7 , 52 , 33.33 , 1.196 , 0.020 , 5.41 , 284.18
734 , 3946 , 583.93 , -27.8 , 49 , 33.27 , 1.220 , 0.021 , 5.48 , 284.12
744 , 3996 , 579.85 , -28.0 , 48 , 33.23 , 1.202 , 0.021 , 5.54 , 284.05
754 , 4037 , 576.60 , -28.3 , 47 , 33.19 , 1.209 , 0.021 , 5.60 , 284.00
764 , 4097 , 571.74 , -28.7 , 47 , 33.14 , 1.216 , 0.021 , 5.68 , 283.91
774 , 4151 , 567.50 , -28.9 , 43 , 33.08 , 1.303 , 0.023 , 5.75 , 283.84
784 , 4198 , 563.74 , -29.2 , 40 , 33.07 , 1.276 , 0.023 , 5.82 , 283.77
794 , 4246 , 559.99 , -29.5 , 37 , 33.02 , 1.226 , 0.022 , 5.89 , 283.71
804 , 4301 , 555.65 , -29.8 , 40 , 32.98 , 1.190 , 0.021 , 5.96 , 283.63
814 , 4344 , 552.32 , -29.6 , 42 , 32.93 , 1.199 , 0.022 , 6.02 , 283.58
824 , 4393 , 548.57 , -29.1 , 39 , 32.88 , 1.194 , 0.022 , 6.08 , 283.51
834 , 4447 , 544.42 , -29.2 , 36 , 32.84 , 1.165 , 0.021 , 6.15 , 283.44
844 , 4495 , 540.80 , -29.3 , 35 , 32.79 , 1.151 , 0.021 , 6.21 , 283.38
854 , 4554 , 536.29 , -29.3 , 34 , 32.74 , 1.169 , 0.022 , 6.29 , 283.30
864 , 4609 , 532.18 , -29.6 , 35 , 32.67 , 1.183 , 0.022 , 6.36 , 283.23
874 , 4651 , 529.08 , -29.8 , 34 , 32.63 , 1.231 , 0.023 , 6.42 , 283.18
883 , 4704 , 525.11 , -30.3 , 34 , 32.59 , 1.260 , 0.024 , 6.49 , 283.10
893 , 4760 , 521.04 , -30.7 , 35 , 32.53 , 1.255 , 0.024 , 6.57 , 283.03
903 , 4802 , 517.91 , -31.1 , 36 , 32.49 , 1.273 , 0.025 , 6.63 , 282.97
912 , 4846 , 514.76 , -31.5 , 36 , 32.44 , 1.257 , 0.024 , 6.69 , 282.90
922 , 4890 , 511.53 , -31.9 , 37 , 32.38 , 1.228 , 0.024 , 6.75 , 282.84
932 , 4934 , 508.38 , -32.3 , 38 , 32.34 , 1.252 , 0.025 , 6.81 , 282.78
942 , 4981 , 504.97 , -32.6 , 39 , 32.29 , 1.264 , 0.025 , 6.88 , 282.71
952 , 5021 , 502.11 , -32.9 , 39 , 32.25 , 1.253 , 0.025 , 6.93 , 282.66
962 , 5065 , 498.95 , -33.4 , 39 , 32.20 , 1.242 , 0.025 , 7.00 , 282.60
972 , 5118 , 495.25 , -33.8 , 39 , 32.13 , 1.271 , 0.026 , 7.07 , 282.52
982 , 5173 , 491.33 , -34.1 , 40 , 32.09 , 1.268 , 0.026 , 7.15 , 282.44
991 , 5215 , 488.42 , -34.4 , 42 , 32.03 , 1.281 , 0.026 , 7.21 , 282.38
1001 , 5254 , 485.66 , -34.7 , 42 , 32.00 , 1.323 , 0.027 , 7.27 , 282.33
1011 , 5302 , 482.37 , -35.0 , 43 , 31.96 , 1.302 , 0.027 , 7.34 , 282.25
1021 , 5348 , 479.18 , -35.3 , 43 , 31.91 , 1.304 , 0.027 , 7.41 , 282.19
1031 , 5392 , 476.15 , -35.6 , 43 , 31.86 , 1.317 , 0.028 , 7.47 , 282.12
1041 , 5435 , 473.20 , -35.8 , 41 , 31.80 , 1.333 , 0.028 , 7.54 , 282.06
1051 , 5482 , 470.05 , -36.0 , 38 , 31.75 , 1.318 , 0.028 , 7.61 , 281.99
1061 , 5530 , 466.81 , -36.2 , 34 , 31.69 , 1.256 , 0.027 , 7.68 , 281.92
1071 , 5574 , 463.82 , -36.4 , 32 , 31.64 , 1.225 , 0.026 , 7.74 , 281.85
1081 , 5623 , 460.58 , -36.7 , 33 , 31.58 , 1.213 , 0.026 , 7.81 , 281.79
1091 , 5673 , 457.22 , -37.1 , 36 , 31.52 , 1.190 , 0.026 , 7.88 , 281.72
1101 , 5721 , 454.10 , -37.4 , 38 , 31.47 , 1.155 , 0.025 , 7.94 , 281.65
1111 , 5767 , 451.08 , -37.8 , 38 , 31.42 , 1.143 , 0.025 , 8.00 , 281.59
1121 , 5809 , 448.30 , -38.1 , 38 , 31.37 , 1.180 , 0.026 , 8.06 , 281.54
1131 , 5857 , 445.20 , -38.4 , 38 , 31.32 , 1.217 , 0.027 , 8.12 , 281.47
1141 , 5903 , 442.26 , -38.8 , 38 , 31.28 , 1.268 , 0.029 , 8.19 , 281.40
1151 , 5957 , 438.73 , -39.3 , 40 , 31.22 , 1.297 , 0.030 , 8.27 , 281.32
1161 , 6012 , 435.26 , -39.8 , 41 , 31.17 , 1.326 , 0.030 , 8.35 , 281.24
1171 , 6063 , 432.00 , -40.2 , 42 , 31.11 , 1.341 , 0.031 , 8.43 , 281.16
1181 , 6124 , 428.13 , -40.4 , 41 , 31.05 , 1.452 , 0.034 , 8.53 , 281.06
1191 , 6182 , 424.55 , -40.5 , 38 , 30.98 , 1.555 , 0.037 , 8.63 , 280.96
1201 , 6238 , 421.07 , -40.8 , 35 , 30.91 , 1.649 , 0.039 , 8.73 , 280.86
1211 , 6286 , 418.07 , -41.1 , 34 , 30.86 , 1.715 , 0.041 , 8.83 , 280.76
1220 , 6337 , 414.94 , -41.4 , 32 , 30.83 , 1.758 , 0.042 , 8.93 , 280.66
1230 , 6383 , 412.17 , -41.7 , 31 , 30.77 , 1.713 , 0.042 , 9.02 , 280.57
1240 , 6429 , 409.36 , -42.1 , 32 , 30.71 , 1.732 , 0.042 , 9.12 , 280.48
1250 , 6489 , 405.71 , -42.7 , 32 , 30.66 , 1.725 , 0.043 , 9.24 , 280.35
1260 , 6553 , 401.92 , -43.1 , 32 , 30.61 , 1.671 , 0.042 , 9.36 , 280.23
1270 , 6601 , 399.07 , -43.4 , 31 , 30.55 , 1.622 , 0.041 , 9.46 , 280.14
1280 , 6657 , 395.73 , -43.8 , 30 , 30.49 , 1.578 , 0.040 , 9.56 , 280.03
1290 , 6719 , 392.12 , -44.4 , 30 , 30.42 , 1.523 , 0.039 , 9.67 , 279.92
1300 , 6770 , 389.12 , -44.8 , 30 , 30.36 , 1.513 , 0.039 , 9.77 , 279.83
1310 , 6819 , 386.24 , -45.3 , 31 , 30.31 , 1.481 , 0.038 , 9.85 , 279.74
1320 , 6871 , 383.28 , -45.7 , 32 , 30.26 , 1.467 , 0.038 , 9.94 , 279.65
1330 , 6928 , 380.00 , -46.2 , 33 , 30.19 , 1.520 , 0.040 , 10.05 , 279.55
1340 , 6978 , 377.13 , -46.6 , 34 , 30.13 , 1.526 , 0.040 , 10.14 , 279.46
1350 , 7022 , 374.64 , -47.1 , 35 , 30.10 , 1.479 , 0.039 , 10.22 , 279.38
1360 , 7073 , 371.78 , -47.5 , 37 , 30.05 , 1.455 , 0.039 , 10.30 , 279.29
1370 , 7122 , 369.01 , -48.0 , 38 , 29.99 , 1.457 , 0.039 , 10.39 , 279.20
1380 , 7173 , 366.18 , -48.5 , 41 , 29.94 , 1.418 , 0.039 , 10.48 , 279.12
1390 , 7218 , 363.66 , -48.8 , 42 , 29.88 , 1.443 , 0.040 , 10.55 , 279.04
1400 , 7280 , 360.27 , -49.1 , 43 , 29.81 , 1.452 , 0.040 , 10.66 , 278.93
1410 , 7342 , 356.86 , -49.6 , 45 , 29.76 , 1.458 , 0.041 , 10.77 , 278.82
1420 , 7393 , 354.07 , -50.0 , 46 , 29.70 , 1.485 , 0.042 , 10.86 , 278.73
1430 , 7446 , 351.21 , -50.3 , 41 , 29.65 , 1.490 , 0.042 , 10.96 , 278.64
1440 , 7500 , 348.31 , -50.5 , 33 , 29.59 , 1.433 , 0.041 , 11.05 , 278.54
1450 , 7548 , 345.74 , -50.9 , 28 , 29.54 , 1.394 , 0.040 , 11.14 , 278.46
1460 , 7596 , 343.21 , -51.2 , 25 , 29.49 , 1.460 , 0.043 , 11.22 , 278.37
1470 , 7647 , 340.52 , -51.2 , 22 , 29.44 , 1.880 , 0.055 , 11.32 , 278.27
1480 , 7698 , 337.90 , -50.9 , 18 , 29.39 , 2.161 , 0.064 , 11.45 , 278.15
1489 , 7739 , 335.74 , -50.7 , 16 , 29.34 , 2.371 , 0.071 , 11.56 , 278.03
1499 , 7785 , 333.37 , -50.6 , 15 , 29.30 , 2.597 , 0.078 , 11.70 , 277.89
1509 , 7834 , 330.89 , -50.7 , 16 , 29.23 , 2.392 , 0.072 , 11.85 , 277.75
1519 , 7884 , 328.37 , -50.9 , 18 , 29.18 , 1.968 , 0.060 , 11.98 , 277.62
1529 , 7943 , 325.38 , -51.4 , 20 , 29.13 , 1.788 , 0.055 , 12.11 , 277.48
1538 , 7990 , 323.06 , -51.7 , 21 , 29.07 , 1.659 , 0.051 , 12.21 , 277.38
1548 , 8033 , 320.90 , -51.9 , 21 , 29.03 , 1.594 , 0.050 , 12.30 , 277.30
1558 , 8086 , 318.31 , -52.3 , 21 , 28.97 , 1.612 , 0.051 , 12.40 , 277.19
1568 , 8135 , 315.91 , -52.6 , 21 , 28.91 , 1.611 , 0.051 , 12.50 , 277.10
1578 , 8188 , 313.32 , -53.0 , 21 , 28.87 , 1.582 , 0.050 , 12.60 , 276.99
1588 , 8247 , 310.43 , -53.4 , 22 , 28.81 , 1.498 , 0.048 , 12.71 , 276.88
1598 , 8293 , 308.25 , -53.7 , 22 , 28.76 , 1.480 , 0.048 , 12.79 , 276.80
1608 , 8337 , 306.12 , -53.4 , 20 , 28.70 , 1.827 , 0.060 , 12.88 , 276.71
1618 , 8386 , 303.79 , -52.9 , 15 , 28.65 , 2.608 , 0.086 , 13.02 , 276.57
1628 , 8443 , 301.15 , -52.8 , 13 , 28.60 , 3.209 , 0.107 , 13.22 , 276.37
1637 , 8493 , 298.82 , -52.8 , 11 , 28.54 , 3.359 , 0.112 , 13.42 , 276.17
1647 , 8534 , 296.93 , -53.1 , 10 , 28.49 , 3.358 , 0.113 , 13.59 , 276.00
1657 , 8577 , 294.94 , -53.4 , 9 , 28.45 , 3.438 , 0.117 , 13.77 , 275.82
1667 , 8622 , 292.86 , -53.7 , 9 , 28.40 , 3.553 , 0.121 , 13.96 , 275.63
1677 , 8676 , 290.42 , -54.1 , 9 , 28.34 , 3.758 , 0.129 , 14.21 , 275.39
1687 , 8723 , 288.31 , -54.3 , 9 , 28.29 , 3.863 , 0.134 , 14.42 , 275.17
1697 , 8774 , 286.03 , -54.4 , 10 , 28.23 , 3.934 , 0.138 , 14.67 , 274.92
1707 , 8829 , 283.59 , -54.6 , 9 , 28.16 , 4.057 , 0.143 , 14.94 , 274.65
1717 , 8878 , 281.39 , -54.6 , 9 , 28.10 , 4.097 , 0.146 , 15.19 , 274.40
1727 , 8930 , 279.13 , -54.8 , 9 , 28.03 , 4.165 , 0.149 , 15.45 , 274.14
1737 , 8988 , 276.61 , -55.1 , 9 , 27.96 , 4.077 , 0.147 , 15.75 , 273.85
1747 , 9045 , 274.12 , -55.4 , 9 , 27.89 , 4.004 , 0.146 , 16.04 , 273.56
1757 , 9113 , 271.24 , -55.7 , 9 , 27.84 , 4.091 , 0.151 , 16.37 , 273.22
1767 , 9171 , 268.77 , -55.9 , 9 , 27.78 , 4.007 , 0.149 , 16.66 , 272.93
1777 , 9214 , 266.95 , -56.0 , 9 , 27.73 , 4.070 , 0.152 , 16.88 , 272.71
1787 , 9260 , 265.01 , -55.6 , 9 , 27.68 , 4.184 , 0.158 , 17.12 , 272.47
1797 , 9313 , 262.84 , -55.2 , 9 , 27.63 , 4.468 , 0.170 , 17.40 , 272.19
1807 , 9368 , 260.56 , -55.6 , 8 , 27.58 , 4.547 , 0.174 , 17.71 , 271.88
1817 , 9423 , 258.33 , -55.9 , 8 , 27.51 , 4.502 , 0.174 , 18.02 , 271.58
1827 , 9476 , 256.19 , -55.9 , 9 , 27.45 , 4.478 , 0.175 , 18.31 , 271.28
1836 , 9522 , 254.33 , -55.9 , 8 , 27.39 , 4.424 , 0.174 , 18.57 , 271.03
1845 , 9565 , 252.63 , -55.7 , 8 , 27.34 , 4.496 , 0.178 , 18.80 , 270.79
1855 , 9613 , 250.74 , -55.0 , 7 , 27.29 , 4.656 , 0.186 , 19.08 , 270.52
1865 , 9665 , 248.69 , -54.7 , 6 , 27.23 , 4.820 , 0.194 , 19.38 , 270.21
1875 , 9714 , 246.82 , -54.6 , 5 , 27.18 , 4.771 , 0.193 , 19.67 , 269.92
1885 , 9759 , 245.08 , -54.7 , 5 , 27.11 , 4.814 , 0.196 , 19.94 , 269.66
1895 , 9810 , 243.12 , -54.7 , 4 , 27.06 , 4.986 , 0.205 , 20.25 , 269.35
1905 , 9867 , 240.96 , -54.6 , 4 , 26.99 , 5.053 , 0.210 , 20.60 , 268.99
1915 , 9928 , 238.69 , -54.4 , 4 , 26.92 , 5.188 , 0.217 , 20.98 , 268.61
1925 , 9984 , 236.59 , -54.3 , 4 , 26.86 , 5.125 , 0.217 , 21.34 , 268.25
1935 , 10034 , 234.78 , -54.5 , 4 , 26.81 , 5.146 , 0.219 , 21.65 , 267.94
1945 , 10081 , 233.05 , -54.7 , 4 , 26.75 , 5.087 , 0.218 , 21.95 , 267.64
1955 , 10130 , 231.27 , -54.6 , 4 , 26.69 , 5.021 , 0.217 , 22.26 , 267.34
1965 , 10179 , 229.50 , -54.6 , 5 , 26.63 , 4.902 , 0.214 , 22.56 , 267.04
1975 , 10232 , 227.60 , -54.5 , 6 , 26.57 , 4.799 , 0.211 , 22.88 , 266.72
1985 , 10280 , 225.90 , -54.8 , 5 , 26.51 , 4.797 , 0.212 , 23.16 , 266.43
1994 , 10321 , 224.46 , -54.8 , 4 , 26.44 , 4.909 , 0.219 , 23.40 , 266.19
2005 , 10369 , 222.80 , -54.4 , 5 , 26.39 , 4.883 , 0.219 , 23.69 , 265.90
2014 , 10413 , 221.26 , -53.6 , 5 , 26.33 , 4.839 , 0.219 , 23.96 , 265.63
2024 , 10461 , 219.63 , -52.8 , 5 , 26.27 , 4.926 , 0.224 , 24.24 , 265.35
2034 , 10505 , 218.11 , -52.6 , 4 , 26.22 , 5.072 , 0.233 , 24.52 , 265.08
2044 , 10546 , 216.76 , -52.4 , 3 , 26.16 , 5.124 , 0.236 , 24.77 , 264.83
2054 , 10588 , 215.36 , -52.6 , 3 , 26.10 , 5.161 , 0.240 , 25.03 , 264.56
2064 , 10634 , 213.81 , -52.9 , 3 , 26.04 , 5.177 , 0.242 , 25.32 , 264.27
2074 , 10681 , 212.25 , -52.9 , 3 , 25.99 , 5.230 , 0.246 , 25.63 , 263.97
2084 , 10732 , 210.58 , -53.1 , 3 , 25.93 , 5.241 , 0.249 , 25.95 , 263.64
2094 , 10783 , 208.91 , -53.3 , 3 , 25.87 , 5.229 , 0.250 , 26.28 , 263.31
2104 , 10833 , 207.29 , -53.3 , 3 , 25.81 , 5.169 , 0.249 , 26.60 , 262.99
2114 , 10883 , 205.72 , -53.3 , 3 , 25.75 , 5.307 , 0.258 , 26.91 , 262.68
2124 , 10937 , 203.99 , -53.3 , 3 , 25.70 , 5.477 , 0.268 , 27.27 , 262.32
2134 , 10988 , 202.39 , -53.1 , 2 , 25.64 , 5.398 , 0.267 , 27.61 , 261.98
2143 , 11036 , 200.87 , -53.2 , 2 , 25.59 , 5.388 , 0.268 , 27.93 , 261.66
2152 , 11083 , 199.42 , -53.0 , 2 , 25.53 , 5.408 , 0.271 , 28.24 , 261.35
2162 , 11134 , 197.85 , -53.0 , 2 , 25.48 , 5.468 , 0.276 , 28.58 , 261.01
2172 , 11184 , 196.30 , -53.1 , 2 , 25.42 , 5.344 , 0.272 , 28.92 , 260.68
2182 , 11235 , 194.75 , -52.9 , 2 , 25.37 , 5.348 , 0.275 , 29.25 , 260.34
2192 , 11291 , 193.09 , -53.0 , 2 , 25.31 , 5.300 , 0.274 , 29.61 , 259.98
2202 , 11347 , 191.40 , -53.0 , 2 , 25.25 , 5.319 , 0.278 , 29.98 , 259.61
2212 , 11398 , 189.91 , -53.3 , 2 , 25.20 , 5.227 , 0.275 , 30.30 , 259.29
2222 , 11446 , 188.48 , -53.0 , 2 , 25.14 , 5.259 , 0.279 , 30.62 , 258.98
2232 , 11497 , 187.01 , -52.6 , 2 , 25.09 , 5.318 , 0.284 , 30.94 , 258.65
2242 , 11549 , 185.49 , -52.6 , 2 , 25.04 , 5.418 , 0.292 , 31.29 , 258.31
2252 , 11597 , 184.12 , -52.5 , 2 , 24.99 , 5.298 , 0.288 , 31.60 , 257.99
2262 , 11643 , 182.81 , -52.5 , 2 , 24.94 , 5.153 , 0.282 , 31.90 , 257.70
2272 , 11690 , 181.48 , -52.5 , 2 , 24.89 , 5.077 , 0.280 , 32.19 , 257.40
2282 , 11740 , 180.08 , -52.7 , 2 , 24.83 , 5.063 , 0.281 , 32.50 , 257.09
2292 , 11789 , 178.72 , -52.7 , 2 , 24.78 , 5.024 , 0.281 , 32.80 , 256.79
2302 , 11842 , 177.28 , -52.7 , 2 , 24.72 , 5.069 , 0.286 , 33.12 , 256.47
2312 , 11891 , 175.93 , -52.7 , 1 , 24.67 , 4.905 , 0.279 , 33.42 , 256.17
2322 , 11936 , 174.71 , -52.7 , 2 , 24.61 , 4.747 , 0.272 , 33.69 , 255.90
2332 , 11980 , 173.52 , -52.6 , 2 , 24.56 , 4.721 , 0.272 , 33.95 , 255.65
2342 , 12028 , 172.24 , -52.6 , 1 , 24.51 , 4.671 , 0.271 , 34.22 , 255.37
2352 , 12082 , 170.81 , -52.6 , 2 , 24.46 , 4.670 , 0.273 , 34.53 , 255.06
2362 , 12134 , 169.43 , -52.6 , 1 , 24.42 , 4.707 , 0.278 , 34.83 , 254.76
2372 , 12183 , 168.15 , -52.6 , 1 , 24.37 , 4.494 , 0.267 , 35.10 , 254.49
2382 , 12233 , 166.85 , -52.4 , 1 , 24.31 , 4.402 , 0.264 , 35.38 , 254.22
2392 , 12289 , 165.41 , -52.6 , 1 , 24.26 , 4.418 , 0.267 , 35.68 , 253.92
2402 , 12344 , 164.01 , -52.5 , 1 , 24.21 , 4.391 , 0.268 , 35.97 , 253.62
2412 , 12397 , 162.68 , -52.6 , 1 , 24.15 , 4.281 , 0.263 , 36.25 , 253.34
2422 , 12447 , 161.42 , -52.6 , 1 , 24.10 , 4.083 , 0.253 , 36.51 , 253.08
2431 , 12494 , 160.23 , -52.7 , 1 , 24.05 , 3.904 , 0.244 , 36.74 , 252.85
2441 , 12541 , 159.07 , -52.8 , 1 , 24.00 , 3.844 , 0.242 , 36.96 , 252.63
2450 , 12589 , 157.90 , -52.8 , 1 , 23.95 , 3.811 , 0.241 , 37.19 , 252.41
2459 , 12636 , 156.74 , -52.7 , 1 , 23.91 , 3.901 , 0.249 , 37.41 , 252.18
2469 , 12688 , 155.50 , -52.6 , 1 , 23.87 , 4.025 , 0.259 , 37.66 , 251.93
2479 , 12742 , 154.21 , -53.0 , 1 , 23.82 , 4.011 , 0.260 , 37.92 , 251.67
2489 , 12801 , 152.79 , -53.5 , 1 , 23.77 , 4.177 , 0.273 , 38.22 , 251.37
2499 , 12856 , 151.50 , -53.8 , 1 , 23.73 , 4.275 , 0.282 , 38.51 , 251.09
2509 , 12902 , 150.41 , -53.9 , 1 , 23.68 , 4.329 , 0.288 , 38.75 , 250.84
2519 , 12949 , 149.30 , -54.2 , 1 , 23.63 , 4.457 , 0.299 , 39.01 , 250.59
2529 , 12997 , 148.21 , -54.2 , 1 , 23.58 , 4.471 , 0.302 , 39.27 , 250.33
2539 , 13040 , 147.19 , -54.3 , 2 , 23.53 , 4.475 , 0.304 , 39.51 , 250.09
2549 , 13087 , 146.14 , -54.6 , 2 , 23.48 , 4.467 , 0.306 , 39.76 , 249.83
2559 , 13135 , 145.05 , -54.5 , 2 , 23.42 , 4.485 , 0.309 , 40.03 , 249.57
2569 , 13184 , 143.94 , -54.4 , 2 , 23.37 , 4.522 , 0.314 , 40.30 , 249.29
2579 , 13230 , 142.91 , -54.4 , 2 , 23.32 , 4.404 , 0.308 , 40.55 , 249.04
2589 , 13273 , 141.94 , -54.3 , 2 , 23.27 , 4.289 , 0.302 , 40.78 , 248.81
2599 , 13314 , 141.04 , -54.4 , 2 , 23.23 , 4.262 , 0.302 , 41.00 , 248.59
2609 , 13355 , 140.13 , -54.4 , 1 , 23.18 , 4.198 , 0.300 , 41.22 , 248.38
2619 , 13399 , 139.18 , -54.1 , 1 , 23.13 , 4.053 , 0.291 , 41.44 , 248.16
2629 , 13445 , 138.18 , -53.9 , 1 , 23.08 , 4.006 , 0.290 , 41.67 , 247.93
2639 , 13492 , 137.18 , -53.7 , 1 , 23.03 , 3.924 , 0.286 , 41.90 , 247.70
2649 , 13542 , 136.11 , -53.8 , 1 , 22.98 , 3.816 , 0.280 , 42.13 , 247.46
2659 , 13589 , 135.12 , -53.6 , 1 , 22.93 , 3.639 , 0.269 , 42.35 , 247.24
2669 , 13642 , 134.01 , -53.6 , 1 , 22.89 , 3.511 , 0.262 , 42.58 , 247.01
2679 , 13696 , 132.89 , -53.7 , 1 , 22.84 , 3.344 , 0.252 , 42.81 , 246.78
2689 , 13754 , 131.69 , -53.9 , 1 , 22.79 , 3.202 , 0.243 , 43.04 , 246.55
2699 , 13810 , 130.55 , -54.1 , 1 , 22.75 , 3.084 , 0.236 , 43.26 , 246.33
2709 , 13864 , 129.46 , -54.3 , 1 , 22.71 , 2.910 , 0.225 , 43.46 , 246.14
2719 , 13913 , 128.46 , -54.6 , 1 , 22.67 , 2.843 , 0.221 , 43.63 , 245.96
2729 , 13964 , 127.44 , -54.8 , 1 , 22.62 , 2.859 , 0.224 , 43.81 , 245.78
2739 , 14018 , 126.37 , -55.0 , 1 , 22.58 , 2.882 , 0.228 , 44.00 , 245.59
2749 , 14070 , 125.36 , -55.2 , 1 , 22.52 , 2.854 , 0.228 , 44.19 , 245.41
2759 , 14120 , 124.37 , -55.4 , 1 , 22.48 , 2.867 , 0.231 , 44.36 , 245.23
2769 , 14177 , 123.27 , -55.4 , 1 , 22.43 , 3.058 , 0.248 , 44.57 , 245.02
2778 , 14228 , 122.28 , -55.3 , 1 , 22.38 , 3.237 , 0.265 , 44.77 , 244.82
2788 , 14281 , 121.28 , -54.8 , 1 , 22.34 , 3.254 , 0.268 , 44.98 , 244.61
2798 , 14335 , 120.25 , -54.5 , 1 , 22.29 , 3.036 , 0.253 , 45.19 , 244.40
2808 , 14383 , 119.35 , -54.2 , 1 , 22.25 , 2.764 , 0.232 , 45.37 , 244.23
2818 , 14429 , 118.51 , -54.0 , 1 , 22.20 , 2.633 , 0.222 , 45.52 , 244.08
2828 , 14475 , 117.66 , -53.8 , 1 , 22.15 , 2.643 , 0.225 , 45.67 , 243.93
2838 , 14523 , 116.77 , -53.6 , 1 , 22.11 , 2.565 , 0.220 , 45.82 , 243.77
2848 , 14570 , 115.93 , -53.3 , 1 , 22.06 , 2.517 , 0.217 , 45.97 , 243.63
2858 , 14617 , 115.07 , -53.2 , 1 , 22.02 , 2.532 , 0.220 , 46.11 , 243.48
2868 , 14670 , 114.13 , -53.5 , 1 , 21.97 , 2.614 , 0.229 , 46.28 , 243.31
2878 , 14724 , 113.19 , -53.2 , 1 , 21.93 , 2.698 , 0.238 , 46.45 , 243.14
2888 , 14774 , 112.31 , -53.0 , 1 , 21.88 , 2.659 , 0.237 , 46.62 , 242.97
2898 , 14819 , 111.53 , -52.8 , 1 , 21.84 , 2.684 , 0.241 , 46.77 , 242.83
2908 , 14866 , 110.71 , -52.6 , 1 , 21.80 , 2.857 , 0.258 , 46.93 , 242.66
2918 , 14912 , 109.93 , -52.4 , 1 , 21.76 , 2.857 , 0.260 , 47.09 , 242.50
2928 , 14962 , 109.09 , -52.3 , 1 , 21.72 , 2.820 , 0.259 , 47.26 , 242.33
2938 , 15009 , 108.29 , -52.3 , 1 , 21.67 , 2.783 , 0.257 , 47.42 , 242.17
2948 , 15057 , 107.50 , -52.1 , 1 , 21.62 , 2.766 , 0.257 , 47.58 , 242.01
2958 , 15104 , 106.71 , -52.1 , 1 , 21.58 , 2.785 , 0.261 , 47.74 , 241.85
2968 , 15152 , 105.93 , -52.1 , 1 , 21.53 , 2.795 , 0.264 , 47.91 , 241.69
2978 , 15200 , 105.15 , -51.9 , 1 , 21.49 , 2.778 , 0.264 , 48.07 , 241.52
2988 , 15250 , 104.34 , -52.0 , 1 , 21.44 , 2.790 , 0.267 , 48.24 , 241.36
2998 , 15299 , 103.55 , -51.9 , 1 , 21.40 , 2.778 , 0.268 , 48.40 , 241.19
3008 , 15346 , 102.81 , -51.9 , 1 , 21.36 , 2.797 , 0.272 , 48.56 , 241.03
3018 , 15393 , 102.06 , -51.6 , 1 , 21.31 , 2.915 , 0.286 , 48.73 , 240.87
3028 , 15441 , 101.30 , -51.1 , 1 , 21.27 , 3.114 , 0.307 , 48.91 , 240.69
3038 , 15490 , 100.55 , -51.0 , 1 , 21.23 , 3.282 , 0.326 , 49.09 , 240.50
3048 , 15538 , 99.80 , -51.1 , 1 , 21.18 , 3.447 , 0.345 , 49.29 , 240.30
3058 , 15585 , 99.09 , -51.2 , 1 , 21.14 , 3.491 , 0.352 , 49.49 , 240.10
3068 , 15631 , 98.39 , -51.0 , 1 , 21.10 , 3.573 , 0.363 , 49.69 , 239.91
3077 , 15674 , 97.74 , -50.9 , 1 , 21.06 , 3.614 , 0.370 , 49.87 , 239.72
3086 , 15715 , 97.12 , -50.9 , 1 , 21.02 , 3.675 , 0.378 , 50.06 , 239.54
3096 , 15758 , 96.49 , -50.9 , 1 , 20.98 , 3.701 , 0.384 , 50.25 , 239.35
3106 , 15800 , 95.86 , -51.0 , 1 , 20.94 , 3.746 , 0.391 , 50.44 , 239.15
3116 , 15841 , 95.26 , -50.9 , 1 , 20.90 , 3.785 , 0.397 , 50.63 , 238.97
3126 , 15884 , 94.64 , -50.7 , 1 , 20.86 , 3.796 , 0.401 , 50.82 , 238.77
3136 , 15926 , 94.02 , -50.3 , 1 , 20.82 , 3.827 , 0.407 , 51.02 , 238.58
3146 , 15970 , 93.39 , -49.4 , 1 , 20.78 , 3.903 , 0.418 , 51.22 , 238.37
3156 , 16012 , 92.80 , -48.7 , 1 , 20.74 , 4.016 , 0.433 , 51.42 , 238.17
3166 , 16054 , 92.21 , -48.4 , 1 , 20.70 , 4.213 , 0.457 , 51.63 , 237.96
3176 , 16096 , 91.62 , -48.5 , 1 , 20.66 , 4.331 , 0.473 , 51.84 , 237.75
3186 , 16137 , 91.05 , -48.2 , 1 , 20.62 , 4.496 , 0.494 , 52.06 , 237.53
3196 , 16179 , 90.48 , -48.0 , 1 , 20.58 , 4.729 , 0.523 , 52.29 , 237.30
3206 , 16222 , 89.88 , -47.7 , 1 , 20.54 , 5.072 , 0.564 , 52.55 , 237.05
3216 , 16264 , 89.31 , -47.6 , 1 , 20.50 , 5.458 , 0.611 , 52.81 , 236.78
3225 , 16304 , 88.77 , -47.1 , 1 , 20.46 , 5.709 , 0.643 , 53.08 , 236.51
3235 , 16345 , 88.23 , -46.7 , 1 , 20.43 , 5.843 , 0.662 , 53.36 , 236.24
3245 , 16387 , 87.67 , -46.4 , 1 , 20.39 , 6.268 , 0.715 , 53.66 , 235.93
3255 , 16427 , 87.14 , -46.4 , 1 , 20.35 , 6.957 , 0.798 , 53.98 , 235.62
3265 , 16471 , 86.57 , -46.4 , 1 , 20.31 , 7.740 , 0.894 , 54.36 , 235.23
3275 , 16515 , 86.00 , -46.5 , 1 , 20.27 , 8.350 , 0.971 , 54.78 , 234.82
3285 , 16562 , 85.39 , -46.4 , 1 , 20.23 , 8.930 , 1.046 , 55.26 , 234.33
3295 , 16607 , 84.81 , -46.2 , 1 , 20.20 , 9.385 , 1.107 , 55.76 , 233.84
3305 , 16653 , 84.23 , -46.2 , 1 , 20.16 , 9.350 , 1.110 , 56.26 , 233.33
3315 , 16700 , 83.63 , -46.1 , 1 , 20.12 , 9.422 , 1.127 , 56.79 , 232.80
3325 , 16745 , 83.07 , -46.0 , 1 , 20.08 , 9.614 , 1.157 , 57.30 , 232.30
3335 , 16794 , 82.46 , -46.1 , 1 , 20.05 , 9.557 , 1.159 , 57.85 , 231.74
3345 , 16841 , 81.87 , -46.7 , 1 , 20.01 , 9.535 , 1.165 , 58.39 , 231.20
3355 , 16890 , 81.27 , -46.7 , 1 , 19.98 , 9.275 , 1.141 , 58.94 , 230.65
3365 , 16939 , 80.67 , -46.9 , 1 , 19.94 , 8.698 , 1.078 , 59.47 , 230.13
3375 , 16986 , 80.10 , -46.9 , 1 , 19.91 , 8.205 , 1.024 , 59.94 , 229.65
3385 , 17035 , 79.51 , -47.1 , 1 , 19.87 , 8.036 , 1.011 , 60.41 , 229.18
3394 , 17080 , 78.98 , -47.0 , 1 , 19.84 , 7.852 , 0.994 , 60.84 , 228.76
3404 , 17128 , 78.41 , -47.1 , 1 , 19.81 , 7.575 , 0.966 , 61.28 , 228.31
3414 , 17176 , 77.84 , -47.1 , 1 , 19.77 , 7.415 , 0.953 , 61.71 , 227.89
3424 , 17228 , 77.22 , -47.3 , 1 , 19.74 , 7.328 , 0.949 , 62.17 , 227.42
3434 , 17277 , 76.66 , -47.5 , 1 , 19.71 , 7.270 , 0.948 , 62.59 , 227.00
3444 , 17328 , 76.07 , -47.7 , 0 , 19.68 , 7.175 , 0.943 , 63.03 , 226.56
3454 , 17378 , 75.50 , -47.9 , 1 , 19.64 , 7.105 , 0.941 , 63.46 , 226.13
3464 , 17424 , 74.97 , -47.6 , 0 , 19.61 , 6.985 , 0.932 , 63.84 , 225.75
3474 , 17472 , 74.43 , -47.3 , 0 , 19.57 , 6.837 , 0.919 , 64.24 , 225.35
3484 , 17522 , 73.87 , -47.4 , 0 , 19.54 , 6.786 , 0.919 , 64.65 , 224.94
3494 , 17568 , 73.36 , -47.2 , 0 , 19.51 , 6.713 , 0.915 , 65.02 , 224.57
3504 , 17616 , 72.82 , -46.7 , 0 , 19.48 , 6.677 , 0.917 , 65.41 , 224.19
3514 , 17666 , 72.28 , -46.5 , 0 , 19.45 , 6.799 , 0.941 , 65.81 , 223.79
3524 , 17717 , 71.72 , -46.2 , 0 , 19.42 , 6.901 , 0.962 , 66.22 , 223.37
3534 , 17768 , 71.18 , -46.0 , 0 , 19.38 , 6.937 , 0.975 , 66.64 , 222.96
3544 , 17817 , 70.65 , -45.8 , 0 , 19.35 , 6.919 , 0.979 , 67.04 , 222.55
3554 , 17870 , 70.10 , -45.6 , 0 , 19.32 , 6.926 , 0.988 , 67.47 , 222.12
3564 , 17918 , 69.59 , -45.7 , 0 , 19.29 , 7.003 , 1.006 , 67.87 , 221.72
3574 , 17968 , 69.07 , -45.4 , 0 , 19.26 , 7.022 , 1.017 , 68.29 , 221.30
3584 , 18018 , 68.56 , -45.4 , 0 , 19.23 , 7.043 , 1.027 , 68.70 , 220.89
3594 , 18068 , 68.05 , -45.2 , 0 , 19.19 , 7.062 , 1.038 , 69.12 , 220.47
3604 , 18115 , 67.56 , -44.8 , 0 , 19.16 , 7.254 , 1.074 , 69.52 , 220.07
3614 , 18160 , 67.11 , -44.8 , 0 , 19.13 , 7.310 , 1.089 , 69.91 , 219.69
3624 , 18206 , 66.65 , -44.9 , 0 , 19.10 , 7.278 , 1.092 , 70.31 , 219.29
3634 , 18248 , 66.23 , -44.3 , 0 , 19.07 , 7.236 , 1.093 , 70.66 , 218.93
3644 , 18286 , 65.86 , -43.7 , 0 , 19.05 , 7.270 , 1.104 , 70.99 , 218.61
3654 , 18325 , 65.48 , -43.2 , 0 , 19.01 , 7.371 , 1.126 , 71.32 , 218.27
3664 , 18366 , 65.08 , -42.0 , 0 , 18.98 , 7.661 , 1.177 , 71.68 , 217.91
3674 , 18406 , 64.70 , -41.0 , 0 , 18.96 , 7.965 , 1.231 , 72.05 , 217.55
3684 , 18450 , 64.28 , -40.2 , 0 , 18.93 , 8.340 , 1.297 , 72.46 , 217.13
3693 , 18490 , 63.91 , -39.2 , 0 , 18.90 , 8.513 , 1.332 , 72.85 , 216.74
3702 , 18531 , 63.53 , -39.2 , 0 , 18.88 , 8.710 , 1.371 , 73.25 , 216.34
3712 , 18575 , 63.12 , -39.3 , 0 , 18.85 , 8.846 , 1.402 , 73.70 , 215.89
3722 , 18619 , 62.72 , -39.1 , 0 , 18.82 , 8.872 , 1.415 , 74.15 , 215.44
3732 , 18669 , 62.26 , -39.0 , 0 , 18.79 , 9.037 , 1.451 , 74.67 , 214.93
3742 , 18718 , 61.82 , -39.2 , 0 , 18.77 , 9.036 , 1.462 , 75.17 , 214.42
3752 , 18768 , 61.37 , -39.1 , 0 , 18.74 , 8.849 , 1.442 , 75.69 , 213.90
3762 , 18818 , 60.92 , -38.9 , 0 , 18.71 , 8.832 , 1.450 , 76.20 , 213.39
3772 , 18869 , 60.46 , -38.7 , 0 , 18.69 , 9.095 , 1.504 , 76.73 , 212.86
3782 , 18919 , 60.03 , -38.1 , 0 , 18.66 , 9.561 , 1.593 , 77.26 , 212.33
3792 , 18969 , 59.59 , -37.6 , 0 , 18.63 , 10.125 , 1.699 , 77.83 , 211.76
3802 , 19022 , 59.13 , -37.8 , 0 , 18.61 , 10.604 , 1.793 , 78.46 , 211.13
3812 , 19073 , 58.70 , -38.0 , 0 , 18.58 , 10.937 , 1.863 , 79.08 , 210.51
3822 , 19120 , 58.30 , -37.7 , 0 , 18.55 , 11.228 , 1.926 , 79.69 , 209.91
3832 , 19171 , 57.88 , -37.6 , 0 , 18.53 , 11.408 , 1.971 , 80.34 , 209.25
3842 , 19222 , 57.45 , -37.6 , 0 , 18.50 , 11.610 , 2.021 , 81.01 , 208.58
3852 , 19268 , 57.07 , -37.5 , 0 , 18.48 , 11.917 , 2.088 , 81.63 , 207.96
3862 , 19313 , 56.69 , -37.6 , 0 , 18.45 , 12.076 , 2.130 , 82.26 , 207.34
3871 , 19356 , 56.34 , -37.5 , 0 , 18.43 , 12.219 , 2.169 , 82.85 , 206.74
3881 , 19401 , 55.98 , -37.6 , 0 , 18.41 , 12.355 , 2.207 , 83.48 , 206.11
3891 , 19444 , 55.62 , -37.4 , 0 , 18.38 , 12.522 , 2.251 , 84.10 , 205.49
3901 , 19489 , 55.26 , -37.3 , 0 , 18.36 , 12.810 , 2.318 , 84.75 , 204.85
3911 , 19532 , 54.92 , -37.2 , 0 , 18.33 , 13.014 , 2.370 , 85.39 , 204.21
3921 , 19573 , 54.60 , -36.9 , 0 , 18.30 , 13.165 , 2.411 , 85.99 , 203.60
3931 , 19613 , 54.28 , -36.6 , 0 , 18.28 , 13.276 , 2.446 , 86.60 , 202.99
3941 , 19656 , 53.94 , -36.2 , 0 , 18.26 , 13.263 , 2.459 , 87.25 , 202.34
3951 , 19702 , 53.59 , -35.7 , 0 , 18.23 , 13.270 , 2.476 , 87.94 , 201.65
3961 , 19750 , 53.22 , -35.2 , 0 , 18.21 , 13.279 , 2.495 , 88.66 , 200.93
3971 , 19797 , 52.86 , -34.4 , 0 , 18.19 , 13.190 , 2.495 , 89.37 , 200.22
3981 , 19843 , 52.52 , -34.2 , 0 , 18.17 , 13.139 , 2.502 , 90.05 , 199.54
3991 , 19893 , 52.14 , -33.9 , 0 , 18.14 , 13.331 , 2.557 , 90.80 , 198.79
4001 , 19945 , 51.76 , -34.0 , 0 , 18.12 , 13.642 , 2.636 , 91.59 , 198.00
4011 , 19996 , 51.38 , -34.2 , 0 , 18.10 , 14.071 , 2.738 , 92.38 , 197.21
4020 , 20043 , 51.03 , -34.5 , 0 , 18.08 , 14.433 , 2.828 , 93.15 , 196.45
4030 , 20095 , 50.66 , -34.4 , 0 , 18.06 , 14.475 , 2.857 , 93.99 , 195.61
4040 , 20145 , 50.30 , -34.5 , 0 , 18.04 , 14.649 , 2.912 , 94.81 , 194.79
4050 , 20195 , 49.94 , -34.5 , 0 , 18.02 , 14.822 , 2.968 , 95.64 , 193.95
4060 , 20244 , 49.59 , -34.3 , 0 , 18.00 , 15.229 , 3.071 , 96.48 , 193.11
4070 , 20295 , 49.23 , -34.2 , 0 , 17.98 , 15.855 , 3.221 , 97.37 , 192.23
4080 , 20342 , 48.90 , -34.2 , 0 , 17.96 , 16.350 , 3.344 , 98.23 , 191.36
4090 , 20389 , 48.57 , -34.3 , 0 , 17.94 , 16.713 , 3.441 , 99.10 , 190.49
4100 , 20438 , 48.23 , -34.4 , 0 , 17.91 , 16.982 , 3.521 , 100.04 , 189.55
4110 , 20489 , 47.89 , -34.0 , 0 , 17.89 , 17.276 , 3.608 , 101.01 , 188.58
4120 , 20539 , 47.55 , -34.0 , 0 , 17.87 , 17.597 , 3.701 , 101.99 , 187.60
4130 , 20590 , 47.20 , -33.8 , 0 , 17.85 , 17.868 , 3.786 , 103.03 , 186.57
4140 , 20639 , 46.87 , -33.8 , 0 , 17.83 , 18.064 , 3.854 , 104.00 , 185.59
4150 , 20685 , 46.56 , -33.8 , 0 , 17.82 , 18.239 , 3.917 , 104.96 , 184.63
4160 , 20734 , 46.24 , -33.7 , 0 , 17.80 , 18.254 , 3.948 , 105.96 , 183.64
4170 , 20784 , 45.91 , -33.8 , 0 , 17.78 , 18.306 , 3.988 , 106.99 , 182.60
4180 , 20835 , 45.58 , -33.9 , 0 , 17.76 , 18.215 , 3.996 , 108.03 , 181.56
4190 , 20883 , 45.26 , -33.9 , 0 , 17.74 , 18.162 , 4.013 , 109.03 , 180.56
4200 , 20935 , 44.93 , -33.9 , 0 , 17.72 , 17.995 , 4.005 , 110.09 , 179.50
4210 , 20987 , 44.60 , -33.5 , 0 , 17.70 , 18.018 , 4.040 , 111.14 , 178.46
4220 , 21038 , 44.27 , -33.5 , 0 , 17.68 , 18.019 , 4.070 , 112.17 , 177.42
4230 , 21091 , 43.94 , -33.5 , 0 , 17.67 , 18.032 , 4.104 , 113.24 , 176.35
4240 , 21144 , 43.61 , -33.6 , 0 , 17.65 , 17.902 , 4.105 , 114.32 , 175.28
4250 , 21196 , 43.29 , -33.9 , 0 , 17.63 , 17.828 , 4.118 , 115.36 , 174.23
4260 , 21246 , 42.98 , -34.0 , 0 , 17.61 , 17.850 , 4.153 , 116.37 , 173.23
4270 , 21302 , 42.64 , -34.0 , 0 , 17.60 , 17.829 , 4.182 , 117.49 , 172.10
4280 , 21356 , 42.31 , -34.2 , 0 , 17.58 , 17.757 , 4.197 , 118.57 , 171.02
4290 , 21410 , 41.98 , -34.3 , 0 , 17.56 , 17.718 , 4.220 , 119.66 , 169.94
4300 , 21463 , 41.67 , -34.3 , 0 , 17.54 , 17.670 , 4.241 , 120.72 , 168.88
4310 , 21520 , 41.33 , -34.2 , 0 , 17.53 , 17.704 , 4.284 , 121.85 , 167.74
4320 , 21574 , 41.01 , -34.1 , 0 , 17.51 , 17.674 , 4.310 , 122.93 , 166.66
4329 , 21624 , 40.72 , -33.8 , 0 , 17.50 , 17.712 , 4.350 , 123.94 , 165.66
4339 , 21674 , 40.43 , -33.9 , 0 , 17.49 , 17.587 , 4.350 , 124.92 , 164.67
4349 , 21726 , 40.13 , -34.0 , 0 , 17.47 , 17.630 , 4.393 , 125.95 , 163.64
4359 , 21780 , 39.82 , -34.3 , 0 , 17.46 , 17.581 , 4.415 , 127.02 , 162.57
4369 , 21833 , 39.52 , -34.6 , 0 , 17.44 , 17.531 , 4.436 , 128.07 , 161.52
4379 , 21884 , 39.24 , -34.5 , 0 , 17.43 , 17.444 , 4.446 , 129.08 , 160.51
4389 , 21932 , 38.97 , -34.0 , 0 , 17.42 , 17.386 , 4.462 , 130.03 , 159.57
4399 , 21987 , 38.66 , -33.7 , 0 , 17.41 , 17.437 , 4.510 , 131.10 , 158.49
4409 , 22032 , 38.41 , -33.6 , 0 , 17.40 , 17.338 , 4.514 , 131.99 , 157.60
4419 , 22081 , 38.15 , -33.4 , 0 , 17.40 , 17.421 , 4.567 , 132.94 , 156.65
4429 , 22128 , 37.89 , -33.2 , 0 , 17.38 , 17.357 , 4.580 , 133.86 , 155.74
4439 , 22170 , 37.66 , -33.2 , 0 , 17.37 , 17.336 , 4.603 , 134.69 , 154.90
4449 , 22219 , 37.40 , -32.5 , 0 , 17.36 , 17.294 , 4.623 , 135.63 , 153.96
4459 , 22264 , 37.16 , -32.2 , 0 , 17.35 , 17.215 , 4.632 , 136.51 , 153.08
4469 , 22309 , 36.93 , -32.2 , 0 , 17.34 , 17.075 , 4.623 , 137.36 , 152.23
4479 , 22352 , 36.70 , -32.1 , 0 , 17.33 , 17.052 , 4.646 , 138.20 , 151.40
4489 , 22395 , 36.48 , -31.8 , 0 , 17.32 , 16.956 , 4.648 , 139.01 , 150.58
4499 , 22436 , 36.27 , -31.6 , 0 , 17.31 , 16.856 , 4.647 , 139.78 , 149.81
4509 , 22479 , 36.05 , -31.6 , 0 , 17.30 , 16.777 , 4.654 , 140.59 , 149.00
4519 , 22527 , 35.81 , -31.5 , 0 , 17.29 , 16.746 , 4.677 , 141.49 , 148.10
4529 , 22575 , 35.57 , -31.5 , 0 , 17.27 , 16.602 , 4.668 , 142.38 , 147.21
4539 , 22623 , 35.32 , -31.5 , 0 , 17.26 , 16.550 , 4.685 , 143.27 , 146.32
4549 , 22670 , 35.09 , -31.8 , 0 , 17.25 , 16.519 , 4.708 , 144.14 , 145.45
4559 , 22721 , 34.84 , -32.1 , 0 , 17.23 , 16.498 , 4.735 , 145.07 , 144.52
4569 , 22769 , 34.60 , -32.2 , 0 , 17.22 , 16.465 , 4.758 , 145.96 , 143.64
4579 , 22819 , 34.36 , -31.8 , 0 , 17.21 , 16.463 , 4.792 , 146.88 , 142.71
4589 , 22870 , 34.11 , -31.8 , 0 , 17.19 , 16.584 , 4.862 , 147.81 , 141.78
4598 , 22921 , 33.87 , -32.0 , 0 , 17.18 , 16.584 , 4.897 , 148.76 , 140.83
4608 , 22967 , 33.64 , -32.1 , 0 , 17.17 , 16.518 , 4.910 , 149.62 , 139.97
4618 , 23020 , 33.39 , -32.2 , 0 , 17.15 , 16.603 , 4.972 , 150.60 , 139.00
4628 , 23071 , 33.15 , -32.0 , 0 , 17.14 , 16.554 , 4.993 , 151.54 , 138.05
4638 , 23122 , 32.91 , -32.0 , 0 , 17.12 , 16.602 , 5.044 , 152.50 , 137.09
4647 , 23173 , 32.68 , -32.0 , 0 , 17.11 , 16.642 , 5.093 , 153.45 , 136.14
4657 , 23220 , 32.46 , -32.0 , 0 , 17.10 , 16.431 , 5.062 , 154.31 , 135.29
4667 , 23270 , 32.23 , -32.1 , 0 , 17.08 , 16.366 , 5.077 , 155.22 , 134.37
4677 , 23319 , 32.01 , -32.0 , 0 , 17.07 , 16.367 , 5.114 , 156.13 , 133.47
4687 , 23369 , 31.78 , -31.9 , 0 , 17.05 , 16.332 , 5.139 , 157.03 , 132.56
4697 , 23422 , 31.55 , -31.6 , 0 , 17.04 , 16.251 , 5.151 , 157.99 , 131.60
4706 , 23475 , 31.31 , -31.6 , 0 , 17.03 , 16.118 , 5.148 , 158.95 , 130.64
4716 , 23520 , 31.11 , -31.7 , 0 , 17.01 , 15.997 , 5.142 , 159.77 , 129.82
4726 , 23570 , 30.89 , -31.9 , 0 , 17.00 , 15.885 , 5.142 , 160.66 , 128.93
4736 , 23623 , 30.66 , -32.2 , 0 , 16.99 , 15.816 , 5.158 , 161.59 , 128.00
4746 , 23674 , 30.44 , -32.2 , 0 , 16.98 , 15.726 , 5.166 , 162.49 , 127.10
4756 , 23721 , 30.24 , -32.2 , 0 , 16.96 , 15.550 , 5.143 , 163.32 , 126.27
4766 , 23767 , 30.04 , -32.3 , 0 , 16.95 , 15.431 , 5.137 , 164.11 , 125.48
4776 , 23814 , 29.84 , -31.8 , 0 , 16.94 , 15.366 , 5.149 , 164.92 , 124.68
4786 , 23862 , 29.64 , -31.3 , 0 , 16.93 , 15.285 , 5.157 , 165.75 , 123.85
4796 , 23911 , 29.43 , -30.8 , 0 , 16.92 , 15.308 , 5.201 , 166.58 , 123.01
4806 , 23959 , 29.23 , -30.2 , 0 , 16.90 , 15.299 , 5.233 , 167.40 , 122.19
4816 , 24010 , 29.03 , -30.0 , 0 , 16.89 , 15.167 , 5.225 , 168.26 , 121.34
4826 , 24060 , 28.82 , -29.9 , 0 , 16.88 , 14.948 , 5.186 , 169.10 , 120.50
4836 , 24114 , 28.61 , -30.0 , 0 , 16.87 , 14.861 , 5.195 , 169.99 , 119.61
4846 , 24165 , 28.40 , -30.1 , 0 , 16.85 , 14.800 , 5.211 , 170.82 , 118.77
4856 , 24216 , 28.20 , -29.8 , 0 , 16.84 , 14.745 , 5.229 , 171.66 , 117.93
4866 , 24268 , 28.00 , -29.7 , 0 , 16.83 , 14.707 , 5.253 , 172.50 , 117.09
4876 , 24317 , 27.80 , -29.7 , 0 , 16.82 , 14.636 , 5.264 , 173.31 , 116.29
4886 , 24372 , 27.59 , -29.9 , 0 , 16.81 , 14.553 , 5.275 , 174.19 , 115.41
4896 , 24427 , 27.38 , -30.1 , 0 , 16.79 , 14.496 , 5.295 , 175.08 , 114.51
4906 , 24480 , 27.18 , -29.9 , 0 , 16.78 , 14.408 , 5.302 , 175.92 , 113.67
4916 , 24533 , 26.97 , -30.0 , 0 , 16.77 , 14.371 , 5.328 , 176.77 , 112.82
4926 , 24587 , 26.77 , -30.1 , 0 , 16.76 , 14.245 , 5.321 , 177.62 , 111.97
4935 , 24636 , 26.58 , -29.6 , 0 , 16.74 , 14.184 , 5.336 , 178.41 , 111.19
4945 , 24682 , 26.41 , -28.7 , 0 , 16.73 , 14.097 , 5.337 , 179.12 , 110.48
4954 , 24733 , 26.23 , -28.6 , 0 , 16.72 , 14.030 , 5.350 , 179.91 , 109.69
4963 , 24780 , 26.06 , -28.9 , 0 , 16.71 , 13.954 , 5.355 , 180.63 , 108.96
4973 , 24829 , 25.88 , -29.1 , 0 , 16.70 , 13.836 , 5.347 , 181.38 , 108.21
4983 , 24882 , 25.68 , -29.3 , 0 , 16.68 , 13.786 , 5.368 , 182.20 , 107.39
4993 , 24935 , 25.49 , -29.5 , 0 , 16.67 , 13.728 , 5.385 , 183.01 , 106.58
5003 , 24987 , 25.31 , -30.0 , 0 , 16.66 , 13.641 , 5.389 , 183.79 , 105.81
5013 , 25033 , 25.15 , -30.0 , 0 , 16.65 , 13.531 , 5.380 , 184.48 , 105.12
5023 , 25086 , 24.96 , -29.5 , 0 , 16.64 , 13.510 , 5.412 , 185.28 , 104.32
5033 , 25136 , 24.78 , -29.7 , 0 , 16.63 , 13.390 , 5.403 , 186.03 , 103.56
5043 , 25186 , 24.61 , -30.0 , 0 , 16.61 , 13.278 , 5.395 , 186.77 , 102.83
5053 , 25238 , 24.43 , -30.3 , 0 , 16.60 , 13.148 , 5.381 , 187.52 , 102.07
5063 , 25288 , 24.26 , -30.3 , 0 , 16.59 , 13.017 , 5.365 , 188.24 , 101.35
5073 , 25339 , 24.09 , -30.3 , 0 , 16.58 , 12.893 , 5.352 , 188.98 , 100.61
5083 , 25387 , 23.93 , -29.9 , 0 , 16.57 , 12.800 , 5.350 , 189.66 , 99.93
5093 , 25436 , 23.76 , -29.6 , 0 , 16.56 , 12.720 , 5.353 , 190.36 , 99.23
5103 , 25486 , 23.60 , -29.8 , 0 , 16.55 , 12.630 , 5.352 , 191.05 , 98.54
5113 , 25537 , 23.43 , -30.0 , 0 , 16.54 , 12.524 , 5.346 , 191.77 , 97.83
5123 , 25589 , 23.26 , -30.0 , 0 , 16.53 , 12.400 , 5.332 , 192.50 , 97.10
5133 , 25639 , 23.10 , -30.2 , 0 , 16.52 , 12.233 , 5.297 , 193.17 , 96.42
5143 , 25695 , 22.91 , -30.6 , 0 , 16.51 , 12.174 , 5.313 , 193.93 , 95.66
5153 , 25752 , 22.73 , -30.4 , 0 , 16.50 , 12.108 , 5.327 , 194.71 , 94.89
5163 , 25803 , 22.57 , -30.6 , 0 , 16.49 , 11.971 , 5.304 , 195.38 , 94.21
5173 , 25853 , 22.41 , -30.7 , 0 , 16.48 , 11.922 , 5.320 , 196.05 , 93.54
5183 , 25905 , 22.25 , -30.7 , 0 , 16.47 , 11.866 , 5.334 , 196.73 , 92.86
5193 , 25957 , 22.08 , -30.7 , 0 , 16.46 , 11.835 , 5.359 , 197.42 , 92.17
5203 , 26010 , 21.92 , -30.8 , 0 , 16.45 , 11.780 , 5.374 , 198.12 , 91.48
5213 , 26064 , 21.75 , -30.9 , 0 , 16.44 , 11.683 , 5.371 , 198.83 , 90.77
5223 , 26118 , 21.59 , -31.1 , 0 , 16.43 , 11.527 , 5.340 , 199.52 , 90.07
5233 , 26166 , 21.44 , -31.4 , 0 , 16.42 , 11.442 , 5.337 , 200.14 , 89.46
5243 , 26214 , 21.30 , -31.2 , 0 , 16.42 , 11.347 , 5.328 , 200.75 , 88.84
5253 , 26263 , 21.15 , -31.0 , 0 , 16.41 , 11.353 , 5.368 , 201.36 , 88.23
5263 , 26312 , 21.00 , -30.9 , 0 , 16.40 , 11.385 , 5.420 , 201.98 , 87.61
5272 , 26359 , 20.86 , -30.9 , 0 , 16.39 , 11.336 , 5.433 , 202.58 , 87.01
5282 , 26408 , 20.72 , -30.6 , 0 , 16.38 , 11.339 , 5.471 , 203.19 , 86.40
5292 , 26461 , 20.57 , -30.4 , 0 , 16.37 , 11.257 , 5.473 , 203.86 , 85.73
5302 , 26519 , 20.40 , -30.1 , 0 , 16.36 , 11.197 , 5.489 , 204.58 , 85.01
5312 , 26578 , 20.23 , -29.5 , 0 , 16.35 , 11.057 , 5.464 , 205.31 , 84.29
5322 , 26631 , 20.08 , -29.0 , 0 , 16.35 , 10.954 , 5.454 , 205.96 , 83.64
5332 , 26692 , 19.91 , -29.4 , 0 , 16.33 , 10.916 , 5.482 , 206.69 , 82.90
5342 , 26748 , 19.76 , -29.6 , 0 , 16.33 , 10.891 , 5.513 , 207.37 , 82.22
5352 , 26807 , 19.59 , -29.8 , 0 , 16.32 , 10.838 , 5.532 , 208.08 , 81.51
5362 , 26869 , 19.42 , -30.0 , 0 , 16.31 , 10.765 , 5.542 , 208.82 , 80.77
5372 , 26931 , 19.26 , -30.3 , 0 , 16.30 , 10.735 , 5.575 , 209.56 , 80.03
5382 , 26995 , 19.08 , -30.3 , 0 , 16.29 , 10.674 , 5.593 , 210.32 , 79.28
5392 , 27053 , 18.93 , -29.7 , 0 , 16.29 , 10.617 , 5.609 , 211.01 , 78.59
5402 , 27112 , 18.77 , -29.7 , 0 , 16.28 , 10.578 , 5.635 , 211.70 , 77.89
5412 , 27168 , 18.62 , -29.7 , 0 , 16.27 , 10.508 , 5.642 , 212.35 , 77.24
5422 , 27233 , 18.46 , -29.9 , 0 , 16.26 , 10.437 , 5.655 , 213.11 , 76.49
5432 , 27295 , 18.30 , -30.1 , 0 , 16.25 , 10.384 , 5.676 , 213.82 , 75.78
5442 , 27351 , 18.15 , -30.1 , 0 , 16.25 , 10.299 , 5.673 , 214.46 , 75.13
5452 , 27401 , 18.03 , -30.2 , 0 , 16.24 , 10.195 , 5.656 , 215.03 , 74.56
5462 , 27451 , 17.90 , -30.1 , 0 , 16.23 , 9.959 , 5.564 , 215.58 , 74.01
5472 , 27497 , 17.78 , -29.9 , 0 , 16.22 , 9.764 , 5.490 , 216.10 , 73.50
5482 , 27541 , 17.67 , -29.9 , 0 , 16.22 , 9.959 , 5.635 , 216.57 , 73.02
5492 , 27587 , 17.56 , -29.3 , 0 , 16.21 , 9.911 , 5.644 , 217.08 , 72.52
5502 , 27633 , 17.45 , -28.8 , 0 , 16.20 , 9.832 , 5.635 , 217.58 , 72.01
5512 , 27680 , 17.33 , -28.2 , 0 , 16.20 , 9.789 , 5.648 , 218.09 , 71.50
5522 , 27722 , 17.23 , -27.4 , 0 , 16.19 , 9.692 , 5.624 , 218.54 , 71.06
5532 , 27765 , 17.13 , -27.1 , 0 , 16.18 , 9.658 , 5.638 , 218.99 , 70.60
5541 , 27812 , 17.02 , -26.7 , 0 , 16.18 , 9.644 , 5.667 , 219.49 , 70.10
5551 , 27851 , 16.93 , -26.1 , 0 , 16.17 , 9.634 , 5.692 , 219.90 , 69.69
5561 , 27901 , 16.81 , -26.0 , 0 , 16.17 , 9.615 , 5.720 , 220.43 , 69.16
5571 , 27953 , 16.69 , -25.9 , 0 , 16.16 , 9.601 , 5.752 , 220.97 , 68.63
5580 , 28000 , 16.58 , -25.9 , 0 , 16.16 , 9.600 , 5.789 , 221.46 , 68.13
5589 , 28048 , 16.47 , -26.0 , 0 , 16.16 , 9.593 , 5.824 , 221.97 , 67.63
5599 , 28101 , 16.35 , -26.0 , 0 , 16.15 , 9.538 , 5.833 , 222.52 , 67.07
5609 , 28155 , 16.23 , -25.9 , 0 , 16.15 , 9.517 , 5.863 , 223.08 , 66.51
5619 , 28209 , 16.11 , -25.5 , 0 , 16.15 , 9.384 , 5.825 , 223.64 , 65.95
5629 , 28264 , 15.99 , -25.5 , 0 , 16.14 , 9.181 , 5.742 , 224.19 , 65.40
5639 , 28322 , 15.86 , -25.7 , 0 , 16.14 , 9.134 , 5.759 , 224.77 , 64.82
5649 , 28372 , 15.75 , -25.9 , 0 , 16.14 , 9.099 , 5.777 , 225.27 , 64.32
5659 , 28426 , 15.63 , -25.9 , 0 , 16.14 , 8.962 , 5.732 , 225.80 , 63.79
5669 , 28478 , 15.52 , -25.8 , 0 , 16.14 , 8.824 , 5.685 , 226.31 , 63.29
5679 , 28525 , 15.42 , -25.4 , 0 , 16.13 , 8.713 , 5.649 , 226.75 , 62.84
5689 , 28584 , 15.30 , -25.0 , 0 , 16.13 , 8.643 , 5.650 , 227.31 , 62.28
5699 , 28629 , 15.20 , -25.0 , 0 , 16.13 , 8.506 , 5.595 , 227.72 , 61.87
5709 , 28677 , 15.10 , -25.3 , 0 , 16.13 , 8.411 , 5.569 , 228.17 , 61.42
5719 , 28733 , 14.99 , -25.3 , 0 , 16.12 , 8.382 , 5.593 , 228.68 , 60.91
5729 , 28783 , 14.88 , -25.0 , 0 , 16.12 , 8.395 , 5.640 , 229.13 , 60.46
5739 , 28829 , 14.79 , -25.1 , 0 , 16.11 , 8.371 , 5.660 , 229.55 , 60.04
5749 , 28878 , 14.69 , -25.0 , 0 , 16.11 , 8.341 , 5.678 , 230.00 , 59.59
5759 , 28924 , 14.60 , -25.1 , 0 , 16.10 , 8.337 , 5.711 , 230.42 , 59.17
5769 , 28972 , 14.50 , -25.4 , 0 , 16.10 , 8.324 , 5.740 , 230.85 , 58.74
5779 , 29028 , 14.39 , -24.9 , 0 , 16.10 , 8.262 , 5.742 , 231.36 , 58.24
5789 , 29073 , 14.30 , -24.8 , 0 , 16.09 , 8.196 , 5.731 , 231.76 , 57.83
5799 , 29127 , 14.19 , -24.5 , 0 , 16.09 , 8.123 , 5.722 , 232.24 , 57.35
5809 , 29174 , 14.10 , -24.3 , 0 , 16.08 , 8.066 , 5.719 , 232.65 , 56.94
5819 , 29223 , 14.01 , -24.1 , 0 , 16.07 , 7.999 , 5.710 , 233.08 , 56.52
5829 , 29282 , 13.90 , -23.6 , 0 , 16.07 , 7.938 , 5.713 , 233.59 , 56.01
5839 , 29337 , 13.79 , -23.3 , 0 , 16.06 , 7.817 , 5.668 , 234.05 , 55.54
5849 , 29393 , 13.69 , -23.1 , 0 , 16.05 , 7.751 , 5.663 , 234.53 , 55.07
5859 , 29448 , 13.58 , -23.0 , 0 , 16.05 , 7.779 , 5.726 , 234.98 , 54.61
5869 , 29511 , 13.47 , -23.1 , 0 , 16.04 , 7.781 , 5.777 , 235.51 , 54.08
5879 , 29565 , 13.37 , -23.0 , 0 , 16.03 , 7.719 , 5.774 , 235.96 , 53.63
5889 , 29623 , 13.26 , -23.0 , 0 , 16.02 , 7.674 , 5.786 , 236.44 , 53.15
5899 , 29687 , 13.15 , -22.8 , 0 , 16.02 , 7.552 , 5.744 , 236.97 , 52.62
5908 , 29737 , 13.06 , -22.8 , 0 , 16.01 , 7.499 , 5.743 , 237.37 , 52.22
5918 , 29793 , 12.96 , -22.8 , 0 , 16.00 , 7.415 , 5.722 , 237.83 , 51.77
5928 , 29846 , 12.87 , -22.9 , 0 , 15.99 , 7.356 , 5.717 , 238.24 , 51.35
5938 , 29906 , 12.76 , -23.1 , 0 , 15.99 , 7.264 , 5.692 , 238.72 , 50.87
5948 , 29957 , 12.67 , -23.5 , 0 , 15.98 , 7.164 , 5.653 , 239.11 , 50.48
5958 , 30012 , 12.58 , -23.6 , 0 , 15.97 , 7.049 , 5.605 , 239.54 , 50.05
5968 , 30071 , 12.48 , -23.5 , 0 , 15.96 , 6.946 , 5.567 , 239.98 , 49.61
5978 , 30113 , 12.41 , -23.4 , 0 , 15.95 , 6.850 , 5.522 , 240.29 , 49.30
5988 , 30163 , 12.32 , -23.1 , 0 , 15.94 , 6.790 , 5.511 , 240.66 , 48.93
5998 , 30209 , 12.24 , -23.1 , 0 , 15.94 , 6.743 , 5.508 , 241.00 , 48.59
6008 , 30261 , 12.16 , -23.1 , 0 , 15.93 , 6.675 , 5.491 , 241.38 , 48.22
6018 , 30306 , 12.08 , -23.0 , 0 , 15.92 , 6.621 , 5.480 , 241.70 , 47.90
6028 , 30353 , 12.01 , -23.2 , 0 , 15.91 , 6.573 , 5.475 , 242.03 , 47.56
6038 , 30400 , 11.93 , -22.9 , 0 , 15.91 , 6.534 , 5.478 , 242.36 , 47.23
6048 , 30448 , 11.85 , -22.8 , 0 , 15.90 , 6.416 , 5.414 , 242.70 , 46.90
6058 , 30487 , 11.79 , -22.7 , 0 , 15.89 , 6.402 , 5.431 , 242.97 , 46.63
6068 , 30539 , 11.70 , -22.8 , 0 , 15.88 , 6.380 , 5.451 , 243.32 , 46.27
6078 , 30589 , 11.62 , -23.1 , 0 , 15.87 , 6.323 , 5.440 , 243.67 , 45.93
6088 , 30641 , 11.54 , -23.2 , 0 , 15.86 , 6.239 , 5.406 , 244.02 , 45.57
6098 , 30696 , 11.46 , -23.4 , 0 , 15.85 , 6.201 , 5.413 , 244.39 , 45.20
6108 , 30753 , 11.37 , -23.9 , 0 , 15.84 , 6.123 , 5.387 , 244.77 , 44.83
6118 , 30802 , 11.29 , -24.3 , 0 , 15.83 , 6.115 , 5.416 , 245.09 , 44.50
6128 , 30857 , 11.21 , -24.4 , 0 , 15.82 , 6.044 , 5.393 , 245.45 , 44.14
6138 , 30909 , 11.13 , -24.2 , 0 , 15.81 , 5.990 , 5.384 , 245.80 , 43.80
6147 , 30967 , 11.04 , -24.3 , 0 , 15.81 , 5.934 , 5.376 , 246.17 , 43.43
6157 , 31023 , 10.95 , -24.3 , 0 , 15.80 , 5.864 , 5.353 , 246.52 , 43.07
6167 , 31066 , 10.89 , -24.3 , 0 , 15.79 , 5.786 , 5.314 , 246.80 , 42.79
6177 , 31131 , 10.79 , -24.4 , 0 , 15.78 , 5.734 , 5.312 , 247.20 , 42.39
6187 , 31192 , 10.70 , -24.5 , 0 , 15.77 , 5.643 , 5.273 , 247.58 , 42.01
6197 , 31239 , 10.63 , -24.4 , 0 , 15.76 , 5.664 , 5.326 , 247.86 , 41.73
6207 , 31297 , 10.55 , -24.5 , 0 , 15.75 , 5.592 , 5.301 , 248.22 , 41.37
6216 , 31351 , 10.47 , -24.6 , 0 , 15.74 , 5.535 , 5.286 , 248.55 , 41.05
6226 , 31403 , 10.40 , -24.5 , 0 , 15.73 , 5.451 , 5.243 , 248.86 , 40.74
6236 , 31462 , 10.31 , -24.6 , 0 , 15.71 , 5.430 , 5.266 , 249.20 , 40.39
6246 , 31511 , 10.24 , -24.7 , 0 , 15.70 , 5.400 , 5.272 , 249.49 , 40.10
6256 , 31557 , 10.18 , -24.8 , 0 , 15.69 , 5.336 , 5.243 , 249.76 , 39.83
6266 , 31626 , 10.08 , -24.9 , 0 , 15.68 , 5.299 , 5.255 , 250.16 , 39.44
6276 , 31681 , 10.01 , -24.8 , 0 , 15.67 , 5.232 , 5.229 , 250.47 , 39.12
6286 , 31723 , 9.95 , -24.7 , 0 , 15.66 , 5.209 , 5.235 , 250.71 , 38.88
6295 , 31771 , 9.88 , -24.8 , 0 , 15.65 , 5.140 , 5.201 , 250.98 , 38.61
6305 , 31812 , 9.83 , -25.0 , 0 , 15.64 , 5.121 , 5.210 , 251.21 , 38.39
6315 , 31861 , 9.76 , -24.9 , 0 , 15.63 , 5.076 , 5.200 , 251.48 , 38.11
6325 , 31902 , 9.71 , -25.1 , 0 , 15.62 , 5.068 , 5.220 , 251.70 , 37.89
6335 , 31942 , 9.65 , -25.4 , 0 , 15.61 , 5.017 , 5.197 , 251.92 , 37.67
6345 , 31993 , 9.59 , -25.3 , 0 , 15.60 , 4.985 , 5.201 , 252.20 , 37.39
6355 , 32040 , 9.52 , -25.0 , 0 , 15.59 , 4.958 , 5.206 , 252.46 , 37.14
6365 , 32077 , 9.48 , -24.6 , 0 , 15.57 , 4.881 , 5.151 , 252.65 , 36.94
6375 , 32111 , 9.43 , -24.3 , 0 , 15.56 , 4.877 , 5.170 , 252.83 , 36.76
6385 , 32153 , 9.38 , -23.8 , 0 , 15.55 , 4.824 , 5.144 , 253.05 , 36.54
6395 , 32205 , 9.31 , -23.3 , 0 , 15.54 , 4.774 , 5.127 , 253.32 , 36.27
6405 , 32245 , 9.26 , -22.7 , 0 , 15.53 , 4.719 , 5.096 , 253.53 , 36.06
6415 , 32304 , 9.19 , -22.1 , 0 , 15.52 , 4.697 , 5.113 , 253.83 , 35.77
6425 , 32358 , 9.12 , -21.8 , 0 , 15.51 , 4.650 , 5.099 , 254.10 , 35.50
6435 , 32410 , 9.05 , -21.3 , 0 , 15.50 , 4.597 , 5.077 , 254.36 , 35.24
6445 , 32461 , 8.99 , -20.5 , 0 , 15.49 , 4.580 , 5.093 , 254.61 , 34.99
6455 , 32516 , 8.93 , -20.3 , 0 , 15.48 , 4.519 , 5.063 , 254.87 , 34.72
6465 , 32572 , 8.86 , -20.2 , 0 , 15.46 , 4.529 , 5.112 , 255.14 , 34.45
6475 , 32630 , 8.79 , -20.2 , 0 , 15.45 , 4.483 , 5.100 , 255.42 , 34.17
6485 , 32675 , 8.74 , -20.0 , 0 , 15.44 , 4.438 , 5.079 , 255.63 , 33.96
6495 , 32732 , 8.67 , -20.3 , 0 , 15.43 , 4.429 , 5.109 , 255.90 , 33.69
6505 , 32790 , 8.60 , -20.4 , 0 , 15.42 , 4.346 , 5.053 , 256.17 , 33.42
6515 , 32845 , 8.54 , -20.3 , 0 , 15.41 , 4.363 , 5.110 , 256.43 , 33.16
6524 , 32894 , 8.48 , -20.1 , 0 , 15.39 , 4.318 , 5.091 , 256.66 , 32.94
6533 , 32943 , 8.43 , -19.6 , 0 , 15.38 , 4.260 , 5.056 , 256.88 , 32.71
6542 , 32986 , 8.38 , -19.7 , 0 , 15.37 , 4.213 , 5.029 , 257.07 , 32.52
6552 , 33032 , 8.33 , -19.6 , 0 , 15.36 , 4.177 , 5.017 , 257.28 , 32.31
6562 , 33076 , 8.28 , -19.6 , 0 , 15.35 , 4.145 , 5.008 , 257.47 , 32.12
6572 , 33117 , 8.23 , -19.6 , 0 , 15.33 , 4.102 , 4.984 , 257.65 , 31.94
6582 , 33162 , 8.18 , -19.7 , 0 , 15.32 , 4.092 , 5.001 , 257.85 , 31.74
6592 , 33212 , 8.13 , -19.9 , 0 , 15.31 , 4.066 , 5.004 , 258.07 , 31.52
6602 , 33241 , 8.09 , -19.8 , 0 , 15.30 , 3.983 , 4.921 , 258.19 , 31.40
6612 , 33287 , 8.04 , -19.9 , 0 , 15.28 , 3.999 , 4.971 , 258.38 , 31.21
6622 , 33328 , 8.00 , -19.6 , 0 , 15.27 , 3.979 , 4.974 , 258.56 , 31.03
6632 , 33362 , 7.96 , -18.8 , 0 , 15.26 , 3.964 , 4.979 , 258.71 , 30.89
6642 , 33397 , 7.93 , -18.3 , 0 , 15.25 , 3.928 , 4.956 , 258.85 , 30.74
6652 , 33449 , 7.87 , -17.8 , 0 , 15.24 , 3.894 , 4.947 , 259.06 , 30.53
6662 , 33477 , 7.84 , -17.5 , 0 , 15.23 , 3.857 , 4.918 , 259.18 , 30.41
6672 , 33520 , 7.80 , -17.4 , 0 , 15.21 , 3.832 , 4.915 , 259.35 , 30.24
