# ------------------------------------------------------------
#
# Flight name: V4611
# Station: Davis
# Launch Date: 07 December 2011
# Launch Time: 11:28:58
# 
# This file created: Thu Dec 08 09:33:34 2011
# 
# 
# ------------------------------------------------------------
# DATA COLUMNS
# Time (s)
# Height (m)
# Atmospheric Pressure (hPa)
# Atmospheric Temperature (°C)
# Relative Humidity (%)
# Box Temperature (°C)
# Ozone Partial Pressure (mPa)
# Ozone Mixing Ratio (ppmV)
# Accumulated Ozone to this Height (Dobson Units)
# Remaining Ozone above this Height (Dobson Units)
# 
# ------------------------------------------------------------
# 
# Integrated Ozone = 220.2 DU
# Extrapolated Ozone =  41.8 DU
# 
# Total Ozone = 262.0 DU
# 
# 
# ------------------------------------------------------------
0 , 18 , 970.43 , -1.5 , 52 , 33.96 , 1.740 , 0.018 , 0.00 , 262.03
10 , 68 , 964.30 , -4.3 , 60 , 33.92 , 1.731 , 0.018 , 0.09 , 261.94
20 , 119 , 958.07 , -4.8 , 64 , 33.77 , 1.736 , 0.018 , 0.18 , 261.85
30 , 169 , 951.94 , -5.3 , 65 , 33.70 , 1.753 , 0.018 , 0.26 , 261.77
40 , 223 , 945.40 , -5.8 , 67 , 33.67 , 1.740 , 0.018 , 0.36 , 261.67
50 , 274 , 939.32 , -6.2 , 70 , 33.67 , 1.733 , 0.018 , 0.45 , 261.58
60 , 328 , 932.86 , -6.8 , 73 , 33.73 , 1.729 , 0.019 , 0.54 , 261.49
70 , 379 , 926.79 , -7.3 , 76 , 33.70 , 1.715 , 0.019 , 0.63 , 261.40
80 , 427 , 921.04 , -7.7 , 78 , 33.65 , 1.712 , 0.019 , 0.71 , 261.32
90 , 484 , 914.28 , -8.3 , 78 , 33.63 , 1.719 , 0.019 , 0.81 , 261.22
100 , 535 , 908.31 , -8.7 , 77 , 33.66 , 1.706 , 0.019 , 0.90 , 261.13
110 , 585 , 902.50 , -9.1 , 78 , 33.65 , 1.748 , 0.019 , 0.99 , 261.04
120 , 639 , 896.14 , -9.5 , 81 , 33.70 , 1.795 , 0.020 , 1.09 , 260.94
130 , 692 , 890.07 , -9.9 , 83 , 33.72 , 1.828 , 0.021 , 1.19 , 260.84
140 , 749 , 883.47 , -10.5 , 86 , 33.69 , 1.843 , 0.021 , 1.29 , 260.74
149 , 807 , 876.83 , -10.9 , 87 , 33.76 , 1.839 , 0.021 , 1.40 , 260.63
160 , 861 , 870.69 , -10.8 , 70 , 33.78 , 1.814 , 0.021 , 1.50 , 260.52
169 , 909 , 865.24 , -10.9 , 56 , 33.64 , 1.775 , 0.021 , 1.59 , 260.44
179 , 965 , 859.04 , -11.0 , 40 , 33.56 , 1.766 , 0.021 , 1.69 , 260.34
189 , 1014 , 853.54 , -11.4 , 33 , 33.48 , 1.725 , 0.020 , 1.78 , 260.25
199 , 1069 , 847.44 , -11.7 , 31 , 33.45 , 1.665 , 0.020 , 1.88 , 260.15
209 , 1130 , 840.70 , -12.2 , 33 , 33.42 , 1.592 , 0.019 , 1.98 , 260.05
219 , 1184 , 834.78 , -12.6 , 33 , 33.39 , 1.545 , 0.019 , 2.07 , 259.96
229 , 1235 , 829.24 , -13.0 , 34 , 33.35 , 1.603 , 0.019 , 2.15 , 259.88
239 , 1282 , 824.07 , -13.5 , 34 , 33.24 , 1.566 , 0.019 , 2.23 , 259.80
249 , 1341 , 817.76 , -14.0 , 36 , 33.23 , 1.507 , 0.018 , 2.32 , 259.71
259 , 1402 , 811.19 , -14.5 , 38 , 33.17 , 1.451 , 0.018 , 2.42 , 259.61
268 , 1455 , 805.54 , -15.0 , 39 , 33.14 , 1.417 , 0.018 , 2.50 , 259.53
278 , 1501 , 800.65 , -15.3 , 39 , 33.08 , 1.434 , 0.018 , 2.56 , 259.47
288 , 1550 , 795.41 , -15.7 , 39 , 33.03 , 1.443 , 0.018 , 2.64 , 259.39
298 , 1605 , 789.59 , -16.0 , 38 , 33.02 , 1.400 , 0.018 , 2.72 , 259.31
308 , 1659 , 784.03 , -16.4 , 38 , 32.95 , 1.352 , 0.017 , 2.80 , 259.23
318 , 1704 , 779.34 , -16.8 , 39 , 32.88 , 1.374 , 0.018 , 2.86 , 259.17
328 , 1765 , 773.04 , -17.3 , 40 , 32.82 , 1.353 , 0.018 , 2.95 , 259.08
338 , 1829 , 766.43 , -17.7 , 41 , 32.73 , 1.317 , 0.017 , 3.04 , 258.99
348 , 1885 , 760.71 , -17.8 , 29 , 32.64 , 1.339 , 0.018 , 3.12 , 258.91
358 , 1945 , 754.66 , -17.7 , 19 , 32.66 , 1.424 , 0.019 , 3.21 , 258.82
368 , 1998 , 749.30 , -17.8 , 16 , 32.57 , 1.412 , 0.019 , 3.29 , 258.74
378 , 2047 , 744.42 , -18.0 , 15 , 32.56 , 1.412 , 0.019 , 3.36 , 258.67
388 , 2095 , 739.59 , -18.4 , 15 , 32.56 , 1.406 , 0.019 , 3.43 , 258.60
398 , 2147 , 734.45 , -18.8 , 15 , 32.58 , 1.376 , 0.019 , 3.51 , 258.52
408 , 2195 , 729.74 , -18.7 , 14 , 32.54 , 1.386 , 0.019 , 3.58 , 258.45
418 , 2237 , 725.67 , -18.9 , 13 , 32.51 , 1.378 , 0.019 , 3.64 , 258.39
428 , 2280 , 721.46 , -18.9 , 11 , 32.48 , 1.365 , 0.019 , 3.70 , 258.33
437 , 2337 , 715.98 , -19.0 , 11 , 32.52 , 1.344 , 0.019 , 3.78 , 258.25
447 , 2398 , 710.10 , -19.5 , 12 , 32.48 , 1.293 , 0.018 , 3.87 , 258.16
457 , 2448 , 705.36 , -20.0 , 12 , 32.40 , 1.250 , 0.018 , 3.94 , 258.09
467 , 2498 , 700.59 , -20.4 , 13 , 32.39 , 1.216 , 0.017 , 4.00 , 258.03
477 , 2548 , 695.88 , -20.8 , 14 , 32.40 , 1.219 , 0.018 , 4.07 , 257.96
487 , 2598 , 691.20 , -21.2 , 14 , 32.40 , 1.194 , 0.017 , 4.13 , 257.90
497 , 2646 , 686.71 , -21.5 , 14 , 32.32 , 1.191 , 0.017 , 4.19 , 257.84
507 , 2704 , 681.28 , -21.8 , 14 , 32.26 , 1.182 , 0.017 , 4.27 , 257.76
517 , 2757 , 676.37 , -21.8 , 15 , 32.28 , 1.170 , 0.017 , 4.33 , 257.70
527 , 2817 , 670.94 , -22.0 , 15 , 32.30 , 1.172 , 0.017 , 4.41 , 257.62
537 , 2880 , 665.19 , -22.3 , 15 , 32.29 , 1.155 , 0.017 , 4.49 , 257.54
547 , 2930 , 660.66 , -22.5 , 14 , 32.22 , 1.146 , 0.017 , 4.55 , 257.48
557 , 2973 , 656.82 , -22.7 , 14 , 32.19 , 1.165 , 0.018 , 4.60 , 257.43
567 , 3023 , 652.34 , -23.0 , 14 , 32.17 , 1.158 , 0.018 , 4.67 , 257.36
576 , 3071 , 648.07 , -23.5 , 14 , 32.13 , 1.172 , 0.018 , 4.73 , 257.30
586 , 3129 , 642.92 , -24.0 , 15 , 32.15 , 1.162 , 0.018 , 4.80 , 257.23
595 , 3188 , 637.74 , -24.5 , 16 , 32.16 , 1.148 , 0.018 , 4.87 , 257.16
606 , 3240 , 633.20 , -24.7 , 17 , 32.09 , 1.218 , 0.019 , 4.94 , 257.09
616 , 3294 , 628.57 , -24.9 , 16 , 32.08 , 1.296 , 0.021 , 5.01 , 257.02
626 , 3344 , 624.25 , -25.3 , 16 , 32.06 , 1.357 , 0.022 , 5.09 , 256.94
636 , 3388 , 620.42 , -25.7 , 16 , 32.01 , 1.409 , 0.023 , 5.15 , 256.88
646 , 3436 , 616.34 , -26.0 , 17 , 31.97 , 1.448 , 0.024 , 5.23 , 256.80
656 , 3492 , 611.58 , -26.4 , 18 , 31.92 , 1.455 , 0.024 , 5.32 , 256.71
666 , 3553 , 606.40 , -26.8 , 18 , 31.90 , 1.445 , 0.024 , 5.41 , 256.62
676 , 3597 , 602.75 , -26.9 , 18 , 31.87 , 1.428 , 0.024 , 5.48 , 256.55
686 , 3637 , 599.46 , -27.1 , 19 , 31.84 , 1.394 , 0.023 , 5.54 , 256.49
696 , 3691 , 594.92 , -27.5 , 20 , 31.79 , 1.350 , 0.023 , 5.62 , 256.41
706 , 3746 , 590.37 , -27.8 , 20 , 31.74 , 1.322 , 0.022 , 5.71 , 256.32
715 , 3791 , 586.71 , -28.1 , 20 , 31.73 , 1.349 , 0.023 , 5.77 , 256.26
726 , 3835 , 583.12 , -28.4 , 20 , 31.72 , 1.374 , 0.024 , 5.84 , 256.19
736 , 3888 , 578.82 , -28.7 , 21 , 31.69 , 1.423 , 0.025 , 5.92 , 256.11
746 , 3935 , 575.02 , -29.0 , 21 , 31.66 , 1.473 , 0.026 , 5.99 , 256.04
756 , 3991 , 570.56 , -29.3 , 22 , 31.59 , 1.509 , 0.026 , 6.09 , 255.94
766 , 4046 , 566.18 , -29.7 , 22 , 31.54 , 1.547 , 0.027 , 6.18 , 255.85
776 , 4102 , 561.74 , -30.1 , 24 , 31.56 , 1.539 , 0.027 , 6.27 , 255.76
785 , 4148 , 558.11 , -30.4 , 24 , 31.54 , 1.527 , 0.027 , 6.35 , 255.68
795 , 4191 , 554.70 , -30.7 , 24 , 31.50 , 1.540 , 0.028 , 6.43 , 255.60
805 , 4237 , 551.12 , -31.0 , 25 , 31.47 , 1.533 , 0.028 , 6.51 , 255.52
814 , 4279 , 547.87 , -31.4 , 26 , 31.44 , 1.549 , 0.028 , 6.58 , 255.45
824 , 4319 , 544.81 , -31.7 , 27 , 31.42 , 1.545 , 0.028 , 6.65 , 255.38
834 , 4360 , 541.62 , -32.0 , 28 , 31.40 , 1.526 , 0.028 , 6.72 , 255.31
844 , 4401 , 538.53 , -32.4 , 28 , 31.38 , 1.502 , 0.028 , 6.79 , 255.24
854 , 4449 , 534.85 , -32.8 , 30 , 31.34 , 1.503 , 0.028 , 6.87 , 255.16
864 , 4504 , 530.69 , -33.2 , 31 , 31.28 , 1.472 , 0.028 , 6.96 , 255.07
874 , 4549 , 527.28 , -33.6 , 31 , 31.25 , 1.498 , 0.028 , 7.03 , 255.00
884 , 4596 , 523.77 , -33.8 , 32 , 31.22 , 1.485 , 0.028 , 7.11 , 254.92
893 , 4647 , 519.96 , -34.2 , 33 , 31.20 , 1.508 , 0.029 , 7.20 , 254.83
903 , 4697 , 516.27 , -34.6 , 34 , 31.23 , 1.451 , 0.028 , 7.28 , 254.75
913 , 4742 , 512.95 , -34.9 , 33 , 31.16 , 1.391 , 0.027 , 7.35 , 254.68
923 , 4793 , 509.16 , -35.3 , 34 , 31.14 , 1.354 , 0.027 , 7.43 , 254.60
933 , 4847 , 505.27 , -35.7 , 34 , 31.14 , 1.295 , 0.026 , 7.51 , 254.51
943 , 4895 , 501.77 , -36.0 , 33 , 31.07 , 1.274 , 0.025 , 7.59 , 254.44
953 , 4948 , 497.93 , -36.3 , 34 , 31.01 , 1.262 , 0.025 , 7.66 , 254.37
963 , 4992 , 494.81 , -36.5 , 33 , 30.97 , 1.253 , 0.025 , 7.72 , 254.31
973 , 5037 , 491.62 , -36.7 , 33 , 30.96 , 1.246 , 0.025 , 7.79 , 254.24
983 , 5097 , 487.37 , -37.0 , 34 , 30.91 , 1.274 , 0.026 , 7.87 , 254.16
993 , 5155 , 483.31 , -37.2 , 33 , 30.86 , 1.453 , 0.030 , 7.96 , 254.07
1002 , 5202 , 480.02 , -37.6 , 32 , 30.87 , 1.704 , 0.035 , 8.05 , 253.98
1012 , 5254 , 476.40 , -37.9 , 33 , 30.93 , 1.892 , 0.040 , 8.16 , 253.87
1022 , 5302 , 473.09 , -38.2 , 34 , 30.84 , 2.063 , 0.044 , 8.27 , 253.76
1032 , 5349 , 469.87 , -38.5 , 34 , 30.80 , 2.120 , 0.045 , 8.38 , 253.65
1042 , 5395 , 466.71 , -38.7 , 34 , 30.75 , 2.104 , 0.045 , 8.49 , 253.54
1052 , 5443 , 463.49 , -39.1 , 36 , 30.71 , 1.939 , 0.042 , 8.60 , 253.43
1062 , 5497 , 459.80 , -39.4 , 37 , 30.64 , 1.757 , 0.038 , 8.72 , 253.31
1072 , 5544 , 456.64 , -39.8 , 37 , 30.60 , 1.683 , 0.037 , 8.81 , 253.22
1082 , 5593 , 453.38 , -40.3 , 38 , 30.57 , 1.569 , 0.035 , 8.90 , 253.13
1092 , 5649 , 449.70 , -40.7 , 38 , 30.53 , 1.465 , 0.033 , 9.00 , 253.03
1102 , 5694 , 446.70 , -41.0 , 37 , 30.50 , 1.410 , 0.032 , 9.08 , 252.95
1112 , 5743 , 443.53 , -41.3 , 37 , 30.47 , 1.423 , 0.032 , 9.16 , 252.87
1122 , 5801 , 439.73 , -41.8 , 37 , 30.52 , 1.381 , 0.031 , 9.25 , 252.78
1132 , 5848 , 436.71 , -42.1 , 37 , 30.50 , 1.377 , 0.032 , 9.33 , 252.70
1142 , 5893 , 433.77 , -42.4 , 37 , 30.44 , 1.346 , 0.031 , 9.40 , 252.63
1152 , 5935 , 431.09 , -42.7 , 38 , 30.40 , 1.304 , 0.030 , 9.46 , 252.57
1162 , 5981 , 428.18 , -43.1 , 38 , 30.35 , 1.305 , 0.030 , 9.53 , 252.50
1172 , 6036 , 424.70 , -43.4 , 39 , 30.30 , 1.331 , 0.031 , 9.62 , 252.41
1182 , 6092 , 421.16 , -43.7 , 39 , 30.32 , 1.423 , 0.034 , 9.71 , 252.32
1191 , 6145 , 417.87 , -44.1 , 41 , 30.37 , 1.413 , 0.034 , 9.80 , 252.23
1200 , 6194 , 414.82 , -44.4 , 44 , 30.35 , 1.389 , 0.033 , 9.88 , 252.15
1210 , 6240 , 411.99 , -44.7 , 46 , 30.24 , 1.411 , 0.034 , 9.95 , 252.08
1220 , 6288 , 409.03 , -45.1 , 46 , 30.16 , 1.427 , 0.035 , 10.04 , 251.99
1230 , 6333 , 406.26 , -45.3 , 46 , 30.12 , 1.419 , 0.035 , 10.11 , 251.92
1240 , 6374 , 403.75 , -45.6 , 45 , 30.06 , 1.435 , 0.036 , 10.18 , 251.85
1250 , 6426 , 400.63 , -46.1 , 44 , 30.00 , 1.483 , 0.037 , 10.27 , 251.76
1260 , 6475 , 397.69 , -46.4 , 45 , 29.94 , 1.522 , 0.038 , 10.36 , 251.67
1270 , 6524 , 394.74 , -46.8 , 44 , 29.91 , 1.474 , 0.037 , 10.45 , 251.58
1280 , 6569 , 392.06 , -46.8 , 41 , 29.88 , 1.413 , 0.036 , 10.52 , 251.51
1290 , 6617 , 389.28 , -47.2 , 36 , 29.82 , 1.335 , 0.034 , 10.60 , 251.43
1300 , 6660 , 386.72 , -47.6 , 34 , 29.84 , 1.293 , 0.033 , 10.67 , 251.36
1310 , 6711 , 383.78 , -47.9 , 34 , 29.86 , 1.307 , 0.034 , 10.75 , 251.28
1320 , 6774 , 380.13 , -48.4 , 33 , 29.84 , 1.347 , 0.035 , 10.85 , 251.18
1330 , 6826 , 377.08 , -48.6 , 32 , 29.78 , 1.383 , 0.037 , 10.93 , 251.10
1340 , 6873 , 374.43 , -48.9 , 30 , 29.68 , 1.457 , 0.039 , 11.01 , 251.02
1350 , 6922 , 371.66 , -49.1 , 29 , 29.66 , 1.527 , 0.041 , 11.10 , 250.93
1360 , 6973 , 368.73 , -49.4 , 29 , 29.58 , 1.498 , 0.041 , 11.20 , 250.83
1370 , 7025 , 365.81 , -49.8 , 30 , 29.56 , 1.378 , 0.038 , 11.29 , 250.74
1380 , 7076 , 362.99 , -50.2 , 30 , 29.55 , 1.296 , 0.036 , 11.37 , 250.66
1390 , 7124 , 360.33 , -50.6 , 31 , 29.49 , 1.262 , 0.035 , 11.44 , 250.59
1400 , 7174 , 357.58 , -51.1 , 33 , 29.39 , 1.275 , 0.036 , 11.52 , 250.51
1410 , 7223 , 354.89 , -51.4 , 34 , 29.34 , 1.329 , 0.037 , 11.60 , 250.43
1420 , 7276 , 352.00 , -51.7 , 33 , 29.31 , 1.413 , 0.040 , 11.68 , 250.35
1430 , 7326 , 349.31 , -52.0 , 33 , 29.24 , 1.518 , 0.043 , 11.77 , 250.26
1440 , 7376 , 346.57 , -52.4 , 33 , 29.27 , 1.603 , 0.046 , 11.87 , 250.16
1450 , 7433 , 343.54 , -52.9 , 34 , 29.20 , 1.686 , 0.049 , 11.98 , 250.05
1459 , 7480 , 341.03 , -53.3 , 37 , 29.17 , 1.684 , 0.049 , 12.08 , 249.95
1469 , 7529 , 338.44 , -53.7 , 38 , 29.12 , 1.717 , 0.051 , 12.18 , 249.85
1479 , 7578 , 335.90 , -54.0 , 39 , 29.06 , 1.701 , 0.051 , 12.29 , 249.74
1488 , 7624 , 333.49 , -54.3 , 39 , 29.02 , 1.713 , 0.051 , 12.38 , 249.65
1497 , 7678 , 330.66 , -54.7 , 40 , 29.01 , 1.718 , 0.052 , 12.50 , 249.53
1507 , 7736 , 327.68 , -55.0 , 41 , 29.02 , 1.720 , 0.052 , 12.62 , 249.41
1517 , 7790 , 324.93 , -55.4 , 41 , 28.97 , 1.743 , 0.054 , 12.74 , 249.29
1527 , 7839 , 322.43 , -55.5 , 42 , 28.88 , 1.794 , 0.056 , 12.84 , 249.19
1537 , 7896 , 319.56 , -55.7 , 42 , 28.87 , 1.826 , 0.057 , 12.97 , 249.06
1547 , 7949 , 316.93 , -56.0 , 41 , 28.91 , 1.909 , 0.060 , 13.09 , 248.94
1557 , 7999 , 314.45 , -56.2 , 41 , 28.81 , 1.975 , 0.063 , 13.21 , 248.82
1567 , 8046 , 312.09 , -56.4 , 40 , 28.74 , 2.067 , 0.066 , 13.33 , 248.70
1577 , 8094 , 309.75 , -56.3 , 37 , 28.70 , 2.107 , 0.068 , 13.46 , 248.57
1587 , 8135 , 307.74 , -56.3 , 35 , 28.72 , 2.162 , 0.070 , 13.57 , 248.46
1597 , 8188 , 305.19 , -56.5 , 34 , 28.61 , 2.227 , 0.073 , 13.71 , 248.32
1607 , 8250 , 302.21 , -56.8 , 34 , 28.51 , 2.132 , 0.071 , 13.88 , 248.15
1617 , 8306 , 299.57 , -57.2 , 33 , 28.45 , 2.063 , 0.069 , 14.03 , 248.00
1627 , 8355 , 297.27 , -57.2 , 33 , 28.39 , 2.104 , 0.071 , 14.15 , 247.88
1637 , 8413 , 294.56 , -57.5 , 34 , 28.39 , 1.942 , 0.066 , 14.30 , 247.73
1647 , 8474 , 291.71 , -57.7 , 33 , 28.31 , 1.690 , 0.058 , 14.44 , 247.59
1657 , 8527 , 289.26 , -58.0 , 31 , 28.30 , 1.496 , 0.052 , 14.54 , 247.49
1667 , 8584 , 286.67 , -58.1 , 30 , 28.23 , 1.472 , 0.051 , 14.65 , 247.38
1677 , 8641 , 284.07 , -58.2 , 28 , 28.21 , 1.333 , 0.047 , 14.75 , 247.28
1687 , 8690 , 281.85 , -58.4 , 27 , 28.13 , 1.254 , 0.045 , 14.83 , 247.20
1697 , 8746 , 279.35 , -58.7 , 27 , 28.07 , 1.251 , 0.045 , 14.92 , 247.11
1707 , 8806 , 276.73 , -59.1 , 26 , 28.03 , 1.278 , 0.046 , 15.01 , 247.02
1717 , 8862 , 274.23 , -59.0 , 25 , 28.05 , 1.287 , 0.047 , 15.10 , 246.93
1727 , 8927 , 271.43 , -59.4 , 23 , 27.93 , 1.267 , 0.047 , 15.21 , 246.82
1737 , 8981 , 269.06 , -59.8 , 23 , 27.83 , 1.336 , 0.050 , 15.30 , 246.73
1747 , 9036 , 266.70 , -59.8 , 24 , 27.76 , 1.354 , 0.051 , 15.39 , 246.64
1757 , 9080 , 264.84 , -59.8 , 24 , 27.75 , 1.393 , 0.053 , 15.47 , 246.56
1767 , 9132 , 262.64 , -59.8 , 22 , 27.72 , 1.448 , 0.055 , 15.56 , 246.47
1777 , 9186 , 260.40 , -59.8 , 20 , 27.66 , 1.614 , 0.062 , 15.66 , 246.37
1786 , 9238 , 258.24 , -59.9 , 19 , 27.58 , 2.028 , 0.079 , 15.78 , 246.25
1796 , 9289 , 256.12 , -60.1 , 18 , 27.50 , 2.379 , 0.093 , 15.93 , 246.10
1806 , 9348 , 253.70 , -59.9 , 17 , 27.49 , 2.562 , 0.101 , 16.11 , 245.92
1816 , 9398 , 251.70 , -60.0 , 18 , 27.40 , 2.744 , 0.109 , 16.28 , 245.75
1826 , 9441 , 249.97 , -60.0 , 18 , 27.32 , 2.873 , 0.115 , 16.43 , 245.60
1836 , 9486 , 248.15 , -59.9 , 17 , 27.27 , 3.094 , 0.125 , 16.60 , 245.43
1846 , 9543 , 245.89 , -59.8 , 17 , 27.19 , 3.409 , 0.139 , 16.84 , 245.19
1856 , 9612 , 243.21 , -59.6 , 15 , 27.18 , 3.598 , 0.148 , 17.14 , 244.89
1866 , 9665 , 241.17 , -59.6 , 14 , 27.13 , 3.833 , 0.159 , 17.39 , 244.64
1876 , 9723 , 238.92 , -59.6 , 12 , 27.13 , 4.067 , 0.170 , 17.68 , 244.35
1886 , 9788 , 236.46 , -59.5 , 11 , 27.10 , 4.186 , 0.177 , 18.02 , 244.01
1896 , 9850 , 234.12 , -59.3 , 9 , 27.06 , 4.288 , 0.183 , 18.35 , 243.68
1906 , 9911 , 231.86 , -59.1 , 8 , 27.04 , 4.410 , 0.190 , 18.68 , 243.35
1915 , 9975 , 229.49 , -59.0 , 8 , 26.99 , 4.557 , 0.199 , 19.05 , 242.98
1926 , 10035 , 227.33 , -59.4 , 7 , 26.95 , 4.482 , 0.197 , 19.38 , 242.65
1936 , 10089 , 225.36 , -59.5 , 7 , 26.94 , 4.360 , 0.193 , 19.69 , 242.34
1946 , 10132 , 223.81 , -59.2 , 7 , 26.85 , 4.414 , 0.197 , 19.93 , 242.10
1956 , 10177 , 222.20 , -59.3 , 6 , 26.83 , 4.560 , 0.205 , 20.18 , 241.85
1966 , 10230 , 220.35 , -59.5 , 6 , 26.76 , 4.684 , 0.213 , 20.49 , 241.54
1976 , 10287 , 218.34 , -59.4 , 5 , 26.66 , 4.758 , 0.218 , 20.83 , 241.20
1986 , 10349 , 216.19 , -59.4 , 5 , 26.62 , 4.795 , 0.222 , 21.20 , 240.83
1996 , 10408 , 214.15 , -59.5 , 5 , 26.58 , 4.839 , 0.226 , 21.56 , 240.47
2006 , 10467 , 212.15 , -59.6 , 4 , 26.53 , 4.827 , 0.228 , 21.92 , 240.11
2016 , 10524 , 210.23 , -59.7 , 4 , 26.55 , 4.834 , 0.230 , 22.27 , 239.76
2026 , 10581 , 208.32 , -59.6 , 4 , 26.48 , 4.862 , 0.233 , 22.62 , 239.41
2036 , 10639 , 206.38 , -59.4 , 4 , 26.44 , 4.928 , 0.239 , 22.98 , 239.05
2046 , 10696 , 204.53 , -59.1 , 4 , 26.39 , 5.013 , 0.245 , 23.33 , 238.70
2056 , 10750 , 202.75 , -58.9 , 3 , 26.31 , 5.051 , 0.249 , 23.68 , 238.35
2066 , 10806 , 200.96 , -58.8 , 3 , 26.24 , 5.038 , 0.251 , 24.03 , 238.00
2076 , 10863 , 199.15 , -58.8 , 3 , 26.18 , 5.057 , 0.254 , 24.39 , 237.64
2085 , 10921 , 197.32 , -58.6 , 3 , 26.16 , 5.079 , 0.257 , 24.76 , 237.27
2095 , 10977 , 195.56 , -58.6 , 3 , 26.11 , 5.080 , 0.260 , 25.12 , 236.91
2105 , 11034 , 193.81 , -58.4 , 2 , 26.05 , 5.100 , 0.263 , 25.48 , 236.55
2115 , 11094 , 191.94 , -58.3 , 2 , 25.97 , 5.241 , 0.273 , 25.87 , 236.16
2125 , 11152 , 190.18 , -58.3 , 2 , 25.90 , 5.170 , 0.272 , 26.25 , 235.78
2135 , 11212 , 188.39 , -58.4 , 2 , 25.88 , 5.163 , 0.274 , 26.64 , 235.39
2144 , 11271 , 186.64 , -58.2 , 2 , 25.83 , 5.281 , 0.283 , 27.02 , 235.01
2154 , 11321 , 185.16 , -58.3 , 2 , 25.79 , 5.133 , 0.277 , 27.35 , 234.68
2164 , 11371 , 183.67 , -58.4 , 2 , 25.76 , 5.106 , 0.278 , 27.68 , 234.35
2174 , 11430 , 181.95 , -58.6 , 2 , 25.71 , 5.168 , 0.284 , 28.06 , 233.97
2184 , 11489 , 180.27 , -58.8 , 2 , 25.67 , 5.075 , 0.282 , 28.43 , 233.60
2194 , 11544 , 178.69 , -58.8 , 2 , 25.65 , 5.085 , 0.285 , 28.79 , 233.24
2204 , 11602 , 177.06 , -58.9 , 1 , 25.60 , 5.052 , 0.285 , 29.15 , 232.88
2214 , 11659 , 175.45 , -58.8 , 1 , 25.55 , 5.027 , 0.287 , 29.52 , 232.51
2224 , 11716 , 173.85 , -58.7 , 1 , 25.53 , 5.022 , 0.289 , 29.88 , 232.15
2234 , 11775 , 172.23 , -58.7 , 1 , 25.47 , 4.990 , 0.290 , 30.25 , 231.78
2244 , 11832 , 170.68 , -58.7 , 1 , 25.43 , 4.902 , 0.287 , 30.60 , 231.43
2254 , 11884 , 169.26 , -58.7 , 1 , 25.36 , 4.842 , 0.286 , 30.92 , 231.11
2264 , 11939 , 167.79 , -58.5 , 1 , 25.35 , 4.828 , 0.288 , 31.26 , 230.77
2274 , 11992 , 166.38 , -58.5 , 1 , 25.29 , 4.744 , 0.285 , 31.58 , 230.45
2284 , 12037 , 165.19 , -58.5 , 1 , 25.22 , 4.648 , 0.281 , 31.84 , 230.19
2294 , 12083 , 163.98 , -58.5 , 1 , 25.16 , 4.701 , 0.287 , 32.11 , 229.92
2304 , 12126 , 162.86 , -58.6 , 1 , 25.12 , 4.668 , 0.287 , 32.37 , 229.66
2314 , 12170 , 161.72 , -58.7 , 1 , 25.08 , 4.586 , 0.284 , 32.62 , 229.41
2324 , 12212 , 160.65 , -58.8 , 1 , 25.04 , 4.575 , 0.285 , 32.86 , 229.17
2334 , 12255 , 159.55 , -58.7 , 1 , 25.01 , 4.492 , 0.282 , 33.11 , 228.92
2344 , 12296 , 158.52 , -58.6 , 1 , 24.97 , 4.410 , 0.278 , 33.34 , 228.69
2354 , 12339 , 157.43 , -58.6 , 1 , 24.98 , 4.314 , 0.274 , 33.57 , 228.46
2364 , 12382 , 156.36 , -58.6 , 1 , 24.96 , 4.235 , 0.271 , 33.80 , 228.23
2374 , 12425 , 155.29 , -58.6 , 1 , 24.90 , 4.117 , 0.265 , 34.03 , 228.00
2383 , 12465 , 154.31 , -58.7 , 1 , 24.88 , 4.151 , 0.269 , 34.24 , 227.79
2393 , 12506 , 153.30 , -58.7 , 1 , 24.85 , 4.240 , 0.277 , 34.45 , 227.58
2403 , 12550 , 152.24 , -58.8 , 1 , 24.79 , 4.373 , 0.287 , 34.69 , 227.34
2413 , 12595 , 151.15 , -58.7 , 1 , 24.73 , 4.442 , 0.294 , 34.94 , 227.09
2423 , 12638 , 150.12 , -58.8 , 1 , 24.69 , 4.485 , 0.299 , 35.18 , 226.85
2433 , 12681 , 149.10 , -58.9 , 1 , 24.65 , 4.455 , 0.299 , 35.42 , 226.61
2443 , 12724 , 148.06 , -58.8 , 1 , 24.64 , 4.232 , 0.286 , 35.66 , 226.37
2453 , 12769 , 147.02 , -58.9 , 1 , 24.61 , 4.037 , 0.275 , 35.89 , 226.14
2463 , 12812 , 146.00 , -58.9 , 1 , 24.59 , 3.920 , 0.269 , 36.11 , 225.92
2473 , 12857 , 144.96 , -58.9 , 1 , 24.54 , 3.768 , 0.260 , 36.33 , 225.70
2483 , 12902 , 143.93 , -58.9 , 1 , 24.51 , 3.690 , 0.256 , 36.54 , 225.49
2493 , 12948 , 142.88 , -58.8 , 1 , 24.48 , 3.711 , 0.260 , 36.75 , 225.28
2503 , 12990 , 141.91 , -58.8 , 1 , 24.44 , 3.724 , 0.262 , 36.95 , 225.08
2513 , 13034 , 140.94 , -59.0 , 1 , 24.38 , 3.780 , 0.268 , 37.15 , 224.88
2523 , 13079 , 139.92 , -59.0 , 1 , 24.36 , 3.789 , 0.271 , 37.37 , 224.66
2533 , 13125 , 138.90 , -59.1 , 1 , 24.33 , 3.840 , 0.276 , 37.59 , 224.44
2543 , 13168 , 137.96 , -58.9 , 1 , 24.31 , 3.821 , 0.277 , 37.80 , 224.23
2553 , 13209 , 137.05 , -58.8 , 1 , 24.28 , 3.906 , 0.285 , 38.00 , 224.03
2563 , 13250 , 136.16 , -58.8 , 1 , 24.25 , 3.925 , 0.288 , 38.20 , 223.83
2573 , 13293 , 135.23 , -59.0 , 1 , 24.22 , 3.785 , 0.280 , 38.41 , 223.62
2583 , 13337 , 134.29 , -58.8 , 1 , 24.16 , 3.659 , 0.272 , 38.61 , 223.42
2593 , 13380 , 133.36 , -58.7 , 1 , 24.13 , 3.468 , 0.260 , 38.81 , 223.22
2603 , 13422 , 132.48 , -58.7 , 1 , 24.09 , 3.269 , 0.247 , 38.98 , 223.05
2613 , 13465 , 131.57 , -58.7 , 1 , 24.06 , 3.172 , 0.241 , 39.16 , 222.87
2623 , 13507 , 130.68 , -58.6 , 1 , 24.04 , 3.122 , 0.239 , 39.33 , 222.70
2633 , 13550 , 129.81 , -58.4 , 1 , 24.01 , 3.082 , 0.237 , 39.49 , 222.54
2643 , 13592 , 128.94 , -58.4 , 1 , 23.98 , 3.036 , 0.235 , 39.65 , 222.38
2653 , 13634 , 128.09 , -58.2 , 1 , 23.94 , 2.958 , 0.231 , 39.81 , 222.22
2663 , 13674 , 127.26 , -58.3 , 1 , 23.90 , 2.896 , 0.228 , 39.96 , 222.07
2672 , 13713 , 126.49 , -58.2 , 1 , 23.86 , 2.840 , 0.225 , 40.10 , 221.93
2681 , 13750 , 125.74 , -58.3 , 1 , 23.83 , 2.675 , 0.213 , 40.23 , 221.80
2691 , 13791 , 124.92 , -58.4 , 1 , 23.79 , 2.568 , 0.206 , 40.36 , 221.67
2701 , 13833 , 124.09 , -58.3 , 1 , 23.76 , 2.441 , 0.197 , 40.49 , 221.54
2711 , 13877 , 123.22 , -58.3 , 0 , 23.74 , 2.408 , 0.195 , 40.63 , 221.40
2721 , 13920 , 122.38 , -58.2 , 0 , 23.70 , 2.505 , 0.205 , 40.76 , 221.27
2731 , 13963 , 121.56 , -58.1 , 0 , 23.66 , 2.498 , 0.206 , 40.89 , 221.14
2741 , 14006 , 120.71 , -58.1 , 0 , 23.62 , 2.449 , 0.203 , 41.03 , 221.00
2751 , 14050 , 119.88 , -57.8 , 0 , 23.59 , 2.386 , 0.199 , 41.16 , 220.87
2761 , 14093 , 119.06 , -57.5 , 0 , 23.56 , 2.245 , 0.189 , 41.29 , 220.74
2771 , 14135 , 118.27 , -57.6 , 1 , 23.53 , 2.098 , 0.177 , 41.40 , 220.63
2781 , 14180 , 117.44 , -57.6 , 0 , 23.50 , 2.038 , 0.174 , 41.52 , 220.51
2791 , 14223 , 116.63 , -57.4 , 0 , 23.47 , 2.085 , 0.179 , 41.63 , 220.40
2801 , 14267 , 115.84 , -57.2 , 0 , 23.43 , 2.163 , 0.187 , 41.74 , 220.29
2811 , 14311 , 115.02 , -57.3 , 0 , 23.38 , 2.207 , 0.192 , 41.87 , 220.16
2821 , 14357 , 114.20 , -56.9 , 0 , 23.34 , 2.250 , 0.197 , 41.99 , 220.04
2830 , 14401 , 113.40 , -56.8 , 0 , 23.31 , 2.324 , 0.205 , 42.12 , 219.91
2840 , 14444 , 112.64 , -56.6 , 0 , 23.28 , 2.360 , 0.209 , 42.24 , 219.79
2850 , 14490 , 111.83 , -56.5 , 0 , 23.25 , 2.399 , 0.215 , 42.38 , 219.65
2860 , 14535 , 111.03 , -56.6 , 0 , 23.22 , 2.404 , 0.217 , 42.51 , 219.52
2870 , 14580 , 110.25 , -56.5 , 0 , 23.18 , 2.419 , 0.219 , 42.65 , 219.38
2880 , 14625 , 109.47 , -56.5 , 0 , 23.15 , 2.490 , 0.227 , 42.79 , 219.24
2890 , 14669 , 108.70 , -56.4 , 0 , 23.12 , 2.599 , 0.239 , 42.93 , 219.10
2900 , 14714 , 107.95 , -56.4 , 0 , 23.09 , 2.646 , 0.245 , 43.07 , 218.96
2910 , 14758 , 107.20 , -56.2 , 0 , 23.07 , 2.639 , 0.246 , 43.22 , 218.81
2920 , 14800 , 106.49 , -56.1 , 0 , 23.04 , 2.601 , 0.244 , 43.35 , 218.68
2930 , 14845 , 105.74 , -56.2 , 0 , 23.00 , 2.588 , 0.245 , 43.50 , 218.53
2940 , 14888 , 105.02 , -56.2 , 0 , 22.98 , 2.660 , 0.253 , 43.64 , 218.39
2950 , 14932 , 104.30 , -56.1 , 0 , 22.95 , 2.688 , 0.258 , 43.78 , 218.25
2960 , 14977 , 103.56 , -56.0 , 0 , 22.92 , 2.615 , 0.253 , 43.93 , 218.10
2969 , 15021 , 102.86 , -56.0 , 0 , 22.89 , 2.543 , 0.247 , 44.07 , 217.96
2978 , 15058 , 102.25 , -56.1 , 0 , 22.88 , 2.505 , 0.245 , 44.19 , 217.84
2988 , 15101 , 101.57 , -55.9 , 0 , 22.85 , 2.464 , 0.243 , 44.32 , 217.71
2998 , 15144 , 100.87 , -55.8 , 0 , 22.83 , 2.392 , 0.237 , 44.45 , 217.58
3008 , 15190 , 100.16 , -55.6 , 0 , 22.79 , 2.388 , 0.238 , 44.59 , 217.44
3018 , 15233 , 99.48 , -55.4 , 0 , 22.76 , 2.436 , 0.245 , 44.72 , 217.31
3028 , 15279 , 98.76 , -55.4 , 0 , 22.73 , 2.489 , 0.252 , 44.86 , 217.17
3038 , 15324 , 98.07 , -55.3 , 0 , 22.70 , 2.519 , 0.257 , 45.00 , 217.03
3048 , 15367 , 97.40 , -55.2 , 0 , 22.68 , 2.535 , 0.260 , 45.13 , 216.90
3058 , 15411 , 96.73 , -55.0 , 0 , 22.64 , 2.584 , 0.267 , 45.27 , 216.76
3068 , 15454 , 96.09 , -54.8 , 0 , 22.60 , 2.621 , 0.273 , 45.41 , 216.62
3078 , 15497 , 95.45 , -54.6 , 0 , 22.57 , 2.701 , 0.283 , 45.55 , 216.48
3088 , 15544 , 94.75 , -54.4 , 0 , 22.54 , 2.806 , 0.296 , 45.71 , 216.32
3098 , 15591 , 94.05 , -54.2 , 0 , 22.52 , 2.852 , 0.303 , 45.88 , 216.15
3108 , 15636 , 93.40 , -54.1 , 0 , 22.49 , 2.825 , 0.302 , 46.03 , 216.00
3118 , 15681 , 92.75 , -53.7 , 0 , 22.46 , 2.839 , 0.306 , 46.19 , 215.84
3128 , 15726 , 92.09 , -53.6 , 0 , 22.43 , 2.912 , 0.316 , 46.35 , 215.68
3138 , 15774 , 91.42 , -53.2 , 0 , 22.40 , 2.928 , 0.320 , 46.52 , 215.51
3148 , 15821 , 90.75 , -53.0 , 0 , 22.37 , 3.003 , 0.331 , 46.69 , 215.34
3158 , 15868 , 90.09 , -52.7 , 0 , 22.34 , 3.140 , 0.349 , 46.87 , 215.16
3168 , 15914 , 89.45 , -52.5 , 0 , 22.32 , 3.240 , 0.362 , 47.04 , 214.99
3178 , 15961 , 88.80 , -52.3 , 0 , 22.29 , 3.270 , 0.368 , 47.23 , 214.80
3188 , 16009 , 88.14 , -51.9 , 0 , 22.26 , 3.349 , 0.380 , 47.43 , 214.60
3198 , 16055 , 87.52 , -51.8 , 0 , 22.23 , 3.433 , 0.392 , 47.62 , 214.41
3208 , 16102 , 86.89 , -51.6 , 0 , 22.20 , 3.567 , 0.410 , 47.82 , 214.21
3218 , 16148 , 86.27 , -51.5 , 0 , 22.17 , 3.702 , 0.429 , 48.02 , 214.01
3228 , 16196 , 85.64 , -51.3 , 0 , 22.14 , 3.871 , 0.452 , 48.24 , 213.79
3238 , 16243 , 85.02 , -50.8 , 0 , 22.12 , 4.139 , 0.487 , 48.47 , 213.56
3248 , 16289 , 84.42 , -50.9 , 0 , 22.10 , 4.419 , 0.523 , 48.71 , 213.32
3258 , 16335 , 83.83 , -50.4 , 0 , 22.06 , 4.644 , 0.554 , 48.96 , 213.07
3268 , 16382 , 83.23 , -50.0 , 0 , 22.03 , 4.852 , 0.583 , 49.23 , 212.80
3278 , 16428 , 82.64 , -49.6 , 0 , 22.00 , 5.062 , 0.613 , 49.51 , 212.52
3287 , 16473 , 82.08 , -49.5 , 0 , 21.97 , 5.267 , 0.642 , 49.79 , 212.24
3297 , 16516 , 81.54 , -49.2 , 0 , 21.94 , 5.405 , 0.663 , 50.06 , 211.97
3307 , 16562 , 80.97 , -48.8 , 0 , 21.91 , 5.801 , 0.716 , 50.37 , 211.66
3317 , 16608 , 80.41 , -48.8 , 0 , 21.88 , 6.176 , 0.768 , 50.70 , 211.33
3327 , 16654 , 79.85 , -48.7 , 0 , 21.86 , 6.291 , 0.788 , 51.05 , 210.98
3337 , 16699 , 79.29 , -48.4 , 0 , 21.84 , 6.451 , 0.814 , 51.40 , 210.63
3347 , 16745 , 78.74 , -48.0 , 0 , 21.81 , 7.181 , 0.912 , 51.77 , 210.26
3357 , 16791 , 78.20 , -48.0 , 0 , 21.79 , 7.672 , 0.981 , 52.18 , 209.85
3367 , 16835 , 77.67 , -47.7 , 0 , 21.76 , 7.841 , 1.009 , 52.59 , 209.44
3377 , 16880 , 77.15 , -47.6 , 0 , 21.73 , 7.702 , 0.998 , 53.00 , 209.03
3387 , 16923 , 76.65 , -47.5 , 0 , 21.70 , 7.487 , 0.977 , 53.40 , 208.63
3397 , 16968 , 76.13 , -47.7 , 0 , 21.67 , 7.210 , 0.947 , 53.79 , 208.24
3407 , 17011 , 75.63 , -47.9 , 0 , 21.65 , 6.953 , 0.919 , 54.16 , 207.87
3417 , 17058 , 75.10 , -47.8 , 0 , 21.62 , 6.708 , 0.893 , 54.54 , 207.49
3427 , 17106 , 74.55 , -47.6 , 0 , 21.61 , 6.481 , 0.869 , 54.92 , 207.11
3437 , 17151 , 74.04 , -47.7 , 0 , 21.59 , 6.224 , 0.841 , 55.26 , 206.77
3447 , 17200 , 73.50 , -48.0 , 0 , 21.57 , 5.976 , 0.813 , 55.61 , 206.42
3457 , 17247 , 72.97 , -47.8 , 0 , 21.54 , 5.773 , 0.791 , 55.95 , 206.08
3467 , 17294 , 72.46 , -47.8 , 0 , 21.52 , 5.537 , 0.764 , 56.26 , 205.76
3477 , 17341 , 71.95 , -47.7 , 0 , 21.49 , 5.357 , 0.745 , 56.57 , 205.46
3487 , 17389 , 71.43 , -47.2 , 0 , 21.47 , 5.389 , 0.754 , 56.88 , 205.15
3497 , 17436 , 70.92 , -47.1 , 0 , 21.45 , 5.534 , 0.780 , 57.19 , 204.84
3507 , 17482 , 70.43 , -46.6 , 0 , 21.43 , 5.807 , 0.825 , 57.50 , 204.53
3517 , 17528 , 69.94 , -46.4 , 0 , 21.41 , 6.044 , 0.864 , 57.82 , 204.21
3527 , 17573 , 69.46 , -46.3 , 0 , 21.39 , 6.098 , 0.878 , 58.15 , 203.88
3537 , 17621 , 68.97 , -46.0 , 0 , 21.36 , 6.106 , 0.885 , 58.49 , 203.54
3547 , 17666 , 68.50 , -45.5 , 0 , 21.35 , 6.304 , 0.920 , 58.83 , 203.20
3557 , 17713 , 68.02 , -45.3 , 0 , 21.34 , 6.451 , 0.948 , 59.18 , 202.85
3567 , 17759 , 67.55 , -44.9 , 0 , 21.32 , 6.437 , 0.953 , 59.53 , 202.50
3576 , 17802 , 67.12 , -45.2 , 0 , 21.30 , 6.376 , 0.950 , 59.86 , 202.17
3585 , 17842 , 66.72 , -45.1 , 0 , 21.29 , 6.336 , 0.950 , 60.16 , 201.87
3595 , 17885 , 66.29 , -44.5 , 0 , 21.27 , 6.204 , 0.936 , 60.48 , 201.55
3605 , 17933 , 65.82 , -44.0 , 0 , 21.24 , 6.206 , 0.943 , 60.83 , 201.20
3615 , 17979 , 65.37 , -43.7 , 0 , 21.22 , 6.277 , 0.960 , 61.16 , 200.87
3625 , 18026 , 64.91 , -43.3 , 0 , 21.20 , 6.475 , 0.998 , 61.51 , 200.52
3635 , 18073 , 64.46 , -43.0 , 0 , 21.18 , 6.780 , 1.052 , 61.88 , 200.15
3645 , 18122 , 64.00 , -42.7 , 0 , 21.16 , 7.075 , 1.106 , 62.27 , 199.76
3655 , 18170 , 63.54 , -42.6 , 0 , 21.15 , 7.168 , 1.128 , 62.68 , 199.35
3665 , 18219 , 63.08 , -42.6 , 0 , 21.13 , 7.076 , 1.122 , 63.08 , 198.95
3675 , 18266 , 62.65 , -42.6 , 0 , 21.11 , 7.039 , 1.124 , 63.47 , 198.56
3685 , 18315 , 62.20 , -42.7 , 0 , 21.10 , 6.884 , 1.107 , 63.87 , 198.16
3695 , 18363 , 61.75 , -42.4 , 0 , 21.08 , 6.661 , 1.079 , 64.25 , 197.78
3705 , 18412 , 61.31 , -42.4 , 0 , 21.07 , 6.367 , 1.038 , 64.62 , 197.41
3715 , 18460 , 60.87 , -42.4 , 0 , 21.05 , 6.211 , 1.020 , 64.97 , 197.06
3725 , 18507 , 60.45 , -42.3 , 0 , 21.03 , 6.040 , 0.999 , 65.31 , 196.72
3735 , 18553 , 60.04 , -42.3 , 0 , 21.01 , 5.968 , 0.994 , 65.64 , 196.39
3745 , 18600 , 59.62 , -42.3 , 0 , 20.99 , 5.942 , 0.997 , 65.96 , 196.07
3755 , 18647 , 59.21 , -42.1 , 0 , 20.98 , 5.905 , 0.997 , 66.29 , 195.74
3765 , 18695 , 58.79 , -42.0 , 0 , 20.96 , 5.905 , 1.004 , 66.62 , 195.41
3775 , 18742 , 58.38 , -41.8 , 0 , 20.95 , 5.946 , 1.019 , 66.94 , 195.09
3785 , 18790 , 57.97 , -41.5 , 0 , 20.93 , 5.985 , 1.032 , 67.28 , 194.75
3795 , 18840 , 57.54 , -41.4 , 0 , 20.91 , 6.003 , 1.043 , 67.63 , 194.40
3805 , 18887 , 57.15 , -41.1 , 0 , 20.90 , 6.139 , 1.074 , 67.96 , 194.07
3815 , 18935 , 56.75 , -41.0 , 0 , 20.88 , 6.325 , 1.115 , 68.30 , 193.73
3825 , 18980 , 56.37 , -40.9 , 0 , 20.86 , 6.415 , 1.138 , 68.63 , 193.40
3835 , 19024 , 56.01 , -40.8 , 0 , 20.85 , 6.633 , 1.184 , 68.97 , 193.06
3845 , 19070 , 55.63 , -40.6 , 0 , 20.83 , 6.760 , 1.215 , 69.33 , 192.70
3855 , 19115 , 55.26 , -40.5 , 0 , 20.82 , 6.929 , 1.254 , 69.69 , 192.34
3865 , 19163 , 54.88 , -40.6 , 0 , 20.80 , 7.074 , 1.289 , 70.07 , 191.96
3874 , 19207 , 54.52 , -40.6 , 0 , 20.80 , 7.083 , 1.299 , 70.44 , 191.59
3883 , 19250 , 54.18 , -40.6 , 0 , 20.78 , 7.072 , 1.305 , 70.79 , 191.24
3893 , 19294 , 53.83 , -40.4 , 0 , 20.77 , 7.049 , 1.310 , 71.15 , 190.88
3903 , 19343 , 53.44 , -40.2 , 0 , 20.75 , 7.018 , 1.313 , 71.55 , 190.48
3913 , 19393 , 53.05 , -40.1 , 0 , 20.73 , 7.009 , 1.321 , 71.95 , 190.08
3923 , 19440 , 52.69 , -40.0 , 0 , 20.72 , 7.026 , 1.333 , 72.33 , 189.70
3933 , 19489 , 52.31 , -40.4 , 0 , 20.71 , 7.060 , 1.350 , 72.74 , 189.29
3943 , 19538 , 51.93 , -40.1 , 0 , 20.69 , 7.114 , 1.370 , 73.14 , 188.89
3953 , 19586 , 51.57 , -39.8 , 0 , 20.68 , 7.248 , 1.405 , 73.54 , 188.49
3963 , 19637 , 51.19 , -39.7 , 0 , 20.67 , 7.337 , 1.433 , 73.97 , 188.06
3973 , 19687 , 50.82 , -39.6 , 0 , 20.65 , 7.374 , 1.451 , 74.39 , 187.64
3983 , 19737 , 50.45 , -39.5 , 0 , 20.64 , 7.485 , 1.484 , 74.82 , 187.21
3993 , 19785 , 50.09 , -39.3 , 0 , 20.63 , 7.546 , 1.506 , 75.23 , 186.80
4003 , 19834 , 49.74 , -38.9 , 0 , 20.62 , 7.676 , 1.543 , 75.66 , 186.37
4013 , 19881 , 49.40 , -38.5 , 0 , 20.61 , 7.853 , 1.590 , 76.08 , 185.95
4023 , 19927 , 49.07 , -38.2 , 0 , 20.60 , 8.083 , 1.647 , 76.51 , 185.52
4033 , 19977 , 48.71 , -37.7 , 0 , 20.59 , 8.432 , 1.731 , 76.98 , 185.05
4043 , 20026 , 48.37 , -37.2 , 0 , 20.58 , 9.078 , 1.877 , 77.46 , 184.57
4052 , 20070 , 48.06 , -37.5 , 0 , 20.56 , 9.846 , 2.049 , 77.95 , 184.08
4062 , 20117 , 47.73 , -37.4 , 0 , 20.55 , 10.279 , 2.153 , 78.49 , 183.54
4072 , 20165 , 47.40 , -37.6 , 0 , 20.53 , 10.626 , 2.242 , 79.06 , 182.97
4082 , 20214 , 47.07 , -36.9 , 0 , 20.51 , 10.896 , 2.315 , 79.66 , 182.37
4092 , 20263 , 46.74 , -37.0 , 0 , 20.50 , 11.046 , 2.363 , 80.27 , 181.76
4102 , 20312 , 46.41 , -36.8 , 0 , 20.48 , 11.108 , 2.394 , 80.90 , 181.13
4112 , 20362 , 46.07 , -36.9 , 0 , 20.46 , 11.184 , 2.428 , 81.53 , 180.50
4122 , 20412 , 45.74 , -36.5 , 0 , 20.45 , 11.255 , 2.461 , 82.17 , 179.86
4132 , 20462 , 45.41 , -36.2 , 0 , 20.43 , 11.392 , 2.508 , 82.81 , 179.22
4142 , 20512 , 45.08 , -36.1 , 0 , 20.42 , 11.560 , 2.564 , 83.47 , 178.56
4152 , 20562 , 44.76 , -35.9 , 0 , 20.40 , 11.693 , 2.612 , 84.12 , 177.91
4162 , 20611 , 44.44 , -35.8 , 0 , 20.39 , 11.836 , 2.663 , 84.79 , 177.24
4172 , 20660 , 44.14 , -35.6 , 0 , 20.37 , 12.061 , 2.733 , 85.45 , 176.58
4181 , 20708 , 43.83 , -35.1 , 0 , 20.35 , 12.214 , 2.787 , 86.11 , 175.92
4191 , 20755 , 43.54 , -35.5 , 0 , 20.34 , 12.361 , 2.839 , 86.76 , 175.27
4201 , 20803 , 43.24 , -35.4 , 0 , 20.33 , 12.498 , 2.890 , 87.44 , 174.59
4211 , 20851 , 42.94 , -35.4 , 0 , 20.32 , 12.685 , 2.954 , 88.13 , 173.90
4221 , 20901 , 42.63 , -35.4 , 0 , 20.31 , 12.854 , 3.015 , 88.85 , 173.18
4231 , 20954 , 42.31 , -34.9 , 0 , 20.30 , 13.005 , 3.074 , 89.62 , 172.41
4241 , 21004 , 42.01 , -34.6 , 0 , 20.29 , 13.077 , 3.113 , 90.35 , 171.67
4251 , 21052 , 41.72 , -34.7 , 0 , 20.28 , 13.353 , 3.201 , 91.08 , 170.95
4261 , 21100 , 41.43 , -34.8 , 0 , 20.26 , 13.699 , 3.306 , 91.81 , 170.21
4271 , 21150 , 41.14 , -34.4 , 0 , 20.25 , 14.014 , 3.407 , 92.60 , 169.43
4281 , 21200 , 40.85 , -34.2 , 0 , 20.24 , 14.234 , 3.485 , 93.39 , 168.64
4291 , 21249 , 40.56 , -33.9 , 0 , 20.23 , 14.303 , 3.526 , 94.18 , 167.85
4301 , 21298 , 40.28 , -34.1 , 0 , 20.21 , 14.087 , 3.497 , 94.96 , 167.07
4311 , 21348 , 39.99 , -33.7 , 0 , 20.20 , 13.933 , 3.484 , 95.76 , 166.27
4321 , 21398 , 39.71 , -33.3 , 0 , 20.18 , 13.980 , 3.521 , 96.54 , 165.49
4331 , 21447 , 39.43 , -33.0 , 0 , 20.17 , 14.050 , 3.563 , 97.31 , 164.72
4341 , 21496 , 39.16 , -32.6 , 0 , 20.15 , 14.206 , 3.628 , 98.09 , 163.94
4351 , 21547 , 38.88 , -32.5 , 0 , 20.14 , 14.281 , 3.673 , 98.90 , 163.13
4361 , 21596 , 38.61 , -32.3 , 0 , 20.12 , 14.204 , 3.679 , 99.68 , 162.35
4371 , 21648 , 38.32 , -32.1 , 0 , 20.10 , 14.170 , 3.698 , 100.51 , 161.52
4381 , 21698 , 38.05 , -32.0 , 0 , 20.09 , 14.047 , 3.692 , 101.30 , 160.72
4391 , 21749 , 37.78 , -31.9 , 0 , 20.07 , 13.810 , 3.655 , 102.09 , 159.94
4401 , 21800 , 37.51 , -32.1 , 0 , 20.05 , 13.608 , 3.628 , 102.87 , 159.16
4411 , 21850 , 37.24 , -32.6 , 0 , 20.04 , 13.246 , 3.557 , 103.62 , 158.41
4421 , 21900 , 36.98 , -32.3 , 0 , 20.02 , 13.154 , 3.557 , 104.37 , 157.66
4431 , 21951 , 36.71 , -32.6 , 0 , 20.01 , 13.062 , 3.558 , 105.12 , 156.91
4441 , 22003 , 36.44 , -32.6 , 0 , 19.99 , 12.777 , 3.506 , 105.86 , 156.17
4451 , 22053 , 36.18 , -32.8 , 0 , 19.98 , 12.532 , 3.464 , 106.58 , 155.45
4461 , 22107 , 35.90 , -32.9 , 0 , 19.96 , 12.335 , 3.435 , 107.33 , 154.70
4471 , 22156 , 35.65 , -33.0 , 0 , 19.95 , 12.193 , 3.420 , 108.01 , 154.02
4481 , 22209 , 35.39 , -33.1 , 0 , 19.94 , 12.021 , 3.397 , 108.72 , 153.31
4491 , 22260 , 35.13 , -33.6 , 0 , 19.92 , 11.792 , 3.356 , 109.41 , 152.62
4500 , 22306 , 34.90 , -32.9 , 0 , 19.91 , 11.690 , 3.349 , 110.02 , 152.01
4510 , 22355 , 34.66 , -32.9 , 0 , 19.90 , 11.630 , 3.355 , 110.66 , 151.37
4520 , 22407 , 34.40 , -32.7 , 0 , 19.88 , 11.629 , 3.380 , 111.34 , 150.69
4530 , 22458 , 34.16 , -32.7 , 0 , 19.88 , 11.568 , 3.387 , 112.00 , 150.03
4540 , 22506 , 33.93 , -32.2 , 0 , 19.86 , 11.587 , 3.415 , 112.62 , 149.41
4550 , 22555 , 33.69 , -31.8 , 0 , 19.85 , 11.551 , 3.428 , 113.25 , 148.78
4560 , 22603 , 33.46 , -31.5 , 0 , 19.83 , 11.497 , 3.436 , 113.88 , 148.15
4570 , 22654 , 33.22 , -31.0 , 0 , 19.82 , 11.585 , 3.487 , 114.53 , 147.50
4580 , 22705 , 32.98 , -30.8 , 0 , 19.80 , 11.498 , 3.486 , 115.18 , 146.85
4590 , 22755 , 32.75 , -30.1 , 0 , 19.79 , 11.508 , 3.514 , 115.82 , 146.21
4600 , 22804 , 32.53 , -30.0 , 0 , 19.78 , 11.541 , 3.548 , 116.44 , 145.59
4610 , 22854 , 32.30 , -29.3 , 0 , 19.76 , 11.613 , 3.595 , 117.08 , 144.95
4620 , 22905 , 32.07 , -29.0 , 0 , 19.75 , 11.643 , 3.630 , 117.75 , 144.28
4630 , 22958 , 31.83 , -29.1 , 0 , 19.73 , 11.632 , 3.654 , 118.43 , 143.60
4640 , 23010 , 31.60 , -29.2 , 0 , 19.72 , 11.596 , 3.670 , 119.10 , 142.93
4650 , 23063 , 31.37 , -29.4 , 0 , 19.71 , 11.543 , 3.679 , 119.77 , 142.26
4660 , 23112 , 31.15 , -29.1 , 0 , 19.69 , 11.499 , 3.691 , 120.39 , 141.64
4670 , 23165 , 30.93 , -29.6 , 0 , 19.68 , 11.512 , 3.723 , 121.06 , 140.97
4680 , 23216 , 30.71 , -29.2 , 0 , 19.67 , 11.807 , 3.845 , 121.72 , 140.31
4690 , 23269 , 30.48 , -28.7 , 0 , 19.65 , 12.488 , 4.098 , 122.44 , 139.59
4700 , 23320 , 30.26 , -28.8 , 0 , 19.64 , 13.100 , 4.329 , 123.16 , 138.87
4710 , 23373 , 30.04 , -29.1 , 0 , 19.63 , 13.630 , 4.538 , 123.94 , 138.09
4720 , 23427 , 29.81 , -29.3 , 0 , 19.62 , 13.969 , 4.686 , 124.76 , 137.27
4730 , 23482 , 29.58 , -29.1 , 0 , 19.61 , 14.030 , 4.743 , 125.61 , 136.42
4740 , 23535 , 29.37 , -28.9 , 0 , 19.60 , 13.744 , 4.680 , 126.42 , 135.61
4750 , 23585 , 29.16 , -28.4 , 0 , 19.58 , 13.582 , 4.658 , 127.19 , 134.84
4760 , 23640 , 28.94 , -28.1 , 0 , 19.58 , 13.814 , 4.774 , 128.01 , 134.02
4770 , 23692 , 28.73 , -27.8 , 0 , 19.56 , 14.417 , 5.018 , 128.81 , 133.22
4780 , 23747 , 28.51 , -28.0 , 0 , 19.55 , 14.843 , 5.206 , 129.70 , 132.33
4790 , 23799 , 28.30 , -27.7 , 0 , 19.54 , 15.176 , 5.362 , 130.56 , 131.47
4799 , 23847 , 28.11 , -27.7 , 0 , 19.53 , 15.245 , 5.423 , 131.37 , 130.66
4809 , 23898 , 27.92 , -27.9 , 0 , 19.52 , 15.462 , 5.539 , 132.22 , 129.81
4819 , 23949 , 27.72 , -28.0 , 0 , 19.51 , 15.358 , 5.541 , 133.08 , 128.95
4829 , 24000 , 27.52 , -27.7 , 0 , 19.50 , 15.246 , 5.540 , 133.95 , 128.08
4839 , 24050 , 27.33 , -27.3 , 0 , 19.49 , 15.252 , 5.581 , 134.79 , 127.24
4849 , 24103 , 27.13 , -27.7 , 0 , 19.48 , 15.243 , 5.619 , 135.67 , 126.36
4859 , 24153 , 26.94 , -27.7 , 0 , 19.47 , 15.207 , 5.644 , 136.50 , 125.53
4869 , 24204 , 26.75 , -27.7 , 0 , 19.46 , 15.177 , 5.674 , 137.35 , 124.68
4879 , 24254 , 26.57 , -27.7 , 0 , 19.45 , 15.122 , 5.692 , 138.18 , 123.85
4889 , 24302 , 26.39 , -27.3 , 0 , 19.44 , 15.209 , 5.763 , 138.98 , 123.05
4899 , 24350 , 26.21 , -27.2 , 0 , 19.43 , 15.121 , 5.769 , 139.79 , 122.24
4909 , 24400 , 26.03 , -27.2 , 0 , 19.41 , 15.085 , 5.795 , 140.60 , 121.43
4919 , 24450 , 25.85 , -27.4 , 0 , 19.41 , 15.026 , 5.813 , 141.44 , 120.59
4929 , 24500 , 25.67 , -27.3 , 0 , 19.40 , 14.839 , 5.780 , 142.25 , 119.78
4939 , 24553 , 25.48 , -27.2 , 0 , 19.39 , 14.709 , 5.772 , 143.12 , 118.91
4949 , 24603 , 25.31 , -27.5 , 0 , 19.38 , 14.564 , 5.754 , 143.91 , 118.12
4959 , 24656 , 25.12 , -27.4 , 0 , 19.37 , 14.554 , 5.794 , 144.77 , 117.26
4969 , 24709 , 24.94 , -27.9 , 0 , 19.36 , 14.374 , 5.764 , 145.61 , 116.42
4979 , 24764 , 24.75 , -27.7 , 0 , 19.35 , 14.270 , 5.766 , 146.47 , 115.56
4989 , 24815 , 24.57 , -28.1 , 0 , 19.34 , 14.193 , 5.776 , 147.27 , 114.76
4999 , 24870 , 24.38 , -27.8 , 0 , 19.33 , 14.169 , 5.811 , 148.13 , 113.90
5009 , 24923 , 24.21 , -27.7 , 0 , 19.32 , 14.035 , 5.798 , 148.94 , 113.09
5019 , 24978 , 24.02 , -27.0 , 0 , 19.31 , 13.913 , 5.792 , 149.79 , 112.24
5029 , 25030 , 23.85 , -26.9 , 0 , 19.31 , 13.799 , 5.786 , 150.57 , 111.46
5039 , 25080 , 23.68 , -26.6 , 0 , 19.29 , 13.747 , 5.805 , 151.33 , 110.70
5049 , 25133 , 23.51 , -25.9 , 0 , 19.29 , 13.640 , 5.801 , 152.12 , 109.91
5059 , 25183 , 23.35 , -25.9 , 0 , 19.28 , 13.521 , 5.790 , 152.86 , 109.17
5069 , 25234 , 23.18 , -25.7 , 0 , 19.27 , 13.462 , 5.807 , 153.62 , 108.41
5079 , 25284 , 23.03 , -24.9 , 0 , 19.26 , 13.453 , 5.842 , 154.35 , 107.68
5089 , 25335 , 22.86 , -24.5 , 0 , 19.25 , 13.327 , 5.829 , 155.09 , 106.94
5098 , 25385 , 22.71 , -24.6 , 0 , 19.24 , 13.281 , 5.849 , 155.81 , 106.22
5107 , 25434 , 22.56 , -24.4 , 0 , 19.24 , 13.247 , 5.873 , 156.51 , 105.52
5117 , 25483 , 22.41 , -24.6 , 0 , 19.22 , 13.136 , 5.863 , 157.21 , 104.82
5126 , 25535 , 22.25 , -24.8 , 0 , 19.22 , 12.998 , 5.843 , 157.95 , 104.08
5136 , 25593 , 22.07 , -25.4 , 0 , 19.21 , 12.920 , 5.855 , 158.77 , 103.26
5146 , 25643 , 21.92 , -25.3 , 0 , 19.20 , 12.837 , 5.857 , 159.47 , 102.56
5156 , 25695 , 21.76 , -25.7 , 0 , 19.19 , 12.593 , 5.788 , 160.19 , 101.84
5166 , 25745 , 21.61 , -25.7 , 0 , 19.19 , 12.551 , 5.808 , 160.87 , 101.16
5176 , 25796 , 21.46 , -25.7 , 0 , 19.18 , 12.461 , 5.807 , 161.57 , 100.46
5186 , 25845 , 21.31 , -26.0 , 0 , 19.17 , 12.500 , 5.865 , 162.23 , 99.79
5195 , 25893 , 21.17 , -25.9 , 0 , 19.16 , 12.439 , 5.875 , 162.89 , 99.14
5205 , 25936 , 21.05 , -25.7 , 0 , 19.16 , 12.328 , 5.858 , 163.47 , 98.56
5215 , 25988 , 20.90 , -25.8 , 0 , 19.15 , 12.329 , 5.900 , 164.17 , 97.86
5225 , 26039 , 20.75 , -25.7 , 0 , 19.14 , 12.262 , 5.910 , 164.86 , 97.17
5235 , 26091 , 20.60 , -25.7 , 0 , 19.13 , 12.073 , 5.860 , 165.54 , 96.49
5245 , 26143 , 20.45 , -26.0 , 0 , 19.12 , 12.051 , 5.891 , 166.22 , 95.81
5255 , 26199 , 20.30 , -26.3 , 0 , 19.12 , 12.004 , 5.914 , 166.95 , 95.08
5265 , 26254 , 20.14 , -25.8 , 0 , 19.11 , 11.856 , 5.886 , 167.67 , 94.36
5275 , 26306 , 20.00 , -25.7 , 0 , 19.10 , 11.734 , 5.868 , 168.34 , 93.69
5285 , 26360 , 19.85 , -25.6 , 0 , 19.10 , 11.625 , 5.856 , 169.03 , 93.00
5295 , 26412 , 19.71 , -25.2 , 0 , 19.09 , 11.581 , 5.876 , 169.69 , 92.34
5305 , 26468 , 19.56 , -25.3 , 0 , 19.08 , 11.477 , 5.868 , 170.38 , 91.65
5315 , 26521 , 19.41 , -25.2 , 0 , 19.07 , 11.425 , 5.885 , 171.05 , 90.98
5325 , 26575 , 19.27 , -25.1 , 0 , 19.06 , 11.348 , 5.889 , 171.72 , 90.31
5335 , 26632 , 19.12 , -24.9 , 0 , 19.05 , 11.304 , 5.912 , 172.42 , 89.61
5345 , 26683 , 18.99 , -24.5 , 0 , 19.05 , 11.189 , 5.894 , 173.04 , 88.98
5355 , 26742 , 18.83 , -24.4 , 0 , 19.04 , 10.961 , 5.820 , 173.75 , 88.28
5364 , 26790 , 18.71 , -24.2 , 0 , 19.04 , 10.812 , 5.779 , 174.31 , 87.72
5375 , 26846 , 18.57 , -24.1 , 0 , 19.03 , 10.584 , 5.701 , 174.96 , 87.07
5385 , 26898 , 18.43 , -24.1 , 0 , 19.02 , 10.434 , 5.660 , 175.55 , 86.48
5395 , 26953 , 18.29 , -24.3 , 0 , 19.01 , 10.267 , 5.612 , 176.18 , 85.85
5405 , 27005 , 18.16 , -24.3 , 0 , 19.00 , 10.194 , 5.612 , 176.75 , 85.28
5414 , 27059 , 18.03 , -24.3 , 0 , 19.00 , 10.100 , 5.601 , 177.34 , 84.69
5424 , 27107 , 17.91 , -23.9 , 0 , 18.99 , 9.943 , 5.551 , 177.87 , 84.16
5434 , 27160 , 17.78 , -24.0 , 0 , 18.99 , 9.741 , 5.478 , 178.43 , 83.60
5443 , 27217 , 17.65 , -23.2 , 0 , 18.98 , 9.638 , 5.462 , 179.02 , 83.01
5453 , 27270 , 17.52 , -23.1 , 0 , 18.97 , 9.601 , 5.481 , 179.58 , 82.45
5463 , 27322 , 17.39 , -23.5 , 0 , 18.97 , 9.523 , 5.475 , 180.11 , 81.92
5473 , 27376 , 17.27 , -23.4 , 0 , 18.96 , 9.504 , 5.504 , 180.66 , 81.37
5482 , 27425 , 17.15 , -22.9 , 0 , 18.95 , 9.581 , 5.586 , 181.17 , 80.86
5493 , 27486 , 17.01 , -22.7 , 0 , 18.95 , 9.663 , 5.681 , 181.80 , 80.23
5502 , 27540 , 16.88 , -22.8 , 0 , 18.94 , 9.710 , 5.752 , 182.37 , 79.66
5513 , 27598 , 16.75 , -23.0 , 0 , 18.93 , 9.728 , 5.807 , 182.97 , 79.06
5523 , 27648 , 16.64 , -22.8 , 0 , 18.93 , 9.842 , 5.915 , 183.49 , 78.54
5530 , 27687 , 16.55 , -22.8 , 1 , 18.92 , 9.890 , 5.977 , 183.91 , 78.12
5540 , 27740 , 16.43 , -23.2 , 1 , 18.92 , 9.934 , 6.046 , 184.47 , 77.56
5549 , 27782 , 16.33 , -22.9 , 0 , 18.91 , 9.718 , 5.949 , 184.93 , 77.10
5559 , 27842 , 16.20 , -22.0 , 0 , 18.91 , 9.812 , 6.056 , 185.56 , 76.47
5568 , 27891 , 16.09 , -21.3 , 0 , 18.90 , 10.058 , 6.249 , 186.08 , 75.95
5579 , 27944 , 15.98 , -21.1 , 0 , 18.90 , 10.478 , 6.557 , 186.65 , 75.38
5588 , 27992 , 15.87 , -20.8 , 0 , 18.89 , 10.637 , 6.700 , 187.20 , 74.83
5598 , 28047 , 15.76 , -20.7 , 0 , 18.88 , 10.819 , 6.866 , 187.83 , 74.20
5607 , 28096 , 15.65 , -20.9 , 0 , 18.88 , 10.839 , 6.924 , 188.40 , 73.63
5618 , 28151 , 15.54 , -20.9 , 0 , 18.87 , 10.719 , 6.899 , 189.03 , 73.00
5628 , 28205 , 15.43 , -20.7 , 0 , 18.87 , 10.702 , 6.938 , 189.64 , 72.39
5638 , 28256 , 15.32 , -20.5 , 0 , 18.86 , 10.654 , 6.955 , 190.23 , 71.80
5648 , 28313 , 15.20 , -20.7 , 0 , 18.86 , 10.605 , 6.976 , 190.87 , 71.16
5658 , 28370 , 15.08 , -20.4 , 0 , 18.85 , 10.461 , 6.935 , 191.51 , 70.52
5668 , 28419 , 14.98 , -20.5 , 0 , 18.84 , 10.379 , 6.927 , 192.06 , 69.97
5678 , 28472 , 14.88 , -20.8 , 0 , 18.84 , 10.293 , 6.918 , 192.65 , 69.38
5688 , 28525 , 14.77 , -20.9 , 0 , 18.84 , 10.117 , 6.849 , 193.22 , 68.81
5698 , 28579 , 14.66 , -20.9 , 0 , 18.84 , 10.072 , 6.869 , 193.81 , 68.22
5707 , 28630 , 14.56 , -20.5 , 1 , 18.83 , 10.019 , 6.880 , 194.36 , 67.67
5717 , 28683 , 14.46 , -21.2 , 0 , 18.82 , 9.941 , 6.876 , 194.92 , 67.11
5726 , 28731 , 14.36 , -21.5 , 0 , 18.81 , 9.781 , 6.809 , 195.43 , 66.60
5736 , 28776 , 14.28 , -20.8 , 0 , 18.81 , 9.671 , 6.774 , 195.90 , 66.13
5746 , 28833 , 14.17 , -20.8 , 0 , 18.80 , 9.588 , 6.768 , 196.48 , 65.55
5756 , 28886 , 14.07 , -21.2 , 0 , 18.80 , 9.633 , 6.848 , 197.02 , 65.01
5766 , 28939 , 13.97 , -21.2 , 0 , 18.80 , 9.529 , 6.823 , 197.56 , 64.47
5775 , 28988 , 13.87 , -21.0 , 0 , 18.79 , 9.400 , 6.775 , 198.06 , 63.97
5786 , 29045 , 13.77 , -20.7 , 0 , 18.78 , 9.305 , 6.760 , 198.63 , 63.40
5795 , 29097 , 13.67 , -20.5 , 0 , 18.78 , 9.312 , 6.812 , 199.15 , 62.88
5804 , 29147 , 13.58 , -20.6 , 0 , 18.77 , 9.256 , 6.817 , 199.64 , 62.39
5814 , 29193 , 13.49 , -20.8 , 0 , 18.77 , 9.065 , 6.718 , 200.09 , 61.94
5824 , 29242 , 13.41 , -20.6 , 0 , 18.76 , 9.081 , 6.774 , 200.57 , 61.46
5833 , 29293 , 13.31 , -20.0 , 0 , 18.76 , 9.147 , 6.871 , 201.06 , 60.97
5844 , 29345 , 13.22 , -20.5 , 0 , 18.75 , 9.024 , 6.827 , 201.57 , 60.46
5853 , 29399 , 13.12 , -20.1 , 0 , 18.74 , 8.872 , 6.760 , 202.08 , 59.95
5864 , 29455 , 13.03 , -20.2 , 0 , 18.74 , 8.724 , 6.698 , 202.61 , 59.42
5872 , 29495 , 12.95 , -20.9 , 1 , 18.73 , 8.544 , 6.596 , 202.98 , 59.05
5884 , 29552 , 12.85 , -21.1 , 1 , 18.72 , 8.468 , 6.588 , 203.50 , 58.53
5892 , 29599 , 12.77 , -20.9 , 0 , 18.72 , 8.330 , 6.522 , 203.92 , 58.11
5903 , 29653 , 12.68 , -21.8 , 0 , 18.71 , 8.227 , 6.488 , 204.40 , 57.63
5913 , 29706 , 12.59 , -21.3 , 0 , 18.71 , 8.139 , 6.465 , 204.86 , 57.17
5922 , 29754 , 12.51 , -20.8 , 1 , 18.70 , 7.991 , 6.388 , 205.27 , 56.76
5932 , 29799 , 12.43 , -20.7 , 1 , 18.69 , 8.046 , 6.472 , 205.66 , 56.37
5942 , 29855 , 12.34 , -21.0 , 0 , 18.68 , 8.419 , 6.824 , 206.15 , 55.88
5952 , 29905 , 12.25 , -20.7 , 0 , 18.68 , 8.663 , 7.069 , 206.61 , 55.42
5962 , 29955 , 12.17 , -20.8 , 0 , 18.67 , 8.653 , 7.109 , 207.07 , 54.96
5971 , 30005 , 12.09 , -19.9 , 0 , 18.66 , 8.799 , 7.279 , 207.54 , 54.49
5982 , 30057 , 12.01 , -19.9 , 0 , 18.65 , 8.556 , 7.126 , 208.01 , 54.02
5990 , 30104 , 11.93 , -20.4 , 0 , 18.64 , 8.163 , 6.843 , 208.44 , 53.59
6002 , 30162 , 11.84 , -20.7 , 0 , 18.64 , 7.736 , 6.536 , 208.93 , 53.10
6011 , 30211 , 11.76 , -20.8 , 0 , 18.63 , 7.499 , 6.378 , 209.32 , 52.71
6020 , 30261 , 11.68 , -21.1 , 0 , 18.62 , 7.274 , 6.228 , 209.72 , 52.31
6030 , 30315 , 11.59 , -20.5 , 0 , 18.61 , 7.169 , 6.183 , 210.13 , 51.90
6040 , 30359 , 11.53 , -21.0 , 0 , 18.61 , 7.075 , 6.139 , 210.47 , 51.56
6049 , 30410 , 11.44 , -21.5 , 0 , 18.60 , 7.003 , 6.119 , 210.86 , 51.17
6058 , 30452 , 11.38 , -21.1 , 1 , 18.59 , 6.852 , 6.021 , 211.17 , 50.86
6068 , 30507 , 11.30 , -20.4 , 1 , 18.59 , 6.748 , 5.974 , 211.56 , 50.47
6076 , 30544 , 11.24 , -20.9 , 0 , 18.58 , 6.737 , 5.994 , 211.83 , 50.20
6085 , 30597 , 11.16 , -20.8 , 0 , 18.57 , 6.696 , 6.001 , 212.21 , 49.82
6095 , 30647 , 11.08 , -20.1 , 0 , 18.57 , 6.706 , 6.050 , 212.57 , 49.46
6104 , 30698 , 11.01 , -20.0 , 0 , 18.56 , 6.712 , 6.098 , 212.93 , 49.10
6114 , 30750 , 10.93 , -19.9 , 0 , 18.56 , 6.698 , 6.127 , 213.30 , 48.73
6124 , 30800 , 10.86 , -19.9 , 0 , 18.55 , 6.670 , 6.142 , 213.66 , 48.37
6134 , 30847 , 10.79 , -19.8 , 0 , 18.53 , 6.582 , 6.101 , 213.99 , 48.04
6144 , 30898 , 10.72 , -20.1 , 0 , 18.52 , 6.501 , 6.067 , 214.34 , 47.69
6154 , 30957 , 10.63 , -20.2 , 0 , 18.52 , 6.392 , 6.013 , 214.75 , 47.28
6165 , 31012 , 10.55 , -20.2 , 0 , 18.51 , 6.298 , 5.969 , 215.12 , 46.91
6174 , 31056 , 10.49 , -19.9 , 0 , 18.51 , 6.267 , 5.975 , 215.42 , 46.61
6184 , 31111 , 10.41 , -20.3 , 0 , 18.50 , 6.166 , 5.923 , 215.78 , 46.25
6194 , 31169 , 10.33 , -20.5 , 1 , 18.49 , 6.014 , 5.822 , 216.16 , 45.87
6203 , 31213 , 10.27 , -20.8 , 0 , 18.48 , 5.947 , 5.791 , 216.44 , 45.59
6214 , 31269 , 10.19 , -20.2 , 1 , 18.47 , 5.901 , 5.791 , 216.80 , 45.23
6223 , 31316 , 10.13 , -20.8 , 0 , 18.47 , 5.811 , 5.738 , 217.09 , 44.94
6234 , 31367 , 10.06 , -20.6 , 1 , 18.45 , 5.681 , 5.649 , 217.40 , 44.63
6243 , 31421 , 9.98 , -20.6 , 1 , 18.45 , 5.598 , 5.607 , 217.72 , 44.31
6252 , 31468 , 9.92 , -20.1 , 0 , 18.44 , 5.499 , 5.542 , 218.00 , 44.03
6259 , 31504 , 9.87 , -20.3 , 1 , 18.43 , 5.444 , 5.513 , 218.21 , 43.82
6268 , 31556 , 9.80 , -19.8 , 1 , 18.42 , 5.341 , 5.448 , 218.51 , 43.52
6278 , 31604 , 9.74 , -20.0 , 1 , 18.42 , 5.285 , 5.426 , 218.79 , 43.24
6287 , 31652 , 9.68 , -18.9 , 0 , 18.41 , 5.283 , 5.458 , 219.05 , 42.98
6298 , 31709 , 9.60 , -18.2 , 0 , 18.39 , 5.287 , 5.505 , 219.37 , 42.66
6308 , 31755 , 9.55 , -18.1 , 0 , 18.38 , 5.269 , 5.520 , 219.63 , 42.40
6318 , 31813 , 9.47 , -18.1 , 0 , 18.37 , 5.275 , 5.570 , 219.95 , 42.08
6327 , 31864 , 9.41 , -17.9 , 0 , 18.37 , 5.296 , 5.630 , 220.23 , 41.79
