# ------------------------------------------------------------
#
# Flight name: V0412
# Station: Davis
# Launch Date: 25 January 2012
# Launch Time: 11:15:06
# 
# This file created: Fri Jan 27 17:26:12 2012
# 
# 
# ------------------------------------------------------------
# DATA COLUMNS
# Time (s)
# Height (m)
# Atmospheric Pressure (hPa)
# Atmospheric Temperature (°C)
# Relative Humidity (%)
# Box Temperature (°C)
# Ozone Partial Pressure (mPa)
# Ozone Mixing Ratio (ppmV)
# Accumulated Ozone to this Height (Dobson Units)
# Remaining Ozone above this Height (Dobson Units)
# 
# ------------------------------------------------------------
# 
# Integrated Ozone = 265.1 DU
# Extrapolated Ozone =  33.8 DU
# 
# Total Ozone = 298.9 DU
# 
# 
# ------------------------------------------------------------
0 , 18 , 979.31 , -1.0 , 59 , 34.81 , 1.688 , 0.017 , 0.00 , 298.89
10 , 69 , 973.00 , -2.2 , 64 , 34.81 , 1.683 , 0.017 , 0.09 , 298.80
20 , 131 , 965.39 , -2.8 , 66 , 34.81 , 1.662 , 0.017 , 0.19 , 298.70
30 , 188 , 958.55 , -3.3 , 65 , 34.81 , 1.649 , 0.017 , 0.28 , 298.61
39 , 235 , 952.82 , -3.7 , 66 , 34.82 , 1.652 , 0.017 , 0.36 , 298.53
49 , 279 , 947.55 , -4.0 , 66 , 34.83 , 1.661 , 0.018 , 0.43 , 298.45
59 , 328 , 941.68 , -4.4 , 65 , 34.82 , 1.638 , 0.017 , 0.51 , 298.37
69 , 376 , 935.91 , -4.7 , 63 , 34.81 , 1.613 , 0.017 , 0.59 , 298.30
79 , 428 , 929.76 , -5.1 , 64 , 34.81 , 1.579 , 0.017 , 0.68 , 298.21
89 , 481 , 923.51 , -5.6 , 66 , 34.81 , 1.527 , 0.017 , 0.76 , 298.13
99 , 537 , 916.94 , -6.2 , 69 , 34.81 , 1.487 , 0.016 , 0.84 , 298.04
109 , 594 , 910.19 , -6.7 , 73 , 34.78 , 1.447 , 0.016 , 0.93 , 297.96
119 , 653 , 903.39 , -7.2 , 77 , 34.77 , 1.398 , 0.015 , 1.01 , 297.87
129 , 708 , 897.05 , -7.6 , 83 , 34.76 , 1.371 , 0.015 , 1.09 , 297.80
139 , 764 , 890.65 , -7.9 , 86 , 34.75 , 1.335 , 0.015 , 1.17 , 297.72
149 , 819 , 884.30 , -8.4 , 89 , 34.73 , 1.313 , 0.015 , 1.24 , 297.65
159 , 875 , 877.97 , -8.6 , 88 , 34.71 , 1.299 , 0.015 , 1.32 , 297.57
169 , 930 , 871.76 , -8.7 , 81 , 34.70 , 1.300 , 0.015 , 1.39 , 297.50
179 , 985 , 865.58 , -9.0 , 78 , 34.68 , 1.305 , 0.015 , 1.46 , 297.43
189 , 1042 , 859.24 , -9.5 , 77 , 34.64 , 1.298 , 0.015 , 1.54 , 297.35
199 , 1093 , 853.58 , -9.9 , 80 , 34.63 , 1.298 , 0.015 , 1.60 , 297.28
209 , 1143 , 848.07 , -10.3 , 85 , 34.61 , 1.286 , 0.015 , 1.67 , 297.22
219 , 1199 , 841.91 , -10.7 , 89 , 34.57 , 1.271 , 0.015 , 1.74 , 297.14
229 , 1253 , 835.99 , -11.1 , 91 , 34.54 , 1.256 , 0.015 , 1.81 , 297.07
239 , 1308 , 830.06 , -11.5 , 91 , 34.52 , 1.237 , 0.015 , 1.88 , 297.00
249 , 1359 , 824.49 , -11.9 , 92 , 34.51 , 1.218 , 0.015 , 1.95 , 296.94
259 , 1413 , 818.76 , -12.3 , 93 , 34.50 , 1.211 , 0.015 , 2.02 , 296.87
268 , 1468 , 812.81 , -12.8 , 92 , 34.47 , 1.199 , 0.015 , 2.09 , 296.80
278 , 1522 , 807.08 , -13.3 , 93 , 34.43 , 1.193 , 0.015 , 2.15 , 296.74
288 , 1580 , 800.92 , -13.8 , 90 , 34.36 , 1.186 , 0.015 , 2.22 , 296.66
298 , 1637 , 795.01 , -14.2 , 88 , 34.35 , 1.182 , 0.015 , 2.29 , 296.59
308 , 1699 , 788.49 , -14.7 , 90 , 34.33 , 1.167 , 0.015 , 2.37 , 296.52
318 , 1754 , 782.82 , -15.2 , 92 , 34.30 , 1.155 , 0.015 , 2.44 , 296.45
328 , 1806 , 777.37 , -15.7 , 95 , 34.26 , 1.146 , 0.015 , 2.50 , 296.39
338 , 1859 , 771.94 , -16.1 , 95 , 34.23 , 1.144 , 0.015 , 2.56 , 296.33
348 , 1918 , 765.89 , -16.6 , 96 , 34.18 , 1.130 , 0.015 , 2.63 , 296.25
358 , 1975 , 760.18 , -17.1 , 95 , 34.14 , 1.126 , 0.015 , 2.70 , 296.19
366 , 2018 , 755.82 , -17.3 , 92 , 34.10 , 1.119 , 0.015 , 2.75 , 296.14
378 , 2086 , 748.94 , -15.9 , 67 , 34.05 , 1.094 , 0.015 , 2.83 , 296.06
387 , 2135 , 744.10 , -15.1 , 60 , 34.02 , 1.084 , 0.015 , 2.89 , 296.00
396 , 2195 , 738.27 , -14.8 , 51 , 33.99 , 1.069 , 0.014 , 2.95 , 295.93
407 , 2253 , 732.62 , -14.7 , 36 , 33.97 , 1.061 , 0.014 , 3.02 , 295.87
416 , 2294 , 728.69 , -14.7 , 32 , 33.95 , 1.086 , 0.015 , 3.06 , 295.82
426 , 2334 , 724.81 , -14.9 , 32 , 33.94 , 1.091 , 0.015 , 3.11 , 295.78
436 , 2381 , 720.34 , -15.2 , 32 , 33.91 , 1.098 , 0.015 , 3.16 , 295.73
446 , 2434 , 715.29 , -15.7 , 34 , 33.87 , 1.107 , 0.015 , 3.22 , 295.66
456 , 2489 , 710.08 , -16.2 , 34 , 33.82 , 1.096 , 0.015 , 3.29 , 295.60
466 , 2547 , 704.64 , -16.8 , 36 , 33.80 , 1.108 , 0.016 , 3.35 , 295.53
476 , 2598 , 699.86 , -17.2 , 38 , 33.74 , 1.117 , 0.016 , 3.41 , 295.47
485 , 2649 , 695.13 , -17.6 , 38 , 33.73 , 1.110 , 0.016 , 3.47 , 295.41
496 , 2707 , 689.74 , -17.8 , 26 , 33.67 , 1.149 , 0.017 , 3.54 , 295.34
506 , 2758 , 685.03 , -17.7 , 21 , 33.64 , 1.194 , 0.017 , 3.61 , 295.28
516 , 2812 , 680.08 , -17.9 , 23 , 33.62 , 1.220 , 0.018 , 3.68 , 295.21
526 , 2882 , 673.79 , -18.2 , 22 , 33.58 , 1.220 , 0.018 , 3.77 , 295.12
536 , 2944 , 668.19 , -18.6 , 18 , 33.54 , 1.203 , 0.018 , 3.85 , 295.04
546 , 3002 , 663.02 , -18.9 , 19 , 33.51 , 1.208 , 0.018 , 3.92 , 294.97
556 , 3055 , 658.27 , -19.4 , 20 , 33.47 , 1.189 , 0.018 , 3.99 , 294.90
566 , 3099 , 654.37 , -19.9 , 21 , 33.45 , 1.190 , 0.018 , 4.04 , 294.85
576 , 3148 , 650.10 , -20.1 , 21 , 33.44 , 1.184 , 0.018 , 4.10 , 294.78
586 , 3192 , 646.19 , -20.6 , 23 , 33.40 , 1.179 , 0.018 , 4.16 , 294.73
595 , 3236 , 642.43 , -20.8 , 23 , 33.35 , 1.185 , 0.018 , 4.21 , 294.67
605 , 3287 , 637.95 , -21.2 , 23 , 33.31 , 1.198 , 0.019 , 4.28 , 294.61
615 , 3333 , 634.02 , -21.4 , 23 , 33.29 , 1.197 , 0.019 , 4.34 , 294.55
625 , 3381 , 629.88 , -21.9 , 23 , 33.26 , 1.216 , 0.019 , 4.40 , 294.49
635 , 3437 , 625.06 , -22.4 , 23 , 33.21 , 1.208 , 0.019 , 4.47 , 294.41
645 , 3486 , 620.97 , -22.7 , 23 , 33.17 , 1.200 , 0.019 , 4.54 , 294.35
655 , 3528 , 617.38 , -23.0 , 23 , 33.12 , 1.195 , 0.019 , 4.59 , 294.30
665 , 3581 , 612.96 , -23.5 , 23 , 33.10 , 1.189 , 0.019 , 4.66 , 294.23
675 , 3624 , 609.31 , -23.8 , 23 , 33.07 , 1.182 , 0.019 , 4.72 , 294.17
685 , 3672 , 605.32 , -24.1 , 25 , 33.01 , 1.172 , 0.019 , 4.78 , 294.11
695 , 3722 , 601.16 , -24.4 , 25 , 32.97 , 1.150 , 0.019 , 4.84 , 294.05
705 , 3780 , 596.44 , -24.7 , 27 , 32.93 , 1.143 , 0.019 , 4.91 , 293.98
715 , 3836 , 591.82 , -25.2 , 27 , 32.87 , 1.140 , 0.019 , 4.98 , 293.91
725 , 3882 , 588.08 , -25.3 , 27 , 32.85 , 1.132 , 0.019 , 5.04 , 293.85
735 , 3927 , 584.51 , -25.7 , 27 , 32.85 , 1.133 , 0.019 , 5.09 , 293.80
745 , 3971 , 580.91 , -26.1 , 27 , 32.82 , 1.137 , 0.020 , 5.15 , 293.74
755 , 4017 , 577.27 , -26.5 , 28 , 32.77 , 1.142 , 0.020 , 5.20 , 293.68
765 , 4058 , 573.97 , -26.7 , 29 , 32.72 , 1.138 , 0.020 , 5.26 , 293.63
775 , 4104 , 570.31 , -27.3 , 30 , 32.70 , 1.143 , 0.020 , 5.31 , 293.57
785 , 4160 , 565.88 , -27.7 , 29 , 32.65 , 1.131 , 0.020 , 5.38 , 293.50
795 , 4205 , 562.35 , -28.0 , 29 , 32.59 , 1.130 , 0.020 , 5.44 , 293.45
805 , 4254 , 558.53 , -28.5 , 28 , 32.55 , 1.132 , 0.020 , 5.50 , 293.39
815 , 4304 , 554.60 , -28.7 , 26 , 32.52 , 1.125 , 0.020 , 5.56 , 293.33
825 , 4355 , 550.69 , -29.1 , 25 , 32.47 , 1.145 , 0.021 , 5.63 , 293.26
835 , 4405 , 546.86 , -29.4 , 25 , 32.44 , 1.173 , 0.021 , 5.69 , 293.20
845 , 4459 , 542.70 , -29.9 , 28 , 32.37 , 1.179 , 0.022 , 5.76 , 293.13
855 , 4507 , 539.11 , -30.2 , 30 , 32.32 , 1.171 , 0.022 , 5.82 , 293.07
865 , 4554 , 535.50 , -30.3 , 27 , 32.29 , 1.161 , 0.022 , 5.88 , 293.00
875 , 4612 , 531.20 , -30.7 , 24 , 32.25 , 1.156 , 0.022 , 5.96 , 292.93
885 , 4661 , 527.53 , -30.8 , 19 , 32.22 , 1.185 , 0.022 , 6.02 , 292.87
895 , 4706 , 524.16 , -31.0 , 29 , 32.18 , 1.227 , 0.023 , 6.08 , 292.80
904 , 4747 , 521.15 , -31.3 , 35 , 32.15 , 1.208 , 0.023 , 6.14 , 292.75
914 , 4796 , 517.58 , -31.6 , 45 , 32.11 , 1.206 , 0.023 , 6.20 , 292.68
924 , 4847 , 513.84 , -31.9 , 49 , 32.05 , 1.208 , 0.024 , 6.27 , 292.62
934 , 4893 , 510.49 , -32.3 , 47 , 32.01 , 1.257 , 0.025 , 6.34 , 292.55
944 , 4946 , 506.66 , -32.5 , 42 , 31.96 , 1.281 , 0.025 , 6.41 , 292.48
954 , 4995 , 503.14 , -32.8 , 31 , 31.91 , 1.313 , 0.026 , 6.48 , 292.40
964 , 5051 , 499.19 , -32.8 , 23 , 31.86 , 1.359 , 0.027 , 6.57 , 292.32
974 , 5098 , 495.86 , -33.0 , 22 , 31.82 , 1.534 , 0.031 , 6.64 , 292.25
984 , 5147 , 492.38 , -33.2 , 21 , 31.80 , 1.692 , 0.034 , 6.73 , 292.16
994 , 5192 , 489.26 , -33.5 , 23 , 31.75 , 1.750 , 0.036 , 6.82 , 292.07
1004 , 5240 , 485.93 , -33.8 , 26 , 31.71 , 1.670 , 0.034 , 6.91 , 291.98
1014 , 5283 , 482.94 , -34.0 , 29 , 31.65 , 1.511 , 0.031 , 6.99 , 291.90
1024 , 5331 , 479.67 , -34.3 , 29 , 31.60 , 1.385 , 0.029 , 7.07 , 291.82
1034 , 5375 , 476.61 , -34.8 , 29 , 31.56 , 1.292 , 0.027 , 7.13 , 291.75
1044 , 5424 , 473.30 , -34.9 , 25 , 31.51 , 1.225 , 0.026 , 7.20 , 291.69
1054 , 5470 , 470.15 , -35.2 , 22 , 31.48 , 1.253 , 0.027 , 7.27 , 291.62
1064 , 5514 , 467.19 , -35.5 , 19 , 31.43 , 1.290 , 0.028 , 7.33 , 291.56
1074 , 5562 , 464.00 , -35.8 , 21 , 31.37 , 1.313 , 0.028 , 7.40 , 291.49
1084 , 5609 , 460.87 , -36.1 , 29 , 31.32 , 1.274 , 0.028 , 7.47 , 291.42
1094 , 5654 , 457.86 , -36.5 , 29 , 31.29 , 1.221 , 0.027 , 7.54 , 291.35
1104 , 5709 , 454.28 , -36.9 , 27 , 31.22 , 1.185 , 0.026 , 7.61 , 291.28
1114 , 5759 , 450.96 , -37.3 , 25 , 31.17 , 1.164 , 0.026 , 7.68 , 291.21
1124 , 5804 , 448.03 , -37.5 , 23 , 31.13 , 1.192 , 0.027 , 7.74 , 291.15
1134 , 5851 , 445.01 , -37.8 , 22 , 31.08 , 1.229 , 0.028 , 7.80 , 291.08
1144 , 5898 , 441.97 , -38.0 , 29 , 31.02 , 1.266 , 0.029 , 7.87 , 291.02
1154 , 5948 , 438.76 , -38.3 , 29 , 30.97 , 1.254 , 0.029 , 7.94 , 290.94
1164 , 5999 , 435.52 , -38.7 , 28 , 30.90 , 1.257 , 0.029 , 8.02 , 290.87
1174 , 6048 , 432.44 , -39.0 , 29 , 30.84 , 1.205 , 0.028 , 8.09 , 290.80
1184 , 6096 , 429.45 , -39.3 , 31 , 30.80 , 1.020 , 0.024 , 8.15 , 290.74
1194 , 6148 , 426.19 , -39.7 , 31 , 30.76 , 0.905 , 0.021 , 8.20 , 290.68
1203 , 6194 , 423.28 , -40.0 , 30 , 30.70 , 0.837 , 0.020 , 8.25 , 290.64
1213 , 6238 , 420.58 , -40.2 , 28 , 30.65 , 0.787 , 0.019 , 8.29 , 290.60
1223 , 6285 , 417.71 , -40.6 , 29 , 30.60 , 0.825 , 0.020 , 8.34 , 290.55
1233 , 6332 , 414.81 , -41.1 , 32 , 30.55 , 0.891 , 0.021 , 8.38 , 290.50
1243 , 6384 , 411.67 , -41.6 , 34 , 30.50 , 0.932 , 0.023 , 8.44 , 290.45
1253 , 6431 , 408.79 , -41.9 , 35 , 30.45 , 0.937 , 0.023 , 8.49 , 290.40
1263 , 6477 , 406.02 , -42.1 , 36 , 30.39 , 0.937 , 0.023 , 8.54 , 290.35
1273 , 6524 , 403.19 , -42.7 , 38 , 30.33 , 0.894 , 0.022 , 8.59 , 290.30
1283 , 6573 , 400.32 , -43.0 , 37 , 30.28 , 0.821 , 0.020 , 8.64 , 290.25
1293 , 6619 , 397.56 , -43.4 , 37 , 30.23 , 0.762 , 0.019 , 8.68 , 290.21
1303 , 6668 , 394.71 , -43.7 , 37 , 30.17 , 0.731 , 0.019 , 8.72 , 290.16
1313 , 6715 , 391.93 , -44.2 , 38 , 30.12 , 0.786 , 0.020 , 8.77 , 290.12
1323 , 6761 , 389.23 , -44.5 , 40 , 30.06 , 0.876 , 0.023 , 8.81 , 290.08
1333 , 6819 , 385.88 , -45.0 , 41 , 30.01 , 0.891 , 0.023 , 8.87 , 290.02
1343 , 6868 , 383.08 , -45.4 , 41 , 29.94 , 1.078 , 0.028 , 8.93 , 289.96
1353 , 6919 , 380.16 , -45.8 , 42 , 29.88 , 1.282 , 0.034 , 9.00 , 289.89
1363 , 6966 , 377.47 , -46.2 , 42 , 29.82 , 1.388 , 0.037 , 9.07 , 289.81
1373 , 7018 , 374.51 , -46.5 , 41 , 29.80 , 1.488 , 0.040 , 9.16 , 289.72
1383 , 7064 , 371.94 , -46.8 , 39 , 29.76 , 1.569 , 0.042 , 9.25 , 289.64
1393 , 7115 , 369.08 , -47.2 , 37 , 29.69 , 1.636 , 0.044 , 9.35 , 289.54
1403 , 7163 , 366.42 , -47.5 , 36 , 29.63 , 1.708 , 0.047 , 9.44 , 289.45
1413 , 7217 , 363.43 , -47.9 , 34 , 29.57 , 1.630 , 0.045 , 9.55 , 289.34
1423 , 7264 , 360.84 , -48.2 , 35 , 29.51 , 1.402 , 0.039 , 9.63 , 289.25
1433 , 7309 , 358.38 , -48.5 , 36 , 29.45 , 1.191 , 0.033 , 9.70 , 289.18
1443 , 7354 , 355.94 , -48.7 , 36 , 29.40 , 1.072 , 0.030 , 9.77 , 289.12
1453 , 7403 , 353.31 , -49.1 , 35 , 29.34 , 1.077 , 0.030 , 9.83 , 289.06
1463 , 7452 , 350.63 , -49.6 , 36 , 29.28 , 1.056 , 0.030 , 9.89 , 289.00
1473 , 7503 , 347.90 , -50.0 , 40 , 29.21 , 0.922 , 0.027 , 9.95 , 288.94
1483 , 7553 , 345.27 , -50.4 , 44 , 29.14 , 0.842 , 0.024 , 10.01 , 288.88
1492 , 7606 , 342.45 , -50.9 , 46 , 29.09 , 0.774 , 0.023 , 10.06 , 288.83
1502 , 7656 , 339.85 , -51.3 , 45 , 29.04 , 0.740 , 0.022 , 10.10 , 288.78
1511 , 7705 , 337.30 , -51.6 , 44 , 28.98 , 0.713 , 0.021 , 10.15 , 288.74
1521 , 7748 , 335.06 , -51.9 , 46 , 28.93 , 0.698 , 0.021 , 10.18 , 288.70
1531 , 7802 , 332.25 , -52.4 , 49 , 28.88 , 0.713 , 0.021 , 10.23 , 288.66
1541 , 7853 , 329.65 , -52.8 , 52 , 28.81 , 0.702 , 0.021 , 10.27 , 288.61
1551 , 7907 , 326.91 , -53.3 , 56 , 28.75 , 0.691 , 0.021 , 10.32 , 288.57
1561 , 7968 , 323.82 , -53.7 , 59 , 28.67 , 0.682 , 0.021 , 10.37 , 288.52
1571 , 8018 , 321.31 , -54.1 , 60 , 28.62 , 0.686 , 0.021 , 10.41 , 288.47
1581 , 8071 , 318.66 , -54.5 , 62 , 28.56 , 0.686 , 0.022 , 10.46 , 288.43
1591 , 8124 , 316.01 , -54.7 , 60 , 28.52 , 0.686 , 0.022 , 10.50 , 288.38
1601 , 8171 , 313.70 , -54.8 , 57 , 28.46 , 0.776 , 0.025 , 10.55 , 288.34
1611 , 8227 , 310.96 , -55.3 , 55 , 28.39 , 1.033 , 0.033 , 10.61 , 288.28
1621 , 8284 , 308.20 , -55.5 , 54 , 28.32 , 1.125 , 0.036 , 10.68 , 288.20
1631 , 8333 , 305.85 , -55.9 , 55 , 28.26 , 1.218 , 0.040 , 10.76 , 288.13
1640 , 8385 , 303.35 , -56.2 , 54 , 28.21 , 1.252 , 0.041 , 10.84 , 288.05
1650 , 8435 , 300.97 , -56.4 , 54 , 28.13 , 1.171 , 0.039 , 10.91 , 287.98
1660 , 8494 , 298.20 , -56.8 , 55 , 28.07 , 1.123 , 0.038 , 10.99 , 287.89
1670 , 8554 , 295.37 , -57.2 , 56 , 28.01 , 1.066 , 0.036 , 11.08 , 287.81
1680 , 8610 , 292.74 , -57.5 , 57 , 27.94 , 1.045 , 0.036 , 11.15 , 287.74
1690 , 8674 , 289.83 , -57.3 , 56 , 27.88 , 1.098 , 0.038 , 11.24 , 287.65
1700 , 8729 , 287.32 , -57.6 , 57 , 27.82 , 1.197 , 0.042 , 11.31 , 287.57
1710 , 8785 , 284.75 , -57.9 , 57 , 27.75 , 1.287 , 0.045 , 11.40 , 287.49
1720 , 8841 , 282.24 , -58.2 , 57 , 27.68 , 1.321 , 0.047 , 11.49 , 287.39
1730 , 8894 , 279.85 , -58.3 , 57 , 27.62 , 1.378 , 0.049 , 11.58 , 287.30
1740 , 8953 , 277.24 , -58.4 , 56 , 27.57 , 1.399 , 0.050 , 11.69 , 287.20
1750 , 9006 , 274.94 , -58.3 , 55 , 27.52 , 1.566 , 0.057 , 11.78 , 287.10
1760 , 9069 , 272.18 , -58.2 , 56 , 27.45 , 1.882 , 0.069 , 11.92 , 286.97
1770 , 9119 , 270.03 , -57.8 , 54 , 27.38 , 2.303 , 0.085 , 12.05 , 286.83
1780 , 9182 , 267.35 , -57.2 , 48 , 27.30 , 2.789 , 0.104 , 12.25 , 286.63
1790 , 9241 , 264.86 , -56.5 , 40 , 27.22 , 3.322 , 0.125 , 12.48 , 286.41
1800 , 9300 , 262.42 , -56.0 , 31 , 27.16 , 3.732 , 0.142 , 12.74 , 286.15
1809 , 9350 , 260.37 , -55.6 , 23 , 27.10 , 4.318 , 0.166 , 12.99 , 285.90
1818 , 9403 , 258.21 , -55.5 , 17 , 27.04 , 4.801 , 0.186 , 13.29 , 285.60
1828 , 9468 , 255.58 , -55.3 , 14 , 26.97 , 5.033 , 0.197 , 13.68 , 285.21
1838 , 9537 , 252.86 , -54.6 , 11 , 26.89 , 5.272 , 0.208 , 14.12 , 284.77
1848 , 9602 , 250.28 , -54.0 , 9 , 26.79 , 5.517 , 0.220 , 14.55 , 284.33
1858 , 9660 , 248.03 , -53.5 , 7 , 26.74 , 5.536 , 0.223 , 14.95 , 283.94
1868 , 9719 , 245.79 , -53.3 , 6 , 26.67 , 5.718 , 0.233 , 15.35 , 283.54
1878 , 9775 , 243.63 , -53.1 , 5 , 26.61 , 5.647 , 0.232 , 15.75 , 283.14
1888 , 9829 , 241.63 , -53.1 , 4 , 26.55 , 5.663 , 0.234 , 16.11 , 282.77
1898 , 9888 , 239.40 , -52.8 , 4 , 26.49 , 5.737 , 0.240 , 16.53 , 282.36
1908 , 9949 , 237.17 , -52.9 , 3 , 26.42 , 5.852 , 0.247 , 16.96 , 281.93
1918 , 10009 , 234.96 , -52.6 , 3 , 26.35 , 5.936 , 0.253 , 17.40 , 281.49
1928 , 10071 , 232.73 , -52.1 , 2 , 26.28 , 6.000 , 0.258 , 17.85 , 281.04
1938 , 10133 , 230.51 , -51.7 , 2 , 26.21 , 5.964 , 0.259 , 18.30 , 280.59
1948 , 10195 , 228.33 , -51.4 , 2 , 26.16 , 6.011 , 0.263 , 18.75 , 280.14
1958 , 10253 , 226.29 , -51.3 , 2 , 26.09 , 6.010 , 0.266 , 19.17 , 279.72
1968 , 10308 , 224.37 , -51.4 , 2 , 26.02 , 5.975 , 0.266 , 19.58 , 279.31
1978 , 10367 , 222.34 , -51.5 , 2 , 25.93 , 5.936 , 0.267 , 20.00 , 278.89
1988 , 10428 , 220.27 , -51.4 , 1 , 25.87 , 5.872 , 0.267 , 20.44 , 278.45
1998 , 10487 , 218.28 , -51.2 , 1 , 25.81 , 5.868 , 0.269 , 20.86 , 278.03
2008 , 10544 , 216.36 , -51.0 , 1 , 25.74 , 5.802 , 0.268 , 21.27 , 277.62
2018 , 10600 , 214.50 , -50.8 , 1 , 25.67 , 5.799 , 0.270 , 21.66 , 277.23
2028 , 10658 , 212.62 , -50.6 , 1 , 25.61 , 5.792 , 0.272 , 22.06 , 276.83
2038 , 10714 , 210.78 , -50.4 , 1 , 25.56 , 5.857 , 0.278 , 22.46 , 276.43
2048 , 10773 , 208.90 , -50.2 , 1 , 25.49 , 5.931 , 0.284 , 22.88 , 276.01
2057 , 10832 , 207.01 , -50.1 , 1 , 25.43 , 5.920 , 0.286 , 23.30 , 275.58
2067 , 10888 , 205.23 , -49.9 , 1 , 25.37 , 5.859 , 0.285 , 23.70 , 275.18
2077 , 10937 , 203.70 , -49.9 , 1 , 25.31 , 5.664 , 0.278 , 24.05 , 274.84
2087 , 10982 , 202.30 , -49.9 , 1 , 25.26 , 5.594 , 0.276 , 24.35 , 274.54
2097 , 11024 , 201.01 , -49.8 , 1 , 25.21 , 5.599 , 0.279 , 24.64 , 274.25
2107 , 11070 , 199.61 , -49.9 , 1 , 25.14 , 5.619 , 0.282 , 24.94 , 273.94
2117 , 11120 , 198.10 , -49.7 , 1 , 25.08 , 5.540 , 0.280 , 25.28 , 273.61
2126 , 11171 , 196.54 , -49.8 , 1 , 25.02 , 5.537 , 0.282 , 25.62 , 273.26
2136 , 11228 , 194.85 , -49.8 , 1 , 24.96 , 5.590 , 0.287 , 26.00 , 272.89
2146 , 11287 , 193.10 , -49.9 , 1 , 24.91 , 5.559 , 0.288 , 26.40 , 272.49
2156 , 11349 , 191.27 , -49.7 , 1 , 24.84 , 5.513 , 0.288 , 26.82 , 272.07
2166 , 11410 , 189.48 , -49.7 , 1 , 24.79 , 5.492 , 0.290 , 27.22 , 271.66
2176 , 11471 , 187.72 , -49.7 , 1 , 24.73 , 5.461 , 0.291 , 27.63 , 271.26
2186 , 11532 , 186.00 , -49.6 , 1 , 24.68 , 5.405 , 0.291 , 28.02 , 270.87
2196 , 11595 , 184.22 , -49.4 , 1 , 24.62 , 5.383 , 0.292 , 28.43 , 270.46
2205 , 11652 , 182.61 , -49.1 , 1 , 24.56 , 5.357 , 0.293 , 28.80 , 270.08
2215 , 11706 , 181.12 , -49.0 , 1 , 24.50 , 5.320 , 0.294 , 29.15 , 269.74
2225 , 11759 , 179.67 , -48.8 , 1 , 24.45 , 5.302 , 0.295 , 29.49 , 269.40
2235 , 11812 , 178.22 , -48.7 , 1 , 24.39 , 5.312 , 0.298 , 29.83 , 269.06
2245 , 11867 , 176.74 , -48.6 , 1 , 24.35 , 5.246 , 0.297 , 30.17 , 268.71
2255 , 11928 , 175.10 , -48.6 , 1 , 24.31 , 5.267 , 0.301 , 30.56 , 268.33
2265 , 11991 , 173.43 , -48.6 , 1 , 24.26 , 5.263 , 0.303 , 30.96 , 267.93
2275 , 12049 , 171.90 , -48.7 , 1 , 24.19 , 5.120 , 0.298 , 31.32 , 267.57
2285 , 12100 , 170.57 , -48.6 , 1 , 24.14 , 5.005 , 0.293 , 31.63 , 267.26
2295 , 12146 , 169.38 , -48.5 , 1 , 24.09 , 4.945 , 0.292 , 31.91 , 266.98
2305 , 12188 , 168.30 , -48.5 , 1 , 24.05 , 4.921 , 0.292 , 32.16 , 266.73
2315 , 12231 , 167.21 , -48.5 , 1 , 24.00 , 4.927 , 0.295 , 32.41 , 266.48
2325 , 12273 , 166.14 , -48.4 , 1 , 23.95 , 4.898 , 0.295 , 32.66 , 266.23
2335 , 12315 , 165.09 , -48.5 , 1 , 23.90 , 4.872 , 0.295 , 32.90 , 265.99
2345 , 12357 , 164.03 , -48.3 , 1 , 23.84 , 4.866 , 0.297 , 33.15 , 265.74
2355 , 12401 , 162.95 , -48.3 , 1 , 23.78 , 4.857 , 0.298 , 33.40 , 265.49
2365 , 12443 , 161.91 , -48.2 , 1 , 23.72 , 4.846 , 0.299 , 33.65 , 265.24
2375 , 12488 , 160.82 , -48.2 , 1 , 23.67 , 4.860 , 0.302 , 33.91 , 264.98
2385 , 12532 , 159.74 , -48.0 , 1 , 23.62 , 4.833 , 0.303 , 34.16 , 264.73
2395 , 12574 , 158.71 , -48.1 , 1 , 23.56 , 4.912 , 0.310 , 34.41 , 264.48
2405 , 12617 , 157.68 , -47.8 , 1 , 23.52 , 4.970 , 0.315 , 34.67 , 264.22
2415 , 12660 , 156.67 , -47.8 , 1 , 23.47 , 4.898 , 0.313 , 34.92 , 263.97
2425 , 12702 , 155.68 , -47.7 , 1 , 23.41 , 4.957 , 0.318 , 35.16 , 263.72
2434 , 12743 , 154.70 , -48.0 , 1 , 23.37 , 4.922 , 0.318 , 35.41 , 263.48
2444 , 12783 , 153.76 , -48.0 , 1 , 23.32 , 4.946 , 0.322 , 35.65 , 263.24
2454 , 12828 , 152.73 , -48.0 , 1 , 23.27 , 4.817 , 0.315 , 35.90 , 262.98
2464 , 12868 , 151.80 , -48.1 , 1 , 23.22 , 4.646 , 0.306 , 36.13 , 262.76
2474 , 12910 , 150.83 , -47.9 , 1 , 23.17 , 4.486 , 0.297 , 36.36 , 262.52
2484 , 12953 , 149.84 , -48.0 , 1 , 23.11 , 4.381 , 0.292 , 36.59 , 262.29
2494 , 12996 , 148.89 , -47.9 , 1 , 23.06 , 4.478 , 0.301 , 36.82 , 262.07
2504 , 13038 , 147.93 , -48.0 , 1 , 23.01 , 4.602 , 0.311 , 37.05 , 261.84
2514 , 13082 , 146.94 , -47.9 , 1 , 22.97 , 4.515 , 0.307 , 37.29 , 261.60
2524 , 13125 , 146.00 , -47.8 , 1 , 22.93 , 4.410 , 0.302 , 37.52 , 261.37
2534 , 13167 , 145.07 , -47.8 , 1 , 22.89 , 4.221 , 0.291 , 37.73 , 261.15
2544 , 13209 , 144.15 , -48.0 , 1 , 22.85 , 4.081 , 0.283 , 37.94 , 260.95
2554 , 13251 , 143.22 , -48.0 , 1 , 22.81 , 3.977 , 0.278 , 38.15 , 260.74
2564 , 13295 , 142.28 , -47.9 , 1 , 22.76 , 3.925 , 0.276 , 38.35 , 260.54
2574 , 13338 , 141.35 , -48.1 , 1 , 22.71 , 3.994 , 0.283 , 38.56 , 260.33
2584 , 13382 , 140.41 , -47.9 , 1 , 22.65 , 4.228 , 0.301 , 38.77 , 260.11
2594 , 13424 , 139.51 , -47.9 , 1 , 22.60 , 4.508 , 0.323 , 39.00 , 259.89
2604 , 13467 , 138.62 , -47.9 , 1 , 22.56 , 4.735 , 0.342 , 39.23 , 259.66
2614 , 13511 , 137.70 , -47.9 , 1 , 22.52 , 4.943 , 0.359 , 39.48 , 259.40
2624 , 13553 , 136.81 , -47.8 , 1 , 22.48 , 5.168 , 0.378 , 39.74 , 259.15
2634 , 13597 , 135.91 , -47.8 , 1 , 22.44 , 5.240 , 0.386 , 40.01 , 258.87
2644 , 13641 , 135.01 , -47.8 , 1 , 22.39 , 5.292 , 0.392 , 40.29 , 258.60
2654 , 13681 , 134.18 , -47.6 , 1 , 22.35 , 5.419 , 0.404 , 40.55 , 258.34
2664 , 13724 , 133.32 , -47.7 , 1 , 22.30 , 5.559 , 0.417 , 40.83 , 258.06
2674 , 13767 , 132.45 , -47.8 , 1 , 22.26 , 5.689 , 0.430 , 41.12 , 257.77
2684 , 13811 , 131.58 , -47.9 , 1 , 22.22 , 5.751 , 0.437 , 41.42 , 257.47
2694 , 13854 , 130.72 , -47.9 , 1 , 22.18 , 5.644 , 0.432 , 41.71 , 257.18
2704 , 13894 , 129.92 , -47.4 , 1 , 22.13 , 5.359 , 0.412 , 41.98 , 256.91
2714 , 13938 , 129.07 , -47.4 , 1 , 22.09 , 4.848 , 0.376 , 42.24 , 256.65
2724 , 13978 , 128.29 , -47.2 , 1 , 22.05 , 4.410 , 0.344 , 42.47 , 256.42
2734 , 14021 , 127.46 , -46.8 , 0 , 22.01 , 4.217 , 0.331 , 42.69 , 256.20
2743 , 14059 , 126.73 , -46.7 , 0 , 21.97 , 4.647 , 0.367 , 42.89 , 256.00
2753 , 14099 , 125.96 , -46.5 , 1 , 21.93 , 5.100 , 0.405 , 43.12 , 255.77
2763 , 14141 , 125.17 , -46.5 , 1 , 21.89 , 5.567 , 0.445 , 43.39 , 255.50
2773 , 14182 , 124.39 , -46.2 , 1 , 21.84 , 5.899 , 0.474 , 43.67 , 255.22
2783 , 14226 , 123.57 , -46.0 , 1 , 21.79 , 5.730 , 0.464 , 43.97 , 254.92
2793 , 14271 , 122.74 , -46.0 , 1 , 21.75 , 5.363 , 0.437 , 44.27 , 254.62
2803 , 14314 , 121.96 , -45.9 , 0 , 21.71 , 5.006 , 0.410 , 44.53 , 254.36
2813 , 14356 , 121.19 , -46.1 , 1 , 21.67 , 4.810 , 0.397 , 44.77 , 254.11
2823 , 14400 , 120.39 , -46.1 , 1 , 21.62 , 4.729 , 0.393 , 45.02 , 253.87
2833 , 14444 , 119.59 , -45.9 , 0 , 21.58 , 4.900 , 0.410 , 45.27 , 253.61
2843 , 14486 , 118.83 , -45.9 , 1 , 21.54 , 5.015 , 0.422 , 45.52 , 253.36
2853 , 14531 , 118.04 , -45.8 , 0 , 21.50 , 4.907 , 0.416 , 45.78 , 253.10
2863 , 14573 , 117.29 , -45.8 , 1 , 21.46 , 4.754 , 0.405 , 46.03 , 252.86
2873 , 14617 , 116.52 , -45.7 , 1 , 21.43 , 4.610 , 0.396 , 46.27 , 252.62
2883 , 14661 , 115.76 , -45.8 , 1 , 21.39 , 4.438 , 0.383 , 46.51 , 252.38
2893 , 14705 , 114.99 , -45.9 , 1 , 21.35 , 4.290 , 0.373 , 46.74 , 252.15
2903 , 14749 , 114.24 , -46.0 , 1 , 21.31 , 4.182 , 0.366 , 46.95 , 251.93
2913 , 14794 , 113.47 , -46.0 , 1 , 21.28 , 4.072 , 0.359 , 47.18 , 251.71
2923 , 14836 , 112.74 , -45.9 , 1 , 21.24 , 4.099 , 0.364 , 47.38 , 251.51
2933 , 14882 , 111.97 , -45.6 , 0 , 21.20 , 4.143 , 0.370 , 47.61 , 251.28
2943 , 14927 , 111.21 , -45.8 , 1 , 21.16 , 4.180 , 0.376 , 47.83 , 251.06
2952 , 14969 , 110.52 , -45.9 , 1 , 21.12 , 4.215 , 0.381 , 48.03 , 250.85
2963 , 15015 , 109.76 , -45.7 , 0 , 21.08 , 4.289 , 0.391 , 48.27 , 250.62
2973 , 15059 , 109.03 , -45.6 , 0 , 21.05 , 4.435 , 0.407 , 48.50 , 250.39
2983 , 15104 , 108.30 , -45.3 , 0 , 21.02 , 4.620 , 0.427 , 48.74 , 250.15
2993 , 15148 , 107.58 , -45.2 , 0 , 20.99 , 4.803 , 0.446 , 48.98 , 249.90
3003 , 15192 , 106.88 , -45.1 , 0 , 20.96 , 4.959 , 0.464 , 49.24 , 249.65
3012 , 15236 , 106.18 , -45.0 , 0 , 20.93 , 5.150 , 0.485 , 49.50 , 249.39
3022 , 15278 , 105.51 , -44.8 , 0 , 20.90 , 5.439 , 0.516 , 49.76 , 249.13
3032 , 15322 , 104.82 , -44.5 , 0 , 20.86 , 5.844 , 0.557 , 50.06 , 248.83
3042 , 15366 , 104.14 , -44.6 , 0 , 20.82 , 6.204 , 0.596 , 50.37 , 248.52
3051 , 15407 , 103.49 , -44.5 , 0 , 20.79 , 6.368 , 0.615 , 50.67 , 248.21
3061 , 15450 , 102.83 , -44.6 , 0 , 20.76 , 6.478 , 0.630 , 51.00 , 247.89
3071 , 15494 , 102.17 , -44.4 , 0 , 20.72 , 6.703 , 0.656 , 51.34 , 247.55
3081 , 15538 , 101.50 , -44.2 , 0 , 20.69 , 6.912 , 0.681 , 51.69 , 247.20
3091 , 15581 , 100.84 , -44.2 , 1 , 20.66 , 6.966 , 0.691 , 52.05 , 246.84
3100 , 15622 , 100.23 , -44.3 , 1 , 20.62 , 7.006 , 0.699 , 52.38 , 246.51
3110 , 15665 , 99.58 , -44.2 , 1 , 20.60 , 6.969 , 0.700 , 52.74 , 246.15
3120 , 15707 , 98.96 , -44.0 , 0 , 20.56 , 6.914 , 0.699 , 53.08 , 245.81
3130 , 15752 , 98.31 , -43.9 , 0 , 20.53 , 6.850 , 0.697 , 53.44 , 245.45
3140 , 15797 , 97.64 , -43.8 , 0 , 20.49 , 6.883 , 0.705 , 53.81 , 245.08
3150 , 15842 , 97.00 , -43.5 , 0 , 20.46 , 6.965 , 0.718 , 54.17 , 244.72
3160 , 15886 , 96.36 , -43.7 , 1 , 20.43 , 7.090 , 0.736 , 54.53 , 244.35
3170 , 15931 , 95.72 , -43.7 , 1 , 20.39 , 7.182 , 0.750 , 54.91 , 243.98
3180 , 15976 , 95.08 , -43.8 , 1 , 20.36 , 7.273 , 0.765 , 55.29 , 243.60
3190 , 16021 , 94.44 , -43.8 , 1 , 20.33 , 7.193 , 0.762 , 55.68 , 243.21
3200 , 16066 , 93.81 , -43.8 , 1 , 20.29 , 7.249 , 0.773 , 56.06 , 242.82
3210 , 16112 , 93.17 , -43.8 , 1 , 20.26 , 7.328 , 0.787 , 56.46 , 242.43
3220 , 16157 , 92.55 , -43.8 , 1 , 20.23 , 7.385 , 0.798 , 56.84 , 242.05
3230 , 16201 , 91.95 , -43.6 , 0 , 20.19 , 7.396 , 0.804 , 57.22 , 241.66
3240 , 16247 , 91.32 , -43.4 , 0 , 20.16 , 7.409 , 0.811 , 57.62 , 241.27
3250 , 16292 , 90.71 , -43.3 , 1 , 20.13 , 7.438 , 0.820 , 58.02 , 240.87
3260 , 16338 , 90.09 , -42.9 , 0 , 20.11 , 7.435 , 0.825 , 58.42 , 240.47
3270 , 16384 , 89.48 , -42.7 , 1 , 20.08 , 7.434 , 0.831 , 58.81 , 240.07
3280 , 16429 , 88.88 , -42.5 , 1 , 20.05 , 7.471 , 0.841 , 59.21 , 239.67
3290 , 16474 , 88.30 , -42.1 , 0 , 20.02 , 7.546 , 0.855 , 59.60 , 239.29
3300 , 16520 , 87.70 , -42.3 , 1 , 19.99 , 7.705 , 0.879 , 60.01 , 238.88
3310 , 16564 , 87.13 , -42.3 , 1 , 19.96 , 7.794 , 0.895 , 60.41 , 238.48
3320 , 16606 , 86.58 , -42.3 , 1 , 19.94 , 7.815 , 0.903 , 60.80 , 238.09
3330 , 16652 , 86.00 , -42.0 , 1 , 19.91 , 7.783 , 0.905 , 61.21 , 237.67
3340 , 16696 , 85.44 , -41.8 , 1 , 19.88 , 7.808 , 0.914 , 61.61 , 237.27
3349 , 16737 , 84.92 , -41.6 , 0 , 19.85 , 7.879 , 0.928 , 61.99 , 236.90
3359 , 16780 , 84.39 , -41.4 , 0 , 19.82 , 7.953 , 0.942 , 62.39 , 236.50
3369 , 16825 , 83.83 , -41.5 , 0 , 19.79 , 8.005 , 0.955 , 62.80 , 236.09
3379 , 16871 , 83.26 , -41.7 , 1 , 19.76 , 8.103 , 0.973 , 63.24 , 235.65
3389 , 16917 , 82.70 , -41.7 , 1 , 19.74 , 8.200 , 0.992 , 63.67 , 235.22
3399 , 16962 , 82.16 , -41.8 , 1 , 19.72 , 8.253 , 1.005 , 64.10 , 234.79
3409 , 17004 , 81.64 , -41.8 , 1 , 19.70 , 8.350 , 1.023 , 64.51 , 234.38
3419 , 17050 , 81.10 , -42.0 , 1 , 19.67 , 8.352 , 1.030 , 64.95 , 233.94
3429 , 17094 , 80.57 , -41.9 , 1 , 19.64 , 8.366 , 1.038 , 65.38 , 233.50
3439 , 17138 , 80.05 , -41.9 , 1 , 19.62 , 8.376 , 1.046 , 65.81 , 233.08
3449 , 17182 , 79.52 , -41.8 , 1 , 19.59 , 8.401 , 1.056 , 66.25 , 232.64
3459 , 17228 , 78.98 , -41.9 , 1 , 19.56 , 8.353 , 1.058 , 66.70 , 232.19
3469 , 17276 , 78.43 , -41.8 , 1 , 19.54 , 8.369 , 1.067 , 67.16 , 231.73
3479 , 17321 , 77.91 , -41.8 , 1 , 19.51 , 8.374 , 1.075 , 67.61 , 231.28
3489 , 17370 , 77.35 , -41.7 , 1 , 19.48 , 8.337 , 1.078 , 68.08 , 230.81
3499 , 17418 , 76.80 , -41.5 , 0 , 19.46 , 8.387 , 1.092 , 68.55 , 230.34
3509 , 17464 , 76.28 , -41.3 , 0 , 19.43 , 8.532 , 1.119 , 69.00 , 229.89
3519 , 17508 , 75.79 , -41.0 , 0 , 19.40 , 8.768 , 1.157 , 69.44 , 229.45
3529 , 17553 , 75.29 , -41.2 , 1 , 19.37 , 8.900 , 1.182 , 69.90 , 228.99
3539 , 17600 , 74.77 , -40.8 , 0 , 19.35 , 8.951 , 1.197 , 70.39 , 228.50
3549 , 17647 , 74.26 , -40.7 , 0 , 19.32 , 8.997 , 1.212 , 70.87 , 228.01
3559 , 17693 , 73.75 , -41.0 , 1 , 19.29 , 9.040 , 1.226 , 71.36 , 227.52
3569 , 17740 , 73.25 , -40.7 , 0 , 19.27 , 9.121 , 1.245 , 71.85 , 227.03
3579 , 17786 , 72.75 , -40.7 , 0 , 19.24 , 9.283 , 1.276 , 72.35 , 226.54
3589 , 17832 , 72.27 , -40.6 , 1 , 19.22 , 9.426 , 1.304 , 72.84 , 226.04
3599 , 17876 , 71.80 , -40.7 , 1 , 19.19 , 9.640 , 1.343 , 73.33 , 225.55
3609 , 17922 , 71.31 , -40.7 , 1 , 19.17 , 9.780 , 1.371 , 73.86 , 225.03
3619 , 17968 , 70.83 , -40.5 , 0 , 19.14 , 9.928 , 1.402 , 74.38 , 224.51
3629 , 18014 , 70.35 , -40.3 , 0 , 19.11 , 10.061 , 1.430 , 74.91 , 223.98
3639 , 18059 , 69.89 , -40.4 , 0 , 19.08 , 10.245 , 1.466 , 75.44 , 223.45
3649 , 18106 , 69.41 , -40.4 , 0 , 19.05 , 10.289 , 1.482 , 76.00 , 222.89
3658 , 18153 , 68.94 , -39.9 , 0 , 19.02 , 10.234 , 1.485 , 76.55 , 222.34
3667 , 18194 , 68.52 , -40.0 , 1 , 19.00 , 10.333 , 1.508 , 77.05 , 221.84
3677 , 18237 , 68.10 , -40.0 , 1 , 18.97 , 10.567 , 1.552 , 77.56 , 221.33
3687 , 18283 , 67.63 , -39.9 , 1 , 18.95 , 10.821 , 1.600 , 78.13 , 220.75
3697 , 18330 , 67.17 , -39.6 , 0 , 18.92 , 11.358 , 1.691 , 78.73 , 220.16
3707 , 18375 , 66.73 , -39.4 , 0 , 18.90 , 12.050 , 1.806 , 79.34 , 219.54
3717 , 18421 , 66.28 , -39.2 , 0 , 18.87 , 12.732 , 1.921 , 80.00 , 218.89
3727 , 18469 , 65.82 , -39.2 , 0 , 18.85 , 13.239 , 2.011 , 80.71 , 218.18
3737 , 18515 , 65.38 , -39.1 , 0 , 18.82 , 13.606 , 2.081 , 81.42 , 217.46
3746 , 18558 , 64.97 , -38.7 , 0 , 18.80 , 13.745 , 2.116 , 82.11 , 216.78
3757 , 18606 , 64.52 , -38.7 , 0 , 18.77 , 14.006 , 2.171 , 82.87 , 216.02
3767 , 18653 , 64.08 , -38.6 , 0 , 18.74 , 14.098 , 2.200 , 83.63 , 215.26
3777 , 18700 , 63.65 , -38.4 , 0 , 18.72 , 14.336 , 2.252 , 84.39 , 214.50
3787 , 18746 , 63.22 , -38.6 , 1 , 18.70 , 14.516 , 2.296 , 85.16 , 213.73
3797 , 18793 , 62.79 , -38.3 , 0 , 18.67 , 14.813 , 2.359 , 85.95 , 212.94
3807 , 18841 , 62.35 , -38.2 , 0 , 18.65 , 14.972 , 2.401 , 86.77 , 212.12
3817 , 18889 , 61.92 , -37.9 , 0 , 18.63 , 14.982 , 2.420 , 87.59 , 211.30
3827 , 18936 , 61.50 , -37.7 , 0 , 18.61 , 14.971 , 2.434 , 88.39 , 210.49
3837 , 18981 , 61.10 , -37.9 , 0 , 18.58 , 15.099 , 2.471 , 89.18 , 209.71
3847 , 19029 , 60.67 , -38.0 , 0 , 18.56 , 15.129 , 2.494 , 90.01 , 208.87
3857 , 19079 , 60.24 , -38.1 , 0 , 18.54 , 15.138 , 2.513 , 90.87 , 208.02
3867 , 19126 , 59.82 , -38.0 , 0 , 18.51 , 15.130 , 2.529 , 91.69 , 207.19
3877 , 19172 , 59.43 , -38.1 , 0 , 18.49 , 15.192 , 2.556 , 92.49 , 206.40
3886 , 19219 , 59.02 , -38.0 , 0 , 18.47 , 15.161 , 2.569 , 93.31 , 205.58
3896 , 19264 , 58.64 , -37.8 , 0 , 18.44 , 15.115 , 2.578 , 94.09 , 204.80
3906 , 19312 , 58.23 , -38.2 , 0 , 18.42 , 15.202 , 2.611 , 94.92 , 203.97
3916 , 19360 , 57.82 , -38.0 , 0 , 18.39 , 15.292 , 2.645 , 95.77 , 203.12
3926 , 19411 , 57.40 , -37.9 , 0 , 18.37 , 15.362 , 2.676 , 96.66 , 202.23
3936 , 19461 , 56.98 , -37.6 , 0 , 18.34 , 15.514 , 2.723 , 97.54 , 201.35
3946 , 19508 , 56.59 , -37.3 , 0 , 18.32 , 15.631 , 2.762 , 98.38 , 200.51
3956 , 19559 , 56.18 , -37.5 , 0 , 18.30 , 15.734 , 2.801 , 99.29 , 199.60
3965 , 19605 , 55.81 , -37.6 , 0 , 18.28 , 15.782 , 2.828 , 100.12 , 198.76
3975 , 19651 , 55.43 , -37.5 , 0 , 18.25 , 15.763 , 2.844 , 100.96 , 197.93
3985 , 19697 , 55.06 , -37.4 , 0 , 18.23 , 15.773 , 2.865 , 101.79 , 197.09
3994 , 19743 , 54.70 , -37.4 , 0 , 18.21 , 15.774 , 2.884 , 102.61 , 196.28
4004 , 19792 , 54.31 , -37.2 , 0 , 18.18 , 15.692 , 2.889 , 103.50 , 195.38
4014 , 19836 , 53.96 , -37.1 , 0 , 18.15 , 15.498 , 2.872 , 104.29 , 194.60
4024 , 19886 , 53.58 , -37.4 , 0 , 18.13 , 15.377 , 2.870 , 105.16 , 193.73
4034 , 19934 , 53.21 , -37.5 , 0 , 18.11 , 15.290 , 2.874 , 106.00 , 192.89
4044 , 19981 , 52.84 , -37.2 , 0 , 18.08 , 15.327 , 2.900 , 106.83 , 192.06
4054 , 20027 , 52.49 , -37.3 , 0 , 18.06 , 15.348 , 2.924 , 107.63 , 191.25
4064 , 20074 , 52.14 , -37.3 , 0 , 18.04 , 15.254 , 2.926 , 108.46 , 190.43
4074 , 20123 , 51.77 , -37.5 , 0 , 18.01 , 15.145 , 2.925 , 109.30 , 189.59
4084 , 20168 , 51.43 , -38.0 , 1 , 17.99 , 15.097 , 2.936 , 110.09 , 188.80
4094 , 20213 , 51.10 , -38.1 , 0 , 17.97 , 15.002 , 2.936 , 110.87 , 188.02
4104 , 20261 , 50.74 , -38.0 , 0 , 17.94 , 14.986 , 2.954 , 111.69 , 187.19
4113 , 20306 , 50.41 , -38.0 , 0 , 17.92 , 15.032 , 2.982 , 112.46 , 186.42
4123 , 20354 , 50.06 , -37.9 , 0 , 17.90 , 15.009 , 2.998 , 113.29 , 185.60
4134 , 20405 , 49.70 , -38.0 , 0 , 17.87 , 15.072 , 3.033 , 114.16 , 184.73
4144 , 20452 , 49.35 , -38.1 , 0 , 17.85 , 15.177 , 3.075 , 114.99 , 183.90
4154 , 20501 , 49.01 , -38.3 , 1 , 17.82 , 15.241 , 3.110 , 115.83 , 183.05
4164 , 20548 , 48.67 , -37.3 , 0 , 17.80 , 15.381 , 3.161 , 116.67 , 182.22
4174 , 20593 , 48.35 , -37.5 , 0 , 17.77 , 15.558 , 3.218 , 117.46 , 181.42
4184 , 20641 , 48.02 , -37.4 , 0 , 17.75 , 15.558 , 3.240 , 118.32 , 180.57
4194 , 20691 , 47.67 , -37.5 , 0 , 17.73 , 15.611 , 3.275 , 119.21 , 179.68
4204 , 20738 , 47.35 , -37.6 , 0 , 17.70 , 15.721 , 3.320 , 120.04 , 178.85
4214 , 20787 , 47.01 , -37.8 , 0 , 17.68 , 15.920 , 3.386 , 120.94 , 177.95
4224 , 20833 , 46.70 , -37.7 , 0 , 17.66 , 15.982 , 3.422 , 121.78 , 177.11
4234 , 20882 , 46.37 , -37.6 , 0 , 17.64 , 15.989 , 3.448 , 122.67 , 176.21
4244 , 20929 , 46.05 , -37.5 , 0 , 17.61 , 15.956 , 3.465 , 123.54 , 175.35
4254 , 20980 , 45.72 , -37.2 , 0 , 17.59 , 16.017 , 3.504 , 124.46 , 174.43
4264 , 21027 , 45.41 , -37.2 , 0 , 17.57 , 16.030 , 3.530 , 125.32 , 173.57
4273 , 21073 , 45.10 , -37.2 , 0 , 17.54 , 16.010 , 3.550 , 126.17 , 172.72
4282 , 21118 , 44.81 , -36.9 , 0 , 17.52 , 15.987 , 3.568 , 126.99 , 171.90
4292 , 21162 , 44.53 , -36.8 , 0 , 17.50 , 15.863 , 3.562 , 127.78 , 171.11
4302 , 21208 , 44.23 , -36.7 , 0 , 17.48 , 15.729 , 3.556 , 128.62 , 170.27
4312 , 21257 , 43.92 , -36.5 , 0 , 17.45 , 15.484 , 3.526 , 129.48 , 169.40
4322 , 21305 , 43.61 , -36.5 , 0 , 17.43 , 15.248 , 3.496 , 130.34 , 168.55
4332 , 21353 , 43.32 , -36.5 , 0 , 17.41 , 15.053 , 3.475 , 131.15 , 167.74
4342 , 21401 , 43.02 , -36.3 , 0 , 17.39 , 14.911 , 3.466 , 131.98 , 166.91
4352 , 21450 , 42.71 , -36.3 , 0 , 17.37 , 14.792 , 3.463 , 132.81 , 166.08
4362 , 21497 , 42.42 , -36.6 , 0 , 17.35 , 14.695 , 3.464 , 133.60 , 165.29
4372 , 21545 , 42.13 , -36.5 , 0 , 17.32 , 14.627 , 3.472 , 134.39 , 164.49
4382 , 21595 , 41.83 , -36.6 , 0 , 17.30 , 14.567 , 3.483 , 135.23 , 163.65
4392 , 21641 , 41.55 , -36.4 , 0 , 17.28 , 14.600 , 3.514 , 136.00 , 162.89
4402 , 21689 , 41.26 , -36.4 , 0 , 17.26 , 14.746 , 3.574 , 136.80 , 162.09
4412 , 21740 , 40.96 , -36.5 , 0 , 17.24 , 14.827 , 3.620 , 137.66 , 161.23
4422 , 21790 , 40.67 , -36.9 , 0 , 17.22 , 14.942 , 3.674 , 138.49 , 160.39
4432 , 21838 , 40.39 , -37.0 , 0 , 17.20 , 15.100 , 3.739 , 139.33 , 159.56
4442 , 21887 , 40.10 , -36.3 , 0 , 17.18 , 15.186 , 3.787 , 140.18 , 158.71
4451 , 21935 , 39.83 , -36.5 , 0 , 17.15 , 15.347 , 3.853 , 141.00 , 157.89
4461 , 21982 , 39.56 , -36.3 , 0 , 17.14 , 15.457 , 3.908 , 141.82 , 157.07
4471 , 22031 , 39.28 , -36.5 , 0 , 17.12 , 15.589 , 3.969 , 142.70 , 156.19
4481 , 22081 , 39.00 , -36.3 , 0 , 17.10 , 15.642 , 4.011 , 143.58 , 155.31
4491 , 22132 , 38.71 , -36.3 , 0 , 17.08 , 15.684 , 4.052 , 144.49 , 154.40
4501 , 22180 , 38.44 , -36.4 , 0 , 17.06 , 15.648 , 4.070 , 145.34 , 153.54
4511 , 22230 , 38.16 , -36.3 , 0 , 17.04 , 15.666 , 4.105 , 146.25 , 152.64
4521 , 22276 , 37.91 , -36.2 , 0 , 17.02 , 15.672 , 4.134 , 147.07 , 151.82
4531 , 22328 , 37.63 , -36.3 , 0 , 17.01 , 15.705 , 4.174 , 147.99 , 150.90
4541 , 22379 , 37.35 , -35.8 , 0 , 16.98 , 15.503 , 4.151 , 148.90 , 149.99
4551 , 22431 , 37.08 , -35.4 , 0 , 16.97 , 15.544 , 4.192 , 149.81 , 149.08
4560 , 22475 , 36.84 , -35.8 , 0 , 16.95 , 15.803 , 4.290 , 150.60 , 148.29
4570 , 22527 , 36.57 , -35.6 , 0 , 16.93 , 15.767 , 4.312 , 151.53 , 147.36
4579 , 22572 , 36.33 , -35.7 , 0 , 16.92 , 15.689 , 4.318 , 152.33 , 146.56
4589 , 22620 , 36.08 , -35.6 , 0 , 16.90 , 15.591 , 4.321 , 153.19 , 145.70
4599 , 22671 , 35.82 , -35.6 , 0 , 16.88 , 15.592 , 4.353 , 154.08 , 144.81
4609 , 22723 , 35.55 , -35.9 , 0 , 16.86 , 15.565 , 4.378 , 155.00 , 143.89
4619 , 22773 , 35.29 , -35.8 , 0 , 16.84 , 15.515 , 4.396 , 155.89 , 143.00
4629 , 22825 , 35.03 , -35.9 , 0 , 16.83 , 15.436 , 4.406 , 156.80 , 142.09
4638 , 22876 , 34.78 , -36.1 , 0 , 16.81 , 15.327 , 4.407 , 157.69 , 141.20
4649 , 22929 , 34.51 , -36.1 , 0 , 16.80 , 15.200 , 4.404 , 158.61 , 140.28
4659 , 22982 , 34.25 , -36.2 , 0 , 16.78 , 15.119 , 4.415 , 159.53 , 139.35
4669 , 23036 , 33.98 , -36.2 , 0 , 16.76 , 15.118 , 4.449 , 160.46 , 138.43
4679 , 23087 , 33.74 , -36.2 , 0 , 16.74 , 14.804 , 4.388 , 161.32 , 137.57
4689 , 23138 , 33.49 , -35.9 , 0 , 16.73 , 14.283 , 4.265 , 162.16 , 136.72
4699 , 23191 , 33.23 , -35.5 , 0 , 16.71 , 13.679 , 4.116 , 163.01 , 135.88
4708 , 23241 , 33.00 , -35.5 , 0 , 16.70 , 13.345 , 4.045 , 163.77 , 135.12
4719 , 23291 , 32.76 , -35.5 , 0 , 16.68 , 13.314 , 4.064 , 164.54 , 134.35
4729 , 23342 , 32.52 , -35.5 , 0 , 16.66 , 13.486 , 4.147 , 165.30 , 133.58
4739 , 23395 , 32.27 , -35.2 , 0 , 16.65 , 13.983 , 4.333 , 166.14 , 132.75
4749 , 23447 , 32.03 , -35.3 , 0 , 16.63 , 14.452 , 4.512 , 166.97 , 131.92
4759 , 23499 , 31.80 , -35.2 , 0 , 16.62 , 14.762 , 4.643 , 167.82 , 131.06
4769 , 23551 , 31.56 , -35.4 , 0 , 16.60 , 14.842 , 4.703 , 168.70 , 130.18
4779 , 23602 , 31.33 , -35.4 , 0 , 16.58 , 14.839 , 4.737 , 169.56 , 129.33
4788 , 23650 , 31.11 , -35.4 , 0 , 16.56 , 14.637 , 4.705 , 170.37 , 128.52
4798 , 23695 , 30.91 , -35.4 , 0 , 16.55 , 14.397 , 4.657 , 171.10 , 127.79
4808 , 23747 , 30.68 , -35.4 , 0 , 16.53 , 14.171 , 4.619 , 171.95 , 126.93
4818 , 23797 , 30.46 , -35.6 , 0 , 16.52 , 14.014 , 4.600 , 172.74 , 126.15
4828 , 23848 , 30.24 , -35.5 , 0 , 16.50 , 13.605 , 4.499 , 173.55 , 125.34
4838 , 23896 , 30.03 , -35.4 , 0 , 16.48 , 13.746 , 4.578 , 174.30 , 124.59
4848 , 23949 , 29.80 , -35.4 , 0 , 16.47 , 13.818 , 4.637 , 175.12 , 123.77
4858 , 23998 , 29.60 , -35.2 , 0 , 16.45 , 13.715 , 4.634 , 175.88 , 123.01
4868 , 24048 , 29.38 , -34.8 , 0 , 16.43 , 13.665 , 4.650 , 176.65 , 122.23
4878 , 24102 , 29.16 , -34.9 , 0 , 16.42 , 13.615 , 4.669 , 177.49 , 121.40
4887 , 24148 , 28.96 , -34.9 , 0 , 16.40 , 13.508 , 4.664 , 178.20 , 120.69
4897 , 24192 , 28.78 , -34.9 , 0 , 16.39 , 13.573 , 4.716 , 178.87 , 120.02
4905 , 24236 , 28.60 , -34.6 , 0 , 16.37 , 13.541 , 4.735 , 179.55 , 119.33
4915 , 24285 , 28.40 , -34.9 , 0 , 16.36 , 13.437 , 4.731 , 180.30 , 118.59
4924 , 24333 , 28.21 , -34.7 , 0 , 16.34 , 13.339 , 4.729 , 181.02 , 117.87
4934 , 24383 , 28.01 , -34.9 , 0 , 16.33 , 13.198 , 4.713 , 181.77 , 117.12
4943 , 24430 , 27.82 , -34.9 , 0 , 16.31 , 13.065 , 4.697 , 182.48 , 116.41
4952 , 24477 , 27.63 , -34.8 , 0 , 16.30 , 12.912 , 4.673 , 183.16 , 115.73
4962 , 24529 , 27.42 , -35.1 , 1 , 16.28 , 12.696 , 4.630 , 183.91 , 114.97
4971 , 24577 , 27.24 , -35.4 , 0 , 16.26 , 12.371 , 4.542 , 184.59 , 114.30
4981 , 24629 , 27.03 , -34.8 , 0 , 16.25 , 12.337 , 4.564 , 185.33 , 113.56
4991 , 24677 , 26.85 , -34.5 , 0 , 16.24 , 12.352 , 4.601 , 186.00 , 112.89
5000 , 24725 , 26.66 , -34.6 , 0 , 16.22 , 12.402 , 4.651 , 186.66 , 112.23
5010 , 24771 , 26.49 , -34.4 , 0 , 16.20 , 12.523 , 4.728 , 187.32 , 111.57
5020 , 24828 , 26.27 , -34.3 , 0 , 16.19 , 12.636 , 4.809 , 188.12 , 110.77
5030 , 24880 , 26.08 , -34.1 , 0 , 16.17 , 12.689 , 4.865 , 188.86 , 110.03
5040 , 24929 , 25.90 , -34.0 , 0 , 16.15 , 12.747 , 4.922 , 189.56 , 109.33
5050 , 24984 , 25.70 , -33.6 , 0 , 16.14 , 12.831 , 4.994 , 190.36 , 108.53
5059 , 25033 , 25.52 , -33.3 , 0 , 16.12 , 12.782 , 5.009 , 191.06 , 107.82
5070 , 25088 , 25.32 , -33.3 , 0 , 16.10 , 12.758 , 5.039 , 191.85 , 107.04
5080 , 25138 , 25.14 , -33.4 , 0 , 16.09 , 12.567 , 4.999 , 192.57 , 106.32
5090 , 25189 , 24.96 , -33.3 , 0 , 16.07 , 12.495 , 5.006 , 193.28 , 105.61
5100 , 25239 , 24.78 , -33.6 , 1 , 16.06 , 12.461 , 5.029 , 193.98 , 104.90
5110 , 25289 , 24.60 , -33.3 , 0 , 16.05 , 12.442 , 5.057 , 194.69 , 104.20
5120 , 25342 , 24.42 , -33.8 , 0 , 16.03 , 12.339 , 5.053 , 195.43 , 103.46
5130 , 25395 , 24.24 , -33.8 , 1 , 16.02 , 12.266 , 5.061 , 196.15 , 102.73
5140 , 25447 , 24.06 , -33.6 , 0 , 16.00 , 12.200 , 5.072 , 196.87 , 102.02
5150 , 25499 , 23.88 , -33.5 , 0 , 15.99 , 12.223 , 5.119 , 197.60 , 101.29
5160 , 25553 , 23.69 , -33.3 , 0 , 15.97 , 12.269 , 5.178 , 198.33 , 100.56
5170 , 25603 , 23.53 , -33.3 , 0 , 15.96 , 12.275 , 5.217 , 199.02 , 99.87
5179 , 25651 , 23.37 , -33.2 , 0 , 15.94 , 12.339 , 5.280 , 199.68 , 99.21
5189 , 25699 , 23.21 , -33.0 , 0 , 15.93 , 12.364 , 5.328 , 200.35 , 98.54
5199 , 25749 , 23.04 , -33.0 , 0 , 15.92 , 12.343 , 5.357 , 201.05 , 97.84
5209 , 25804 , 22.86 , -32.7 , 0 , 15.90 , 12.257 , 5.361 , 201.80 , 97.09
5219 , 25858 , 22.69 , -32.6 , 0 , 15.89 , 12.166 , 5.362 , 202.55 , 96.34
5228 , 25908 , 22.53 , -32.6 , 1 , 15.88 , 12.021 , 5.336 , 203.22 , 95.67
5238 , 25958 , 22.37 , -32.7 , 1 , 15.86 , 12.025 , 5.376 , 203.90 , 94.99
5248 , 26011 , 22.20 , -32.8 , 1 , 15.85 , 11.838 , 5.332 , 204.61 , 94.28
5258 , 26066 , 22.03 , -32.8 , 1 , 15.84 , 11.664 , 5.295 , 205.33 , 93.56
5268 , 26120 , 21.86 , -32.9 , 0 , 15.82 , 11.533 , 5.277 , 206.04 , 92.85
5278 , 26174 , 21.69 , -33.0 , 0 , 15.81 , 11.444 , 5.276 , 206.73 , 92.16
5287 , 26227 , 21.53 , -33.0 , 1 , 15.79 , 11.412 , 5.301 , 207.40 , 91.48
5297 , 26277 , 21.38 , -33.0 , 0 , 15.78 , 11.420 , 5.342 , 208.05 , 90.84
5306 , 26331 , 21.21 , -33.1 , 1 , 15.77 , 11.390 , 5.370 , 208.75 , 90.14
5317 , 26390 , 21.04 , -32.7 , 1 , 15.75 , 11.351 , 5.396 , 209.49 , 89.40
5327 , 26446 , 20.87 , -32.5 , 1 , 15.74 , 11.368 , 5.448 , 210.21 , 88.68
5337 , 26502 , 20.70 , -32.3 , 1 , 15.72 , 11.435 , 5.523 , 210.92 , 87.97
5347 , 26557 , 20.54 , -32.3 , 0 , 15.71 , 11.322 , 5.512 , 211.63 , 87.26
5357 , 26612 , 20.38 , -32.0 , 1 , 15.69 , 11.311 , 5.549 , 212.32 , 86.56
5367 , 26668 , 20.22 , -31.9 , 1 , 15.68 , 11.447 , 5.661 , 213.03 , 85.86
5376 , 26723 , 20.06 , -32.0 , 0 , 15.66 , 11.353 , 5.658 , 213.73 , 85.16
5387 , 26778 , 19.91 , -32.2 , 0 , 15.65 , 11.289 , 5.670 , 214.43 , 84.46
5397 , 26831 , 19.76 , -32.5 , 0 , 15.64 , 11.203 , 5.670 , 215.10 , 83.79
5407 , 26888 , 19.60 , -32.1 , 0 , 15.62 , 11.097 , 5.662 , 215.81 , 83.08
5417 , 26944 , 19.45 , -31.7 , 0 , 15.61 , 11.028 , 5.671 , 216.50 , 82.39
5427 , 26996 , 19.30 , -32.1 , 1 , 15.59 , 10.827 , 5.609 , 217.13 , 81.75
5437 , 27055 , 19.14 , -31.6 , 1 , 15.57 , 10.650 , 5.563 , 217.84 , 81.05
5447 , 27105 , 19.01 , -32.1 , 0 , 15.56 , 10.498 , 5.523 , 218.43 , 80.46
5457 , 27158 , 18.87 , -32.0 , 1 , 15.55 , 10.405 , 5.515 , 219.05 , 79.83
5467 , 27212 , 18.72 , -32.7 , 1 , 15.54 , 10.318 , 5.511 , 219.67 , 79.21
5477 , 27262 , 18.59 , -32.7 , 1 , 15.52 , 10.263 , 5.521 , 220.26 , 78.63
5487 , 27317 , 18.44 , -32.2 , 1 , 15.51 , 10.186 , 5.523 , 220.89 , 78.00
5497 , 27372 , 18.30 , -32.3 , 1 , 15.49 , 10.110 , 5.524 , 221.51 , 77.38
5507 , 27423 , 18.17 , -32.0 , 1 , 15.48 , 10.032 , 5.521 , 222.08 , 76.81
5516 , 27478 , 18.03 , -32.2 , 0 , 15.47 , 9.884 , 5.482 , 222.70 , 76.19
5526 , 27525 , 17.91 , -31.9 , 0 , 15.46 , 9.788 , 5.466 , 223.22 , 75.67
5536 , 27579 , 17.77 , -32.0 , 0 , 15.44 , 9.749 , 5.485 , 223.81 , 75.08
5545 , 27630 , 17.65 , -32.2 , 0 , 15.43 , 9.576 , 5.427 , 224.35 , 74.54
5555 , 27682 , 17.51 , -32.3 , 0 , 15.42 , 9.578 , 5.469 , 224.91 , 73.98
5564 , 27730 , 17.40 , -32.0 , 1 , 15.40 , 9.524 , 5.475 , 225.43 , 73.46
5575 , 27786 , 17.26 , -31.8 , 1 , 15.39 , 9.407 , 5.451 , 226.02 , 72.87
5585 , 27839 , 17.13 , -31.6 , 1 , 15.38 , 9.318 , 5.439 , 226.57 , 72.32
5595 , 27891 , 17.00 , -31.8 , 0 , 15.37 , 9.242 , 5.435 , 227.11 , 71.78
5605 , 27947 , 16.87 , -31.8 , 1 , 15.35 , 9.186 , 5.445 , 227.69 , 71.20
5615 , 28002 , 16.74 , -32.1 , 1 , 15.34 , 9.140 , 5.460 , 228.25 , 70.64
5625 , 28052 , 16.62 , -32.1 , 0 , 15.32 , 9.092 , 5.470 , 228.76 , 70.13
5635 , 28109 , 16.49 , -32.1 , 1 , 15.31 , 9.007 , 5.463 , 229.34 , 69.55
5645 , 28166 , 16.35 , -31.9 , 1 , 15.30 , 8.941 , 5.467 , 229.91 , 68.98
5655 , 28218 , 16.23 , -31.8 , 1 , 15.29 , 8.860 , 5.458 , 230.43 , 68.46
5664 , 28277 , 16.10 , -31.4 , 0 , 15.27 , 8.777 , 5.451 , 231.00 , 67.88
5673 , 28320 , 16.00 , -31.4 , 1 , 15.26 , 8.708 , 5.442 , 231.43 , 67.46
5684 , 28377 , 15.87 , -31.6 , 1 , 15.24 , 8.609 , 5.423 , 231.97 , 66.92
5693 , 28430 , 15.75 , -31.5 , 1 , 15.23 , 8.514 , 5.404 , 232.49 , 66.40
5703 , 28487 , 15.63 , -31.4 , 1 , 15.22 , 8.419 , 5.386 , 233.02 , 65.87
5714 , 28545 , 15.50 , -31.2 , 1 , 15.21 , 8.324 , 5.370 , 233.56 , 65.32
5724 , 28604 , 15.37 , -31.3 , 0 , 15.19 , 8.278 , 5.385 , 234.11 , 64.78
5733 , 28656 , 15.26 , -31.1 , 1 , 15.18 , 8.224 , 5.389 , 234.58 , 64.31
5744 , 28716 , 15.13 , -31.2 , 1 , 15.17 , 8.092 , 5.348 , 235.13 , 63.75
5754 , 28767 , 15.02 , -31.2 , 1 , 15.15 , 8.120 , 5.405 , 235.59 , 63.30
5764 , 28816 , 14.92 , -31.2 , 0 , 15.14 , 8.144 , 5.459 , 236.04 , 62.85
5774 , 28868 , 14.81 , -31.3 , 0 , 15.13 , 8.065 , 5.446 , 236.51 , 62.38
5782 , 28922 , 14.70 , -30.8 , 1 , 15.12 , 7.994 , 5.439 , 236.99 , 61.90
5792 , 28968 , 14.60 , -31.1 , 1 , 15.10 , 7.903 , 5.412 , 237.39 , 61.49
5801 , 29023 , 14.49 , -30.8 , 1 , 15.09 , 7.846 , 5.414 , 237.88 , 61.01
5811 , 29071 , 14.39 , -30.8 , 0 , 15.08 , 7.789 , 5.412 , 238.30 , 60.59
5820 , 29121 , 14.29 , -30.2 , 1 , 15.07 , 7.712 , 5.396 , 238.73 , 60.16
5830 , 29182 , 14.17 , -30.3 , 1 , 15.05 , 7.687 , 5.425 , 239.24 , 59.64
5841 , 29232 , 14.07 , -30.4 , 1 , 15.04 , 7.625 , 5.420 , 239.68 , 59.21
5851 , 29282 , 13.97 , -30.8 , 1 , 15.02 , 7.515 , 5.379 , 240.09 , 58.80
5861 , 29336 , 13.87 , -30.3 , 1 , 15.00 , 7.498 , 5.408 , 240.54 , 58.35
5869 , 29378 , 13.78 , -30.4 , 1 , 14.99 , 7.419 , 5.382 , 240.89 , 58.00
5879 , 29430 , 13.68 , -29.9 , 1 , 14.97 , 7.364 , 5.382 , 241.32 , 57.57
5889 , 29477 , 13.59 , -29.7 , 1 , 14.96 , 7.305 , 5.374 , 241.70 , 57.19
5899 , 29527 , 13.50 , -29.4 , 1 , 14.95 , 7.304 , 5.411 , 242.10 , 56.79
5909 , 29584 , 13.39 , -28.9 , 1 , 14.94 , 7.204 , 5.380 , 242.56 , 56.33
5919 , 29630 , 13.30 , -28.9 , 1 , 14.93 , 7.172 , 5.391 , 242.93 , 55.96
5928 , 29685 , 13.20 , -28.6 , 1 , 14.92 , 7.109 , 5.384 , 243.35 , 55.53
5939 , 29736 , 13.11 , -28.5 , 1 , 14.90 , 7.115 , 5.428 , 243.76 , 55.13
5948 , 29786 , 13.02 , -28.0 , 1 , 14.89 , 7.085 , 5.442 , 244.15 , 54.74
5959 , 29837 , 12.93 , -27.9 , 1 , 14.88 , 7.002 , 5.416 , 244.54 , 54.35
5969 , 29889 , 12.83 , -27.7 , 1 , 14.87 , 6.977 , 5.437 , 244.94 , 53.94
5979 , 29942 , 12.74 , -27.4 , 0 , 14.86 , 6.956 , 5.461 , 245.35 , 53.54
5989 , 29993 , 12.65 , -27.3 , 0 , 14.85 , 6.955 , 5.499 , 245.74 , 53.15
5999 , 30049 , 12.55 , -27.3 , 1 , 14.84 , 6.847 , 5.455 , 246.16 , 52.73
6009 , 30103 , 12.46 , -27.0 , 1 , 14.82 , 6.774 , 5.438 , 246.56 , 52.33
6018 , 30156 , 12.37 , -27.3 , 1 , 14.81 , 6.709 , 5.425 , 246.95 , 51.93
6028 , 30208 , 12.28 , -27.3 , 0 , 14.80 , 6.601 , 5.377 , 247.33 , 51.55
6038 , 30256 , 12.20 , -27.4 , 0 , 14.79 , 6.591 , 5.404 , 247.68 , 51.21
6048 , 30313 , 12.10 , -27.3 , 1 , 14.78 , 6.548 , 5.412 , 248.09 , 50.80
6058 , 30368 , 12.01 , -27.1 , 1 , 14.75 , 6.452 , 5.374 , 248.48 , 50.40
6068 , 30422 , 11.92 , -26.9 , 1 , 14.61 , 6.428 , 5.394 , 248.87 , 50.02
6078 , 30481 , 11.82 , -27.0 , 1 , 14.45 , 6.412 , 5.425 , 249.28 , 49.61
6088 , 30537 , 11.73 , -26.8 , 0 , 14.33 , 6.388 , 5.447 , 249.67 , 49.21
6098 , 30590 , 11.64 , -26.7 , 1 , 14.25 , 6.305 , 5.416 , 250.04 , 48.85
6107 , 30642 , 11.56 , -26.5 , 0 , 14.18 , 6.256 , 5.412 , 250.40 , 48.49
6118 , 30701 , 11.46 , -26.3 , 1 , 14.11 , 6.240 , 5.443 , 250.80 , 48.09
6128 , 30751 , 11.39 , -26.1 , 1 , 14.04 , 6.175 , 5.424 , 251.14 , 47.75
6139 , 30814 , 11.29 , -26.1 , 1 , 13.99 , 6.129 , 5.430 , 251.56 , 47.33
6147 , 30865 , 11.21 , -26.0 , 1 , 13.95 , 6.141 , 5.479 , 251.90 , 46.99
6158 , 30923 , 11.12 , -26.0 , 1 , 13.91 , 6.082 , 5.470 , 252.29 , 46.60
6167 , 30979 , 11.03 , -26.3 , 0 , 13.87 , 6.022 , 5.458 , 252.66 , 46.23
6177 , 31029 , 10.96 , -25.9 , 0 , 13.84 , 5.956 , 5.436 , 252.98 , 45.91
6186 , 31085 , 10.87 , -25.9 , 0 , 13.81 , 5.912 , 5.437 , 253.35 , 45.54
6196 , 31140 , 10.79 , -25.6 , 1 , 13.78 , 5.846 , 5.418 , 253.70 , 45.19
6206 , 31187 , 10.72 , -25.8 , 1 , 13.75 , 5.821 , 5.430 , 254.00 , 44.89
6216 , 31247 , 10.63 , -25.8 , 1 , 13.72 , 5.772 , 5.429 , 254.38 , 44.51
6226 , 31295 , 10.56 , -25.8 , 1 , 13.70 , 5.737 , 5.432 , 254.68 , 44.21
6235 , 31350 , 10.48 , -25.2 , 0 , 13.68 , 5.687 , 5.425 , 255.02 , 43.87
6245 , 31397 , 10.41 , -25.3 , 1 , 13.65 , 5.676 , 5.451 , 255.31 , 43.58
6255 , 31455 , 10.33 , -25.1 , 0 , 13.63 , 5.640 , 5.459 , 255.67 , 43.22
6265 , 31503 , 10.26 , -24.9 , 0 , 13.61 , 5.605 , 5.462 , 255.96 , 42.92
6274 , 31562 , 10.18 , -25.0 , 0 , 13.58 , 5.541 , 5.443 , 256.32 , 42.57
6284 , 31618 , 10.10 , -25.2 , 0 , 13.56 , 5.473 , 5.417 , 256.65 , 42.23
6294 , 31666 , 10.04 , -25.3 , 1 , 13.55 , 5.415 , 5.395 , 256.94 , 41.95
6304 , 31722 , 9.96 , -25.2 , 1 , 13.53 , 5.371 , 5.394 , 257.27 , 41.62
6314 , 31774 , 9.89 , -25.2 , 1 , 13.51 , 5.335 , 5.396 , 257.57 , 41.32
6324 , 31830 , 9.81 , -25.3 , 1 , 13.49 , 5.273 , 5.375 , 257.89 , 40.99
6334 , 31885 , 9.74 , -25.4 , 0 , 13.47 , 5.229 , 5.370 , 258.21 , 40.68
6344 , 31934 , 9.67 , -25.4 , 0 , 13.45 , 5.200 , 5.377 , 258.48 , 40.41
6353 , 31991 , 9.60 , -25.3 , 1 , 13.44 , 5.176 , 5.393 , 258.80 , 40.08
6363 , 32041 , 9.53 , -25.3 , 1 , 13.42 , 5.154 , 5.408 , 259.09 , 39.80
6373 , 32099 , 9.45 , -25.3 , 0 , 13.40 , 5.095 , 5.389 , 259.41 , 39.48
6383 , 32150 , 9.39 , -25.3 , 1 , 13.38 , 5.085 , 5.416 , 259.69 , 39.20
6392 , 32191 , 9.34 , -25.2 , 1 , 13.36 , 5.011 , 5.368 , 259.92 , 38.97
6402 , 32242 , 9.27 , -25.2 , 1 , 13.35 , 4.962 , 5.352 , 260.19 , 38.70
6412 , 32299 , 9.20 , -25.2 , 1 , 13.33 , 4.919 , 5.348 , 260.50 , 38.39
6422 , 32357 , 9.12 , -25.1 , 0 , 13.31 , 4.857 , 5.323 , 260.81 , 38.08
6431 , 32400 , 9.07 , -25.1 , 1 , 13.29 , 4.764 , 5.251 , 261.03 , 37.86
6442 , 32466 , 8.99 , -25.1 , 1 , 13.28 , 4.708 , 5.237 , 261.37 , 37.52
6453 , 32521 , 8.92 , -25.2 , 0 , 13.24 , 4.717 , 5.288 , 261.65 , 37.24
6462 , 32552 , 8.88 , -24.8 , 0 , 13.19 , 4.705 , 5.297 , 261.81 , 37.08
6472 , 32612 , 8.81 , -24.3 , 0 , 13.15 , 4.648 , 5.276 , 262.11 , 36.77
6482 , 32673 , 8.74 , -23.8 , 1 , 13.12 , 4.612 , 5.279 , 262.42 , 36.47
6492 , 32719 , 8.68 , -23.9 , 0 , 13.09 , 4.560 , 5.253 , 262.65 , 36.24
6501 , 32776 , 8.61 , -23.4 , 0 , 13.06 , 4.522 , 5.249 , 262.93 , 35.96
6511 , 32820 , 8.56 , -23.6 , 1 , 13.03 , 4.504 , 5.260 , 263.15 , 35.74
6521 , 32872 , 8.50 , -23.4 , 1 , 13.01 , 4.473 , 5.261 , 263.39 , 35.49
6531 , 32916 , 8.45 , -22.0 , 0 , 12.98 , 4.479 , 5.300 , 263.61 , 35.28
6541 , 32965 , 8.39 , -23.0 , 0 , 12.96 , 4.450 , 5.301 , 263.84 , 35.05
6550 , 33022 , 8.33 , -22.1 , 0 , 12.95 , 4.404 , 5.287 , 264.11 , 34.78
6560 , 33072 , 8.27 , -21.9 , 1 , 12.93 , 4.399 , 5.317 , 264.35 , 34.54
6570 , 33130 , 8.21 , -21.8 , 1 , 12.91 , 4.343 , 5.291 , 264.62 , 34.27
6580 , 33173 , 8.16 , -21.5 , 0 , 12.89 , 4.328 , 5.304 , 264.82 , 34.06
6589 , 33224 , 8.10 , -21.5 , 0 , 12.87 , 4.287 , 5.290 , 265.06 , 33.83
