# ------------------------------------------------------------
#
# Flight name: V0212
# Station: Davis
# Launch Date: 11 January 2012
# Launch Time: 11:23:14
# 
# This file created: Thu Jan 12 09:49:24 2012
# 
# 
# ------------------------------------------------------------
# DATA COLUMNS
# Time (s)
# Height (m)
# Atmospheric Pressure (hPa)
# Atmospheric Temperature (°C)
# Relative Humidity (%)
# Box Temperature (°C)
# Ozone Partial Pressure (mPa)
# Ozone Mixing Ratio (ppmV)
# Accumulated Ozone to this Height (Dobson Units)
# Remaining Ozone above this Height (Dobson Units)
# 
# ------------------------------------------------------------
# 
# Integrated Ozone = 290.2 DU
# Extrapolated Ozone =  37.9 DU
# 
# Total Ozone = 328.1 DU
# 
# 
# ------------------------------------------------------------
0 , 18 , 968.18 , 0.8 , 55 , 31.10 , 1.435 , 0.015 , 0.00 , 328.06
9 , 62 , 962.77 , -0.9 , 64 , 30.97 , 1.499 , 0.016 , 0.06 , 327.99
19 , 113 , 956.66 , -1.3 , 66 , 30.79 , 1.488 , 0.016 , 0.14 , 327.92
29 , 170 , 949.90 , -1.7 , 64 , 30.60 , 1.476 , 0.016 , 0.22 , 327.83
39 , 224 , 943.48 , -2.1 , 59 , 30.35 , 1.475 , 0.016 , 0.30 , 327.76
49 , 284 , 936.32 , -2.5 , 58 , 30.03 , 1.498 , 0.016 , 0.39 , 327.67
59 , 339 , 929.83 , -2.9 , 56 , 29.79 , 1.486 , 0.016 , 0.47 , 327.58
68 , 396 , 923.22 , -3.3 , 52 , 29.59 , 1.490 , 0.016 , 0.56 , 327.50
79 , 448 , 917.17 , -3.5 , 47 , 29.37 , 1.482 , 0.016 , 0.63 , 327.42
89 , 505 , 910.53 , -3.8 , 47 , 29.11 , 1.466 , 0.016 , 0.72 , 327.34
99 , 561 , 904.07 , -4.3 , 49 , 29.01 , 1.443 , 0.016 , 0.80 , 327.26
109 , 612 , 898.22 , -4.7 , 53 , 28.84 , 1.424 , 0.016 , 0.87 , 327.18
119 , 658 , 892.99 , -5.0 , 59 , 28.71 , 1.385 , 0.016 , 0.94 , 327.12
129 , 703 , 887.87 , -5.3 , 62 , 28.50 , 1.345 , 0.015 , 1.00 , 327.06
139 , 753 , 882.27 , -5.8 , 66 , 28.32 , 1.324 , 0.015 , 1.07 , 326.99
148 , 804 , 876.55 , -6.2 , 70 , 28.12 , 1.298 , 0.015 , 1.13 , 326.92
158 , 850 , 871.36 , -6.6 , 72 , 28.02 , 1.287 , 0.015 , 1.19 , 326.86
168 , 908 , 864.97 , -7.1 , 76 , 27.91 , 1.271 , 0.015 , 1.27 , 326.79
178 , 962 , 858.96 , -7.5 , 77 , 27.81 , 1.258 , 0.015 , 1.34 , 326.72
188 , 1023 , 852.26 , -8.0 , 78 , 27.65 , 1.247 , 0.015 , 1.42 , 326.64
198 , 1078 , 846.21 , -8.5 , 77 , 27.53 , 1.240 , 0.015 , 1.49 , 326.57
208 , 1140 , 839.45 , -9.0 , 77 , 27.39 , 1.237 , 0.015 , 1.56 , 326.49
218 , 1201 , 832.93 , -9.6 , 78 , 27.23 , 1.252 , 0.015 , 1.64 , 326.42
228 , 1260 , 826.51 , -10.2 , 79 , 27.08 , 1.223 , 0.015 , 1.72 , 326.34
238 , 1313 , 820.88 , -10.6 , 78 , 26.92 , 1.215 , 0.015 , 1.78 , 326.27
248 , 1362 , 815.59 , -11.0 , 77 , 26.76 , 1.230 , 0.015 , 1.84 , 326.21
258 , 1412 , 810.39 , -11.1 , 79 , 26.57 , 1.262 , 0.016 , 1.91 , 326.15
268 , 1463 , 805.00 , -10.9 , 79 , 26.44 , 1.236 , 0.015 , 1.97 , 326.08
278 , 1515 , 799.59 , -11.2 , 80 , 26.22 , 1.206 , 0.015 , 2.04 , 326.02
288 , 1573 , 793.51 , -11.8 , 83 , 25.98 , 1.184 , 0.015 , 2.11 , 325.95
298 , 1623 , 788.36 , -12.3 , 85 , 25.83 , 1.165 , 0.015 , 2.17 , 325.89
308 , 1676 , 782.92 , -12.7 , 88 , 25.73 , 1.159 , 0.015 , 2.23 , 325.82
318 , 1733 , 777.04 , -13.2 , 89 , 25.63 , 1.144 , 0.015 , 2.30 , 325.75
328 , 1788 , 771.43 , -13.5 , 90 , 25.51 , 1.144 , 0.015 , 2.37 , 325.69
338 , 1846 , 765.67 , -13.7 , 87 , 25.38 , 1.139 , 0.015 , 2.44 , 325.62
348 , 1892 , 761.01 , -13.8 , 87 , 25.27 , 1.149 , 0.015 , 2.49 , 325.57
358 , 1944 , 755.79 , -14.1 , 84 , 25.16 , 1.152 , 0.015 , 2.55 , 325.50
368 , 1994 , 750.88 , -14.4 , 84 , 25.03 , 1.157 , 0.015 , 2.61 , 325.44
378 , 2050 , 745.29 , -14.8 , 87 , 24.89 , 1.144 , 0.015 , 2.68 , 325.38
388 , 2103 , 740.07 , -15.0 , 86 , 24.83 , 1.148 , 0.016 , 2.74 , 325.31
398 , 2150 , 735.50 , -15.4 , 84 , 24.71 , 1.141 , 0.016 , 2.80 , 325.26
408 , 2195 , 731.19 , -15.7 , 84 , 24.60 , 1.133 , 0.015 , 2.85 , 325.20
418 , 2245 , 726.31 , -16.1 , 84 , 24.48 , 1.130 , 0.016 , 2.91 , 325.14
428 , 2293 , 721.68 , -16.0 , 80 , 24.37 , 1.125 , 0.016 , 2.97 , 325.09
438 , 2347 , 716.56 , -15.8 , 77 , 24.24 , 1.141 , 0.016 , 3.03 , 325.02
448 , 2400 , 711.54 , -16.0 , 75 , 24.13 , 1.145 , 0.016 , 3.10 , 324.96
457 , 2442 , 707.54 , -16.3 , 74 , 24.07 , 1.148 , 0.016 , 3.15 , 324.91
467 , 2495 , 702.60 , -16.8 , 74 , 23.97 , 1.149 , 0.016 , 3.21 , 324.85
477 , 2549 , 697.54 , -17.2 , 76 , 23.85 , 1.140 , 0.016 , 3.28 , 324.78
487 , 2596 , 693.19 , -17.6 , 79 , 23.77 , 1.135 , 0.016 , 3.33 , 324.72
497 , 2641 , 689.02 , -18.0 , 82 , 23.69 , 1.125 , 0.016 , 3.39 , 324.67
507 , 2686 , 684.88 , -18.4 , 84 , 23.61 , 1.121 , 0.016 , 3.44 , 324.62
517 , 2736 , 680.31 , -18.9 , 86 , 23.53 , 1.103 , 0.016 , 3.50 , 324.56
527 , 2788 , 675.61 , -19.3 , 90 , 23.45 , 1.090 , 0.016 , 3.56 , 324.50
537 , 2838 , 671.05 , -19.6 , 92 , 23.34 , 1.085 , 0.016 , 3.62 , 324.44
547 , 2892 , 666.15 , -19.8 , 92 , 23.28 , 1.097 , 0.016 , 3.68 , 324.38
557 , 2939 , 661.94 , -20.0 , 90 , 23.19 , 1.121 , 0.017 , 3.74 , 324.32
567 , 2986 , 657.79 , -20.3 , 89 , 23.10 , 1.135 , 0.017 , 3.79 , 324.27
577 , 3032 , 653.73 , -20.7 , 89 , 23.01 , 1.154 , 0.018 , 3.85 , 324.21
587 , 3075 , 649.90 , -21.0 , 86 , 22.92 , 1.166 , 0.018 , 3.90 , 324.16
597 , 3118 , 646.13 , -21.3 , 85 , 22.79 , 1.169 , 0.018 , 3.95 , 324.10
607 , 3160 , 642.50 , -21.7 , 86 , 22.72 , 1.176 , 0.018 , 4.01 , 324.05
617 , 3213 , 637.90 , -22.2 , 91 , 22.65 , 1.178 , 0.018 , 4.07 , 323.98
627 , 3267 , 633.22 , -22.4 , 95 , 22.59 , 1.189 , 0.019 , 4.14 , 323.92
636 , 3318 , 628.83 , -22.2 , 84 , 22.48 , 1.246 , 0.020 , 4.21 , 323.85
647 , 3379 , 623.63 , -22.2 , 68 , 22.37 , 1.307 , 0.021 , 4.29 , 323.76
657 , 3424 , 619.83 , -22.5 , 66 , 22.28 , 1.320 , 0.021 , 4.36 , 323.70
667 , 3470 , 615.89 , -22.9 , 70 , 22.24 , 1.328 , 0.022 , 4.42 , 323.63
677 , 3526 , 611.21 , -23.1 , 74 , 22.16 , 1.296 , 0.021 , 4.50 , 323.56
687 , 3575 , 607.14 , -23.4 , 73 , 22.09 , 1.273 , 0.021 , 4.57 , 323.49
697 , 3618 , 603.60 , -23.7 , 73 , 21.98 , 1.253 , 0.021 , 4.63 , 323.43
707 , 3661 , 600.06 , -24.0 , 73 , 21.94 , 1.236 , 0.021 , 4.69 , 323.37
717 , 3708 , 596.19 , -24.3 , 73 , 21.91 , 1.229 , 0.021 , 4.75 , 323.31
727 , 3754 , 592.43 , -24.6 , 69 , 21.84 , 1.217 , 0.021 , 4.81 , 323.25
737 , 3794 , 589.20 , -25.0 , 68 , 21.72 , 1.216 , 0.021 , 4.86 , 323.20
747 , 3836 , 585.76 , -25.3 , 72 , 21.71 , 1.219 , 0.021 , 4.92 , 323.14
757 , 3892 , 581.29 , -25.8 , 78 , 21.69 , 1.217 , 0.021 , 4.99 , 323.07
766 , 3945 , 577.05 , -26.3 , 82 , 21.60 , 1.204 , 0.021 , 5.06 , 323.00
776 , 4002 , 572.52 , -26.6 , 84 , 21.50 , 1.194 , 0.021 , 5.14 , 322.92
786 , 4053 , 568.47 , -26.8 , 83 , 21.41 , 1.185 , 0.021 , 5.20 , 322.85
796 , 4105 , 564.37 , -27.1 , 79 , 21.33 , 1.192 , 0.021 , 5.27 , 322.79
806 , 4170 , 559.29 , -27.5 , 73 , 21.22 , 1.223 , 0.022 , 5.36 , 322.70
816 , 4225 , 555.02 , -27.7 , 71 , 21.15 , 1.253 , 0.023 , 5.43 , 322.63
826 , 4292 , 549.89 , -28.1 , 67 , 21.07 , 1.264 , 0.023 , 5.52 , 322.53
836 , 4343 , 545.97 , -28.3 , 62 , 20.96 , 1.312 , 0.024 , 5.60 , 322.46
846 , 4389 , 542.49 , -28.4 , 52 , 20.86 , 1.337 , 0.025 , 5.66 , 322.39
856 , 4440 , 538.63 , -28.7 , 46 , 20.80 , 1.377 , 0.026 , 5.74 , 322.32
866 , 4488 , 535.09 , -29.1 , 43 , 20.71 , 1.374 , 0.026 , 5.81 , 322.25
876 , 4530 , 531.92 , -29.3 , 38 , 20.56 , 1.401 , 0.026 , 5.88 , 322.18
886 , 4578 , 528.34 , -29.6 , 33 , 20.49 , 1.436 , 0.027 , 5.95 , 322.10
896 , 4625 , 524.87 , -29.9 , 31 , 20.44 , 1.456 , 0.028 , 6.03 , 322.03
906 , 4674 , 521.30 , -30.2 , 35 , 20.38 , 1.468 , 0.028 , 6.11 , 321.95
916 , 4718 , 518.02 , -30.5 , 41 , 20.30 , 1.473 , 0.028 , 6.18 , 321.88
926 , 4758 , 515.12 , -30.6 , 40 , 20.23 , 1.447 , 0.028 , 6.24 , 321.81
936 , 4797 , 512.31 , -30.7 , 32 , 20.12 , 1.518 , 0.030 , 6.31 , 321.75
946 , 4838 , 509.40 , -30.9 , 27 , 20.05 , 1.573 , 0.031 , 6.38 , 321.68
956 , 4882 , 506.25 , -31.0 , 27 , 20.03 , 1.589 , 0.031 , 6.46 , 321.60
966 , 4932 , 502.63 , -31.4 , 29 , 20.02 , 1.590 , 0.032 , 6.55 , 321.51
976 , 4982 , 499.16 , -31.6 , 27 , 19.94 , 1.601 , 0.032 , 6.63 , 321.42
986 , 5030 , 495.75 , -31.9 , 24 , 19.90 , 1.622 , 0.033 , 6.72 , 321.34
996 , 5078 , 492.39 , -32.3 , 21 , 19.87 , 1.593 , 0.032 , 6.81 , 321.25
1006 , 5120 , 489.44 , -32.7 , 21 , 19.75 , 1.587 , 0.032 , 6.88 , 321.18
1016 , 5162 , 486.54 , -33.0 , 20 , 19.69 , 1.578 , 0.032 , 6.96 , 321.10
1026 , 5203 , 483.69 , -33.4 , 20 , 19.61 , 1.578 , 0.033 , 7.03 , 321.03
1036 , 5243 , 480.98 , -33.6 , 19 , 19.56 , 1.581 , 0.033 , 7.10 , 320.96
1045 , 5280 , 478.41 , -33.7 , 16 , 19.53 , 1.630 , 0.034 , 7.17 , 320.89
1055 , 5325 , 475.38 , -34.0 , 15 , 19.52 , 1.683 , 0.035 , 7.25 , 320.81
1065 , 5390 , 470.95 , -34.3 , 16 , 19.53 , 1.715 , 0.036 , 7.38 , 320.68
1074 , 5441 , 467.54 , -34.6 , 17 , 19.48 , 1.869 , 0.040 , 7.48 , 320.58
1084 , 5483 , 464.71 , -34.9 , 18 , 19.42 , 1.972 , 0.042 , 7.57 , 320.49
1094 , 5530 , 461.60 , -35.2 , 19 , 19.36 , 1.933 , 0.042 , 7.67 , 320.38
1104 , 5576 , 458.59 , -35.5 , 18 , 19.28 , 1.898 , 0.041 , 7.77 , 320.28
1114 , 5624 , 455.40 , -35.7 , 16 , 19.22 , 1.890 , 0.042 , 7.88 , 320.18
1124 , 5674 , 452.13 , -36.1 , 21 , 19.17 , 1.869 , 0.041 , 7.98 , 320.07
1134 , 5722 , 449.07 , -36.4 , 24 , 19.11 , 1.732 , 0.039 , 8.08 , 319.98
1144 , 5770 , 445.91 , -36.7 , 25 , 19.01 , 1.602 , 0.036 , 8.17 , 319.88
1154 , 5816 , 442.97 , -37.1 , 25 , 18.94 , 1.575 , 0.036 , 8.26 , 319.80
1164 , 5866 , 439.79 , -37.5 , 25 , 18.94 , 1.602 , 0.036 , 8.35 , 319.71
1174 , 5920 , 436.36 , -37.8 , 25 , 18.92 , 1.534 , 0.035 , 8.44 , 319.61
1184 , 5970 , 433.18 , -38.3 , 26 , 18.83 , 1.431 , 0.033 , 8.53 , 319.53
1193 , 6013 , 430.47 , -38.7 , 27 , 18.78 , 1.368 , 0.032 , 8.60 , 319.46
1203 , 6062 , 427.41 , -39.1 , 29 , 18.73 , 1.356 , 0.032 , 8.67 , 319.38
1213 , 6127 , 423.37 , -39.7 , 32 , 18.71 , 1.346 , 0.032 , 8.78 , 319.28
1223 , 6178 , 420.21 , -40.1 , 35 , 18.61 , 1.356 , 0.032 , 8.86 , 319.20
1233 , 6230 , 417.03 , -40.6 , 37 , 18.53 , 1.351 , 0.032 , 8.94 , 319.12
1243 , 6275 , 414.30 , -40.9 , 38 , 18.51 , 1.311 , 0.032 , 9.01 , 319.05
1253 , 6325 , 411.25 , -41.3 , 38 , 18.45 , 1.205 , 0.029 , 9.08 , 318.98
1263 , 6372 , 408.42 , -41.7 , 41 , 18.43 , 1.106 , 0.027 , 9.14 , 318.92
1273 , 6416 , 405.76 , -42.0 , 41 , 18.37 , 1.077 , 0.027 , 9.20 , 318.86
1283 , 6466 , 402.75 , -42.4 , 41 , 18.33 , 1.138 , 0.028 , 9.26 , 318.79
1293 , 6512 , 400.03 , -42.7 , 40 , 18.26 , 1.189 , 0.030 , 9.33 , 318.73
1303 , 6557 , 397.35 , -43.1 , 40 , 18.24 , 1.253 , 0.032 , 9.39 , 318.67
1313 , 6610 , 394.25 , -43.4 , 39 , 18.21 , 1.254 , 0.032 , 9.47 , 318.59
1323 , 6659 , 391.40 , -43.7 , 31 , 18.12 , 1.238 , 0.032 , 9.54 , 318.52
1333 , 6703 , 388.85 , -44.1 , 28 , 18.09 , 1.283 , 0.033 , 9.60 , 318.45
1343 , 6750 , 386.13 , -44.4 , 27 , 18.04 , 1.314 , 0.034 , 9.68 , 318.38
1353 , 6799 , 383.31 , -44.7 , 26 , 17.99 , 1.323 , 0.035 , 9.75 , 318.30
1363 , 6846 , 380.63 , -44.9 , 26 , 17.92 , 1.288 , 0.034 , 9.83 , 318.23
1372 , 6893 , 377.92 , -45.3 , 27 , 17.88 , 1.235 , 0.033 , 9.90 , 318.16
1382 , 6944 , 375.09 , -45.7 , 28 , 17.81 , 1.184 , 0.032 , 9.97 , 318.09
1392 , 6999 , 371.97 , -46.1 , 29 , 17.78 , 1.169 , 0.031 , 10.05 , 318.01
1402 , 7066 , 368.24 , -46.3 , 29 , 17.75 , 1.258 , 0.034 , 10.14 , 317.92
1412 , 7118 , 365.38 , -46.6 , 27 , 17.65 , 1.428 , 0.039 , 10.22 , 317.83
1422 , 7171 , 362.47 , -46.9 , 25 , 17.52 , 1.629 , 0.045 , 10.32 , 317.74
1432 , 7225 , 359.50 , -47.2 , 25 , 17.45 , 1.770 , 0.049 , 10.43 , 317.63
1442 , 7272 , 356.97 , -47.5 , 24 , 17.39 , 1.855 , 0.052 , 10.53 , 317.53
1452 , 7317 , 354.56 , -47.5 , 23 , 17.36 , 2.017 , 0.057 , 10.64 , 317.42
1462 , 7373 , 351.52 , -47.9 , 23 , 17.32 , 2.150 , 0.061 , 10.78 , 317.28
1472 , 7437 , 348.16 , -48.4 , 23 , 17.25 , 2.171 , 0.062 , 10.94 , 317.12
1482 , 7485 , 345.61 , -48.7 , 24 , 17.08 , 2.282 , 0.066 , 11.07 , 316.99
1492 , 7535 , 343.01 , -49.0 , 24 , 17.02 , 2.426 , 0.071 , 11.21 , 316.85
1502 , 7578 , 340.76 , -49.0 , 24 , 16.94 , 2.625 , 0.077 , 11.34 , 316.72
1512 , 7622 , 338.48 , -49.3 , 23 , 16.88 , 2.822 , 0.083 , 11.49 , 316.57
1522 , 7669 , 336.06 , -49.5 , 23 , 16.81 , 3.035 , 0.090 , 11.65 , 316.41
1532 , 7715 , 333.70 , -49.4 , 21 , 16.77 , 3.256 , 0.098 , 11.83 , 316.23
1542 , 7760 , 331.40 , -49.1 , 19 , 16.75 , 3.505 , 0.106 , 12.01 , 316.05
1552 , 7803 , 329.27 , -49.0 , 17 , 16.74 , 3.734 , 0.113 , 12.20 , 315.86
1562 , 7849 , 326.96 , -49.2 , 16 , 16.71 , 3.914 , 0.120 , 12.41 , 315.65
1572 , 7892 , 324.80 , -49.3 , 14 , 16.67 , 4.107 , 0.126 , 12.62 , 315.44
1582 , 7938 , 322.56 , -49.2 , 13 , 16.61 , 4.210 , 0.131 , 12.85 , 315.21
1592 , 7984 , 320.28 , -49.4 , 12 , 16.62 , 4.298 , 0.134 , 13.08 , 314.97
1602 , 8027 , 318.20 , -49.2 , 12 , 16.62 , 4.423 , 0.139 , 13.31 , 314.75
1612 , 8070 , 316.11 , -49.4 , 11 , 16.53 , 4.531 , 0.143 , 13.54 , 314.52
1622 , 8116 , 313.89 , -49.5 , 11 , 16.45 , 4.563 , 0.145 , 13.79 , 314.26
1632 , 8164 , 311.60 , -49.7 , 11 , 16.38 , 4.552 , 0.146 , 14.06 , 314.00
1642 , 8206 , 309.61 , -49.8 , 11 , 16.37 , 4.635 , 0.150 , 14.29 , 313.77
1652 , 8249 , 307.57 , -49.8 , 11 , 16.34 , 4.633 , 0.151 , 14.53 , 313.53
1662 , 8292 , 305.57 , -49.8 , 11 , 16.31 , 4.662 , 0.153 , 14.77 , 313.29
1671 , 8333 , 303.63 , -49.9 , 11 , 16.25 , 4.696 , 0.155 , 15.00 , 313.05
1680 , 8375 , 301.71 , -50.1 , 10 , 16.18 , 4.691 , 0.155 , 15.24 , 312.82
1690 , 8418 , 299.73 , -50.3 , 10 , 16.18 , 4.685 , 0.156 , 15.48 , 312.57
1700 , 8464 , 297.59 , -50.1 , 10 , 16.16 , 4.725 , 0.159 , 15.75 , 312.31
1710 , 8509 , 295.55 , -50.0 , 10 , 16.14 , 4.783 , 0.162 , 16.01 , 312.05
1720 , 8553 , 293.59 , -49.8 , 9 , 16.11 , 4.824 , 0.164 , 16.26 , 311.80
1730 , 8597 , 291.62 , -49.7 , 9 , 16.07 , 4.846 , 0.166 , 16.52 , 311.54
1740 , 8644 , 289.53 , -49.6 , 8 , 16.06 , 4.998 , 0.173 , 16.80 , 311.26
1750 , 8687 , 287.62 , -49.6 , 7 , 16.06 , 5.094 , 0.177 , 17.06 , 311.00
1760 , 8731 , 285.70 , -49.4 , 6 , 16.12 , 5.172 , 0.181 , 17.33 , 310.73
1770 , 8774 , 283.85 , -49.2 , 6 , 16.09 , 5.302 , 0.187 , 17.60 , 310.46
1780 , 8816 , 282.03 , -49.2 , 5 , 16.08 , 5.350 , 0.190 , 17.87 , 310.19
1790 , 8860 , 280.13 , -49.4 , 5 , 16.02 , 5.397 , 0.193 , 18.16 , 309.90
1800 , 8906 , 278.19 , -49.2 , 4 , 15.94 , 5.532 , 0.199 , 18.46 , 309.60
1810 , 8951 , 276.29 , -49.2 , 4 , 15.87 , 5.540 , 0.201 , 18.76 , 309.30
1820 , 8996 , 274.38 , -48.9 , 4 , 15.80 , 5.568 , 0.203 , 19.06 , 309.00
1830 , 9041 , 272.52 , -48.7 , 3 , 15.75 , 5.666 , 0.208 , 19.36 , 308.70
1840 , 9084 , 270.72 , -48.5 , 3 , 15.69 , 5.747 , 0.212 , 19.66 , 308.40
1850 , 9131 , 268.80 , -48.5 , 3 , 15.65 , 5.754 , 0.214 , 19.98 , 308.07
1860 , 9176 , 266.99 , -48.6 , 4 , 15.65 , 5.672 , 0.212 , 20.29 , 307.77
1870 , 9219 , 265.22 , -48.6 , 4 , 15.64 , 5.481 , 0.207 , 20.58 , 307.48
1880 , 9262 , 263.51 , -48.5 , 5 , 15.67 , 5.329 , 0.202 , 20.86 , 307.20
1890 , 9304 , 261.84 , -47.9 , 4 , 15.69 , 5.301 , 0.202 , 21.12 , 306.93
1900 , 9347 , 260.11 , -47.7 , 4 , 15.69 , 5.312 , 0.204 , 21.40 , 306.66
1910 , 9392 , 258.34 , -47.7 , 3 , 15.68 , 5.158 , 0.200 , 21.68 , 306.37
1920 , 9438 , 256.57 , -47.7 , 3 , 15.66 , 4.902 , 0.191 , 21.96 , 306.10
1930 , 9483 , 254.81 , -47.4 , 3 , 15.64 , 4.785 , 0.188 , 22.22 , 305.84
1940 , 9528 , 253.09 , -47.2 , 3 , 15.57 , 4.678 , 0.185 , 22.47 , 305.59
1950 , 9571 , 251.45 , -47.2 , 3 , 15.53 , 4.646 , 0.185 , 22.71 , 305.35
1959 , 9613 , 249.85 , -46.9 , 3 , 15.50 , 4.714 , 0.189 , 22.95 , 305.11
1968 , 9653 , 248.37 , -46.8 , 2 , 15.48 , 4.779 , 0.192 , 23.17 , 304.89
1977 , 9696 , 246.74 , -46.9 , 2 , 15.46 , 4.869 , 0.197 , 23.42 , 304.64
1987 , 9738 , 245.18 , -46.9 , 2 , 15.43 , 4.952 , 0.202 , 23.67 , 304.39
1997 , 9785 , 243.48 , -46.9 , 2 , 15.41 , 5.018 , 0.206 , 23.94 , 304.12
2007 , 9829 , 241.86 , -46.8 , 2 , 15.40 , 5.095 , 0.211 , 24.21 , 303.85
2017 , 9872 , 240.28 , -46.5 , 2 , 15.41 , 5.176 , 0.215 , 24.47 , 303.59
2026 , 9914 , 238.79 , -46.3 , 1 , 15.42 , 5.257 , 0.220 , 24.73 , 303.33
2036 , 9954 , 237.33 , -46.2 , 1 , 15.40 , 5.299 , 0.223 , 24.98 , 303.08
2046 , 9996 , 235.83 , -46.2 , 1 , 15.39 , 5.284 , 0.224 , 25.25 , 302.81
2056 , 10041 , 234.25 , -46.0 , 1 , 15.40 , 5.344 , 0.228 , 25.53 , 302.53
2066 , 10086 , 232.67 , -46.1 , 1 , 15.41 , 5.385 , 0.231 , 25.82 , 302.24
2076 , 10128 , 231.19 , -46.2 , 1 , 15.39 , 5.415 , 0.234 , 26.09 , 301.97
2086 , 10174 , 229.62 , -46.3 , 1 , 15.37 , 5.486 , 0.239 , 26.38 , 301.68
2096 , 10217 , 228.12 , -46.2 , 1 , 15.37 , 5.519 , 0.242 , 26.67 , 301.39
2106 , 10262 , 226.57 , -45.7 , 1 , 15.37 , 5.539 , 0.244 , 26.96 , 301.09
2116 , 10308 , 225.04 , -45.4 , 1 , 15.36 , 5.620 , 0.250 , 27.26 , 300.80
2126 , 10353 , 223.53 , -45.6 , 0 , 15.34 , 5.694 , 0.255 , 27.56 , 300.49
2136 , 10396 , 222.08 , -45.4 , 0 , 15.32 , 5.778 , 0.260 , 27.86 , 300.20
2146 , 10440 , 220.60 , -45.1 , 0 , 15.31 , 5.833 , 0.264 , 28.16 , 299.89
2156 , 10485 , 219.13 , -44.9 , 0 , 15.27 , 5.926 , 0.270 , 28.47 , 299.58
2166 , 10530 , 217.67 , -44.8 , 0 , 15.24 , 5.884 , 0.270 , 28.79 , 299.27
2176 , 10571 , 216.32 , -45.0 , 0 , 15.24 , 5.923 , 0.274 , 29.07 , 298.98
2186 , 10615 , 214.92 , -45.1 , 0 , 15.25 , 5.931 , 0.276 , 29.38 , 298.68
2196 , 10655 , 213.61 , -45.0 , 0 , 15.25 , 5.969 , 0.279 , 29.66 , 298.39
2206 , 10700 , 212.18 , -45.0 , 0 , 15.22 , 5.952 , 0.281 , 29.98 , 298.07
2216 , 10746 , 210.75 , -44.9 , 0 , 15.17 , 5.927 , 0.281 , 30.30 , 297.76
2226 , 10790 , 209.34 , -45.1 , 0 , 15.12 , 5.903 , 0.282 , 30.61 , 297.45
2236 , 10834 , 207.97 , -45.3 , 0 , 15.07 , 5.886 , 0.283 , 30.92 , 297.14
2246 , 10879 , 206.59 , -45.2 , 0 , 15.04 , 5.858 , 0.284 , 31.23 , 296.83
2256 , 10922 , 205.24 , -45.1 , 0 , 15.03 , 5.823 , 0.284 , 31.53 , 296.53
2266 , 10965 , 203.93 , -45.0 , 0 , 15.01 , 5.808 , 0.285 , 31.82 , 296.24
2275 , 11008 , 202.63 , -45.0 , 0 , 15.01 , 5.753 , 0.284 , 32.11 , 295.94
2284 , 11052 , 201.30 , -44.9 , 0 , 15.00 , 5.777 , 0.287 , 32.41 , 295.65
2294 , 11098 , 199.92 , -44.9 , 0 , 14.97 , 5.816 , 0.291 , 32.73 , 295.33
2304 , 11145 , 198.51 , -45.0 , 0 , 14.97 , 5.824 , 0.293 , 33.05 , 295.00
2314 , 11191 , 197.16 , -45.0 , 0 , 14.97 , 5.732 , 0.291 , 33.36 , 294.69
2324 , 11233 , 195.91 , -44.9 , 0 , 14.97 , 5.614 , 0.287 , 33.65 , 294.41
2334 , 11277 , 194.63 , -45.0 , 0 , 14.98 , 5.566 , 0.286 , 33.94 , 294.12
2344 , 11323 , 193.30 , -45.0 , 0 , 14.96 , 5.507 , 0.285 , 34.24 , 293.82
2354 , 11366 , 192.05 , -44.8 , 0 , 14.94 , 5.489 , 0.286 , 34.52 , 293.54
2364 , 11411 , 190.77 , -44.5 , 0 , 14.92 , 5.435 , 0.285 , 34.81 , 293.25
2374 , 11454 , 189.54 , -44.7 , 0 , 14.90 , 5.435 , 0.287 , 35.08 , 292.97
2384 , 11499 , 188.26 , -44.5 , 0 , 14.90 , 5.454 , 0.290 , 35.38 , 292.68
2394 , 11545 , 186.97 , -44.6 , 0 , 14.89 , 5.441 , 0.291 , 35.67 , 292.39
2404 , 11591 , 185.70 , -44.5 , 0 , 14.87 , 5.458 , 0.294 , 35.97 , 292.09
2414 , 11636 , 184.45 , -44.4 , 0 , 14.86 , 5.498 , 0.298 , 36.26 , 291.80
2424 , 11679 , 183.26 , -44.5 , 0 , 14.85 , 5.429 , 0.296 , 36.54 , 291.52
2434 , 11724 , 182.05 , -44.4 , 0 , 14.82 , 5.386 , 0.296 , 36.82 , 291.24
2444 , 11765 , 180.92 , -44.1 , 0 , 14.81 , 5.360 , 0.296 , 37.08 , 290.98
2454 , 11808 , 179.78 , -44.3 , 0 , 14.81 , 5.333 , 0.297 , 37.35 , 290.71
2464 , 11850 , 178.66 , -44.5 , 0 , 14.81 , 5.309 , 0.297 , 37.61 , 290.44
2474 , 11894 , 177.47 , -44.4 , 0 , 14.79 , 5.387 , 0.304 , 37.89 , 290.16
2483 , 11936 , 176.38 , -44.6 , 0 , 14.76 , 5.401 , 0.306 , 38.16 , 289.90
2493 , 11975 , 175.35 , -44.4 , 0 , 14.74 , 5.396 , 0.308 , 38.41 , 289.65
2503 , 12016 , 174.26 , -44.5 , 0 , 14.72 , 5.334 , 0.306 , 38.67 , 289.39
2513 , 12059 , 173.17 , -44.3 , 0 , 14.70 , 5.180 , 0.299 , 38.93 , 289.13
2523 , 12102 , 172.04 , -44.3 , 0 , 14.70 , 5.009 , 0.291 , 39.19 , 288.86
2533 , 12148 , 170.88 , -44.2 , 0 , 14.70 , 4.973 , 0.291 , 39.46 , 288.60
2543 , 12194 , 169.70 , -44.2 , 0 , 14.70 , 5.012 , 0.295 , 39.73 , 288.33
2553 , 12241 , 168.52 , -44.0 , 0 , 14.70 , 5.050 , 0.300 , 40.01 , 288.05
2563 , 12286 , 167.39 , -44.0 , 0 , 14.69 , 5.174 , 0.309 , 40.28 , 287.78
2573 , 12333 , 166.23 , -44.2 , 0 , 14.66 , 5.475 , 0.329 , 40.57 , 287.48
2582 , 12375 , 165.19 , -44.3 , 0 , 14.65 , 5.679 , 0.344 , 40.85 , 287.21
2592 , 12418 , 164.14 , -44.4 , 0 , 14.64 , 5.628 , 0.343 , 41.13 , 286.92
2602 , 12462 , 163.04 , -44.4 , 0 , 14.63 , 5.597 , 0.343 , 41.43 , 286.63
2612 , 12509 , 161.92 , -44.3 , 0 , 14.62 , 5.612 , 0.347 , 41.74 , 286.32
2622 , 12554 , 160.84 , -44.1 , 0 , 14.62 , 5.846 , 0.363 , 42.04 , 286.02
2632 , 12600 , 159.73 , -44.0 , 0 , 14.62 , 5.956 , 0.373 , 42.36 , 285.70
2642 , 12644 , 158.69 , -43.9 , 0 , 14.62 , 6.009 , 0.379 , 42.67 , 285.39
2652 , 12688 , 157.66 , -44.1 , 0 , 14.61 , 6.074 , 0.385 , 42.98 , 285.08
2662 , 12733 , 156.61 , -43.8 , 0 , 14.61 , 6.085 , 0.389 , 43.30 , 284.75
2671 , 12774 , 155.65 , -43.6 , 0 , 14.60 , 6.023 , 0.387 , 43.60 , 284.46
2681 , 12814 , 154.72 , -43.5 , 0 , 14.59 , 6.052 , 0.391 , 43.88 , 284.18
2691 , 12856 , 153.76 , -43.3 , 0 , 14.58 , 6.134 , 0.399 , 44.18 , 283.88
2701 , 12897 , 152.82 , -43.5 , 0 , 14.57 , 6.177 , 0.404 , 44.48 , 283.58
2711 , 12940 , 151.85 , -43.7 , 0 , 14.56 , 5.792 , 0.381 , 44.78 , 283.28
2721 , 12985 , 150.84 , -43.8 , 0 , 14.54 , 5.105 , 0.338 , 45.07 , 282.99
2731 , 13028 , 149.88 , -43.8 , 0 , 14.52 , 4.541 , 0.303 , 45.31 , 282.75
2741 , 13072 , 148.88 , -43.6 , 0 , 14.50 , 4.263 , 0.286 , 45.54 , 282.52
2751 , 13116 , 147.92 , -43.5 , 0 , 14.48 , 4.075 , 0.275 , 45.75 , 282.30
2761 , 13160 , 146.96 , -43.5 , 0 , 14.46 , 3.893 , 0.265 , 45.96 , 282.10
2771 , 13204 , 145.99 , -43.5 , 0 , 14.44 , 4.041 , 0.277 , 46.17 , 281.89
2781 , 13247 , 145.06 , -43.6 , 0 , 14.42 , 4.365 , 0.301 , 46.38 , 281.68
2791 , 13292 , 144.10 , -43.3 , 0 , 14.40 , 4.291 , 0.298 , 46.60 , 281.45
2801 , 13334 , 143.20 , -43.3 , 0 , 14.39 , 4.149 , 0.290 , 46.81 , 281.24
2811 , 13378 , 142.27 , -43.6 , 0 , 14.39 , 4.386 , 0.308 , 47.03 , 281.02
2821 , 13421 , 141.35 , -43.9 , 0 , 14.39 , 4.806 , 0.340 , 47.27 , 280.79
2831 , 13466 , 140.40 , -44.1 , 0 , 14.39 , 5.224 , 0.372 , 47.53 , 280.52
2841 , 13511 , 139.46 , -44.0 , 0 , 14.38 , 5.568 , 0.399 , 47.82 , 280.24
2851 , 13558 , 138.50 , -43.9 , 0 , 14.37 , 5.793 , 0.418 , 48.13 , 279.92
2861 , 13605 , 137.54 , -43.4 , 0 , 14.36 , 5.837 , 0.424 , 48.45 , 279.61
2871 , 13651 , 136.59 , -43.1 , 0 , 14.34 , 5.886 , 0.431 , 48.77 , 279.29
2880 , 13694 , 135.72 , -43.2 , 0 , 14.32 , 5.940 , 0.438 , 49.07 , 278.99
2890 , 13735 , 134.89 , -43.2 , 0 , 14.30 , 5.796 , 0.430 , 49.35 , 278.71
2900 , 13779 , 134.02 , -43.2 , 0 , 14.28 , 5.644 , 0.421 , 49.65 , 278.41
2910 , 13823 , 133.16 , -43.4 , 0 , 14.27 , 5.576 , 0.419 , 49.93 , 278.13
2920 , 13867 , 132.28 , -43.4 , 0 , 14.25 , 5.507 , 0.416 , 50.22 , 277.84
2930 , 13912 , 131.40 , -43.3 , 0 , 14.24 , 5.620 , 0.428 , 50.51 , 277.54
2940 , 13958 , 130.50 , -43.4 , 0 , 14.22 , 5.862 , 0.449 , 50.83 , 277.23
2950 , 14003 , 129.63 , -43.3 , 0 , 14.21 , 6.052 , 0.467 , 51.14 , 276.92
2960 , 14050 , 128.72 , -43.4 , 0 , 14.19 , 6.179 , 0.480 , 51.48 , 276.58
2970 , 14096 , 127.85 , -43.1 , 0 , 14.18 , 6.330 , 0.495 , 51.81 , 276.24
2980 , 14142 , 126.99 , -43.1 , 0 , 14.17 , 6.264 , 0.493 , 52.15 , 275.91
2990 , 14186 , 126.15 , -42.7 , 0 , 14.16 , 5.994 , 0.475 , 52.47 , 275.59
3000 , 14231 , 125.32 , -42.6 , 0 , 14.15 , 5.946 , 0.474 , 52.78 , 275.28
3010 , 14275 , 124.50 , -42.4 , 0 , 14.14 , 5.772 , 0.464 , 53.09 , 274.97
3020 , 14318 , 123.71 , -42.4 , 0 , 14.13 , 5.613 , 0.454 , 53.37 , 274.69
3030 , 14360 , 122.94 , -42.5 , 0 , 14.12 , 5.633 , 0.458 , 53.65 , 274.41
3040 , 14403 , 122.17 , -42.3 , 0 , 14.12 , 5.798 , 0.475 , 53.93 , 274.13
3050 , 14446 , 121.39 , -42.3 , 0 , 14.11 , 6.082 , 0.501 , 54.23 , 273.82
3060 , 14491 , 120.59 , -42.3 , 0 , 14.10 , 6.420 , 0.532 , 54.56 , 273.50
3070 , 14537 , 119.77 , -42.3 , 0 , 14.08 , 6.789 , 0.567 , 54.92 , 273.14
3080 , 14583 , 118.96 , -42.4 , 0 , 14.07 , 6.938 , 0.583 , 55.28 , 272.78
3090 , 14628 , 118.16 , -42.0 , 0 , 14.06 , 6.834 , 0.578 , 55.65 , 272.41
3100 , 14674 , 117.37 , -42.0 , 0 , 14.04 , 7.018 , 0.598 , 56.02 , 272.04
3110 , 14719 , 116.59 , -42.2 , 0 , 14.01 , 7.390 , 0.634 , 56.39 , 271.66
3120 , 14765 , 115.80 , -42.2 , 0 , 13.99 , 7.413 , 0.640 , 56.79 , 271.27
3130 , 14812 , 114.99 , -42.0 , 0 , 13.97 , 7.470 , 0.650 , 57.20 , 270.85
3140 , 14857 , 114.24 , -42.0 , 0 , 13.95 , 7.517 , 0.658 , 57.59 , 270.47
3150 , 14904 , 113.44 , -42.1 , 0 , 13.93 , 7.606 , 0.670 , 58.01 , 270.05
3160 , 14952 , 112.63 , -42.5 , 0 , 13.91 , 7.607 , 0.675 , 58.44 , 269.62
3170 , 14997 , 111.88 , -42.5 , 0 , 13.89 , 7.520 , 0.672 , 58.84 , 269.22
3180 , 15044 , 111.11 , -42.5 , 0 , 13.87 , 7.438 , 0.669 , 59.24 , 268.81
3189 , 15090 , 110.36 , -42.6 , 0 , 13.85 , 7.380 , 0.669 , 59.64 , 268.42
3199 , 15133 , 109.65 , -42.7 , 0 , 13.83 , 7.347 , 0.670 , 60.02 , 268.04
3209 , 15183 , 108.84 , -42.7 , 0 , 13.81 , 7.482 , 0.687 , 60.45 , 267.61
3219 , 15232 , 108.06 , -42.9 , 0 , 13.79 , 7.731 , 0.715 , 60.88 , 267.18
3229 , 15278 , 107.32 , -42.7 , 0 , 13.77 , 8.089 , 0.754 , 61.31 , 266.75
3239 , 15326 , 106.57 , -42.6 , 0 , 13.75 , 8.406 , 0.789 , 61.77 , 266.29
3249 , 15371 , 105.86 , -42.5 , 0 , 13.73 , 8.601 , 0.812 , 62.22 , 265.84
3259 , 15414 , 105.19 , -42.3 , 0 , 13.70 , 8.854 , 0.842 , 62.65 , 265.40
3269 , 15456 , 104.53 , -42.1 , 0 , 13.68 , 9.037 , 0.865 , 63.10 , 264.96
3279 , 15501 , 103.84 , -41.8 , 0 , 13.65 , 9.289 , 0.895 , 63.58 , 264.48
3289 , 15546 , 103.15 , -41.9 , 0 , 13.63 , 9.543 , 0.925 , 64.07 , 263.99
3299 , 15592 , 102.45 , -41.7 , 0 , 13.60 , 9.648 , 0.942 , 64.59 , 263.47
3309 , 15637 , 101.77 , -41.6 , 0 , 13.58 , 9.611 , 0.944 , 65.09 , 262.96
3319 , 15682 , 101.10 , -41.7 , 0 , 13.56 , 9.580 , 0.948 , 65.59 , 262.46
3329 , 15728 , 100.42 , -41.8 , 0 , 13.54 , 9.654 , 0.961 , 66.11 , 261.95
3339 , 15773 , 99.76 , -41.6 , 0 , 13.52 , 9.781 , 0.980 , 66.61 , 261.44
3349 , 15818 , 99.09 , -41.4 , 0 , 13.49 , 9.961 , 1.005 , 67.14 , 260.92
3359 , 15864 , 98.42 , -41.4 , 0 , 13.47 , 9.999 , 1.016 , 67.67 , 260.38
3369 , 15909 , 97.77 , -41.3 , 0 , 13.45 , 9.921 , 1.015 , 68.19 , 259.86
3379 , 15955 , 97.11 , -41.5 , 0 , 13.43 , 9.815 , 1.011 , 68.72 , 259.34
3389 , 16000 , 96.47 , -41.8 , 0 , 13.41 , 9.695 , 1.005 , 69.23 , 258.83
3399 , 16043 , 95.86 , -41.9 , 0 , 13.38 , 9.431 , 0.984 , 69.71 , 258.35
3409 , 16087 , 95.23 , -41.9 , 0 , 13.36 , 9.208 , 0.967 , 70.19 , 257.87
3419 , 16134 , 94.58 , -41.7 , 0 , 13.34 , 9.334 , 0.987 , 70.69 , 257.36
3429 , 16180 , 93.94 , -41.5 , 0 , 13.32 , 9.842 , 1.048 , 71.21 , 256.85
3439 , 16227 , 93.29 , -41.4 , 0 , 13.30 , 10.243 , 1.098 , 71.76 , 256.30
3449 , 16272 , 92.68 , -41.3 , 0 , 13.29 , 10.204 , 1.101 , 72.29 , 255.77
3459 , 16318 , 92.05 , -40.8 , 0 , 13.28 , 10.051 , 1.092 , 72.84 , 255.22
3469 , 16366 , 91.40 , -40.7 , 0 , 13.27 , 9.585 , 1.049 , 73.39 , 254.67
3478 , 16412 , 90.79 , -40.6 , 0 , 13.26 , 9.057 , 0.998 , 73.88 , 254.18
3488 , 16456 , 90.20 , -40.5 , 0 , 13.25 , 8.677 , 0.962 , 74.33 , 253.73
3498 , 16501 , 89.60 , -40.3 , 0 , 13.25 , 8.515 , 0.950 , 74.78 , 253.28
3508 , 16549 , 88.98 , -40.2 , 0 , 13.24 , 8.453 , 0.950 , 75.25 , 252.81
3518 , 16597 , 88.36 , -40.2 , 0 , 13.24 , 8.651 , 0.979 , 75.72 , 252.33
3528 , 16644 , 87.75 , -40.4 , 0 , 13.24 , 8.957 , 1.021 , 76.20 , 251.85
3538 , 16691 , 87.14 , -40.4 , 0 , 13.24 , 9.236 , 1.060 , 76.70 , 251.35
3548 , 16738 , 86.55 , -40.2 , 0 , 13.24 , 9.604 , 1.110 , 77.21 , 250.85
3558 , 16784 , 85.96 , -39.7 , 0 , 13.24 , 9.902 , 1.152 , 77.73 , 250.32
3568 , 16832 , 85.37 , -39.3 , 0 , 13.23 , 10.642 , 1.247 , 78.29 , 249.76
3578 , 16878 , 84.79 , -39.1 , 0 , 13.22 , 11.117 , 1.311 , 78.87 , 249.18
3588 , 16923 , 84.24 , -39.1 , 0 , 13.21 , 11.500 , 1.365 , 79.46 , 248.60
3598 , 16969 , 83.68 , -38.9 , 0 , 13.20 , 11.345 , 1.356 , 80.06 , 247.99
3608 , 17015 , 83.11 , -38.8 , 0 , 13.18 , 10.757 , 1.294 , 80.65 , 247.40
3618 , 17064 , 82.52 , -38.9 , 0 , 13.17 , 10.120 , 1.226 , 81.24 , 246.82
3628 , 17111 , 81.96 , -39.0 , 0 , 13.15 , 9.727 , 1.187 , 81.78 , 246.28
3638 , 17158 , 81.40 , -39.1 , 0 , 13.13 , 9.702 , 1.192 , 82.30 , 245.75
3648 , 17204 , 80.85 , -39.0 , 0 , 13.11 , 10.312 , 1.275 , 82.84 , 245.22
3658 , 17251 , 80.30 , -39.0 , 0 , 13.09 , 11.103 , 1.383 , 83.41 , 244.64
3668 , 17299 , 79.74 , -39.0 , 0 , 13.06 , 11.707 , 1.468 , 84.05 , 244.01
3678 , 17346 , 79.19 , -39.5 , 0 , 13.04 , 12.231 , 1.544 , 84.70 , 243.36
3688 , 17396 , 78.62 , -39.9 , 0 , 13.01 , 12.546 , 1.596 , 85.40 , 242.65
3698 , 17444 , 78.07 , -40.0 , 0 , 12.98 , 12.841 , 1.645 , 86.11 , 241.95
3708 , 17490 , 77.54 , -40.0 , 0 , 12.95 , 13.122 , 1.692 , 86.81 , 241.25
3718 , 17537 , 77.01 , -39.6 , 0 , 12.93 , 13.423 , 1.743 , 87.52 , 240.54
3728 , 17583 , 76.50 , -39.5 , 0 , 12.90 , 13.637 , 1.783 , 88.24 , 239.82
3738 , 17630 , 75.97 , -39.7 , 0 , 12.87 , 13.812 , 1.818 , 88.98 , 239.07
3748 , 17676 , 75.46 , -39.6 , 0 , 12.83 , 13.926 , 1.846 , 89.72 , 238.33
3758 , 17724 , 74.93 , -39.5 , 0 , 12.81 , 14.168 , 1.891 , 90.50 , 237.55
3768 , 17773 , 74.40 , -39.6 , 0 , 12.78 , 14.273 , 1.918 , 91.30 , 236.76
3777 , 17819 , 73.90 , -39.5 , 0 , 12.75 , 14.353 , 1.942 , 92.06 , 236.00
3786 , 17863 , 73.42 , -39.2 , 0 , 12.73 , 14.397 , 1.961 , 92.80 , 235.26
3796 , 17911 , 72.91 , -39.0 , 0 , 12.70 , 14.329 , 1.965 , 93.59 , 234.47
3806 , 17959 , 72.40 , -38.8 , 0 , 12.68 , 14.399 , 1.989 , 94.38 , 233.68
3816 , 18007 , 71.90 , -38.9 , 0 , 12.65 , 14.508 , 2.018 , 95.18 , 232.87
3826 , 18056 , 71.39 , -38.9 , 0 , 12.62 , 14.442 , 2.023 , 96.00 , 232.06
3836 , 18107 , 70.86 , -39.2 , 0 , 12.59 , 14.389 , 2.031 , 96.84 , 231.22
3846 , 18154 , 70.38 , -39.4 , 0 , 12.57 , 14.381 , 2.043 , 97.62 , 230.44
3856 , 18201 , 69.89 , -39.7 , 0 , 12.54 , 14.468 , 2.070 , 98.41 , 229.65
3866 , 18250 , 69.39 , -39.7 , 0 , 12.51 , 14.562 , 2.098 , 99.22 , 228.83
3876 , 18299 , 68.89 , -39.7 , 0 , 12.49 , 14.526 , 2.108 , 100.06 , 228.00
3886 , 18348 , 68.41 , -39.8 , 0 , 12.47 , 14.503 , 2.120 , 100.87 , 227.19
3896 , 18397 , 67.91 , -39.8 , 0 , 12.44 , 14.502 , 2.135 , 101.70 , 226.36
3906 , 18446 , 67.43 , -39.8 , 0 , 12.42 , 14.680 , 2.177 , 102.52 , 225.54
3916 , 18497 , 66.93 , -39.5 , 0 , 12.39 , 14.726 , 2.200 , 103.38 , 224.67
3926 , 18547 , 66.44 , -39.3 , 0 , 12.36 , 14.846 , 2.234 , 104.23 , 223.83
3936 , 18596 , 65.97 , -39.1 , 0 , 12.34 , 14.852 , 2.251 , 105.08 , 222.98
3946 , 18648 , 65.47 , -39.2 , 0 , 12.31 , 14.951 , 2.284 , 105.96 , 222.09
3956 , 18699 , 64.98 , -38.8 , 0 , 12.29 , 15.067 , 2.319 , 106.85 , 221.21
3966 , 18747 , 64.53 , -38.9 , 0 , 12.27 , 15.286 , 2.369 , 107.69 , 220.37
3976 , 18799 , 64.04 , -39.1 , 0 , 12.24 , 15.421 , 2.408 , 108.60 , 219.45
3986 , 18849 , 63.58 , -39.2 , 0 , 12.22 , 15.443 , 2.429 , 109.49 , 218.57
3996 , 18899 , 63.11 , -39.1 , 0 , 12.20 , 15.418 , 2.443 , 110.39 , 217.67
4006 , 18950 , 62.65 , -39.1 , 0 , 12.17 , 15.534 , 2.480 , 111.29 , 216.77
4015 , 18997 , 62.21 , -39.2 , 0 , 12.15 , 15.621 , 2.511 , 112.15 , 215.91
4025 , 19045 , 61.78 , -39.3 , 0 , 12.12 , 15.686 , 2.539 , 113.01 , 215.05
4035 , 19095 , 61.33 , -39.2 , 0 , 12.10 , 15.675 , 2.556 , 113.91 , 214.15
4045 , 19144 , 60.89 , -39.2 , 0 , 12.07 , 15.816 , 2.597 , 114.81 , 213.25
4055 , 19194 , 60.45 , -39.5 , 0 , 12.05 , 15.861 , 2.624 , 115.71 , 212.34
4065 , 19245 , 60.00 , -39.4 , 0 , 12.03 , 15.948 , 2.658 , 116.65 , 211.41
4075 , 19294 , 59.57 , -39.3 , 0 , 12.01 , 15.962 , 2.679 , 117.55 , 210.51
4084 , 19338 , 59.19 , -39.0 , 0 , 11.99 , 16.031 , 2.708 , 118.36 , 209.70
4094 , 19386 , 58.78 , -39.1 , 0 , 11.97 , 16.048 , 2.730 , 119.24 , 208.81
4104 , 19434 , 58.37 , -38.9 , 0 , 11.94 , 16.129 , 2.763 , 120.13 , 207.93
4114 , 19482 , 57.96 , -38.9 , 0 , 11.92 , 16.257 , 2.805 , 121.03 , 207.03
4124 , 19532 , 57.54 , -39.1 , 0 , 11.90 , 16.261 , 2.826 , 121.97 , 206.08
4134 , 19578 , 57.15 , -38.3 , 0 , 11.88 , 16.169 , 2.829 , 122.83 , 205.22
4144 , 19625 , 56.77 , -37.6 , 0 , 11.86 , 16.198 , 2.853 , 123.70 , 204.36
4154 , 19671 , 56.39 , -37.5 , 0 , 11.84 , 16.283 , 2.887 , 124.55 , 203.51
4164 , 19720 , 55.99 , -37.4 , 0 , 11.82 , 16.160 , 2.886 , 125.46 , 202.60
4174 , 19766 , 55.62 , -37.3 , 0 , 11.80 , 16.065 , 2.888 , 126.31 , 201.75
4184 , 19813 , 55.24 , -37.4 , 0 , 11.78 , 16.053 , 2.906 , 127.18 , 200.88
4194 , 19860 , 54.87 , -37.5 , 0 , 11.77 , 16.099 , 2.934 , 128.04 , 200.02
4203 , 19905 , 54.51 , -37.6 , 0 , 11.75 , 15.982 , 2.932 , 128.87 , 199.19
4213 , 19949 , 54.16 , -38.0 , 0 , 11.74 , 16.078 , 2.969 , 129.67 , 198.39
4223 , 19998 , 53.77 , -38.1 , 0 , 11.72 , 15.981 , 2.972 , 130.58 , 197.48
4233 , 20048 , 53.39 , -38.2 , 0 , 11.70 , 15.958 , 2.989 , 131.48 , 196.58
4243 , 20096 , 53.02 , -38.4 , 0 , 11.68 , 15.899 , 2.999 , 132.36 , 195.69
4253 , 20143 , 52.65 , -38.5 , 0 , 11.66 , 15.897 , 3.019 , 133.23 , 194.83
4263 , 20194 , 52.26 , -38.7 , 0 , 11.64 , 15.926 , 3.047 , 134.16 , 193.90
4273 , 20244 , 51.89 , -39.0 , 0 , 11.63 , 15.886 , 3.061 , 135.06 , 192.99
4283 , 20292 , 51.52 , -38.9 , 0 , 11.61 , 15.902 , 3.086 , 135.96 , 192.10
4293 , 20341 , 51.16 , -38.8 , 0 , 11.59 , 15.819 , 3.092 , 136.84 , 191.22
4303 , 20390 , 50.79 , -38.7 , 0 , 11.57 , 15.743 , 3.100 , 137.74 , 190.32
4313 , 20438 , 50.44 , -38.8 , 0 , 11.55 , 15.596 , 3.092 , 138.61 , 189.45
4323 , 20488 , 50.07 , -38.9 , 0 , 11.54 , 15.591 , 3.114 , 139.50 , 188.56
4333 , 20537 , 49.72 , -39.0 , 0 , 11.51 , 15.464 , 3.110 , 140.37 , 187.69
4343 , 20587 , 49.35 , -38.8 , 0 , 11.50 , 15.483 , 3.137 , 141.27 , 186.79
4353 , 20637 , 49.00 , -38.8 , 0 , 11.48 , 15.450 , 3.153 , 142.15 , 185.91
4363 , 20684 , 48.66 , -38.6 , 0 , 11.46 , 15.228 , 3.129 , 142.98 , 185.07
4373 , 20735 , 48.30 , -38.5 , 0 , 11.44 , 15.212 , 3.149 , 143.87 , 184.18
4383 , 20784 , 47.96 , -38.6 , 0 , 11.42 , 15.248 , 3.179 , 144.73 , 183.33
4393 , 20836 , 47.60 , -38.4 , 0 , 11.40 , 15.098 , 3.172 , 145.63 , 182.43
4402 , 20882 , 47.28 , -38.1 , 0 , 11.39 , 15.083 , 3.190 , 146.44 , 181.62
4412 , 20930 , 46.95 , -37.9 , 0 , 11.37 , 14.957 , 3.186 , 147.26 , 180.80
4422 , 20979 , 46.62 , -37.7 , 0 , 11.35 , 14.711 , 3.155 , 148.09 , 179.97
4432 , 21029 , 46.28 , -37.7 , 0 , 11.34 , 14.678 , 3.172 , 148.94 , 179.12
4442 , 21081 , 45.93 , -37.7 , 0 , 11.32 , 14.423 , 3.140 , 149.81 , 178.25
4452 , 21132 , 45.59 , -37.7 , 0 , 11.30 , 14.310 , 3.139 , 150.64 , 177.41
4462 , 21183 , 45.26 , -37.4 , 0 , 11.29 , 14.198 , 3.137 , 151.46 , 176.59
4472 , 21231 , 44.95 , -37.4 , 0 , 11.27 , 13.976 , 3.109 , 152.24 , 175.82
4482 , 21284 , 44.60 , -37.8 , 0 , 11.26 , 13.889 , 3.114 , 153.08 , 174.97
4492 , 21333 , 44.28 , -38.0 , 0 , 11.24 , 13.895 , 3.138 , 153.87 , 174.19
4502 , 21380 , 43.98 , -38.2 , 0 , 11.23 , 13.766 , 3.130 , 154.61 , 173.44
4512 , 21429 , 43.67 , -38.5 , 0 , 11.22 , 13.842 , 3.170 , 155.39 , 172.67
4522 , 21476 , 43.37 , -38.4 , 0 , 11.21 , 13.884 , 3.201 , 156.15 , 171.91
4532 , 21527 , 43.05 , -38.3 , 0 , 11.20 , 14.049 , 3.263 , 156.97 , 171.09
4542 , 21575 , 42.75 , -38.4 , 0 , 11.20 , 14.135 , 3.306 , 157.73 , 170.33
4552 , 21622 , 42.46 , -38.3 , 0 , 11.19 , 14.130 , 3.328 , 158.50 , 169.56
4562 , 21669 , 42.17 , -38.1 , 0 , 11.18 , 14.118 , 3.348 , 159.26 , 168.80
4572 , 21717 , 41.88 , -38.1 , 0 , 11.17 , 14.388 , 3.436 , 160.05 , 168.01
4582 , 21767 , 41.57 , -38.3 , 0 , 11.16 , 14.671 , 3.529 , 160.88 , 167.17
4592 , 21816 , 41.28 , -38.3 , 0 , 11.15 , 14.831 , 3.593 , 161.70 , 166.35
4602 , 21867 , 40.97 , -38.1 , 0 , 11.14 , 14.960 , 3.651 , 162.58 , 165.47
4612 , 21917 , 40.68 , -37.8 , 0 , 11.13 , 15.336 , 3.770 , 163.45 , 164.60
4622 , 21970 , 40.37 , -37.4 , 0 , 11.12 , 15.761 , 3.904 , 164.38 , 163.67
4632 , 22021 , 40.07 , -37.1 , 0 , 11.11 , 16.109 , 4.020 , 165.32 , 162.74
4642 , 22073 , 39.77 , -36.8 , 0 , 11.10 , 16.408 , 4.126 , 166.28 , 161.78
4652 , 22126 , 39.47 , -36.4 , 0 , 11.10 , 16.656 , 4.220 , 167.29 , 160.77
4662 , 22176 , 39.18 , -36.1 , 0 , 11.09 , 16.580 , 4.232 , 168.24 , 159.82
4672 , 22227 , 38.89 , -36.0 , 0 , 11.09 , 16.590 , 4.265 , 169.20 , 158.86
4681 , 22276 , 38.62 , -36.1 , 0 , 11.08 , 16.577 , 4.292 , 170.11 , 157.95
4690 , 22326 , 38.35 , -36.3 , 0 , 11.08 , 16.721 , 4.361 , 171.06 , 156.99
4700 , 22375 , 38.08 , -36.4 , 0 , 11.06 , 16.666 , 4.377 , 171.99 , 156.07
4710 , 22425 , 37.80 , -36.6 , 0 , 11.06 , 16.437 , 4.349 , 172.94 , 155.11
4720 , 22477 , 37.52 , -36.9 , 0 , 11.04 , 16.210 , 4.320 , 173.90 , 154.16
4730 , 22530 , 37.23 , -37.1 , 0 , 11.04 , 16.089 , 4.321 , 174.88 , 153.18
4740 , 22582 , 36.95 , -37.1 , 0 , 11.03 , 15.946 , 4.315 , 175.83 , 152.22
4750 , 22635 , 36.67 , -37.0 , 0 , 11.02 , 15.708 , 4.284 , 176.79 , 151.26
4760 , 22689 , 36.38 , -37.0 , 0 , 11.02 , 15.421 , 4.239 , 177.76 , 150.30
4770 , 22741 , 36.11 , -36.8 , 0 , 11.02 , 15.255 , 4.224 , 178.67 , 149.39
4780 , 22795 , 35.83 , -36.7 , 0 , 11.02 , 15.182 , 4.237 , 179.59 , 148.47
4790 , 22846 , 35.57 , -36.8 , 0 , 11.03 , 15.085 , 4.241 , 180.48 , 147.57
4800 , 22901 , 35.29 , -36.8 , 0 , 11.03 , 15.093 , 4.277 , 181.42 , 146.64
4810 , 22954 , 35.02 , -36.9 , 0 , 11.05 , 15.209 , 4.343 , 182.33 , 145.72
4820 , 23005 , 34.76 , -37.1 , 0 , 11.06 , 14.970 , 4.307 , 183.23 , 144.83
4830 , 23059 , 34.49 , -37.0 , 0 , 11.08 , 14.638 , 4.244 , 184.13 , 143.93
4840 , 23113 , 34.22 , -36.9 , 0 , 11.09 , 14.269 , 4.170 , 185.03 , 143.03
4850 , 23167 , 33.95 , -36.8 , 0 , 11.10 , 14.002 , 4.124 , 185.90 , 142.15
4860 , 23219 , 33.70 , -36.7 , 0 , 11.10 , 13.852 , 4.110 , 186.73 , 141.33
4870 , 23269 , 33.46 , -36.5 , 0 , 11.10 , 13.908 , 4.157 , 187.52 , 140.54
4880 , 23325 , 33.19 , -36.4 , 0 , 11.10 , 14.246 , 4.292 , 188.40 , 139.65
4889 , 23375 , 32.95 , -36.5 , 0 , 11.10 , 14.479 , 4.394 , 189.23 , 138.82
4899 , 23425 , 32.71 , -36.6 , 0 , 11.09 , 14.635 , 4.474 , 190.06 , 137.99
4909 , 23480 , 32.46 , -36.6 , 0 , 11.08 , 14.595 , 4.497 , 190.97 , 137.09
4919 , 23532 , 32.21 , -36.5 , 0 , 11.07 , 14.469 , 4.492 , 191.84 , 136.22
4929 , 23583 , 31.98 , -36.3 , 0 , 11.07 , 14.302 , 4.473 , 192.67 , 135.39
4939 , 23631 , 31.75 , -36.2 , 0 , 11.06 , 14.121 , 4.447 , 193.45 , 134.61
4949 , 23687 , 31.50 , -36.3 , 0 , 11.06 , 14.028 , 4.453 , 194.34 , 133.72
4959 , 23743 , 31.25 , -36.4 , 0 , 11.06 , 13.905 , 4.450 , 195.23 , 132.83
4969 , 23796 , 31.01 , -36.2 , 0 , 11.06 , 13.822 , 4.458 , 196.08 , 131.98
4979 , 23852 , 30.76 , -36.1 , 0 , 11.06 , 13.644 , 4.436 , 196.94 , 131.12
4989 , 23908 , 30.51 , -35.8 , 0 , 11.05 , 13.456 , 4.410 , 197.80 , 130.26
4999 , 23963 , 30.27 , -35.8 , 0 , 11.04 , 12.949 , 4.277 , 198.63 , 129.43
5008 , 24014 , 30.05 , -35.7 , 0 , 11.03 , 12.684 , 4.221 , 199.37 , 128.69
5018 , 24062 , 29.84 , -35.6 , 0 , 11.02 , 12.491 , 4.186 , 200.06 , 128.00
5028 , 24116 , 29.61 , -35.8 , 0 , 11.00 , 12.270 , 4.143 , 200.82 , 127.24
5038 , 24171 , 29.38 , -35.6 , 0 , 10.98 , 12.125 , 4.127 , 201.57 , 126.48
5048 , 24222 , 29.17 , -35.3 , 0 , 10.96 , 12.304 , 4.219 , 202.28 , 125.78
5058 , 24276 , 28.94 , -35.0 , 0 , 10.93 , 12.669 , 4.378 , 203.05 , 125.01
5068 , 24335 , 28.69 , -34.9 , 0 , 10.91 , 13.124 , 4.574 , 203.92 , 124.14
5078 , 24391 , 28.46 , -34.9 , 0 , 10.89 , 13.624 , 4.786 , 204.77 , 123.29
5088 , 24444 , 28.25 , -34.7 , 0 , 10.86 , 13.972 , 4.946 , 205.58 , 122.48
5098 , 24497 , 28.04 , -34.8 , 0 , 10.84 , 14.033 , 5.005 , 206.43 , 121.63
5108 , 24553 , 27.81 , -34.8 , 0 , 10.81 , 13.967 , 5.022 , 207.32 , 120.74
5118 , 24606 , 27.60 , -34.9 , 0 , 10.79 , 13.804 , 5.001 , 208.14 , 119.91
5128 , 24661 , 27.38 , -34.9 , 0 , 10.76 , 13.684 , 4.997 , 209.00 , 119.05
5138 , 24713 , 27.18 , -34.7 , 0 , 10.73 , 13.385 , 4.924 , 209.79 , 118.26
5148 , 24766 , 26.97 , -34.5 , 0 , 10.70 , 13.218 , 4.900 , 210.60 , 117.46
5158 , 24820 , 26.77 , -34.6 , 0 , 10.67 , 13.171 , 4.920 , 211.40 , 116.66
5168 , 24876 , 26.56 , -34.6 , 0 , 10.64 , 13.039 , 4.910 , 212.22 , 115.83
5178 , 24931 , 26.35 , -34.4 , 0 , 10.61 , 12.917 , 4.903 , 213.04 , 115.02
5188 , 24984 , 26.15 , -34.2 , 0 , 10.58 , 12.516 , 4.787 , 213.80 , 114.26
5198 , 25039 , 25.94 , -34.4 , 0 , 10.55 , 12.274 , 4.731 , 214.57 , 113.49
5208 , 25093 , 25.74 , -34.0 , 0 , 10.53 , 12.013 , 4.666 , 215.30 , 112.76
5218 , 25146 , 25.55 , -33.7 , 0 , 10.50 , 11.883 , 4.651 , 216.02 , 112.04
5228 , 25197 , 25.37 , -33.5 , 0 , 10.47 , 11.763 , 4.637 , 216.69 , 111.37
5238 , 25250 , 25.17 , -33.3 , 0 , 10.44 , 11.676 , 4.638 , 217.39 , 110.67
5248 , 25307 , 24.97 , -33.0 , 0 , 10.41 , 11.516 , 4.612 , 218.14 , 109.91
5258 , 25358 , 24.79 , -32.9 , 0 , 10.39 , 11.485 , 4.633 , 218.80 , 109.26
5268 , 25413 , 24.60 , -32.8 , 0 , 10.36 , 11.471 , 4.664 , 219.51 , 108.55
5278 , 25465 , 24.41 , -32.7 , 0 , 10.34 , 11.380 , 4.661 , 220.18 , 107.88
5288 , 25521 , 24.22 , -32.8 , 0 , 10.31 , 11.416 , 4.713 , 220.89 , 107.17
5298 , 25575 , 24.04 , -32.8 , 0 , 10.29 , 11.428 , 4.754 , 221.58 , 106.48
5307 , 25628 , 23.86 , -32.8 , 0 , 10.27 , 11.413 , 4.784 , 222.26 , 105.80
5317 , 25676 , 23.69 , -32.9 , 0 , 10.25 , 11.452 , 4.833 , 222.87 , 105.18
5327 , 25729 , 23.51 , -32.8 , 0 , 10.22 , 11.364 , 4.833 , 223.56 , 104.50
5337 , 25783 , 23.34 , -33.0 , 0 , 10.20 , 11.298 , 4.842 , 224.24 , 103.82
5347 , 25835 , 23.17 , -33.1 , 0 , 10.18 , 11.266 , 4.863 , 224.89 , 103.17
5357 , 25887 , 22.99 , -32.9 , 0 , 10.16 , 11.206 , 4.874 , 225.56 , 102.50
5367 , 25947 , 22.80 , -32.8 , 0 , 10.14 , 11.265 , 4.941 , 226.31 , 101.75
5377 , 26002 , 22.62 , -32.8 , 0 , 10.11 , 11.204 , 4.953 , 227.00 , 101.06
5387 , 26055 , 22.45 , -32.9 , 0 , 10.09 , 11.131 , 4.958 , 227.67 , 100.39
5397 , 26114 , 22.26 , -32.7 , 0 , 10.07 , 11.090 , 4.981 , 228.41 , 99.65
5407 , 26173 , 22.08 , -32.6 , 0 , 10.05 , 11.042 , 5.001 , 229.13 , 98.93
5417 , 26231 , 21.90 , -32.6 , 0 , 10.03 , 10.938 , 4.995 , 229.85 , 98.21
5427 , 26287 , 21.72 , -32.5 , 0 , 10.01 , 10.738 , 4.943 , 230.53 , 97.53
5437 , 26341 , 21.56 , -32.5 , 0 , 9.99 , 10.652 , 4.942 , 231.18 , 96.88
5447 , 26398 , 21.38 , -32.5 , 0 , 9.97 , 10.568 , 4.942 , 231.86 , 96.20
5457 , 26452 , 21.22 , -32.5 , 0 , 9.95 , 10.452 , 4.925 , 232.49 , 95.57
5467 , 26510 , 21.05 , -32.4 , 0 , 9.93 , 10.396 , 4.940 , 233.17 , 94.89
5477 , 26564 , 20.88 , -32.2 , 0 , 9.91 , 10.275 , 4.920 , 233.79 , 94.26
5487 , 26620 , 20.72 , -32.1 , 0 , 9.89 , 10.335 , 4.988 , 234.43 , 93.62
5497 , 26679 , 20.55 , -32.2 , 0 , 9.87 , 10.289 , 5.008 , 235.12 , 92.93
5507 , 26737 , 20.38 , -32.0 , 0 , 9.86 , 10.225 , 5.017 , 235.78 , 92.27
5517 , 26789 , 20.23 , -31.7 , 0 , 9.84 , 10.134 , 5.010 , 236.38 , 91.68
5527 , 26843 , 20.08 , -31.7 , 0 , 9.82 , 10.031 , 4.996 , 236.98 , 91.07
5537 , 26897 , 19.92 , -31.7 , 0 , 9.80 , 9.929 , 4.984 , 237.58 , 90.47
5547 , 26952 , 19.77 , -31.7 , 0 , 9.79 , 9.971 , 5.044 , 238.20 , 89.86
5557 , 27005 , 19.62 , -31.7 , 0 , 9.77 , 10.050 , 5.122 , 238.79 , 89.27
5567 , 27057 , 19.48 , -31.8 , 0 , 9.76 , 10.098 , 5.184 , 239.37 , 88.68
5577 , 27107 , 19.34 , -31.9 , 0 , 9.75 , 10.128 , 5.237 , 239.94 , 88.12
5587 , 27160 , 19.20 , -31.9 , 0 , 9.73 , 10.113 , 5.268 , 240.53 , 87.52
5596 , 27205 , 19.07 , -31.9 , 0 , 9.72 , 10.066 , 5.278 , 241.05 , 87.01
5606 , 27258 , 18.93 , -31.8 , 0 , 9.71 , 10.058 , 5.313 , 241.64 , 86.42
5616 , 27310 , 18.79 , -31.6 , 0 , 9.70 , 10.103 , 5.377 , 242.23 , 85.83
5626 , 27367 , 18.64 , -31.5 , 0 , 9.69 , 10.043 , 5.388 , 242.87 , 85.19
5636 , 27417 , 18.51 , -31.6 , 0 , 9.68 , 10.041 , 5.424 , 243.42 , 84.64
5646 , 27474 , 18.36 , -31.5 , 0 , 9.66 , 10.004 , 5.448 , 244.06 , 84.00
5656 , 27530 , 18.22 , -31.5 , 0 , 9.66 , 10.038 , 5.510 , 244.69 , 83.37
5666 , 27586 , 18.07 , -31.5 , 0 , 9.64 , 10.029 , 5.550 , 245.32 , 82.74
5676 , 27637 , 17.94 , -31.7 , 0 , 9.64 , 9.933 , 5.536 , 245.89 , 82.17
5686 , 27694 , 17.80 , -31.5 , 0 , 9.62 , 9.881 , 5.551 , 246.51 , 81.54
5696 , 27748 , 17.66 , -31.4 , 0 , 9.61 , 9.951 , 5.634 , 247.11 , 80.94
5706 , 27806 , 17.52 , -31.5 , 0 , 9.60 , 9.937 , 5.672 , 247.75 , 80.30
5716 , 27864 , 17.38 , -31.3 , 0 , 9.59 , 9.958 , 5.731 , 248.40 , 79.66
5726 , 27917 , 17.25 , -31.3 , 0 , 9.58 , 9.841 , 5.706 , 248.98 , 79.08
5736 , 27974 , 17.11 , -31.3 , 0 , 9.57 , 9.728 , 5.686 , 249.61 , 78.45
5746 , 28035 , 16.96 , -31.3 , 0 , 9.56 , 9.663 , 5.697 , 250.26 , 77.79
5756 , 28086 , 16.84 , -30.8 , 0 , 9.55 , 9.592 , 5.696 , 250.81 , 77.24
5766 , 28143 , 16.71 , -30.7 , 0 , 9.54 , 9.552 , 5.718 , 251.42 , 76.64
5776 , 28197 , 16.58 , -30.6 , 0 , 9.53 , 9.433 , 5.690 , 252.00 , 76.06
5786 , 28251 , 16.45 , -30.6 , 0 , 9.51 , 9.413 , 5.721 , 252.55 , 75.51
5796 , 28307 , 16.32 , -30.4 , 0 , 9.50 , 9.388 , 5.752 , 253.14 , 74.91
5806 , 28364 , 16.19 , -30.1 , 0 , 9.49 , 9.382 , 5.794 , 253.73 , 74.32
5816 , 28418 , 16.07 , -29.8 , 0 , 9.48 , 9.371 , 5.831 , 254.30 , 73.76
5826 , 28475 , 15.94 , -29.8 , 0 , 9.47 , 9.331 , 5.853 , 254.89 , 73.17
5836 , 28530 , 15.82 , -29.8 , 0 , 9.46 , 9.359 , 5.916 , 255.46 , 72.60
5846 , 28587 , 15.69 , -29.5 , 0 , 9.45 , 9.423 , 6.004 , 256.05 , 72.01
5856 , 28637 , 15.58 , -29.3 , 0 , 9.44 , 9.362 , 6.008 , 256.57 , 71.48
5866 , 28695 , 15.46 , -29.1 , 0 , 9.43 , 9.357 , 6.053 , 257.17 , 70.89
5876 , 28747 , 15.35 , -28.8 , 0 , 9.42 , 9.412 , 6.133 , 257.71 , 70.35
5886 , 28793 , 15.25 , -28.6 , 0 , 9.41 , 9.421 , 6.179 , 258.18 , 69.87
5896 , 28848 , 15.13 , -28.4 , 0 , 9.40 , 9.505 , 6.281 , 258.76 , 69.30
5906 , 28903 , 15.02 , -28.5 , 0 , 9.39 , 9.476 , 6.311 , 259.33 , 68.72
5915 , 28955 , 14.91 , -28.6 , 0 , 9.38 , 9.376 , 6.289 , 259.87 , 68.19
5924 , 28999 , 14.82 , -28.5 , 0 , 9.37 , 9.337 , 6.302 , 260.33 , 67.73
5935 , 29056 , 14.70 , -28.3 , 0 , 9.36 , 9.200 , 6.259 , 260.91 , 67.15
5945 , 29115 , 14.58 , -28.3 , 0 , 9.35 , 9.028 , 6.193 , 261.50 , 66.55
5955 , 29167 , 14.47 , -28.2 , 0 , 9.34 , 8.925 , 6.167 , 262.02 , 66.04
5965 , 29222 , 14.36 , -28.2 , 0 , 9.34 , 8.804 , 6.130 , 262.55 , 65.51
5975 , 29275 , 14.26 , -27.8 , 0 , 9.33 , 8.758 , 6.143 , 263.06 , 64.99
5985 , 29325 , 14.16 , -27.8 , 0 , 9.32 , 8.708 , 6.151 , 263.54 , 64.51
5995 , 29381 , 14.05 , -27.8 , 0 , 9.31 , 8.631 , 6.144 , 264.07 , 63.98
6005 , 29435 , 13.94 , -27.8 , 0 , 9.30 , 8.487 , 6.087 , 264.58 , 63.48
6015 , 29489 , 13.84 , -27.7 , 0 , 9.29 , 8.315 , 6.009 , 265.09 , 62.97
6025 , 29540 , 13.74 , -27.6 , 0 , 9.28 , 8.221 , 5.984 , 265.55 , 62.51
6035 , 29599 , 13.63 , -27.4 , 0 , 9.27 , 8.043 , 5.901 , 266.07 , 61.99
6045 , 29649 , 13.53 , -27.3 , 0 , 9.26 , 7.975 , 5.893 , 266.51 , 61.54
6055 , 29705 , 13.43 , -27.1 , 0 , 9.25 , 8.013 , 5.967 , 267.00 , 61.06
6065 , 29761 , 13.33 , -26.8 , 0 , 9.24 , 8.056 , 6.045 , 267.49 , 60.57
6075 , 29813 , 13.23 , -26.5 , 0 , 9.23 , 8.044 , 6.081 , 267.96 , 60.10
6085 , 29869 , 13.13 , -26.1 , 0 , 9.22 , 7.980 , 6.080 , 268.44 , 59.61
6095 , 29926 , 13.02 , -25.9 , 0 , 9.21 , 7.919 , 6.080 , 268.94 , 59.12
6105 , 29979 , 12.93 , -25.9 , 0 , 9.20 , 7.749 , 5.994 , 269.39 , 58.67
6115 , 30036 , 12.83 , -25.9 , 0 , 9.18 , 7.664 , 5.975 , 269.87 , 58.19
6125 , 30089 , 12.73 , -25.9 , 0 , 9.17 , 7.662 , 6.017 , 270.31 , 57.75
6135 , 30146 , 12.63 , -25.9 , 0 , 9.16 , 7.561 , 5.984 , 270.78 , 57.28
6145 , 30203 , 12.54 , -25.8 , 0 , 9.15 , 7.509 , 5.990 , 271.25 , 56.81
6155 , 30257 , 12.44 , -25.9 , 0 , 9.14 , 7.489 , 6.019 , 271.69 , 56.36
6165 , 30311 , 12.35 , -25.6 , 0 , 9.13 , 7.465 , 6.045 , 272.13 , 55.92
6175 , 30369 , 12.25 , -25.5 , 0 , 9.12 , 7.485 , 6.111 , 272.61 , 55.45
6185 , 30421 , 12.16 , -25.3 , 0 , 9.11 , 7.396 , 6.080 , 273.03 , 55.03
6194 , 30470 , 12.08 , -25.2 , 0 , 9.10 , 7.333 , 6.070 , 273.42 , 54.64
6204 , 30520 , 12.00 , -25.5 , 0 , 9.08 , 7.204 , 6.004 , 273.81 , 54.25
6214 , 30579 , 11.90 , -25.6 , 0 , 9.07 , 7.102 , 5.968 , 274.28 , 53.78
6223 , 30629 , 11.82 , -25.5 , 0 , 9.06 , 7.014 , 5.935 , 274.66 , 53.40
6233 , 30685 , 11.73 , -25.5 , 0 , 9.05 , 6.967 , 5.940 , 275.09 , 52.97
6243 , 30747 , 11.63 , -25.3 , 0 , 9.04 , 6.893 , 5.928 , 275.55 , 52.50
6253 , 30803 , 11.54 , -25.0 , 0 , 9.03 , 6.840 , 5.927 , 275.97 , 52.09
6263 , 30862 , 11.45 , -25.0 , 0 , 9.02 , 6.793 , 5.934 , 276.40 , 51.65
6273 , 30909 , 11.37 , -24.9 , 0 , 9.01 , 6.736 , 5.923 , 276.75 , 51.31
6283 , 30963 , 11.29 , -25.2 , 0 , 9.00 , 6.676 , 5.914 , 277.14 , 50.91
6293 , 31017 , 11.20 , -25.2 , 0 , 8.99 , 6.622 , 5.910 , 277.54 , 50.52
6303 , 31071 , 11.12 , -25.3 , 0 , 8.98 , 6.550 , 5.889 , 277.92 , 50.14
6313 , 31127 , 11.04 , -25.3 , 0 , 8.97 , 6.465 , 5.859 , 278.32 , 49.74
6323 , 31179 , 10.96 , -25.2 , 0 , 8.96 , 6.389 , 5.831 , 278.68 , 49.38
6333 , 31229 , 10.88 , -24.9 , 0 , 8.95 , 6.309 , 5.798 , 279.03 , 49.03
6342 , 31284 , 10.80 , -24.7 , 0 , 8.94 , 6.259 , 5.795 , 279.40 , 48.66
6352 , 31328 , 10.73 , -24.4 , 0 , 8.93 , 6.352 , 5.918 , 279.70 , 48.35
6362 , 31382 , 10.65 , -24.4 , 0 , 8.93 , 6.383 , 5.991 , 280.08 , 47.98
6371 , 31428 , 10.59 , -24.4 , 0 , 8.92 , 6.278 , 5.929 , 280.39 , 47.66
6381 , 31483 , 10.51 , -24.4 , 0 , 8.91 , 6.203 , 5.903 , 280.77 , 47.29
6391 , 31529 , 10.44 , -24.2 , 0 , 8.90 , 6.100 , 5.841 , 281.07 , 46.98
6401 , 31588 , 10.36 , -24.1 , 0 , 8.90 , 6.016 , 5.808 , 281.46 , 46.60
6411 , 31635 , 10.29 , -24.1 , 0 , 8.89 , 5.950 , 5.781 , 281.76 , 46.30
6421 , 31687 , 10.22 , -24.1 , 0 , 8.88 , 5.895 , 5.769 , 282.10 , 45.96
6431 , 31743 , 10.14 , -24.0 , 0 , 8.87 , 5.830 , 5.750 , 282.45 , 45.61
6441 , 31794 , 10.07 , -23.8 , 0 , 8.87 , 5.788 , 5.748 , 282.77 , 45.28
6451 , 31849 , 9.99 , -23.8 , 0 , 8.86 , 5.725 , 5.728 , 283.11 , 44.95
6461 , 31899 , 9.93 , -23.8 , 0 , 8.85 , 5.699 , 5.742 , 283.42 , 44.64
6471 , 31954 , 9.85 , -24.0 , 0 , 8.85 , 5.625 , 5.710 , 283.76 , 44.30
6481 , 32000 , 9.79 , -23.9 , 0 , 8.84 , 5.612 , 5.733 , 284.04 , 44.02
6490 , 32056 , 9.71 , -23.7 , 0 , 8.83 , 5.585 , 5.750 , 284.38 , 43.68
6500 , 32101 , 9.66 , -23.6 , 0 , 8.82 , 5.533 , 5.731 , 284.65 , 43.41
6510 , 32157 , 9.58 , -23.3 , 0 , 8.82 , 5.501 , 5.741 , 284.98 , 43.07
6520 , 32206 , 9.52 , -23.0 , 0 , 8.81 , 5.451 , 5.727 , 285.27 , 42.79
6530 , 32256 , 9.45 , -22.9 , 0 , 8.80 , 5.443 , 5.759 , 285.56 , 42.49
6540 , 32315 , 9.38 , -22.7 , 0 , 8.79 , 5.376 , 5.733 , 285.91 , 42.15
6549 , 32358 , 9.32 , -22.8 , 0 , 8.78 , 5.358 , 5.748 , 286.16 , 41.90
6559 , 32410 , 9.26 , -22.9 , 0 , 8.78 , 5.321 , 5.748 , 286.45 , 41.60
6569 , 32457 , 9.20 , -23.0 , 0 , 8.77 , 5.268 , 5.729 , 286.73 , 41.33
6579 , 32511 , 9.13 , -22.7 , 0 , 8.76 , 5.209 , 5.706 , 287.03 , 41.03
6589 , 32564 , 9.06 , -22.4 , 0 , 8.75 , 5.148 , 5.680 , 287.32 , 40.73
6598 , 32605 , 9.01 , -22.1 , 0 , 8.74 , 5.110 , 5.670 , 287.55 , 40.51
6608 , 32661 , 8.94 , -22.0 , 0 , 8.73 , 5.081 , 5.681 , 287.86 , 40.20
6618 , 32705 , 8.89 , -21.8 , 0 , 8.72 , 5.054 , 5.684 , 288.09 , 39.96
6628 , 32760 , 8.83 , -21.6 , 0 , 8.71 , 5.025 , 5.693 , 288.39 , 39.67
6638 , 32806 , 8.77 , -21.4 , 0 , 8.70 , 4.996 , 5.696 , 288.64 , 39.42
6648 , 32862 , 8.70 , -21.2 , 0 , 8.69 , 4.957 , 5.694 , 288.93 , 39.12
6658 , 32903 , 8.66 , -20.9 , 0 , 8.68 , 4.918 , 5.683 , 289.15 , 38.90
6668 , 32955 , 8.59 , -20.8 , 0 , 8.67 , 4.879 , 5.677 , 289.43 , 38.63
6678 , 33010 , 8.53 , -20.5 , 0 , 8.66 , 4.847 , 5.681 , 289.71 , 38.35
6688 , 33058 , 8.48 , -20.1 , 0 , 8.65 , 4.832 , 5.700 , 289.96 , 38.10
6698 , 33106 , 8.42 , -19.9 , 0 , 8.65 , 4.797 , 5.695 , 290.20 , 37.85
