# ------------------------------------------------------------
#
# Flight name: V0912
# Station: Davis
# Launch Date: 28 February 2012
# Launch Time: 23:28:14
# 
# This file created: Fri Mar 02 15:09:53 2012
# 
# 
# ------------------------------------------------------------
# DATA COLUMNS
# Time (s)
# Height (m)
# Atmospheric Pressure (hPa)
# Atmospheric Temperature (°C)
# Relative Humidity (%)
# Box Temperature (°C)
# Ozone Partial Pressure (mPa)
# Ozone Mixing Ratio (ppmV)
# Accumulated Ozone to this Height (Dobson Units)
# Remaining Ozone above this Height (Dobson Units)
# 
# ------------------------------------------------------------
# 
# Integrated Ozone =  30.7 DU
# Extrapolated Ozone =  33.1 DU
# 
# Total Ozone =  63.9 DU
# 
# 
# ------------------------------------------------------------
1 , 18 , 979.46 , -8.9 , 34 , 34.48 , 1.715 , 0.018 , 0.00 , 63.85
10 , 60 , 974.04 , -9.1 , 36 , 34.44 , 1.737 , 0.018 , 0.08 , 63.78
20 , 114 , 967.28 , -8.5 , 35 , 34.36 , 1.749 , 0.018 , 0.17 , 63.68
30 , 169 , 960.51 , -8.4 , 32 , 34.26 , 1.778 , 0.019 , 0.27 , 63.58
40 , 225 , 953.60 , -8.1 , 29 , 34.16 , 1.808 , 0.019 , 0.37 , 63.48
50 , 288 , 945.87 , -7.0 , 21 , 34.05 , 1.825 , 0.019 , 0.49 , 63.37
60 , 346 , 938.91 , -6.3 , 17 , 33.95 , 1.842 , 0.020 , 0.59 , 63.26
70 , 405 , 931.77 , -6.7 , 16 , 33.84 , 1.837 , 0.020 , 0.71 , 63.15
80 , 469 , 924.16 , -7.3 , 17 , 33.73 , 1.833 , 0.020 , 0.82 , 63.03
90 , 528 , 917.20 , -7.8 , 17 , 33.62 , 1.825 , 0.020 , 0.93 , 62.92
100 , 581 , 910.99 , -7.8 , 16 , 33.51 , 1.823 , 0.020 , 1.03 , 62.82
110 , 634 , 904.71 , -7.7 , 15 , 33.40 , 1.814 , 0.020 , 1.13 , 62.72
120 , 688 , 898.52 , -8.1 , 15 , 33.30 , 1.805 , 0.020 , 1.23 , 62.63
130 , 739 , 892.63 , -8.4 , 15 , 33.21 , 1.805 , 0.020 , 1.32 , 62.53
140 , 791 , 886.61 , -8.3 , 13 , 33.11 , 1.790 , 0.020 , 1.42 , 62.44
150 , 850 , 879.88 , -8.2 , 12 , 33.00 , 1.778 , 0.020 , 1.53 , 62.33
160 , 909 , 873.30 , -8.0 , 11 , 32.91 , 1.759 , 0.020 , 1.63 , 62.22
170 , 958 , 867.75 , -8.3 , 11 , 32.80 , 1.747 , 0.020 , 1.72 , 62.14
180 , 1014 , 861.45 , -8.5 , 10 , 32.71 , 1.746 , 0.020 , 1.82 , 62.04
190 , 1070 , 855.31 , -8.9 , 10 , 32.61 , 1.714 , 0.020 , 1.92 , 61.94
200 , 1119 , 849.95 , -9.2 , 10 , 32.52 , 1.713 , 0.020 , 2.00 , 61.85
210 , 1174 , 843.91 , -9.6 , 10 , 32.43 , 1.713 , 0.020 , 2.10 , 61.76
220 , 1234 , 837.37 , -10.1 , 11 , 32.33 , 1.697 , 0.020 , 2.20 , 61.65
229 , 1284 , 831.88 , -10.3 , 10 , 32.24 , 1.686 , 0.020 , 2.29 , 61.56
239 , 1337 , 826.15 , -10.7 , 10 , 32.14 , 1.680 , 0.020 , 2.38 , 61.47
249 , 1390 , 820.50 , -11.0 , 10 , 32.05 , 1.683 , 0.021 , 2.47 , 61.38
259 , 1451 , 813.99 , -11.5 , 10 , 31.97 , 1.678 , 0.021 , 2.58 , 61.27
269 , 1516 , 807.13 , -12.1 , 10 , 31.88 , 1.663 , 0.021 , 2.69 , 61.16
279 , 1577 , 800.73 , -12.5 , 10 , 31.79 , 1.655 , 0.021 , 2.79 , 61.06
289 , 1639 , 794.20 , -12.0 , 8 , 31.70 , 1.663 , 0.021 , 2.90 , 60.95
299 , 1700 , 787.96 , -11.8 , 7 , 31.62 , 1.675 , 0.021 , 3.01 , 60.85
309 , 1757 , 782.05 , -12.0 , 7 , 31.52 , 1.671 , 0.021 , 3.11 , 60.75
319 , 1818 , 775.81 , -12.4 , 7 , 31.43 , 1.689 , 0.022 , 3.21 , 60.64
329 , 1886 , 768.90 , -13.0 , 7 , 31.34 , 1.692 , 0.022 , 3.33 , 60.52
339 , 1948 , 762.73 , -13.2 , 6 , 31.23 , 1.698 , 0.022 , 3.44 , 60.42
349 , 2003 , 757.17 , -13.6 , 7 , 31.15 , 1.700 , 0.022 , 3.54 , 60.32
359 , 2058 , 751.77 , -13.9 , 6 , 31.05 , 1.698 , 0.023 , 3.63 , 60.22
369 , 2115 , 746.12 , -14.1 , 6 , 30.95 , 1.703 , 0.023 , 3.73 , 60.12
379 , 2172 , 740.49 , -14.2 , 6 , 30.88 , 1.707 , 0.023 , 3.84 , 60.02
389 , 2225 , 735.41 , -14.2 , 6 , 30.79 , 1.709 , 0.023 , 3.93 , 59.93
399 , 2277 , 730.35 , -14.1 , 5 , 30.70 , 1.748 , 0.024 , 4.02 , 59.83
409 , 2335 , 724.80 , -14.5 , 5 , 30.62 , 1.779 , 0.025 , 4.13 , 59.72
419 , 2394 , 719.12 , -14.8 , 5 , 30.53 , 1.775 , 0.025 , 4.24 , 59.61
429 , 2450 , 713.83 , -14.8 , 5 , 30.44 , 1.781 , 0.025 , 4.34 , 59.51
439 , 2502 , 708.94 , -14.1 , 5 , 30.37 , 1.782 , 0.025 , 4.44 , 59.41
449 , 2565 , 703.09 , -13.8 , 4 , 30.31 , 1.824 , 0.026 , 4.56 , 59.30
459 , 2623 , 697.77 , -13.8 , 4 , 30.24 , 1.861 , 0.027 , 4.67 , 59.19
469 , 2682 , 692.37 , -13.6 , 3 , 30.18 , 1.937 , 0.028 , 4.78 , 59.07
479 , 2746 , 686.52 , -13.1 , 3 , 30.11 , 2.005 , 0.029 , 4.92 , 58.94
489 , 2808 , 680.99 , -12.7 , 3 , 30.04 , 2.071 , 0.030 , 5.05 , 58.81
499 , 2872 , 675.31 , -11.7 , 3 , 29.97 , 2.004 , 0.030 , 5.18 , 58.67
509 , 2926 , 670.52 , -11.4 , 3 , 29.92 , 1.950 , 0.029 , 5.29 , 58.56
519 , 2974 , 666.37 , -11.1 , 2 , 29.86 , 2.022 , 0.030 , 5.39 , 58.46
529 , 3017 , 662.69 , -10.5 , 2 , 29.80 , 1.996 , 0.030 , 5.48 , 58.38
538 , 3059 , 659.06 , -9.8 , 2 , 29.76 , 1.972 , 0.030 , 5.56 , 58.29
548 , 3107 , 654.96 , -9.4 , 2 , 29.72 , 1.832 , 0.028 , 5.66 , 58.20
558 , 3150 , 651.30 , -9.5 , 2 , 29.67 , 1.838 , 0.028 , 5.74 , 58.12
568 , 3194 , 647.58 , -9.5 , 2 , 29.61 , 1.885 , 0.029 , 5.82 , 58.03
578 , 3249 , 643.00 , -9.6 , 4 , 29.54 , 1.954 , 0.030 , 5.93 , 57.92
588 , 3319 , 637.21 , -9.9 , 6 , 29.49 , 2.021 , 0.032 , 6.07 , 57.78
598 , 3389 , 631.43 , -10.3 , 9 , 29.45 , 2.029 , 0.032 , 6.22 , 57.64
608 , 3449 , 626.55 , -10.8 , 9 , 29.41 , 2.017 , 0.032 , 6.34 , 57.51
618 , 3510 , 621.56 , -11.3 , 11 , 29.36 , 1.997 , 0.032 , 6.47 , 57.39
628 , 3573 , 616.46 , -11.8 , 12 , 29.31 , 1.958 , 0.032 , 6.60 , 57.26
638 , 3640 , 611.13 , -12.4 , 13 , 29.26 , 1.913 , 0.031 , 6.73 , 57.12
648 , 3711 , 605.43 , -13.0 , 14 , 29.23 , 1.853 , 0.031 , 6.87 , 56.99
658 , 3772 , 600.56 , -13.6 , 15 , 29.18 , 1.814 , 0.030 , 6.99 , 56.87
668 , 3838 , 595.38 , -14.1 , 16 , 29.13 , 1.780 , 0.030 , 7.11 , 56.75
678 , 3903 , 590.27 , -14.8 , 17 , 29.11 , 1.765 , 0.030 , 7.23 , 56.63
688 , 3970 , 585.12 , -15.4 , 18 , 29.05 , 1.745 , 0.030 , 7.35 , 56.50
698 , 4029 , 580.53 , -15.9 , 24 , 29.01 , 1.702 , 0.029 , 7.46 , 56.40
708 , 4090 , 575.85 , -16.4 , 31 , 28.97 , 1.672 , 0.029 , 7.57 , 56.29
718 , 4160 , 570.54 , -17.0 , 37 , 28.94 , 1.608 , 0.028 , 7.69 , 56.17
728 , 4216 , 566.26 , -17.6 , 38 , 28.91 , 1.543 , 0.027 , 7.78 , 56.08
738 , 4268 , 562.29 , -18.1 , 40 , 28.88 , 1.512 , 0.027 , 7.86 , 55.99
748 , 4327 , 557.90 , -18.5 , 42 , 28.84 , 1.504 , 0.027 , 7.96 , 55.90
758 , 4385 , 553.57 , -18.8 , 44 , 28.79 , 1.489 , 0.027 , 8.05 , 55.81
768 , 4443 , 549.29 , -18.9 , 44 , 28.75 , 1.448 , 0.026 , 8.14 , 55.72
778 , 4508 , 544.48 , -19.3 , 44 , 28.70 , 1.369 , 0.025 , 8.24 , 55.62
788 , 4573 , 539.77 , -19.7 , 42 , 28.64 , 1.343 , 0.025 , 8.33 , 55.52
798 , 4624 , 536.06 , -20.1 , 43 , 28.59 , 1.325 , 0.025 , 8.40 , 55.45
808 , 4676 , 532.29 , -20.6 , 44 , 28.55 , 1.325 , 0.025 , 8.48 , 55.38
818 , 4726 , 528.69 , -20.9 , 44 , 28.50 , 1.314 , 0.025 , 8.55 , 55.31
828 , 4782 , 524.72 , -21.3 , 44 , 28.45 , 1.324 , 0.025 , 8.63 , 55.23
838 , 4849 , 519.95 , -21.8 , 45 , 28.41 , 1.301 , 0.025 , 8.72 , 55.13
847 , 4910 , 515.65 , -22.1 , 44 , 28.37 , 1.295 , 0.025 , 8.80 , 55.05
856 , 4964 , 511.91 , -22.6 , 44 , 28.33 , 1.284 , 0.025 , 8.88 , 54.98
866 , 5022 , 507.87 , -23.0 , 45 , 28.29 , 1.266 , 0.025 , 8.96 , 54.90
876 , 5086 , 503.45 , -23.5 , 48 , 28.24 , 1.253 , 0.025 , 9.05 , 54.81
886 , 5142 , 499.59 , -23.9 , 51 , 28.18 , 1.239 , 0.025 , 9.12 , 54.73
896 , 5205 , 495.26 , -24.5 , 52 , 28.14 , 1.221 , 0.025 , 9.21 , 54.65
906 , 5257 , 491.75 , -24.9 , 53 , 28.10 , 1.210 , 0.025 , 9.27 , 54.58
916 , 5310 , 488.17 , -25.1 , 51 , 28.06 , 1.207 , 0.025 , 9.34 , 54.51
926 , 5366 , 484.45 , -25.6 , 53 , 28.01 , 1.221 , 0.025 , 9.42 , 54.44
936 , 5420 , 480.86 , -26.1 , 56 , 27.95 , 1.210 , 0.025 , 9.49 , 54.37
946 , 5470 , 477.52 , -26.4 , 61 , 27.91 , 1.207 , 0.025 , 9.55 , 54.30
956 , 5530 , 473.59 , -25.9 , 61 , 27.85 , 1.211 , 0.026 , 9.63 , 54.22
966 , 5593 , 469.48 , -25.4 , 52 , 27.82 , 1.207 , 0.026 , 9.72 , 54.14
976 , 5650 , 465.79 , -25.1 , 44 , 27.79 , 1.214 , 0.026 , 9.79 , 54.06
986 , 5712 , 461.82 , -25.4 , 41 , 27.73 , 1.212 , 0.026 , 9.87 , 53.98
995 , 5767 , 458.38 , -25.7 , 41 , 27.67 , 1.223 , 0.027 , 9.95 , 53.91
1005 , 5815 , 455.34 , -25.9 , 40 , 27.63 , 1.214 , 0.027 , 10.01 , 53.84
1015 , 5874 , 451.61 , -26.3 , 40 , 27.58 , 1.195 , 0.026 , 10.09 , 53.77
1025 , 5939 , 447.60 , -26.5 , 40 , 27.53 , 1.167 , 0.026 , 10.17 , 53.68
1035 , 6001 , 443.75 , -26.9 , 38 , 27.48 , 1.194 , 0.027 , 10.25 , 53.60
1045 , 6057 , 440.30 , -27.4 , 37 , 27.44 , 1.259 , 0.029 , 10.33 , 53.53
1055 , 6110 , 437.06 , -27.9 , 38 , 27.42 , 1.346 , 0.031 , 10.40 , 53.45
1065 , 6170 , 433.46 , -28.4 , 38 , 27.36 , 1.423 , 0.033 , 10.49 , 53.36
1075 , 6226 , 430.06 , -28.7 , 34 , 27.31 , 1.500 , 0.035 , 10.58 , 53.27
1085 , 6279 , 426.89 , -29.1 , 32 , 27.27 , 1.535 , 0.036 , 10.67 , 53.18
1095 , 6332 , 423.72 , -29.5 , 32 , 27.23 , 1.537 , 0.036 , 10.76 , 53.09
1105 , 6389 , 420.36 , -30.0 , 32 , 27.18 , 1.528 , 0.036 , 10.86 , 52.99
1115 , 6445 , 417.05 , -30.5 , 33 , 27.15 , 1.513 , 0.036 , 10.95 , 52.90
1125 , 6500 , 413.84 , -31.0 , 34 , 27.12 , 1.513 , 0.037 , 11.05 , 52.81
1135 , 6553 , 410.73 , -31.4 , 35 , 27.07 , 1.547 , 0.038 , 11.14 , 52.72
1145 , 6612 , 407.32 , -31.7 , 36 , 27.04 , 1.543 , 0.038 , 11.24 , 52.61
1155 , 6673 , 403.81 , -32.2 , 37 , 27.01 , 1.525 , 0.038 , 11.34 , 52.51
1164 , 6724 , 400.93 , -32.5 , 38 , 26.97 , 1.558 , 0.039 , 11.43 , 52.42
1174 , 6781 , 397.68 , -32.9 , 40 , 26.94 , 1.562 , 0.039 , 11.53 , 52.32
1184 , 6854 , 393.61 , -33.6 , 43 , 26.91 , 1.559 , 0.040 , 11.66 , 52.20
1194 , 6912 , 390.32 , -34.0 , 44 , 26.85 , 1.562 , 0.040 , 11.76 , 52.09
1204 , 6975 , 386.83 , -34.4 , 42 , 26.80 , 1.558 , 0.040 , 11.87 , 51.98
1214 , 7046 , 382.91 , -34.5 , 33 , 26.77 , 1.539 , 0.040 , 12.00 , 51.86
1224 , 7105 , 379.68 , -34.9 , 27 , 26.73 , 1.492 , 0.039 , 12.10 , 51.76
1234 , 7161 , 376.67 , -35.3 , 25 , 26.69 , 1.444 , 0.038 , 12.19 , 51.66
1244 , 7207 , 374.20 , -35.5 , 24 , 26.66 , 1.381 , 0.037 , 12.26 , 51.59
1254 , 7259 , 371.40 , -36.0 , 24 , 26.61 , 1.356 , 0.037 , 12.34 , 51.51
1264 , 7324 , 367.93 , -36.6 , 26 , 26.57 , 1.315 , 0.036 , 12.44 , 51.41
1274 , 7376 , 365.16 , -37.1 , 27 , 26.54 , 1.317 , 0.036 , 12.52 , 51.33
1284 , 7435 , 362.05 , -37.6 , 29 , 26.50 , 1.307 , 0.036 , 12.61 , 51.24
1294 , 7494 , 358.98 , -38.1 , 34 , 26.46 , 1.302 , 0.036 , 12.70 , 51.16
1304 , 7557 , 355.70 , -38.4 , 37 , 26.41 , 1.255 , 0.035 , 12.79 , 51.06
1314 , 7616 , 352.66 , -38.8 , 41 , 26.35 , 1.251 , 0.035 , 12.88 , 50.98
1324 , 7673 , 349.73 , -39.0 , 42 , 26.31 , 1.317 , 0.038 , 12.96 , 50.89
1334 , 7734 , 346.62 , -39.3 , 35 , 26.28 , 1.342 , 0.039 , 13.05 , 50.80
1344 , 7791 , 343.77 , -39.7 , 33 , 26.24 , 1.316 , 0.038 , 13.14 , 50.71
1354 , 7851 , 340.77 , -40.3 , 31 , 26.19 , 1.301 , 0.038 , 13.23 , 50.62
1364 , 7912 , 337.73 , -40.8 , 32 , 26.13 , 1.277 , 0.038 , 13.32 , 50.53
1374 , 7965 , 335.09 , -41.3 , 35 , 26.07 , 1.311 , 0.039 , 13.40 , 50.45
1384 , 8009 , 332.91 , -41.6 , 37 , 26.04 , 1.351 , 0.041 , 13.47 , 50.38
1394 , 8063 , 330.27 , -42.1 , 38 , 25.99 , 1.407 , 0.043 , 13.56 , 50.30
1404 , 8110 , 327.96 , -42.4 , 38 , 25.95 , 1.398 , 0.043 , 13.63 , 50.22
1414 , 8161 , 325.50 , -42.9 , 38 , 25.91 , 1.392 , 0.043 , 13.72 , 50.14
1424 , 8220 , 322.69 , -43.2 , 36 , 25.87 , 1.366 , 0.042 , 13.81 , 50.04
1434 , 8281 , 319.78 , -43.5 , 32 , 25.82 , 1.332 , 0.042 , 13.91 , 49.95
1444 , 8333 , 317.31 , -43.9 , 29 , 25.77 , 1.244 , 0.039 , 13.99 , 49.87
1454 , 8390 , 314.62 , -44.4 , 27 , 25.73 , 1.166 , 0.037 , 14.07 , 49.79
1464 , 8440 , 312.26 , -44.8 , 26 , 25.68 , 1.089 , 0.035 , 14.14 , 49.72
1473 , 8482 , 310.32 , -45.2 , 25 , 25.65 , 1.063 , 0.034 , 14.19 , 49.67
1483 , 8532 , 308.01 , -45.5 , 23 , 25.61 , 1.038 , 0.034 , 14.25 , 49.60
1493 , 8597 , 304.98 , -46.1 , 23 , 25.56 , 0.967 , 0.032 , 14.33 , 49.53
1503 , 8653 , 302.43 , -46.6 , 25 , 25.52 , 0.883 , 0.029 , 14.39 , 49.46
1513 , 8711 , 299.82 , -47.0 , 25 , 25.48 , 0.882 , 0.029 , 14.45 , 49.40
1523 , 8770 , 297.12 , -47.5 , 24 , 25.43 , 0.865 , 0.029 , 14.51 , 49.34
1533 , 8830 , 294.45 , -47.9 , 23 , 25.40 , 0.876 , 0.030 , 14.57 , 49.28
1543 , 8899 , 291.40 , -48.4 , 23 , 25.36 , 0.875 , 0.030 , 14.65 , 49.21
1553 , 8958 , 288.80 , -48.7 , 22 , 25.30 , 0.875 , 0.030 , 14.71 , 49.15
1563 , 9021 , 286.02 , -49.2 , 22 , 25.23 , 0.873 , 0.031 , 14.78 , 49.08
1573 , 9073 , 283.75 , -49.5 , 25 , 25.16 , 0.900 , 0.032 , 14.83 , 49.02
1583 , 9132 , 281.20 , -49.9 , 26 , 25.11 , 1.034 , 0.037 , 14.90 , 48.95
1593 , 9199 , 278.36 , -50.4 , 26 , 25.06 , 1.076 , 0.039 , 14.98 , 48.87
1603 , 9262 , 275.67 , -50.9 , 28 , 24.99 , 1.086 , 0.039 , 15.07 , 48.79
1613 , 9324 , 273.04 , -51.3 , 29 , 24.94 , 1.172 , 0.043 , 15.15 , 48.70
1623 , 9390 , 270.30 , -51.8 , 29 , 24.89 , 1.207 , 0.045 , 15.25 , 48.61
1633 , 9454 , 267.63 , -51.9 , 27 , 24.83 , 1.135 , 0.042 , 15.34 , 48.52
1643 , 9515 , 265.12 , -52.1 , 25 , 24.77 , 1.040 , 0.039 , 15.42 , 48.43
1653 , 9581 , 262.43 , -52.1 , 24 , 24.72 , 0.965 , 0.037 , 15.50 , 48.35
1663 , 9645 , 259.83 , -52.5 , 23 , 24.67 , 0.941 , 0.036 , 15.58 , 48.28
1673 , 9709 , 257.27 , -52.9 , 23 , 24.61 , 0.907 , 0.035 , 15.65 , 48.21
1683 , 9777 , 254.58 , -53.2 , 24 , 24.55 , 0.965 , 0.038 , 15.73 , 48.13
1693 , 9837 , 252.20 , -53.5 , 25 , 24.49 , 1.120 , 0.044 , 15.80 , 48.05
1703 , 9901 , 249.72 , -54.1 , 26 , 24.42 , 1.239 , 0.050 , 15.89 , 47.96
1713 , 9964 , 247.28 , -54.6 , 27 , 24.36 , 1.306 , 0.053 , 15.99 , 47.86
1723 , 10029 , 244.78 , -54.9 , 27 , 24.31 , 1.362 , 0.056 , 16.10 , 47.75
1733 , 10096 , 242.22 , -54.8 , 28 , 24.24 , 1.450 , 0.060 , 16.22 , 47.64
1743 , 10164 , 239.65 , -54.2 , 30 , 24.17 , 1.541 , 0.064 , 16.34 , 47.51
1753 , 10228 , 237.27 , -54.2 , 32 , 24.11 , 1.608 , 0.068 , 16.47 , 47.39
1763 , 10300 , 234.62 , -54.4 , 32 , 24.03 , 1.644 , 0.070 , 16.61 , 47.24
1773 , 10363 , 232.31 , -54.8 , 32 , 23.95 , 1.691 , 0.073 , 16.74 , 47.11
1782 , 10422 , 230.17 , -54.8 , 31 , 23.88 , 1.743 , 0.076 , 16.87 , 46.99
1791 , 10477 , 228.23 , -55.0 , 30 , 23.83 , 1.729 , 0.076 , 16.98 , 46.87
1801 , 10540 , 225.95 , -55.0 , 29 , 23.78 , 1.798 , 0.080 , 17.12 , 46.73
1811 , 10606 , 223.64 , -54.6 , 27 , 23.72 , 1.838 , 0.082 , 17.27 , 46.58
1821 , 10672 , 221.35 , -54.0 , 23 , 23.65 , 1.931 , 0.087 , 17.42 , 46.43
1830 , 10742 , 218.96 , -54.1 , 20 , 23.59 , 2.013 , 0.092 , 17.59 , 46.26
1841 , 10809 , 216.67 , -53.8 , 17 , 23.51 , 2.175 , 0.100 , 17.77 , 46.09
1850 , 10857 , 215.08 , -51.1 , 13 , 23.46 , 2.479 , 0.115 , 17.90 , 45.95
1860 , 10915 , 213.17 , -49.5 , 9 , 23.39 , 3.027 , 0.142 , 18.09 , 45.76
1869 , 10969 , 211.40 , -49.3 , 6 , 23.34 , 3.337 , 0.158 , 18.30 , 45.55
1879 , 11031 , 209.44 , -48.8 , 4 , 23.28 , 3.646 , 0.174 , 18.56 , 45.29
1889 , 11094 , 207.42 , -48.8 , 3 , 23.21 , 3.708 , 0.179 , 18.84 , 45.01
1899 , 11161 , 205.31 , -49.1 , 2 , 23.16 , 3.700 , 0.180 , 19.14 , 44.71
1909 , 11220 , 203.49 , -49.2 , 1 , 23.10 , 3.725 , 0.183 , 19.40 , 44.45
1919 , 11279 , 201.66 , -48.4 , 1 , 23.05 , 3.660 , 0.182 , 19.66 , 44.19
1929 , 11339 , 199.83 , -48.0 , 1 , 23.00 , 3.620 , 0.181 , 19.93 , 43.93
1939 , 11401 , 197.97 , -47.8 , 1 , 22.95 , 3.351 , 0.169 , 20.18 , 43.67
1949 , 11460 , 196.21 , -47.6 , 1 , 22.91 , 3.168 , 0.161 , 20.41 , 43.44
1959 , 11518 , 194.49 , -47.0 , 1 , 22.87 , 2.874 , 0.148 , 20.62 , 43.23
1969 , 11578 , 192.74 , -47.2 , 1 , 22.81 , 2.643 , 0.137 , 20.82 , 43.03
1979 , 11639 , 190.96 , -47.3 , 0 , 22.76 , 2.538 , 0.133 , 21.01 , 42.84
1989 , 11700 , 189.21 , -47.5 , 0 , 22.70 , 2.348 , 0.124 , 21.19 , 42.67
1999 , 11764 , 187.40 , -47.6 , 0 , 22.64 , 2.143 , 0.114 , 21.36 , 42.50
2009 , 11832 , 185.46 , -47.6 , 0 , 22.60 , 2.071 , 0.112 , 21.53 , 42.32
2019 , 11898 , 183.62 , -47.8 , 0 , 22.54 , 2.066 , 0.113 , 21.69 , 42.16
2029 , 11960 , 181.92 , -47.4 , 0 , 22.49 , 2.088 , 0.115 , 21.85 , 42.01
2039 , 12020 , 180.25 , -46.6 , 0 , 22.44 , 2.054 , 0.114 , 22.00 , 41.86
2049 , 12084 , 178.54 , -46.1 , 0 , 22.39 , 2.022 , 0.113 , 22.15 , 41.70
2059 , 12146 , 176.89 , -45.7 , 0 , 22.33 , 1.986 , 0.112 , 22.30 , 41.56
2069 , 12209 , 175.21 , -45.2 , 0 , 22.28 , 2.059 , 0.118 , 22.45 , 41.41
2079 , 12276 , 173.47 , -45.4 , 0 , 22.23 , 2.113 , 0.122 , 22.61 , 41.24
2089 , 12336 , 171.91 , -45.8 , 0 , 22.18 , 2.080 , 0.121 , 22.76 , 41.09
2098 , 12394 , 170.43 , -46.1 , 0 , 22.14 , 2.093 , 0.123 , 22.91 , 40.95
2107 , 12448 , 169.03 , -46.5 , 0 , 22.10 , 2.106 , 0.125 , 23.04 , 40.81
2117 , 12508 , 167.51 , -46.5 , 0 , 22.05 , 2.118 , 0.126 , 23.19 , 40.66
2127 , 12572 , 165.89 , -46.7 , 0 , 22.00 , 2.142 , 0.129 , 23.36 , 40.50
2137 , 12639 , 164.22 , -47.2 , 0 , 21.95 , 2.196 , 0.134 , 23.53 , 40.32
2147 , 12705 , 162.60 , -47.7 , 0 , 21.91 , 2.185 , 0.134 , 23.70 , 40.15
2157 , 12773 , 160.93 , -47.8 , 0 , 21.87 , 2.172 , 0.135 , 23.88 , 39.98
2167 , 12848 , 159.11 , -47.7 , 0 , 21.82 , 2.199 , 0.138 , 24.07 , 39.78
2177 , 12911 , 157.59 , -48.1 , 0 , 21.77 , 2.215 , 0.141 , 24.24 , 39.61
2187 , 12973 , 156.12 , -48.1 , 0 , 21.72 , 2.252 , 0.144 , 24.41 , 39.45
2197 , 13033 , 154.72 , -48.1 , 0 , 21.67 , 2.304 , 0.149 , 24.57 , 39.29
2207 , 13093 , 153.30 , -48.1 , 0 , 21.63 , 2.387 , 0.156 , 24.74 , 39.11
2217 , 13154 , 151.90 , -48.1 , 0 , 21.59 , 2.436 , 0.160 , 24.91 , 38.94
2227 , 13214 , 150.52 , -48.4 , 0 , 21.54 , 2.477 , 0.165 , 25.09 , 38.76
2237 , 13273 , 149.17 , -48.9 , 0 , 21.50 , 2.535 , 0.170 , 25.27 , 38.59
2247 , 13332 , 147.84 , -48.8 , 0 , 21.45 , 2.591 , 0.175 , 25.45 , 38.40
2257 , 13391 , 146.51 , -48.7 , 0 , 21.41 , 2.633 , 0.180 , 25.64 , 38.22
2267 , 13455 , 145.09 , -48.7 , 0 , 21.36 , 2.679 , 0.185 , 25.84 , 38.01
2277 , 13518 , 143.71 , -48.7 , 0 , 21.31 , 2.750 , 0.191 , 26.05 , 37.81
2286 , 13577 , 142.42 , -48.4 , 0 , 21.26 , 2.863 , 0.201 , 26.25 , 37.61
2296 , 13635 , 141.18 , -47.7 , 0 , 21.22 , 2.978 , 0.211 , 26.45 , 37.41
2306 , 13694 , 139.92 , -47.5 , 0 , 21.17 , 3.110 , 0.222 , 26.66 , 37.19
2316 , 13754 , 138.66 , -47.0 , 0 , 21.11 , 3.217 , 0.232 , 26.89 , 36.97
2326 , 13816 , 137.37 , -46.9 , 0 , 20.95 , 3.358 , 0.244 , 27.13 , 36.72
2336 , 13874 , 136.17 , -46.8 , 0 , 20.83 , 3.486 , 0.256 , 27.37 , 36.49
2346 , 13934 , 134.95 , -46.0 , 0 , 20.74 , 3.707 , 0.275 , 27.62 , 36.23
2356 , 14000 , 133.61 , -45.9 , 0 , 20.66 , 3.944 , 0.295 , 27.92 , 35.93
2366 , 14069 , 132.23 , -46.2 , 0 , 20.60 , 4.091 , 0.309 , 28.25 , 35.60
2376 , 14142 , 130.79 , -46.3 , 0 , 20.54 , 4.187 , 0.320 , 28.61 , 35.24
2386 , 14210 , 129.45 , -46.6 , 0 , 20.47 , 4.126 , 0.319 , 28.95 , 34.91
2396 , 14275 , 128.18 , -46.9 , 0 , 20.42 , 4.159 , 0.324 , 29.27 , 34.58
2406 , 14339 , 126.94 , -47.4 , 0 , 20.38 , 4.175 , 0.329 , 29.59 , 34.26
2415 , 14397 , 125.84 , -47.6 , 0 , 20.34 , 4.081 , 0.324 , 29.87 , 33.98
2424 , 14451 , 124.81 , -47.9 , 0 , 20.43 , 4.147 , 0.332 , 30.14 , 33.71
2434 , 14511 , 123.69 , -48.2 , 0 , 20.48 , 4.127 , 0.334 , 30.44 , 33.42
2444 , 14572 , 122.54 , -48.2 , 0 , 20.47 , 4.196 , 0.342 , 30.74 , 33.11
