# ------------------------------------------------------------
#
# Flight name: V0712
# Station: Davis
# Launch Date: 15 February 2012
# Launch Time: 11:22:30
# 
# This file created: Thu Feb 16 11:26:50 2012
# 
# 
# ------------------------------------------------------------
# DATA COLUMNS
# Time (s)
# Height (m)
# Atmospheric Pressure (hPa)
# Atmospheric Temperature (°C)
# Relative Humidity (%)
# Box Temperature (°C)
# Ozone Partial Pressure (mPa)
# Ozone Mixing Ratio (ppmV)
# Accumulated Ozone to this Height (Dobson Units)
# Remaining Ozone above this Height (Dobson Units)
# 
# ------------------------------------------------------------
# 
# Integrated Ozone = 281.0 DU
# Extrapolated Ozone =  36.7 DU
# 
# Total Ozone = 317.8 DU
# 
# 
# ------------------------------------------------------------
0 , 18 , 991.25 , -3.1 , 76 , 31.01 , 1.451 , 0.015 , 0.00 , 317.76
10 , 52 , 986.89 , -3.7 , 81 , 31.01 , 1.465 , 0.015 , 0.05 , 317.71
20 , 95 , 981.58 , -4.1 , 82 , 30.99 , 1.474 , 0.015 , 0.11 , 317.65
30 , 146 , 975.22 , -4.5 , 84 , 30.93 , 1.482 , 0.015 , 0.19 , 317.57
40 , 193 , 969.39 , -5.0 , 84 , 30.89 , 1.496 , 0.015 , 0.26 , 317.50
49 , 239 , 963.76 , -5.3 , 84 , 30.85 , 1.513 , 0.016 , 0.33 , 317.43
58 , 285 , 958.18 , -5.6 , 83 , 30.81 , 1.512 , 0.016 , 0.40 , 317.37
67 , 327 , 953.08 , -5.9 , 82 , 30.78 , 1.501 , 0.016 , 0.46 , 317.30
77 , 373 , 947.48 , -6.1 , 80 , 30.74 , 1.485 , 0.016 , 0.53 , 317.23
87 , 423 , 941.42 , -6.6 , 81 , 30.66 , 1.497 , 0.016 , 0.61 , 317.16
97 , 473 , 935.36 , -7.0 , 82 , 30.59 , 1.493 , 0.016 , 0.68 , 317.08
107 , 530 , 928.56 , -7.5 , 83 , 30.53 , 1.499 , 0.016 , 0.77 , 316.99
117 , 584 , 922.20 , -8.0 , 85 , 30.50 , 1.491 , 0.016 , 0.85 , 316.91
127 , 632 , 916.42 , -8.4 , 86 , 30.45 , 1.466 , 0.016 , 0.92 , 316.84
137 , 684 , 910.35 , -8.8 , 87 , 30.37 , 1.466 , 0.016 , 1.00 , 316.76
147 , 736 , 904.28 , -9.3 , 88 , 30.31 , 1.465 , 0.016 , 1.08 , 316.69
157 , 791 , 897.80 , -9.7 , 89 , 30.22 , 1.466 , 0.016 , 1.16 , 316.60
167 , 844 , 891.64 , -10.1 , 90 , 30.16 , 1.483 , 0.017 , 1.24 , 316.52
177 , 894 , 885.97 , -10.5 , 91 , 30.14 , 1.469 , 0.017 , 1.32 , 316.45
187 , 943 , 880.24 , -10.8 , 90 , 30.10 , 1.465 , 0.017 , 1.39 , 316.37
197 , 1000 , 873.83 , -11.1 , 89 , 30.04 , 1.462 , 0.017 , 1.47 , 316.29
206 , 1054 , 867.66 , -11.5 , 88 , 29.99 , 1.451 , 0.017 , 1.56 , 316.21
216 , 1107 , 861.67 , -11.9 , 88 , 29.92 , 1.433 , 0.017 , 1.63 , 316.13
226 , 1164 , 855.30 , -12.4 , 87 , 29.86 , 1.424 , 0.017 , 1.72 , 316.04
236 , 1216 , 849.42 , -12.7 , 87 , 29.80 , 1.404 , 0.017 , 1.80 , 315.97
246 , 1271 , 843.33 , -13.1 , 86 , 29.75 , 1.406 , 0.017 , 1.88 , 315.89
256 , 1328 , 837.05 , -13.5 , 85 , 29.70 , 1.393 , 0.017 , 1.96 , 315.81
266 , 1385 , 830.83 , -13.9 , 85 , 29.65 , 1.393 , 0.017 , 2.04 , 315.72
276 , 1443 , 824.50 , -14.3 , 85 , 29.59 , 1.384 , 0.017 , 2.12 , 315.64
286 , 1497 , 818.67 , -14.8 , 85 , 29.53 , 1.372 , 0.017 , 2.20 , 315.56
296 , 1553 , 812.64 , -15.2 , 84 , 29.47 , 1.356 , 0.017 , 2.28 , 315.48
306 , 1611 , 806.32 , -15.7 , 84 , 29.37 , 1.349 , 0.017 , 2.36 , 315.40
316 , 1670 , 800.09 , -16.2 , 83 , 29.30 , 1.345 , 0.017 , 2.45 , 315.32
326 , 1727 , 794.09 , -16.6 , 82 , 29.24 , 1.351 , 0.017 , 2.53 , 315.24
336 , 1780 , 788.49 , -16.8 , 82 , 29.20 , 1.329 , 0.017 , 2.60 , 315.16
346 , 1835 , 782.65 , -17.0 , 83 , 29.16 , 1.308 , 0.017 , 2.68 , 315.08
356 , 1887 , 777.27 , -17.4 , 83 , 29.11 , 1.279 , 0.016 , 2.75 , 315.01
366 , 1942 , 771.58 , -17.6 , 85 , 29.03 , 1.274 , 0.017 , 2.82 , 314.94
375 , 2001 , 765.50 , -17.7 , 88 , 28.93 , 1.274 , 0.017 , 2.90 , 314.86
384 , 2057 , 759.86 , -17.9 , 88 , 28.84 , 1.273 , 0.017 , 2.98 , 314.79
394 , 2114 , 754.09 , -18.3 , 84 , 28.74 , 1.275 , 0.017 , 3.05 , 314.71
404 , 2176 , 747.86 , -18.8 , 83 , 28.63 , 1.259 , 0.017 , 3.14 , 314.63
414 , 2235 , 741.89 , -19.1 , 83 , 28.53 , 1.251 , 0.017 , 3.22 , 314.55
424 , 2296 , 735.83 , -19.6 , 85 , 28.48 , 1.252 , 0.017 , 3.30 , 314.47
434 , 2352 , 730.27 , -20.1 , 87 , 28.47 , 1.232 , 0.017 , 3.37 , 314.39
444 , 2409 , 724.68 , -20.5 , 89 , 28.44 , 1.215 , 0.017 , 3.45 , 314.32
454 , 2465 , 719.20 , -20.8 , 88 , 28.35 , 1.238 , 0.017 , 3.52 , 314.24
464 , 2517 , 714.17 , -21.0 , 90 , 28.26 , 1.214 , 0.017 , 3.59 , 314.18
474 , 2578 , 708.30 , -21.4 , 91 , 28.23 , 1.183 , 0.017 , 3.67 , 314.10
484 , 2642 , 702.20 , -21.8 , 90 , 28.20 , 1.148 , 0.016 , 3.74 , 314.02
494 , 2705 , 696.17 , -22.3 , 89 , 28.17 , 1.137 , 0.016 , 3.82 , 313.94
504 , 2768 , 690.24 , -22.8 , 89 , 28.14 , 1.118 , 0.016 , 3.90 , 313.86
514 , 2828 , 684.62 , -23.3 , 88 , 28.09 , 1.103 , 0.016 , 3.97 , 313.79
524 , 2885 , 679.29 , -23.7 , 90 , 28.04 , 1.092 , 0.016 , 4.04 , 313.73
534 , 2945 , 673.78 , -24.2 , 90 , 28.01 , 1.076 , 0.016 , 4.11 , 313.66
544 , 3008 , 667.93 , -24.7 , 86 , 27.94 , 1.078 , 0.016 , 4.18 , 313.58
554 , 3072 , 662.09 , -25.3 , 84 , 27.87 , 1.088 , 0.016 , 4.26 , 313.51
564 , 3134 , 656.43 , -25.8 , 85 , 27.79 , 1.112 , 0.017 , 4.33 , 313.43
574 , 3194 , 651.00 , -26.3 , 85 , 27.69 , 1.109 , 0.017 , 4.40 , 313.36
584 , 3258 , 645.29 , -26.9 , 84 , 27.62 , 1.103 , 0.017 , 4.48 , 313.28
594 , 3321 , 639.62 , -27.5 , 83 , 27.58 , 1.102 , 0.017 , 4.56 , 313.21
604 , 3385 , 633.94 , -28.0 , 84 , 27.57 , 1.086 , 0.017 , 4.63 , 313.13
614 , 3450 , 628.27 , -28.5 , 84 , 27.51 , 1.073 , 0.017 , 4.71 , 313.05
624 , 3515 , 622.54 , -29.0 , 87 , 27.42 , 1.061 , 0.017 , 4.79 , 312.97
634 , 3581 , 616.81 , -29.5 , 89 , 27.32 , 1.055 , 0.017 , 4.87 , 312.90
644 , 3646 , 611.22 , -30.0 , 90 , 27.23 , 1.050 , 0.017 , 4.94 , 312.82
654 , 3717 , 605.19 , -30.7 , 92 , 27.13 , 1.037 , 0.017 , 5.02 , 312.74
663 , 3779 , 599.93 , -31.2 , 91 , 27.04 , 1.030 , 0.017 , 5.09 , 312.67
673 , 3842 , 594.62 , -31.7 , 91 , 26.96 , 1.022 , 0.017 , 5.17 , 312.60
683 , 3908 , 589.10 , -32.2 , 90 , 26.88 , 1.014 , 0.017 , 5.24 , 312.52
692 , 3969 , 584.00 , -32.7 , 90 , 26.81 , 1.015 , 0.017 , 5.31 , 312.45
702 , 4036 , 578.43 , -33.4 , 89 , 26.77 , 0.997 , 0.017 , 5.39 , 312.38
712 , 4099 , 573.28 , -33.7 , 88 , 26.73 , 1.001 , 0.017 , 5.46 , 312.31
722 , 4163 , 568.03 , -33.6 , 80 , 26.72 , 0.995 , 0.018 , 5.53 , 312.23
731 , 4222 , 563.29 , -33.7 , 65 , 26.67 , 0.995 , 0.018 , 5.60 , 312.17
741 , 4286 , 558.20 , -33.8 , 70 , 26.59 , 1.018 , 0.018 , 5.67 , 312.10
751 , 4343 , 553.63 , -34.0 , 77 , 26.50 , 1.053 , 0.019 , 5.73 , 312.03
761 , 4411 , 548.28 , -34.4 , 76 , 26.40 , 1.065 , 0.019 , 5.82 , 311.95
771 , 4475 , 543.29 , -34.8 , 75 , 26.34 , 1.067 , 0.020 , 5.89 , 311.87
781 , 4542 , 538.13 , -35.1 , 75 , 26.28 , 1.062 , 0.020 , 5.97 , 311.79
791 , 4601 , 533.53 , -35.5 , 72 , 26.19 , 1.050 , 0.020 , 6.04 , 311.72
801 , 4667 , 528.53 , -35.9 , 73 , 26.11 , 1.051 , 0.020 , 6.12 , 311.64
811 , 4727 , 523.94 , -36.5 , 71 , 26.03 , 1.065 , 0.020 , 6.20 , 311.57
821 , 4790 , 519.24 , -36.8 , 75 , 25.97 , 1.114 , 0.021 , 6.27 , 311.49
830 , 4854 , 514.44 , -37.3 , 78 , 25.93 , 1.188 , 0.023 , 6.36 , 311.41
841 , 4926 , 509.06 , -37.8 , 51 , 25.90 , 1.506 , 0.030 , 6.47 , 311.29
851 , 4993 , 504.19 , -37.8 , 23 , 25.87 , 2.068 , 0.041 , 6.60 , 311.16
861 , 5058 , 499.43 , -38.1 , 18 , 25.81 , 2.445 , 0.049 , 6.77 , 310.99
871 , 5122 , 494.82 , -38.0 , 16 , 25.75 , 2.713 , 0.055 , 6.96 , 310.80
881 , 5182 , 490.52 , -38.2 , 14 , 25.71 , 3.002 , 0.061 , 7.16 , 310.60
891 , 5246 , 485.94 , -38.4 , 14 , 25.64 , 3.229 , 0.066 , 7.39 , 310.37
901 , 5312 , 481.36 , -38.1 , 13 , 25.57 , 3.282 , 0.068 , 7.63 , 310.13
911 , 5376 , 476.84 , -37.8 , 12 , 25.49 , 3.335 , 0.070 , 7.88 , 309.88
921 , 5446 , 472.04 , -37.9 , 12 , 25.40 , 3.413 , 0.072 , 8.15 , 309.61
931 , 5510 , 467.70 , -38.1 , 17 , 25.37 , 2.994 , 0.064 , 8.38 , 309.38
941 , 5570 , 463.60 , -38.4 , 17 , 25.36 , 2.493 , 0.054 , 8.57 , 309.19
951 , 5632 , 459.48 , -38.7 , 17 , 25.34 , 2.427 , 0.053 , 8.75 , 309.02
961 , 5695 , 455.26 , -39.0 , 15 , 25.29 , 2.415 , 0.053 , 8.92 , 308.84
971 , 5760 , 450.97 , -39.2 , 15 , 25.25 , 2.413 , 0.054 , 9.10 , 308.66
981 , 5826 , 446.63 , -39.5 , 14 , 25.20 , 2.559 , 0.057 , 9.29 , 308.47
990 , 5885 , 442.76 , -39.6 , 14 , 25.15 , 2.624 , 0.059 , 9.47 , 308.29
999 , 5944 , 439.00 , -39.9 , 16 , 25.10 , 2.538 , 0.058 , 9.64 , 308.12
1009 , 6005 , 435.06 , -40.2 , 17 , 25.05 , 2.328 , 0.053 , 9.82 , 307.95
1019 , 6073 , 430.78 , -40.5 , 18 , 24.99 , 2.053 , 0.048 , 9.99 , 307.77
1029 , 6138 , 426.67 , -41.0 , 19 , 24.93 , 1.923 , 0.045 , 10.14 , 307.62
1039 , 6207 , 422.34 , -41.4 , 17 , 24.89 , 2.178 , 0.052 , 10.30 , 307.46
1049 , 6275 , 418.12 , -41.8 , 18 , 24.84 , 2.490 , 0.060 , 10.49 , 307.27
1059 , 6341 , 414.08 , -42.2 , 18 , 24.75 , 2.607 , 0.063 , 10.68 , 307.08
1069 , 6407 , 410.03 , -42.7 , 22 , 24.66 , 2.472 , 0.060 , 10.88 , 306.88
1079 , 6475 , 405.94 , -43.2 , 23 , 24.59 , 2.324 , 0.057 , 11.07 , 306.69
1089 , 6542 , 401.92 , -43.7 , 23 , 24.55 , 2.210 , 0.055 , 11.25 , 306.51
1099 , 6606 , 398.08 , -44.1 , 25 , 24.50 , 2.266 , 0.057 , 11.42 , 306.35
1109 , 6669 , 394.38 , -44.4 , 25 , 24.42 , 2.485 , 0.063 , 11.59 , 306.17
1119 , 6732 , 390.65 , -44.8 , 23 , 24.35 , 2.827 , 0.072 , 11.79 , 305.97
1129 , 6800 , 386.72 , -45.1 , 21 , 24.29 , 3.105 , 0.080 , 12.03 , 305.73
1139 , 6867 , 382.84 , -45.4 , 21 , 24.24 , 3.257 , 0.085 , 12.28 , 305.48
1149 , 6935 , 378.96 , -45.8 , 22 , 24.19 , 3.144 , 0.083 , 12.54 , 305.22
1159 , 7005 , 374.95 , -46.4 , 23 , 24.13 , 2.937 , 0.078 , 12.79 , 304.97
1169 , 7070 , 371.31 , -46.8 , 24 , 24.11 , 2.864 , 0.077 , 13.02 , 304.75
1179 , 7135 , 367.70 , -47.0 , 21 , 24.08 , 2.915 , 0.079 , 13.24 , 304.52
1189 , 7204 , 363.91 , -47.2 , 20 , 24.04 , 3.082 , 0.085 , 13.49 , 304.28
1199 , 7268 , 360.36 , -47.6 , 22 , 24.00 , 3.163 , 0.088 , 13.73 , 304.04
1209 , 7333 , 356.85 , -48.0 , 24 , 23.98 , 3.145 , 0.088 , 13.97 , 303.79
1219 , 7398 , 353.36 , -48.0 , 22 , 23.96 , 3.423 , 0.097 , 14.23 , 303.54
1228 , 7461 , 349.96 , -48.1 , 18 , 23.91 , 3.908 , 0.112 , 14.51 , 303.26
1238 , 7524 , 346.63 , -47.8 , 14 , 23.86 , 4.515 , 0.130 , 14.82 , 302.94
1248 , 7594 , 343.00 , -47.4 , 10 , 23.81 , 5.104 , 0.149 , 15.22 , 302.54
1258 , 7657 , 339.72 , -47.1 , 8 , 23.76 , 5.613 , 0.165 , 15.63 , 302.13
1268 , 7717 , 336.68 , -47.0 , 6 , 23.72 , 6.025 , 0.179 , 16.04 , 301.72
1278 , 7778 , 333.58 , -46.5 , 6 , 23.68 , 6.261 , 0.188 , 16.49 , 301.27
1288 , 7842 , 330.39 , -46.2 , 5 , 23.62 , 6.515 , 0.197 , 16.97 , 300.79
1298 , 7908 , 327.14 , -46.2 , 4 , 23.56 , 6.683 , 0.204 , 17.49 , 300.27
1307 , 7965 , 324.32 , -46.0 , 4 , 23.51 , 6.806 , 0.210 , 17.95 , 299.81
1317 , 8019 , 321.71 , -46.0 , 3 , 23.46 , 6.890 , 0.214 , 18.39 , 299.38
1327 , 8078 , 318.85 , -45.9 , 3 , 23.41 , 6.892 , 0.216 , 18.87 , 298.89
1337 , 8149 , 315.50 , -45.7 , 3 , 23.34 , 6.915 , 0.219 , 19.45 , 298.31
1347 , 8218 , 312.23 , -45.9 , 3 , 23.31 , 6.963 , 0.223 , 20.02 , 297.74
1357 , 8285 , 309.09 , -46.1 , 2 , 23.28 , 6.987 , 0.226 , 20.58 , 297.19
1367 , 8346 , 306.29 , -46.1 , 2 , 23.26 , 6.925 , 0.226 , 21.08 , 296.69
1376 , 8393 , 304.10 , -46.0 , 2 , 23.23 , 7.026 , 0.231 , 21.47 , 296.29
1386 , 8438 , 302.08 , -45.7 , 2 , 23.18 , 7.096 , 0.235 , 21.84 , 295.92
1396 , 8483 , 300.02 , -45.6 , 2 , 23.14 , 7.101 , 0.237 , 22.22 , 295.54
1406 , 8531 , 297.86 , -45.5 , 2 , 23.12 , 7.034 , 0.236 , 22.63 , 295.14
1416 , 8584 , 295.52 , -45.5 , 1 , 23.09 , 7.075 , 0.239 , 23.07 , 294.70
1426 , 8639 , 293.08 , -45.7 , 1 , 23.03 , 7.080 , 0.242 , 23.53 , 294.23
1436 , 8696 , 290.60 , -45.5 , 1 , 22.97 , 7.162 , 0.246 , 24.01 , 293.76
1446 , 8762 , 287.72 , -45.5 , 1 , 22.93 , 7.114 , 0.247 , 24.57 , 293.20
1456 , 8825 , 285.04 , -45.4 , 1 , 22.89 , 7.137 , 0.250 , 25.10 , 292.67
1466 , 8878 , 282.75 , -45.1 , 1 , 22.85 , 7.284 , 0.258 , 25.55 , 292.21
1476 , 8944 , 279.97 , -45.1 , 1 , 22.83 , 7.277 , 0.260 , 26.12 , 291.64
1486 , 9005 , 277.41 , -45.2 , 1 , 22.79 , 7.195 , 0.259 , 26.65 , 291.12
1496 , 9055 , 275.36 , -45.1 , 1 , 22.76 , 7.174 , 0.261 , 27.07 , 290.70
1506 , 9103 , 273.38 , -45.1 , 1 , 22.73 , 7.142 , 0.261 , 27.47 , 290.29
1516 , 9158 , 271.16 , -44.9 , 1 , 22.71 , 7.045 , 0.260 , 27.93 , 289.83
1526 , 9207 , 269.18 , -44.9 , 1 , 22.67 , 6.977 , 0.259 , 28.34 , 289.43
1536 , 9252 , 267.34 , -44.9 , 1 , 22.62 , 6.863 , 0.257 , 28.71 , 289.05
1546 , 9300 , 265.45 , -45.0 , 1 , 22.56 , 6.845 , 0.258 , 29.10 , 288.67
1556 , 9353 , 263.36 , -45.1 , 1 , 22.53 , 6.806 , 0.258 , 29.52 , 288.24
1566 , 9404 , 261.35 , -45.2 , 1 , 22.52 , 6.762 , 0.259 , 29.93 , 287.83
1576 , 9462 , 259.09 , -45.1 , 1 , 22.50 , 6.694 , 0.258 , 30.39 , 287.37
1586 , 9511 , 257.17 , -44.9 , 1 , 22.44 , 6.651 , 0.259 , 30.78 , 286.98
1596 , 9559 , 255.34 , -44.9 , 1 , 22.41 , 6.588 , 0.258 , 31.16 , 286.61
1606 , 9604 , 253.63 , -45.0 , 1 , 22.37 , 6.553 , 0.258 , 31.51 , 286.26
1615 , 9646 , 252.05 , -45.2 , 1 , 22.33 , 6.509 , 0.258 , 31.83 , 285.94
1625 , 9689 , 250.43 , -45.3 , 1 , 22.28 , 6.542 , 0.261 , 32.16 , 285.60
1635 , 9733 , 248.78 , -45.1 , 1 , 22.25 , 6.561 , 0.264 , 32.50 , 285.26
1645 , 9778 , 247.12 , -45.0 , 1 , 22.21 , 6.672 , 0.270 , 32.85 , 284.91
1655 , 9823 , 245.45 , -44.7 , 1 , 22.19 , 6.724 , 0.274 , 33.21 , 284.56
1665 , 9867 , 243.83 , -44.6 , 0 , 22.15 , 6.599 , 0.271 , 33.56 , 284.21
1675 , 9911 , 242.23 , -44.7 , 0 , 22.11 , 6.499 , 0.268 , 33.90 , 283.87
1685 , 9956 , 240.62 , -44.3 , 1 , 22.06 , 6.406 , 0.266 , 34.24 , 283.53
1695 , 10001 , 239.00 , -44.6 , 1 , 22.02 , 6.317 , 0.264 , 34.58 , 283.19
1705 , 10047 , 237.35 , -44.5 , 0 , 21.98 , 6.214 , 0.262 , 34.92 , 282.84
1715 , 10094 , 235.71 , -44.6 , 0 , 21.94 , 6.127 , 0.260 , 35.26 , 282.51
1725 , 10140 , 234.08 , -44.7 , 1 , 21.90 , 6.074 , 0.259 , 35.59 , 282.17
1735 , 10189 , 232.37 , -44.9 , 1 , 21.87 , 6.032 , 0.260 , 35.94 , 281.82
1745 , 10238 , 230.69 , -45.2 , 0 , 21.86 , 5.981 , 0.259 , 36.28 , 281.48
1755 , 10285 , 229.06 , -45.3 , 0 , 21.82 , 6.022 , 0.263 , 36.62 , 281.14
1765 , 10333 , 227.41 , -45.3 , 0 , 21.79 , 6.028 , 0.265 , 36.96 , 280.80
1775 , 10381 , 225.79 , -45.3 , 0 , 21.75 , 6.095 , 0.270 , 37.31 , 280.46
1785 , 10428 , 224.18 , -45.3 , 0 , 21.71 , 6.104 , 0.272 , 37.65 , 280.11
1795 , 10476 , 222.60 , -45.3 , 0 , 21.67 , 6.066 , 0.273 , 37.99 , 279.77
1805 , 10523 , 221.03 , -45.2 , 0 , 21.63 , 6.046 , 0.274 , 38.33 , 279.44
1815 , 10569 , 219.51 , -45.1 , 0 , 21.59 , 6.008 , 0.274 , 38.66 , 279.11
1825 , 10615 , 218.02 , -44.7 , 0 , 21.55 , 6.023 , 0.276 , 38.98 , 278.78
1835 , 10660 , 216.53 , -44.7 , 0 , 21.52 , 5.981 , 0.276 , 39.30 , 278.46
1845 , 10705 , 215.09 , -44.6 , 0 , 21.50 , 5.947 , 0.276 , 39.62 , 278.14
1855 , 10749 , 213.66 , -44.3 , 0 , 21.47 , 5.944 , 0.278 , 39.93 , 277.83
1865 , 10793 , 212.27 , -44.3 , 0 , 21.45 , 5.924 , 0.279 , 40.24 , 277.53
1875 , 10837 , 210.89 , -44.4 , 0 , 21.43 , 5.928 , 0.281 , 40.54 , 277.22
1885 , 10886 , 209.37 , -44.6 , 0 , 21.40 , 5.863 , 0.280 , 40.88 , 276.88
1894 , 10928 , 208.05 , -44.8 , 0 , 21.37 , 5.809 , 0.279 , 41.17 , 276.59
1904 , 10972 , 206.69 , -44.9 , 0 , 21.33 , 5.753 , 0.278 , 41.47 , 276.29
1913 , 11009 , 205.53 , -44.8 , 0 , 21.31 , 5.697 , 0.277 , 41.72 , 276.04
1923 , 11052 , 204.23 , -44.7 , 0 , 21.27 , 5.705 , 0.279 , 42.01 , 275.75
1932 , 11091 , 203.02 , -44.6 , 0 , 21.22 , 5.730 , 0.282 , 42.28 , 275.49
1942 , 11131 , 201.81 , -44.6 , 0 , 21.18 , 5.770 , 0.286 , 42.55 , 275.22
1952 , 11173 , 200.57 , -44.8 , 0 , 21.13 , 5.792 , 0.289 , 42.83 , 274.93
1962 , 11213 , 199.34 , -44.9 , 0 , 21.09 , 5.831 , 0.293 , 43.11 , 274.65
1972 , 11256 , 198.09 , -45.0 , 0 , 21.05 , 5.820 , 0.294 , 43.40 , 274.36
1982 , 11298 , 196.85 , -44.7 , 0 , 21.02 , 5.829 , 0.296 , 43.69 , 274.07
1992 , 11340 , 195.62 , -44.5 , 0 , 20.98 , 5.831 , 0.298 , 43.98 , 273.78
2002 , 11381 , 194.40 , -44.5 , 0 , 20.96 , 5.764 , 0.297 , 44.26 , 273.50
2012 , 11423 , 193.21 , -44.6 , 0 , 20.93 , 5.766 , 0.298 , 44.54 , 273.22
2022 , 11465 , 191.98 , -44.7 , 0 , 20.91 , 5.715 , 0.298 , 44.83 , 272.93
2032 , 11509 , 190.73 , -44.7 , 0 , 20.87 , 5.753 , 0.302 , 45.13 , 272.64
2042 , 11552 , 189.50 , -44.7 , 0 , 20.82 , 5.834 , 0.308 , 45.42 , 272.34
2052 , 11595 , 188.29 , -44.8 , 0 , 20.79 , 5.872 , 0.312 , 45.72 , 272.04
2062 , 11637 , 187.11 , -44.7 , 0 , 20.75 , 5.919 , 0.316 , 46.01 , 271.75
2072 , 11679 , 185.93 , -44.7 , 0 , 20.72 , 6.008 , 0.323 , 46.31 , 271.45
2082 , 11721 , 184.77 , -44.7 , 0 , 20.70 , 6.020 , 0.326 , 46.61 , 271.16
2092 , 11763 , 183.61 , -44.7 , 0 , 20.67 , 5.982 , 0.326 , 46.91 , 270.86
2101 , 11803 , 182.53 , -44.7 , 0 , 20.64 , 5.934 , 0.325 , 47.18 , 270.58
2111 , 11845 , 181.37 , -44.8 , 0 , 20.60 , 5.963 , 0.329 , 47.48 , 270.28
2120 , 11888 , 180.22 , -44.8 , 0 , 20.57 , 5.997 , 0.333 , 47.78 , 269.98
2130 , 11929 , 179.12 , -44.8 , 0 , 20.54 , 6.050 , 0.338 , 48.08 , 269.69
2140 , 11972 , 177.97 , -44.7 , 0 , 20.50 , 6.060 , 0.341 , 48.38 , 269.38
2150 , 12016 , 176.80 , -44.6 , 0 , 20.46 , 6.104 , 0.345 , 48.70 , 269.07
2160 , 12060 , 175.63 , -44.7 , 0 , 20.41 , 6.109 , 0.348 , 49.02 , 268.75
2170 , 12104 , 174.48 , -44.9 , 0 , 20.38 , 6.139 , 0.352 , 49.34 , 268.43
2180 , 12148 , 173.34 , -45.0 , 0 , 20.34 , 6.126 , 0.353 , 49.65 , 268.11
2190 , 12193 , 172.16 , -44.9 , 0 , 20.31 , 6.096 , 0.354 , 49.98 , 267.78
2200 , 12236 , 171.06 , -45.0 , 0 , 20.29 , 6.063 , 0.354 , 50.29 , 267.47
2210 , 12280 , 169.94 , -45.1 , 0 , 20.26 , 6.101 , 0.359 , 50.61 , 267.16
2220 , 12326 , 168.78 , -45.2 , 0 , 20.23 , 6.126 , 0.363 , 50.94 , 266.83
2229 , 12373 , 167.60 , -45.4 , 0 , 20.20 , 6.207 , 0.370 , 51.28 , 266.49
2239 , 12419 , 166.45 , -45.4 , 0 , 20.18 , 6.199 , 0.372 , 51.61 , 266.15
2249 , 12461 , 165.41 , -45.6 , 0 , 20.15 , 6.218 , 0.376 , 51.92 , 265.84
2259 , 12506 , 164.28 , -45.4 , 0 , 20.11 , 6.191 , 0.377 , 52.26 , 265.51
2269 , 12552 , 163.17 , -45.4 , 0 , 20.07 , 6.242 , 0.383 , 52.59 , 265.17
2279 , 12596 , 162.08 , -45.4 , 0 , 20.03 , 6.298 , 0.389 , 52.92 , 264.84
2289 , 12642 , 160.96 , -45.3 , 0 , 19.99 , 6.313 , 0.392 , 53.27 , 264.50
2299 , 12688 , 159.86 , -45.4 , 0 , 19.96 , 6.392 , 0.400 , 53.61 , 264.15
2308 , 12734 , 158.76 , -45.4 , 0 , 19.93 , 6.428 , 0.405 , 53.96 , 263.80
2319 , 12779 , 157.69 , -45.6 , 0 , 19.90 , 6.505 , 0.413 , 54.30 , 263.46
2329 , 12823 , 156.64 , -45.8 , 0 , 19.87 , 6.507 , 0.415 , 54.65 , 263.12
2339 , 12871 , 155.52 , -45.7 , 0 , 19.83 , 6.508 , 0.418 , 55.02 , 262.75
2349 , 12917 , 154.46 , -45.5 , 0 , 19.79 , 6.497 , 0.421 , 55.37 , 262.40
2358 , 12962 , 153.42 , -45.2 , 0 , 19.76 , 6.372 , 0.415 , 55.71 , 262.05
2368 , 13007 , 152.39 , -45.4 , 0 , 19.72 , 6.242 , 0.410 , 56.04 , 261.72
2378 , 13056 , 151.27 , -45.5 , 0 , 19.69 , 6.151 , 0.407 , 56.41 , 261.36
2388 , 13101 , 150.25 , -45.8 , 0 , 19.66 , 6.042 , 0.402 , 56.73 , 261.03
2398 , 13147 , 149.21 , -46.1 , 0 , 19.63 , 5.904 , 0.396 , 57.06 , 260.70
2408 , 13192 , 148.21 , -46.3 , 0 , 19.60 , 5.826 , 0.393 , 57.37 , 260.39
2417 , 13238 , 147.18 , -46.3 , 0 , 19.58 , 5.784 , 0.393 , 57.69 , 260.07
2428 , 13286 , 146.13 , -46.5 , 0 , 19.54 , 5.798 , 0.397 , 58.02 , 259.74
2438 , 13332 , 145.12 , -46.5 , 0 , 19.51 , 5.778 , 0.398 , 58.33 , 259.43
2448 , 13379 , 144.08 , -46.6 , 0 , 19.48 , 5.796 , 0.402 , 58.66 , 259.10
2458 , 13426 , 143.07 , -46.8 , 0 , 19.45 , 5.909 , 0.413 , 58.99 , 258.78
2468 , 13471 , 142.11 , -46.8 , 0 , 19.41 , 6.039 , 0.425 , 59.30 , 258.46
2478 , 13515 , 141.17 , -46.9 , 0 , 19.38 , 6.080 , 0.431 , 59.62 , 258.14
2488 , 13561 , 140.18 , -47.0 , 0 , 19.35 , 6.123 , 0.437 , 59.96 , 257.80
2498 , 13605 , 139.26 , -46.9 , 0 , 19.32 , 6.193 , 0.445 , 60.28 , 257.48
2508 , 13649 , 138.34 , -47.0 , 0 , 19.28 , 6.310 , 0.456 , 60.61 , 257.15
2518 , 13692 , 137.43 , -47.1 , 0 , 19.25 , 6.407 , 0.466 , 60.94 , 256.82
2528 , 13736 , 136.53 , -47.0 , 0 , 19.22 , 6.436 , 0.471 , 61.27 , 256.49
2537 , 13777 , 135.69 , -47.0 , 0 , 19.19 , 6.488 , 0.478 , 61.59 , 256.18
2548 , 13821 , 134.79 , -46.7 , 0 , 19.16 , 6.543 , 0.485 , 61.93 , 255.83
2557 , 13862 , 133.95 , -46.5 , 0 , 19.13 , 6.612 , 0.494 , 62.25 , 255.51
2567 , 13902 , 133.15 , -46.3 , 0 , 19.10 , 6.837 , 0.514 , 62.57 , 255.19
2577 , 13946 , 132.27 , -46.4 , 0 , 19.06 , 6.873 , 0.520 , 62.93 , 254.83
2586 , 13987 , 131.46 , -46.2 , 0 , 19.03 , 6.904 , 0.525 , 63.26 , 254.50
2597 , 14030 , 130.61 , -46.1 , 0 , 18.99 , 6.993 , 0.535 , 63.62 , 254.14
2607 , 14071 , 129.80 , -45.8 , 0 , 18.95 , 7.137 , 0.550 , 63.97 , 253.80
2617 , 14114 , 128.97 , -45.5 , 0 , 18.91 , 7.373 , 0.572 , 64.33 , 253.43
2627 , 14156 , 128.17 , -45.4 , 0 , 18.87 , 7.589 , 0.592 , 64.70 , 253.06
2637 , 14199 , 127.34 , -44.7 , 0 , 18.84 , 7.741 , 0.608 , 65.09 , 252.67
2647 , 14242 , 126.53 , -44.4 , 0 , 18.80 , 7.860 , 0.621 , 65.49 , 252.27
2657 , 14285 , 125.71 , -44.5 , 0 , 18.77 , 7.918 , 0.630 , 65.89 , 251.87
2667 , 14329 , 124.89 , -44.4 , 0 , 18.74 , 8.006 , 0.641 , 66.30 , 251.46
2677 , 14373 , 124.07 , -44.5 , 0 , 18.71 , 8.080 , 0.651 , 66.72 , 251.04
2687 , 14417 , 123.25 , -44.7 , 0 , 18.68 , 8.146 , 0.661 , 67.15 , 250.62
2697 , 14462 , 122.43 , -44.9 , 0 , 18.64 , 8.199 , 0.670 , 67.58 , 250.19
2707 , 14508 , 121.58 , -45.2 , 0 , 18.61 , 8.248 , 0.678 , 68.03 , 249.74
2717 , 14553 , 120.77 , -45.4 , 0 , 18.58 , 8.200 , 0.679 , 68.46 , 249.30
2727 , 14600 , 119.93 , -45.6 , 0 , 18.55 , 8.308 , 0.693 , 68.92 , 248.84
2737 , 14646 , 119.10 , -45.6 , 0 , 18.52 , 8.284 , 0.696 , 69.37 , 248.39
2747 , 14691 , 118.30 , -45.4 , 0 , 18.50 , 8.328 , 0.704 , 69.81 , 247.95
2757 , 14737 , 117.48 , -45.3 , 0 , 18.47 , 8.346 , 0.710 , 70.27 , 247.49
2767 , 14783 , 116.67 , -45.2 , 0 , 18.43 , 8.397 , 0.720 , 70.73 , 247.04
2777 , 14829 , 115.87 , -44.8 , 0 , 18.40 , 8.461 , 0.730 , 71.18 , 246.58
2786 , 14874 , 115.10 , -45.0 , 0 , 18.37 , 8.419 , 0.731 , 71.63 , 246.13
2797 , 14920 , 114.32 , -45.0 , 0 , 18.33 , 8.389 , 0.734 , 72.08 , 245.68
2807 , 14967 , 113.51 , -44.8 , 0 , 18.30 , 8.410 , 0.741 , 72.55 , 245.21
2817 , 15014 , 112.72 , -45.0 , 0 , 18.27 , 8.397 , 0.745 , 73.02 , 244.75
2827 , 15059 , 111.95 , -45.1 , 0 , 18.23 , 8.411 , 0.751 , 73.47 , 244.30
2837 , 15104 , 111.20 , -44.8 , 0 , 18.20 , 8.355 , 0.751 , 73.91 , 243.85
2847 , 15150 , 110.44 , -44.9 , 0 , 18.17 , 8.291 , 0.751 , 74.37 , 243.40
2856 , 15194 , 109.72 , -45.0 , 0 , 18.14 , 8.349 , 0.761 , 74.79 , 242.97
2865 , 15239 , 108.98 , -45.3 , 0 , 18.11 , 8.451 , 0.775 , 75.24 , 242.52
2876 , 15285 , 108.22 , -45.6 , 0 , 18.08 , 8.556 , 0.791 , 75.71 , 242.05
2886 , 15332 , 107.46 , -45.9 , 0 , 18.05 , 8.675 , 0.807 , 76.19 , 241.57
2896 , 15378 , 106.73 , -46.2 , 0 , 18.02 , 8.712 , 0.816 , 76.66 , 241.10
2906 , 15424 , 105.98 , -46.5 , 0 , 17.98 , 8.629 , 0.814 , 77.14 , 240.62
2916 , 15471 , 105.24 , -46.7 , 0 , 17.94 , 8.661 , 0.823 , 77.62 , 240.14
2926 , 15516 , 104.53 , -46.8 , 0 , 17.91 , 8.871 , 0.849 , 78.09 , 239.67
2935 , 15560 , 103.83 , -47.0 , 0 , 17.88 , 8.872 , 0.854 , 78.56 , 239.21
2946 , 15607 , 103.10 , -47.1 , 0 , 17.85 , 8.834 , 0.857 , 79.05 , 238.71
2956 , 15652 , 102.40 , -47.4 , 0 , 17.83 , 8.872 , 0.866 , 79.53 , 238.24
2966 , 15697 , 101.70 , -47.6 , 0 , 17.79 , 8.884 , 0.873 , 80.01 , 237.76
2976 , 15742 , 101.01 , -47.6 , 0 , 17.76 , 8.913 , 0.882 , 80.48 , 237.28
2986 , 15788 , 100.32 , -47.2 , 0 , 17.73 , 8.925 , 0.890 , 80.97 , 236.79
2996 , 15833 , 99.64 , -47.1 , 0 , 17.70 , 8.843 , 0.887 , 81.45 , 236.31
3006 , 15877 , 98.97 , -47.2 , 0 , 17.67 , 8.772 , 0.886 , 81.91 , 235.85
3016 , 15924 , 98.27 , -47.4 , 0 , 17.64 , 8.734 , 0.889 , 82.41 , 235.36
3026 , 15970 , 97.58 , -47.6 , 0 , 17.61 , 8.625 , 0.884 , 82.89 , 234.88
3036 , 16014 , 96.94 , -47.3 , 0 , 17.58 , 8.555 , 0.882 , 83.33 , 234.43
3046 , 16061 , 96.25 , -47.2 , 0 , 17.54 , 8.573 , 0.891 , 83.82 , 233.95
3056 , 16108 , 95.57 , -47.2 , 0 , 17.50 , 8.556 , 0.895 , 84.30 , 233.47
3065 , 16152 , 94.94 , -47.4 , 0 , 17.47 , 8.543 , 0.900 , 84.74 , 233.02
3075 , 16199 , 94.26 , -47.3 , 0 , 17.44 , 8.621 , 0.915 , 85.23 , 232.54
3085 , 16243 , 93.64 , -47.0 , 0 , 17.41 , 8.650 , 0.924 , 85.68 , 232.08
3095 , 16289 , 92.99 , -47.0 , 0 , 17.38 , 8.717 , 0.937 , 86.15 , 231.61
3105 , 16336 , 92.34 , -46.8 , 0 , 17.35 , 8.788 , 0.952 , 86.64 , 231.12
3113 , 16373 , 91.82 , -46.6 , 0 , 17.33 , 8.982 , 0.978 , 87.04 , 230.73
3123 , 16419 , 91.19 , -46.6 , 0 , 17.29 , 9.212 , 1.010 , 87.53 , 230.23
3132 , 16460 , 90.62 , -46.4 , 0 , 17.27 , 9.362 , 1.033 , 87.99 , 229.78
3142 , 16508 , 89.97 , -46.2 , 0 , 17.24 , 9.638 , 1.071 , 88.53 , 229.23
3152 , 16557 , 89.31 , -45.5 , 0 , 17.21 , 9.854 , 1.103 , 89.10 , 228.67
3162 , 16605 , 88.67 , -45.4 , 0 , 17.18 , 10.046 , 1.133 , 89.66 , 228.10
3171 , 16651 , 88.07 , -45.7 , 0 , 17.15 , 10.176 , 1.155 , 90.21 , 227.56
3181 , 16702 , 87.39 , -45.7 , 0 , 17.11 , 10.223 , 1.170 , 90.83 , 226.94
3191 , 16760 , 86.63 , -46.0 , 0 , 17.09 , 10.356 , 1.195 , 91.54 , 226.23
3201 , 16812 , 85.95 , -46.4 , 0 , 17.06 , 10.434 , 1.214 , 92.18 , 225.58
3211 , 16862 , 85.31 , -46.7 , 0 , 17.03 , 10.627 , 1.246 , 92.80 , 224.96
3220 , 16909 , 84.71 , -46.9 , 0 , 17.00 , 10.687 , 1.262 , 93.40 , 224.37
3231 , 16956 , 84.11 , -47.1 , 0 , 16.98 , 10.648 , 1.266 , 94.00 , 223.77
3241 , 17001 , 83.53 , -47.2 , 0 , 16.94 , 10.782 , 1.291 , 94.58 , 223.19
3251 , 17046 , 82.97 , -46.8 , 0 , 16.91 , 10.961 , 1.321 , 95.16 , 222.60
3260 , 17090 , 82.42 , -46.4 , 0 , 16.88 , 11.259 , 1.366 , 95.74 , 222.02
3271 , 17138 , 81.82 , -46.4 , 0 , 16.85 , 11.661 , 1.425 , 96.40 , 221.36
3281 , 17184 , 81.26 , -46.5 , 0 , 16.82 , 12.094 , 1.488 , 97.04 , 220.72
3291 , 17230 , 80.70 , -46.5 , 0 , 16.78 , 12.268 , 1.520 , 97.71 , 220.06
3301 , 17274 , 80.17 , -46.2 , 0 , 16.76 , 12.303 , 1.535 , 98.36 , 219.41
3311 , 17321 , 79.60 , -45.9 , 0 , 16.73 , 12.178 , 1.530 , 99.04 , 218.72
3320 , 17367 , 79.06 , -45.6 , 0 , 16.70 , 12.177 , 1.540 , 99.69 , 218.07
3331 , 17416 , 78.48 , -45.7 , 0 , 16.67 , 12.146 , 1.548 , 100.41 , 217.36
3340 , 17461 , 77.94 , -45.4 , 0 , 16.64 , 12.300 , 1.578 , 101.06 , 216.70
3350 , 17508 , 77.40 , -45.3 , 0 , 16.60 , 12.531 , 1.619 , 101.75 , 216.02
3359 , 17554 , 76.86 , -45.4 , 0 , 16.57 , 12.569 , 1.635 , 102.44 , 215.33
3369 , 17603 , 76.31 , -45.3 , 0 , 16.54 , 12.613 , 1.653 , 103.16 , 214.60
3379 , 17652 , 75.75 , -45.3 , 0 , 16.51 , 12.599 , 1.663 , 103.89 , 213.88
3389 , 17700 , 75.20 , -45.5 , 0 , 16.49 , 12.586 , 1.674 , 104.61 , 213.15
3398 , 17749 , 74.65 , -45.6 , 0 , 16.46 , 12.623 , 1.691 , 105.34 , 212.42
3409 , 17801 , 74.08 , -45.7 , 0 , 16.43 , 12.577 , 1.698 , 106.11 , 211.65
3419 , 17850 , 73.53 , -45.4 , 0 , 16.40 , 12.604 , 1.714 , 106.84 , 210.92
3429 , 17900 , 72.98 , -44.9 , 0 , 16.36 , 12.636 , 1.731 , 107.59 , 210.17
3439 , 17950 , 72.44 , -44.6 , 0 , 16.33 , 12.720 , 1.756 , 108.34 , 209.42
3449 , 18002 , 71.88 , -44.7 , 0 , 16.30 , 12.755 , 1.775 , 109.12 , 208.65
3458 , 18049 , 71.37 , -44.9 , 0 , 16.26 , 12.945 , 1.814 , 109.83 , 207.93
3467 , 18094 , 70.90 , -45.0 , 0 , 16.24 , 12.801 , 1.806 , 110.52 , 207.25
3477 , 18141 , 70.40 , -44.9 , 0 , 16.21 , 12.827 , 1.822 , 111.23 , 206.53
3486 , 18188 , 69.90 , -44.8 , 0 , 16.18 , 13.189 , 1.887 , 111.96 , 205.80
3497 , 18239 , 69.37 , -44.8 , 0 , 16.15 , 13.449 , 1.939 , 112.76 , 205.00
3507 , 18288 , 68.86 , -44.9 , 0 , 16.12 , 13.516 , 1.963 , 113.54 , 204.23
3517 , 18336 , 68.37 , -45.0 , 0 , 16.09 , 13.655 , 1.997 , 114.31 , 203.45
3527 , 18384 , 67.89 , -45.0 , 0 , 16.05 , 13.709 , 2.019 , 115.07 , 202.69
3537 , 18432 , 67.39 , -45.1 , 0 , 16.02 , 13.844 , 2.054 , 115.87 , 201.89
3547 , 18482 , 66.89 , -45.4 , 0 , 15.99 , 13.776 , 2.059 , 116.68 , 201.08
3557 , 18533 , 66.38 , -45.8 , 0 , 15.96 , 13.845 , 2.086 , 117.52 , 200.25
3567 , 18583 , 65.88 , -45.8 , 0 , 15.93 , 13.887 , 2.108 , 118.34 , 199.42
3577 , 18630 , 65.43 , -45.9 , 0 , 15.89 , 13.669 , 2.089 , 119.10 , 198.66
3587 , 18675 , 64.98 , -45.7 , 0 , 15.86 , 13.521 , 2.081 , 119.83 , 197.93
3597 , 18723 , 64.51 , -45.4 , 0 , 15.83 , 13.487 , 2.091 , 120.60 , 197.16
3607 , 18775 , 64.01 , -45.2 , 0 , 15.80 , 13.640 , 2.131 , 121.43 , 196.33
3617 , 18823 , 63.55 , -44.6 , 0 , 15.77 , 13.767 , 2.166 , 122.22 , 195.54
3626 , 18870 , 63.11 , -43.3 , 0 , 15.74 , 13.843 , 2.194 , 122.98 , 194.78
3636 , 18920 , 62.64 , -43.1 , 0 , 15.71 , 14.014 , 2.237 , 123.79 , 193.97
3646 , 18967 , 62.21 , -43.0 , 0 , 15.69 , 13.946 , 2.242 , 124.56 , 193.20
3656 , 19018 , 61.74 , -43.1 , 0 , 15.66 , 13.804 , 2.236 , 125.40 , 192.37
3666 , 19070 , 61.27 , -43.3 , 0 , 15.63 , 13.544 , 2.211 , 126.22 , 191.54
3676 , 19120 , 60.81 , -43.5 , 0 , 15.60 , 13.495 , 2.219 , 127.02 , 190.75
3686 , 19172 , 60.34 , -43.7 , 0 , 15.56 , 13.552 , 2.246 , 127.84 , 189.93
3696 , 19223 , 59.88 , -43.8 , 0 , 15.53 , 13.548 , 2.262 , 128.66 , 189.10
3706 , 19277 , 59.40 , -44.0 , 0 , 15.51 , 13.491 , 2.271 , 129.52 , 188.25
3716 , 19328 , 58.96 , -44.4 , 0 , 15.48 , 13.418 , 2.276 , 130.32 , 187.44
3726 , 19380 , 58.50 , -44.4 , 0 , 15.45 , 13.303 , 2.274 , 131.14 , 186.62
3736 , 19432 , 58.05 , -44.3 , 0 , 15.42 , 13.295 , 2.290 , 131.95 , 185.81
3746 , 19482 , 57.61 , -44.0 , 0 , 15.39 , 13.394 , 2.325 , 132.75 , 185.02
3756 , 19535 , 57.16 , -44.0 , 0 , 15.36 , 13.504 , 2.362 , 133.58 , 184.19
3766 , 19585 , 56.74 , -44.1 , 0 , 15.33 , 13.542 , 2.387 , 134.37 , 183.39
3776 , 19636 , 56.31 , -44.3 , 0 , 15.30 , 13.593 , 2.414 , 135.19 , 182.57
3785 , 19686 , 55.89 , -44.4 , 0 , 15.28 , 13.514 , 2.418 , 135.99 , 181.78
3795 , 19736 , 55.48 , -44.4 , 0 , 15.24 , 13.597 , 2.451 , 136.78 , 180.98
3805 , 19787 , 55.05 , -44.4 , 0 , 15.21 , 13.579 , 2.467 , 137.61 , 180.15
3815 , 19839 , 54.63 , -44.3 , 0 , 15.19 , 13.624 , 2.494 , 138.44 , 179.33
3825 , 19890 , 54.21 , -44.3 , 0 , 15.16 , 13.568 , 2.503 , 139.25 , 178.51
3835 , 19939 , 53.81 , -44.4 , 0 , 15.13 , 13.818 , 2.568 , 140.05 , 177.72
3845 , 19990 , 53.41 , -44.7 , 0 , 15.10 , 14.107 , 2.641 , 140.88 , 176.88
3855 , 20042 , 52.99 , -44.4 , 0 , 15.07 , 14.164 , 2.673 , 141.75 , 176.01
3865 , 20092 , 52.60 , -44.5 , 0 , 15.04 , 13.988 , 2.659 , 142.58 , 175.18
3875 , 20142 , 52.21 , -44.7 , 0 , 15.01 , 13.869 , 2.656 , 143.40 , 174.37
3885 , 20192 , 51.82 , -44.9 , 0 , 14.98 , 13.758 , 2.655 , 144.22 , 173.55
3894 , 20241 , 51.44 , -45.1 , 0 , 14.95 , 13.570 , 2.638 , 145.01 , 172.75
3904 , 20287 , 51.08 , -45.0 , 0 , 14.92 , 13.247 , 2.593 , 145.75 , 172.02
3914 , 20335 , 50.72 , -44.7 , 0 , 14.90 , 13.035 , 2.570 , 146.49 , 171.27
3924 , 20383 , 50.35 , -44.4 , 0 , 14.87 , 12.994 , 2.580 , 147.23 , 170.53
3934 , 20433 , 49.98 , -44.1 , 0 , 14.84 , 12.997 , 2.600 , 147.99 , 169.77
3944 , 20486 , 49.59 , -44.1 , 0 , 14.81 , 13.012 , 2.624 , 148.80 , 168.97
3954 , 20540 , 49.19 , -43.7 , 0 , 14.78 , 12.842 , 2.611 , 149.62 , 168.14
3964 , 20594 , 48.80 , -43.4 , 0 , 14.75 , 12.984 , 2.661 , 150.43 , 167.33
3974 , 20645 , 48.43 , -43.1 , 0 , 14.73 , 13.168 , 2.719 , 151.22 , 166.54
3984 , 20695 , 48.07 , -42.8 , 0 , 14.70 , 13.480 , 2.804 , 152.01 , 165.76
3994 , 20750 , 47.68 , -42.6 , 0 , 14.67 , 13.874 , 2.910 , 152.87 , 164.89
4004 , 20803 , 47.31 , -42.5 , 0 , 14.64 , 14.187 , 2.999 , 153.75 , 164.01
4013 , 20855 , 46.95 , -42.6 , 0 , 14.62 , 14.289 , 3.044 , 154.61 , 163.15
4024 , 20907 , 46.59 , -42.7 , 0 , 14.59 , 14.409 , 3.093 , 155.48 , 162.28
4034 , 20960 , 46.22 , -42.7 , 0 , 14.56 , 14.614 , 3.162 , 156.39 , 161.37
4044 , 21014 , 45.85 , -42.9 , 0 , 14.53 , 14.954 , 3.261 , 157.33 , 160.44
4054 , 21068 , 45.49 , -42.8 , 0 , 14.51 , 14.995 , 3.297 , 158.27 , 159.49
4064 , 21121 , 45.13 , -42.9 , 0 , 14.48 , 14.936 , 3.309 , 159.19 , 158.57
4074 , 21176 , 44.77 , -42.8 , 0 , 14.46 , 14.915 , 3.332 , 160.15 , 157.61
4083 , 21224 , 44.45 , -42.8 , 0 , 14.43 , 14.991 , 3.373 , 161.00 , 156.77
4092 , 21269 , 44.15 , -43.2 , 0 , 14.41 , 15.059 , 3.411 , 161.78 , 155.98
4102 , 21322 , 43.80 , -43.3 , 0 , 14.38 , 15.235 , 3.478 , 162.73 , 155.03
4112 , 21374 , 43.46 , -43.5 , 0 , 14.36 , 14.997 , 3.451 , 163.66 , 154.10
4122 , 21428 , 43.12 , -43.4 , 0 , 14.33 , 15.032 , 3.486 , 164.60 , 153.16
4132 , 21474 , 42.82 , -43.1 , 0 , 14.31 , 15.138 , 3.535 , 165.43 , 152.34
4142 , 21524 , 42.51 , -43.1 , 0 , 14.28 , 15.122 , 3.557 , 166.31 , 151.46
4151 , 21571 , 42.21 , -42.7 , 0 , 14.26 , 14.993 , 3.552 , 167.13 , 150.63
4162 , 21619 , 41.91 , -42.6 , 0 , 14.23 , 14.821 , 3.536 , 167.98 , 149.78
4172 , 21670 , 41.60 , -42.5 , 0 , 14.21 , 14.813 , 3.561 , 168.86 , 148.91
4182 , 21722 , 41.28 , -42.8 , 0 , 14.18 , 14.872 , 3.603 , 169.76 , 148.01
4192 , 21774 , 40.96 , -42.8 , 0 , 14.16 , 14.774 , 3.607 , 170.66 , 147.11
4202 , 21826 , 40.65 , -43.1 , 0 , 14.13 , 14.702 , 3.617 , 171.55 , 146.21
4212 , 21881 , 40.32 , -43.2 , 0 , 14.11 , 14.412 , 3.574 , 172.49 , 145.27
4222 , 21933 , 40.01 , -43.0 , 0 , 14.08 , 14.226 , 3.556 , 173.36 , 144.40
4232 , 21983 , 39.71 , -43.1 , 0 , 14.06 , 14.059 , 3.540 , 174.20 , 143.57
4241 , 22035 , 39.41 , -43.1 , 0 , 14.04 , 14.201 , 3.604 , 175.05 , 142.71
4251 , 22086 , 39.11 , -43.3 , 0 , 14.01 , 14.131 , 3.613 , 175.90 , 141.87
4261 , 22138 , 38.81 , -43.5 , 0 , 13.99 , 13.811 , 3.559 , 176.75 , 141.01
4271 , 22193 , 38.49 , -43.6 , 0 , 13.97 , 13.464 , 3.498 , 177.65 , 140.12
4280 , 22244 , 38.20 , -43.7 , 0 , 13.95 , 13.291 , 3.480 , 178.44 , 139.32
4290 , 22301 , 37.88 , -43.6 , 0 , 13.93 , 13.165 , 3.476 , 179.32 , 138.44
4300 , 22353 , 37.58 , -43.4 , 0 , 13.90 , 13.092 , 3.484 , 180.13 , 137.63
4310 , 22410 , 37.27 , -43.4 , 0 , 13.88 , 13.064 , 3.506 , 181.00 , 136.76
4320 , 22466 , 36.96 , -43.3 , 0 , 13.85 , 13.471 , 3.645 , 181.87 , 135.89
4330 , 22516 , 36.68 , -43.3 , 0 , 13.83 , 13.402 , 3.654 , 182.67 , 135.09
4340 , 22567 , 36.41 , -42.9 , 0 , 13.81 , 13.373 , 3.673 , 183.47 , 134.30
4348 , 22610 , 36.18 , -42.8 , 0 , 13.79 , 13.325 , 3.683 , 184.13 , 133.63
4358 , 22658 , 35.92 , -42.7 , 0 , 13.77 , 13.714 , 3.818 , 184.89 , 132.87
4367 , 22704 , 35.68 , -42.7 , 0 , 13.75 , 13.767 , 3.859 , 185.63 , 132.13
4377 , 22757 , 35.40 , -42.8 , 0 , 13.74 , 13.356 , 3.773 , 186.47 , 131.29
4387 , 22807 , 35.14 , -42.6 , 0 , 13.72 , 12.848 , 3.657 , 187.24 , 130.53
4397 , 22859 , 34.87 , -42.6 , 0 , 13.70 , 12.380 , 3.551 , 188.00 , 129.76
4406 , 22905 , 34.63 , -42.5 , 0 , 13.67 , 12.016 , 3.470 , 188.67 , 129.10
4416 , 22955 , 34.37 , -42.7 , 0 , 13.66 , 11.841 , 3.445 , 189.37 , 128.40
4425 , 23006 , 34.11 , -42.2 , 0 , 13.64 , 11.887 , 3.485 , 190.07 , 127.69
4436 , 23061 , 33.84 , -42.0 , 0 , 13.62 , 11.949 , 3.531 , 190.83 , 126.93
4444 , 23103 , 33.63 , -42.0 , 0 , 13.60 , 12.095 , 3.597 , 191.42 , 126.34
4454 , 23155 , 33.37 , -41.8 , 0 , 13.58 , 12.310 , 3.689 , 192.16 , 125.61
4463 , 23202 , 33.14 , -41.4 , 0 , 13.56 , 12.566 , 3.792 , 192.85 , 124.91
4472 , 23250 , 32.91 , -41.6 , 0 , 13.54 , 12.794 , 3.888 , 193.55 , 124.22
4481 , 23302 , 32.65 , -41.7 , 0 , 13.52 , 13.040 , 3.993 , 194.34 , 123.43
4491 , 23352 , 32.41 , -41.8 , 0 , 13.50 , 13.186 , 4.068 , 195.10 , 122.66
4501 , 23407 , 32.15 , -42.2 , 0 , 13.48 , 13.271 , 4.127 , 195.94 , 121.82
4510 , 23456 , 31.92 , -42.1 , 0 , 13.46 , 13.255 , 4.152 , 196.70 , 121.07
4519 , 23504 , 31.70 , -42.1 , 0 , 13.44 , 13.094 , 4.131 , 197.44 , 120.33
4529 , 23559 , 31.44 , -42.0 , 0 , 13.42 , 12.906 , 4.105 , 198.28 , 119.48
4538 , 23611 , 31.20 , -42.0 , 0 , 13.40 , 12.709 , 4.074 , 199.05 , 118.72
4549 , 23668 , 30.94 , -42.1 , 0 , 13.39 , 12.197 , 3.942 , 199.88 , 117.89
4558 , 23720 , 30.70 , -42.1 , 0 , 13.37 , 11.940 , 3.889 , 200.61 , 117.15
4569 , 23776 , 30.44 , -42.0 , 0 , 13.35 , 12.116 , 3.980 , 201.40 , 116.36
4579 , 23834 , 30.19 , -41.7 , 0 , 13.33 , 12.455 , 4.126 , 202.23 , 115.53
4589 , 23887 , 29.95 , -41.4 , 0 , 13.31 , 12.458 , 4.159 , 203.00 , 114.77
4598 , 23935 , 29.74 , -41.6 , 0 , 13.29 , 12.204 , 4.104 , 203.69 , 114.07
4609 , 23992 , 29.49 , -41.4 , 0 , 13.27 , 12.359 , 4.191 , 204.50 , 113.26
4619 , 24042 , 29.27 , -41.4 , 0 , 13.26 , 12.657 , 4.324 , 205.23 , 112.53
4629 , 24096 , 29.04 , -41.2 , 0 , 13.24 , 12.519 , 4.311 , 206.02 , 111.74
4639 , 24148 , 28.82 , -41.1 , 0 , 13.22 , 12.065 , 4.186 , 206.76 , 111.00
4648 , 24198 , 28.61 , -40.9 , 0 , 13.21 , 11.964 , 4.182 , 207.46 , 110.30
4658 , 24250 , 28.39 , -40.9 , 0 , 13.19 , 11.894 , 4.189 , 208.18 , 109.58
4668 , 24299 , 28.19 , -41.0 , 0 , 13.18 , 11.915 , 4.227 , 208.86 , 108.90
4678 , 24350 , 27.98 , -40.9 , 0 , 13.16 , 11.873 , 4.244 , 209.56 , 108.20
4688 , 24398 , 27.78 , -40.8 , 0 , 13.15 , 12.155 , 4.375 , 210.23 , 107.54
4697 , 24447 , 27.58 , -40.6 , 0 , 13.13 , 11.938 , 4.329 , 210.92 , 106.84
4706 , 24493 , 27.39 , -40.6 , 0 , 13.12 , 11.677 , 4.263 , 211.55 , 106.21
4716 , 24540 , 27.21 , -40.9 , 0 , 13.10 , 11.686 , 4.295 , 212.18 , 105.58
4725 , 24594 , 26.99 , -40.6 , 0 , 13.08 , 11.695 , 4.333 , 212.91 , 104.85
4736 , 24647 , 26.78 , -40.4 , 0 , 13.07 , 11.691 , 4.366 , 213.64 , 104.12
4746 , 24704 , 26.56 , -40.4 , 0 , 13.05 , 11.815 , 4.449 , 214.41 , 103.35
4756 , 24757 , 26.35 , -40.3 , 0 , 13.03 , 12.067 , 4.579 , 215.14 , 102.62
4766 , 24809 , 26.15 , -40.4 , 0 , 13.02 , 12.206 , 4.667 , 215.87 , 101.89
4776 , 24865 , 25.94 , -40.3 , 0 , 13.00 , 12.268 , 4.730 , 216.67 , 101.10
4786 , 24922 , 25.72 , -40.4 , 0 , 12.98 , 12.454 , 4.842 , 217.48 , 100.28
4795 , 24976 , 25.52 , -40.5 , 0 , 12.96 , 12.575 , 4.927 , 218.26 , 99.50
4806 , 25031 , 25.31 , -40.7 , 0 , 12.94 , 12.710 , 5.021 , 219.07 , 98.69
4816 , 25088 , 25.10 , -40.7 , 0 , 12.92 , 12.707 , 5.062 , 219.92 , 97.84
4826 , 25144 , 24.90 , -40.8 , 0 , 12.91 , 12.711 , 5.106 , 220.74 , 97.02
4836 , 25199 , 24.69 , -40.6 , 0 , 12.88 , 12.583 , 5.095 , 221.55 , 96.21
4846 , 25257 , 24.49 , -40.2 , 0 , 12.86 , 12.406 , 5.066 , 222.38 , 95.38
4856 , 25311 , 24.29 , -39.9 , 0 , 12.85 , 12.231 , 5.035 , 223.16 , 94.61
4866 , 25371 , 24.08 , -39.5 , 0 , 12.82 , 12.090 , 5.020 , 224.00 , 93.77
4876 , 25428 , 23.88 , -39.2 , 0 , 12.80 , 12.108 , 5.070 , 224.80 , 92.97
4886 , 25486 , 23.68 , -38.9 , 0 , 12.78 , 11.901 , 5.026 , 225.60 , 92.17
4896 , 25541 , 23.49 , -38.7 , 0 , 12.76 , 11.686 , 4.974 , 226.34 , 91.43
4906 , 25593 , 23.31 , -38.7 , 0 , 12.74 , 11.464 , 4.917 , 227.04 , 90.73
4917 , 25652 , 23.11 , -38.9 , 0 , 12.72 , 11.308 , 4.892 , 227.81 , 89.96
4925 , 25696 , 22.97 , -38.9 , 0 , 12.70 , 11.186 , 4.870 , 228.37 , 89.39
4936 , 25757 , 22.76 , -38.9 , 0 , 12.68 , 11.046 , 4.852 , 229.15 , 88.61
4945 , 25808 , 22.59 , -39.3 , 0 , 12.66 , 10.801 , 4.780 , 229.80 , 87.97
4955 , 25862 , 22.42 , -39.3 , 0 , 12.64 , 10.579 , 4.720 , 230.47 , 87.30
4964 , 25914 , 22.25 , -39.5 , 0 , 12.62 , 10.516 , 4.727 , 231.10 , 86.67
4973 , 25971 , 22.06 , -39.6 , 0 , 12.60 , 10.236 , 4.640 , 231.78 , 85.99
4984 , 26027 , 21.88 , -40.0 , 0 , 12.58 , 10.020 , 4.579 , 232.43 , 85.34
4994 , 26083 , 21.70 , -40.2 , 0 , 12.56 , 9.971 , 4.594 , 233.08 , 84.68
5004 , 26138 , 21.53 , -40.1 , 1 , 12.54 , 9.926 , 4.611 , 233.72 , 84.05
5014 , 26196 , 21.35 , -40.1 , 1 , 12.51 , 9.684 , 4.536 , 234.37 , 83.40
5023 , 26246 , 21.19 , -39.8 , 0 , 12.49 , 9.603 , 4.531 , 234.93 , 82.83
5033 , 26299 , 21.03 , -39.6 , 0 , 12.47 , 9.653 , 4.590 , 235.52 , 82.25
5043 , 26352 , 20.86 , -39.5 , 0 , 12.45 , 9.475 , 4.542 , 236.11 , 81.66
5052 , 26403 , 20.71 , -39.7 , 1 , 12.43 , 9.444 , 4.560 , 236.66 , 81.10
5062 , 26454 , 20.56 , -39.7 , 0 , 12.41 , 9.164 , 4.458 , 237.20 , 80.56
5072 , 26505 , 20.40 , -39.8 , 0 , 12.39 , 9.136 , 4.478 , 237.75 , 80.01
5082 , 26561 , 20.24 , -39.4 , 0 , 12.37 , 9.328 , 4.609 , 238.34 , 79.42
5091 , 26615 , 20.08 , -39.0 , 0 , 12.35 , 9.309 , 4.637 , 238.92 , 78.84
5102 , 26674 , 19.91 , -38.7 , 0 , 12.33 , 9.231 , 4.637 , 239.55 , 78.21
5111 , 26731 , 19.74 , -38.5 , 0 , 12.31 , 9.218 , 4.669 , 240.16 , 77.61
5123 , 26791 , 19.57 , -38.8 , 0 , 12.28 , 9.150 , 4.676 , 240.79 , 76.97
5132 , 26845 , 19.42 , -38.5 , 0 , 12.26 , 9.097 , 4.685 , 241.35 , 76.41
5142 , 26896 , 19.27 , -38.6 , 0 , 12.24 , 9.079 , 4.711 , 241.89 , 75.87
5152 , 26950 , 19.12 , -38.8 , 0 , 12.22 , 8.940 , 4.675 , 242.45 , 75.32
5162 , 27008 , 18.96 , -38.9 , 0 , 12.20 , 8.797 , 4.640 , 243.05 , 74.72
5173 , 27069 , 18.79 , -39.0 , 0 , 12.17 , 8.812 , 4.689 , 243.66 , 74.11
5182 , 27119 , 18.66 , -38.9 , 0 , 12.16 , 8.853 , 4.745 , 244.17 , 73.59
5192 , 27171 , 18.52 , -38.9 , 0 , 12.14 , 8.851 , 4.780 , 244.70 , 73.07
5203 , 27230 , 18.36 , -38.7 , 0 , 12.11 , 8.733 , 4.758 , 245.30 , 72.47
5212 , 27273 , 18.24 , -38.8 , 0 , 12.09 , 8.580 , 4.703 , 245.72 , 72.04
5222 , 27332 , 18.09 , -38.8 , 0 , 12.07 , 8.677 , 4.798 , 246.31 , 71.45
5232 , 27386 , 17.94 , -39.1 , 0 , 12.05 , 8.607 , 4.797 , 246.85 , 70.92
5242 , 27441 , 17.80 , -38.8 , 0 , 12.03 , 8.579 , 4.820 , 247.39 , 70.37
5252 , 27499 , 17.65 , -38.9 , 0 , 12.01 , 8.558 , 4.849 , 247.97 , 69.80
5262 , 27556 , 17.50 , -39.0 , 0 , 11.99 , 8.528 , 4.872 , 248.52 , 69.24
5271 , 27606 , 17.38 , -39.0 , 0 , 11.97 , 8.595 , 4.946 , 249.01 , 68.75
5281 , 27658 , 17.25 , -39.2 , 0 , 11.95 , 8.473 , 4.914 , 249.53 , 68.24
5292 , 27715 , 17.10 , -39.1 , 0 , 11.93 , 8.394 , 4.908 , 250.08 , 67.69
5302 , 27770 , 16.97 , -39.0 , 0 , 11.91 , 8.337 , 4.914 , 250.61 , 67.15
5312 , 27824 , 16.83 , -38.9 , 0 , 11.89 , 8.308 , 4.936 , 251.13 , 66.64
5321 , 27875 , 16.71 , -38.8 , 0 , 11.87 , 8.275 , 4.953 , 251.62 , 66.15
5330 , 27924 , 16.59 , -38.7 , 0 , 11.86 , 8.169 , 4.924 , 252.07 , 65.69
5340 , 27978 , 16.46 , -38.7 , 0 , 11.84 , 8.084 , 4.911 , 252.58 , 65.18
5350 , 28033 , 16.33 , -38.5 , 0 , 11.82 , 8.041 , 4.924 , 253.09 , 64.67
5359 , 28087 , 16.20 , -38.5 , 0 , 11.80 , 8.023 , 4.952 , 253.59 , 64.17
5370 , 28141 , 16.07 , -38.5 , 0 , 11.78 , 8.105 , 5.043 , 254.09 , 63.68
5380 , 28197 , 15.94 , -38.6 , 0 , 11.76 , 7.920 , 4.968 , 254.60 , 63.16
5390 , 28247 , 15.83 , -38.6 , 0 , 11.74 , 7.829 , 4.947 , 255.06 , 62.71
5400 , 28297 , 15.71 , -38.3 , 0 , 11.72 , 7.897 , 5.026 , 255.51 , 62.25
5410 , 28351 , 15.59 , -38.1 , 0 , 11.70 , 7.734 , 4.961 , 255.99 , 61.77
5420 , 28410 , 15.46 , -37.8 , 0 , 11.68 , 7.711 , 4.989 , 256.52 , 61.25
5430 , 28466 , 15.33 , -37.5 , 0 , 11.66 , 7.648 , 4.989 , 257.01 , 60.75
5440 , 28523 , 15.20 , -37.0 , 1 , 11.65 , 7.586 , 4.989 , 257.51 , 60.25
5449 , 28574 , 15.09 , -36.8 , 0 , 11.63 , 7.409 , 4.909 , 257.94 , 59.82
5459 , 28629 , 14.97 , -36.9 , 0 , 11.60 , 7.318 , 4.888 , 258.41 , 59.36
5468 , 28675 , 14.87 , -36.9 , 0 , 11.59 , 7.303 , 4.910 , 258.79 , 58.98
5479 , 28739 , 14.74 , -36.7 , 0 , 11.57 , 7.219 , 4.899 , 259.32 , 58.44
5488 , 28793 , 14.62 , -36.3 , 1 , 11.55 , 7.235 , 4.947 , 259.76 , 58.00
5498 , 28849 , 14.51 , -36.3 , 0 , 11.53 , 7.157 , 4.934 , 260.22 , 57.54
5508 , 28898 , 14.40 , -36.5 , 0 , 11.51 , 7.232 , 5.021 , 260.62 , 57.14
5518 , 28957 , 14.28 , -36.4 , 0 , 11.49 , 7.268 , 5.089 , 261.11 , 56.65
5528 , 29021 , 14.15 , -36.3 , 0 , 11.47 , 7.067 , 4.994 , 261.63 , 56.13
5538 , 29078 , 14.03 , -36.4 , 0 , 11.46 , 7.019 , 5.002 , 262.09 , 55.67
5548 , 29134 , 13.92 , -36.7 , 0 , 11.44 , 6.889 , 4.949 , 262.53 , 55.23
5558 , 29189 , 13.81 , -36.9 , 0 , 11.42 , 6.758 , 4.893 , 262.96 , 54.80
5568 , 29247 , 13.70 , -36.9 , 0 , 11.40 , 6.735 , 4.918 , 263.41 , 54.36
5578 , 29307 , 13.58 , -37.1 , 0 , 11.38 , 6.735 , 4.961 , 263.87 , 53.89
5588 , 29365 , 13.46 , -37.2 , 0 , 11.36 , 6.551 , 4.866 , 264.31 , 53.45
5598 , 29421 , 13.36 , -37.3 , 0 , 11.34 , 6.376 , 4.774 , 264.72 , 53.04
5608 , 29483 , 13.24 , -37.3 , 0 , 11.33 , 6.389 , 4.827 , 265.18 , 52.59
5618 , 29538 , 13.13 , -37.0 , 0 , 11.31 , 6.409 , 4.881 , 265.58 , 52.19
5627 , 29589 , 13.03 , -36.7 , 0 , 11.29 , 6.468 , 4.962 , 265.95 , 51.81
5637 , 29644 , 12.93 , -36.7 , 0 , 11.27 , 6.442 , 4.982 , 266.36 , 51.41
5647 , 29695 , 12.84 , -36.7 , 0 , 11.26 , 6.244 , 4.865 , 266.73 , 51.04
5657 , 29748 , 12.74 , -36.6 , 0 , 11.24 , 6.243 , 4.901 , 267.10 , 50.66
5667 , 29799 , 12.64 , -36.5 , 0 , 11.22 , 6.234 , 4.930 , 267.47 , 50.30
5677 , 29855 , 12.54 , -36.6 , 0 , 11.21 , 6.238 , 4.973 , 267.86 , 49.90
5687 , 29908 , 12.45 , -36.5 , 0 , 11.19 , 6.194 , 4.976 , 268.24 , 49.53
5697 , 29961 , 12.35 , -36.3 , 0 , 11.18 , 6.149 , 4.977 , 268.61 , 49.15
5707 , 30014 , 12.26 , -36.2 , 0 , 11.16 , 5.964 , 4.866 , 268.98 , 48.78
5717 , 30065 , 12.17 , -36.0 , 0 , 11.14 , 5.983 , 4.917 , 269.32 , 48.44
5727 , 30117 , 12.08 , -35.6 , 0 , 11.12 , 6.047 , 5.007 , 269.68 , 48.09
5737 , 30176 , 11.98 , -35.6 , 0 , 11.11 , 5.887 , 4.916 , 270.08 , 47.69
5747 , 30225 , 11.89 , -35.7 , 0 , 11.09 , 5.821 , 4.895 , 270.40 , 47.36
5757 , 30284 , 11.79 , -35.3 , 0 , 11.07 , 5.870 , 4.979 , 270.80 , 46.97
5767 , 30335 , 11.70 , -34.9 , 0 , 11.06 , 5.832 , 4.983 , 271.14 , 46.63
5777 , 30392 , 11.61 , -34.7 , 0 , 11.04 , 5.752 , 4.954 , 271.51 , 46.26
5787 , 30450 , 11.51 , -34.5 , 0 , 11.02 , 5.808 , 5.044 , 271.89 , 45.88
5797 , 30503 , 11.43 , -34.3 , 0 , 11.00 , 5.695 , 4.984 , 272.23 , 45.53
5807 , 30559 , 11.34 , -34.2 , 0 , 10.98 , 5.636 , 4.972 , 272.59 , 45.18
5817 , 30607 , 11.26 , -34.1 , 0 , 10.96 , 5.610 , 4.983 , 272.89 , 44.87
5827 , 30669 , 11.16 , -34.1 , 0 , 10.94 , 5.539 , 4.964 , 273.28 , 44.48
5837 , 30716 , 11.08 , -34.0 , 0 , 10.92 , 5.496 , 4.958 , 273.58 , 44.19
5847 , 30776 , 10.99 , -33.8 , 0 , 10.90 , 5.469 , 4.977 , 273.94 , 43.82
5857 , 30833 , 10.90 , -33.4 , 0 , 10.88 , 5.428 , 4.979 , 274.29 , 43.47
5867 , 30887 , 10.82 , -33.2 , 0 , 10.86 , 5.573 , 5.152 , 274.63 , 43.14
5877 , 30936 , 10.74 , -33.2 , 0 , 10.84 , 5.539 , 5.156 , 274.94 , 42.83
5887 , 30987 , 10.66 , -33.0 , 0 , 10.82 , 5.511 , 5.168 , 275.25 , 42.51
5897 , 31042 , 10.58 , -32.8 , 0 , 10.80 , 5.439 , 5.140 , 275.59 , 42.17
5907 , 31093 , 10.50 , -32.8 , 0 , 10.78 , 5.344 , 5.088 , 275.90 , 41.87
5917 , 31148 , 10.42 , -33.0 , 0 , 10.76 , 5.438 , 5.217 , 276.23 , 41.53
5927 , 31201 , 10.34 , -33.1 , 0 , 10.74 , 6.358 , 6.146 , 276.58 , 41.18
5937 , 31252 , 10.27 , -33.3 , 0 , 10.72 , 6.158 , 5.996 , 276.94 , 40.82
5946 , 31303 , 10.20 , -33.2 , 0 , 10.71 , 6.117 , 6.000 , 277.29 , 40.47
5956 , 31359 , 10.11 , -33.2 , 0 , 10.69 , 6.111 , 6.042 , 277.68 , 40.09
5966 , 31406 , 10.05 , -33.3 , 0 , 10.67 , 5.815 , 5.788 , 277.99 , 39.77
5976 , 31470 , 9.96 , -33.2 , 0 , 10.65 , 5.518 , 5.543 , 278.40 , 39.36
5986 , 31517 , 9.89 , -33.2 , 0 , 10.63 , 5.301 , 5.360 , 278.68 , 39.08
5996 , 31573 , 9.81 , -33.3 , 0 , 10.61 , 5.279 , 5.381 , 279.02 , 38.75
6006 , 31629 , 9.73 , -33.4 , 0 , 10.59 , 5.175 , 5.317 , 279.35 , 38.42
6016 , 31671 , 9.68 , -33.5 , 0 , 10.58 , 5.085 , 5.255 , 279.59 , 38.18
6026 , 31723 , 9.60 , -33.7 , 0 , 10.56 , 4.951 , 5.156 , 279.88 , 37.88
6036 , 31779 , 9.53 , -33.5 , 0 , 10.55 , 4.858 , 5.100 , 280.19 , 37.57
6046 , 31832 , 9.46 , -33.5 , 0 , 10.53 , 4.810 , 5.087 , 280.48 , 37.28
6056 , 31885 , 9.38 , -33.4 , 0 , 10.51 , 4.738 , 5.049 , 280.77 , 37.00
6066 , 31938 , 9.31 , -33.4 , 0 , 10.50 , 4.653 , 4.996 , 281.04 , 36.72
