# ------------------------------------------------------------
#
# Flight name: V0512
# Station: Davis
# Launch Date: 01 February 2012
# Launch Time: 11:14:26
# 
# This file created: Thu Feb 02 10:28:30 2012
# 
# 
# ------------------------------------------------------------
# DATA COLUMNS
# Time (s)
# Height (m)
# Atmospheric Pressure (hPa)
# Atmospheric Temperature (°C)
# Relative Humidity (%)
# Box Temperature (°C)
# Ozone Partial Pressure (mPa)
# Ozone Mixing Ratio (ppmV)
# Accumulated Ozone to this Height (Dobson Units)
# Remaining Ozone above this Height (Dobson Units)
# 
# ------------------------------------------------------------
# 
# Integrated Ozone = 255.5 DU
# Extrapolated Ozone =  35.5 DU
# 
# Total Ozone = 291.0 DU
# 
# 
# ------------------------------------------------------------
0 , 18 , 968.13 , -1.4 , 49 , 36.56 , 1.598 , 0.017 , 0.00 , 290.99
10 , 74 , 961.27 , -2.8 , 49 , 36.56 , 1.635 , 0.017 , 0.09 , 290.90
20 , 129 , 954.57 , -3.4 , 51 , 36.55 , 1.608 , 0.017 , 0.18 , 290.81
30 , 184 , 947.93 , -3.9 , 52 , 36.54 , 1.621 , 0.017 , 0.27 , 290.72
40 , 238 , 941.51 , -4.4 , 54 , 36.52 , 1.645 , 0.017 , 0.36 , 290.63
50 , 295 , 934.76 , -5.0 , 56 , 36.49 , 1.638 , 0.018 , 0.45 , 290.54
59 , 346 , 928.62 , -5.5 , 56 , 36.45 , 1.633 , 0.018 , 0.54 , 290.46
68 , 398 , 922.52 , -6.0 , 56 , 36.42 , 1.646 , 0.018 , 0.62 , 290.37
78 , 454 , 915.91 , -6.5 , 53 , 36.38 , 1.641 , 0.018 , 0.71 , 290.28
88 , 512 , 909.18 , -7.0 , 56 , 36.34 , 1.612 , 0.018 , 0.81 , 290.18
98 , 578 , 901.53 , -7.6 , 58 , 36.27 , 1.621 , 0.018 , 0.92 , 290.08
108 , 638 , 894.56 , -8.2 , 60 , 36.20 , 1.625 , 0.018 , 1.02 , 289.98
118 , 688 , 888.80 , -8.7 , 60 , 36.19 , 1.589 , 0.018 , 1.10 , 289.89
128 , 734 , 883.53 , -9.1 , 64 , 36.17 , 1.567 , 0.018 , 1.17 , 289.82
138 , 778 , 878.57 , -9.3 , 60 , 36.12 , 1.587 , 0.018 , 1.24 , 289.75
148 , 830 , 872.62 , -9.6 , 57 , 36.07 , 1.583 , 0.018 , 1.33 , 289.67
158 , 880 , 866.93 , -10.1 , 58 , 36.01 , 1.563 , 0.018 , 1.41 , 289.58
168 , 930 , 861.34 , -10.6 , 61 , 35.98 , 1.569 , 0.018 , 1.49 , 289.50
178 , 986 , 855.12 , -11.0 , 65 , 35.93 , 1.556 , 0.018 , 1.58 , 289.41
188 , 1046 , 848.48 , -11.6 , 67 , 35.91 , 1.558 , 0.018 , 1.67 , 289.32
198 , 1108 , 841.56 , -12.1 , 70 , 35.86 , 1.532 , 0.018 , 1.77 , 289.22
207 , 1166 , 835.27 , -12.5 , 73 , 35.81 , 1.525 , 0.018 , 1.86 , 289.13
217 , 1225 , 828.81 , -12.6 , 70 , 35.77 , 1.534 , 0.019 , 1.96 , 289.03
227 , 1285 , 822.35 , -12.5 , 61 , 35.75 , 1.527 , 0.019 , 2.05 , 288.94
237 , 1341 , 816.29 , -12.9 , 58 , 35.70 , 1.516 , 0.019 , 2.14 , 288.85
247 , 1397 , 810.33 , -13.2 , 56 , 35.65 , 1.485 , 0.018 , 2.23 , 288.76
256 , 1450 , 804.67 , -13.3 , 52 , 35.63 , 1.466 , 0.018 , 2.31 , 288.68
266 , 1505 , 798.89 , -13.2 , 42 , 35.59 , 1.451 , 0.018 , 2.39 , 288.60
276 , 1564 , 792.76 , -12.8 , 29 , 35.55 , 1.441 , 0.018 , 2.48 , 288.51
286 , 1622 , 786.70 , -11.9 , 21 , 35.51 , 1.447 , 0.018 , 2.57 , 288.42
296 , 1680 , 780.77 , -11.5 , 19 , 35.47 , 1.423 , 0.018 , 2.65 , 288.34
306 , 1743 , 774.44 , -11.3 , 23 , 35.43 , 1.390 , 0.018 , 2.74 , 288.25
315 , 1800 , 768.68 , -11.2 , 27 , 35.36 , 1.346 , 0.018 , 2.82 , 288.17
325 , 1856 , 763.12 , -11.5 , 28 , 35.34 , 1.298 , 0.017 , 2.90 , 288.09
335 , 1909 , 757.83 , -11.9 , 28 , 35.32 , 1.269 , 0.017 , 2.97 , 288.02
345 , 1966 , 752.17 , -12.4 , 29 , 35.27 , 1.250 , 0.017 , 3.04 , 287.95
355 , 2025 , 746.43 , -12.9 , 32 , 35.23 , 1.233 , 0.017 , 3.12 , 287.87
365 , 2084 , 740.61 , -13.4 , 37 , 35.20 , 1.203 , 0.016 , 3.19 , 287.80
375 , 2144 , 734.81 , -13.9 , 38 , 35.18 , 1.160 , 0.016 , 3.27 , 287.72
385 , 2206 , 728.83 , -14.4 , 41 , 35.15 , 1.153 , 0.016 , 3.34 , 287.65
395 , 2267 , 723.00 , -14.9 , 48 , 35.12 , 1.143 , 0.016 , 3.42 , 287.58
405 , 2326 , 717.31 , -15.2 , 52 , 35.08 , 1.130 , 0.016 , 3.49 , 287.51
415 , 2384 , 711.88 , -15.6 , 56 , 35.04 , 1.102 , 0.015 , 3.55 , 287.44
424 , 2437 , 706.92 , -16.1 , 58 , 35.02 , 1.084 , 0.015 , 3.61 , 287.38
434 , 2491 , 701.84 , -16.4 , 61 , 34.99 , 1.056 , 0.015 , 3.67 , 287.32
444 , 2549 , 696.45 , -16.8 , 63 , 34.96 , 1.035 , 0.015 , 3.74 , 287.25
454 , 2607 , 691.06 , -17.2 , 64 , 34.91 , 1.021 , 0.015 , 3.80 , 287.19
463 , 2663 , 685.89 , -17.6 , 66 , 34.88 , 1.027 , 0.015 , 3.86 , 287.13
473 , 2719 , 680.78 , -18.0 , 69 , 34.84 , 1.021 , 0.015 , 3.92 , 287.07
481 , 2772 , 675.95 , -18.1 , 68 , 34.80 , 0.997 , 0.015 , 3.98 , 287.01
493 , 2848 , 669.18 , -18.3 , 59 , 34.78 , 1.043 , 0.016 , 4.06 , 286.93
503 , 2911 , 663.47 , -18.4 , 50 , 34.76 , 1.076 , 0.016 , 4.13 , 286.86
513 , 2979 , 657.54 , -18.0 , 22 , 34.75 , 1.181 , 0.018 , 4.21 , 286.78
523 , 3033 , 652.80 , -17.6 , 7 , 34.71 , 1.347 , 0.021 , 4.28 , 286.71
533 , 3091 , 647.71 , -17.5 , 9 , 34.67 , 1.447 , 0.022 , 4.37 , 286.62
543 , 3151 , 642.54 , -18.0 , 14 , 34.64 , 1.471 , 0.023 , 4.46 , 286.53
553 , 3211 , 637.37 , -18.4 , 18 , 34.59 , 1.430 , 0.022 , 4.55 , 286.44
563 , 3273 , 632.11 , -18.8 , 25 , 34.54 , 1.367 , 0.022 , 4.65 , 286.35
572 , 3329 , 627.35 , -19.1 , 29 , 34.51 , 1.289 , 0.021 , 4.73 , 286.27
582 , 3387 , 622.49 , -19.3 , 29 , 34.47 , 1.286 , 0.021 , 4.80 , 286.19
592 , 3450 , 617.24 , -19.6 , 19 , 34.44 , 1.383 , 0.022 , 4.89 , 286.10
602 , 3511 , 612.17 , -19.9 , 25 , 34.40 , 1.485 , 0.024 , 4.99 , 286.00
612 , 3571 , 607.28 , -20.3 , 35 , 34.37 , 1.395 , 0.023 , 5.08 , 285.91
621 , 3629 , 602.56 , -20.6 , 46 , 34.34 , 1.370 , 0.023 , 5.16 , 285.83
632 , 3691 , 597.47 , -20.9 , 77 , 34.30 , 1.321 , 0.022 , 5.25 , 285.74
642 , 3756 , 592.24 , -21.1 , 78 , 34.27 , 1.195 , 0.020 , 5.34 , 285.65
652 , 3815 , 587.53 , -21.2 , 71 , 34.23 , 1.050 , 0.018 , 5.41 , 285.58
662 , 3874 , 582.89 , -21.4 , 65 , 34.19 , 1.023 , 0.018 , 5.48 , 285.52
672 , 3931 , 578.34 , -21.5 , 60 , 34.15 , 1.155 , 0.020 , 5.54 , 285.45
682 , 3992 , 573.57 , -22.0 , 61 , 34.11 , 1.243 , 0.022 , 5.62 , 285.37
692 , 4053 , 568.82 , -22.6 , 63 , 34.09 , 1.295 , 0.023 , 5.71 , 285.29
702 , 4115 , 564.08 , -23.0 , 64 , 34.05 , 1.311 , 0.023 , 5.79 , 285.20
712 , 4179 , 559.16 , -23.4 , 64 , 34.01 , 1.292 , 0.023 , 5.88 , 285.11
722 , 4239 , 554.60 , -23.8 , 64 , 33.99 , 1.249 , 0.023 , 5.96 , 285.03
732 , 4300 , 549.92 , -24.3 , 64 , 33.98 , 1.238 , 0.023 , 6.05 , 284.95
742 , 4363 , 545.21 , -24.6 , 54 , 33.95 , 1.225 , 0.022 , 6.13 , 284.86
752 , 4421 , 540.90 , -24.7 , 44 , 33.94 , 1.255 , 0.023 , 6.21 , 284.78
762 , 4478 , 536.63 , -24.8 , 48 , 33.92 , 1.407 , 0.026 , 6.29 , 284.70
772 , 4536 , 532.38 , -25.2 , 56 , 33.91 , 1.551 , 0.029 , 6.38 , 284.61
782 , 4600 , 527.73 , -25.6 , 55 , 33.88 , 1.642 , 0.031 , 6.49 , 284.50
792 , 4662 , 523.26 , -26.0 , 57 , 33.86 , 1.732 , 0.033 , 6.61 , 284.38
802 , 4726 , 518.64 , -26.4 , 60 , 33.82 , 1.749 , 0.034 , 6.73 , 284.26
811 , 4785 , 514.41 , -26.7 , 62 , 33.79 , 1.745 , 0.034 , 6.84 , 284.15
821 , 4846 , 510.05 , -26.2 , 46 , 33.76 , 1.754 , 0.034 , 6.96 , 284.03
830 , 4901 , 506.18 , -25.9 , 24 , 33.74 , 1.702 , 0.034 , 7.06 , 283.93
841 , 4961 , 502.02 , -26.2 , 17 , 33.70 , 1.719 , 0.034 , 7.18 , 283.82
851 , 5022 , 497.81 , -26.5 , 26 , 33.65 , 1.726 , 0.035 , 7.29 , 283.70
859 , 5070 , 494.49 , -26.9 , 42 , 33.62 , 1.696 , 0.034 , 7.38 , 283.61
871 , 5139 , 489.81 , -27.1 , 31 , 33.58 , 1.697 , 0.035 , 7.51 , 283.48
880 , 5200 , 485.66 , -27.5 , 31 , 33.54 , 1.714 , 0.035 , 7.62 , 283.37
889 , 5254 , 482.04 , -27.8 , 32 , 33.49 , 1.700 , 0.035 , 7.72 , 283.27
899 , 5311 , 478.24 , -28.3 , 38 , 33.46 , 1.691 , 0.035 , 7.83 , 283.16
909 , 5373 , 474.10 , -28.8 , 56 , 33.42 , 1.619 , 0.034 , 7.94 , 283.05
919 , 5432 , 470.16 , -29.2 , 69 , 33.38 , 1.487 , 0.032 , 8.04 , 282.95
929 , 5498 , 465.84 , -29.7 , 73 , 33.34 , 1.389 , 0.030 , 8.15 , 282.84
939 , 5562 , 461.69 , -30.2 , 75 , 33.30 , 1.321 , 0.029 , 8.24 , 282.75
949 , 5628 , 457.43 , -30.7 , 78 , 33.27 , 1.281 , 0.028 , 8.34 , 282.65
959 , 5693 , 453.25 , -31.2 , 81 , 33.24 , 1.232 , 0.027 , 8.43 , 282.56
969 , 5756 , 449.23 , -31.7 , 84 , 33.21 , 1.214 , 0.027 , 8.52 , 282.47
979 , 5817 , 445.34 , -32.1 , 86 , 33.17 , 1.203 , 0.027 , 8.60 , 282.39
989 , 5877 , 441.57 , -32.2 , 86 , 33.13 , 1.166 , 0.026 , 8.68 , 282.31
999 , 5940 , 437.68 , -32.6 , 84 , 33.10 , 1.120 , 0.026 , 8.76 , 282.23
1009 , 6003 , 433.78 , -33.1 , 85 , 33.06 , 1.082 , 0.025 , 8.84 , 282.15
1019 , 6065 , 429.98 , -33.2 , 79 , 33.02 , 1.068 , 0.025 , 8.91 , 282.08
1028 , 6125 , 426.31 , -33.1 , 73 , 32.98 , 1.074 , 0.025 , 8.98 , 282.01
1038 , 6182 , 422.85 , -33.3 , 67 , 32.95 , 1.082 , 0.026 , 9.05 , 281.94
1048 , 6249 , 418.81 , -33.4 , 56 , 32.92 , 1.099 , 0.026 , 9.14 , 281.86
1058 , 6314 , 414.96 , -33.7 , 45 , 32.88 , 1.154 , 0.028 , 9.22 , 281.77
1068 , 6383 , 410.93 , -34.3 , 42 , 32.85 , 1.203 , 0.029 , 9.31 , 281.68
1078 , 6445 , 407.26 , -34.7 , 40 , 32.81 , 1.209 , 0.030 , 9.39 , 281.60
1088 , 6505 , 403.76 , -35.2 , 39 , 32.78 , 1.227 , 0.030 , 9.48 , 281.51
1098 , 6568 , 400.13 , -35.6 , 37 , 32.74 , 1.224 , 0.031 , 9.56 , 281.43
1108 , 6630 , 396.57 , -36.2 , 34 , 32.70 , 1.205 , 0.030 , 9.65 , 281.34
1118 , 6694 , 392.96 , -36.8 , 34 , 32.67 , 1.168 , 0.030 , 9.74 , 281.26
1128 , 6757 , 389.38 , -37.2 , 30 , 32.64 , 1.130 , 0.029 , 9.82 , 281.17
1138 , 6822 , 385.74 , -37.7 , 28 , 32.60 , 1.105 , 0.029 , 9.90 , 281.09
1148 , 6888 , 382.02 , -38.2 , 27 , 32.59 , 1.136 , 0.030 , 9.99 , 281.00
1158 , 6951 , 378.55 , -38.7 , 29 , 32.55 , 1.141 , 0.030 , 10.07 , 280.92
1168 , 7012 , 375.19 , -39.3 , 33 , 32.52 , 1.149 , 0.031 , 10.15 , 280.84
1178 , 7073 , 371.88 , -39.8 , 40 , 32.48 , 1.120 , 0.030 , 10.23 , 280.76
1187 , 7131 , 368.72 , -40.3 , 44 , 32.45 , 1.065 , 0.029 , 10.30 , 280.69
1196 , 7185 , 365.83 , -40.8 , 47 , 32.42 , 1.054 , 0.029 , 10.37 , 280.62
1206 , 7250 , 362.35 , -41.4 , 50 , 32.38 , 1.058 , 0.029 , 10.45 , 280.54
1216 , 7323 , 358.44 , -41.9 , 48 , 32.34 , 1.065 , 0.030 , 10.54 , 280.45
1226 , 7393 , 354.76 , -42.5 , 44 , 32.32 , 1.049 , 0.030 , 10.63 , 280.37
1236 , 7460 , 351.22 , -43.1 , 41 , 32.29 , 1.027 , 0.029 , 10.71 , 280.28
1246 , 7527 , 347.77 , -43.5 , 38 , 32.25 , 1.032 , 0.030 , 10.79 , 280.20
1256 , 7600 , 343.99 , -44.1 , 34 , 32.21 , 1.046 , 0.030 , 10.88 , 280.11
1266 , 7670 , 340.44 , -44.7 , 34 , 32.18 , 1.071 , 0.031 , 10.96 , 280.03
1276 , 7740 , 336.89 , -45.3 , 36 , 32.15 , 1.040 , 0.031 , 11.05 , 279.94
1286 , 7806 , 333.57 , -45.9 , 38 , 32.11 , 1.024 , 0.031 , 11.13 , 279.86
1296 , 7873 , 330.21 , -46.6 , 41 , 32.09 , 1.015 , 0.031 , 11.21 , 279.78
1306 , 7942 , 326.78 , -47.3 , 44 , 32.05 , 0.991 , 0.030 , 11.30 , 279.70
1316 , 8010 , 323.45 , -47.9 , 47 , 32.02 , 0.983 , 0.030 , 11.38 , 279.62
1326 , 8083 , 319.87 , -48.6 , 51 , 31.98 , 0.977 , 0.031 , 11.46 , 279.53
1336 , 8145 , 316.86 , -49.1 , 55 , 31.93 , 0.964 , 0.030 , 11.53 , 279.46
1346 , 8210 , 313.75 , -49.8 , 58 , 31.89 , 0.955 , 0.030 , 11.61 , 279.38
1356 , 8272 , 310.75 , -50.3 , 62 , 31.84 , 0.958 , 0.031 , 11.68 , 279.31
1366 , 8340 , 307.52 , -51.0 , 66 , 31.80 , 0.956 , 0.031 , 11.76 , 279.23
1376 , 8405 , 304.48 , -51.4 , 69 , 31.76 , 0.935 , 0.031 , 11.83 , 279.16
1386 , 8463 , 301.77 , -51.9 , 71 , 31.72 , 0.942 , 0.031 , 11.90 , 279.09
1396 , 8525 , 298.88 , -52.3 , 69 , 31.67 , 0.924 , 0.031 , 11.97 , 279.02
1405 , 8590 , 295.88 , -52.9 , 67 , 31.64 , 0.897 , 0.030 , 12.04 , 278.95
1415 , 8657 , 292.84 , -53.4 , 66 , 31.60 , 0.890 , 0.030 , 12.12 , 278.87
1425 , 8722 , 289.88 , -53.7 , 65 , 31.56 , 0.955 , 0.033 , 12.19 , 278.80
1435 , 8796 , 286.58 , -54.3 , 63 , 31.52 , 1.140 , 0.040 , 12.29 , 278.71
1445 , 8866 , 283.45 , -54.8 , 61 , 31.47 , 1.266 , 0.045 , 12.39 , 278.60
1455 , 8936 , 280.38 , -55.3 , 61 , 31.43 , 1.292 , 0.046 , 12.50 , 278.49
1465 , 8989 , 278.01 , -55.8 , 60 , 31.38 , 1.303 , 0.047 , 12.59 , 278.41
1475 , 9045 , 275.58 , -56.2 , 60 , 31.34 , 1.311 , 0.048 , 12.68 , 278.31
1485 , 9106 , 272.97 , -56.6 , 60 , 31.29 , 1.352 , 0.050 , 12.78 , 278.21
1494 , 9150 , 271.08 , -56.9 , 60 , 31.24 , 1.425 , 0.053 , 12.85 , 278.14
1503 , 9196 , 269.11 , -57.3 , 60 , 31.21 , 1.506 , 0.056 , 12.94 , 278.05
1513 , 9255 , 266.59 , -57.7 , 60 , 31.16 , 1.559 , 0.058 , 13.05 , 277.94
1523 , 9311 , 264.24 , -57.9 , 59 , 31.11 , 1.607 , 0.061 , 13.16 , 277.83
1533 , 9372 , 261.70 , -58.3 , 61 , 31.07 , 1.542 , 0.059 , 13.28 , 277.71
1543 , 9441 , 258.86 , -58.0 , 63 , 31.02 , 1.395 , 0.054 , 13.41 , 277.58
1553 , 9511 , 256.00 , -58.1 , 65 , 30.96 , 1.483 , 0.058 , 13.53 , 277.46
1563 , 9572 , 253.53 , -57.6 , 64 , 30.91 , 1.729 , 0.068 , 13.66 , 277.33
1573 , 9635 , 251.00 , -56.6 , 56 , 30.86 , 2.311 , 0.092 , 13.82 , 277.17
1583 , 9692 , 248.77 , -56.1 , 48 , 30.81 , 2.985 , 0.120 , 14.00 , 276.99
1593 , 9756 , 246.26 , -55.6 , 40 , 30.77 , 3.215 , 0.131 , 14.25 , 276.74
1603 , 9815 , 244.00 , -55.2 , 34 , 30.72 , 3.467 , 0.142 , 14.49 , 276.50
1613 , 9883 , 241.42 , -53.8 , 25 , 30.66 , 3.836 , 0.159 , 14.80 , 276.19
1623 , 9943 , 239.20 , -52.3 , 16 , 30.61 , 4.487 , 0.188 , 15.11 , 275.89
1633 , 10012 , 236.65 , -52.1 , 10 , 30.56 , 5.027 , 0.212 , 15.51 , 275.49
1643 , 10063 , 234.80 , -51.8 , 7 , 30.51 , 5.375 , 0.229 , 15.83 , 275.16
1653 , 10107 , 233.20 , -51.4 , 5 , 30.45 , 5.498 , 0.236 , 16.12 , 274.87
1663 , 10153 , 231.56 , -51.0 , 4 , 30.40 , 5.607 , 0.242 , 16.43 , 274.56
1673 , 10206 , 229.69 , -50.8 , 3 , 30.35 , 5.728 , 0.249 , 16.80 , 274.20
1683 , 10259 , 227.82 , -50.1 , 2 , 30.30 , 5.633 , 0.247 , 17.16 , 273.83
1693 , 10310 , 226.05 , -49.4 , 2 , 30.24 , 5.693 , 0.252 , 17.51 , 273.48
1703 , 10365 , 224.15 , -49.1 , 2 , 30.19 , 5.402 , 0.241 , 17.88 , 273.11
1713 , 10418 , 222.35 , -48.7 , 1 , 30.13 , 5.198 , 0.234 , 18.22 , 272.78
1723 , 10473 , 220.50 , -48.2 , 1 , 30.08 , 5.336 , 0.242 , 18.56 , 272.43
1733 , 10526 , 218.75 , -47.8 , 1 , 30.02 , 5.517 , 0.252 , 18.91 , 272.09
1743 , 10589 , 216.65 , -47.4 , 1 , 29.95 , 5.432 , 0.251 , 19.32 , 271.67
1753 , 10644 , 214.87 , -47.4 , 1 , 29.89 , 5.394 , 0.251 , 19.67 , 271.32
1763 , 10686 , 213.50 , -47.7 , 1 , 29.84 , 5.369 , 0.251 , 19.95 , 271.05
1773 , 10725 , 212.24 , -47.6 , 1 , 29.79 , 5.450 , 0.257 , 20.20 , 270.79
1783 , 10769 , 210.83 , -47.7 , 1 , 29.75 , 5.570 , 0.264 , 20.49 , 270.50
1793 , 10819 , 209.24 , -48.0 , 1 , 29.70 , 5.604 , 0.268 , 20.82 , 270.17
1802 , 10863 , 207.83 , -48.2 , 1 , 29.65 , 5.564 , 0.268 , 21.12 , 269.87
1812 , 10912 , 206.31 , -48.1 , 1 , 29.60 , 5.602 , 0.272 , 21.44 , 269.55
1822 , 10964 , 204.68 , -47.9 , 0 , 29.55 , 5.693 , 0.278 , 21.80 , 269.20
1832 , 11020 , 202.96 , -48.1 , 0 , 29.48 , 5.547 , 0.273 , 22.17 , 268.82
1842 , 11072 , 201.36 , -48.5 , 0 , 29.42 , 5.442 , 0.270 , 22.51 , 268.48
1852 , 11123 , 199.79 , -48.4 , 0 , 29.38 , 5.489 , 0.275 , 22.85 , 268.14
1862 , 11181 , 198.04 , -47.9 , 0 , 29.34 , 5.532 , 0.279 , 23.23 , 267.76
1872 , 11237 , 196.37 , -47.3 , 0 , 29.28 , 5.600 , 0.285 , 23.61 , 267.39
1882 , 11298 , 194.57 , -47.1 , 0 , 29.23 , 5.435 , 0.279 , 24.01 , 266.98
1892 , 11355 , 192.92 , -47.0 , 0 , 29.17 , 5.346 , 0.277 , 24.37 , 266.62
1902 , 11407 , 191.40 , -46.9 , 0 , 29.12 , 5.442 , 0.284 , 24.71 , 266.28
1912 , 11458 , 189.93 , -46.8 , 0 , 29.07 , 5.474 , 0.288 , 25.04 , 265.95
1922 , 11508 , 188.51 , -46.4 , 0 , 29.02 , 5.316 , 0.282 , 25.36 , 265.63
1932 , 11555 , 187.17 , -46.0 , 0 , 28.97 , 5.343 , 0.285 , 25.66 , 265.33
1942 , 11604 , 185.79 , -45.8 , 0 , 28.93 , 5.352 , 0.288 , 25.97 , 265.02
1952 , 11654 , 184.40 , -45.7 , 0 , 28.87 , 5.392 , 0.292 , 26.29 , 264.70
1962 , 11705 , 183.00 , -45.8 , 0 , 28.83 , 5.349 , 0.292 , 26.61 , 264.38
1972 , 11751 , 181.75 , -45.7 , 0 , 28.77 , 5.207 , 0.286 , 26.90 , 264.09
1982 , 11798 , 180.45 , -45.7 , 0 , 28.73 , 5.279 , 0.293 , 27.20 , 263.80
1992 , 11844 , 179.21 , -45.5 , 0 , 28.68 , 5.407 , 0.302 , 27.49 , 263.51
2002 , 11890 , 177.99 , -45.3 , 0 , 28.63 , 5.514 , 0.310 , 27.78 , 263.21
2012 , 11940 , 176.66 , -45.0 , 0 , 28.57 , 5.551 , 0.314 , 28.11 , 262.88
2022 , 11987 , 175.42 , -44.8 , 0 , 28.52 , 5.523 , 0.315 , 28.42 , 262.58
2032 , 12034 , 174.20 , -44.7 , 0 , 28.47 , 5.513 , 0.316 , 28.72 , 262.27
2042 , 12077 , 173.08 , -44.5 , 0 , 28.43 , 5.503 , 0.318 , 29.00 , 261.99
2052 , 12120 , 171.96 , -44.4 , 0 , 28.38 , 5.598 , 0.326 , 29.28 , 261.71
2061 , 12158 , 171.00 , -44.3 , 0 , 28.33 , 5.603 , 0.328 , 29.53 , 261.46
2071 , 12201 , 169.89 , -44.2 , 0 , 28.29 , 5.683 , 0.334 , 29.82 , 261.17
2081 , 12245 , 168.78 , -44.2 , 0 , 28.24 , 5.704 , 0.338 , 30.11 , 260.88
2091 , 12287 , 167.74 , -44.3 , 0 , 28.20 , 5.665 , 0.338 , 30.39 , 260.60
2101 , 12331 , 166.64 , -44.5 , 0 , 28.16 , 5.655 , 0.339 , 30.69 , 260.30
2110 , 12377 , 165.50 , -44.6 , 0 , 28.12 , 5.659 , 0.342 , 30.99 , 260.00
2119 , 12423 , 164.37 , -44.8 , 0 , 28.07 , 5.750 , 0.350 , 31.30 , 259.69
2129 , 12465 , 163.32 , -44.8 , 0 , 28.03 , 5.701 , 0.349 , 31.59 , 259.40
2139 , 12507 , 162.30 , -44.8 , 0 , 27.99 , 5.621 , 0.346 , 31.87 , 259.12
2149 , 12549 , 161.28 , -44.7 , 0 , 27.94 , 5.599 , 0.347 , 32.15 , 258.84
2159 , 12591 , 160.27 , -44.8 , 0 , 27.90 , 5.697 , 0.355 , 32.43 , 258.56
2169 , 12636 , 159.21 , -44.9 , 0 , 27.85 , 5.693 , 0.358 , 32.73 , 258.26
2179 , 12680 , 158.16 , -44.8 , 0 , 27.81 , 5.789 , 0.366 , 33.03 , 257.96
2189 , 12722 , 157.17 , -44.6 , 0 , 27.76 , 5.842 , 0.372 , 33.32 , 257.67
2199 , 12767 , 156.13 , -44.5 , 0 , 27.72 , 5.935 , 0.380 , 33.63 , 257.37
2209 , 12810 , 155.11 , -44.5 , 0 , 27.67 , 5.977 , 0.385 , 33.93 , 257.06
2219 , 12853 , 154.12 , -44.4 , 0 , 27.63 , 6.069 , 0.394 , 34.24 , 256.75
2229 , 12897 , 153.12 , -44.3 , 0 , 27.59 , 6.150 , 0.402 , 34.55 , 256.44
2239 , 12939 , 152.16 , -44.2 , 0 , 27.55 , 6.249 , 0.411 , 34.86 , 256.13
2249 , 12983 , 151.15 , -44.4 , 0 , 27.51 , 6.299 , 0.417 , 35.19 , 255.80
2259 , 13025 , 150.22 , -44.2 , 0 , 27.47 , 6.267 , 0.417 , 35.49 , 255.50
2269 , 13068 , 149.26 , -43.9 , 0 , 27.43 , 6.162 , 0.413 , 35.81 , 255.18
2279 , 13111 , 148.31 , -43.5 , 0 , 27.38 , 6.091 , 0.411 , 36.12 , 254.87
2289 , 13153 , 147.38 , -43.3 , 0 , 27.34 , 6.075 , 0.412 , 36.42 , 254.57
2299 , 13195 , 146.47 , -43.2 , 0 , 27.30 , 6.085 , 0.415 , 36.72 , 254.27
2309 , 13235 , 145.59 , -42.9 , 0 , 27.26 , 6.173 , 0.424 , 37.01 , 253.98
2319 , 13279 , 144.66 , -42.9 , 0 , 27.21 , 6.425 , 0.444 , 37.33 , 253.66
2329 , 13319 , 143.79 , -42.7 , 0 , 27.18 , 6.547 , 0.455 , 37.64 , 253.36
2339 , 13361 , 142.91 , -42.8 , 0 , 27.13 , 6.855 , 0.480 , 37.96 , 253.03
2349 , 13402 , 142.02 , -42.7 , 0 , 27.09 , 6.955 , 0.490 , 38.30 , 252.69
2359 , 13443 , 141.16 , -42.7 , 0 , 27.06 , 6.830 , 0.484 , 38.63 , 252.36
2369 , 13486 , 140.28 , -42.7 , 0 , 27.02 , 6.660 , 0.475 , 38.96 , 252.03
2379 , 13526 , 139.45 , -42.7 , 0 , 26.98 , 6.593 , 0.473 , 39.27 , 251.72
2389 , 13567 , 138.60 , -42.5 , 0 , 26.94 , 6.534 , 0.471 , 39.59 , 251.40
2399 , 13609 , 137.75 , -42.9 , 0 , 26.90 , 6.475 , 0.470 , 39.91 , 251.08
2409 , 13650 , 136.91 , -43.2 , 0 , 26.86 , 6.488 , 0.474 , 40.22 , 250.77
2419 , 13693 , 136.04 , -43.4 , 0 , 26.82 , 6.507 , 0.478 , 40.55 , 250.45
2428 , 13734 , 135.22 , -43.4 , 0 , 26.79 , 6.590 , 0.487 , 40.86 , 250.13
2438 , 13774 , 134.40 , -43.3 , 0 , 26.75 , 6.911 , 0.514 , 41.18 , 249.81
2448 , 13817 , 133.55 , -43.0 , 0 , 26.71 , 7.150 , 0.535 , 41.54 , 249.46
2458 , 13861 , 132.69 , -42.7 , 0 , 26.68 , 7.107 , 0.536 , 41.90 , 249.09
2468 , 13903 , 131.85 , -42.9 , 0 , 26.64 , 7.177 , 0.544 , 42.26 , 248.73
2478 , 13947 , 131.00 , -42.9 , 0 , 26.60 , 7.101 , 0.542 , 42.62 , 248.37
2488 , 13991 , 130.15 , -43.1 , 0 , 26.56 , 7.139 , 0.549 , 42.99 , 248.01
2498 , 14035 , 129.30 , -43.2 , 0 , 26.53 , 7.135 , 0.552 , 43.36 , 247.64
2508 , 14079 , 128.46 , -43.3 , 0 , 26.49 , 7.175 , 0.559 , 43.72 , 247.27
2518 , 14121 , 127.65 , -43.5 , 0 , 26.45 , 7.234 , 0.567 , 44.08 , 246.91
2528 , 14168 , 126.77 , -43.8 , 0 , 26.41 , 7.268 , 0.573 , 44.48 , 246.51
2538 , 14213 , 125.92 , -43.9 , 0 , 26.37 , 7.344 , 0.583 , 44.87 , 246.12
2548 , 14256 , 125.11 , -43.9 , 0 , 26.34 , 7.496 , 0.599 , 45.25 , 245.74
2558 , 14304 , 124.22 , -44.0 , 0 , 26.30 , 7.535 , 0.607 , 45.67 , 245.32
2568 , 14350 , 123.38 , -44.1 , 0 , 26.26 , 7.469 , 0.605 , 46.07 , 244.92
2578 , 14394 , 122.57 , -44.1 , 0 , 26.23 , 7.511 , 0.613 , 46.46 , 244.53
2588 , 14435 , 121.82 , -43.7 , 0 , 26.19 , 7.430 , 0.610 , 46.82 , 244.17
2598 , 14477 , 121.05 , -43.4 , 0 , 26.15 , 7.408 , 0.612 , 47.19 , 243.80
2608 , 14519 , 120.30 , -43.3 , 0 , 26.12 , 7.452 , 0.619 , 47.56 , 243.43
2618 , 14561 , 119.56 , -43.3 , 0 , 26.08 , 7.441 , 0.622 , 47.92 , 243.07
2628 , 14603 , 118.81 , -43.1 , 0 , 26.04 , 7.410 , 0.624 , 48.29 , 242.70
2638 , 14645 , 118.07 , -43.2 , 0 , 26.01 , 7.538 , 0.638 , 48.66 , 242.34
2648 , 14689 , 117.32 , -43.1 , 0 , 25.97 , 7.637 , 0.651 , 49.04 , 241.95
2658 , 14731 , 116.57 , -43.1 , 0 , 25.94 , 7.522 , 0.645 , 49.42 , 241.57
2668 , 14773 , 115.86 , -43.0 , 0 , 25.91 , 7.466 , 0.644 , 49.79 , 241.21
2678 , 14815 , 115.13 , -42.8 , 0 , 25.87 , 7.578 , 0.658 , 50.16 , 240.83
2688 , 14859 , 114.38 , -42.0 , 0 , 25.84 , 7.884 , 0.689 , 50.56 , 240.44
2698 , 14903 , 113.65 , -41.7 , 0 , 25.80 , 7.940 , 0.699 , 50.96 , 240.03
2708 , 14945 , 112.94 , -41.4 , 0 , 25.77 , 7.915 , 0.701 , 51.35 , 239.64
2718 , 14987 , 112.25 , -41.5 , 0 , 25.73 , 8.080 , 0.720 , 51.74 , 239.25
2728 , 15032 , 111.51 , -41.7 , 0 , 25.70 , 8.105 , 0.727 , 52.16 , 238.83
2737 , 15074 , 110.82 , -41.6 , 0 , 25.67 , 8.119 , 0.733 , 52.56 , 238.43
2746 , 15112 , 110.19 , -41.5 , 0 , 25.64 , 8.070 , 0.732 , 52.92 , 238.07
2756 , 15155 , 109.49 , -41.2 , 0 , 25.61 , 7.934 , 0.725 , 53.32 , 237.67
2766 , 15201 , 108.76 , -41.4 , 0 , 25.57 , 7.715 , 0.709 , 53.74 , 237.26
2776 , 15246 , 108.04 , -41.5 , 0 , 25.54 , 7.544 , 0.698 , 54.14 , 236.85
2786 , 15292 , 107.31 , -41.6 , 0 , 25.50 , 7.530 , 0.702 , 54.54 , 236.45
2796 , 15337 , 106.60 , -42.0 , 0 , 25.47 , 7.472 , 0.701 , 54.93 , 236.06
2806 , 15383 , 105.87 , -42.2 , 0 , 25.44 , 7.471 , 0.706 , 55.34 , 235.66
2816 , 15430 , 105.15 , -42.5 , 0 , 25.40 , 7.521 , 0.715 , 55.74 , 235.25
2826 , 15475 , 104.44 , -42.8 , 0 , 25.36 , 7.579 , 0.726 , 56.14 , 234.85
2836 , 15521 , 103.72 , -43.0 , 0 , 25.33 , 7.693 , 0.742 , 56.56 , 234.43
2846 , 15566 , 103.04 , -43.1 , 0 , 25.30 , 8.064 , 0.783 , 56.97 , 234.02
2856 , 15610 , 102.38 , -43.1 , 0 , 25.27 , 8.270 , 0.808 , 57.39 , 233.60
2866 , 15656 , 101.67 , -43.1 , 0 , 25.23 , 8.321 , 0.818 , 57.84 , 233.15
2876 , 15700 , 101.01 , -43.0 , 0 , 25.20 , 8.365 , 0.828 , 58.27 , 232.72
2885 , 15742 , 100.38 , -43.0 , 0 , 25.17 , 8.424 , 0.839 , 58.68 , 232.31
2895 , 15784 , 99.76 , -43.1 , 0 , 25.14 , 8.324 , 0.834 , 59.09 , 231.90
2905 , 15830 , 99.08 , -43.1 , 0 , 25.10 , 8.111 , 0.819 , 59.54 , 231.46
2915 , 15877 , 98.39 , -43.4 , 0 , 25.07 , 8.097 , 0.823 , 59.99 , 231.00
2925 , 15922 , 97.74 , -43.5 , 0 , 25.04 , 8.077 , 0.826 , 60.41 , 230.58
2935 , 15967 , 97.09 , -43.6 , 0 , 25.01 , 8.132 , 0.838 , 60.84 , 230.16
2945 , 16011 , 96.45 , -43.6 , 0 , 24.98 , 8.204 , 0.851 , 61.26 , 229.73
2955 , 16055 , 95.82 , -44.1 , 0 , 24.94 , 8.214 , 0.857 , 61.69 , 229.31
2965 , 16098 , 95.20 , -44.2 , 0 , 24.91 , 8.236 , 0.865 , 62.11 , 228.89
2975 , 16140 , 94.61 , -44.5 , 0 , 24.88 , 8.254 , 0.872 , 62.51 , 228.48
2985 , 16187 , 93.95 , -44.9 , 0 , 24.85 , 8.266 , 0.880 , 62.96 , 228.03
2995 , 16230 , 93.35 , -44.7 , 0 , 24.81 , 8.311 , 0.890 , 63.39 , 227.60
3005 , 16274 , 92.73 , -44.1 , 0 , 24.78 , 8.468 , 0.913 , 63.83 , 227.16
3015 , 16317 , 92.14 , -44.1 , 0 , 24.75 , 8.504 , 0.923 , 64.26 , 226.73
3025 , 16362 , 91.53 , -44.1 , 0 , 24.72 , 8.552 , 0.934 , 64.70 , 226.29
3034 , 16404 , 90.96 , -44.3 , 0 , 24.69 , 8.537 , 0.939 , 65.13 , 225.87
3044 , 16446 , 90.39 , -44.6 , 0 , 24.66 , 8.547 , 0.946 , 65.55 , 225.44
3054 , 16490 , 89.79 , -44.6 , 0 , 24.63 , 8.620 , 0.960 , 66.00 , 224.99
3064 , 16534 , 89.20 , -44.6 , 0 , 24.60 , 8.625 , 0.967 , 66.45 , 224.54
3074 , 16580 , 88.60 , -44.1 , 0 , 24.57 , 8.760 , 0.989 , 66.91 , 224.08
3084 , 16626 , 87.99 , -44.0 , 0 , 24.54 , 8.984 , 1.021 , 67.39 , 223.60
3094 , 16670 , 87.41 , -43.9 , 0 , 24.50 , 9.137 , 1.045 , 67.87 , 223.13
3104 , 16716 , 86.81 , -43.7 , 0 , 24.47 , 9.277 , 1.069 , 68.36 , 222.63
3114 , 16762 , 86.22 , -43.7 , 0 , 24.44 , 9.427 , 1.093 , 68.87 , 222.12
3124 , 16808 , 85.64 , -43.5 , 0 , 24.41 , 9.644 , 1.126 , 69.38 , 221.61
3134 , 16856 , 85.03 , -43.1 , 0 , 24.38 , 9.858 , 1.159 , 69.93 , 221.06
3144 , 16901 , 84.46 , -42.9 , 0 , 24.35 , 10.053 , 1.190 , 70.46 , 220.53
3154 , 16947 , 83.88 , -42.8 , 0 , 24.32 , 10.234 , 1.220 , 71.00 , 219.99
3164 , 16994 , 83.30 , -42.1 , 0 , 24.29 , 10.440 , 1.253 , 71.57 , 219.42
3174 , 17041 , 82.73 , -41.9 , 0 , 24.25 , 10.573 , 1.278 , 72.14 , 218.85
3184 , 17085 , 82.19 , -41.9 , 0 , 24.22 , 10.814 , 1.316 , 72.69 , 218.30
3194 , 17130 , 81.65 , -41.7 , 0 , 24.20 , 10.961 , 1.342 , 73.26 , 217.73
3204 , 17174 , 81.12 , -41.2 , 0 , 24.17 , 11.163 , 1.376 , 73.84 , 217.16
3214 , 17221 , 80.56 , -41.1 , 0 , 24.14 , 11.340 , 1.408 , 74.45 , 216.54
3224 , 17266 , 80.03 , -41.3 , 0 , 24.10 , 11.488 , 1.435 , 75.04 , 215.95
3234 , 17310 , 79.51 , -41.4 , 0 , 24.07 , 11.437 , 1.438 , 75.63 , 215.36
3244 , 17357 , 78.96 , -41.8 , 0 , 24.04 , 11.549 , 1.463 , 76.26 , 214.73
3254 , 17402 , 78.44 , -42.2 , 0 , 24.01 , 11.617 , 1.481 , 76.87 , 214.13
3264 , 17447 , 77.91 , -42.6 , 0 , 23.98 , 11.562 , 1.484 , 77.48 , 213.51
3274 , 17494 , 77.37 , -42.4 , 0 , 23.95 , 11.521 , 1.489 , 78.12 , 212.87
3284 , 17541 , 76.84 , -42.7 , 0 , 23.92 , 11.460 , 1.491 , 78.74 , 212.25
3294 , 17585 , 76.34 , -42.9 , 0 , 23.89 , 11.349 , 1.487 , 79.33 , 211.66
3304 , 17631 , 75.82 , -43.1 , 0 , 23.85 , 11.272 , 1.487 , 79.94 , 211.05
3314 , 17677 , 75.31 , -43.2 , 0 , 23.82 , 11.115 , 1.476 , 80.54 , 210.45
3324 , 17721 , 74.81 , -43.3 , 0 , 23.79 , 10.954 , 1.464 , 81.12 , 209.87
3334 , 17770 , 74.27 , -43.3 , 0 , 23.76 , 10.838 , 1.459 , 81.74 , 209.25
3344 , 17816 , 73.76 , -43.5 , 0 , 23.73 , 10.777 , 1.461 , 82.33 , 208.66
3353 , 17860 , 73.29 , -43.7 , 0 , 23.70 , 10.842 , 1.479 , 82.88 , 208.11
3362 , 17902 , 72.83 , -43.5 , 0 , 23.68 , 11.062 , 1.519 , 83.42 , 207.57
3372 , 17948 , 72.33 , -42.8 , 0 , 23.64 , 11.229 , 1.552 , 84.02 , 206.97
3382 , 17996 , 71.82 , -42.5 , 0 , 23.61 , 11.481 , 1.599 , 84.66 , 206.33
3392 , 18041 , 71.33 , -42.4 , 0 , 23.59 , 11.603 , 1.627 , 85.27 , 205.72
3402 , 18089 , 70.83 , -42.1 , 0 , 23.55 , 11.796 , 1.665 , 85.93 , 205.07
3412 , 18136 , 70.35 , -41.8 , 0 , 23.53 , 11.922 , 1.695 , 86.57 , 204.42
3422 , 18182 , 69.87 , -41.7 , 0 , 23.49 , 11.938 , 1.709 , 87.21 , 203.78
3432 , 18229 , 69.38 , -41.4 , 0 , 23.47 , 12.136 , 1.749 , 87.88 , 203.12
3442 , 18276 , 68.91 , -41.4 , 0 , 23.43 , 12.376 , 1.796 , 88.54 , 202.45
3452 , 18324 , 68.42 , -41.4 , 0 , 23.41 , 12.570 , 1.837 , 89.24 , 201.75
3462 , 18372 , 67.94 , -41.4 , 0 , 23.38 , 12.833 , 1.889 , 89.94 , 201.05
3472 , 18418 , 67.48 , -41.0 , 0 , 23.35 , 12.992 , 1.925 , 90.63 , 200.36
3482 , 18465 , 67.01 , -40.9 , 0 , 23.32 , 13.094 , 1.954 , 91.36 , 199.63
3492 , 18513 , 66.55 , -41.2 , 0 , 23.29 , 13.188 , 1.982 , 92.08 , 198.91
3502 , 18560 , 66.08 , -40.9 , 0 , 23.26 , 13.298 , 2.012 , 92.81 , 198.18
3512 , 18611 , 65.59 , -40.8 , 0 , 23.23 , 13.362 , 2.037 , 93.59 , 197.40
3522 , 18660 , 65.12 , -40.8 , 0 , 23.21 , 13.393 , 2.057 , 94.35 , 196.64
3531 , 18707 , 64.67 , -40.8 , 0 , 23.18 , 13.599 , 2.103 , 95.09 , 195.90
3541 , 18755 , 64.21 , -40.8 , 0 , 23.15 , 13.641 , 2.124 , 95.85 , 195.14
3551 , 18803 , 63.76 , -40.9 , 0 , 23.12 , 13.424 , 2.105 , 96.61 , 194.38
3561 , 18851 , 63.31 , -40.9 , 0 , 23.09 , 13.588 , 2.146 , 97.36 , 193.63
3571 , 18899 , 62.87 , -40.9 , 0 , 23.06 , 13.271 , 2.111 , 98.10 , 192.89
3581 , 18946 , 62.43 , -40.9 , 0 , 23.03 , 13.171 , 2.110 , 98.83 , 192.16
3591 , 18995 , 61.99 , -40.8 , 0 , 23.01 , 13.186 , 2.127 , 99.58 , 191.41
3601 , 19044 , 61.54 , -40.9 , 0 , 22.98 , 13.455 , 2.186 , 100.34 , 190.66
3611 , 19095 , 61.08 , -41.2 , 0 , 22.95 , 13.638 , 2.233 , 101.14 , 189.85
3621 , 19143 , 60.65 , -41.3 , 0 , 22.92 , 13.794 , 2.274 , 101.90 , 189.09
3631 , 19192 , 60.21 , -41.1 , 0 , 22.90 , 14.116 , 2.344 , 102.70 , 188.29
3641 , 19242 , 59.77 , -41.3 , 0 , 22.86 , 14.209 , 2.377 , 103.52 , 187.47
3651 , 19290 , 59.35 , -41.2 , 0 , 22.84 , 14.234 , 2.398 , 104.32 , 186.67
3661 , 19339 , 58.92 , -41.2 , 0 , 22.81 , 14.231 , 2.415 , 105.13 , 185.86
3670 , 19386 , 58.52 , -41.2 , 0 , 22.78 , 14.233 , 2.432 , 105.90 , 185.10
3680 , 19432 , 58.12 , -41.4 , 0 , 22.76 , 14.338 , 2.467 , 106.67 , 184.32
3690 , 19479 , 57.72 , -41.3 , 0 , 22.73 , 14.449 , 2.503 , 107.46 , 183.53
3700 , 19527 , 57.31 , -41.3 , 0 , 22.70 , 14.348 , 2.503 , 108.26 , 182.73
3710 , 19574 , 56.92 , -41.1 , 0 , 22.68 , 14.257 , 2.505 , 109.03 , 181.96
3720 , 19622 , 56.52 , -40.7 , 0 , 22.65 , 14.307 , 2.531 , 109.83 , 181.17
3730 , 19669 , 56.13 , -40.6 , 0 , 22.63 , 14.077 , 2.508 , 110.61 , 180.38
3740 , 19719 , 55.72 , -40.6 , 0 , 22.60 , 13.809 , 2.478 , 111.42 , 179.57
3750 , 19768 , 55.32 , -40.4 , 0 , 22.57 , 13.893 , 2.511 , 112.20 , 178.79
3760 , 19818 , 54.91 , -40.4 , 0 , 22.55 , 13.938 , 2.538 , 113.01 , 177.98
3770 , 19868 , 54.51 , -40.7 , 0 , 22.52 , 13.879 , 2.546 , 113.82 , 177.18
3780 , 19915 , 54.14 , -40.4 , 0 , 22.49 , 13.755 , 2.541 , 114.57 , 176.42
3790 , 19963 , 53.76 , -40.6 , 0 , 22.47 , 13.754 , 2.558 , 115.33 , 175.66
3800 , 20012 , 53.37 , -40.7 , 0 , 22.44 , 13.758 , 2.578 , 116.12 , 174.87
3810 , 20062 , 52.98 , -40.9 , 0 , 22.42 , 13.669 , 2.580 , 116.91 , 174.08
3820 , 20112 , 52.60 , -41.0 , 0 , 22.39 , 13.889 , 2.641 , 117.70 , 173.29
3830 , 20161 , 52.22 , -41.0 , 0 , 22.37 , 13.951 , 2.672 , 118.49 , 172.50
3840 , 20209 , 51.85 , -41.2 , 0 , 22.34 , 13.999 , 2.700 , 119.28 , 171.71
3850 , 20257 , 51.48 , -41.2 , 0 , 22.32 , 14.107 , 2.740 , 120.07 , 170.92
3860 , 20304 , 51.13 , -41.3 , 0 , 22.30 , 14.047 , 2.747 , 120.84 , 170.15
3870 , 20353 , 50.76 , -41.2 , 0 , 22.27 , 14.122 , 2.782 , 121.64 , 169.35
3880 , 20402 , 50.40 , -40.9 , 0 , 22.25 , 14.112 , 2.800 , 122.43 , 168.56
3890 , 20450 , 50.04 , -40.5 , 0 , 22.23 , 14.084 , 2.815 , 123.23 , 167.76
3900 , 20500 , 49.67 , -40.2 , 0 , 22.20 , 14.094 , 2.837 , 124.05 , 166.94
3910 , 20553 , 49.29 , -40.2 , 0 , 22.18 , 14.282 , 2.897 , 124.90 , 166.09
3920 , 20605 , 48.92 , -40.1 , 0 , 22.16 , 14.303 , 2.924 , 125.77 , 165.22
3930 , 20655 , 48.56 , -40.1 , 0 , 22.14 , 14.327 , 2.950 , 126.59 , 164.40
3940 , 20706 , 48.20 , -40.4 , 0 , 22.12 , 14.438 , 2.996 , 127.45 , 163.55
3950 , 20757 , 47.84 , -40.7 , 0 , 22.10 , 14.510 , 3.033 , 128.31 , 162.68
3960 , 20809 , 47.48 , -40.7 , 0 , 22.08 , 14.361 , 3.025 , 129.17 , 161.82
3969 , 20857 , 47.14 , -40.5 , 0 , 22.06 , 14.187 , 3.010 , 129.98 , 161.02
3979 , 20906 , 46.80 , -40.3 , 0 , 22.04 , 14.272 , 3.049 , 130.77 , 160.22
3989 , 20956 , 46.46 , -40.0 , 0 , 22.02 , 14.331 , 3.084 , 131.60 , 159.39
3999 , 21009 , 46.10 , -40.0 , 0 , 22.00 , 14.389 , 3.121 , 132.48 , 158.51
4009 , 21060 , 45.76 , -40.2 , 0 , 21.98 , 14.568 , 3.184 , 133.34 , 157.65
4019 , 21111 , 45.42 , -40.3 , 0 , 21.95 , 14.518 , 3.196 , 134.19 , 156.80
4029 , 21161 , 45.08 , -40.5 , 0 , 21.93 , 14.669 , 3.254 , 135.05 , 155.94
4039 , 21210 , 44.76 , -40.6 , 0 , 21.91 , 14.575 , 3.256 , 135.88 , 155.11
4049 , 21260 , 44.43 , -40.6 , 0 , 21.89 , 14.334 , 3.226 , 136.71 , 154.28
4059 , 21308 , 44.12 , -40.3 , 0 , 21.87 , 14.505 , 3.287 , 137.51 , 153.48
4069 , 21356 , 43.81 , -40.2 , 0 , 21.85 , 14.711 , 3.358 , 138.32 , 152.67
4079 , 21404 , 43.50 , -40.1 , 0 , 21.83 , 14.804 , 3.403 , 139.14 , 151.85
4089 , 21452 , 43.20 , -39.9 , 0 , 21.81 , 14.742 , 3.413 , 139.97 , 151.02
4099 , 21503 , 42.88 , -40.2 , 0 , 21.79 , 14.555 , 3.394 , 140.83 , 150.17
4109 , 21549 , 42.59 , -40.2 , 0 , 21.77 , 14.276 , 3.352 , 141.60 , 149.39
4119 , 21599 , 42.28 , -40.3 , 0 , 21.75 , 14.090 , 3.332 , 142.41 , 148.58
4129 , 21650 , 41.97 , -40.5 , 0 , 21.73 , 14.054 , 3.349 , 143.24 , 147.75
4139 , 21700 , 41.66 , -40.2 , 0 , 21.70 , 13.867 , 3.329 , 144.05 , 146.94
4149 , 21747 , 41.37 , -40.1 , 0 , 21.69 , 14.085 , 3.404 , 144.81 , 146.18
4159 , 21797 , 41.07 , -40.0 , 0 , 21.66 , 14.088 , 3.431 , 145.64 , 145.35
4169 , 21848 , 40.76 , -40.1 , 0 , 21.65 , 14.116 , 3.463 , 146.46 , 144.53
4179 , 21900 , 40.46 , -39.8 , 0 , 21.62 , 14.361 , 3.550 , 147.31 , 143.68
4189 , 21952 , 40.14 , -40.0 , 0 , 21.60 , 14.740 , 3.672 , 148.20 , 142.79
4199 , 22000 , 39.86 , -40.1 , 0 , 21.58 , 14.473 , 3.631 , 149.01 , 141.98
4209 , 22052 , 39.56 , -39.7 , 0 , 21.56 , 15.110 , 3.819 , 149.89 , 141.10
4219 , 22102 , 39.28 , -39.2 , 0 , 21.54 , 15.145 , 3.856 , 150.76 , 140.23
4229 , 22154 , 38.98 , -38.8 , 0 , 21.52 , 15.578 , 3.997 , 151.68 , 139.31
4239 , 22203 , 38.70 , -38.5 , 0 , 21.50 , 15.724 , 4.063 , 152.57 , 138.42
4249 , 22255 , 38.41 , -38.2 , 0 , 21.47 , 15.724 , 4.094 , 153.51 , 137.49
4259 , 22306 , 38.12 , -38.4 , 0 , 21.45 , 15.768 , 4.136 , 154.44 , 136.56
4269 , 22359 , 37.83 , -38.4 , 0 , 21.43 , 15.787 , 4.173 , 155.38 , 135.61
4278 , 22408 , 37.56 , -38.6 , 0 , 21.41 , 15.548 , 4.139 , 156.27 , 134.72
4288 , 22459 , 37.29 , -38.6 , 0 , 21.39 , 15.718 , 4.215 , 157.18 , 133.81
4298 , 22510 , 37.01 , -38.9 , 0 , 21.37 , 15.959 , 4.312 , 158.11 , 132.88
4308 , 22558 , 36.75 , -38.7 , 0 , 21.34 , 15.705 , 4.273 , 159.00 , 132.00
4318 , 22609 , 36.48 , -38.5 , 0 , 21.32 , 15.623 , 4.283 , 159.92 , 131.07
4328 , 22661 , 36.21 , -38.3 , 0 , 21.30 , 15.296 , 4.225 , 160.83 , 130.16
4338 , 22710 , 35.95 , -38.2 , 0 , 21.28 , 14.859 , 4.134 , 161.68 , 129.31
4348 , 22761 , 35.68 , -38.3 , 0 , 21.26 , 14.694 , 4.118 , 162.55 , 128.44
4358 , 22812 , 35.42 , -38.4 , 0 , 21.24 , 14.666 , 4.141 , 163.41 , 127.58
4368 , 22860 , 35.17 , -38.2 , 0 , 21.22 , 14.636 , 4.162 , 164.22 , 126.77
4378 , 22911 , 34.91 , -38.0 , 0 , 21.19 , 14.280 , 4.090 , 165.06 , 125.93
4388 , 22958 , 34.67 , -38.1 , 0 , 21.17 , 13.793 , 3.978 , 165.82 , 125.17
4398 , 23008 , 34.42 , -38.3 , 0 , 21.15 , 13.426 , 3.901 , 166.60 , 124.39
4408 , 23063 , 34.15 , -38.1 , 0 , 21.13 , 13.015 , 3.811 , 167.42 , 123.57
4418 , 23111 , 33.91 , -38.3 , 0 , 21.11 , 12.569 , 3.707 , 168.13 , 122.86
4428 , 23161 , 33.66 , -38.4 , 0 , 21.08 , 12.261 , 3.642 , 168.85 , 122.14
4438 , 23211 , 33.42 , -38.2 , 0 , 21.06 , 12.279 , 3.674 , 169.55 , 121.44
4448 , 23261 , 33.18 , -38.1 , 0 , 21.04 , 12.484 , 3.762 , 170.26 , 120.73
4458 , 23313 , 32.93 , -38.2 , 0 , 21.01 , 12.661 , 3.845 , 171.01 , 119.98
4468 , 23363 , 32.69 , -37.9 , 0 , 20.99 , 12.795 , 3.914 , 171.74 , 119.25
4478 , 23414 , 32.45 , -37.5 , 0 , 20.97 , 12.766 , 3.934 , 172.49 , 118.50
4488 , 23469 , 32.19 , -37.8 , 0 , 20.95 , 12.609 , 3.917 , 173.29 , 117.70
4498 , 23521 , 31.95 , -37.7 , 0 , 20.93 , 12.449 , 3.897 , 174.04 , 116.95
4508 , 23572 , 31.71 , -37.8 , 0 , 20.90 , 12.233 , 3.858 , 174.76 , 116.23
4518 , 23627 , 31.46 , -37.6 , 0 , 20.88 , 12.079 , 3.839 , 175.51 , 115.48
4527 , 23675 , 31.24 , -37.4 , 0 , 20.86 , 12.045 , 3.855 , 176.19 , 114.80
4537 , 23723 , 31.03 , -37.2 , 0 , 20.84 , 12.078 , 3.893 , 176.85 , 114.14
4547 , 23773 , 30.80 , -37.2 , 0 , 20.82 , 12.138 , 3.941 , 177.54 , 113.46
4557 , 23826 , 30.57 , -37.2 , 0 , 20.79 , 12.195 , 3.989 , 178.27 , 112.73
4567 , 23877 , 30.34 , -37.1 , 0 , 20.77 , 12.154 , 4.005 , 178.98 , 112.01
4577 , 23927 , 30.12 , -36.9 , 0 , 20.75 , 12.128 , 4.026 , 179.68 , 111.32
4587 , 23983 , 29.88 , -36.9 , 0 , 20.73 , 12.080 , 4.042 , 180.45 , 110.55
4596 , 24035 , 29.66 , -36.9 , 0 , 20.71 , 12.027 , 4.056 , 181.17 , 109.83
4606 , 24086 , 29.44 , -37.0 , 0 , 20.69 , 12.012 , 4.081 , 181.87 , 109.12
4616 , 24138 , 29.22 , -37.0 , 0 , 20.66 , 12.046 , 4.122 , 182.58 , 108.42
4626 , 24191 , 28.99 , -37.1 , 0 , 20.64 , 12.056 , 4.158 , 183.31 , 107.68
4636 , 24245 , 28.77 , -37.3 , 0 , 20.62 , 12.018 , 4.177 , 184.05 , 106.94
4646 , 24298 , 28.55 , -37.2 , 0 , 20.59 , 11.996 , 4.202 , 184.77 , 106.22
4656 , 24352 , 28.33 , -36.9 , 0 , 20.57 , 11.902 , 4.201 , 185.52 , 105.48
4666 , 24404 , 28.11 , -36.7 , 0 , 20.55 , 11.871 , 4.223 , 186.22 , 104.77
4675 , 24455 , 27.91 , -36.5 , 0 , 20.53 , 11.762 , 4.215 , 186.91 , 104.08
4685 , 24504 , 27.71 , -36.5 , 0 , 20.51 , 11.674 , 4.213 , 187.56 , 103.43
4695 , 24554 , 27.51 , -36.4 , 0 , 20.48 , 11.645 , 4.233 , 188.23 , 102.76
4705 , 24610 , 27.29 , -36.1 , 0 , 20.46 , 11.743 , 4.303 , 188.97 , 102.02
4715 , 24662 , 27.09 , -36.2 , 0 , 20.44 , 11.689 , 4.316 , 189.67 , 101.32
4725 , 24715 , 26.88 , -36.3 , 0 , 20.41 , 11.652 , 4.334 , 190.36 , 100.63
4735 , 24771 , 26.67 , -36.2 , 0 , 20.39 , 11.626 , 4.360 , 191.11 , 99.88
4745 , 24825 , 26.46 , -36.1 , 0 , 20.37 , 11.684 , 4.416 , 191.83 , 99.16
4755 , 24878 , 26.26 , -35.8 , 0 , 20.35 , 11.747 , 4.473 , 192.53 , 98.47
4765 , 24931 , 26.06 , -35.8 , 0 , 20.32 , 11.783 , 4.522 , 193.25 , 97.75
4775 , 24986 , 25.85 , -35.5 , 0 , 20.30 , 11.851 , 4.584 , 193.97 , 97.02
4785 , 25038 , 25.66 , -35.6 , 0 , 20.28 , 11.820 , 4.606 , 194.67 , 96.32
4795 , 25093 , 25.46 , -35.2 , 0 , 20.26 , 11.812 , 4.640 , 195.41 , 95.59
4805 , 25145 , 25.27 , -35.2 , 0 , 20.24 , 11.849 , 4.689 , 196.11 , 94.89
4815 , 25199 , 25.07 , -35.3 , 0 , 20.21 , 11.826 , 4.716 , 196.83 , 94.16
4825 , 25252 , 24.88 , -35.4 , 0 , 20.20 , 11.760 , 4.726 , 197.54 , 93.45
4835 , 25306 , 24.69 , -35.3 , 0 , 20.17 , 11.679 , 4.730 , 198.26 , 92.73
4845 , 25357 , 24.51 , -35.4 , 0 , 20.15 , 11.740 , 4.790 , 198.93 , 92.06
4855 , 25410 , 24.33 , -35.4 , 0 , 20.13 , 11.601 , 4.769 , 199.64 , 91.35
4865 , 25461 , 24.15 , -35.4 , 0 , 20.11 , 11.711 , 4.850 , 200.31 , 90.68
4875 , 25518 , 23.95 , -35.4 , 0 , 20.08 , 11.520 , 4.810 , 201.07 , 89.92
4885 , 25569 , 23.77 , -35.5 , 0 , 20.06 , 11.569 , 4.866 , 201.74 , 89.26
4895 , 25625 , 23.59 , -35.7 , 0 , 20.04 , 11.462 , 4.859 , 202.46 , 88.53
4904 , 25673 , 23.42 , -35.7 , 0 , 20.02 , 11.533 , 4.924 , 203.09 , 87.90
4914 , 25723 , 23.25 , -35.8 , 0 , 20.00 , 11.408 , 4.906 , 203.74 , 87.25
4924 , 25774 , 23.09 , -35.8 , 0 , 19.98 , 11.156 , 4.833 , 204.39 , 86.60
4934 , 25826 , 22.91 , -35.8 , 0 , 19.96 , 11.194 , 4.885 , 205.05 , 85.94
4944 , 25881 , 22.73 , -35.8 , 0 , 19.94 , 11.186 , 4.921 , 205.75 , 85.24
4954 , 25934 , 22.56 , -35.6 , 0 , 19.92 , 11.037 , 4.892 , 206.42 , 84.57
4964 , 25989 , 22.38 , -35.4 , 0 , 19.90 , 10.855 , 4.850 , 207.10 , 83.89
4974 , 26041 , 22.21 , -35.7 , 0 , 19.88 , 10.902 , 4.908 , 207.75 , 83.24
4984 , 26092 , 22.05 , -35.9 , 0 , 19.85 , 10.933 , 4.958 , 208.38 , 82.61
4994 , 26147 , 21.88 , -35.9 , 0 , 19.83 , 10.849 , 4.959 , 209.06 , 81.93
5004 , 26199 , 21.71 , -35.9 , 0 , 19.82 , 10.739 , 4.946 , 209.70 , 81.29
5014 , 26254 , 21.55 , -35.7 , 0 , 19.80 , 10.470 , 4.859 , 210.35 , 80.64
5024 , 26307 , 21.38 , -35.6 , 0 , 19.78 , 10.416 , 4.872 , 210.99 , 80.00
5034 , 26362 , 21.21 , -35.4 , 0 , 19.76 , 10.359 , 4.884 , 211.63 , 79.36
5044 , 26414 , 21.05 , -35.2 , 0 , 19.74 , 10.351 , 4.916 , 212.25 , 78.74
5054 , 26469 , 20.89 , -35.1 , 0 , 19.72 , 10.213 , 4.889 , 212.89 , 78.10
5064 , 26523 , 20.73 , -34.7 , 0 , 19.70 , 10.111 , 4.878 , 213.51 , 77.48
5074 , 26575 , 20.57 , -34.4 , 0 , 19.68 , 9.998 , 4.860 , 214.10 , 76.89
5084 , 26631 , 20.41 , -34.3 , 0 , 19.66 , 10.017 , 4.908 , 214.73 , 76.26
5094 , 26685 , 20.25 , -34.4 , 0 , 19.64 , 9.806 , 4.842 , 215.33 , 75.66
5104 , 26734 , 20.11 , -34.4 , 0 , 19.62 , 9.642 , 4.794 , 215.87 , 75.12
5114 , 26791 , 19.95 , -34.3 , 0 , 19.60 , 9.633 , 4.829 , 216.49 , 74.50
5124 , 26845 , 19.79 , -34.1 , 0 , 19.59 , 9.510 , 4.804 , 217.08 , 73.91
5134 , 26898 , 19.64 , -34.0 , 0 , 19.57 , 9.426 , 4.798 , 217.65 , 73.35
5144 , 26950 , 19.50 , -33.9 , 0 , 19.55 , 9.302 , 4.770 , 218.19 , 72.80
5154 , 27004 , 19.35 , -33.8 , 0 , 19.53 , 9.204 , 4.757 , 218.76 , 72.23
5164 , 27058 , 19.20 , -33.9 , 0 , 19.52 , 9.116 , 4.748 , 219.31 , 71.68
5173 , 27112 , 19.06 , -33.8 , 0 , 19.50 , 9.071 , 4.761 , 219.86 , 71.13
5183 , 27165 , 18.91 , -33.7 , 0 , 19.48 , 8.958 , 4.737 , 220.40 , 70.59
5193 , 27217 , 18.77 , -33.6 , 0 , 19.46 , 8.744 , 4.658 , 220.92 , 70.07
5203 , 27268 , 18.63 , -33.6 , 0 , 19.45 , 8.750 , 4.696 , 221.43 , 69.56
5212 , 27321 , 18.49 , -33.5 , 0 , 19.43 , 8.793 , 4.755 , 221.95 , 69.04
5221 , 27371 , 18.36 , -33.5 , 0 , 19.41 , 8.674 , 4.724 , 222.44 , 68.55
5231 , 27420 , 18.24 , -33.4 , 0 , 19.40 , 8.537 , 4.681 , 222.91 , 68.08
5241 , 27475 , 18.09 , -33.3 , 0 , 19.38 , 8.464 , 4.678 , 223.44 , 67.55
5251 , 27526 , 17.96 , -33.3 , 0 , 19.36 , 8.421 , 4.688 , 223.93 , 67.07
5261 , 27579 , 17.83 , -33.4 , 0 , 19.35 , 8.310 , 4.661 , 224.42 , 66.57
5271 , 27633 , 17.69 , -33.4 , 0 , 19.33 , 8.167 , 4.617 , 224.92 , 66.07
5281 , 27686 , 17.56 , -33.6 , 0 , 19.31 , 8.123 , 4.627 , 225.41 , 65.59
5291 , 27736 , 17.43 , -33.6 , 0 , 19.29 , 8.104 , 4.649 , 225.86 , 65.13
5301 , 27786 , 17.31 , -33.4 , 0 , 19.27 , 7.950 , 4.593 , 226.32 , 64.68
5311 , 27844 , 17.17 , -33.2 , 0 , 19.26 , 7.951 , 4.632 , 226.83 , 64.16
5321 , 27894 , 17.04 , -33.0 , 0 , 19.24 , 7.916 , 4.645 , 227.28 , 63.71
5331 , 27952 , 16.90 , -32.7 , 0 , 19.22 , 7.945 , 4.700 , 227.80 , 63.19
5341 , 28004 , 16.78 , -32.4 , 0 , 19.20 , 7.810 , 4.654 , 228.25 , 62.74
5351 , 28055 , 16.66 , -32.3 , 0 , 19.19 , 7.772 , 4.665 , 228.69 , 62.30
5361 , 28113 , 16.52 , -32.3 , 0 , 19.17 , 7.620 , 4.612 , 229.20 , 61.79
5371 , 28167 , 16.40 , -32.2 , 0 , 19.15 , 7.555 , 4.607 , 229.65 , 61.34
5381 , 28219 , 16.28 , -32.0 , 0 , 19.13 , 7.650 , 4.700 , 230.10 , 60.89
5391 , 28272 , 16.15 , -31.9 , 0 , 19.12 , 7.417 , 4.592 , 230.55 , 60.44
5401 , 28326 , 16.03 , -31.7 , 0 , 19.10 , 7.508 , 4.683 , 231.00 , 59.99
5411 , 28380 , 15.91 , -31.7 , 0 , 19.08 , 7.387 , 4.643 , 231.45 , 59.55
5421 , 28429 , 15.80 , -31.6 , 0 , 19.06 , 7.389 , 4.677 , 231.85 , 59.14
5431 , 28483 , 15.68 , -31.4 , 0 , 19.05 , 7.366 , 4.698 , 232.30 , 58.69
5441 , 28535 , 15.56 , -31.5 , 0 , 19.03 , 7.189 , 4.619 , 232.72 , 58.28
5451 , 28583 , 15.46 , -31.6 , 0 , 19.01 , 7.254 , 4.692 , 233.10 , 57.89
5461 , 28639 , 15.34 , -31.7 , 0 , 18.99 , 7.189 , 4.687 , 233.56 , 57.43
5471 , 28691 , 15.23 , -31.8 , 0 , 18.97 , 7.152 , 4.698 , 233.97 , 57.02
5481 , 28745 , 15.11 , -31.8 , 0 , 18.96 , 7.109 , 4.705 , 234.40 , 56.59
5491 , 28796 , 15.00 , -31.8 , 0 , 18.94 , 6.999 , 4.666 , 234.80 , 56.19
5501 , 28849 , 14.89 , -31.8 , 0 , 18.92 , 6.995 , 4.698 , 235.22 , 55.77
5511 , 28898 , 14.79 , -31.6 , 0 , 18.90 , 7.034 , 4.757 , 235.60 , 55.39
5520 , 28950 , 14.68 , -31.4 , 0 , 18.89 , 6.916 , 4.713 , 236.01 , 54.98
5529 , 29000 , 14.57 , -31.3 , 0 , 18.87 , 6.841 , 4.694 , 236.39 , 54.60
5539 , 29049 , 14.47 , -31.1 , 0 , 18.85 , 6.758 , 4.669 , 236.76 , 54.23
5549 , 29096 , 14.38 , -31.1 , 0 , 18.84 , 6.760 , 4.702 , 237.11 , 53.88
5559 , 29150 , 14.27 , -31.2 , 0 , 18.82 , 6.683 , 4.683 , 237.51 , 53.48
5569 , 29199 , 14.17 , -31.2 , 0 , 18.80 , 6.683 , 4.716 , 237.88 , 53.11
5579 , 29255 , 14.06 , -31.1 , 0 , 18.78 , 6.539 , 4.651 , 238.29 , 52.70
5589 , 29308 , 13.95 , -30.8 , 0 , 18.76 , 6.591 , 4.723 , 238.68 , 52.31
5599 , 29353 , 13.87 , -30.8 , 0 , 18.75 , 6.558 , 4.730 , 239.01 , 51.98
5609 , 29403 , 13.77 , -30.8 , 0 , 18.73 , 6.499 , 4.720 , 239.37 , 51.62
5619 , 29456 , 13.67 , -30.7 , 0 , 18.71 , 6.434 , 4.708 , 239.76 , 51.24
5629 , 29503 , 13.57 , -30.6 , 0 , 18.70 , 6.389 , 4.706 , 240.09 , 50.90
5639 , 29558 , 13.47 , -30.5 , 0 , 18.68 , 6.311 , 4.685 , 240.48 , 50.51
5649 , 29608 , 13.38 , -30.4 , 0 , 18.66 , 6.305 , 4.714 , 240.83 , 50.16
5659 , 29658 , 13.28 , -30.4 , 0 , 18.65 , 6.279 , 4.727 , 241.18 , 49.81
5669 , 29712 , 13.18 , -30.1 , 0 , 18.63 , 6.314 , 4.789 , 241.55 , 49.44
5679 , 29762 , 13.09 , -29.9 , 0 , 18.62 , 6.269 , 4.789 , 241.90 , 49.09
5689 , 29811 , 13.00 , -29.8 , 0 , 18.60 , 6.267 , 4.821 , 242.25 , 48.74
5698 , 29864 , 12.90 , -29.7 , 0 , 18.58 , 6.143 , 4.761 , 242.61 , 48.38
5708 , 29911 , 12.82 , -29.5 , 0 , 18.57 , 6.050 , 4.720 , 242.93 , 48.07
5718 , 29964 , 12.72 , -29.4 , 0 , 18.55 , 6.094 , 4.789 , 243.28 , 47.71
5728 , 30016 , 12.63 , -29.5 , 0 , 18.53 , 6.055 , 4.793 , 243.63 , 47.36
5738 , 30064 , 12.55 , -29.5 , 0 , 18.51 , 5.967 , 4.756 , 243.95 , 47.04
5748 , 30121 , 12.45 , -29.5 , 0 , 18.50 , 5.914 , 4.752 , 244.33 , 46.66
5758 , 30170 , 12.36 , -29.5 , 0 , 18.48 , 5.866 , 4.746 , 244.64 , 46.35
5768 , 30224 , 12.27 , -29.4 , 0 , 18.43 , 5.697 , 4.643 , 244.99 , 46.00
5778 , 30276 , 12.18 , -29.0 , 0 , 18.37 , 5.910 , 4.852 , 245.32 , 45.67
5788 , 30326 , 12.10 , -28.9 , 0 , 18.32 , 5.816 , 4.808 , 245.64 , 45.35
5798 , 30380 , 12.00 , -29.0 , 0 , 18.28 , 5.689 , 4.739 , 245.99 , 45.00
5808 , 30429 , 11.92 , -29.1 , 0 , 18.24 , 5.622 , 4.716 , 246.30 , 44.69
5818 , 30486 , 11.83 , -29.1 , 0 , 18.22 , 5.577 , 4.715 , 246.65 , 44.34
5828 , 30534 , 11.75 , -29.5 , 0 , 18.20 , 5.521 , 4.699 , 246.94 , 44.05
5837 , 30586 , 11.66 , -29.5 , 0 , 18.20 , 5.488 , 4.705 , 247.26 , 43.73
5847 , 30637 , 11.58 , -29.2 , 0 , 18.20 , 5.439 , 4.697 , 247.57 , 43.43
5857 , 30688 , 11.50 , -29.4 , 0 , 18.18 , 5.412 , 4.707 , 247.87 , 43.12
5867 , 30736 , 11.42 , -28.9 , 0 , 18.17 , 5.382 , 4.713 , 248.16 , 42.83
5877 , 30792 , 11.33 , -28.7 , 0 , 18.16 , 5.436 , 4.798 , 248.49 , 42.50
5887 , 30843 , 11.25 , -28.7 , 0 , 18.15 , 5.383 , 4.785 , 248.80 , 42.20
5897 , 30891 , 11.18 , -28.8 , 0 , 18.14 , 5.312 , 4.753 , 249.08 , 41.91
5907 , 30946 , 11.09 , -28.9 , 0 , 18.12 , 5.312 , 4.791 , 249.41 , 41.59
5917 , 30996 , 11.01 , -28.4 , 0 , 18.09 , 5.303 , 4.816 , 249.70 , 41.29
5927 , 31048 , 10.93 , -28.6 , 0 , 18.05 , 5.212 , 4.767 , 250.00 , 40.99
5937 , 31095 , 10.86 , -28.6 , 0 , 18.01 , 5.143 , 4.734 , 250.26 , 40.73
5947 , 31148 , 10.78 , -28.8 , 0 , 17.96 , 5.087 , 4.719 , 250.57 , 40.43
5957 , 31192 , 10.71 , -28.6 , 0 , 17.91 , 5.029 , 4.693 , 250.81 , 40.18
5967 , 31243 , 10.64 , -28.6 , 0 , 17.88 , 5.037 , 4.735 , 251.09 , 39.90
5977 , 31294 , 10.56 , -28.4 , 0 , 17.85 , 4.991 , 4.724 , 251.37 , 39.62
5987 , 31341 , 10.49 , -28.0 , 0 , 17.82 , 4.977 , 4.742 , 251.63 , 39.36
5997 , 31387 , 10.43 , -27.8 , 0 , 17.82 , 4.940 , 4.738 , 251.88 , 39.11
6007 , 31435 , 10.36 , -27.5 , 0 , 17.82 , 4.913 , 4.743 , 252.14 , 38.85
6017 , 31488 , 10.28 , -27.4 , 0 , 17.81 , 4.840 , 4.707 , 252.43 , 38.56
6027 , 31533 , 10.22 , -27.3 , 0 , 17.81 , 4.770 , 4.668 , 252.66 , 38.33
6036 , 31580 , 10.15 , -26.8 , 0 , 17.79 , 4.863 , 4.790 , 252.91 , 38.08
6047 , 31632 , 10.08 , -26.8 , 0 , 17.77 , 4.854 , 4.816 , 253.19 , 37.81
6057 , 31681 , 10.01 , -26.4 , 0 , 17.75 , 4.807 , 4.801 , 253.44 , 37.55
6067 , 31735 , 9.94 , -25.9 , 0 , 17.73 , 4.752 , 4.783 , 253.73 , 37.27
6077 , 31788 , 9.86 , -25.9 , 0 , 17.71 , 4.749 , 4.815 , 254.01 , 36.99
6087 , 31836 , 9.80 , -25.7 , 0 , 17.69 , 4.705 , 4.802 , 254.25 , 36.74
6097 , 31880 , 9.74 , -25.6 , 0 , 17.67 , 4.638 , 4.763 , 254.48 , 36.52
6107 , 31929 , 9.67 , -25.3 , 0 , 17.64 , 4.622 , 4.778 , 254.72 , 36.27
6117 , 31983 , 9.60 , -25.8 , 0 , 17.62 , 4.566 , 4.756 , 254.99 , 36.00
6127 , 32034 , 9.53 , -25.8 , 0 , 17.59 , 4.520 , 4.741 , 255.24 , 35.75
6136 , 32081 , 9.47 , -25.4 , 0 , 17.57 , 4.500 , 4.751 , 255.48 , 35.52
