# ------------------------------------------------------------
#
# Flight name: V0812
# Station: Davis
# Launch Date: 22 February 2012
# Launch Time: 11:15:05
# 
# This file created: Fri Feb 24 12:32:26 2012
# 
# 
# ------------------------------------------------------------
# DATA COLUMNS
# Time (s)
# Height (m)
# Atmospheric Pressure (hPa)
# Atmospheric Temperature (°C)
# Relative Humidity (%)
# Box Temperature (°C)
# Ozone Partial Pressure (mPa)
# Ozone Mixing Ratio (ppmV)
# Accumulated Ozone to this Height (Dobson Units)
# Remaining Ozone above this Height (Dobson Units)
# 
# ------------------------------------------------------------
# 
# Integrated Ozone = 247.3 DU
# Extrapolated Ozone =  48.1 DU
# 
# Total Ozone = 295.4 DU
# 
# 
# ------------------------------------------------------------
0 , 18 , 989.29 , -2.5 , 43 , 35.03 , 1.846 , 0.019 , 0.00 , 295.38
10 , 65 , 983.35 , -4.1 , 48 , 35.01 , 1.887 , 0.019 , 0.09 , 295.29
19 , 116 , 976.97 , -4.6 , 50 , 35.00 , 1.838 , 0.019 , 0.18 , 295.19
29 , 169 , 970.46 , -5.1 , 51 , 34.98 , 1.924 , 0.020 , 0.28 , 295.09
39 , 226 , 963.46 , -5.6 , 51 , 34.91 , 1.891 , 0.020 , 0.39 , 294.98
48 , 278 , 957.09 , -6.1 , 51 , 34.83 , 1.797 , 0.019 , 0.49 , 294.89
58 , 325 , 951.31 , -6.5 , 52 , 34.74 , 1.756 , 0.018 , 0.57 , 294.80
68 , 372 , 945.56 , -6.9 , 53 , 34.67 , 1.745 , 0.018 , 0.66 , 294.72
78 , 424 , 939.27 , -7.4 , 54 , 34.60 , 1.722 , 0.018 , 0.75 , 294.63
88 , 477 , 932.91 , -7.8 , 55 , 34.53 , 1.641 , 0.018 , 0.84 , 294.54
98 , 529 , 926.74 , -8.2 , 54 , 34.45 , 1.621 , 0.017 , 0.92 , 294.45
108 , 582 , 920.34 , -8.8 , 56 , 34.39 , 1.603 , 0.017 , 1.01 , 294.36
118 , 634 , 914.17 , -9.3 , 58 , 34.35 , 1.607 , 0.018 , 1.10 , 294.28
128 , 690 , 907.65 , -9.8 , 59 , 34.30 , 1.603 , 0.018 , 1.19 , 294.19
138 , 739 , 901.93 , -10.1 , 59 , 34.24 , 1.593 , 0.018 , 1.27 , 294.11
148 , 792 , 895.63 , -10.6 , 60 , 34.18 , 1.591 , 0.018 , 1.36 , 294.02
158 , 846 , 889.36 , -10.8 , 56 , 34.12 , 1.588 , 0.018 , 1.44 , 293.93
167 , 898 , 883.45 , -11.0 , 51 , 34.06 , 1.588 , 0.018 , 1.53 , 293.85
177 , 946 , 877.85 , -11.3 , 45 , 34.00 , 1.568 , 0.018 , 1.61 , 293.77
187 , 995 , 872.26 , -11.6 , 44 , 33.95 , 1.574 , 0.018 , 1.69 , 293.69
197 , 1051 , 865.98 , -11.6 , 42 , 33.91 , 1.561 , 0.018 , 1.78 , 293.60
207 , 1113 , 858.96 , -11.6 , 38 , 33.86 , 1.532 , 0.018 , 1.88 , 293.50
217 , 1173 , 852.26 , -12.2 , 39 , 33.83 , 1.508 , 0.018 , 1.97 , 293.41
227 , 1233 , 845.62 , -12.8 , 41 , 33.79 , 1.502 , 0.018 , 2.06 , 293.31
237 , 1300 , 838.16 , -13.1 , 40 , 33.76 , 1.486 , 0.018 , 2.17 , 293.21
247 , 1355 , 832.15 , -13.2 , 38 , 33.71 , 1.482 , 0.018 , 2.25 , 293.13
257 , 1414 , 825.71 , -13.6 , 39 , 33.65 , 1.453 , 0.018 , 2.34 , 293.04
267 , 1474 , 819.26 , -13.9 , 38 , 33.60 , 1.435 , 0.018 , 2.43 , 292.95
277 , 1535 , 812.72 , -13.9 , 36 , 33.54 , 1.434 , 0.018 , 2.52 , 292.86
287 , 1593 , 806.46 , -12.9 , 31 , 33.47 , 1.410 , 0.017 , 2.61 , 292.77
297 , 1649 , 800.55 , -12.8 , 28 , 33.40 , 1.396 , 0.017 , 2.69 , 292.69
307 , 1702 , 795.00 , -13.1 , 28 , 33.33 , 1.387 , 0.017 , 2.77 , 292.61
317 , 1761 , 788.86 , -13.6 , 30 , 33.28 , 1.372 , 0.017 , 2.85 , 292.53
327 , 1822 , 782.62 , -13.9 , 31 , 33.24 , 1.354 , 0.017 , 2.94 , 292.44
337 , 1880 , 776.67 , -14.0 , 31 , 33.18 , 1.355 , 0.017 , 3.02 , 292.36
347 , 1932 , 771.34 , -13.3 , 30 , 33.15 , 1.361 , 0.018 , 3.09 , 292.29
356 , 1979 , 766.59 , -13.3 , 27 , 33.14 , 1.377 , 0.018 , 3.16 , 292.22
365 , 2029 , 761.61 , -13.0 , 18 , 33.11 , 1.365 , 0.018 , 3.23 , 292.15
375 , 2080 , 756.46 , -13.2 , 13 , 33.05 , 1.379 , 0.018 , 3.30 , 292.07
385 , 2141 , 750.41 , -13.3 , 8 , 33.01 , 1.381 , 0.018 , 3.39 , 291.99
395 , 2201 , 744.55 , -13.6 , 10 , 32.98 , 1.457 , 0.020 , 3.48 , 291.90
405 , 2254 , 739.33 , -14.0 , 12 , 32.94 , 1.521 , 0.021 , 3.56 , 291.82
415 , 2307 , 734.20 , -14.3 , 13 , 32.88 , 1.550 , 0.021 , 3.64 , 291.73
425 , 2362 , 728.90 , -14.5 , 11 , 32.84 , 1.571 , 0.022 , 3.73 , 291.64
435 , 2420 , 723.36 , -14.9 , 11 , 32.79 , 1.586 , 0.022 , 3.83 , 291.55
445 , 2474 , 718.19 , -15.3 , 11 , 32.73 , 1.577 , 0.022 , 3.92 , 291.46
455 , 2526 , 713.22 , -15.4 , 11 , 32.69 , 1.580 , 0.022 , 4.00 , 291.37
465 , 2587 , 707.50 , -15.6 , 13 , 32.64 , 1.572 , 0.022 , 4.10 , 291.27
475 , 2642 , 702.33 , -15.7 , 19 , 32.59 , 1.596 , 0.023 , 4.20 , 291.18
485 , 2698 , 697.18 , -15.9 , 29 , 32.56 , 1.606 , 0.023 , 4.29 , 291.09
492 , 2744 , 692.90 , -16.2 , 54 , 32.53 , 1.577 , 0.023 , 4.37 , 291.01
503 , 2810 , 686.84 , -16.8 , 84 , 32.50 , 1.469 , 0.021 , 4.47 , 290.90
512 , 2862 , 682.14 , -17.1 , 89 , 32.47 , 1.425 , 0.021 , 4.55 , 290.83
521 , 2917 , 677.11 , -17.2 , 81 , 32.43 , 1.426 , 0.021 , 4.63 , 290.74
532 , 2994 , 670.22 , -17.3 , 77 , 32.37 , 1.411 , 0.021 , 4.75 , 290.63
542 , 3054 , 664.89 , -17.5 , 69 , 32.35 , 1.381 , 0.021 , 4.84 , 290.54
550 , 3108 , 660.11 , -17.6 , 43 , 32.32 , 1.414 , 0.021 , 4.92 , 290.46
562 , 3173 , 654.38 , -17.8 , 20 , 32.29 , 1.406 , 0.021 , 5.01 , 290.36
571 , 3227 , 649.63 , -18.1 , 25 , 32.26 , 1.344 , 0.021 , 5.09 , 290.28
581 , 3283 , 644.78 , -18.5 , 27 , 32.23 , 1.333 , 0.021 , 5.17 , 290.21
591 , 3345 , 639.42 , -18.9 , 29 , 32.19 , 1.345 , 0.021 , 5.26 , 290.12
601 , 3406 , 634.24 , -19.1 , 29 , 32.16 , 1.354 , 0.021 , 5.35 , 290.03
611 , 3466 , 629.17 , -19.3 , 29 , 32.12 , 1.342 , 0.021 , 5.43 , 289.95
621 , 3523 , 624.35 , -19.5 , 26 , 32.09 , 1.390 , 0.022 , 5.51 , 289.86
631 , 3581 , 619.50 , -19.6 , 32 , 32.06 , 1.450 , 0.023 , 5.60 , 289.77
641 , 3641 , 614.45 , -20.0 , 35 , 32.01 , 1.391 , 0.023 , 5.69 , 289.68
651 , 3701 , 609.52 , -20.4 , 34 , 31.97 , 1.341 , 0.022 , 5.78 , 289.60
661 , 3759 , 604.73 , -20.7 , 31 , 31.93 , 1.323 , 0.022 , 5.86 , 289.51
670 , 3817 , 600.04 , -21.0 , 32 , 31.89 , 1.320 , 0.022 , 5.94 , 289.43
679 , 3871 , 595.67 , -21.4 , 32 , 31.87 , 1.343 , 0.023 , 6.02 , 289.36
689 , 3926 , 591.24 , -21.6 , 28 , 31.84 , 1.405 , 0.024 , 6.10 , 289.27
699 , 3985 , 586.53 , -21.9 , 24 , 31.79 , 1.487 , 0.025 , 6.19 , 289.18
709 , 4048 , 581.51 , -22.2 , 23 , 31.75 , 1.500 , 0.026 , 6.29 , 289.08
719 , 4110 , 576.61 , -22.5 , 29 , 31.72 , 1.453 , 0.025 , 6.39 , 288.98
729 , 4170 , 571.89 , -22.9 , 36 , 31.69 , 1.457 , 0.025 , 6.49 , 288.89
739 , 4234 , 566.91 , -23.3 , 39 , 31.66 , 1.488 , 0.026 , 6.59 , 288.79
749 , 4300 , 561.84 , -23.7 , 40 , 31.64 , 1.419 , 0.025 , 6.69 , 288.68
759 , 4364 , 556.93 , -24.1 , 41 , 31.62 , 1.479 , 0.027 , 6.79 , 288.58
769 , 4429 , 551.96 , -24.4 , 46 , 31.59 , 1.532 , 0.028 , 6.90 , 288.48
779 , 4494 , 547.06 , -24.9 , 48 , 31.57 , 1.537 , 0.028 , 7.01 , 288.37
789 , 4558 , 542.26 , -25.3 , 49 , 31.53 , 1.547 , 0.029 , 7.11 , 288.26
799 , 4624 , 537.37 , -25.8 , 51 , 31.50 , 1.720 , 0.032 , 7.23 , 288.14
809 , 4690 , 532.46 , -26.2 , 49 , 31.46 , 1.771 , 0.033 , 7.36 , 288.02
819 , 4756 , 527.63 , -26.7 , 49 , 31.43 , 1.780 , 0.034 , 7.49 , 287.89
829 , 4819 , 523.03 , -27.1 , 49 , 31.41 , 1.798 , 0.034 , 7.61 , 287.77
838 , 4880 , 518.60 , -27.5 , 53 , 31.39 , 1.799 , 0.035 , 7.73 , 287.65
849 , 4946 , 513.90 , -27.9 , 53 , 31.36 , 1.802 , 0.035 , 7.86 , 287.52
859 , 5010 , 509.36 , -28.4 , 54 , 31.32 , 1.865 , 0.037 , 7.99 , 287.39
869 , 5075 , 504.72 , -28.6 , 66 , 31.29 , 1.832 , 0.036 , 8.12 , 287.26
879 , 5141 , 500.07 , -28.8 , 68 , 31.24 , 1.676 , 0.034 , 8.25 , 287.13
889 , 5208 , 495.46 , -29.0 , 66 , 31.20 , 1.491 , 0.030 , 8.36 , 287.01
899 , 5280 , 490.45 , -29.4 , 67 , 31.15 , 1.337 , 0.027 , 8.48 , 286.90
909 , 5349 , 485.77 , -29.8 , 68 , 31.11 , 1.251 , 0.026 , 8.58 , 286.80
919 , 5415 , 481.29 , -30.2 , 68 , 31.07 , 1.197 , 0.025 , 8.67 , 286.71
929 , 5480 , 476.85 , -30.6 , 68 , 31.05 , 1.156 , 0.024 , 8.75 , 286.62
939 , 5545 , 472.54 , -31.1 , 70 , 31.01 , 1.114 , 0.024 , 8.83 , 286.54
949 , 5608 , 468.34 , -31.5 , 70 , 30.98 , 1.082 , 0.023 , 8.91 , 286.47
959 , 5675 , 463.93 , -32.0 , 69 , 30.95 , 1.058 , 0.023 , 8.99 , 286.39
969 , 5738 , 459.81 , -32.4 , 68 , 30.92 , 1.042 , 0.023 , 9.06 , 286.31
979 , 5804 , 455.50 , -32.9 , 71 , 30.89 , 1.026 , 0.023 , 9.14 , 286.24
988 , 5865 , 451.56 , -33.3 , 72 , 30.86 , 1.015 , 0.022 , 9.21 , 286.17
998 , 5925 , 447.73 , -33.6 , 71 , 30.84 , 1.015 , 0.023 , 9.28 , 286.10
1008 , 5989 , 443.66 , -34.2 , 73 , 30.80 , 1.018 , 0.023 , 9.35 , 286.02
1018 , 6053 , 439.62 , -34.6 , 76 , 30.78 , 1.018 , 0.023 , 9.43 , 285.95
1028 , 6116 , 435.66 , -35.1 , 76 , 30.75 , 1.008 , 0.023 , 9.50 , 285.88
1038 , 6182 , 431.58 , -35.4 , 76 , 30.72 , 0.992 , 0.023 , 9.57 , 285.80
1048 , 6249 , 427.39 , -35.9 , 75 , 30.68 , 1.006 , 0.024 , 9.65 , 285.73
1058 , 6319 , 423.10 , -36.2 , 73 , 30.63 , 1.019 , 0.024 , 9.73 , 285.65
1068 , 6388 , 418.93 , -36.7 , 73 , 30.59 , 1.052 , 0.025 , 9.81 , 285.57
1078 , 6459 , 414.63 , -37.2 , 73 , 30.55 , 1.061 , 0.026 , 9.90 , 285.48
1088 , 6528 , 410.52 , -37.8 , 75 , 30.50 , 1.038 , 0.025 , 9.98 , 285.40
1098 , 6595 , 406.58 , -38.3 , 81 , 30.46 , 1.024 , 0.025 , 10.06 , 285.32
1108 , 6661 , 402.64 , -38.9 , 80 , 30.42 , 1.015 , 0.025 , 10.14 , 285.24
1118 , 6730 , 398.60 , -39.3 , 75 , 30.38 , 1.017 , 0.026 , 10.22 , 285.16
1128 , 6797 , 394.73 , -39.8 , 72 , 30.34 , 1.020 , 0.026 , 10.30 , 285.08
1138 , 6858 , 391.23 , -40.1 , 69 , 30.30 , 1.040 , 0.027 , 10.37 , 285.01
1148 , 6925 , 387.42 , -40.5 , 64 , 30.26 , 1.060 , 0.027 , 10.45 , 284.93
1158 , 6993 , 383.57 , -41.1 , 62 , 30.23 , 1.078 , 0.028 , 10.53 , 284.84
1168 , 7057 , 379.93 , -41.6 , 62 , 30.18 , 1.062 , 0.028 , 10.61 , 284.76
1178 , 7122 , 376.31 , -42.1 , 63 , 30.14 , 1.055 , 0.028 , 10.69 , 284.68
1188 , 7189 , 372.59 , -42.7 , 65 , 30.09 , 1.060 , 0.028 , 10.78 , 284.60
1198 , 7252 , 369.11 , -43.1 , 64 , 30.04 , 1.030 , 0.028 , 10.85 , 284.52
1208 , 7320 , 365.44 , -43.7 , 63 , 29.99 , 1.020 , 0.028 , 10.93 , 284.44
1217 , 7379 , 362.23 , -44.3 , 62 , 29.96 , 1.002 , 0.028 , 11.01 , 284.37
1227 , 7429 , 359.55 , -44.6 , 63 , 29.92 , 0.989 , 0.028 , 11.06 , 284.31
1237 , 7494 , 356.03 , -45.2 , 65 , 29.88 , 0.977 , 0.027 , 11.14 , 284.24
1247 , 7567 , 352.18 , -45.9 , 67 , 29.83 , 0.962 , 0.027 , 11.22 , 284.15
1257 , 7633 , 348.70 , -46.4 , 67 , 29.79 , 0.960 , 0.028 , 11.30 , 284.08
1267 , 7691 , 345.63 , -46.8 , 65 , 29.75 , 0.957 , 0.028 , 11.37 , 284.01
1277 , 7748 , 342.71 , -47.3 , 62 , 29.71 , 0.952 , 0.028 , 11.43 , 283.95
1287 , 7812 , 339.38 , -47.7 , 60 , 29.67 , 0.926 , 0.027 , 11.50 , 283.87
1296 , 7874 , 336.22 , -48.1 , 60 , 29.62 , 0.902 , 0.027 , 11.57 , 283.81
1306 , 7926 , 333.58 , -48.6 , 60 , 29.58 , 0.882 , 0.026 , 11.62 , 283.75
1316 , 7988 , 330.44 , -49.0 , 61 , 29.54 , 0.861 , 0.026 , 11.69 , 283.69
1326 , 8054 , 327.13 , -49.4 , 60 , 29.50 , 0.846 , 0.026 , 11.76 , 283.62
1336 , 8122 , 323.75 , -49.7 , 56 , 29.45 , 0.843 , 0.026 , 11.83 , 283.55
1346 , 8190 , 320.39 , -50.3 , 57 , 29.39 , 0.819 , 0.026 , 11.90 , 283.48
1356 , 8250 , 317.43 , -50.9 , 57 , 29.35 , 0.794 , 0.025 , 11.95 , 283.42
1365 , 8314 , 314.31 , -51.4 , 56 , 29.31 , 0.765 , 0.024 , 12.02 , 283.36
1375 , 8383 , 310.98 , -52.0 , 58 , 29.27 , 0.752 , 0.024 , 12.08 , 283.30
1385 , 8449 , 307.86 , -52.4 , 59 , 29.22 , 0.754 , 0.024 , 12.14 , 283.24
1395 , 8516 , 304.69 , -52.8 , 57 , 29.16 , 0.733 , 0.024 , 12.20 , 283.18
1405 , 8570 , 302.13 , -53.2 , 57 , 29.11 , 0.736 , 0.024 , 12.25 , 283.13
1415 , 8626 , 299.51 , -53.6 , 56 , 29.07 , 0.726 , 0.024 , 12.30 , 283.08
1425 , 8690 , 296.52 , -54.2 , 52 , 29.02 , 0.712 , 0.024 , 12.36 , 283.02
1435 , 8752 , 293.68 , -54.5 , 53 , 28.97 , 0.702 , 0.024 , 12.41 , 282.97
1445 , 8816 , 290.75 , -54.9 , 52 , 28.91 , 0.693 , 0.024 , 12.46 , 282.91
1455 , 8871 , 288.27 , -55.4 , 51 , 28.85 , 0.705 , 0.024 , 12.51 , 282.86
1465 , 8924 , 285.86 , -55.7 , 50 , 28.80 , 0.717 , 0.025 , 12.56 , 282.82
1475 , 8982 , 283.27 , -56.2 , 50 , 28.75 , 0.729 , 0.026 , 12.61 , 282.77
1485 , 9045 , 280.48 , -56.6 , 50 , 28.70 , 0.718 , 0.026 , 12.67 , 282.71
1495 , 9105 , 277.82 , -57.0 , 50 , 28.65 , 0.693 , 0.025 , 12.72 , 282.66
1505 , 9150 , 275.86 , -57.3 , 50 , 28.60 , 0.692 , 0.025 , 12.76 , 282.62
1515 , 9196 , 273.85 , -57.6 , 51 , 28.55 , 0.695 , 0.025 , 12.80 , 282.58
1525 , 9255 , 271.31 , -57.8 , 52 , 28.49 , 0.708 , 0.026 , 12.85 , 282.53
1535 , 9323 , 268.40 , -58.2 , 54 , 28.44 , 0.742 , 0.028 , 12.91 , 282.46
1545 , 9372 , 266.32 , -58.6 , 55 , 28.39 , 0.784 , 0.029 , 12.96 , 282.42
1555 , 9417 , 264.40 , -58.8 , 56 , 28.34 , 0.821 , 0.031 , 13.01 , 282.37
1565 , 9467 , 262.30 , -59.2 , 58 , 28.28 , 0.913 , 0.035 , 13.06 , 282.32
1575 , 9517 , 260.24 , -59.5 , 58 , 28.23 , 0.925 , 0.036 , 13.12 , 282.26
1585 , 9575 , 257.80 , -60.0 , 58 , 28.18 , 0.909 , 0.035 , 13.18 , 282.19
1595 , 9628 , 255.61 , -60.2 , 58 , 28.12 , 0.897 , 0.035 , 13.25 , 282.13
1604 , 9673 , 253.80 , -60.6 , 58 , 28.06 , 0.900 , 0.035 , 13.30 , 282.08
1614 , 9718 , 251.96 , -60.9 , 57 , 28.01 , 0.891 , 0.035 , 13.35 , 282.03
1624 , 9766 , 250.04 , -61.0 , 55 , 27.96 , 0.905 , 0.036 , 13.40 , 281.97
1634 , 9811 , 248.22 , -61.1 , 52 , 27.91 , 0.960 , 0.039 , 13.46 , 281.92
1644 , 9861 , 246.24 , -61.0 , 50 , 27.86 , 1.098 , 0.045 , 13.52 , 281.86
1654 , 9907 , 244.40 , -60.7 , 48 , 27.80 , 1.357 , 0.056 , 13.59 , 281.78
1664 , 9955 , 242.52 , -60.3 , 49 , 27.75 , 1.631 , 0.067 , 13.68 , 281.69
1674 , 10003 , 240.66 , -58.7 , 47 , 27.69 , 2.123 , 0.088 , 13.80 , 281.58
1684 , 10050 , 238.88 , -58.4 , 42 , 27.63 , 2.577 , 0.108 , 13.94 , 281.44
1694 , 10096 , 237.14 , -58.2 , 38 , 27.58 , 2.855 , 0.120 , 14.09 , 281.28
1704 , 10156 , 234.89 , -57.9 , 34 , 27.53 , 3.110 , 0.132 , 14.32 , 281.06
1714 , 10203 , 233.14 , -57.6 , 29 , 27.47 , 3.363 , 0.144 , 14.51 , 280.87
1724 , 10246 , 231.56 , -57.4 , 25 , 27.41 , 3.622 , 0.156 , 14.70 , 280.68
1734 , 10289 , 230.01 , -56.7 , 21 , 27.35 , 3.864 , 0.168 , 14.89 , 280.48
1744 , 10330 , 228.52 , -55.7 , 17 , 27.30 , 4.011 , 0.176 , 15.10 , 280.28
1754 , 10371 , 227.05 , -55.3 , 14 , 27.24 , 4.062 , 0.179 , 15.30 , 280.07
1764 , 10415 , 225.50 , -54.7 , 12 , 27.18 , 4.115 , 0.182 , 15.52 , 279.85
1774 , 10460 , 223.93 , -54.0 , 9 , 27.12 , 4.265 , 0.190 , 15.75 , 279.62
1784 , 10505 , 222.37 , -53.0 , 8 , 27.06 , 4.381 , 0.197 , 15.99 , 279.38
1794 , 10546 , 220.96 , -52.3 , 6 , 27.00 , 4.453 , 0.202 , 16.21 , 279.16
1804 , 10588 , 219.52 , -51.9 , 5 , 26.95 , 4.549 , 0.207 , 16.45 , 278.93
1814 , 10634 , 217.96 , -51.6 , 4 , 26.89 , 4.585 , 0.210 , 16.70 , 278.67
1824 , 10680 , 216.43 , -51.8 , 3 , 26.83 , 4.595 , 0.212 , 16.96 , 278.42
1834 , 10723 , 215.00 , -51.8 , 3 , 26.77 , 4.640 , 0.216 , 17.20 , 278.18
1844 , 10766 , 213.58 , -51.6 , 2 , 26.71 , 4.681 , 0.219 , 17.44 , 277.93
1854 , 10810 , 212.12 , -51.8 , 2 , 26.66 , 4.693 , 0.221 , 17.70 , 277.68
1863 , 10850 , 210.81 , -52.0 , 2 , 26.60 , 4.691 , 0.223 , 17.93 , 277.45
1873 , 10893 , 209.42 , -51.6 , 2 , 26.55 , 4.665 , 0.223 , 18.17 , 277.21
1883 , 10938 , 207.97 , -51.6 , 2 , 26.49 , 4.614 , 0.222 , 18.42 , 276.95
1893 , 10982 , 206.58 , -51.7 , 2 , 26.44 , 4.595 , 0.222 , 18.67 , 276.71
1903 , 11022 , 205.30 , -51.6 , 2 , 26.38 , 4.529 , 0.221 , 18.89 , 276.48
1913 , 11062 , 204.05 , -51.1 , 1 , 26.32 , 4.429 , 0.217 , 19.11 , 276.27
1922 , 11100 , 202.86 , -50.7 , 1 , 26.26 , 4.343 , 0.214 , 19.31 , 276.06
1932 , 11138 , 201.66 , -50.5 , 1 , 26.21 , 4.231 , 0.210 , 19.51 , 275.86
1942 , 11186 , 200.19 , -50.4 , 1 , 26.15 , 4.132 , 0.206 , 19.75 , 275.62
1952 , 11236 , 198.65 , -50.5 , 1 , 26.10 , 4.177 , 0.210 , 20.01 , 275.37
1962 , 11279 , 197.36 , -50.3 , 1 , 26.04 , 4.374 , 0.222 , 20.23 , 275.15
1972 , 11321 , 196.08 , -50.2 , 1 , 25.98 , 4.522 , 0.231 , 20.46 , 274.92
1982 , 11367 , 194.69 , -50.3 , 1 , 25.93 , 4.771 , 0.245 , 20.71 , 274.66
1992 , 11411 , 193.41 , -50.6 , 1 , 25.87 , 4.845 , 0.250 , 20.97 , 274.41
2002 , 11452 , 192.19 , -50.7 , 1 , 25.82 , 4.919 , 0.256 , 21.21 , 274.17
2011 , 11492 , 191.01 , -50.5 , 1 , 25.76 , 4.963 , 0.260 , 21.45 , 273.93
2021 , 11532 , 189.85 , -50.1 , 1 , 25.71 , 4.972 , 0.262 , 21.69 , 273.69
2031 , 11576 , 188.57 , -49.9 , 1 , 25.65 , 4.829 , 0.256 , 21.95 , 273.43
2041 , 11617 , 187.39 , -49.6 , 1 , 25.60 , 4.655 , 0.248 , 22.19 , 273.19
2051 , 11658 , 186.21 , -49.7 , 1 , 25.54 , 4.456 , 0.239 , 22.41 , 272.96
2061 , 11700 , 185.02 , -49.4 , 1 , 25.49 , 4.316 , 0.233 , 22.63 , 272.74
2071 , 11742 , 183.84 , -49.1 , 1 , 25.43 , 4.205 , 0.229 , 22.85 , 272.53
2081 , 11783 , 182.69 , -49.1 , 1 , 25.38 , 4.063 , 0.222 , 23.05 , 272.32
2091 , 11827 , 181.48 , -49.5 , 1 , 25.32 , 3.940 , 0.217 , 23.26 , 272.11
2101 , 11869 , 180.33 , -49.6 , 1 , 25.27 , 3.826 , 0.212 , 23.46 , 271.92
2111 , 11911 , 179.17 , -49.7 , 1 , 25.21 , 3.764 , 0.210 , 23.65 , 271.72
2121 , 11953 , 178.00 , -49.8 , 1 , 25.16 , 3.705 , 0.208 , 23.84 , 271.53
2131 , 11997 , 176.83 , -49.5 , 1 , 25.11 , 3.647 , 0.206 , 24.04 , 271.34
2141 , 12039 , 175.68 , -49.1 , 1 , 25.05 , 3.959 , 0.225 , 24.23 , 271.14
2151 , 12082 , 174.54 , -49.0 , 1 , 25.00 , 4.397 , 0.252 , 24.45 , 270.93
2161 , 12123 , 173.46 , -48.8 , 1 , 24.95 , 4.722 , 0.272 , 24.67 , 270.71
2171 , 12164 , 172.38 , -49.0 , 1 , 24.90 , 4.945 , 0.287 , 24.91 , 270.47
2181 , 12205 , 171.31 , -49.1 , 1 , 24.86 , 5.079 , 0.296 , 25.15 , 270.22
2191 , 12246 , 170.24 , -49.1 , 1 , 24.81 , 5.169 , 0.304 , 25.41 , 269.97
2201 , 12287 , 169.17 , -48.9 , 1 , 24.76 , 5.334 , 0.315 , 25.67 , 269.71
2211 , 12328 , 168.13 , -48.7 , 1 , 24.71 , 5.441 , 0.324 , 25.93 , 269.45
2221 , 12367 , 167.12 , -48.8 , 1 , 24.66 , 5.549 , 0.332 , 26.19 , 269.18
2231 , 12408 , 166.09 , -48.7 , 1 , 24.62 , 5.653 , 0.340 , 26.47 , 268.91
2240 , 12447 , 165.11 , -48.5 , 1 , 24.57 , 5.758 , 0.349 , 26.73 , 268.64
2250 , 12486 , 164.12 , -48.6 , 1 , 24.52 , 5.809 , 0.354 , 27.01 , 268.37
2260 , 12528 , 163.09 , -48.5 , 1 , 24.47 , 5.793 , 0.355 , 27.29 , 268.08
2270 , 12568 , 162.08 , -48.6 , 1 , 24.42 , 5.748 , 0.355 , 27.58 , 267.80
2280 , 12611 , 161.03 , -48.4 , 1 , 24.38 , 5.632 , 0.350 , 27.87 , 267.51
2290 , 12653 , 160.01 , -48.4 , 1 , 24.33 , 5.573 , 0.348 , 28.15 , 267.23
2300 , 12695 , 158.98 , -48.3 , 1 , 24.28 , 5.531 , 0.348 , 28.43 , 266.94
2310 , 12738 , 157.95 , -48.5 , 1 , 24.23 , 5.512 , 0.349 , 28.72 , 266.66
2320 , 12780 , 156.95 , -48.3 , 1 , 24.19 , 5.521 , 0.352 , 28.99 , 266.38
2330 , 12823 , 155.94 , -48.1 , 1 , 24.14 , 5.581 , 0.358 , 29.28 , 266.10
2340 , 12867 , 154.90 , -47.9 , 1 , 24.09 , 5.596 , 0.361 , 29.57 , 265.80
2350 , 12910 , 153.89 , -47.9 , 1 , 24.05 , 5.699 , 0.370 , 29.86 , 265.51
2360 , 12952 , 152.90 , -48.0 , 1 , 24.01 , 5.770 , 0.377 , 30.15 , 265.22
2370 , 12993 , 151.95 , -48.1 , 1 , 23.96 , 5.819 , 0.383 , 30.44 , 264.94
2380 , 13036 , 150.98 , -48.1 , 1 , 23.91 , 5.834 , 0.386 , 30.74 , 264.64
2390 , 13079 , 149.99 , -48.3 , 1 , 23.87 , 5.952 , 0.397 , 31.04 , 264.34
2400 , 13122 , 149.00 , -48.5 , 1 , 23.82 , 6.010 , 0.403 , 31.35 , 264.02
2410 , 13165 , 148.04 , -48.3 , 1 , 23.77 , 6.023 , 0.407 , 31.66 , 263.71
2420 , 13209 , 147.06 , -48.1 , 1 , 23.73 , 6.101 , 0.415 , 31.98 , 263.40
2430 , 13253 , 146.08 , -48.2 , 1 , 23.69 , 6.076 , 0.416 , 32.30 , 263.08
2440 , 13295 , 145.14 , -48.3 , 1 , 23.65 , 5.700 , 0.393 , 32.60 , 262.78
2450 , 13337 , 144.22 , -48.1 , 1 , 23.60 , 5.343 , 0.370 , 32.88 , 262.50
2460 , 13380 , 143.29 , -47.8 , 1 , 23.56 , 5.231 , 0.365 , 33.15 , 262.23
2470 , 13422 , 142.37 , -47.5 , 1 , 23.52 , 5.292 , 0.372 , 33.41 , 261.96
2480 , 13466 , 141.43 , -47.5 , 1 , 23.47 , 5.377 , 0.380 , 33.69 , 261.68
2490 , 13510 , 140.50 , -47.4 , 1 , 23.43 , 5.514 , 0.392 , 33.98 , 261.40
2500 , 13555 , 139.53 , -47.4 , 1 , 23.38 , 5.883 , 0.422 , 34.29 , 261.09
2509 , 13599 , 138.61 , -47.5 , 1 , 23.34 , 6.196 , 0.447 , 34.60 , 260.77
2519 , 13642 , 137.72 , -47.5 , 1 , 23.30 , 6.386 , 0.464 , 34.92 , 260.45
2529 , 13685 , 136.82 , -47.5 , 1 , 23.25 , 6.544 , 0.478 , 35.26 , 260.12
2539 , 13728 , 135.93 , -47.6 , 1 , 23.21 , 6.629 , 0.488 , 35.59 , 259.78
2548 , 13768 , 135.10 , -47.8 , 1 , 23.17 , 6.707 , 0.496 , 35.92 , 259.46
2557 , 13809 , 134.28 , -48.0 , 1 , 23.13 , 6.757 , 0.503 , 36.24 , 259.13
2567 , 13851 , 133.43 , -48.1 , 1 , 23.09 , 6.878 , 0.516 , 36.59 , 258.79
2577 , 13893 , 132.57 , -48.0 , 1 , 23.05 , 6.826 , 0.515 , 36.93 , 258.44
2587 , 13936 , 131.72 , -48.1 , 1 , 23.01 , 6.581 , 0.500 , 37.28 , 258.10
2597 , 13979 , 130.85 , -48.2 , 1 , 22.98 , 6.127 , 0.468 , 37.61 , 257.77
2607 , 14022 , 130.00 , -48.1 , 1 , 22.93 , 5.894 , 0.453 , 37.92 , 257.46
2617 , 14065 , 129.15 , -47.9 , 1 , 22.89 , 5.766 , 0.446 , 38.22 , 257.16
2627 , 14109 , 128.30 , -48.0 , 1 , 22.85 , 5.707 , 0.445 , 38.52 , 256.86
2637 , 14151 , 127.47 , -48.2 , 1 , 22.81 , 5.618 , 0.441 , 38.80 , 256.57
2647 , 14193 , 126.66 , -48.1 , 1 , 22.76 , 5.508 , 0.435 , 39.09 , 256.29
2657 , 14238 , 125.81 , -48.2 , 1 , 22.73 , 5.509 , 0.438 , 39.38 , 256.00
2667 , 14280 , 125.01 , -48.3 , 1 , 22.69 , 5.669 , 0.454 , 39.66 , 255.72
2677 , 14323 , 124.20 , -48.3 , 1 , 22.65 , 5.888 , 0.474 , 39.96 , 255.42
2687 , 14365 , 123.40 , -48.4 , 1 , 22.61 , 6.013 , 0.487 , 40.26 , 255.11
2697 , 14409 , 122.58 , -48.4 , 1 , 22.58 , 6.150 , 0.502 , 40.58 , 254.80
2707 , 14452 , 121.79 , -48.4 , 1 , 22.54 , 6.172 , 0.507 , 40.90 , 254.48
2717 , 14494 , 121.01 , -48.5 , 1 , 22.50 , 6.103 , 0.504 , 41.20 , 254.17
2727 , 14536 , 120.24 , -48.4 , 1 , 22.46 , 6.003 , 0.499 , 41.51 , 253.86
2737 , 14579 , 119.46 , -48.3 , 1 , 22.43 , 6.063 , 0.508 , 41.82 , 253.55
2747 , 14620 , 118.71 , -48.2 , 1 , 22.39 , 6.386 , 0.538 , 42.13 , 253.25
2757 , 14663 , 117.93 , -48.2 , 1 , 22.36 , 6.937 , 0.588 , 42.47 , 252.90
2767 , 14706 , 117.17 , -48.3 , 1 , 22.32 , 7.376 , 0.630 , 42.84 , 252.53
2777 , 14748 , 116.42 , -48.5 , 1 , 22.28 , 7.671 , 0.659 , 43.22 , 252.15
2787 , 14791 , 115.66 , -48.5 , 1 , 22.25 , 7.667 , 0.663 , 43.62 , 251.76
2797 , 14835 , 114.90 , -48.6 , 1 , 22.21 , 7.616 , 0.663 , 44.02 , 251.36
2807 , 14879 , 114.13 , -48.6 , 1 , 22.18 , 7.517 , 0.659 , 44.42 , 250.96
2817 , 14923 , 113.36 , -48.5 , 1 , 22.14 , 7.458 , 0.658 , 44.82 , 250.56
2827 , 14968 , 112.60 , -48.5 , 1 , 22.11 , 7.582 , 0.673 , 45.22 , 250.16
2837 , 15012 , 111.84 , -48.5 , 1 , 22.08 , 7.738 , 0.692 , 45.63 , 249.75
2847 , 15057 , 111.08 , -48.5 , 1 , 22.04 , 7.983 , 0.719 , 46.05 , 249.32
2856 , 15097 , 110.40 , -48.5 , 1 , 22.01 , 8.135 , 0.737 , 46.44 , 248.94
2866 , 15137 , 109.73 , -48.5 , 1 , 21.98 , 8.124 , 0.740 , 46.83 , 248.55
2876 , 15180 , 109.02 , -48.3 , 1 , 21.95 , 8.159 , 0.748 , 47.25 , 248.13
2886 , 15225 , 108.28 , -48.2 , 1 , 21.92 , 8.269 , 0.764 , 47.69 , 247.68
2896 , 15271 , 107.53 , -48.2 , 1 , 21.90 , 8.322 , 0.774 , 48.14 , 247.23
2906 , 15317 , 106.78 , -48.1 , 1 , 21.87 , 8.350 , 0.782 , 48.61 , 246.77
2916 , 15362 , 106.05 , -48.3 , 1 , 21.84 , 8.388 , 0.791 , 49.06 , 246.32
2926 , 15405 , 105.35 , -48.4 , 1 , 21.82 , 8.418 , 0.799 , 49.49 , 245.88
2936 , 15449 , 104.66 , -48.5 , 1 , 21.80 , 8.443 , 0.807 , 49.94 , 245.44
2946 , 15494 , 103.94 , -48.4 , 1 , 21.77 , 8.506 , 0.818 , 50.39 , 244.98
2956 , 15538 , 103.26 , -48.6 , 1 , 21.75 , 8.604 , 0.833 , 50.84 , 244.53
2966 , 15582 , 102.57 , -48.4 , 1 , 21.72 , 8.614 , 0.840 , 51.30 , 244.08
2976 , 15626 , 101.88 , -48.2 , 1 , 21.70 , 8.607 , 0.845 , 51.75 , 243.63
2986 , 15669 , 101.21 , -47.9 , 1 , 21.68 , 8.710 , 0.861 , 52.20 , 243.17
2996 , 15712 , 100.56 , -47.6 , 1 , 21.65 , 8.718 , 0.867 , 52.65 , 242.72
3006 , 15756 , 99.89 , -47.5 , 1 , 21.63 , 8.830 , 0.884 , 53.11 , 242.26
3016 , 15800 , 99.22 , -47.4 , 1 , 21.60 , 8.970 , 0.904 , 53.58 , 241.79
3026 , 15844 , 98.57 , -47.4 , 1 , 21.57 , 9.148 , 0.928 , 54.06 , 241.32
3036 , 15889 , 97.90 , -47.5 , 1 , 21.55 , 9.272 , 0.947 , 54.55 , 240.83
3046 , 15934 , 97.24 , -47.5 , 1 , 21.52 , 9.597 , 0.987 , 55.06 , 240.32
3056 , 15978 , 96.59 , -47.3 , 1 , 21.49 , 9.785 , 1.013 , 55.56 , 239.81
3066 , 16022 , 95.95 , -47.2 , 1 , 21.46 , 10.022 , 1.044 , 56.09 , 239.29
3076 , 16065 , 95.32 , -47.2 , 1 , 21.44 , 10.222 , 1.072 , 56.61 , 238.77
3086 , 16109 , 94.70 , -46.9 , 1 , 21.41 , 10.455 , 1.104 , 57.14 , 238.23
3096 , 16149 , 94.12 , -47.0 , 1 , 21.38 , 10.599 , 1.126 , 57.65 , 237.73
3106 , 16192 , 93.51 , -46.9 , 1 , 21.34 , 10.473 , 1.120 , 58.19 , 237.18
3116 , 16237 , 92.88 , -46.6 , 1 , 21.31 , 10.372 , 1.117 , 58.75 , 236.62
3126 , 16282 , 92.25 , -46.5 , 1 , 21.28 , 10.387 , 1.126 , 59.31 , 236.07
3136 , 16328 , 91.62 , -46.6 , 1 , 21.25 , 10.312 , 1.125 , 59.87 , 235.51
3146 , 16375 , 90.98 , -46.6 , 1 , 21.22 , 10.196 , 1.121 , 60.44 , 234.94
3155 , 16419 , 90.37 , -46.7 , 1 , 21.18 , 10.120 , 1.120 , 60.98 , 234.40
3164 , 16460 , 89.81 , -46.8 , 1 , 21.15 , 10.106 , 1.125 , 61.48 , 233.90
3174 , 16504 , 89.22 , -46.9 , 1 , 21.12 , 10.066 , 1.128 , 62.00 , 233.38
3184 , 16551 , 88.58 , -46.8 , 1 , 21.09 , 10.248 , 1.157 , 62.57 , 232.81
3194 , 16599 , 87.94 , -46.6 , 1 , 21.05 , 10.469 , 1.190 , 63.16 , 232.21
3204 , 16647 , 87.32 , -46.5 , 1 , 21.02 , 10.785 , 1.235 , 63.76 , 231.62
3214 , 16692 , 86.72 , -46.6 , 1 , 20.98 , 10.981 , 1.266 , 64.35 , 231.02
3224 , 16740 , 86.10 , -46.6 , 1 , 20.94 , 11.110 , 1.290 , 64.98 , 230.40
3234 , 16787 , 85.48 , -46.7 , 1 , 20.91 , 11.249 , 1.316 , 65.61 , 229.77
3244 , 16835 , 84.87 , -46.6 , 1 , 20.87 , 11.427 , 1.346 , 66.25 , 229.12
3254 , 16880 , 84.29 , -46.2 , 1 , 20.84 , 11.580 , 1.374 , 66.87 , 228.50
3264 , 16926 , 83.72 , -46.1 , 1 , 20.80 , 11.746 , 1.403 , 67.51 , 227.87
3274 , 16973 , 83.12 , -46.2 , 1 , 20.76 , 11.819 , 1.422 , 68.17 , 227.21
3284 , 17021 , 82.52 , -46.6 , 1 , 20.73 , 11.891 , 1.441 , 68.84 , 226.53
3294 , 17068 , 81.94 , -46.9 , 1 , 20.69 , 11.925 , 1.455 , 69.51 , 225.86
3303 , 17111 , 81.41 , -47.0 , 1 , 20.66 , 11.950 , 1.468 , 70.12 , 225.25
3313 , 17154 , 80.89 , -46.6 , 1 , 20.62 , 12.021 , 1.486 , 70.73 , 224.65
3323 , 17198 , 80.36 , -46.4 , 1 , 20.59 , 12.162 , 1.513 , 71.36 , 224.02
3333 , 17242 , 79.82 , -46.3 , 1 , 20.55 , 12.205 , 1.529 , 72.01 , 223.37
3343 , 17288 , 79.27 , -46.4 , 1 , 20.51 , 12.240 , 1.544 , 72.67 , 222.71
3353 , 17334 , 78.73 , -46.3 , 1 , 20.48 , 12.242 , 1.555 , 73.34 , 222.04
3363 , 17378 , 78.21 , -46.2 , 1 , 20.44 , 12.214 , 1.562 , 73.98 , 221.40
3373 , 17423 , 77.67 , -46.1 , 1 , 20.40 , 12.233 , 1.575 , 74.64 , 220.74
3383 , 17468 , 77.15 , -46.1 , 1 , 20.36 , 12.232 , 1.585 , 75.29 , 220.09
3393 , 17513 , 76.63 , -46.0 , 1 , 20.33 , 12.277 , 1.602 , 75.94 , 219.44
3403 , 17560 , 76.09 , -45.9 , 1 , 20.29 , 12.422 , 1.632 , 76.63 , 218.75
3413 , 17605 , 75.58 , -45.9 , 1 , 20.26 , 12.600 , 1.667 , 77.30 , 218.08
3423 , 17651 , 75.05 , -45.9 , 1 , 20.22 , 12.696 , 1.692 , 77.99 , 217.38
3433 , 17699 , 74.52 , -45.3 , 1 , 20.18 , 12.799 , 1.717 , 78.71 , 216.67
3443 , 17747 , 73.99 , -44.9 , 1 , 20.15 , 13.073 , 1.767 , 79.44 , 215.93
3453 , 17795 , 73.45 , -45.2 , 1 , 20.11 , 13.239 , 1.802 , 80.20 , 215.18
3463 , 17843 , 72.92 , -45.4 , 1 , 20.08 , 13.346 , 1.830 , 80.95 , 214.42
3473 , 17888 , 72.43 , -45.5 , 1 , 20.04 , 13.391 , 1.849 , 81.67 , 213.71
3482 , 17933 , 71.95 , -45.3 , 1 , 20.01 , 13.425 , 1.866 , 82.38 , 213.00
3492 , 17972 , 71.52 , -45.0 , 1 , 19.98 , 13.454 , 1.881 , 83.00 , 212.37
3502 , 18018 , 71.04 , -45.1 , 1 , 19.94 , 13.441 , 1.892 , 83.73 , 211.65
3512 , 18065 , 70.54 , -45.2 , 1 , 19.91 , 13.489 , 1.912 , 84.48 , 210.89
3522 , 18112 , 70.04 , -45.0 , 1 , 19.88 , 13.528 , 1.931 , 85.23 , 210.15
3532 , 18159 , 69.55 , -44.9 , 1 , 19.85 , 13.525 , 1.945 , 85.99 , 209.39
3542 , 18208 , 69.04 , -44.9 , 1 , 19.81 , 13.558 , 1.964 , 86.77 , 208.61
3552 , 18256 , 68.55 , -44.9 , 1 , 19.78 , 13.624 , 1.988 , 87.54 , 207.84
3562 , 18304 , 68.06 , -44.8 , 1 , 19.75 , 13.750 , 2.020 , 88.31 , 207.07
3572 , 18350 , 67.59 , -44.9 , 1 , 19.72 , 13.870 , 2.052 , 89.06 , 206.31
3582 , 18398 , 67.11 , -45.1 , 1 , 19.68 , 13.911 , 2.073 , 89.84 , 205.54
3592 , 18444 , 66.65 , -45.1 , 1 , 19.65 , 13.931 , 2.090 , 90.60 , 204.77
3602 , 18493 , 66.16 , -45.2 , 1 , 19.62 , 13.935 , 2.106 , 91.41 , 203.96
3612 , 18540 , 65.69 , -45.4 , 1 , 19.59 , 13.922 , 2.119 , 92.19 , 203.18
3622 , 18586 , 65.24 , -45.5 , 1 , 19.56 , 13.907 , 2.132 , 92.95 , 202.43
3632 , 18634 , 64.77 , -45.3 , 1 , 19.53 , 13.858 , 2.139 , 93.74 , 201.64
3642 , 18685 , 64.28 , -45.3 , 1 , 19.50 , 13.929 , 2.167 , 94.57 , 200.80
3652 , 18734 , 63.81 , -45.4 , 1 , 19.47 , 13.982 , 2.191 , 95.38 , 200.00
3662 , 18784 , 63.34 , -45.5 , 1 , 19.44 , 14.010 , 2.212 , 96.20 , 199.17
3672 , 18831 , 62.89 , -45.3 , 1 , 19.40 , 14.110 , 2.243 , 96.98 , 198.39
3682 , 18877 , 62.46 , -45.3 , 1 , 19.38 , 14.181 , 2.270 , 97.76 , 197.61
3692 , 18924 , 62.02 , -45.4 , 1 , 19.35 , 14.277 , 2.302 , 98.55 , 196.83
3702 , 18973 , 61.56 , -45.4 , 1 , 19.32 , 14.261 , 2.316 , 99.38 , 195.99
3712 , 19022 , 61.11 , -45.3 , 1 , 19.29 , 14.370 , 2.351 , 100.21 , 195.16
3722 , 19072 , 60.66 , -44.9 , 1 , 19.26 , 14.368 , 2.369 , 101.06 , 194.31
3732 , 19123 , 60.20 , -44.9 , 1 , 19.23 , 14.404 , 2.393 , 101.93 , 193.45
3742 , 19171 , 59.76 , -45.0 , 1 , 19.21 , 14.471 , 2.421 , 102.75 , 192.63
3752 , 19220 , 59.33 , -45.0 , 1 , 19.18 , 14.476 , 2.440 , 103.58 , 191.80
3762 , 19268 , 58.91 , -45.0 , 1 , 19.15 , 14.397 , 2.444 , 104.40 , 190.98
3771 , 19313 , 58.51 , -45.1 , 1 , 19.13 , 14.370 , 2.456 , 105.17 , 190.21
3781 , 19358 , 58.11 , -45.2 , 1 , 19.11 , 14.358 , 2.471 , 105.94 , 189.44
3791 , 19408 , 57.68 , -44.9 , 1 , 19.08 , 14.313 , 2.481 , 106.78 , 188.60
3801 , 19459 , 57.25 , -44.8 , 1 , 19.05 , 14.279 , 2.494 , 107.63 , 187.74
3811 , 19508 , 56.82 , -44.7 , 1 , 19.03 , 14.265 , 2.510 , 108.47 , 186.91
3821 , 19556 , 56.42 , -44.7 , 1 , 19.00 , 14.258 , 2.527 , 109.28 , 186.10
3831 , 19604 , 56.02 , -44.5 , 1 , 18.98 , 14.277 , 2.549 , 110.08 , 185.30
3841 , 19651 , 55.62 , -44.6 , 1 , 18.96 , 14.289 , 2.569 , 110.88 , 184.50
3851 , 19699 , 55.23 , -44.3 , 1 , 18.93 , 14.241 , 2.579 , 111.68 , 183.69
3861 , 19748 , 54.83 , -44.1 , 1 , 18.91 , 14.231 , 2.596 , 112.50 , 182.88
3871 , 19797 , 54.43 , -44.1 , 1 , 18.89 , 14.076 , 2.586 , 113.32 , 182.06
3881 , 19845 , 54.04 , -44.2 , 1 , 18.86 , 13.845 , 2.562 , 114.10 , 181.27
3891 , 19892 , 53.66 , -44.1 , 1 , 18.84 , 13.740 , 2.561 , 114.87 , 180.50
3901 , 19943 , 53.25 , -44.1 , 1 , 18.81 , 13.688 , 2.570 , 115.69 , 179.68
3911 , 19992 , 52.86 , -43.9 , 1 , 18.79 , 13.679 , 2.588 , 116.48 , 178.89
3921 , 20041 , 52.48 , -44.1 , 1 , 18.76 , 13.680 , 2.606 , 117.26 , 178.11
3931 , 20089 , 52.10 , -44.4 , 1 , 18.74 , 13.527 , 2.596 , 118.05 , 177.33
3941 , 20137 , 51.73 , -44.7 , 1 , 18.71 , 13.499 , 2.609 , 118.81 , 176.57
3951 , 20186 , 51.35 , -44.8 , 1 , 18.69 , 13.512 , 2.631 , 119.59 , 175.79
3961 , 20235 , 50.98 , -44.8 , 1 , 18.66 , 13.450 , 2.638 , 120.37 , 175.01
3971 , 20284 , 50.61 , -44.7 , 1 , 18.63 , 13.527 , 2.673 , 121.15 , 174.23
3981 , 20330 , 50.26 , -44.7 , 1 , 18.61 , 13.573 , 2.701 , 121.88 , 173.50
3991 , 20374 , 49.93 , -44.4 , 1 , 18.58 , 13.634 , 2.731 , 122.60 , 172.78
4001 , 20421 , 49.58 , -44.5 , 1 , 18.55 , 13.617 , 2.746 , 123.34 , 172.04
4011 , 20466 , 49.25 , -44.5 , 1 , 18.53 , 13.585 , 2.758 , 124.06 , 171.32
4021 , 20515 , 48.89 , -44.7 , 1 , 18.50 , 13.535 , 2.768 , 124.84 , 170.53
4031 , 20563 , 48.54 , -44.8 , 1 , 18.47 , 13.522 , 2.786 , 125.62 , 169.76
4041 , 20612 , 48.19 , -44.6 , 1 , 18.44 , 13.434 , 2.788 , 126.39 , 168.98
4051 , 20663 , 47.82 , -44.4 , 1 , 18.42 , 13.354 , 2.792 , 127.20 , 168.18
4061 , 20711 , 47.48 , -44.3 , 1 , 18.39 , 13.248 , 2.790 , 127.96 , 167.42
4070 , 20759 , 47.14 , -44.4 , 1 , 18.36 , 13.203 , 2.801 , 128.70 , 166.67
4080 , 20803 , 46.83 , -44.4 , 1 , 18.33 , 13.148 , 2.808 , 129.38 , 165.99
4089 , 20851 , 46.50 , -44.3 , 1 , 18.31 , 13.168 , 2.832 , 130.12 , 165.25
4098 , 20896 , 46.19 , -44.4 , 1 , 18.28 , 13.188 , 2.855 , 130.82 , 164.55
4108 , 20943 , 45.86 , -44.4 , 1 , 18.26 , 13.221 , 2.883 , 131.56 , 163.82
4118 , 20993 , 45.52 , -44.2 , 1 , 18.23 , 13.263 , 2.914 , 132.35 , 163.03
4128 , 21044 , 45.18 , -44.1 , 1 , 18.20 , 13.393 , 2.964 , 133.14 , 162.24
4138 , 21096 , 44.82 , -44.2 , 1 , 18.17 , 13.493 , 3.010 , 133.97 , 161.41
4148 , 21147 , 44.48 , -44.3 , 1 , 18.14 , 13.534 , 3.042 , 134.78 , 160.60
4158 , 21198 , 44.15 , -44.2 , 1 , 18.11 , 13.592 , 3.079 , 135.58 , 159.79
4168 , 21247 , 43.83 , -44.2 , 1 , 18.09 , 13.579 , 3.098 , 136.38 , 159.00
4178 , 21295 , 43.51 , -44.3 , 1 , 18.06 , 13.558 , 3.116 , 137.15 , 158.23
4188 , 21345 , 43.19 , -44.1 , 1 , 18.03 , 13.517 , 3.129 , 137.93 , 157.44
4198 , 21392 , 42.89 , -43.9 , 1 , 18.00 , 13.442 , 3.134 , 138.68 , 156.70
4208 , 21442 , 42.57 , -43.9 , 1 , 17.97 , 13.434 , 3.156 , 139.48 , 155.90
4218 , 21491 , 42.26 , -43.6 , 1 , 17.94 , 13.511 , 3.197 , 140.24 , 155.13
4228 , 21538 , 41.97 , -43.6 , 1 , 17.91 , 13.520 , 3.222 , 140.99 , 154.38
4238 , 21587 , 41.66 , -43.8 , 1 , 17.88 , 13.523 , 3.246 , 141.77 , 153.60
4248 , 21637 , 41.35 , -43.6 , 1 , 17.85 , 13.621 , 3.294 , 142.57 , 152.80
4258 , 21686 , 41.06 , -43.6 , 1 , 17.82 , 13.809 , 3.364 , 143.35 , 152.02
4268 , 21737 , 40.75 , -43.5 , 1 , 17.79 , 13.966 , 3.428 , 144.18 , 151.19
4278 , 21788 , 40.44 , -43.4 , 1 , 17.76 , 14.086 , 3.484 , 145.03 , 150.35
4288 , 21838 , 40.14 , -43.2 , 1 , 17.73 , 14.205 , 3.539 , 145.86 , 149.52
4298 , 21888 , 39.84 , -43.1 , 1 , 17.70 , 14.250 , 3.577 , 146.69 , 148.68
4308 , 21937 , 39.55 , -43.1 , 1 , 17.67 , 14.265 , 3.607 , 147.51 , 147.86
4318 , 21987 , 39.26 , -43.0 , 1 , 17.65 , 14.358 , 3.657 , 148.34 , 147.03
4328 , 22040 , 38.95 , -43.0 , 1 , 17.61 , 14.398 , 3.696 , 149.24 , 146.13
4338 , 22092 , 38.65 , -43.2 , 1 , 17.59 , 14.435 , 3.735 , 150.13 , 145.25
4348 , 22143 , 38.36 , -43.4 , 1 , 17.56 , 14.407 , 3.756 , 150.98 , 144.40
4358 , 22195 , 38.06 , -43.3 , 1 , 17.53 , 14.381 , 3.778 , 151.87 , 143.51
4368 , 22248 , 37.77 , -43.3 , 1 , 17.50 , 14.396 , 3.812 , 152.75 , 142.62
4378 , 22302 , 37.46 , -43.3 , 1 , 17.48 , 14.319 , 3.822 , 153.66 , 141.71
4388 , 22353 , 37.18 , -43.3 , 1 , 17.45 , 14.258 , 3.835 , 154.53 , 140.85
4397 , 22402 , 36.91 , -43.1 , 1 , 17.42 , 14.261 , 3.864 , 155.34 , 140.03
4406 , 22450 , 36.65 , -43.2 , 1 , 17.40 , 14.223 , 3.881 , 156.14 , 139.23
4416 , 22500 , 36.38 , -43.0 , 1 , 17.37 , 14.205 , 3.905 , 156.97 , 138.40
4426 , 22552 , 36.10 , -42.9 , 1 , 17.35 , 14.202 , 3.934 , 157.83 , 137.54
4436 , 22602 , 35.83 , -42.8 , 1 , 17.32 , 14.197 , 3.962 , 158.67 , 136.71
4446 , 22653 , 35.56 , -42.7 , 1 , 17.29 , 14.177 , 3.987 , 159.53 , 135.85
4456 , 22705 , 35.29 , -42.7 , 1 , 17.27 , 14.147 , 4.009 , 160.38 , 134.99
4466 , 22758 , 35.01 , -42.6 , 1 , 17.24 , 14.105 , 4.029 , 161.26 , 134.12
4476 , 22809 , 34.75 , -42.8 , 1 , 17.22 , 14.029 , 4.038 , 162.10 , 133.28
4486 , 22857 , 34.50 , -43.0 , 1 , 17.19 , 13.915 , 4.033 , 162.88 , 132.50
4496 , 22907 , 34.25 , -43.2 , 1 , 17.16 , 13.772 , 4.021 , 163.69 , 131.68
4506 , 22958 , 33.99 , -43.3 , 1 , 17.14 , 13.704 , 4.032 , 164.51 , 130.86
4516 , 23005 , 33.75 , -43.3 , 1 , 17.11 , 13.637 , 4.041 , 165.27 , 130.10
4526 , 23054 , 33.51 , -43.1 , 1 , 17.09 , 13.355 , 3.986 , 166.04 , 129.34
4536 , 23104 , 33.26 , -43.2 , 1 , 17.07 , 12.964 , 3.898 , 166.81 , 128.57
4546 , 23151 , 33.02 , -43.1 , 1 , 17.04 , 12.623 , 3.822 , 167.52 , 127.85
4556 , 23204 , 32.77 , -43.1 , 1 , 17.02 , 12.280 , 3.748 , 168.29 , 127.08
4566 , 23254 , 32.52 , -42.9 , 1 , 16.99 , 11.977 , 3.682 , 169.00 , 126.37
4576 , 23306 , 32.27 , -42.7 , 1 , 16.97 , 11.863 , 3.676 , 169.73 , 125.65
4586 , 23354 , 32.05 , -42.8 , 1 , 16.95 , 11.786 , 3.678 , 170.39 , 124.99
4596 , 23406 , 31.80 , -42.7 , 1 , 16.93 , 11.760 , 3.698 , 171.11 , 124.27
4606 , 23456 , 31.57 , -42.6 , 1 , 16.90 , 11.781 , 3.732 , 171.79 , 123.58
4616 , 23508 , 31.32 , -42.4 , 1 , 16.88 , 11.958 , 3.818 , 172.52 , 122.86
4626 , 23562 , 31.07 , -42.2 , 1 , 16.86 , 12.114 , 3.898 , 173.28 , 122.10
4635 , 23612 , 30.85 , -42.2 , 1 , 16.84 , 12.235 , 3.967 , 173.99 , 121.39
4645 , 23662 , 30.62 , -42.3 , 1 , 16.82 , 12.352 , 4.034 , 174.70 , 120.68
4655 , 23713 , 30.39 , -42.1 , 1 , 16.79 , 12.312 , 4.051 , 175.43 , 119.94
4665 , 23764 , 30.16 , -42.0 , 1 , 16.77 , 12.298 , 4.078 , 176.17 , 119.21
4675 , 23817 , 29.92 , -42.2 , 1 , 16.75 , 12.205 , 4.079 , 176.93 , 118.45
4685 , 23870 , 29.69 , -42.3 , 1 , 16.73 , 12.062 , 4.063 , 177.69 , 117.69
4695 , 23921 , 29.47 , -42.4 , 1 , 16.71 , 11.936 , 4.051 , 178.39 , 116.98
4705 , 23975 , 29.23 , -42.3 , 1 , 16.68 , 11.810 , 4.040 , 179.15 , 116.22
4715 , 24027 , 29.01 , -42.3 , 1 , 16.67 , 11.618 , 4.005 , 179.86 , 115.52
4724 , 24080 , 28.78 , -42.4 , 1 , 16.64 , 11.479 , 3.988 , 180.57 , 114.80
4734 , 24130 , 28.57 , -42.4 , 1 , 16.62 , 11.407 , 3.993 , 181.24 , 114.13
4744 , 24183 , 28.35 , -42.3 , 1 , 16.60 , 11.346 , 4.003 , 181.94 , 113.44
4754 , 24237 , 28.12 , -42.2 , 1 , 16.58 , 11.479 , 4.082 , 182.66 , 112.71
4764 , 24289 , 27.90 , -42.4 , 1 , 16.56 , 11.718 , 4.199 , 183.37 , 112.01
4774 , 24343 , 27.68 , -42.6 , 1 , 16.54 , 11.765 , 4.250 , 184.12 , 111.26
4783 , 24392 , 27.48 , -42.9 , 1 , 16.52 , 11.876 , 4.321 , 184.78 , 110.59
4793 , 24444 , 27.27 , -43.0 , 1 , 16.49 , 11.873 , 4.354 , 185.51 , 109.87
4803 , 24497 , 27.06 , -42.8 , 1 , 16.47 , 11.735 , 4.337 , 186.25 , 109.13
4813 , 24551 , 26.84 , -42.7 , 1 , 16.45 , 11.820 , 4.404 , 186.99 , 108.39
4823 , 24601 , 26.64 , -42.4 , 1 , 16.43 , 11.906 , 4.469 , 187.68 , 107.69
4833 , 24654 , 26.43 , -42.1 , 1 , 16.41 , 12.004 , 4.541 , 188.42 , 106.95
4843 , 24707 , 26.23 , -41.8 , 1 , 16.39 , 12.202 , 4.652 , 189.16 , 106.21
4853 , 24763 , 26.01 , -41.8 , 1 , 16.37 , 12.369 , 4.755 , 189.98 , 105.40
4863 , 24814 , 25.82 , -41.6 , 1 , 16.35 , 12.530 , 4.853 , 190.70 , 104.67
4873 , 24869 , 25.61 , -41.4 , 1 , 16.32 , 12.549 , 4.900 , 191.51 , 103.87
4883 , 24919 , 25.42 , -41.0 , 1 , 16.30 , 12.694 , 4.994 , 192.24 , 103.13
4893 , 24973 , 25.22 , -40.6 , 1 , 16.28 , 12.635 , 5.010 , 193.04 , 102.34
4903 , 25023 , 25.04 , -40.7 , 1 , 16.26 , 12.698 , 5.072 , 193.77 , 101.60
4913 , 25075 , 24.85 , -40.7 , 1 , 16.24 , 12.638 , 5.087 , 194.54 , 100.84
4923 , 25127 , 24.66 , -40.6 , 1 , 16.21 , 12.603 , 5.111 , 195.29 , 100.08
4933 , 25180 , 24.46 , -40.8 , 1 , 16.19 , 12.548 , 5.130 , 196.08 , 99.30
4943 , 25230 , 24.28 , -41.1 , 1 , 16.17 , 12.451 , 5.127 , 196.80 , 98.57
4953 , 25282 , 24.10 , -41.2 , 1 , 16.15 , 12.226 , 5.073 , 197.55 , 97.82
4963 , 25334 , 23.92 , -41.2 , 1 , 16.13 , 12.092 , 5.056 , 198.28 , 97.10
4973 , 25384 , 23.74 , -41.0 , 1 , 16.11 , 11.876 , 5.003 , 198.98 , 96.40
4983 , 25436 , 23.56 , -40.9 , 1 , 16.09 , 11.708 , 4.970 , 199.69 , 95.69
4993 , 25487 , 23.38 , -40.9 , 1 , 16.06 , 11.481 , 4.910 , 200.37 , 95.00
5003 , 25539 , 23.20 , -41.0 , 1 , 16.04 , 11.343 , 4.888 , 201.07 , 94.31
5012 , 25590 , 23.03 , -41.0 , 1 , 16.02 , 11.188 , 4.857 , 201.73 , 93.65
5021 , 25637 , 22.87 , -41.1 , 1 , 16.00 , 11.063 , 4.837 , 202.34 , 93.04
5031 , 25687 , 22.70 , -41.2 , 1 , 15.98 , 10.961 , 4.828 , 202.98 , 92.40
5041 , 25743 , 22.52 , -41.3 , 1 , 15.96 , 10.842 , 4.815 , 203.69 , 91.69
5051 , 25798 , 22.34 , -41.4 , 1 , 15.94 , 10.728 , 4.803 , 204.37 , 91.00
5061 , 25851 , 22.16 , -41.4 , 1 , 15.92 , 10.560 , 4.765 , 205.04 , 90.34
5071 , 25903 , 21.99 , -41.5 , 1 , 15.90 , 10.372 , 4.716 , 205.67 , 89.71
5081 , 25960 , 21.81 , -41.6 , 1 , 15.88 , 10.191 , 4.673 , 206.36 , 89.02
5091 , 26013 , 21.64 , -41.6 , 1 , 15.86 , 10.055 , 4.646 , 206.97 , 88.41
5101 , 26068 , 21.46 , -41.5 , 1 , 15.84 , 9.994 , 4.656 , 207.62 , 87.76
5111 , 26120 , 21.30 , -41.7 , 1 , 15.82 , 9.919 , 4.657 , 208.22 , 87.16
5121 , 26173 , 21.13 , -41.6 , 1 , 15.80 , 9.812 , 4.643 , 208.83 , 86.55
5131 , 26228 , 20.96 , -41.5 , 1 , 15.78 , 9.734 , 4.643 , 209.46 , 85.92
5141 , 26283 , 20.79 , -41.3 , 1 , 15.76 , 9.636 , 4.634 , 210.07 , 85.30
5151 , 26337 , 20.63 , -41.1 , 1 , 15.74 , 9.570 , 4.639 , 210.68 , 84.70
5160 , 26390 , 20.47 , -41.1 , 1 , 15.72 , 9.552 , 4.666 , 211.26 , 84.11
5170 , 26441 , 20.32 , -41.0 , 1 , 15.70 , 9.485 , 4.669 , 211.83 , 83.54
5180 , 26497 , 20.15 , -40.7 , 1 , 15.68 , 9.413 , 4.672 , 212.45 , 82.93
5190 , 26548 , 20.00 , -40.5 , 1 , 15.66 , 9.416 , 4.708 , 213.00 , 82.37
5200 , 26606 , 19.83 , -40.3 , 1 , 15.64 , 9.479 , 4.780 , 213.64 , 81.74
5210 , 26661 , 19.67 , -40.2 , 1 , 15.62 , 9.565 , 4.863 , 214.24 , 81.14
5220 , 26715 , 19.51 , -40.0 , 1 , 15.60 , 9.638 , 4.939 , 214.85 , 80.53
5230 , 26768 , 19.36 , -39.9 , 1 , 15.58 , 9.617 , 4.966 , 215.43 , 79.94
5240 , 26824 , 19.21 , -39.7 , 1 , 15.56 , 9.726 , 5.064 , 216.06 , 79.32
5250 , 26880 , 19.05 , -39.6 , 1 , 15.54 , 9.661 , 5.071 , 216.68 , 78.70
5260 , 26930 , 18.91 , -39.5 , 1 , 15.52 , 9.524 , 5.036 , 217.24 , 78.14
5270 , 26987 , 18.75 , -39.4 , 1 , 15.50 , 9.405 , 5.015 , 217.86 , 77.51
5280 , 27040 , 18.61 , -39.3 , 1 , 15.48 , 9.304 , 5.000 , 218.43 , 76.94
5290 , 27098 , 18.45 , -39.2 , 1 , 15.46 , 9.279 , 5.028 , 219.05 , 76.33
5300 , 27152 , 18.31 , -39.1 , 1 , 15.44 , 9.253 , 5.054 , 219.63 , 75.75
5310 , 27207 , 18.16 , -39.2 , 1 , 15.42 , 9.245 , 5.091 , 220.22 , 75.16
5320 , 27264 , 18.01 , -39.3 , 1 , 15.40 , 9.218 , 5.118 , 220.82 , 74.56
5330 , 27313 , 17.88 , -39.4 , 1 , 15.38 , 9.197 , 5.144 , 221.35 , 74.03
5339 , 27366 , 17.74 , -39.6 , 1 , 15.36 , 9.108 , 5.133 , 221.90 , 73.48
5348 , 27415 , 17.62 , -39.7 , 1 , 15.34 , 9.033 , 5.127 , 222.41 , 72.96
5358 , 27461 , 17.50 , -39.8 , 1 , 15.32 , 8.923 , 5.099 , 222.89 , 72.49
5368 , 27520 , 17.35 , -39.5 , 1 , 15.30 , 8.844 , 5.098 , 223.50 , 71.88
5378 , 27572 , 17.22 , -39.4 , 1 , 15.28 , 8.820 , 5.123 , 224.03 , 71.35
5388 , 27623 , 17.09 , -39.5 , 1 , 15.26 , 8.730 , 5.108 , 224.54 , 70.84
5398 , 27682 , 16.94 , -39.7 , 1 , 15.24 , 8.679 , 5.123 , 225.14 , 70.24
5408 , 27730 , 16.82 , -39.7 , 1 , 15.22 , 8.580 , 5.100 , 225.62 , 69.76
5418 , 27784 , 16.69 , -39.5 , 1 , 15.19 , 8.513 , 5.101 , 226.15 , 69.23
5428 , 27838 , 16.56 , -39.1 , 1 , 15.17 , 8.481 , 5.121 , 226.67 , 68.70
5438 , 27891 , 16.43 , -38.3 , 1 , 15.15 , 8.416 , 5.121 , 227.19 , 68.19
5448 , 27943 , 16.31 , -38.0 , 1 , 15.13 , 8.318 , 5.101 , 227.69 , 67.68
5458 , 27996 , 16.18 , -38.1 , 1 , 15.11 , 8.251 , 5.098 , 228.19 , 67.18
5468 , 28052 , 16.05 , -38.1 , 1 , 15.09 , 8.191 , 5.102 , 228.72 , 66.65
5478 , 28106 , 15.93 , -38.4 , 1 , 15.07 , 8.164 , 5.126 , 229.23 , 66.14
5488 , 28158 , 15.81 , -38.5 , 1 , 15.05 , 8.145 , 5.152 , 229.71 , 65.66
5498 , 28211 , 15.69 , -38.6 , 1 , 15.03 , 8.095 , 5.160 , 230.21 , 65.17
5508 , 28265 , 15.56 , -38.8 , 1 , 15.01 , 8.072 , 5.187 , 230.71 , 64.67
5518 , 28317 , 15.45 , -38.9 , 1 , 14.99 , 8.025 , 5.196 , 231.19 , 64.19
5528 , 28374 , 15.32 , -39.0 , 1 , 14.97 , 7.986 , 5.214 , 231.72 , 63.65
5537 , 28424 , 15.21 , -38.9 , 1 , 14.95 , 7.923 , 5.210 , 232.17 , 63.20
5547 , 28472 , 15.10 , -38.8 , 1 , 14.93 , 7.807 , 5.170 , 232.61 , 62.76
5557 , 28532 , 14.97 , -38.9 , 1 , 14.91 , 7.773 , 5.193 , 233.15 , 62.23
5567 , 28583 , 14.86 , -39.2 , 1 , 14.89 , 7.703 , 5.184 , 233.60 , 61.78
5577 , 28637 , 14.74 , -39.2 , 1 , 14.87 , 7.668 , 5.201 , 234.08 , 61.30
5587 , 28696 , 14.61 , -39.4 , 1 , 14.85 , 7.561 , 5.174 , 234.60 , 60.78
5597 , 28752 , 14.50 , -39.3 , 1 , 14.83 , 7.510 , 5.181 , 235.09 , 60.29
5607 , 28807 , 14.38 , -39.0 , 1 , 14.81 , 7.457 , 5.186 , 235.56 , 59.82
5617 , 28858 , 14.27 , -38.8 , 1 , 14.79 , 7.427 , 5.203 , 235.99 , 59.38
5627 , 28913 , 14.16 , -38.7 , 1 , 14.77 , 7.383 , 5.215 , 236.47 , 58.91
5637 , 28974 , 14.03 , -38.5 , 1 , 14.75 , 7.330 , 5.224 , 236.99 , 58.39
5647 , 29028 , 13.92 , -38.4 , 1 , 14.74 , 7.302 , 5.245 , 237.44 , 57.94
5656 , 29083 , 13.81 , -38.5 , 1 , 14.72 , 7.272 , 5.265 , 237.89 , 57.48
5666 , 29140 , 13.70 , -38.7 , 1 , 14.70 , 7.207 , 5.261 , 238.37 , 57.00
5676 , 29195 , 13.59 , -38.6 , 1 , 14.68 , 7.173 , 5.278 , 238.83 , 56.55
5686 , 29244 , 13.49 , -38.6 , 1 , 14.66 , 7.127 , 5.282 , 239.23 , 56.15
5696 , 29299 , 13.38 , -38.5 , 1 , 14.64 , 7.064 , 5.278 , 239.68 , 55.70
5706 , 29353 , 13.28 , -38.2 , 1 , 14.62 , 6.956 , 5.238 , 240.11 , 55.26
5716 , 29407 , 13.18 , -38.2 , 1 , 14.60 , 6.927 , 5.257 , 240.54 , 54.84
5726 , 29460 , 13.08 , -38.6 , 1 , 14.59 , 6.866 , 5.251 , 240.96 , 54.42
5736 , 29518 , 12.96 , -38.8 , 1 , 14.57 , 6.762 , 5.216 , 241.42 , 53.96
5746 , 29569 , 12.87 , -38.8 , 1 , 14.55 , 6.690 , 5.199 , 241.81 , 53.57
5756 , 29623 , 12.77 , -38.7 , 1 , 14.53 , 6.653 , 5.210 , 242.22 , 53.16
5766 , 29674 , 12.67 , -38.4 , 1 , 14.51 , 6.654 , 5.250 , 242.61 , 52.76
5776 , 29733 , 12.57 , -38.4 , 1 , 14.50 , 6.556 , 5.217 , 243.06 , 52.32
5786 , 29788 , 12.46 , -38.2 , 1 , 14.48 , 6.510 , 5.223 , 243.48 , 51.90
5796 , 29836 , 12.38 , -38.2 , 1 , 14.46 , 6.404 , 5.173 , 243.83 , 51.55
5806 , 29889 , 12.28 , -38.4 , 1 , 14.44 , 6.340 , 5.161 , 244.22 , 51.16
5816 , 29944 , 12.19 , -38.0 , 1 , 14.42 , 6.390 , 5.244 , 244.62 , 50.76
5826 , 29999 , 12.09 , -37.6 , 1 , 14.33 , 6.366 , 5.266 , 245.02 , 50.36
5836 , 30051 , 12.00 , -37.1 , 1 , 14.24 , 6.318 , 5.266 , 245.40 , 49.98
5846 , 30101 , 11.91 , -36.7 , 0 , 14.17 , 6.347 , 5.328 , 245.76 , 49.62
5856 , 30154 , 11.82 , -36.4 , 0 , 14.11 , 6.312 , 5.340 , 246.14 , 49.23
5866 , 30200 , 11.74 , -36.3 , 0 , 14.07 , 6.243 , 5.316 , 246.47 , 48.91
5876 , 30257 , 11.65 , -35.8 , 0 , 14.03 , 6.174 , 5.301 , 246.87 , 48.51
5886 , 30313 , 11.55 , -35.9 , 0 , 13.99 , 6.096 , 5.277 , 247.26 , 48.11
