# ------------------------------------------------------------
#
# Flight name: V1412
# Station: Davis
# Launch Date: 28 March 2012
# Launch Time: 23:19:34
# 
# This file created: Thu Mar 29 15:37:03 2012
# 
# 
# ------------------------------------------------------------
# DATA COLUMNS
# Time (s)
# Height (m)
# Atmospheric Pressure (hPa)
# Atmospheric Temperature (°C)
# Relative Humidity (%)
# Box Temperature (°C)
# Ozone Partial Pressure (mPa)
# Ozone Mixing Ratio (ppmV)
# Accumulated Ozone to this Height (Dobson Units)
# Remaining Ozone above this Height (Dobson Units)
# 
# ------------------------------------------------------------
# 
# Integrated Ozone = 252.6 DU
# Extrapolated Ozone =  20.1 DU
# 
# Total Ozone = 272.7 DU
# 
# 
# ------------------------------------------------------------
0 , 18 , 986.71 , -17.5 , 52 , 30.44 , 2.025 , 0.021 , 0.00 , 272.75
10 , 66 , 980.35 , -15.2 , 35 , 30.46 , 2.054 , 0.021 , 0.10 , 272.64
20 , 116 , 973.93 , -15.3 , 28 , 30.46 , 2.011 , 0.021 , 0.21 , 272.54
30 , 171 , 966.86 , -15.8 , 28 , 30.45 , 2.042 , 0.021 , 0.33 , 272.42
40 , 223 , 960.16 , -16.2 , 28 , 30.42 , 2.064 , 0.022 , 0.44 , 272.31
50 , 269 , 954.32 , -16.2 , 27 , 30.42 , 2.081 , 0.022 , 0.54 , 272.21
60 , 320 , 947.83 , -16.5 , 26 , 30.41 , 2.109 , 0.022 , 0.65 , 272.09
70 , 370 , 941.57 , -16.9 , 27 , 30.40 , 2.085 , 0.022 , 0.76 , 271.98
80 , 422 , 935.09 , -17.2 , 27 , 30.38 , 2.091 , 0.022 , 0.87 , 271.87
90 , 475 , 928.52 , -17.4 , 26 , 30.36 , 2.081 , 0.022 , 0.99 , 271.76
100 , 526 , 922.22 , -17.4 , 24 , 30.32 , 2.073 , 0.022 , 1.10 , 271.64
110 , 578 , 915.79 , -17.3 , 25 , 30.30 , 2.091 , 0.023 , 1.22 , 271.53
120 , 629 , 909.63 , -17.6 , 25 , 30.27 , 2.083 , 0.023 , 1.33 , 271.42
130 , 684 , 902.93 , -17.8 , 27 , 30.25 , 2.085 , 0.023 , 1.45 , 271.30
140 , 735 , 896.72 , -17.3 , 35 , 30.24 , 2.069 , 0.023 , 1.56 , 271.18
150 , 787 , 890.56 , -17.6 , 41 , 30.23 , 2.056 , 0.023 , 1.68 , 271.07
160 , 837 , 884.66 , -17.6 , 45 , 30.21 , 2.004 , 0.023 , 1.78 , 270.96
170 , 886 , 878.90 , -17.6 , 49 , 30.18 , 1.994 , 0.023 , 1.88 , 270.86
180 , 936 , 872.97 , -17.8 , 51 , 30.14 , 1.979 , 0.023 , 1.99 , 270.75
190 , 992 , 866.54 , -18.2 , 51 , 30.11 , 1.958 , 0.023 , 2.11 , 270.64
200 , 1043 , 860.54 , -18.6 , 53 , 30.09 , 1.938 , 0.023 , 2.21 , 270.53
210 , 1095 , 854.55 , -19.0 , 59 , 30.06 , 1.922 , 0.022 , 2.32 , 270.43
220 , 1148 , 848.53 , -19.4 , 60 , 30.02 , 1.906 , 0.022 , 2.43 , 270.32
230 , 1200 , 842.64 , -19.4 , 58 , 29.98 , 1.893 , 0.022 , 2.53 , 270.22
240 , 1254 , 836.55 , -19.1 , 56 , 29.95 , 1.907 , 0.023 , 2.64 , 270.11
249 , 1306 , 830.70 , -18.1 , 52 , 29.93 , 1.878 , 0.023 , 2.74 , 270.00
259 , 1353 , 825.53 , -17.9 , 46 , 29.90 , 1.868 , 0.023 , 2.84 , 269.91
269 , 1406 , 819.70 , -17.6 , 34 , 29.86 , 1.867 , 0.023 , 2.94 , 269.81
279 , 1461 , 813.65 , -16.7 , 20 , 29.82 , 1.877 , 0.023 , 3.05 , 269.70
289 , 1511 , 808.25 , -16.1 , 13 , 29.78 , 1.922 , 0.024 , 3.15 , 269.60
299 , 1563 , 802.75 , -15.9 , 10 , 29.75 , 1.973 , 0.025 , 3.25 , 269.49
309 , 1617 , 796.99 , -15.7 , 7 , 29.71 , 2.052 , 0.026 , 3.37 , 269.38
319 , 1678 , 790.56 , -15.5 , 4 , 29.68 , 2.069 , 0.026 , 3.50 , 269.24
329 , 1731 , 784.98 , -15.7 , 4 , 29.65 , 2.000 , 0.025 , 3.61 , 269.13
339 , 1782 , 779.75 , -16.0 , 4 , 29.62 , 1.939 , 0.025 , 3.72 , 269.03
349 , 1836 , 774.09 , -16.4 , 4 , 29.58 , 1.911 , 0.025 , 3.83 , 268.92
359 , 1894 , 768.21 , -16.5 , 5 , 29.55 , 1.900 , 0.025 , 3.94 , 268.80
369 , 1951 , 762.42 , -16.4 , 5 , 29.51 , 1.893 , 0.025 , 4.06 , 268.69
379 , 2004 , 757.02 , -16.6 , 4 , 29.49 , 1.867 , 0.025 , 4.16 , 268.58
389 , 2055 , 751.87 , -16.9 , 4 , 29.45 , 1.843 , 0.025 , 4.26 , 268.48
399 , 2112 , 746.24 , -17.1 , 4 , 29.42 , 1.880 , 0.025 , 4.37 , 268.37
409 , 2173 , 740.19 , -17.3 , 4 , 29.38 , 1.906 , 0.026 , 4.49 , 268.25
419 , 2226 , 734.91 , -17.4 , 4 , 29.35 , 1.932 , 0.026 , 4.60 , 268.14
429 , 2281 , 729.58 , -17.6 , 4 , 29.33 , 1.940 , 0.027 , 4.71 , 268.03
439 , 2331 , 724.71 , -17.5 , 4 , 29.29 , 1.959 , 0.027 , 4.82 , 267.93
449 , 2387 , 719.24 , -17.3 , 3 , 29.26 , 1.954 , 0.027 , 4.93 , 267.81
459 , 2439 , 714.34 , -17.3 , 3 , 29.22 , 1.962 , 0.027 , 5.04 , 267.71
469 , 2486 , 709.88 , -17.5 , 3 , 29.19 , 1.978 , 0.028 , 5.14 , 267.61
479 , 2532 , 705.48 , -17.6 , 4 , 29.16 , 1.980 , 0.028 , 5.23 , 267.51
489 , 2580 , 700.95 , -17.7 , 4 , 29.13 , 1.934 , 0.028 , 5.33 , 267.41
499 , 2625 , 696.79 , -17.7 , 4 , 29.09 , 1.930 , 0.028 , 5.42 , 267.32
509 , 2675 , 692.16 , -17.5 , 3 , 29.06 , 1.984 , 0.029 , 5.53 , 267.22
519 , 2724 , 687.56 , -17.6 , 3 , 29.03 , 2.049 , 0.030 , 5.63 , 267.11
529 , 2778 , 682.66 , -17.7 , 3 , 28.99 , 2.024 , 0.030 , 5.75 , 267.00
539 , 2836 , 677.36 , -17.5 , 2 , 28.96 , 2.043 , 0.030 , 5.87 , 266.87
548 , 2888 , 672.67 , -17.3 , 2 , 28.94 , 2.051 , 0.030 , 5.99 , 266.76
557 , 2941 , 667.95 , -17.5 , 3 , 28.91 , 2.041 , 0.031 , 6.10 , 266.65
567 , 2997 , 662.98 , -17.6 , 3 , 28.87 , 2.045 , 0.031 , 6.22 , 266.53
577 , 3062 , 657.23 , -17.6 , 3 , 28.83 , 2.028 , 0.031 , 6.36 , 266.39
587 , 3121 , 652.10 , -17.5 , 3 , 28.80 , 2.031 , 0.031 , 6.49 , 266.26
597 , 3173 , 647.52 , -17.5 , 3 , 28.76 , 2.049 , 0.032 , 6.60 , 266.15
607 , 3234 , 642.33 , -17.5 , 3 , 28.73 , 2.192 , 0.034 , 6.73 , 266.01
617 , 3292 , 637.31 , -17.7 , 4 , 28.70 , 2.190 , 0.034 , 6.87 , 265.88
627 , 3347 , 632.70 , -18.0 , 4 , 28.67 , 2.065 , 0.033 , 6.99 , 265.75
637 , 3405 , 627.74 , -18.4 , 5 , 28.64 , 1.924 , 0.031 , 7.12 , 265.63
647 , 3459 , 623.25 , -18.7 , 5 , 28.60 , 1.790 , 0.029 , 7.22 , 265.53
657 , 3513 , 618.74 , -19.0 , 5 , 28.57 , 1.747 , 0.028 , 7.32 , 265.42
667 , 3565 , 614.44 , -19.3 , 5 , 28.54 , 1.778 , 0.029 , 7.42 , 265.33
677 , 3617 , 610.17 , -19.6 , 5 , 28.50 , 1.739 , 0.029 , 7.52 , 265.23
687 , 3672 , 605.66 , -19.9 , 5 , 28.46 , 1.750 , 0.029 , 7.62 , 265.13
697 , 3729 , 600.96 , -20.3 , 5 , 28.42 , 1.727 , 0.029 , 7.72 , 265.02
707 , 3780 , 596.88 , -20.6 , 5 , 28.39 , 1.708 , 0.029 , 7.82 , 264.93
717 , 3834 , 592.50 , -20.9 , 6 , 28.35 , 1.731 , 0.029 , 7.92 , 264.83
727 , 3894 , 587.71 , -21.2 , 6 , 28.32 , 1.746 , 0.030 , 8.03 , 264.72
736 , 3945 , 583.65 , -21.5 , 7 , 28.29 , 1.743 , 0.030 , 8.12 , 264.62
746 , 3993 , 579.89 , -21.7 , 8 , 28.26 , 1.773 , 0.031 , 8.21 , 264.53
756 , 4049 , 575.47 , -21.9 , 8 , 28.22 , 1.763 , 0.031 , 8.32 , 264.43
766 , 4111 , 570.68 , -22.4 , 9 , 28.18 , 1.751 , 0.031 , 8.44 , 264.31
776 , 4170 , 566.10 , -23.0 , 10 , 28.15 , 1.750 , 0.031 , 8.55 , 264.20
786 , 4224 , 561.88 , -23.5 , 13 , 28.12 , 1.736 , 0.031 , 8.65 , 264.10
796 , 4281 , 557.53 , -24.0 , 16 , 28.08 , 1.739 , 0.031 , 8.76 , 263.99
806 , 4339 , 553.13 , -24.4 , 20 , 28.05 , 1.740 , 0.031 , 8.87 , 263.88
816 , 4396 , 548.80 , -24.2 , 25 , 28.02 , 1.771 , 0.032 , 8.97 , 263.77
826 , 4452 , 544.62 , -24.4 , 29 , 27.98 , 1.733 , 0.032 , 9.08 , 263.67
836 , 4513 , 540.08 , -24.5 , 34 , 27.94 , 1.638 , 0.030 , 9.19 , 263.55
846 , 4562 , 536.46 , -24.6 , 39 , 27.90 , 1.555 , 0.029 , 9.28 , 263.47
856 , 4611 , 532.83 , -24.9 , 42 , 27.87 , 1.451 , 0.027 , 9.36 , 263.39
865 , 4666 , 528.80 , -25.2 , 44 , 27.84 , 1.382 , 0.026 , 9.44 , 263.30
875 , 4715 , 525.28 , -25.4 , 44 , 27.80 , 1.346 , 0.026 , 9.51 , 263.23
885 , 4769 , 521.32 , -25.8 , 45 , 27.76 , 1.320 , 0.025 , 9.59 , 263.15
895 , 4828 , 517.13 , -26.2 , 49 , 27.73 , 1.289 , 0.025 , 9.68 , 263.07
905 , 4885 , 513.07 , -26.6 , 50 , 27.69 , 1.257 , 0.024 , 9.76 , 262.99
915 , 4944 , 508.87 , -27.1 , 51 , 27.65 , 1.237 , 0.024 , 9.84 , 262.91
924 , 4991 , 505.56 , -27.4 , 52 , 27.62 , 1.217 , 0.024 , 9.90 , 262.85
934 , 5035 , 502.48 , -27.6 , 53 , 27.59 , 1.188 , 0.024 , 9.96 , 262.79
944 , 5085 , 498.98 , -27.9 , 54 , 27.55 , 1.206 , 0.024 , 10.02 , 262.72
954 , 5147 , 494.70 , -27.9 , 59 , 27.52 , 1.227 , 0.025 , 10.11 , 262.64
964 , 5197 , 491.26 , -28.2 , 65 , 27.48 , 1.231 , 0.025 , 10.17 , 262.57
974 , 5243 , 488.11 , -28.6 , 68 , 27.45 , 1.241 , 0.025 , 10.24 , 262.51
984 , 5300 , 484.28 , -29.0 , 70 , 27.41 , 1.239 , 0.026 , 10.31 , 262.43
994 , 5349 , 480.91 , -29.2 , 69 , 27.37 , 1.218 , 0.025 , 10.38 , 262.36
1004 , 5404 , 477.27 , -29.4 , 69 , 27.33 , 1.201 , 0.025 , 10.45 , 262.29
1014 , 5458 , 473.68 , -29.8 , 69 , 27.29 , 1.206 , 0.025 , 10.53 , 262.22
1024 , 5510 , 470.19 , -30.1 , 69 , 27.25 , 1.237 , 0.026 , 10.60 , 262.15
1034 , 5564 , 466.63 , -30.3 , 67 , 27.21 , 1.220 , 0.026 , 10.67 , 262.08
1044 , 5618 , 463.09 , -30.7 , 66 , 27.18 , 1.214 , 0.026 , 10.74 , 262.00
1054 , 5675 , 459.42 , -31.2 , 68 , 27.14 , 1.212 , 0.026 , 10.82 , 261.93
1064 , 5725 , 456.15 , -31.6 , 70 , 27.09 , 1.221 , 0.027 , 10.89 , 261.86
1074 , 5782 , 452.52 , -31.9 , 67 , 27.05 , 1.232 , 0.027 , 10.97 , 261.78
1084 , 5836 , 449.09 , -32.2 , 65 , 27.01 , 1.230 , 0.027 , 11.04 , 261.71
1094 , 5893 , 445.44 , -32.6 , 66 , 26.97 , 1.231 , 0.028 , 11.12 , 261.63
1104 , 5952 , 441.70 , -33.1 , 66 , 26.93 , 1.237 , 0.028 , 11.20 , 261.54
1114 , 6009 , 438.18 , -33.5 , 66 , 26.89 , 1.235 , 0.028 , 11.28 , 261.47
1124 , 6056 , 435.23 , -33.7 , 67 , 26.85 , 1.224 , 0.028 , 11.34 , 261.40
1134 , 6110 , 431.91 , -33.9 , 68 , 26.81 , 1.223 , 0.028 , 11.42 , 261.33
1144 , 6162 , 428.68 , -34.2 , 69 , 26.77 , 1.245 , 0.029 , 11.49 , 261.25
1154 , 6221 , 425.08 , -34.4 , 70 , 26.72 , 1.293 , 0.030 , 11.58 , 261.17
1164 , 6284 , 421.30 , -34.5 , 68 , 26.68 , 1.325 , 0.031 , 11.67 , 261.08
1173 , 6333 , 418.32 , -34.7 , 64 , 26.64 , 1.321 , 0.032 , 11.74 , 261.00
1183 , 6389 , 415.00 , -34.8 , 64 , 26.59 , 1.323 , 0.032 , 11.83 , 260.92
1193 , 6443 , 411.80 , -34.9 , 63 , 26.55 , 1.334 , 0.032 , 11.91 , 260.84
1203 , 6500 , 408.43 , -35.0 , 65 , 26.50 , 1.350 , 0.033 , 11.99 , 260.75
1213 , 6557 , 405.12 , -35.4 , 62 , 26.46 , 1.298 , 0.032 , 12.08 , 260.67
1223 , 6609 , 402.10 , -35.4 , 58 , 26.41 , 1.259 , 0.031 , 12.15 , 260.59
1233 , 6662 , 399.06 , -35.6 , 55 , 26.37 , 1.233 , 0.031 , 12.23 , 260.52
1243 , 6722 , 395.63 , -36.0 , 55 , 26.32 , 1.239 , 0.031 , 12.31 , 260.43
1253 , 6778 , 392.40 , -36.3 , 54 , 26.28 , 1.187 , 0.030 , 12.39 , 260.35
1263 , 6834 , 389.28 , -36.5 , 51 , 26.24 , 1.147 , 0.029 , 12.47 , 260.28
1273 , 6898 , 385.71 , -36.3 , 50 , 26.19 , 1.111 , 0.029 , 12.55 , 260.20
1283 , 6954 , 382.57 , -36.2 , 48 , 26.15 , 1.141 , 0.030 , 12.62 , 260.13
1293 , 7008 , 379.64 , -36.1 , 48 , 26.10 , 1.252 , 0.033 , 12.69 , 260.05
1303 , 7055 , 377.05 , -36.5 , 50 , 26.06 , 1.353 , 0.036 , 12.76 , 259.98
1313 , 7103 , 374.47 , -36.9 , 53 , 26.02 , 1.397 , 0.037 , 12.84 , 259.91
1323 , 7157 , 371.56 , -37.5 , 55 , 25.97 , 1.427 , 0.038 , 12.92 , 259.82
1333 , 7209 , 368.76 , -37.9 , 58 , 25.92 , 1.430 , 0.039 , 13.01 , 259.74
1343 , 7264 , 365.80 , -38.5 , 60 , 25.88 , 1.424 , 0.039 , 13.10 , 259.65
1353 , 7312 , 363.27 , -38.9 , 62 , 25.83 , 1.428 , 0.039 , 13.18 , 259.57
1363 , 7370 , 360.18 , -39.4 , 63 , 25.78 , 1.416 , 0.039 , 13.27 , 259.47
1373 , 7433 , 356.90 , -39.9 , 65 , 25.73 , 1.390 , 0.039 , 13.38 , 259.37
1383 , 7490 , 353.91 , -40.4 , 67 , 25.69 , 1.371 , 0.039 , 13.47 , 259.28
1393 , 7551 , 350.77 , -40.9 , 69 , 25.64 , 1.367 , 0.039 , 13.56 , 259.18
1403 , 7602 , 348.12 , -41.4 , 69 , 25.59 , 1.371 , 0.039 , 13.65 , 259.10
1413 , 7663 , 345.01 , -41.9 , 69 , 25.54 , 1.371 , 0.040 , 13.74 , 259.00
1423 , 7727 , 341.76 , -42.5 , 69 , 25.50 , 1.328 , 0.039 , 13.84 , 258.90
1433 , 7788 , 338.68 , -43.0 , 69 , 25.45 , 1.246 , 0.037 , 13.94 , 258.81
1443 , 7847 , 335.73 , -43.4 , 69 , 25.40 , 1.188 , 0.035 , 14.02 , 258.73
1453 , 7914 , 332.41 , -43.7 , 69 , 25.35 , 1.089 , 0.033 , 14.11 , 258.64
1463 , 7971 , 329.60 , -44.1 , 70 , 25.31 , 1.013 , 0.031 , 14.18 , 258.57
1472 , 8017 , 327.35 , -44.3 , 70 , 25.26 , 1.013 , 0.031 , 14.23 , 258.51
1482 , 8060 , 325.26 , -44.6 , 70 , 25.22 , 1.035 , 0.032 , 14.29 , 258.46
1492 , 8119 , 322.41 , -45.1 , 70 , 25.18 , 1.062 , 0.033 , 14.36 , 258.39
1502 , 8182 , 319.34 , -45.6 , 70 , 25.12 , 1.037 , 0.032 , 14.44 , 258.31
1512 , 8240 , 316.57 , -46.1 , 70 , 25.07 , 1.038 , 0.033 , 14.51 , 258.24
1522 , 8289 , 314.25 , -46.5 , 69 , 25.02 , 1.059 , 0.034 , 14.57 , 258.18
1532 , 8348 , 311.47 , -47.0 , 69 , 24.97 , 1.054 , 0.034 , 14.64 , 258.10
1542 , 8396 , 309.20 , -47.5 , 69 , 24.93 , 1.016 , 0.033 , 14.70 , 258.04
1552 , 8452 , 306.62 , -47.9 , 68 , 24.88 , 1.022 , 0.033 , 14.77 , 257.97
1562 , 8514 , 303.75 , -48.4 , 68 , 24.82 , 1.036 , 0.034 , 14.85 , 257.90
1572 , 8565 , 301.40 , -48.8 , 67 , 24.78 , 1.040 , 0.034 , 14.91 , 257.83
1582 , 8623 , 298.73 , -49.3 , 67 , 24.72 , 1.057 , 0.035 , 14.98 , 257.76
1592 , 8686 , 295.86 , -49.8 , 65 , 24.67 , 1.045 , 0.035 , 15.06 , 257.68
1602 , 8751 , 292.93 , -50.4 , 64 , 24.62 , 1.049 , 0.036 , 15.15 , 257.60
1612 , 8817 , 289.98 , -51.0 , 62 , 24.57 , 1.062 , 0.037 , 15.23 , 257.51
1622 , 8880 , 287.19 , -51.5 , 61 , 24.52 , 1.051 , 0.037 , 15.31 , 257.43
1632 , 8937 , 284.66 , -52.0 , 60 , 24.47 , 1.012 , 0.036 , 15.38 , 257.36
1642 , 8995 , 282.12 , -52.5 , 59 , 24.42 , 1.000 , 0.035 , 15.46 , 257.29
1652 , 9063 , 279.17 , -53.1 , 58 , 24.37 , 0.999 , 0.036 , 15.54 , 257.21
1662 , 9130 , 276.26 , -53.6 , 58 , 24.32 , 0.973 , 0.035 , 15.62 , 257.13
1672 , 9185 , 273.91 , -54.0 , 57 , 24.27 , 0.973 , 0.036 , 15.69 , 257.06
1682 , 9246 , 271.31 , -54.5 , 56 , 24.21 , 0.971 , 0.036 , 15.76 , 256.99
1692 , 9307 , 268.73 , -54.9 , 56 , 24.17 , 0.943 , 0.035 , 15.83 , 256.92
1702 , 9367 , 266.25 , -55.4 , 56 , 24.13 , 0.894 , 0.034 , 15.90 , 256.85
1712 , 9417 , 264.16 , -55.8 , 56 , 24.07 , 0.878 , 0.033 , 15.95 , 256.79
1722 , 9473 , 261.84 , -56.3 , 56 , 24.02 , 0.875 , 0.033 , 16.01 , 256.73
1732 , 9527 , 259.62 , -56.8 , 57 , 23.96 , 0.851 , 0.033 , 16.07 , 256.67
1742 , 9593 , 256.91 , -56.7 , 57 , 23.89 , 0.852 , 0.033 , 16.14 , 256.60
1752 , 9659 , 254.27 , -56.7 , 56 , 23.83 , 0.837 , 0.033 , 16.21 , 256.53
1762 , 9720 , 251.84 , -56.9 , 55 , 23.77 , 0.833 , 0.033 , 16.27 , 256.47
1772 , 9785 , 249.25 , -57.1 , 53 , 23.71 , 0.814 , 0.033 , 16.34 , 256.40
1781 , 9853 , 246.57 , -57.7 , 52 , 23.65 , 0.785 , 0.032 , 16.41 , 256.34
1791 , 9912 , 244.29 , -58.2 , 52 , 23.59 , 0.762 , 0.031 , 16.47 , 256.28
1801 , 9966 , 242.19 , -58.5 , 51 , 23.53 , 0.773 , 0.032 , 16.52 , 256.23
1811 , 10012 , 240.43 , -58.6 , 51 , 23.47 , 0.821 , 0.034 , 16.56 , 256.18
1821 , 10063 , 238.48 , -58.8 , 51 , 23.41 , 0.851 , 0.036 , 16.62 , 256.13
1831 , 10125 , 236.13 , -59.1 , 51 , 23.35 , 0.869 , 0.037 , 16.69 , 256.06
1841 , 10190 , 233.70 , -59.0 , 49 , 23.30 , 0.937 , 0.040 , 16.76 , 255.99
1851 , 10259 , 231.13 , -59.2 , 49 , 23.24 , 1.096 , 0.047 , 16.85 , 255.90
1861 , 10321 , 228.85 , -59.1 , 47 , 23.18 , 1.291 , 0.056 , 16.94 , 255.80
1871 , 10377 , 226.82 , -59.2 , 45 , 23.12 , 1.505 , 0.066 , 17.04 , 255.71
1881 , 10437 , 224.66 , -59.2 , 43 , 23.05 , 1.770 , 0.079 , 17.16 , 255.58
1891 , 10498 , 222.48 , -59.2 , 41 , 22.99 , 1.951 , 0.088 , 17.31 , 255.44
1901 , 10562 , 220.22 , -59.4 , 38 , 22.93 , 2.187 , 0.099 , 17.47 , 255.27
1911 , 10640 , 217.50 , -59.8 , 37 , 22.86 , 2.422 , 0.111 , 17.70 , 255.05
1921 , 10697 , 215.53 , -59.4 , 34 , 22.80 , 2.540 , 0.118 , 17.88 , 254.87
1931 , 10746 , 213.83 , -59.0 , 31 , 22.73 , 2.614 , 0.122 , 18.04 , 254.71
1941 , 10796 , 212.13 , -57.7 , 28 , 22.67 , 2.747 , 0.130 , 18.21 , 254.54
1951 , 10840 , 210.66 , -55.8 , 23 , 22.61 , 2.850 , 0.135 , 18.36 , 254.39
1961 , 10893 , 208.93 , -55.4 , 18 , 22.54 , 2.987 , 0.143 , 18.55 , 254.19
1971 , 10967 , 206.52 , -55.7 , 15 , 22.47 , 3.046 , 0.147 , 18.83 , 253.92
1981 , 11031 , 204.44 , -56.0 , 12 , 22.41 , 3.044 , 0.149 , 19.07 , 253.68
1991 , 11093 , 202.46 , -56.0 , 10 , 22.35 , 3.042 , 0.150 , 19.30 , 253.44
2001 , 11163 , 200.23 , -56.0 , 9 , 22.29 , 3.066 , 0.153 , 19.57 , 253.17
2011 , 11236 , 197.95 , -56.4 , 8 , 22.22 , 3.094 , 0.156 , 19.85 , 252.90
2021 , 11306 , 195.77 , -56.6 , 7 , 22.16 , 3.064 , 0.157 , 20.12 , 252.63
2031 , 11374 , 193.70 , -56.4 , 7 , 22.11 , 2.984 , 0.154 , 20.37 , 252.37
2041 , 11434 , 191.86 , -56.3 , 6 , 22.05 , 3.022 , 0.158 , 20.60 , 252.15
2051 , 11496 , 189.99 , -56.5 , 5 , 21.98 , 3.170 , 0.167 , 20.84 , 251.91
2061 , 11548 , 188.47 , -56.6 , 5 , 21.92 , 3.237 , 0.172 , 21.04 , 251.70
2071 , 11593 , 187.11 , -56.6 , 4 , 21.86 , 3.331 , 0.178 , 21.23 , 251.52
2080 , 11636 , 185.86 , -56.6 , 4 , 21.80 , 3.461 , 0.186 , 21.41 , 251.34
2090 , 11678 , 184.63 , -56.7 , 3 , 21.74 , 3.577 , 0.194 , 21.59 , 251.15
2100 , 11723 , 183.33 , -56.4 , 3 , 21.68 , 3.691 , 0.201 , 21.79 , 250.95
2110 , 11777 , 181.76 , -55.9 , 3 , 21.62 , 3.876 , 0.213 , 22.05 , 250.69
2120 , 11830 , 180.25 , -55.1 , 2 , 21.55 , 4.034 , 0.224 , 22.31 , 250.43
2130 , 11884 , 178.76 , -53.9 , 2 , 21.49 , 4.171 , 0.233 , 22.58 , 250.16
2140 , 11938 , 177.26 , -53.2 , 2 , 21.43 , 4.324 , 0.244 , 22.86 , 249.88
2150 , 11979 , 176.14 , -52.8 , 1 , 21.36 , 4.423 , 0.251 , 23.08 , 249.66
2160 , 12020 , 175.02 , -52.8 , 1 , 21.30 , 4.526 , 0.259 , 23.31 , 249.44
2170 , 12061 , 173.90 , -52.4 , 1 , 21.23 , 4.582 , 0.264 , 23.54 , 249.21
2180 , 12102 , 172.79 , -52.5 , 1 , 21.16 , 4.577 , 0.265 , 23.77 , 248.98
2190 , 12144 , 171.69 , -52.8 , 1 , 21.10 , 4.601 , 0.268 , 24.00 , 248.75
2200 , 12185 , 170.60 , -53.1 , 1 , 21.04 , 4.592 , 0.269 , 24.23 , 248.51
2210 , 12230 , 169.40 , -53.3 , 1 , 20.97 , 4.609 , 0.272 , 24.49 , 248.26
2220 , 12288 , 167.88 , -53.3 , 1 , 20.90 , 4.741 , 0.282 , 24.82 , 247.93
2230 , 12339 , 166.55 , -53.5 , 0 , 20.83 , 4.586 , 0.275 , 25.11 , 247.63
2240 , 12395 , 165.13 , -53.6 , 0 , 20.77 , 4.188 , 0.254 , 25.41 , 247.33
2250 , 12446 , 163.81 , -53.7 , 0 , 20.70 , 3.855 , 0.235 , 25.66 , 247.08
2260 , 12495 , 162.57 , -54.0 , 0 , 20.64 , 3.691 , 0.227 , 25.89 , 246.85
2270 , 12544 , 161.33 , -54.3 , 0 , 20.58 , 3.644 , 0.226 , 26.11 , 246.63
2280 , 12592 , 160.13 , -54.7 , 0 , 20.51 , 3.648 , 0.228 , 26.33 , 246.42
2290 , 12637 , 159.00 , -54.8 , 0 , 20.45 , 3.619 , 0.228 , 26.53 , 246.21
2300 , 12686 , 157.79 , -54.4 , 0 , 20.39 , 3.702 , 0.235 , 26.75 , 245.99
2310 , 12732 , 156.65 , -54.2 , 0 , 20.32 , 3.839 , 0.245 , 26.97 , 245.78
2320 , 12782 , 155.44 , -54.1 , 0 , 20.26 , 3.883 , 0.250 , 27.20 , 245.54
2330 , 12831 , 154.25 , -53.8 , 0 , 20.20 , 3.978 , 0.258 , 27.44 , 245.30
2340 , 12879 , 153.10 , -53.8 , 0 , 20.14 , 4.068 , 0.266 , 27.68 , 245.07
2350 , 12929 , 151.93 , -53.2 , 0 , 20.07 , 4.244 , 0.279 , 27.93 , 244.82
2360 , 12978 , 150.77 , -52.6 , 0 , 20.01 , 4.521 , 0.300 , 28.20 , 244.55
2370 , 13029 , 149.59 , -52.1 , 0 , 19.95 , 4.904 , 0.328 , 28.49 , 244.26
2380 , 13078 , 148.46 , -51.9 , 0 , 19.89 , 5.274 , 0.355 , 28.79 , 243.95
2389 , 13126 , 147.37 , -51.8 , 0 , 19.84 , 5.533 , 0.375 , 29.11 , 243.64
2399 , 13178 , 146.18 , -51.7 , 0 , 19.78 , 5.676 , 0.388 , 29.46 , 243.28
2409 , 13231 , 144.99 , -52.0 , 0 , 19.73 , 5.771 , 0.398 , 29.84 , 242.91
2419 , 13283 , 143.83 , -52.2 , 0 , 19.67 , 5.800 , 0.403 , 30.20 , 242.54
2429 , 13334 , 142.69 , -52.6 , 0 , 19.62 , 5.885 , 0.412 , 30.57 , 242.18
2439 , 13381 , 141.67 , -53.0 , 0 , 19.56 , 6.021 , 0.425 , 30.91 , 241.84
2449 , 13425 , 140.70 , -53.3 , 0 , 19.50 , 6.172 , 0.439 , 31.24 , 241.51
2459 , 13469 , 139.75 , -53.5 , 0 , 19.45 , 6.311 , 0.452 , 31.57 , 241.18
2469 , 13514 , 138.78 , -53.8 , 0 , 19.40 , 6.440 , 0.464 , 31.92 , 240.82
2479 , 13558 , 137.83 , -54.0 , 0 , 19.34 , 6.509 , 0.472 , 32.27 , 240.47
2489 , 13600 , 136.92 , -54.1 , 0 , 19.29 , 6.542 , 0.478 , 32.61 , 240.13
2499 , 13642 , 136.03 , -54.1 , 0 , 19.23 , 6.599 , 0.485 , 32.95 , 239.80
2509 , 13682 , 135.18 , -53.8 , 0 , 19.18 , 6.696 , 0.495 , 33.28 , 239.46
2519 , 13720 , 134.38 , -53.2 , 0 , 19.12 , 6.677 , 0.497 , 33.59 , 239.16
2529 , 13759 , 133.57 , -52.8 , 0 , 19.07 , 6.496 , 0.486 , 33.91 , 238.84
2539 , 13800 , 132.72 , -52.4 , 0 , 19.01 , 6.381 , 0.481 , 34.23 , 238.51
2549 , 13844 , 131.83 , -52.2 , 0 , 18.96 , 6.361 , 0.483 , 34.57 , 238.17
2559 , 13892 , 130.85 , -52.2 , 0 , 18.91 , 6.578 , 0.503 , 34.95 , 237.79
2569 , 13940 , 129.89 , -52.4 , 0 , 18.85 , 6.801 , 0.524 , 35.34 , 237.41
2579 , 13985 , 128.98 , -52.5 , 0 , 18.80 , 6.857 , 0.532 , 35.72 , 237.03
2589 , 14029 , 128.10 , -52.9 , 0 , 18.75 , 6.983 , 0.545 , 36.09 , 236.66
2599 , 14071 , 127.27 , -53.1 , 0 , 18.69 , 7.103 , 0.558 , 36.45 , 236.29
2609 , 14115 , 126.40 , -52.8 , 0 , 18.64 , 7.086 , 0.561 , 36.84 , 235.91
2619 , 14159 , 125.54 , -52.8 , 0 , 18.59 , 7.156 , 0.570 , 37.22 , 235.53
2629 , 14201 , 124.73 , -52.7 , 0 , 18.54 , 7.066 , 0.567 , 37.58 , 235.16
2639 , 14246 , 123.87 , -52.3 , 0 , 18.49 , 6.881 , 0.556 , 37.96 , 234.78
2649 , 14291 , 123.01 , -52.0 , 0 , 18.44 , 6.744 , 0.548 , 38.34 , 234.41
2658 , 14332 , 122.22 , -51.6 , 0 , 18.39 , 6.708 , 0.549 , 38.68 , 234.07
2669 , 14381 , 121.31 , -51.6 , 0 , 18.34 , 6.823 , 0.562 , 39.08 , 233.66
2678 , 14425 , 120.50 , -51.6 , 0 , 18.29 , 7.091 , 0.588 , 39.45 , 233.30
2687 , 14466 , 119.74 , -51.9 , 0 , 18.25 , 7.283 , 0.608 , 39.81 , 232.94
2697 , 14510 , 118.92 , -51.7 , 0 , 18.21 , 7.362 , 0.619 , 40.20 , 232.54
2707 , 14555 , 118.09 , -51.6 , 0 , 18.17 , 7.579 , 0.642 , 40.62 , 232.13
2717 , 14604 , 117.22 , -51.8 , 0 , 18.12 , 7.727 , 0.659 , 41.07 , 231.68
2727 , 14654 , 116.30 , -52.2 , 0 , 18.08 , 7.803 , 0.671 , 41.55 , 231.20
2737 , 14700 , 115.49 , -52.5 , 0 , 18.04 , 7.798 , 0.675 , 41.98 , 230.77
2747 , 14743 , 114.72 , -52.5 , 0 , 18.00 , 7.835 , 0.683 , 42.39 , 230.36
2757 , 14786 , 113.96 , -52.5 , 0 , 17.95 , 7.997 , 0.702 , 42.80 , 229.94
2767 , 14828 , 113.22 , -52.2 , 0 , 17.91 , 8.229 , 0.727 , 43.22 , 229.52
2777 , 14871 , 112.47 , -51.9 , 0 , 17.87 , 8.366 , 0.744 , 43.66 , 229.09
2787 , 14910 , 111.80 , -51.6 , 0 , 17.83 , 8.361 , 0.748 , 44.05 , 228.69
2797 , 14951 , 111.09 , -51.5 , 0 , 17.78 , 8.524 , 0.767 , 44.48 , 228.27
2807 , 14992 , 110.39 , -51.6 , 0 , 17.73 , 8.853 , 0.802 , 44.91 , 227.83
2817 , 15032 , 109.71 , -51.6 , 0 , 17.69 , 9.292 , 0.847 , 45.35 , 227.39
2827 , 15072 , 109.04 , -51.7 , 0 , 17.64 , 9.656 , 0.886 , 45.81 , 226.94
2837 , 15112 , 108.37 , -52.0 , 0 , 17.60 , 9.894 , 0.913 , 46.29 , 226.46
2847 , 15149 , 107.74 , -52.2 , 0 , 17.56 , 10.026 , 0.931 , 46.74 , 226.00
2857 , 15187 , 107.11 , -52.3 , 0 , 17.51 , 10.122 , 0.945 , 47.21 , 225.54
2867 , 15227 , 106.45 , -52.3 , 0 , 17.46 , 10.208 , 0.959 , 47.71 , 225.04
2877 , 15268 , 105.78 , -52.3 , 0 , 17.42 , 10.457 , 0.989 , 48.22 , 224.52
2887 , 15309 , 105.12 , -52.4 , 0 , 17.37 , 10.742 , 1.022 , 48.75 , 224.00
2897 , 15350 , 104.45 , -52.6 , 0 , 17.33 , 11.008 , 1.054 , 49.29 , 223.46
2907 , 15389 , 103.82 , -52.7 , 0 , 17.28 , 11.070 , 1.066 , 49.82 , 222.93
2917 , 15428 , 103.19 , -53.0 , 0 , 17.23 , 10.955 , 1.062 , 50.35 , 222.40
2927 , 15469 , 102.53 , -52.9 , 0 , 17.18 , 10.556 , 1.029 , 50.89 , 221.86
2937 , 15509 , 101.91 , -52.7 , 0 , 17.13 , 9.891 , 0.971 , 51.38 , 221.36
2947 , 15548 , 101.30 , -52.3 , 0 , 17.08 , 9.399 , 0.928 , 51.84 , 220.90
2957 , 15586 , 100.69 , -52.1 , 0 , 17.03 , 9.055 , 0.899 , 52.28 , 220.47
2967 , 15626 , 100.08 , -52.0 , 0 , 16.98 , 8.918 , 0.891 , 52.71 , 220.03
2977 , 15666 , 99.46 , -52.1 , 0 , 16.92 , 8.801 , 0.885 , 53.15 , 219.60
2987 , 15705 , 98.85 , -52.1 , 0 , 16.87 , 8.629 , 0.873 , 53.57 , 219.18
2996 , 15743 , 98.28 , -52.1 , 0 , 16.82 , 8.516 , 0.867 , 53.96 , 218.79
3006 , 15781 , 97.71 , -52.1 , 0 , 16.77 , 8.308 , 0.850 , 54.34 , 218.40
3016 , 15824 , 97.06 , -52.2 , 0 , 16.71 , 8.160 , 0.841 , 54.78 , 217.97
3026 , 15865 , 96.45 , -52.0 , 0 , 16.66 , 8.050 , 0.835 , 55.18 , 217.56
3036 , 15908 , 95.81 , -52.0 , 0 , 16.60 , 8.015 , 0.837 , 55.60 , 217.14
3046 , 15952 , 95.16 , -51.7 , 0 , 16.55 , 8.166 , 0.858 , 56.04 , 216.70
3056 , 15999 , 94.47 , -52.0 , 0 , 16.49 , 8.408 , 0.890 , 56.51 , 216.23
3066 , 16044 , 93.82 , -52.3 , 0 , 16.44 , 8.538 , 0.910 , 56.98 , 215.77
3076 , 16090 , 93.14 , -52.5 , 0 , 16.38 , 8.688 , 0.933 , 57.47 , 215.28
3086 , 16136 , 92.49 , -52.8 , 0 , 16.33 , 8.705 , 0.941 , 57.95 , 214.79
3096 , 16180 , 91.86 , -53.2 , 0 , 16.27 , 8.718 , 0.949 , 58.42 , 214.33
3106 , 16225 , 91.23 , -53.4 , 0 , 16.22 , 8.818 , 0.967 , 58.90 , 213.84
3116 , 16271 , 90.57 , -53.2 , 0 , 16.16 , 8.732 , 0.964 , 59.40 , 213.35
3126 , 16316 , 89.95 , -53.2 , 0 , 16.10 , 8.663 , 0.963 , 59.88 , 212.87
3136 , 16359 , 89.34 , -53.2 , 0 , 16.05 , 8.780 , 0.983 , 60.34 , 212.41
3146 , 16402 , 88.74 , -53.2 , 0 , 15.99 , 8.881 , 1.001 , 60.81 , 211.94
3156 , 16444 , 88.17 , -53.3 , 0 , 15.93 , 8.945 , 1.015 , 61.27 , 211.48
3166 , 16487 , 87.58 , -53.0 , 0 , 15.88 , 9.072 , 1.036 , 61.74 , 211.00
3176 , 16529 , 87.02 , -52.9 , 0 , 15.82 , 9.154 , 1.052 , 62.20 , 210.54
3186 , 16572 , 86.44 , -53.0 , 0 , 15.76 , 9.290 , 1.075 , 62.69 , 210.05
3196 , 16614 , 85.87 , -52.7 , 0 , 15.71 , 9.393 , 1.094 , 63.18 , 209.57
3206 , 16656 , 85.32 , -52.4 , 0 , 15.65 , 9.476 , 1.111 , 63.66 , 209.09
3216 , 16697 , 84.77 , -52.1 , 0 , 15.59 , 9.646 , 1.138 , 64.14 , 208.61
3226 , 16738 , 84.24 , -52.0 , 0 , 15.54 , 9.823 , 1.166 , 64.63 , 208.12
3236 , 16781 , 83.68 , -52.1 , 0 , 15.48 , 10.009 , 1.196 , 65.15 , 207.60
3246 , 16825 , 83.12 , -52.1 , 0 , 15.42 , 10.313 , 1.241 , 65.69 , 207.06
3256 , 16867 , 82.58 , -52.0 , 0 , 15.37 , 10.549 , 1.277 , 66.22 , 206.53
3266 , 16911 , 82.02 , -51.7 , 0 , 15.31 , 10.780 , 1.314 , 66.79 , 205.95
3276 , 16955 , 81.47 , -51.7 , 0 , 15.25 , 10.928 , 1.341 , 67.37 , 205.38
3286 , 17000 , 80.90 , -51.9 , 0 , 15.20 , 11.071 , 1.368 , 67.98 , 204.77
3296 , 17045 , 80.35 , -52.0 , 0 , 15.14 , 11.241 , 1.399 , 68.59 , 204.16
3305 , 17088 , 79.81 , -51.9 , 0 , 15.09 , 11.365 , 1.424 , 69.18 , 203.57
3315 , 17131 , 79.28 , -52.0 , 0 , 15.04 , 11.484 , 1.449 , 69.78 , 202.96
3325 , 17180 , 78.68 , -51.9 , 0 , 14.98 , 11.568 , 1.470 , 70.47 , 202.27
3335 , 17227 , 78.11 , -51.5 , 0 , 14.93 , 11.626 , 1.488 , 71.14 , 201.61
3345 , 17275 , 77.54 , -51.3 , 0 , 14.87 , 11.783 , 1.520 , 71.82 , 200.93
3354 , 17320 , 77.01 , -51.5 , 0 , 14.82 , 11.887 , 1.544 , 72.46 , 200.29
3364 , 17363 , 76.49 , -51.7 , 0 , 14.77 , 11.852 , 1.550 , 73.09 , 199.65
3374 , 17408 , 75.96 , -51.7 , 0 , 14.72 , 11.873 , 1.563 , 73.74 , 199.01
3384 , 17450 , 75.48 , -51.6 , 0 , 14.66 , 11.969 , 1.586 , 74.34 , 198.40
3394 , 17494 , 74.96 , -51.6 , 0 , 14.61 , 12.123 , 1.617 , 74.99 , 197.75
3404 , 17539 , 74.45 , -51.8 , 0 , 14.56 , 12.283 , 1.650 , 75.66 , 197.09
3414 , 17584 , 73.93 , -52.1 , 0 , 14.50 , 12.368 , 1.673 , 76.33 , 196.42
3424 , 17628 , 73.43 , -52.4 , 0 , 14.45 , 12.390 , 1.687 , 77.00 , 195.74
3434 , 17672 , 72.93 , -52.7 , 0 , 14.40 , 12.379 , 1.697 , 77.66 , 195.09
3444 , 17717 , 72.43 , -53.0 , 0 , 14.34 , 12.417 , 1.714 , 78.34 , 194.40
3454 , 17761 , 71.93 , -53.0 , 0 , 14.29 , 12.454 , 1.731 , 79.02 , 193.73
3464 , 17806 , 71.43 , -52.8 , 0 , 14.23 , 12.605 , 1.765 , 79.71 , 193.04
3474 , 17853 , 70.91 , -52.6 , 0 , 14.18 , 12.823 , 1.808 , 80.44 , 192.31
3484 , 17896 , 70.44 , -52.5 , 0 , 14.13 , 13.017 , 1.848 , 81.12 , 191.63
3494 , 17941 , 69.95 , -52.3 , 0 , 14.08 , 13.206 , 1.888 , 81.84 , 190.90
3504 , 17988 , 69.45 , -52.5 , 0 , 14.03 , 13.255 , 1.909 , 82.59 , 190.15
3514 , 18033 , 68.96 , -52.5 , 0 , 13.98 , 13.407 , 1.944 , 83.34 , 189.41
3524 , 18077 , 68.49 , -52.7 , 0 , 13.92 , 13.251 , 1.935 , 84.05 , 188.70
3534 , 18122 , 68.02 , -52.9 , 0 , 13.87 , 13.086 , 1.924 , 84.77 , 187.98
3544 , 18165 , 67.57 , -52.9 , 0 , 13.83 , 12.940 , 1.915 , 85.46 , 187.29
3554 , 18204 , 67.16 , -52.7 , 0 , 13.77 , 12.814 , 1.908 , 86.08 , 186.67
3564 , 18244 , 66.74 , -52.6 , 0 , 13.72 , 12.871 , 1.929 , 86.71 , 186.04
3574 , 18288 , 66.29 , -52.5 , 0 , 13.67 , 13.031 , 1.966 , 87.40 , 185.34
3584 , 18333 , 65.83 , -52.5 , 0 , 13.62 , 13.219 , 2.008 , 88.11 , 184.63
3593 , 18374 , 65.42 , -52.4 , 0 , 13.58 , 13.384 , 2.046 , 88.78 , 183.96
3603 , 18415 , 65.00 , -52.5 , 0 , 13.53 , 13.626 , 2.096 , 89.46 , 183.29
3613 , 18461 , 64.54 , -52.5 , 0 , 13.48 , 13.840 , 2.144 , 90.23 , 182.51
3623 , 18504 , 64.11 , -52.3 , 0 , 13.43 , 14.043 , 2.190 , 90.96 , 181.78
3633 , 18550 , 63.66 , -51.8 , 0 , 13.38 , 14.187 , 2.229 , 91.75 , 180.99
3643 , 18594 , 63.23 , -52.0 , 0 , 13.33 , 14.317 , 2.264 , 92.52 , 180.22
3653 , 18640 , 62.78 , -52.1 , 0 , 13.28 , 14.388 , 2.292 , 93.33 , 179.42
3663 , 18682 , 62.37 , -52.3 , 0 , 13.23 , 14.402 , 2.309 , 94.07 , 178.67
3673 , 18728 , 61.93 , -52.6 , 0 , 13.18 , 14.420 , 2.329 , 94.88 , 177.87
3683 , 18774 , 61.49 , -52.9 , 0 , 13.13 , 14.350 , 2.334 , 95.68 , 177.07
3693 , 18820 , 61.05 , -53.2 , 0 , 13.08 , 14.286 , 2.340 , 96.49 , 176.26
3703 , 18868 , 60.60 , -53.2 , 0 , 13.03 , 14.301 , 2.360 , 97.32 , 175.42
3713 , 18916 , 60.15 , -53.4 , 0 , 12.98 , 14.247 , 2.369 , 98.17 , 174.58
3723 , 18963 , 59.71 , -53.8 , 0 , 12.93 , 14.186 , 2.376 , 98.99 , 173.76
3733 , 19009 , 59.28 , -54.0 , 0 , 12.89 , 14.117 , 2.381 , 99.79 , 172.95
3743 , 19056 , 58.85 , -53.9 , 0 , 12.84 , 14.098 , 2.396 , 100.61 , 172.14
3753 , 19104 , 58.41 , -54.0 , 0 , 12.79 , 14.107 , 2.415 , 101.45 , 171.30
3763 , 19152 , 57.98 , -54.1 , 0 , 12.74 , 14.073 , 2.427 , 102.27 , 170.47
3773 , 19198 , 57.56 , -53.8 , 0 , 12.69 , 14.016 , 2.435 , 103.07 , 169.67
3783 , 19246 , 57.14 , -53.4 , 0 , 12.63 , 14.061 , 2.461 , 103.89 , 168.85
3793 , 19293 , 56.72 , -53.1 , 0 , 12.59 , 14.051 , 2.477 , 104.71 , 168.04
3803 , 19337 , 56.33 , -53.1 , 0 , 12.54 , 14.164 , 2.514 , 105.47 , 167.28
3813 , 19384 , 55.92 , -53.1 , 0 , 12.49 , 14.133 , 2.527 , 106.29 , 166.46
3823 , 19429 , 55.53 , -53.0 , 0 , 12.44 , 14.218 , 2.560 , 107.07 , 165.67
3833 , 19478 , 55.11 , -53.0 , 0 , 12.39 , 14.328 , 2.600 , 107.92 , 164.83
3843 , 19526 , 54.70 , -52.7 , 0 , 12.34 , 14.473 , 2.646 , 108.77 , 163.98
3853 , 19573 , 54.31 , -52.7 , 0 , 12.30 , 14.488 , 2.668 , 109.60 , 163.15
3863 , 19621 , 53.91 , -52.6 , 0 , 12.25 , 14.445 , 2.679 , 110.44 , 162.31
3873 , 19668 , 53.51 , -52.9 , 0 , 12.21 , 14.390 , 2.689 , 111.28 , 161.46
3883 , 19716 , 53.12 , -53.2 , 0 , 12.17 , 14.314 , 2.695 , 112.11 , 160.63
3893 , 19761 , 52.75 , -53.5 , 0 , 12.13 , 14.253 , 2.702 , 112.91 , 159.84
3902 , 19805 , 52.39 , -53.6 , 0 , 12.10 , 14.225 , 2.715 , 113.68 , 159.07
3912 , 19847 , 52.04 , -53.5 , 0 , 12.06 , 14.157 , 2.720 , 114.41 , 158.33
3922 , 19894 , 51.66 , -53.3 , 0 , 12.03 , 14.188 , 2.746 , 115.23 , 157.52
3932 , 19940 , 51.30 , -53.0 , 0 , 11.99 , 14.072 , 2.743 , 116.02 , 156.73
3942 , 19983 , 50.96 , -53.0 , 0 , 11.96 , 14.019 , 2.751 , 116.77 , 155.98
3952 , 20028 , 50.60 , -52.8 , 0 , 11.93 , 13.974 , 2.761 , 117.53 , 155.22
3962 , 20072 , 50.26 , -52.5 , 0 , 11.89 , 13.938 , 2.773 , 118.28 , 154.46
3972 , 20117 , 49.91 , -52.6 , 0 , 11.86 , 13.866 , 2.778 , 119.06 , 153.69
3982 , 20162 , 49.56 , -52.7 , 0 , 11.82 , 13.795 , 2.784 , 119.81 , 152.93
3992 , 20210 , 49.19 , -52.5 , 0 , 11.79 , 13.769 , 2.799 , 120.62 , 152.12
4002 , 20256 , 48.84 , -52.5 , 0 , 11.75 , 13.789 , 2.823 , 121.40 , 151.34
4012 , 20305 , 48.48 , -52.4 , 0 , 11.72 , 13.757 , 2.838 , 122.22 , 150.52
4022 , 20355 , 48.10 , -52.1 , 0 , 11.69 , 13.682 , 2.844 , 123.06 , 149.69
4032 , 20406 , 47.73 , -52.0 , 0 , 11.66 , 13.527 , 2.834 , 123.90 , 148.85
4042 , 20456 , 47.36 , -52.0 , 0 , 11.62 , 13.427 , 2.835 , 124.73 , 148.02
4052 , 20509 , 46.97 , -52.1 , 0 , 11.59 , 13.343 , 2.841 , 125.59 , 147.15
4062 , 20561 , 46.60 , -51.9 , 0 , 11.56 , 13.139 , 2.820 , 126.43 , 146.32
4072 , 20613 , 46.22 , -51.9 , 0 , 11.53 , 13.119 , 2.838 , 127.26 , 145.48
4082 , 20664 , 45.86 , -52.3 , 0 , 11.50 , 13.104 , 2.857 , 128.07 , 144.67
4092 , 20715 , 45.50 , -52.6 , 0 , 11.47 , 13.082 , 2.875 , 128.90 , 143.85
4102 , 20767 , 45.13 , -52.8 , 0 , 11.45 , 13.092 , 2.901 , 129.73 , 143.02
4112 , 20821 , 44.76 , -52.9 , 0 , 11.42 , 13.087 , 2.924 , 130.58 , 142.16
4122 , 20870 , 44.42 , -52.8 , 0 , 11.40 , 13.166 , 2.964 , 131.38 , 141.37
4132 , 20921 , 44.07 , -52.9 , 0 , 11.37 , 13.095 , 2.971 , 132.20 , 140.55
4142 , 20971 , 43.73 , -53.3 , 0 , 11.35 , 12.962 , 2.964 , 133.00 , 139.75
4152 , 21022 , 43.38 , -53.1 , 0 , 11.32 , 12.890 , 2.971 , 133.80 , 138.94
4162 , 21074 , 43.04 , -53.2 , 0 , 11.29 , 12.695 , 2.950 , 134.61 , 138.13
4172 , 21124 , 42.70 , -53.2 , 0 , 11.26 , 12.577 , 2.945 , 135.39 , 137.36
4182 , 21176 , 42.36 , -53.1 , 0 , 11.22 , 12.716 , 3.002 , 136.19 , 136.56
4192 , 21223 , 42.05 , -52.8 , 0 , 11.19 , 12.956 , 3.081 , 136.93 , 135.81
4201 , 21269 , 41.76 , -52.6 , 0 , 11.16 , 13.196 , 3.160 , 137.66 , 135.08
4211 , 21311 , 41.48 , -52.2 , 0 , 11.13 , 13.376 , 3.225 , 138.36 , 134.39
4221 , 21354 , 41.21 , -51.8 , 0 , 11.11 , 13.454 , 3.265 , 139.05 , 133.70
4231 , 21397 , 40.93 , -51.7 , 0 , 11.08 , 13.535 , 3.306 , 139.76 , 132.98
4241 , 21439 , 40.67 , -51.6 , 0 , 11.06 , 13.593 , 3.342 , 140.46 , 132.28
4251 , 21480 , 40.41 , -51.6 , 0 , 11.03 , 13.659 , 3.380 , 141.14 , 131.60
4261 , 21522 , 40.15 , -51.5 , 0 , 11.00 , 13.611 , 3.390 , 141.83 , 130.91
4271 , 21563 , 39.90 , -51.6 , 0 , 10.97 , 13.603 , 3.409 , 142.50 , 130.24
4281 , 21605 , 39.64 , -51.6 , 0 , 10.94 , 13.615 , 3.434 , 143.21 , 129.54
4291 , 21649 , 39.37 , -51.5 , 0 , 10.90 , 13.593 , 3.452 , 143.94 , 128.81
4301 , 21692 , 39.12 , -51.4 , 0 , 10.86 , 13.577 , 3.471 , 144.64 , 128.11
4311 , 21737 , 38.84 , -51.5 , 0 , 10.82 , 13.571 , 3.494 , 145.39 , 127.35
4321 , 21783 , 38.57 , -51.7 , 0 , 10.77 , 13.593 , 3.524 , 146.15 , 126.59
4331 , 21828 , 38.31 , -51.7 , 0 , 10.73 , 13.658 , 3.566 , 146.89 , 125.86
4341 , 21873 , 38.04 , -51.9 , 0 , 10.69 , 13.605 , 3.577 , 147.65 , 125.10
4351 , 21918 , 37.77 , -51.8 , 0 , 10.64 , 13.609 , 3.603 , 148.40 , 124.35
4361 , 21966 , 37.49 , -51.7 , 0 , 10.60 , 13.650 , 3.640 , 149.19 , 123.56
4371 , 22015 , 37.21 , -52.0 , 0 , 10.57 , 13.515 , 3.632 , 150.00 , 122.75
4381 , 22061 , 36.95 , -52.1 , 0 , 10.53 , 13.561 , 3.670 , 150.76 , 121.99
4391 , 22111 , 36.67 , -52.1 , 0 , 10.50 , 13.567 , 3.700 , 151.58 , 121.17
4401 , 22161 , 36.38 , -51.7 , 0 , 10.47 , 13.432 , 3.692 , 152.41 , 120.34
4411 , 22209 , 36.12 , -51.5 , 0 , 10.43 , 13.420 , 3.716 , 153.18 , 119.56
4421 , 22256 , 35.85 , -51.7 , 0 , 10.39 , 13.445 , 3.750 , 153.96 , 118.78
4431 , 22305 , 35.59 , -51.8 , 0 , 10.35 , 13.383 , 3.761 , 154.76 , 117.99
4441 , 22355 , 35.31 , -52.0 , 0 , 10.30 , 13.304 , 3.768 , 155.57 , 117.17
4451 , 22402 , 35.05 , -52.1 , 0 , 10.26 , 13.277 , 3.788 , 156.34 , 116.41
4461 , 22452 , 34.79 , -52.2 , 0 , 10.22 , 13.179 , 3.788 , 157.13 , 115.61
4471 , 22500 , 34.53 , -52.1 , 0 , 10.17 , 13.158 , 3.811 , 157.91 , 114.84
4481 , 22548 , 34.27 , -52.1 , 0 , 10.13 , 13.113 , 3.826 , 158.68 , 114.07
4491 , 22596 , 34.02 , -52.3 , 0 , 10.08 , 13.013 , 3.825 , 159.44 , 113.31
4500 , 22640 , 33.79 , -52.6 , 0 , 10.02 , 12.944 , 3.830 , 160.14 , 112.61
4510 , 22685 , 33.56 , -52.6 , 0 , 9.98 , 12.879 , 3.838 , 160.85 , 111.90
4520 , 22733 , 33.31 , -52.6 , 0 , 9.93 , 12.827 , 3.851 , 161.60 , 111.14
4530 , 22781 , 33.06 , -52.6 , 0 , 9.88 , 12.715 , 3.846 , 162.36 , 110.38
4540 , 22829 , 32.82 , -52.8 , 0 , 9.82 , 12.575 , 3.832 , 163.09 , 109.65
4550 , 22876 , 32.57 , -53.1 , 0 , 9.77 , 12.574 , 3.860 , 163.83 , 108.92
4560 , 22923 , 32.34 , -53.5 , 0 , 9.72 , 12.538 , 3.877 , 164.55 , 108.19
4570 , 22973 , 32.09 , -53.6 , 0 , 9.67 , 12.419 , 3.870 , 165.32 , 107.43
4580 , 23021 , 31.85 , -53.7 , 0 , 9.62 , 12.410 , 3.897 , 166.05 , 106.70
4590 , 23070 , 31.61 , -54.0 , 0 , 9.56 , 12.364 , 3.912 , 166.79 , 105.95
4600 , 23119 , 31.37 , -54.3 , 0 , 9.52 , 12.265 , 3.910 , 167.53 , 105.22
4610 , 23167 , 31.13 , -54.7 , 0 , 9.46 , 12.313 , 3.955 , 168.26 , 104.49
4620 , 23217 , 30.89 , -54.9 , 0 , 9.41 , 12.260 , 3.969 , 169.02 , 103.73
4630 , 23265 , 30.66 , -55.1 , 0 , 9.36 , 12.256 , 3.998 , 169.75 , 103.00
4640 , 23312 , 30.43 , -55.3 , 0 , 9.31 , 12.155 , 3.994 , 170.46 , 102.29
4650 , 23358 , 30.21 , -55.3 , 0 , 9.26 , 12.010 , 3.975 , 171.14 , 101.60
4660 , 23404 , 30.00 , -54.7 , 0 , 9.21 , 11.924 , 3.975 , 171.83 , 100.92
4670 , 23451 , 29.78 , -54.5 , 0 , 9.16 , 11.861 , 3.983 , 172.51 , 100.24
4680 , 23497 , 29.56 , -54.4 , 0 , 9.11 , 11.764 , 3.979 , 173.19 , 99.55
4690 , 23544 , 29.35 , -54.2 , 0 , 9.06 , 11.731 , 3.997 , 173.86 , 98.89
4700 , 23589 , 29.14 , -54.1 , 0 , 9.01 , 11.714 , 4.020 , 174.52 , 98.23
4710 , 23635 , 28.93 , -53.4 , 0 , 8.96 , 11.664 , 4.031 , 175.18 , 97.57
4720 , 23680 , 28.73 , -53.0 , 0 , 8.91 , 11.644 , 4.052 , 175.82 , 96.92
4730 , 23728 , 28.52 , -52.2 , 0 , 8.87 , 11.647 , 4.084 , 176.50 , 96.25
4740 , 23774 , 28.32 , -52.1 , 0 , 8.82 , 11.561 , 4.083 , 177.15 , 95.59
4750 , 23825 , 28.09 , -52.4 , 0 , 8.77 , 11.566 , 4.117 , 177.88 , 94.87
4760 , 23874 , 27.88 , -52.8 , 0 , 8.73 , 11.535 , 4.137 , 178.57 , 94.18
4770 , 23921 , 27.68 , -53.0 , 0 , 8.68 , 11.484 , 4.149 , 179.23 , 93.52
4780 , 23970 , 27.47 , -53.1 , 0 , 8.64 , 11.485 , 4.181 , 179.92 , 92.83
4790 , 24015 , 27.28 , -53.3 , 0 , 8.59 , 11.415 , 4.184 , 180.54 , 92.20
4800 , 24065 , 27.07 , -53.5 , 0 , 8.55 , 11.382 , 4.205 , 181.25 , 91.50
4809 , 24113 , 26.87 , -53.7 , 0 , 8.51 , 11.316 , 4.211 , 181.91 , 90.84
4819 , 24158 , 26.68 , -53.7 , 0 , 8.46 , 11.270 , 4.224 , 182.54 , 90.20
4829 , 24208 , 26.47 , -53.9 , 0 , 8.42 , 11.202 , 4.232 , 183.23 , 89.52
4839 , 24258 , 26.27 , -54.0 , 0 , 8.37 , 11.180 , 4.256 , 183.92 , 88.83
4849 , 24306 , 26.07 , -53.8 , 0 , 8.33 , 11.141 , 4.273 , 184.58 , 88.17
4859 , 24353 , 25.88 , -54.0 , 0 , 8.30 , 11.080 , 4.281 , 185.22 , 87.53
4869 , 24403 , 25.68 , -54.0 , 0 , 8.25 , 11.033 , 4.296 , 185.90 , 86.85
4879 , 24448 , 25.50 , -54.0 , 0 , 8.21 , 10.950 , 4.294 , 186.51 , 86.24
4889 , 24498 , 25.30 , -53.9 , 0 , 8.17 , 10.922 , 4.316 , 187.18 , 85.57
4899 , 24548 , 25.11 , -53.7 , 0 , 8.14 , 10.867 , 4.328 , 187.84 , 84.90
4909 , 24597 , 24.92 , -53.7 , 0 , 8.10 , 10.792 , 4.331 , 188.50 , 84.25
4919 , 24645 , 24.73 , -53.8 , 0 , 8.06 , 10.719 , 4.334 , 189.13 , 83.61
4929 , 24690 , 24.56 , -53.9 , 0 , 8.02 , 10.605 , 4.318 , 189.72 , 83.02
4939 , 24738 , 24.38 , -53.7 , 0 , 7.98 , 10.483 , 4.301 , 190.34 , 82.40
4949 , 24784 , 24.20 , -53.4 , 0 , 7.94 , 10.388 , 4.292 , 190.93 , 81.81
4959 , 24829 , 24.03 , -52.9 , 0 , 7.91 , 10.296 , 4.284 , 191.51 , 81.24
4969 , 24874 , 23.86 , -52.7 , 0 , 7.86 , 10.214 , 4.280 , 192.08 , 80.67
4979 , 24922 , 23.69 , -52.7 , 0 , 7.82 , 10.161 , 4.289 , 192.67 , 80.08
4989 , 24967 , 23.52 , -52.9 , 0 , 7.78 , 10.087 , 4.288 , 193.23 , 79.52
4999 , 25015 , 23.35 , -53.0 , 0 , 7.74 , 10.011 , 4.288 , 193.82 , 78.93
5009 , 25060 , 23.19 , -53.0 , 0 , 7.70 , 9.916 , 4.276 , 194.36 , 78.38
5019 , 25107 , 23.02 , -52.8 , 0 , 7.66 , 9.874 , 4.290 , 194.94 , 77.80
5029 , 25152 , 22.86 , -52.7 , 0 , 7.62 , 9.828 , 4.300 , 195.49 , 77.26
5039 , 25198 , 22.70 , -52.5 , 0 , 7.58 , 9.797 , 4.317 , 196.03 , 76.72
5049 , 25245 , 22.53 , -52.3 , 0 , 7.54 , 9.827 , 4.362 , 196.60 , 76.15
5059 , 25294 , 22.36 , -52.0 , 0 , 7.50 , 9.811 , 4.388 , 197.19 , 75.56
5069 , 25346 , 22.18 , -51.6 , 0 , 7.46 , 9.739 , 4.390 , 197.80 , 74.95
5079 , 25397 , 22.01 , -51.6 , 0 , 7.42 , 9.695 , 4.405 , 198.40 , 74.34
5089 , 25451 , 21.83 , -51.4 , 0 , 7.39 , 9.673 , 4.432 , 199.04 , 73.70
5098 , 25497 , 21.67 , -51.4 , 0 , 7.35 , 9.634 , 4.445 , 199.58 , 73.16
5107 , 25539 , 21.53 , -51.5 , 0 , 7.31 , 9.643 , 4.478 , 200.07 , 72.67
5117 , 25583 , 21.39 , -51.7 , 0 , 7.28 , 9.611 , 4.494 , 200.58 , 72.16
5127 , 25633 , 21.22 , -51.7 , 0 , 7.24 , 9.587 , 4.517 , 201.17 , 71.57
5137 , 25681 , 21.07 , -51.6 , 0 , 7.21 , 9.531 , 4.524 , 201.73 , 71.02
5147 , 25726 , 20.92 , -51.3 , 0 , 7.17 , 9.464 , 4.524 , 202.26 , 70.49
5157 , 25776 , 20.76 , -51.2 , 0 , 7.13 , 9.345 , 4.501 , 202.82 , 69.93
5167 , 25825 , 20.60 , -51.2 , 0 , 7.10 , 9.321 , 4.524 , 203.38 , 69.36
5177 , 25873 , 20.45 , -51.3 , 0 , 7.06 , 9.258 , 4.527 , 203.92 , 68.83
5187 , 25923 , 20.30 , -51.5 , 0 , 7.03 , 9.154 , 4.511 , 204.48 , 68.27
5197 , 25975 , 20.13 , -51.7 , 0 , 6.99 , 9.093 , 4.516 , 205.06 , 67.69
5207 , 26028 , 19.97 , -51.7 , 0 , 6.96 , 8.984 , 4.499 , 205.64 , 67.10
5217 , 26081 , 19.81 , -51.9 , 0 , 6.92 , 8.935 , 4.511 , 206.22 , 66.53
5227 , 26136 , 19.64 , -52.0 , 0 , 6.89 , 8.877 , 4.520 , 206.81 , 65.93
5237 , 26186 , 19.49 , -52.1 , 0 , 6.85 , 8.839 , 4.536 , 207.35 , 65.39
5247 , 26238 , 19.33 , -52.4 , 0 , 6.82 , 8.748 , 4.525 , 207.91 , 64.83
5257 , 26284 , 19.19 , -52.6 , 0 , 6.78 , 8.711 , 4.539 , 208.41 , 64.34
5267 , 26333 , 19.05 , -52.7 , 0 , 6.75 , 8.673 , 4.553 , 208.93 , 63.82
5277 , 26384 , 18.90 , -52.8 , 0 , 6.72 , 8.569 , 4.535 , 209.47 , 63.28
5287 , 26429 , 18.77 , -52.9 , 0 , 6.68 , 8.602 , 4.583 , 209.93 , 62.81
5297 , 26481 , 18.62 , -52.6 , 0 , 6.65 , 8.678 , 4.661 , 210.49 , 62.26
5307 , 26528 , 18.48 , -52.5 , 0 , 6.62 , 8.608 , 4.658 , 210.98 , 61.77
5317 , 26576 , 18.35 , -52.6 , 0 , 6.59 , 8.556 , 4.664 , 211.49 , 61.26
5327 , 26621 , 18.22 , -52.7 , 0 , 6.55 , 8.510 , 4.671 , 211.95 , 60.79
5337 , 26668 , 18.09 , -52.8 , 0 , 6.52 , 8.466 , 4.681 , 212.44 , 60.31
5347 , 26715 , 17.95 , -52.9 , 0 , 6.49 , 8.402 , 4.680 , 212.93 , 59.82
5357 , 26767 , 17.81 , -53.1 , 0 , 6.46 , 8.392 , 4.712 , 213.46 , 59.29
5367 , 26811 , 17.69 , -53.0 , 0 , 6.43 , 8.361 , 4.727 , 213.91 , 58.83
5377 , 26857 , 17.56 , -53.0 , 0 , 6.40 , 8.304 , 4.729 , 214.39 , 58.36
5387 , 26905 , 17.43 , -53.0 , 0 , 6.36 , 8.265 , 4.741 , 214.87 , 57.87
5397 , 26956 , 17.30 , -53.1 , 0 , 6.33 , 8.233 , 4.760 , 215.38 , 57.36
5407 , 27002 , 17.17 , -53.3 , 0 , 6.30 , 8.196 , 4.773 , 215.85 , 56.89
5416 , 27048 , 17.05 , -53.5 , 0 , 6.27 , 8.172 , 4.793 , 216.31 , 56.43
5426 , 27095 , 16.93 , -53.5 , 0 , 6.24 , 8.146 , 4.813 , 216.78 , 55.97
5436 , 27139 , 16.81 , -53.6 , 0 , 6.21 , 8.089 , 4.812 , 217.22 , 55.53
5446 , 27186 , 16.69 , -53.7 , 0 , 6.18 , 8.003 , 4.796 , 217.69 , 55.06
5456 , 27234 , 16.56 , -54.1 , 0 , 6.14 , 7.918 , 4.781 , 218.16 , 54.59
5466 , 27285 , 16.43 , -54.2 , 0 , 6.11 , 7.822 , 4.760 , 218.65 , 54.10
5476 , 27333 , 16.31 , -53.9 , 0 , 6.08 , 7.783 , 4.772 , 219.11 , 53.63
5486 , 27383 , 16.18 , -53.7 , 0 , 6.05 , 7.725 , 4.773 , 219.58 , 53.16
5496 , 27430 , 16.06 , -54.0 , 0 , 6.02 , 7.685 , 4.784 , 220.04 , 52.71
5506 , 27476 , 15.95 , -54.0 , 0 , 5.99 , 7.615 , 4.774 , 220.46 , 52.28
5516 , 27523 , 15.83 , -53.8 , 0 , 5.96 , 7.611 , 4.806 , 220.90 , 51.84
5526 , 27574 , 15.71 , -53.6 , 0 , 5.93 , 7.596 , 4.835 , 221.38 , 51.37
5536 , 27624 , 15.59 , -53.4 , 0 , 5.90 , 7.574 , 4.860 , 221.85 , 50.89
5546 , 27668 , 15.48 , -53.2 , 0 , 5.87 , 7.513 , 4.853 , 222.25 , 50.49
5556 , 27716 , 15.36 , -53.2 , 0 , 5.84 , 7.480 , 4.868 , 222.70 , 50.05
5566 , 27765 , 15.25 , -53.0 , 0 , 5.81 , 7.436 , 4.876 , 223.15 , 49.60
5576 , 27814 , 15.13 , -52.9 , 0 , 5.79 , 7.338 , 4.849 , 223.59 , 49.16
5586 , 27864 , 15.02 , -52.8 , 0 , 5.76 , 7.254 , 4.830 , 224.03 , 48.72
5596 , 27914 , 14.90 , -51.9 , 0 , 5.73 , 7.108 , 4.770 , 224.47 , 48.28
5606 , 27964 , 14.79 , -51.2 , 0 , 5.70 , 6.982 , 4.722 , 224.90 , 47.85
5616 , 28013 , 14.68 , -51.3 , 0 , 5.68 , 6.819 , 4.646 , 225.31 , 47.44
5626 , 28063 , 14.56 , -50.9 , 0 , 5.65 , 6.642 , 4.562 , 225.72 , 47.02
5636 , 28113 , 14.45 , -50.9 , 0 , 5.62 , 6.452 , 4.465 , 226.12 , 46.63
5646 , 28163 , 14.34 , -50.9 , 0 , 5.60 , 6.213 , 4.332 , 226.50 , 46.25
5656 , 28216 , 14.22 , -51.3 , 0 , 5.58 , 6.000 , 4.219 , 226.90 , 45.85
5666 , 28266 , 14.11 , -51.4 , 0 , 5.56 , 5.816 , 4.120 , 227.25 , 45.49
5676 , 28317 , 14.01 , -51.1 , 0 , 5.54 , 5.683 , 4.058 , 227.61 , 45.14
5686 , 28368 , 13.90 , -51.0 , 0 , 5.53 , 5.571 , 4.009 , 227.95 , 44.79
5696 , 28420 , 13.78 , -50.8 , 0 , 5.53 , 5.454 , 3.956 , 228.31 , 44.44
5705 , 28466 , 13.69 , -50.6 , 0 , 5.52 , 5.334 , 3.897 , 228.61 , 44.14
5714 , 28510 , 13.60 , -50.3 , 0 , 5.52 , 5.249 , 3.860 , 228.89 , 43.86
5724 , 28556 , 13.50 , -50.3 , 0 , 5.52 , 5.150 , 3.815 , 229.17 , 43.57
5734 , 28608 , 13.39 , -50.4 , 0 , 5.53 , 5.056 , 3.775 , 229.50 , 43.25
5744 , 28658 , 13.29 , -50.2 , 0 , 5.53 , 4.981 , 3.748 , 229.80 , 42.94
5754 , 28706 , 13.19 , -50.0 , 0 , 5.53 , 4.923 , 3.732 , 230.09 , 42.66
5764 , 28755 , 13.09 , -50.0 , 0 , 5.54 , 4.888 , 3.733 , 230.38 , 42.37
5774 , 28799 , 13.01 , -49.9 , 0 , 5.54 , 4.847 , 3.727 , 230.64 , 42.11
5784 , 28849 , 12.91 , -49.9 , 0 , 5.54 , 4.823 , 3.737 , 230.93 , 41.82
5794 , 28891 , 12.82 , -49.9 , 0 , 5.54 , 4.779 , 3.727 , 231.17 , 41.57
5804 , 28941 , 12.73 , -49.7 , 0 , 5.54 , 4.736 , 3.722 , 231.46 , 41.28
5814 , 28988 , 12.64 , -49.4 , 0 , 5.53 , 4.715 , 3.731 , 231.73 , 41.02
5824 , 29028 , 12.56 , -48.9 , 0 , 5.53 , 4.692 , 3.736 , 231.96 , 40.79
5834 , 29074 , 12.47 , -48.5 , 0 , 5.52 , 4.694 , 3.764 , 232.22 , 40.53
5844 , 29117 , 12.39 , -48.2 , 0 , 5.52 , 4.683 , 3.780 , 232.46 , 40.29
5854 , 29167 , 12.30 , -48.4 , 0 , 5.51 , 4.694 , 3.817 , 232.74 , 40.01
5864 , 29218 , 12.20 , -48.3 , 0 , 5.50 , 4.700 , 3.852 , 233.02 , 39.72
5874 , 29270 , 12.11 , -48.1 , 0 , 5.48 , 4.699 , 3.882 , 233.32 , 39.43
5884 , 29320 , 12.01 , -48.1 , 0 , 5.47 , 4.692 , 3.906 , 233.60 , 39.15
5893 , 29374 , 11.92 , -48.1 , 0 , 5.45 , 4.681 , 3.928 , 233.90 , 38.85
5903 , 29436 , 11.80 , -48.1 , 0 , 5.43 , 4.654 , 3.943 , 234.25 , 38.49
5913 , 29492 , 11.70 , -48.4 , 0 , 5.41 , 4.655 , 3.977 , 234.56 , 38.18
5923 , 29558 , 11.59 , -48.4 , 0 , 5.38 , 4.606 , 3.975 , 234.93 , 37.82
5933 , 29623 , 11.47 , -48.4 , 0 , 5.37 , 4.638 , 4.043 , 235.29 , 37.46
5943 , 29689 , 11.36 , -48.4 , 0 , 5.34 , 4.661 , 4.103 , 235.65 , 37.09
5953 , 29756 , 11.24 , -48.3 , 0 , 5.31 , 4.590 , 4.082 , 236.03 , 36.72
5963 , 29817 , 11.14 , -48.3 , 0 , 5.28 , 4.544 , 4.079 , 236.36 , 36.38
5973 , 29878 , 11.04 , -48.1 , 0 , 5.25 , 4.505 , 4.082 , 236.69 , 36.05
5983 , 29942 , 10.93 , -48.1 , 0 , 5.22 , 4.482 , 4.100 , 237.04 , 35.71
5993 , 30003 , 10.83 , -47.9 , 0 , 5.19 , 4.450 , 4.109 , 237.36 , 35.38
6003 , 30060 , 10.74 , -47.9 , 0 , 5.16 , 4.398 , 4.096 , 237.66 , 35.08
6013 , 30115 , 10.65 , -48.0 , 0 , 5.13 , 4.358 , 4.093 , 237.95 , 34.79
6022 , 30165 , 10.57 , -47.9 , 0 , 5.10 , 4.315 , 4.084 , 238.21 , 34.53
6031 , 30211 , 10.49 , -47.6 , 0 , 5.07 , 4.286 , 4.084 , 238.45 , 34.30
6041 , 30260 , 10.42 , -47.4 , 0 , 5.04 , 4.256 , 4.085 , 238.70 , 34.05
6051 , 30310 , 10.34 , -47.3 , 0 , 5.01 , 4.248 , 4.109 , 238.95 , 33.79
6061 , 30352 , 10.27 , -47.1 , 0 , 4.98 , 4.223 , 4.111 , 239.17 , 33.58
6071 , 30406 , 10.19 , -47.2 , 0 , 4.95 , 4.191 , 4.113 , 239.44 , 33.31
6081 , 30446 , 10.13 , -47.0 , 0 , 4.93 , 4.185 , 4.133 , 239.64 , 33.11
6091 , 30489 , 10.06 , -47.1 , 0 , 4.90 , 4.153 , 4.127 , 239.85 , 32.90
6101 , 30534 , 9.99 , -46.4 , 0 , 4.88 , 4.145 , 4.148 , 240.07 , 32.68
6111 , 30574 , 9.93 , -46.0 , 0 , 4.87 , 4.119 , 4.146 , 240.27 , 32.48
6121 , 30613 , 9.88 , -46.0 , 0 , 4.85 , 4.132 , 4.184 , 240.46 , 32.29
6131 , 30661 , 9.80 , -46.1 , 0 , 4.84 , 4.044 , 4.124 , 240.69 , 32.05
6141 , 30698 , 9.75 , -46.2 , 0 , 4.83 , 4.002 , 4.104 , 240.87 , 31.88
6151 , 30749 , 9.68 , -46.1 , 0 , 4.82 , 3.968 , 4.101 , 241.11 , 31.64
6161 , 30789 , 9.62 , -45.8 , 0 , 4.82 , 3.955 , 4.112 , 241.30 , 31.45
6171 , 30844 , 9.54 , -45.5 , 0 , 4.82 , 3.941 , 4.132 , 241.55 , 31.19
6181 , 30889 , 9.47 , -45.4 , 0 , 4.82 , 3.927 , 4.145 , 241.77 , 30.98
6191 , 30933 , 9.41 , -45.5 , 0 , 4.81 , 3.910 , 4.154 , 241.97 , 30.78
6201 , 30975 , 9.35 , -45.8 , 0 , 4.80 , 3.878 , 4.147 , 242.16 , 30.58
6211 , 31024 , 9.28 , -46.1 , 0 , 4.80 , 3.853 , 4.151 , 242.39 , 30.36
6221 , 31070 , 9.22 , -46.4 , 0 , 4.78 , 3.821 , 4.144 , 242.60 , 30.15
6231 , 31117 , 9.16 , -46.4 , 0 , 4.78 , 3.803 , 4.154 , 242.81 , 29.94
6241 , 31157 , 9.10 , -46.3 , 0 , 4.77 , 3.812 , 4.189 , 242.99 , 29.75
6251 , 31212 , 9.02 , -46.3 , 0 , 4.76 , 3.844 , 4.260 , 243.24 , 29.50
6261 , 31256 , 8.97 , -46.4 , 0 , 4.76 , 3.793 , 4.230 , 243.44 , 29.30
6271 , 31311 , 8.89 , -46.3 , 0 , 4.75 , 3.738 , 4.205 , 243.69 , 29.06
6281 , 31358 , 8.83 , -46.1 , 0 , 4.75 , 3.687 , 4.176 , 243.90 , 28.85
6291 , 31411 , 8.76 , -46.0 , 0 , 4.75 , 3.650 , 4.167 , 244.13 , 28.62
6301 , 31461 , 8.69 , -45.8 , 0 , 4.76 , 3.627 , 4.172 , 244.34 , 28.40
6311 , 31518 , 8.62 , -45.4 , 0 , 4.76 , 3.610 , 4.188 , 244.59 , 28.16
6320 , 31569 , 8.55 , -45.3 , 0 , 4.75 , 3.604 , 4.213 , 244.81 , 27.94
6329 , 31615 , 8.50 , -45.3 , 0 , 4.75 , 3.595 , 4.232 , 245.00 , 27.75
6339 , 31667 , 8.43 , -45.4 , 0 , 4.74 , 3.578 , 4.245 , 245.22 , 27.53
6349 , 31711 , 8.37 , -45.6 , 0 , 4.74 , 3.546 , 4.234 , 245.41 , 27.34
6359 , 31769 , 8.30 , -45.8 , 0 , 4.73 , 3.526 , 4.248 , 245.65 , 27.09
6369 , 31824 , 8.23 , -45.8 , 0 , 4.71 , 3.499 , 4.250 , 245.88 , 26.87
6379 , 31871 , 8.17 , -45.8 , 0 , 4.70 , 3.477 , 4.253 , 246.08 , 26.67
6389 , 31929 , 8.10 , -44.9 , 0 , 4.67 , 3.448 , 4.255 , 246.31 , 26.44
6399 , 31985 , 8.04 , -44.1 , 0 , 4.66 , 3.418 , 4.253 , 246.54 , 26.21
6409 , 32031 , 7.98 , -43.9 , 0 , 4.64 , 3.404 , 4.265 , 246.72 , 26.02
6419 , 32082 , 7.92 , -43.7 , 0 , 4.63 , 3.368 , 4.252 , 246.92 , 25.82
6429 , 32125 , 7.87 , -43.9 , 0 , 4.61 , 3.339 , 4.242 , 247.10 , 25.65
6439 , 32174 , 7.81 , -44.0 , 0 , 4.60 , 3.313 , 4.241 , 247.29 , 25.46
6449 , 32219 , 7.76 , -44.0 , 0 , 4.59 , 3.279 , 4.225 , 247.46 , 25.28
6459 , 32268 , 7.70 , -44.1 , 0 , 4.58 , 3.253 , 4.222 , 247.65 , 25.10
6469 , 32323 , 7.64 , -44.2 , 0 , 4.58 , 3.225 , 4.221 , 247.86 , 24.89
6479 , 32358 , 7.60 , -44.5 , 0 , 4.57 , 3.192 , 4.199 , 247.99 , 24.76
6489 , 32401 , 7.55 , -44.3 , 0 , 4.57 , 3.161 , 4.185 , 248.15 , 24.59
6499 , 32452 , 7.50 , -44.6 , 0 , 4.56 , 3.135 , 4.183 , 248.34 , 24.40
6509 , 32497 , 7.44 , -44.7 , 0 , 4.56 , 3.110 , 4.177 , 248.51 , 24.24
6519 , 32537 , 7.40 , -44.7 , 1 , 4.54 , 3.089 , 4.174 , 248.65 , 24.09
6529 , 32582 , 7.35 , -44.7 , 1 , 4.53 , 3.076 , 4.184 , 248.82 , 23.93
6538 , 32620 , 7.31 , -44.6 , 1 , 4.52 , 3.054 , 4.179 , 248.96 , 23.79
6548 , 32660 , 7.27 , -44.7 , 1 , 4.50 , 3.034 , 4.176 , 249.10 , 23.65
6558 , 32706 , 7.22 , -44.8 , 1 , 4.49 , 3.013 , 4.176 , 249.26 , 23.48
6568 , 32744 , 7.17 , -44.7 , 0 , 4.47 , 2.985 , 4.161 , 249.40 , 23.35
6578 , 32796 , 7.12 , -44.4 , 0 , 4.46 , 2.960 , 4.158 , 249.58 , 23.16
6588 , 32837 , 7.08 , -44.2 , 0 , 4.45 , 2.944 , 4.161 , 249.72 , 23.02
6598 , 32872 , 7.04 , -44.0 , 0 , 4.44 , 2.923 , 4.152 , 249.84 , 22.90
6608 , 32920 , 6.99 , -43.9 , 0 , 4.42 , 2.912 , 4.166 , 250.01 , 22.74
6618 , 32953 , 6.95 , -43.8 , 1 , 4.41 , 2.893 , 4.161 , 250.12 , 22.62
6628 , 32995 , 6.91 , -43.8 , 1 , 4.40 , 2.880 , 4.166 , 250.26 , 22.48
6637 , 33032 , 6.87 , -43.6 , 1 , 4.39 , 2.857 , 4.157 , 250.39 , 22.36
6646 , 33072 , 6.83 , -43.3 , 1 , 4.37 , 2.849 , 4.170 , 250.52 , 22.23
6656 , 33120 , 6.78 , -43.4 , 0 , 4.35 , 2.818 , 4.153 , 250.68 , 22.07
6666 , 33169 , 6.73 , -43.4 , 1 , 4.33 , 2.771 , 4.115 , 250.84 , 21.90
6676 , 33206 , 6.70 , -43.4 , 1 , 4.31 , 2.774 , 4.141 , 250.96 , 21.78
6686 , 33248 , 6.66 , -43.1 , 1 , 4.28 , 2.755 , 4.139 , 251.10 , 21.65
6694 , 33286 , 6.62 , -43.0 , 1 , 4.26 , 2.737 , 4.135 , 251.22 , 21.53
6704 , 33329 , 6.58 , -42.9 , 2 , 4.23 , 2.721 , 4.137 , 251.36 , 21.39
6713 , 33370 , 6.54 , -42.5 , 1 , 4.21 , 2.696 , 4.125 , 251.49 , 21.26
6723 , 33421 , 6.49 , -42.2 , 2 , 4.17 , 2.677 , 4.126 , 251.65 , 21.10
6733 , 33472 , 6.44 , -42.2 , 2 , 4.15 , 2.672 , 4.150 , 251.81 , 20.94
6743 , 33512 , 6.40 , -42.4 , 1 , 4.12 , 2.646 , 4.134 , 251.93 , 20.81
6753 , 33557 , 6.36 , -42.5 , 1 , 4.09 , 2.614 , 4.112 , 252.07 , 20.68
6763 , 33599 , 6.32 , -42.5 , 1 , 4.05 , 2.591 , 4.100 , 252.20 , 20.55
6772 , 33644 , 6.28 , -42.4 , 1 , 4.03 , 2.580 , 4.110 , 252.33 , 20.41
6783 , 33687 , 6.24 , -42.3 , 1 , 3.99 , 2.563 , 4.110 , 252.46 , 20.28
6793 , 33734 , 6.19 , -42.4 , 1 , 3.96 , 2.552 , 4.121 , 252.60 , 20.14
