# ------------------------------------------------------------
#
# Flight name: V2612
# Station: Davis
# Launch Date: 14 June 2012
# Launch Time: 11:18:03
# 
# This file created: Fri Jun 15 11:29:42 2012
# 
# 
# ------------------------------------------------------------
# DATA COLUMNS
# Time (s)
# Height (m)
# Atmospheric Pressure (hPa)
# Atmospheric Temperature (°C)
# Relative Humidity (%)
# Box Temperature (°C)
# Ozone Partial Pressure (mPa)
# Ozone Mixing Ratio (ppmV)
# Accumulated Ozone to this Height (Dobson Units)
# Remaining Ozone above this Height (Dobson Units)
# 
# ------------------------------------------------------------
# 
# Integrated Ozone = 216.8 DU
# Extrapolated Ozone =  29.6 DU
# 
# Total Ozone = 246.4 DU
# 
# 
# ------------------------------------------------------------
1 , 18 , 983.54 , -8.4 , 50 , 31.76 , 3.074 , 0.031 , 0.00 , 246.42
10 , 48 , 979.70 , -6.5 , 50 , 31.72 , 3.047 , 0.031 , 0.09 , 246.33
20 , 80 , 975.71 , -5.3 , 45 , 31.65 , 3.008 , 0.031 , 0.19 , 246.23
30 , 122 , 970.47 , -5.3 , 44 , 31.58 , 3.044 , 0.031 , 0.32 , 246.10
40 , 171 , 964.44 , -5.4 , 44 , 31.49 , 3.032 , 0.031 , 0.47 , 245.95
50 , 223 , 958.08 , -5.6 , 45 , 31.41 , 3.035 , 0.032 , 0.63 , 245.80
60 , 279 , 951.30 , -6.0 , 47 , 31.33 , 3.019 , 0.032 , 0.80 , 245.63
70 , 331 , 944.92 , -6.4 , 49 , 31.23 , 3.004 , 0.032 , 0.96 , 245.47
80 , 382 , 938.76 , -6.9 , 50 , 31.13 , 3.003 , 0.032 , 1.11 , 245.31
90 , 437 , 932.22 , -7.2 , 50 , 31.02 , 2.992 , 0.032 , 1.28 , 245.14
100 , 490 , 925.89 , -7.6 , 50 , 30.91 , 2.983 , 0.032 , 1.44 , 244.98
110 , 546 , 919.21 , -7.9 , 50 , 30.83 , 2.979 , 0.032 , 1.61 , 244.81
120 , 604 , 912.35 , -8.2 , 51 , 30.71 , 2.959 , 0.032 , 1.79 , 244.64
130 , 660 , 905.84 , -8.5 , 52 , 30.62 , 2.940 , 0.032 , 1.95 , 244.47
140 , 718 , 899.11 , -8.9 , 53 , 30.53 , 2.912 , 0.032 , 2.12 , 244.30
150 , 778 , 892.07 , -9.4 , 55 , 30.39 , 2.921 , 0.033 , 2.30 , 244.12
160 , 832 , 885.88 , -9.6 , 54 , 30.26 , 2.883 , 0.033 , 2.46 , 243.96
170 , 889 , 879.42 , -9.8 , 53 , 30.15 , 2.853 , 0.032 , 2.63 , 243.79
180 , 947 , 872.73 , -10.1 , 55 , 30.03 , 2.856 , 0.033 , 2.80 , 243.62
190 , 1004 , 866.39 , -10.6 , 57 , 29.90 , 2.824 , 0.033 , 2.97 , 243.46
200 , 1060 , 860.09 , -10.8 , 55 , 29.78 , 2.809 , 0.033 , 3.13 , 243.30
210 , 1119 , 853.51 , -11.1 , 55 , 29.67 , 2.800 , 0.033 , 3.30 , 243.13
220 , 1178 , 846.94 , -11.1 , 56 , 29.52 , 2.793 , 0.033 , 3.47 , 242.96
229 , 1239 , 840.25 , -11.5 , 59 , 29.41 , 2.778 , 0.033 , 3.64 , 242.78
239 , 1293 , 834.36 , -11.3 , 63 , 29.31 , 2.735 , 0.033 , 3.80 , 242.63
249 , 1347 , 828.49 , -10.7 , 68 , 29.19 , 2.718 , 0.033 , 3.95 , 242.48
259 , 1394 , 823.39 , -10.3 , 73 , 29.07 , 2.700 , 0.033 , 4.08 , 242.34
269 , 1450 , 817.48 , -10.3 , 68 , 28.95 , 2.717 , 0.033 , 4.23 , 242.19
279 , 1501 , 812.06 , -10.4 , 62 , 28.83 , 2.706 , 0.033 , 4.38 , 242.05
289 , 1553 , 806.55 , -10.7 , 61 , 28.73 , 2.677 , 0.033 , 4.52 , 241.90
299 , 1601 , 801.62 , -10.7 , 57 , 28.65 , 2.661 , 0.033 , 4.65 , 241.77
309 , 1644 , 797.06 , -10.8 , 54 , 28.56 , 2.659 , 0.033 , 4.77 , 241.65
319 , 1697 , 791.64 , -11.3 , 54 , 28.46 , 2.635 , 0.033 , 4.91 , 241.51
329 , 1746 , 786.59 , -11.7 , 54 , 28.34 , 2.644 , 0.034 , 5.04 , 241.38
339 , 1796 , 781.50 , -11.9 , 53 , 28.23 , 2.615 , 0.033 , 5.18 , 241.24
349 , 1848 , 776.17 , -12.2 , 50 , 28.12 , 2.620 , 0.034 , 5.32 , 241.10
359 , 1896 , 771.33 , -12.5 , 50 , 28.02 , 2.602 , 0.034 , 5.45 , 240.97
369 , 1948 , 766.05 , -12.6 , 48 , 27.94 , 2.571 , 0.034 , 5.59 , 240.83
379 , 2003 , 760.58 , -12.8 , 46 , 27.84 , 2.544 , 0.033 , 5.73 , 240.69
389 , 2058 , 755.09 , -13.0 , 44 , 27.76 , 2.524 , 0.033 , 5.88 , 240.54
399 , 2107 , 750.28 , -13.3 , 43 , 27.67 , 2.501 , 0.033 , 6.01 , 240.42
409 , 2164 , 744.64 , -13.5 , 46 , 27.58 , 2.465 , 0.033 , 6.15 , 240.27
419 , 2215 , 739.62 , -14.0 , 51 , 27.49 , 2.444 , 0.033 , 6.29 , 240.14
429 , 2272 , 734.13 , -14.5 , 55 , 27.40 , 2.428 , 0.033 , 6.43 , 239.99
439 , 2326 , 728.88 , -14.9 , 54 , 27.33 , 2.402 , 0.033 , 6.57 , 239.86
449 , 2379 , 723.77 , -15.4 , 54 , 27.23 , 2.378 , 0.033 , 6.70 , 239.73
459 , 2430 , 718.91 , -15.7 , 56 , 27.12 , 2.375 , 0.033 , 6.82 , 239.60
469 , 2478 , 714.39 , -16.0 , 54 , 27.02 , 2.353 , 0.033 , 6.94 , 239.48
479 , 2531 , 709.40 , -16.4 , 57 , 26.94 , 2.332 , 0.033 , 7.07 , 239.35
489 , 2585 , 704.24 , -16.9 , 57 , 26.85 , 2.316 , 0.033 , 7.21 , 239.22
499 , 2643 , 698.84 , -17.3 , 55 , 26.76 , 2.303 , 0.033 , 7.35 , 239.08
509 , 2694 , 694.09 , -17.6 , 53 , 26.65 , 2.300 , 0.033 , 7.47 , 238.95
519 , 2742 , 689.66 , -17.9 , 52 , 26.56 , 2.291 , 0.033 , 7.59 , 238.84
529 , 2797 , 684.57 , -18.1 , 54 , 26.49 , 2.302 , 0.034 , 7.72 , 238.70
538 , 2845 , 680.22 , -18.5 , 61 , 26.41 , 2.317 , 0.034 , 7.84 , 238.59
547 , 2889 , 676.25 , -18.9 , 66 , 26.35 , 2.308 , 0.034 , 7.94 , 238.48
557 , 2938 , 671.75 , -19.2 , 71 , 26.28 , 2.269 , 0.034 , 8.06 , 238.36
567 , 3001 , 666.14 , -19.7 , 75 , 26.17 , 2.228 , 0.033 , 8.21 , 238.21
577 , 3059 , 660.91 , -20.2 , 81 , 26.07 , 2.195 , 0.033 , 8.35 , 238.07
587 , 3118 , 655.67 , -20.5 , 86 , 25.98 , 2.168 , 0.033 , 8.49 , 237.94
597 , 3179 , 650.26 , -20.8 , 88 , 25.88 , 2.141 , 0.033 , 8.63 , 237.80
607 , 3234 , 645.45 , -21.3 , 89 , 25.77 , 2.149 , 0.033 , 8.75 , 237.67
617 , 3294 , 640.23 , -21.9 , 88 , 25.67 , 2.134 , 0.033 , 8.89 , 237.53
627 , 3351 , 635.29 , -22.5 , 90 , 25.58 , 2.144 , 0.034 , 9.02 , 237.40
637 , 3408 , 630.39 , -23.1 , 90 , 25.48 , 2.129 , 0.034 , 9.15 , 237.27
647 , 3469 , 625.10 , -22.9 , 78 , 25.41 , 2.122 , 0.034 , 9.29 , 237.13
657 , 3535 , 619.56 , -21.9 , 50 , 25.33 , 2.177 , 0.035 , 9.44 , 236.98
667 , 3597 , 614.34 , -20.8 , 26 , 25.23 , 2.255 , 0.037 , 9.59 , 236.83
677 , 3662 , 608.98 , -20.1 , 10 , 25.14 , 2.351 , 0.039 , 9.75 , 236.67
686 , 3725 , 603.82 , -20.4 , 7 , 25.06 , 2.426 , 0.040 , 9.91 , 236.51
696 , 3789 , 598.61 , -20.9 , 6 , 25.00 , 2.459 , 0.041 , 10.08 , 236.34
706 , 3846 , 593.97 , -21.3 , 6 , 24.92 , 2.439 , 0.041 , 10.23 , 236.19
716 , 3905 , 589.23 , -21.4 , 4 , 24.85 , 2.367 , 0.040 , 10.38 , 236.04
726 , 3962 , 584.73 , -21.7 , 6 , 24.77 , 2.310 , 0.040 , 10.52 , 235.90
736 , 4009 , 581.01 , -22.0 , 7 , 24.69 , 2.239 , 0.039 , 10.64 , 235.79
746 , 4064 , 576.65 , -22.3 , 8 , 24.60 , 2.205 , 0.038 , 10.77 , 235.65
756 , 4119 , 572.34 , -22.7 , 10 , 24.49 , 2.185 , 0.038 , 10.90 , 235.52
766 , 4170 , 568.39 , -22.9 , 11 , 24.40 , 2.165 , 0.038 , 11.02 , 235.40
776 , 4224 , 564.20 , -23.1 , 9 , 24.33 , 2.113 , 0.037 , 11.14 , 235.28
786 , 4281 , 559.87 , -23.4 , 8 , 24.24 , 2.077 , 0.037 , 11.27 , 235.15
796 , 4336 , 555.62 , -23.6 , 8 , 24.14 , 2.034 , 0.037 , 11.39 , 235.03
806 , 4389 , 551.63 , -24.0 , 9 , 24.03 , 2.041 , 0.037 , 11.51 , 234.91
816 , 4442 , 547.63 , -24.4 , 9 , 23.95 , 2.020 , 0.037 , 11.63 , 234.80
826 , 4493 , 543.76 , -24.8 , 9 , 23.87 , 2.026 , 0.037 , 11.74 , 234.68
836 , 4549 , 539.60 , -25.3 , 9 , 23.79 , 2.017 , 0.037 , 11.86 , 234.56
846 , 4602 , 535.68 , -25.7 , 10 , 23.70 , 2.009 , 0.038 , 11.98 , 234.44
855 , 4660 , 531.37 , -26.2 , 11 , 23.62 , 1.991 , 0.037 , 12.11 , 234.32
865 , 4716 , 527.30 , -26.6 , 12 , 23.52 , 1.990 , 0.038 , 12.23 , 234.20
875 , 4771 , 523.30 , -27.1 , 12 , 23.44 , 1.995 , 0.038 , 12.35 , 234.08
885 , 4833 , 518.81 , -27.5 , 12 , 23.35 , 1.978 , 0.038 , 12.48 , 233.94
895 , 4899 , 514.03 , -28.1 , 12 , 23.25 , 1.968 , 0.038 , 12.63 , 233.80
905 , 4963 , 509.50 , -28.6 , 13 , 23.16 , 1.951 , 0.038 , 12.76 , 233.66
915 , 5018 , 505.60 , -29.1 , 14 , 23.10 , 1.941 , 0.038 , 12.88 , 233.54
925 , 5078 , 501.34 , -29.7 , 15 , 23.04 , 1.916 , 0.038 , 13.01 , 233.41
935 , 5142 , 496.90 , -30.2 , 15 , 22.98 , 1.899 , 0.038 , 13.14 , 233.28
945 , 5200 , 492.81 , -30.8 , 15 , 22.93 , 1.897 , 0.038 , 13.27 , 233.16
955 , 5260 , 488.65 , -31.3 , 15 , 22.90 , 1.880 , 0.038 , 13.39 , 233.03
965 , 5327 , 484.05 , -31.8 , 15 , 22.85 , 1.851 , 0.038 , 13.53 , 232.89
975 , 5385 , 480.08 , -32.2 , 14 , 22.76 , 1.837 , 0.038 , 13.65 , 232.77
985 , 5449 , 475.76 , -32.8 , 15 , 22.65 , 1.810 , 0.038 , 13.78 , 232.64
995 , 5513 , 471.44 , -33.3 , 16 , 22.54 , 1.812 , 0.038 , 13.91 , 232.51
1005 , 5573 , 467.42 , -33.8 , 17 , 22.46 , 1.793 , 0.038 , 14.04 , 232.39
1015 , 5630 , 463.61 , -34.1 , 17 , 22.40 , 1.785 , 0.039 , 14.15 , 232.27
1025 , 5693 , 459.52 , -34.6 , 18 , 22.32 , 1.754 , 0.038 , 14.27 , 232.15
1035 , 5755 , 455.41 , -35.0 , 19 , 22.22 , 1.734 , 0.038 , 14.40 , 232.03
1045 , 5816 , 451.44 , -35.6 , 22 , 22.12 , 1.730 , 0.038 , 14.52 , 231.91
1055 , 5882 , 447.15 , -36.2 , 25 , 22.04 , 1.713 , 0.038 , 14.65 , 231.78
1065 , 5948 , 442.94 , -36.7 , 28 , 21.96 , 1.704 , 0.038 , 14.77 , 231.65
1075 , 6011 , 438.93 , -37.1 , 35 , 21.86 , 1.678 , 0.038 , 14.90 , 231.53
1085 , 6070 , 435.21 , -37.6 , 37 , 21.77 , 1.667 , 0.038 , 15.01 , 231.41
1095 , 6129 , 431.47 , -38.1 , 37 , 21.71 , 1.664 , 0.039 , 15.12 , 231.30
1105 , 6192 , 427.55 , -38.3 , 35 , 21.64 , 1.674 , 0.039 , 15.24 , 231.18
1115 , 6252 , 423.82 , -38.7 , 34 , 21.59 , 1.653 , 0.039 , 15.36 , 231.07
1125 , 6310 , 420.25 , -39.2 , 34 , 21.52 , 1.635 , 0.039 , 15.47 , 230.96
1135 , 6368 , 416.73 , -39.7 , 35 , 21.46 , 1.603 , 0.038 , 15.57 , 230.85
1145 , 6425 , 413.25 , -40.1 , 37 , 21.40 , 1.586 , 0.038 , 15.68 , 230.74
1155 , 6486 , 409.55 , -40.6 , 37 , 21.35 , 1.577 , 0.039 , 15.79 , 230.63
1165 , 6546 , 405.94 , -41.2 , 38 , 21.29 , 1.552 , 0.038 , 15.90 , 230.52
1174 , 6607 , 402.32 , -41.7 , 38 , 21.22 , 1.543 , 0.038 , 16.01 , 230.41
1184 , 6664 , 398.95 , -42.2 , 36 , 21.16 , 1.518 , 0.038 , 16.11 , 230.31
1194 , 6723 , 395.46 , -42.7 , 36 , 21.11 , 1.505 , 0.038 , 16.22 , 230.21
1204 , 6780 , 392.14 , -43.2 , 36 , 21.06 , 1.491 , 0.038 , 16.32 , 230.11
1214 , 6841 , 388.63 , -43.5 , 37 , 21.01 , 1.474 , 0.038 , 16.42 , 230.00
1224 , 6910 , 384.61 , -43.9 , 40 , 20.95 , 1.465 , 0.038 , 16.54 , 229.88
1234 , 6974 , 381.00 , -44.4 , 47 , 20.89 , 1.451 , 0.038 , 16.65 , 229.77
1244 , 7037 , 377.42 , -44.9 , 54 , 20.83 , 1.435 , 0.038 , 16.76 , 229.66
1254 , 7101 , 373.80 , -45.5 , 60 , 20.77 , 1.434 , 0.038 , 16.87 , 229.56
1264 , 7168 , 370.05 , -46.1 , 64 , 20.73 , 1.422 , 0.038 , 16.98 , 229.44
1274 , 7228 , 366.72 , -46.6 , 65 , 20.68 , 1.406 , 0.038 , 17.08 , 229.34
1284 , 7290 , 363.32 , -46.9 , 63 , 20.62 , 1.394 , 0.038 , 17.19 , 229.24
1294 , 7354 , 359.84 , -47.0 , 59 , 20.56 , 1.371 , 0.038 , 17.29 , 229.13
1304 , 7416 , 356.48 , -47.0 , 56 , 20.50 , 1.358 , 0.038 , 17.39 , 229.03
1314 , 7479 , 353.07 , -47.2 , 50 , 20.42 , 1.317 , 0.037 , 17.49 , 228.93
1324 , 7543 , 349.68 , -47.4 , 44 , 20.32 , 1.244 , 0.036 , 17.59 , 228.83
1334 , 7607 , 346.31 , -47.7 , 39 , 20.21 , 1.168 , 0.034 , 17.68 , 228.74
1344 , 7670 , 343.00 , -48.2 , 38 , 20.13 , 1.135 , 0.033 , 17.77 , 228.65
1354 , 7736 , 339.60 , -48.6 , 39 , 20.04 , 1.102 , 0.032 , 17.86 , 228.57
1364 , 7804 , 336.08 , -49.0 , 40 , 19.94 , 1.072 , 0.032 , 17.95 , 228.48
1374 , 7868 , 332.83 , -49.6 , 41 , 19.86 , 1.044 , 0.031 , 18.03 , 228.40
1384 , 7932 , 329.59 , -50.0 , 42 , 19.80 , 1.041 , 0.032 , 18.11 , 228.31
1394 , 7990 , 326.68 , -50.4 , 43 , 19.72 , 1.032 , 0.032 , 18.18 , 228.24
1404 , 8052 , 323.58 , -50.9 , 44 , 19.64 , 1.015 , 0.031 , 18.26 , 228.17
1414 , 8120 , 320.23 , -51.2 , 45 , 19.57 , 0.990 , 0.031 , 18.34 , 228.08
1424 , 8180 , 317.29 , -51.6 , 43 , 19.50 , 0.985 , 0.031 , 18.41 , 228.01
1434 , 8241 , 314.30 , -51.9 , 42 , 19.43 , 0.993 , 0.032 , 18.49 , 227.94
1444 , 8299 , 311.51 , -52.3 , 41 , 19.35 , 1.001 , 0.032 , 18.56 , 227.87
1454 , 8359 , 308.62 , -52.7 , 41 , 19.27 , 1.006 , 0.033 , 18.63 , 227.79
1464 , 8418 , 305.81 , -53.1 , 41 , 19.19 , 1.000 , 0.033 , 18.70 , 227.72
1474 , 8475 , 303.11 , -53.6 , 42 , 19.13 , 0.999 , 0.033 , 18.77 , 227.65
1484 , 8536 , 300.23 , -54.1 , 42 , 19.06 , 0.994 , 0.033 , 18.85 , 227.58
1493 , 8597 , 297.41 , -54.6 , 43 , 18.99 , 0.990 , 0.033 , 18.92 , 227.50
1503 , 8647 , 295.07 , -54.9 , 44 , 18.93 , 0.994 , 0.034 , 18.98 , 227.44
1513 , 8711 , 292.12 , -55.4 , 45 , 18.85 , 0.995 , 0.034 , 19.06 , 227.36
1523 , 8771 , 289.38 , -55.8 , 46 , 18.80 , 1.016 , 0.035 , 19.14 , 227.29
1533 , 8833 , 286.58 , -56.3 , 45 , 18.74 , 1.021 , 0.036 , 19.22 , 227.21
1543 , 8901 , 283.50 , -56.8 , 44 , 18.68 , 1.026 , 0.036 , 19.30 , 227.12
1553 , 8968 , 280.56 , -57.3 , 44 , 18.62 , 1.033 , 0.037 , 19.39 , 227.04
1563 , 9023 , 278.12 , -57.7 , 44 , 18.55 , 1.038 , 0.037 , 19.46 , 226.96
1573 , 9085 , 275.36 , -58.2 , 45 , 18.48 , 1.027 , 0.037 , 19.54 , 226.88
1583 , 9149 , 272.58 , -58.8 , 45 , 18.40 , 1.008 , 0.037 , 19.62 , 226.80
1593 , 9207 , 270.10 , -59.2 , 45 , 18.30 , 0.993 , 0.037 , 19.69 , 226.73
1603 , 9266 , 267.53 , -59.8 , 45 , 18.22 , 0.977 , 0.037 , 19.77 , 226.66
1613 , 9325 , 265.04 , -60.3 , 46 , 18.16 , 0.992 , 0.037 , 19.84 , 226.58
1623 , 9385 , 262.48 , -60.7 , 45 , 18.08 , 1.006 , 0.038 , 19.92 , 226.51
1633 , 9447 , 259.87 , -61.2 , 44 , 18.01 , 1.019 , 0.039 , 20.00 , 226.43
1643 , 9514 , 257.08 , -61.7 , 42 , 17.94 , 1.022 , 0.040 , 20.08 , 226.34
1653 , 9576 , 254.51 , -62.3 , 42 , 17.86 , 1.028 , 0.040 , 20.17 , 226.26
1663 , 9644 , 251.73 , -63.0 , 42 , 17.78 , 1.023 , 0.041 , 20.25 , 226.17
1673 , 9704 , 249.28 , -63.6 , 43 , 17.71 , 0.999 , 0.040 , 20.33 , 226.09
1683 , 9752 , 247.32 , -64.0 , 44 , 17.64 , 1.007 , 0.041 , 20.39 , 226.03
1693 , 9803 , 245.27 , -64.5 , 45 , 17.58 , 0.991 , 0.040 , 20.46 , 225.96
1703 , 9856 , 243.17 , -65.0 , 46 , 17.52 , 0.978 , 0.040 , 20.53 , 225.90
1713 , 9918 , 240.70 , -65.5 , 47 , 17.45 , 0.981 , 0.041 , 20.61 , 225.82
1722 , 9981 , 238.22 , -66.0 , 47 , 17.38 , 0.986 , 0.041 , 20.69 , 225.74
1732 , 10032 , 236.22 , -66.4 , 48 , 17.30 , 0.970 , 0.041 , 20.75 , 225.67
1742 , 10089 , 234.01 , -66.8 , 48 , 17.22 , 0.946 , 0.040 , 20.82 , 225.60
1752 , 10145 , 231.82 , -67.2 , 49 , 17.15 , 0.944 , 0.041 , 20.89 , 225.53
1762 , 10203 , 229.62 , -67.6 , 49 , 17.09 , 0.940 , 0.041 , 20.96 , 225.46
1772 , 10254 , 227.66 , -68.0 , 48 , 17.03 , 0.936 , 0.041 , 21.03 , 225.40
1782 , 10306 , 225.72 , -68.4 , 49 , 16.97 , 0.943 , 0.042 , 21.09 , 225.33
1792 , 10352 , 223.99 , -68.7 , 50 , 16.91 , 0.929 , 0.041 , 21.15 , 225.28
1801 , 10402 , 222.12 , -69.0 , 51 , 16.85 , 0.911 , 0.041 , 21.21 , 225.22
1811 , 10452 , 220.24 , -69.4 , 52 , 16.80 , 0.875 , 0.040 , 21.27 , 225.16
1821 , 10509 , 218.16 , -69.9 , 53 , 16.73 , 0.847 , 0.039 , 21.33 , 225.09
1831 , 10577 , 215.66 , -70.4 , 53 , 16.68 , 0.828 , 0.038 , 21.41 , 225.01
1841 , 10638 , 213.46 , -70.8 , 54 , 16.62 , 0.803 , 0.038 , 21.47 , 224.95
1851 , 10693 , 211.48 , -71.1 , 54 , 16.55 , 0.787 , 0.037 , 21.53 , 224.89
1861 , 10737 , 209.93 , -71.3 , 54 , 16.48 , 0.776 , 0.037 , 21.58 , 224.84
1870 , 10784 , 208.26 , -71.6 , 54 , 16.44 , 0.768 , 0.037 , 21.63 , 224.80
1880 , 10831 , 206.62 , -71.8 , 54 , 16.40 , 0.776 , 0.038 , 21.68 , 224.75
1890 , 10888 , 204.62 , -72.1 , 55 , 16.34 , 0.762 , 0.037 , 21.73 , 224.69
1900 , 10949 , 202.52 , -72.5 , 55 , 16.28 , 0.756 , 0.037 , 21.80 , 224.63
1910 , 10999 , 200.78 , -72.9 , 55 , 16.21 , 0.757 , 0.038 , 21.85 , 224.58
1920 , 11044 , 199.26 , -73.3 , 55 , 16.16 , 0.762 , 0.038 , 21.89 , 224.53
1929 , 11087 , 197.79 , -73.7 , 56 , 16.11 , 0.774 , 0.039 , 21.94 , 224.49
1939 , 11135 , 196.18 , -74.0 , 56 , 16.06 , 0.794 , 0.040 , 21.99 , 224.43
1949 , 11185 , 194.49 , -74.1 , 56 , 16.02 , 0.818 , 0.042 , 22.04 , 224.38
1959 , 11235 , 192.83 , -74.3 , 56 , 15.96 , 0.869 , 0.045 , 22.10 , 224.32
1969 , 11284 , 191.21 , -74.3 , 57 , 15.91 , 0.937 , 0.049 , 22.16 , 224.26
1979 , 11333 , 189.59 , -74.3 , 57 , 15.85 , 1.012 , 0.053 , 22.23 , 224.20
1989 , 11385 , 187.92 , -74.6 , 58 , 15.79 , 1.063 , 0.057 , 22.30 , 224.12
1999 , 11434 , 186.35 , -74.8 , 58 , 15.73 , 1.123 , 0.060 , 22.37 , 224.05
2009 , 11480 , 184.86 , -75.0 , 59 , 15.68 , 1.198 , 0.065 , 22.44 , 223.98
2018 , 11522 , 183.54 , -74.9 , 60 , 15.65 , 1.270 , 0.069 , 22.51 , 223.91
2028 , 11564 , 182.22 , -74.6 , 60 , 15.60 , 1.367 , 0.075 , 22.59 , 223.83
2038 , 11609 , 180.81 , -74.3 , 61 , 15.55 , 1.473 , 0.081 , 22.68 , 223.75
2048 , 11656 , 179.37 , -73.7 , 61 , 15.50 , 1.601 , 0.089 , 22.77 , 223.65
2058 , 11699 , 178.05 , -72.8 , 62 , 15.46 , 1.779 , 0.100 , 22.87 , 223.55
2068 , 11744 , 176.70 , -72.4 , 63 , 15.42 , 1.957 , 0.111 , 22.98 , 223.44
2078 , 11788 , 175.36 , -72.2 , 62 , 15.37 , 2.127 , 0.121 , 23.11 , 223.32
2088 , 11831 , 174.08 , -72.2 , 61 , 15.32 , 2.287 , 0.131 , 23.23 , 223.19
2098 , 11876 , 172.75 , -71.4 , 59 , 15.27 , 2.482 , 0.144 , 23.38 , 223.04
2108 , 11918 , 171.54 , -71.0 , 57 , 15.21 , 2.647 , 0.154 , 23.52 , 222.90
2117 , 11957 , 170.41 , -70.5 , 56 , 15.16 , 2.711 , 0.159 , 23.66 , 222.76
2126 , 11995 , 169.33 , -69.8 , 53 , 15.12 , 2.849 , 0.168 , 23.80 , 222.62
2136 , 12034 , 168.21 , -69.4 , 50 , 15.07 , 3.252 , 0.193 , 23.96 , 222.46
2146 , 12075 , 167.08 , -69.5 , 47 , 15.01 , 3.715 , 0.222 , 24.15 , 222.28
2156 , 12117 , 165.91 , -68.9 , 43 , 14.96 , 4.207 , 0.254 , 24.37 , 222.06
2166 , 12160 , 164.73 , -68.6 , 39 , 14.91 , 4.760 , 0.289 , 24.62 , 221.81
2176 , 12200 , 163.63 , -68.8 , 36 , 14.85 , 5.184 , 0.317 , 24.88 , 221.54
2186 , 12239 , 162.56 , -68.8 , 33 , 14.80 , 5.342 , 0.329 , 25.15 , 221.27
2196 , 12281 , 161.42 , -68.7 , 31 , 14.75 , 5.173 , 0.320 , 25.45 , 220.98
2206 , 12321 , 160.33 , -68.6 , 28 , 14.69 , 5.090 , 0.317 , 25.72 , 220.70
2216 , 12361 , 159.27 , -68.7 , 26 , 14.64 , 4.940 , 0.310 , 25.98 , 220.44
2226 , 12401 , 158.21 , -68.6 , 24 , 14.58 , 5.027 , 0.318 , 26.24 , 220.18
2236 , 12440 , 157.18 , -68.6 , 23 , 14.53 , 5.347 , 0.340 , 26.51 , 219.91
2246 , 12483 , 156.06 , -68.5 , 21 , 14.47 , 5.440 , 0.349 , 26.82 , 219.61
2256 , 12526 , 154.95 , -68.5 , 20 , 14.42 , 5.376 , 0.347 , 27.12 , 219.30
2266 , 12569 , 153.82 , -68.3 , 19 , 14.36 , 5.207 , 0.339 , 27.43 , 219.00
2276 , 12610 , 152.78 , -68.1 , 17 , 14.31 , 4.857 , 0.318 , 27.70 , 218.73
2286 , 12653 , 151.70 , -68.1 , 16 , 14.26 , 4.616 , 0.304 , 27.96 , 218.46
2296 , 12694 , 150.67 , -68.0 , 15 , 14.20 , 4.413 , 0.293 , 28.20 , 218.22
2306 , 12736 , 149.61 , -67.7 , 14 , 14.14 , 4.171 , 0.279 , 28.44 , 217.98
2316 , 12780 , 148.53 , -67.8 , 13 , 14.08 , 3.986 , 0.268 , 28.68 , 217.75
2326 , 12822 , 147.49 , -67.7 , 13 , 14.03 , 3.844 , 0.261 , 28.89 , 217.53
2336 , 12865 , 146.45 , -67.7 , 12 , 13.98 , 3.714 , 0.254 , 29.10 , 217.32
2346 , 12909 , 145.38 , -67.9 , 11 , 13.92 , 3.603 , 0.248 , 29.32 , 217.11
2356 , 12952 , 144.34 , -67.9 , 10 , 13.87 , 3.556 , 0.246 , 29.52 , 216.90
2366 , 12995 , 143.31 , -67.7 , 10 , 13.81 , 3.612 , 0.252 , 29.72 , 216.70
2376 , 13038 , 142.29 , -67.3 , 9 , 13.75 , 4.219 , 0.297 , 29.94 , 216.48
2386 , 13085 , 141.19 , -67.1 , 9 , 13.70 , 5.166 , 0.366 , 30.23 , 216.19
2395 , 13130 , 140.13 , -67.5 , 9 , 13.65 , 5.777 , 0.412 , 30.56 , 215.87
2405 , 13176 , 139.07 , -67.7 , 8 , 13.60 , 6.071 , 0.437 , 30.91 , 215.51
2415 , 13221 , 138.04 , -67.6 , 8 , 13.54 , 5.942 , 0.430 , 31.26 , 215.16
2425 , 13262 , 137.09 , -67.6 , 8 , 13.48 , 5.440 , 0.397 , 31.57 , 214.85
2435 , 13302 , 136.17 , -67.6 , 7 , 13.43 , 4.975 , 0.365 , 31.85 , 214.58
2444 , 13341 , 135.30 , -67.3 , 7 , 13.37 , 4.664 , 0.345 , 32.09 , 214.33
2454 , 13381 , 134.40 , -67.2 , 7 , 13.32 , 4.515 , 0.336 , 32.33 , 214.09
2464 , 13422 , 133.51 , -67.4 , 6 , 13.27 , 4.525 , 0.339 , 32.57 , 213.85
2474 , 13464 , 132.57 , -67.5 , 6 , 13.22 , 4.592 , 0.346 , 32.83 , 213.60
2484 , 13505 , 131.67 , -67.6 , 6 , 13.16 , 4.633 , 0.352 , 33.07 , 213.35
2494 , 13546 , 130.78 , -67.5 , 6 , 13.11 , 4.580 , 0.350 , 33.32 , 213.10
2504 , 13587 , 129.88 , -67.0 , 5 , 13.05 , 4.450 , 0.343 , 33.57 , 212.86
2514 , 13629 , 128.99 , -66.9 , 5 , 12.99 , 4.396 , 0.341 , 33.81 , 212.62
2524 , 13669 , 128.13 , -67.1 , 5 , 12.94 , 4.385 , 0.342 , 34.04 , 212.38
2534 , 13712 , 127.23 , -67.3 , 5 , 12.88 , 4.395 , 0.345 , 34.28 , 212.14
2543 , 13753 , 126.36 , -67.3 , 5 , 12.83 , 4.357 , 0.345 , 34.52 , 211.91
2553 , 13795 , 125.49 , -67.4 , 5 , 12.78 , 4.357 , 0.347 , 34.76 , 211.67
2563 , 13841 , 124.52 , -67.4 , 4 , 12.72 , 4.383 , 0.352 , 35.02 , 211.40
2573 , 13888 , 123.56 , -67.4 , 4 , 12.67 , 4.305 , 0.348 , 35.29 , 211.13
2583 , 13934 , 122.61 , -67.5 , 4 , 12.61 , 4.218 , 0.344 , 35.55 , 210.87
2593 , 13980 , 121.68 , -67.6 , 4 , 12.55 , 4.244 , 0.349 , 35.80 , 210.62
2603 , 14025 , 120.77 , -67.7 , 4 , 12.50 , 4.364 , 0.361 , 36.06 , 210.37
2613 , 14070 , 119.88 , -67.8 , 4 , 12.44 , 4.428 , 0.369 , 36.32 , 210.11
2623 , 14115 , 118.99 , -67.9 , 4 , 12.39 , 4.445 , 0.374 , 36.58 , 209.85
2633 , 14160 , 118.10 , -68.1 , 4 , 12.34 , 4.464 , 0.378 , 36.84 , 209.58
2643 , 14207 , 117.18 , -68.4 , 4 , 12.28 , 4.530 , 0.387 , 37.12 , 209.31
2653 , 14252 , 116.29 , -68.7 , 4 , 12.22 , 4.672 , 0.402 , 37.39 , 209.03
2663 , 14295 , 115.46 , -68.8 , 4 , 12.17 , 4.805 , 0.416 , 37.66 , 208.76
2673 , 14339 , 114.62 , -68.9 , 4 , 12.11 , 4.817 , 0.420 , 37.94 , 208.48
2683 , 14384 , 113.77 , -69.2 , 4 , 12.06 , 4.718 , 0.415 , 38.22 , 208.20
2693 , 14430 , 112.89 , -69.3 , 4 , 12.00 , 4.653 , 0.412 , 38.51 , 207.92
2703 , 14476 , 112.02 , -69.3 , 4 , 11.95 , 4.562 , 0.407 , 38.79 , 207.64
2713 , 14521 , 111.17 , -69.4 , 4 , 11.89 , 4.525 , 0.407 , 39.06 , 207.36
2723 , 14568 , 110.30 , -69.8 , 4 , 11.84 , 4.487 , 0.407 , 39.34 , 207.08
2733 , 14615 , 109.43 , -69.8 , 4 , 11.78 , 4.504 , 0.412 , 39.62 , 206.80
2743 , 14660 , 108.62 , -69.8 , 4 , 11.73 , 4.543 , 0.418 , 39.89 , 206.54
2753 , 14702 , 107.84 , -69.7 , 4 , 11.67 , 4.596 , 0.426 , 40.15 , 206.28
2762 , 14741 , 107.15 , -69.9 , 4 , 11.62 , 4.657 , 0.435 , 40.38 , 206.04
2772 , 14780 , 106.44 , -70.0 , 4 , 11.57 , 4.704 , 0.442 , 40.63 , 205.80
2782 , 14823 , 105.67 , -70.0 , 4 , 11.51 , 4.834 , 0.457 , 40.90 , 205.52
2792 , 14869 , 104.86 , -70.2 , 4 , 11.46 , 4.956 , 0.473 , 41.20 , 205.23
2802 , 14915 , 104.05 , -70.2 , 4 , 11.40 , 5.021 , 0.483 , 41.50 , 204.92
2812 , 14958 , 103.31 , -70.3 , 4 , 11.35 , 5.109 , 0.495 , 41.79 , 204.63
2822 , 15003 , 102.53 , -70.5 , 4 , 11.29 , 5.234 , 0.511 , 42.10 , 204.32
2832 , 15049 , 101.72 , -70.3 , 4 , 11.24 , 5.515 , 0.542 , 42.43 , 203.99
2842 , 15097 , 100.91 , -70.6 , 4 , 11.19 , 6.189 , 0.613 , 42.80 , 203.62
2852 , 15145 , 100.10 , -70.9 , 4 , 11.13 , 6.875 , 0.687 , 43.22 , 203.21
2862 , 15189 , 99.36 , -71.2 , 4 , 11.07 , 7.467 , 0.752 , 43.64 , 202.78
2872 , 15232 , 98.63 , -71.2 , 5 , 11.02 , 8.094 , 0.821 , 44.09 , 202.33
2882 , 15276 , 97.90 , -71.2 , 5 , 10.96 , 8.612 , 0.880 , 44.58 , 201.85
2892 , 15321 , 97.15 , -71.3 , 5 , 10.90 , 8.922 , 0.918 , 45.11 , 201.31
2902 , 15369 , 96.37 , -71.2 , 5 , 10.85 , 9.248 , 0.960 , 45.69 , 200.74
2912 , 15418 , 95.58 , -71.2 , 5 , 10.80 , 9.493 , 0.993 , 46.30 , 200.12
2922 , 15469 , 94.76 , -71.3 , 5 , 10.74 , 9.656 , 1.019 , 46.95 , 199.47
2932 , 15512 , 94.07 , -71.1 , 5 , 10.68 , 9.975 , 1.060 , 47.52 , 198.90
2942 , 15557 , 93.36 , -71.1 , 5 , 10.62 , 10.054 , 1.077 , 48.11 , 198.31
2952 , 15602 , 92.65 , -71.3 , 5 , 10.57 , 10.092 , 1.089 , 48.72 , 197.70
2962 , 15649 , 91.91 , -71.2 , 5 , 10.52 , 10.066 , 1.095 , 49.36 , 197.07
2972 , 15697 , 91.17 , -71.3 , 5 , 10.46 , 9.972 , 1.094 , 50.00 , 196.42
2982 , 15744 , 90.45 , -71.4 , 5 , 10.40 , 9.927 , 1.098 , 50.63 , 195.80
2992 , 15793 , 89.70 , -71.4 , 5 , 10.35 , 9.812 , 1.094 , 51.27 , 195.15
3002 , 15842 , 88.96 , -71.8 , 5 , 10.29 , 9.567 , 1.075 , 51.90 , 194.52
3012 , 15890 , 88.23 , -72.1 , 6 , 10.24 , 9.387 , 1.064 , 52.52 , 193.91
3022 , 15939 , 87.51 , -72.5 , 6 , 10.19 , 9.155 , 1.046 , 53.12 , 193.30
3032 , 15988 , 86.78 , -72.7 , 6 , 10.13 , 8.966 , 1.033 , 53.72 , 192.70
3041 , 16035 , 86.09 , -72.9 , 6 , 10.09 , 8.793 , 1.021 , 54.28 , 192.14
3051 , 16082 , 85.40 , -73.0 , 6 , 10.05 , 8.632 , 1.011 , 54.83 , 191.59
3061 , 16130 , 84.70 , -73.0 , 6 , 10.01 , 8.393 , 0.991 , 55.39 , 191.04
3071 , 16177 , 84.02 , -73.1 , 6 , 9.96 , 8.181 , 0.974 , 55.91 , 190.51
3080 , 16221 , 83.39 , -73.3 , 6 , 9.91 , 8.176 , 0.980 , 56.40 , 190.03
3089 , 16264 , 82.79 , -73.4 , 6 , 9.87 , 8.233 , 0.994 , 56.86 , 189.56
3099 , 16309 , 82.15 , -73.6 , 6 , 9.82 , 8.301 , 1.010 , 57.37 , 189.05
3109 , 16356 , 81.50 , -73.7 , 6 , 9.77 , 8.578 , 1.053 , 57.90 , 188.52
3119 , 16403 , 80.84 , -73.9 , 6 , 9.72 , 8.894 , 1.100 , 58.46 , 187.96
3129 , 16450 , 80.19 , -74.1 , 6 , 9.67 , 9.217 , 1.149 , 59.03 , 187.39
3139 , 16496 , 79.56 , -74.2 , 6 , 9.62 , 9.464 , 1.190 , 59.62 , 186.80
3149 , 16541 , 78.95 , -74.4 , 7 , 9.57 , 9.634 , 1.220 , 60.20 , 186.22
3159 , 16586 , 78.34 , -74.5 , 7 , 9.52 , 9.757 , 1.245 , 60.79 , 185.63
3169 , 16629 , 77.75 , -74.4 , 7 , 9.47 , 9.960 , 1.281 , 61.38 , 185.04
3179 , 16673 , 77.17 , -74.5 , 7 , 9.42 , 10.316 , 1.337 , 61.98 , 184.44
3189 , 16718 , 76.58 , -74.2 , 7 , 9.38 , 10.910 , 1.425 , 62.62 , 183.80
3199 , 16762 , 76.00 , -74.1 , 7 , 9.32 , 11.582 , 1.524 , 63.30 , 183.12
3209 , 16807 , 75.41 , -74.3 , 7 , 9.27 , 12.232 , 1.622 , 64.03 , 182.40
3219 , 16853 , 74.82 , -74.6 , 7 , 9.22 , 12.768 , 1.707 , 64.81 , 181.61
3229 , 16900 , 74.22 , -74.7 , 7 , 9.17 , 13.134 , 1.770 , 65.64 , 180.79
3239 , 16947 , 73.62 , -74.8 , 7 , 9.12 , 13.445 , 1.826 , 66.48 , 179.94
3249 , 16994 , 73.03 , -74.7 , 7 , 9.07 , 13.641 , 1.868 , 67.34 , 179.08
3259 , 17041 , 72.44 , -74.6 , 8 , 9.02 , 13.727 , 1.895 , 68.22 , 178.20
3269 , 17085 , 71.89 , -74.7 , 8 , 8.97 , 13.679 , 1.903 , 69.04 , 177.38
3279 , 17132 , 71.32 , -74.3 , 8 , 8.92 , 13.601 , 1.907 , 69.90 , 176.52
3289 , 17177 , 70.77 , -74.4 , 8 , 8.87 , 13.584 , 1.920 , 70.73 , 175.69
3299 , 17220 , 70.24 , -74.5 , 8 , 8.82 , 13.599 , 1.936 , 71.54 , 174.89
3309 , 17264 , 69.72 , -74.6 , 8 , 8.77 , 13.643 , 1.957 , 72.34 , 174.09
3319 , 17311 , 69.15 , -74.6 , 8 , 8.72 , 13.630 , 1.971 , 73.21 , 173.21
3329 , 17357 , 68.61 , -74.5 , 8 , 8.67 , 13.559 , 1.976 , 74.06 , 172.36
3339 , 17402 , 68.08 , -74.6 , 8 , 8.62 , 13.607 , 1.999 , 74.90 , 171.53
3349 , 17448 , 67.54 , -74.8 , 8 , 8.56 , 13.551 , 2.006 , 75.75 , 170.68
3359 , 17495 , 67.00 , -74.6 , 8 , 8.51 , 13.518 , 2.018 , 76.60 , 169.82
3369 , 17541 , 66.47 , -74.4 , 8 , 8.46 , 13.444 , 2.022 , 77.44 , 168.98
3379 , 17588 , 65.93 , -74.4 , 8 , 8.41 , 13.330 , 2.022 , 78.31 , 168.12
3388 , 17634 , 65.42 , -74.3 , 8 , 8.36 , 13.311 , 2.035 , 79.12 , 167.30
3397 , 17676 , 64.94 , -74.2 , 8 , 8.31 , 13.303 , 2.049 , 79.89 , 166.53
3407 , 17720 , 64.46 , -74.3 , 8 , 8.26 , 13.190 , 2.046 , 80.67 , 165.75
3417 , 17767 , 63.94 , -74.6 , 8 , 8.20 , 13.180 , 2.061 , 81.51 , 164.91
3427 , 17813 , 63.43 , -74.8 , 8 , 8.15 , 13.170 , 2.076 , 82.34 , 164.08
3437 , 17861 , 62.92 , -75.0 , 8 , 8.09 , 13.174 , 2.094 , 83.19 , 163.23
3447 , 17907 , 62.41 , -75.2 , 8 , 8.04 , 13.202 , 2.115 , 84.04 , 162.39
3457 , 17955 , 61.90 , -75.3 , 8 , 7.98 , 13.324 , 2.153 , 84.90 , 161.52
3467 , 18001 , 61.41 , -75.2 , 8 , 7.93 , 13.294 , 2.165 , 85.73 , 160.70
3477 , 18049 , 60.90 , -75.0 , 8 , 7.87 , 13.158 , 2.161 , 86.59 , 159.83
3487 , 18097 , 60.40 , -74.9 , 8 , 7.82 , 13.164 , 2.179 , 87.45 , 158.98
3497 , 18144 , 59.91 , -75.0 , 8 , 7.76 , 13.150 , 2.195 , 88.30 , 158.12
3507 , 18191 , 59.43 , -75.0 , 8 , 7.71 , 13.194 , 2.220 , 89.13 , 157.30
3517 , 18239 , 58.94 , -74.9 , 8 , 7.65 , 13.174 , 2.235 , 89.99 , 156.43
3527 , 18287 , 58.45 , -75.1 , 8 , 7.59 , 13.173 , 2.254 , 90.86 , 155.57
3537 , 18333 , 57.99 , -75.2 , 8 , 7.54 , 13.147 , 2.267 , 91.68 , 154.74
3547 , 18383 , 57.50 , -75.2 , 8 , 7.48 , 13.094 , 2.277 , 92.57 , 153.85
3557 , 18429 , 57.04 , -75.1 , 8 , 7.42 , 13.135 , 2.303 , 93.40 , 153.03
3566 , 18476 , 56.58 , -75.3 , 8 , 7.36 , 13.314 , 2.353 , 94.24 , 152.18
3576 , 18523 , 56.12 , -75.4 , 8 , 7.31 , 13.408 , 2.389 , 95.09 , 151.33
3586 , 18569 , 55.67 , -75.4 , 8 , 7.25 , 13.499 , 2.425 , 95.95 , 150.48
3596 , 18619 , 55.20 , -75.3 , 8 , 7.19 , 13.622 , 2.468 , 96.86 , 149.56
3606 , 18670 , 54.72 , -75.1 , 8 , 7.13 , 13.663 , 2.497 , 97.81 , 148.61
3616 , 18719 , 54.26 , -75.0 , 8 , 7.07 , 13.857 , 2.554 , 98.73 , 147.69
3626 , 18771 , 53.77 , -75.1 , 8 , 7.01 , 13.993 , 2.602 , 99.71 , 146.71
3636 , 18821 , 53.30 , -75.4 , 8 , 6.96 , 14.157 , 2.656 , 100.69 , 145.74
3646 , 18873 , 52.83 , -75.7 , 8 , 6.90 , 14.088 , 2.667 , 101.68 , 144.74
3656 , 18924 , 52.37 , -75.9 , 8 , 6.84 , 14.010 , 2.675 , 102.65 , 143.77
3666 , 18973 , 51.92 , -76.0 , 8 , 6.78 , 14.068 , 2.709 , 103.60 , 142.82
3676 , 19024 , 51.47 , -76.1 , 8 , 6.72 , 14.061 , 2.732 , 104.57 , 141.85
3686 , 19077 , 50.99 , -76.2 , 8 , 6.66 , 14.093 , 2.764 , 105.61 , 140.81
3696 , 19128 , 50.55 , -76.0 , 8 , 6.60 , 14.165 , 2.802 , 106.59 , 139.83
3706 , 19181 , 50.09 , -75.6 , 8 , 6.54 , 14.118 , 2.819 , 107.61 , 138.81
3715 , 19229 , 49.67 , -75.7 , 8 , 6.48 , 14.043 , 2.827 , 108.53 , 137.90
3725 , 19279 , 49.24 , -75.5 , 8 , 6.43 , 14.019 , 2.847 , 109.49 , 136.93
3735 , 19331 , 48.80 , -75.6 , 8 , 6.37 , 13.990 , 2.867 , 110.49 , 135.93
3745 , 19382 , 48.37 , -75.7 , 8 , 6.31 , 13.892 , 2.872 , 111.46 , 134.97
3755 , 19433 , 47.95 , -75.7 , 8 , 6.26 , 13.918 , 2.902 , 112.42 , 134.01
3765 , 19485 , 47.52 , -75.6 , 8 , 6.20 , 13.832 , 2.911 , 113.41 , 133.01
3775 , 19534 , 47.12 , -75.8 , 8 , 6.14 , 13.657 , 2.899 , 114.33 , 132.09
3785 , 19585 , 46.70 , -76.0 , 8 , 6.08 , 13.661 , 2.925 , 115.28 , 131.14
3795 , 19635 , 46.30 , -75.9 , 8 , 6.03 , 13.627 , 2.943 , 116.21 , 130.22
3805 , 19684 , 45.91 , -75.8 , 8 , 5.97 , 13.670 , 2.977 , 117.12 , 129.30
3815 , 19735 , 45.51 , -75.9 , 8 , 5.92 , 13.827 , 3.038 , 118.08 , 128.34
3825 , 19783 , 45.13 , -76.0 , 8 , 5.86 , 13.905 , 3.081 , 118.99 , 127.44
3835 , 19830 , 44.77 , -75.7 , 8 , 5.81 , 14.006 , 3.129 , 119.88 , 126.54
3845 , 19878 , 44.39 , -75.6 , 8 , 5.75 , 14.008 , 3.155 , 120.81 , 125.61
3855 , 19925 , 44.04 , -75.7 , 8 , 5.69 , 14.073 , 3.196 , 121.71 , 124.72
3865 , 19972 , 43.68 , -75.9 , 8 , 5.64 , 14.155 , 3.241 , 122.62 , 123.80
3875 , 20020 , 43.31 , -76.0 , 8 , 5.59 , 14.085 , 3.252 , 123.55 , 122.88
3885 , 20069 , 42.95 , -75.8 , 8 , 5.53 , 14.076 , 3.277 , 124.48 , 121.94
3895 , 20115 , 42.61 , -76.0 , 8 , 5.48 , 14.127 , 3.316 , 125.37 , 121.05
3905 , 20160 , 42.28 , -76.3 , 8 , 5.43 , 14.082 , 3.331 , 126.25 , 120.18
3915 , 20210 , 41.91 , -76.6 , 8 , 5.39 , 14.073 , 3.358 , 127.21 , 119.21
3925 , 20256 , 41.58 , -76.4 , 8 , 5.34 , 13.972 , 3.360 , 128.08 , 118.34
3935 , 20302 , 41.25 , -76.5 , 8 , 5.30 , 14.036 , 3.403 , 128.98 , 117.44
3945 , 20354 , 40.88 , -76.3 , 8 , 5.25 , 13.948 , 3.412 , 129.96 , 116.46
3955 , 20402 , 40.54 , -75.8 , 7 , 5.21 , 13.920 , 3.434 , 130.88 , 115.54
3965 , 20452 , 40.19 , -75.9 , 8 , 5.17 , 13.993 , 3.482 , 131.83 , 114.59
3975 , 20502 , 39.84 , -76.2 , 8 , 5.13 , 13.957 , 3.503 , 132.80 , 113.62
3985 , 20552 , 39.50 , -76.3 , 7 , 5.08 , 13.836 , 3.503 , 133.74 , 112.69
3995 , 20601 , 39.16 , -76.0 , 7 , 5.03 , 13.778 , 3.518 , 134.67 , 111.75
4005 , 20652 , 38.82 , -76.1 , 7 , 4.98 , 13.765 , 3.546 , 135.63 , 110.79
4015 , 20704 , 38.47 , -76.3 , 7 , 4.93 , 13.799 , 3.587 , 136.61 , 109.81
4025 , 20757 , 38.12 , -76.3 , 7 , 4.88 , 13.741 , 3.605 , 137.61 , 108.81
4034 , 20806 , 37.79 , -76.1 , 7 , 4.82 , 13.698 , 3.624 , 138.54 , 107.88
4044 , 20856 , 37.47 , -76.0 , 7 , 4.77 , 13.754 , 3.670 , 139.47 , 106.96
4054 , 20908 , 37.13 , -76.0 , 7 , 4.72 , 13.726 , 3.696 , 140.45 , 105.97
4064 , 20962 , 36.79 , -76.0 , 7 , 4.66 , 13.659 , 3.713 , 141.47 , 104.96
4074 , 21013 , 36.46 , -76.1 , 7 , 4.60 , 13.554 , 3.717 , 142.41 , 104.01
4084 , 21067 , 36.12 , -76.4 , 7 , 4.55 , 13.523 , 3.744 , 143.41 , 103.01
4094 , 21121 , 35.78 , -76.6 , 7 , 4.49 , 13.442 , 3.756 , 144.42 , 102.01
4104 , 21176 , 35.45 , -76.3 , 7 , 4.43 , 13.350 , 3.766 , 145.42 , 101.00
4114 , 21230 , 35.12 , -75.8 , 7 , 4.38 , 13.220 , 3.765 , 146.40 , 100.02
4124 , 21282 , 34.80 , -75.8 , 7 , 4.32 , 13.092 , 3.762 , 147.34 , 99.09
4134 , 21332 , 34.50 , -75.6 , 7 , 4.26 , 13.115 , 3.802 , 148.24 , 98.19
4144 , 21386 , 34.18 , -75.6 , 7 , 4.20 , 13.105 , 3.834 , 149.19 , 97.23
4154 , 21438 , 33.87 , -75.8 , 7 , 4.14 , 13.027 , 3.846 , 150.13 , 96.30
4164 , 21492 , 33.56 , -76.2 , 7 , 4.08 , 12.895 , 3.842 , 151.08 , 95.35
4174 , 21544 , 33.25 , -76.6 , 7 , 4.02 , 12.879 , 3.873 , 152.01 , 94.41
4184 , 21598 , 32.94 , -76.6 , 7 , 3.96 , 12.854 , 3.902 , 152.96 , 93.46
4194 , 21652 , 32.64 , -76.8 , 7 , 3.90 , 12.806 , 3.924 , 153.91 , 92.52
4204 , 21706 , 32.33 , -77.1 , 7 , 3.84 , 12.857 , 3.977 , 154.86 , 91.56
4214 , 21757 , 32.05 , -77.2 , 7 , 3.78 , 12.846 , 4.008 , 155.76 , 90.67
4224 , 21809 , 31.76 , -77.2 , 7 , 3.73 , 12.670 , 3.990 , 156.67 , 89.76
4234 , 21862 , 31.47 , -77.3 , 7 , 3.67 , 12.507 , 3.975 , 157.58 , 88.84
4244 , 21915 , 31.18 , -77.2 , 7 , 3.61 , 12.455 , 3.995 , 158.49 , 87.93
4254 , 21967 , 30.90 , -77.1 , 7 , 3.56 , 12.340 , 3.994 , 159.38 , 87.04
4264 , 22017 , 30.63 , -77.4 , 7 , 3.50 , 12.241 , 3.997 , 160.23 , 86.19
4274 , 22068 , 30.36 , -77.8 , 7 , 3.45 , 12.054 , 3.971 , 161.08 , 85.34
4284 , 22122 , 30.07 , -77.9 , 7 , 3.39 , 11.963 , 3.978 , 161.98 , 84.44
4294 , 22175 , 29.79 , -78.0 , 7 , 3.33 , 11.995 , 4.026 , 162.86 , 83.56
4304 , 22228 , 29.52 , -78.1 , 7 , 3.28 , 11.797 , 3.997 , 163.73 , 82.70
4314 , 22279 , 29.25 , -78.1 , 7 , 3.22 , 11.717 , 4.005 , 164.56 , 81.86
4324 , 22334 , 28.98 , -78.1 , 7 , 3.17 , 11.659 , 4.024 , 165.44 , 80.98
4333 , 22384 , 28.72 , -78.2 , 7 , 3.12 , 11.544 , 4.019 , 166.25 , 80.17
4343 , 22432 , 28.48 , -78.4 , 7 , 3.07 , 11.477 , 4.030 , 167.02 , 79.40
4352 , 22484 , 28.22 , -78.6 , 7 , 3.02 , 11.369 , 4.028 , 167.84 , 78.59
4361 , 22534 , 27.97 , -78.8 , 7 , 2.97 , 11.320 , 4.047 , 168.63 , 77.80
4371 , 22585 , 27.73 , -78.8 , 7 , 2.92 , 11.217 , 4.045 , 169.41 , 77.01
4381 , 22638 , 27.47 , -79.1 , 7 , 2.87 , 11.110 , 4.044 , 170.23 , 76.19
4391 , 22690 , 27.22 , -79.3 , 7 , 2.82 , 10.957 , 4.025 , 171.03 , 75.39
4401 , 22743 , 26.96 , -79.6 , 7 , 2.76 , 10.849 , 4.024 , 171.85 , 74.58
4411 , 22797 , 26.71 , -79.9 , 7 , 2.71 , 10.741 , 4.022 , 172.65 , 73.77
4421 , 22851 , 26.45 , -80.1 , 7 , 2.66 , 10.614 , 4.012 , 173.46 , 72.96
4431 , 22908 , 26.19 , -80.4 , 7 , 2.61 , 10.514 , 4.015 , 174.30 , 72.12
4441 , 22965 , 25.93 , -80.5 , 7 , 2.56 , 10.391 , 4.008 , 175.14 , 71.29
4451 , 23024 , 25.65 , -80.6 , 7 , 2.50 , 10.407 , 4.057 , 176.00 , 70.43
4461 , 23081 , 25.40 , -80.6 , 7 , 2.45 , 10.312 , 4.060 , 176.82 , 69.60
4471 , 23134 , 25.16 , -80.6 , 7 , 2.40 , 10.091 , 4.011 , 177.58 , 68.84
4481 , 23186 , 24.93 , -80.6 , 7 , 2.35 , 9.968 , 3.999 , 178.31 , 68.11
4491 , 23244 , 24.67 , -80.6 , 7 , 2.30 , 9.866 , 3.999 , 179.12 , 67.31
4501 , 23300 , 24.43 , -80.7 , 7 , 2.24 , 9.792 , 4.008 , 179.88 , 66.54
4511 , 23356 , 24.19 , -80.8 , 7 , 2.19 , 9.668 , 3.997 , 180.65 , 65.77
4521 , 23414 , 23.94 , -80.8 , 7 , 2.14 , 9.571 , 3.998 , 181.44 , 64.99
4531 , 23473 , 23.69 , -80.8 , 7 , 2.09 , 9.506 , 4.012 , 182.22 , 64.21
4541 , 23531 , 23.45 , -81.0 , 7 , 2.04 , 9.443 , 4.028 , 183.00 , 63.43
4551 , 23587 , 23.22 , -81.2 , 7 , 1.98 , 9.345 , 4.025 , 183.72 , 62.70
4561 , 23647 , 22.97 , -81.5 , 7 , 1.93 , 9.232 , 4.020 , 184.52 , 61.91
4571 , 23708 , 22.72 , -81.7 , 7 , 1.88 , 9.158 , 4.031 , 185.30 , 61.13
4581 , 23768 , 22.48 , -81.7 , 7 , 1.83 , 9.066 , 4.033 , 186.07 , 60.36
4591 , 23828 , 22.24 , -81.9 , 7 , 1.78 , 8.948 , 4.024 , 186.84 , 59.58
4601 , 23887 , 22.00 , -82.3 , 7 , 1.73 , 8.796 , 3.998 , 187.58 , 58.85
4611 , 23943 , 21.79 , -82.6 , 7 , 1.68 , 8.675 , 3.982 , 188.26 , 58.16
4621 , 24005 , 21.54 , -82.7 , 7 , 1.63 , 8.591 , 3.988 , 189.02 , 57.40
4631 , 24064 , 21.32 , -82.9 , 7 , 1.57 , 8.478 , 3.977 , 189.73 , 56.69
4641 , 24122 , 21.10 , -83.2 , 7 , 1.52 , 8.401 , 3.982 , 190.43 , 55.99
4651 , 24177 , 20.89 , -83.5 , 7 , 1.47 , 8.281 , 3.965 , 191.08 , 55.34
4660 , 24231 , 20.69 , -83.7 , 7 , 1.42 , 8.119 , 3.925 , 191.71 , 54.71
4669 , 24282 , 20.50 , -83.7 , 7 , 1.38 , 8.012 , 3.909 , 192.29 , 54.13
4679 , 24333 , 20.31 , -83.8 , 7 , 1.33 , 7.958 , 3.919 , 192.87 , 53.55
4689 , 24389 , 20.11 , -83.7 , 7 , 1.28 , 7.910 , 3.934 , 193.50 , 52.92
4699 , 24444 , 19.91 , -83.7 , 7 , 1.23 , 7.859 , 3.948 , 194.12 , 52.30
4709 , 24495 , 19.72 , -83.9 , 7 , 1.18 , 7.735 , 3.922 , 194.70 , 51.73
4719 , 24547 , 19.54 , -84.0 , 7 , 1.13 , 7.624 , 3.902 , 195.26 , 51.17
4729 , 24599 , 19.36 , -83.6 , 7 , 1.08 , 7.592 , 3.922 , 195.82 , 50.60
4739 , 24649 , 19.18 , -83.5 , 7 , 1.02 , 7.483 , 3.901 , 196.36 , 50.06
4749 , 24695 , 19.02 , -83.4 , 7 , 0.98 , 7.398 , 3.889 , 196.85 , 49.57
4759 , 24745 , 18.85 , -83.3 , 7 , 0.93 , 7.266 , 3.854 , 197.37 , 49.05
4769 , 24792 , 18.69 , -83.3 , 7 , 0.88 , 7.146 , 3.822 , 197.85 , 48.57
4779 , 24847 , 18.51 , -83.3 , 7 , 0.82 , 7.001 , 3.782 , 198.40 , 48.02
4789 , 24896 , 18.35 , -83.4 , 7 , 0.78 , 6.900 , 3.761 , 198.89 , 47.54
4799 , 24949 , 18.17 , -83.3 , 7 , 0.72 , 6.835 , 3.761 , 199.40 , 47.02
4809 , 25004 , 18.00 , -83.3 , 7 , 0.67 , 6.776 , 3.765 , 199.93 , 46.49
4819 , 25057 , 17.83 , -82.9 , 7 , 0.63 , 6.630 , 3.719 , 200.43 , 45.99
4829 , 25110 , 17.66 , -83.0 , 8 , 0.58 , 6.502 , 3.683 , 200.93 , 45.49
4839 , 25163 , 17.49 , -83.1 , 8 , 0.53 , 6.407 , 3.664 , 201.42 , 45.00
4849 , 25218 , 17.32 , -83.5 , 8 , 0.48 , 6.323 , 3.651 , 201.91 , 44.51
4859 , 25274 , 17.14 , -83.7 , 8 , 0.43 , 6.284 , 3.665 , 202.41 , 44.01
4869 , 25329 , 16.98 , -83.7 , 8 , 0.38 , 6.162 , 3.630 , 202.90 , 43.53
4879 , 25384 , 16.81 , -83.7 , 8 , 0.33 , 6.104 , 3.632 , 203.38 , 43.04
4889 , 25442 , 16.63 , -83.8 , 8 , 0.28 , 6.058 , 3.643 , 203.89 , 42.54
4898 , 25495 , 16.47 , -83.9 , 8 , 0.23 , 6.029 , 3.660 , 204.34 , 42.08
4908 , 25556 , 16.29 , -83.9 , 8 , 0.19 , 5.929 , 3.639 , 204.86 , 41.57
4918 , 25614 , 16.12 , -83.9 , 8 , 0.14 , 5.961 , 3.697 , 205.35 , 41.07
4928 , 25673 , 15.95 , -84.0 , 8 , 0.09 , 5.803 , 3.638 , 205.85 , 40.58
4938 , 25731 , 15.79 , -84.0 , 8 , 0.04 , 5.678 , 3.597 , 206.32 , 40.11
4948 , 25786 , 15.63 , -84.0 , 8 , -0.01 , 5.625 , 3.599 , 206.77 , 39.66
4958 , 25845 , 15.47 , -84.1 , 8 , -0.06 , 5.557 , 3.593 , 207.23 , 39.19
4968 , 25899 , 15.32 , -84.3 , 8 , -0.10 , 5.448 , 3.557 , 207.65 , 38.77
4978 , 25947 , 15.18 , -84.4 , 8 , -0.15 , 5.376 , 3.541 , 208.03 , 38.40
4987 , 25998 , 15.04 , -84.2 , 8 , -0.19 , 5.331 , 3.544 , 208.42 , 38.00
4997 , 26049 , 14.91 , -84.4 , 8 , -0.24 , 5.187 , 3.480 , 208.80 , 37.63
5007 , 26101 , 14.76 , -84.8 , 8 , -0.29 , 5.042 , 3.415 , 209.18 , 37.24
5017 , 26148 , 14.64 , -85.0 , 8 , -0.33 , 4.926 , 3.365 , 209.52 , 36.91
5027 , 26198 , 14.51 , -84.9 , 8 , -0.38 , 4.861 , 3.351 , 209.87 , 36.56
5037 , 26252 , 14.37 , -84.5 , 8 , -0.43 , 4.823 , 3.357 , 210.24 , 36.18
5046 , 26300 , 14.24 , -84.6 , 8 , -0.47 , 4.835 , 3.395 , 210.57 , 35.85
5056 , 26351 , 14.11 , -84.9 , 8 , -0.51 , 4.764 , 3.376 , 210.92 , 35.50
5066 , 26400 , 13.98 , -84.6 , 8 , -0.56 , 4.688 , 3.352 , 211.26 , 35.17
5076 , 26456 , 13.84 , -83.7 , 8 , -0.60 , 4.621 , 3.338 , 211.63 , 34.80
5086 , 26507 , 13.72 , -83.2 , 8 , -0.65 , 4.548 , 3.316 , 211.96 , 34.47
5096 , 26559 , 13.59 , -82.7 , 8 , -0.70 , 4.513 , 3.321 , 212.29 , 34.13
5106 , 26615 , 13.45 , -82.0 , 8 , -0.74 , 4.440 , 3.301 , 212.65 , 33.77
5116 , 26677 , 13.31 , -81.3 , 8 , -0.79 , 4.393 , 3.301 , 213.03 , 33.39
5126 , 26730 , 13.18 , -80.4 , 8 , -0.83 , 4.348 , 3.298 , 213.35 , 33.07
5136 , 26786 , 13.05 , -80.2 , 8 , -0.88 , 4.247 , 3.254 , 213.69 , 32.73
5146 , 26850 , 12.90 , -80.4 , 8 , -0.92 , 4.161 , 3.224 , 214.07 , 32.35
5156 , 26908 , 12.77 , -80.6 , 8 , -0.96 , 4.178 , 3.271 , 214.41 , 32.02
5166 , 26970 , 12.63 , -80.9 , 8 , -1.00 , 4.087 , 3.235 , 214.76 , 31.66
5176 , 27036 , 12.49 , -80.9 , 8 , -1.05 , 4.020 , 3.220 , 215.14 , 31.28
5186 , 27095 , 12.35 , -80.7 , 8 , -1.09 , 4.022 , 3.255 , 215.48 , 30.95
5196 , 27162 , 12.21 , -80.2 , 8 , -1.13 , 3.976 , 3.257 , 215.85 , 30.58
5206 , 27227 , 12.07 , -79.7 , 8 , -1.17 , 3.916 , 3.244 , 216.20 , 30.22
5216 , 27285 , 11.95 , -79.3 , 8 , -1.21 , 3.842 , 3.216 , 216.52 , 29.90
5226 , 27344 , 11.82 , -78.8 , 8 , -1.25 , 3.749 , 3.171 , 216.83 , 29.59
