# ------------------------------------------------------------
#
# Flight name: V2912
# Station: Davis
# Launch Date: 03 July 2012
# Launch Time: 11:15:11
# 
# This file created: Mon Jul 09 11:41:10 2012
# 
# 
# ------------------------------------------------------------
# DATA COLUMNS
# Time (s)
# Height (m)
# Atmospheric Pressure (hPa)
# Atmospheric Temperature (°C)
# Relative Humidity (%)
# Box Temperature (°C)
# Ozone Partial Pressure (mPa)
# Ozone Mixing Ratio (ppmV)
# Accumulated Ozone to this Height (Dobson Units)
# Remaining Ozone above this Height (Dobson Units)
# 
# ------------------------------------------------------------
# 
# Integrated Ozone = 253.2 DU
# Extrapolated Ozone =  28.3 DU
# 
# Total Ozone = 281.5 DU
# 
# 
# ------------------------------------------------------------
0 , 18 , 1001.33 , -18.5 , 52 , 35.65 , 2.891 , 0.029 , 0.00 , 281.52
9 , 58 , 995.99 , -15.8 , 46 , 35.64 , 3.027 , 0.030 , 0.12 , 281.39
18 , 101 , 990.22 , -15.2 , 42 , 35.63 , 3.075 , 0.031 , 0.26 , 281.25
28 , 147 , 984.20 , -15.0 , 44 , 35.62 , 3.107 , 0.032 , 0.41 , 281.11
38 , 201 , 977.22 , -14.8 , 50 , 35.62 , 3.124 , 0.032 , 0.59 , 280.93
48 , 250 , 970.95 , -15.3 , 62 , 35.60 , 3.129 , 0.032 , 0.75 , 280.77
58 , 301 , 964.36 , -15.7 , 66 , 35.59 , 3.127 , 0.032 , 0.92 , 280.60
68 , 352 , 957.93 , -16.1 , 68 , 35.57 , 3.126 , 0.033 , 1.08 , 280.44
78 , 398 , 952.12 , -16.5 , 72 , 35.55 , 3.142 , 0.033 , 1.23 , 280.29
88 , 447 , 945.86 , -16.9 , 78 , 35.52 , 3.123 , 0.033 , 1.39 , 280.12
98 , 499 , 939.36 , -17.2 , 58 , 35.47 , 3.092 , 0.033 , 1.56 , 279.96
108 , 544 , 933.71 , -17.3 , 38 , 35.41 , 3.093 , 0.033 , 1.71 , 279.81
118 , 592 , 927.76 , -17.2 , 31 , 35.37 , 3.091 , 0.033 , 1.87 , 279.65
128 , 638 , 922.06 , -17.1 , 30 , 35.33 , 3.078 , 0.033 , 2.02 , 279.50
138 , 687 , 916.08 , -17.3 , 30 , 35.29 , 3.073 , 0.034 , 2.17 , 279.34
148 , 739 , 909.76 , -16.7 , 28 , 35.26 , 3.057 , 0.034 , 2.34 , 279.18
158 , 788 , 903.76 , -16.7 , 26 , 35.22 , 3.035 , 0.034 , 2.50 , 279.02
168 , 836 , 898.04 , -16.7 , 28 , 35.14 , 3.037 , 0.034 , 2.65 , 278.87
178 , 888 , 891.87 , -16.5 , 30 , 35.07 , 3.014 , 0.034 , 2.82 , 278.70
188 , 940 , 885.68 , -16.3 , 30 , 35.00 , 2.991 , 0.034 , 2.98 , 278.54
198 , 989 , 879.99 , -16.2 , 32 , 34.95 , 2.973 , 0.034 , 3.13 , 278.38
208 , 1041 , 873.88 , -15.9 , 35 , 34.95 , 2.939 , 0.034 , 3.30 , 278.22
218 , 1093 , 867.92 , -15.4 , 40 , 34.91 , 2.925 , 0.034 , 3.46 , 278.06
228 , 1147 , 861.74 , -14.9 , 47 , 34.87 , 2.890 , 0.034 , 3.62 , 277.90
238 , 1196 , 856.17 , -15.0 , 48 , 34.85 , 2.875 , 0.034 , 3.77 , 277.75
248 , 1254 , 849.57 , -15.1 , 49 , 34.81 , 2.845 , 0.033 , 3.94 , 277.58
258 , 1318 , 842.45 , -15.3 , 49 , 34.75 , 2.794 , 0.033 , 4.13 , 277.39
268 , 1370 , 836.67 , -15.4 , 52 , 34.69 , 2.798 , 0.033 , 4.28 , 277.24
278 , 1419 , 831.23 , -15.5 , 53 , 34.62 , 2.781 , 0.033 , 4.42 , 277.09
288 , 1473 , 825.34 , -15.7 , 51 , 34.54 , 2.751 , 0.033 , 4.58 , 276.94
298 , 1529 , 819.14 , -16.2 , 52 , 34.47 , 2.730 , 0.033 , 4.74 , 276.78
308 , 1584 , 813.21 , -16.5 , 52 , 34.42 , 2.712 , 0.033 , 4.90 , 276.62
318 , 1641 , 807.10 , -16.7 , 52 , 34.38 , 2.694 , 0.033 , 5.06 , 276.46
327 , 1694 , 801.41 , -16.6 , 46 , 34.34 , 2.686 , 0.034 , 5.21 , 276.31
337 , 1749 , 795.51 , -17.0 , 44 , 34.28 , 2.670 , 0.034 , 5.37 , 276.15
347 , 1809 , 789.23 , -17.4 , 44 , 34.23 , 2.647 , 0.034 , 5.53 , 275.99
357 , 1862 , 783.60 , -17.5 , 38 , 34.17 , 2.629 , 0.034 , 5.68 , 275.84
367 , 1913 , 778.36 , -17.8 , 36 , 34.13 , 2.611 , 0.034 , 5.82 , 275.70
377 , 1967 , 772.67 , -18.1 , 36 , 34.08 , 2.596 , 0.034 , 5.97 , 275.55
387 , 2016 , 767.64 , -18.6 , 36 , 34.05 , 2.585 , 0.034 , 6.10 , 275.41
397 , 2064 , 762.69 , -19.1 , 37 , 33.99 , 2.565 , 0.034 , 6.24 , 275.28
407 , 2115 , 757.45 , -19.5 , 38 , 33.93 , 2.550 , 0.034 , 6.37 , 275.14
417 , 2167 , 752.16 , -20.0 , 38 , 33.86 , 2.542 , 0.034 , 6.52 , 275.00
427 , 2224 , 746.47 , -20.5 , 40 , 33.80 , 2.519 , 0.034 , 6.67 , 274.85
437 , 2272 , 741.61 , -20.9 , 42 , 33.76 , 2.508 , 0.034 , 6.80 , 274.72
447 , 2325 , 736.27 , -21.3 , 42 , 33.72 , 2.498 , 0.034 , 6.94 , 274.58
457 , 2381 , 730.70 , -21.8 , 42 , 33.66 , 2.483 , 0.034 , 7.09 , 274.43
467 , 2434 , 725.48 , -22.3 , 43 , 33.61 , 2.461 , 0.034 , 7.23 , 274.29
477 , 2492 , 719.78 , -22.8 , 45 , 33.56 , 2.434 , 0.034 , 7.38 , 274.14
487 , 2545 , 714.60 , -23.2 , 45 , 33.51 , 2.418 , 0.034 , 7.52 , 274.00
497 , 2595 , 709.68 , -23.6 , 46 , 33.47 , 2.405 , 0.034 , 7.65 , 273.87
507 , 2646 , 704.79 , -24.1 , 46 , 33.44 , 2.397 , 0.034 , 7.78 , 273.74
517 , 2701 , 699.44 , -24.4 , 39 , 33.39 , 2.371 , 0.034 , 7.93 , 273.59
527 , 2759 , 693.94 , -24.8 , 33 , 33.34 , 2.356 , 0.034 , 8.07 , 273.45
537 , 2815 , 688.60 , -25.4 , 34 , 33.29 , 2.353 , 0.034 , 8.22 , 273.30
547 , 2873 , 683.08 , -25.8 , 34 , 33.24 , 2.341 , 0.034 , 8.37 , 273.15
557 , 2937 , 677.03 , -26.3 , 36 , 33.19 , 2.330 , 0.034 , 8.53 , 272.99
567 , 3004 , 670.80 , -26.9 , 38 , 33.13 , 2.299 , 0.034 , 8.70 , 272.82
577 , 3061 , 665.55 , -27.3 , 38 , 33.08 , 2.306 , 0.035 , 8.84 , 272.68
587 , 3115 , 660.54 , -27.8 , 38 , 33.04 , 2.287 , 0.035 , 8.98 , 272.54
597 , 3173 , 655.24 , -28.2 , 38 , 32.98 , 2.272 , 0.035 , 9.12 , 272.40
607 , 3227 , 650.29 , -28.6 , 40 , 32.93 , 2.255 , 0.035 , 9.26 , 272.26
617 , 3281 , 645.38 , -29.1 , 40 , 32.88 , 2.236 , 0.035 , 9.39 , 272.13
627 , 3341 , 640.06 , -29.6 , 38 , 32.82 , 2.214 , 0.035 , 9.54 , 271.98
636 , 3397 , 634.97 , -30.0 , 35 , 32.77 , 2.201 , 0.035 , 9.68 , 271.84
646 , 3453 , 630.00 , -30.5 , 36 , 32.72 , 2.187 , 0.035 , 9.81 , 271.71
656 , 3513 , 624.76 , -31.1 , 37 , 32.65 , 2.171 , 0.035 , 9.96 , 271.56
666 , 3566 , 620.09 , -31.6 , 37 , 32.57 , 2.157 , 0.035 , 10.08 , 271.43
676 , 3623 , 615.10 , -32.0 , 36 , 32.51 , 2.139 , 0.035 , 10.22 , 271.30
686 , 3679 , 610.22 , -32.5 , 36 , 32.45 , 2.113 , 0.035 , 10.36 , 271.16
696 , 3737 , 605.21 , -33.0 , 37 , 32.38 , 2.104 , 0.035 , 10.49 , 271.03
706 , 3798 , 599.99 , -33.5 , 36 , 32.32 , 2.085 , 0.035 , 10.64 , 270.88
716 , 3861 , 594.57 , -34.0 , 36 , 32.27 , 2.075 , 0.035 , 10.78 , 270.73
726 , 3918 , 589.75 , -34.5 , 36 , 32.21 , 2.072 , 0.035 , 10.92 , 270.60
736 , 3973 , 585.15 , -35.0 , 35 , 32.16 , 2.057 , 0.035 , 11.05 , 270.47
746 , 4032 , 580.23 , -35.4 , 32 , 32.11 , 2.033 , 0.035 , 11.18 , 270.34
756 , 4089 , 575.44 , -35.8 , 31 , 32.05 , 2.032 , 0.035 , 11.31 , 270.20
766 , 4153 , 570.19 , -36.4 , 31 , 31.99 , 2.017 , 0.035 , 11.46 , 270.06
776 , 4213 , 565.26 , -37.0 , 33 , 31.94 , 2.009 , 0.036 , 11.60 , 269.92
786 , 4271 , 560.51 , -37.5 , 32 , 31.89 , 1.990 , 0.035 , 11.73 , 269.79
796 , 4328 , 555.89 , -38.0 , 32 , 31.83 , 1.972 , 0.035 , 11.86 , 269.66
806 , 4381 , 551.67 , -38.3 , 30 , 31.77 , 1.962 , 0.036 , 11.98 , 269.54
816 , 4440 , 546.94 , -38.7 , 28 , 31.72 , 1.943 , 0.036 , 12.11 , 269.41
826 , 4501 , 542.06 , -39.3 , 25 , 31.67 , 1.927 , 0.036 , 12.25 , 269.27
836 , 4566 , 536.97 , -39.8 , 23 , 31.61 , 1.910 , 0.036 , 12.39 , 269.13
846 , 4624 , 532.41 , -40.2 , 21 , 31.56 , 1.895 , 0.036 , 12.52 , 269.00
856 , 4679 , 528.11 , -40.4 , 18 , 31.50 , 1.885 , 0.036 , 12.64 , 268.88
866 , 4735 , 523.80 , -40.7 , 14 , 31.44 , 1.868 , 0.036 , 12.76 , 268.76
876 , 4789 , 519.63 , -41.0 , 13 , 31.39 , 1.855 , 0.036 , 12.88 , 268.64
886 , 4848 , 515.14 , -41.4 , 12 , 31.35 , 1.839 , 0.036 , 13.01 , 268.51
896 , 4909 , 510.54 , -41.9 , 13 , 31.29 , 1.829 , 0.036 , 13.14 , 268.38
906 , 4969 , 506.05 , -42.5 , 14 , 31.22 , 1.819 , 0.036 , 13.26 , 268.26
916 , 5030 , 501.47 , -43.0 , 15 , 31.18 , 1.804 , 0.036 , 13.39 , 268.13
926 , 5086 , 497.35 , -43.2 , 16 , 31.12 , 1.806 , 0.036 , 13.51 , 268.01
935 , 5144 , 493.04 , -43.6 , 17 , 31.07 , 1.809 , 0.037 , 13.64 , 267.88
944 , 5198 , 489.12 , -44.0 , 17 , 31.03 , 1.795 , 0.037 , 13.75 , 267.77
954 , 5252 , 485.15 , -44.3 , 18 , 30.97 , 1.778 , 0.037 , 13.86 , 267.66
964 , 5314 , 480.70 , -44.6 , 18 , 30.91 , 1.788 , 0.037 , 13.99 , 267.53
974 , 5369 , 476.77 , -45.1 , 18 , 30.86 , 1.797 , 0.038 , 14.11 , 267.41
984 , 5427 , 472.65 , -45.5 , 18 , 30.80 , 1.804 , 0.038 , 14.23 , 267.29
994 , 5483 , 468.65 , -46.0 , 17 , 30.74 , 1.818 , 0.039 , 14.35 , 267.16
1004 , 5544 , 464.40 , -46.4 , 16 , 30.67 , 1.841 , 0.040 , 14.49 , 267.03
1014 , 5602 , 460.32 , -46.6 , 13 , 30.62 , 1.889 , 0.041 , 14.62 , 266.90
1024 , 5662 , 456.23 , -46.5 , 9 , 30.54 , 1.952 , 0.043 , 14.75 , 266.77
1034 , 5723 , 452.05 , -46.5 , 7 , 30.48 , 2.088 , 0.046 , 14.90 , 266.62
1044 , 5784 , 447.89 , -46.6 , 6 , 30.42 , 2.217 , 0.050 , 15.05 , 266.46
1054 , 5848 , 443.57 , -46.6 , 5 , 30.33 , 2.330 , 0.053 , 15.23 , 266.29
1064 , 5906 , 439.70 , -46.6 , 6 , 30.26 , 2.361 , 0.054 , 15.39 , 266.13
1074 , 5968 , 435.60 , -47.0 , 10 , 30.21 , 2.164 , 0.050 , 15.56 , 265.96
1084 , 6032 , 431.46 , -47.4 , 13 , 30.15 , 2.012 , 0.047 , 15.72 , 265.80
1094 , 6094 , 427.43 , -47.6 , 14 , 30.08 , 1.959 , 0.046 , 15.86 , 265.66
1104 , 6154 , 423.51 , -47.8 , 13 , 29.99 , 1.870 , 0.044 , 16.00 , 265.52
1114 , 6210 , 419.95 , -48.1 , 9 , 29.93 , 1.881 , 0.045 , 16.13 , 265.39
1124 , 6272 , 416.03 , -48.5 , 7 , 29.88 , 1.844 , 0.044 , 16.26 , 265.25
1134 , 6326 , 412.60 , -48.8 , 8 , 29.82 , 1.791 , 0.043 , 16.38 , 265.14
1144 , 6391 , 408.53 , -49.1 , 8 , 29.74 , 1.732 , 0.042 , 16.52 , 265.00
1153 , 6455 , 404.56 , -49.1 , 7 , 29.68 , 1.680 , 0.042 , 16.65 , 264.87
1163 , 6509 , 401.24 , -49.2 , 6 , 29.61 , 1.635 , 0.041 , 16.76 , 264.76
1173 , 6570 , 397.56 , -49.6 , 6 , 29.54 , 1.605 , 0.040 , 16.88 , 264.64
1183 , 6631 , 393.83 , -50.1 , 7 , 29.47 , 1.587 , 0.040 , 17.00 , 264.52
1193 , 6691 , 390.24 , -50.4 , 8 , 29.41 , 1.565 , 0.040 , 17.11 , 264.41
1203 , 6752 , 386.63 , -50.6 , 9 , 29.35 , 1.552 , 0.040 , 17.23 , 264.29
1213 , 6813 , 383.02 , -51.0 , 9 , 29.29 , 1.521 , 0.040 , 17.34 , 264.18
1223 , 6880 , 379.08 , -51.6 , 10 , 29.22 , 1.507 , 0.040 , 17.46 , 264.06
1233 , 6946 , 375.25 , -52.2 , 11 , 29.14 , 1.507 , 0.040 , 17.58 , 263.94
1243 , 7009 , 371.56 , -52.6 , 12 , 29.06 , 1.517 , 0.041 , 17.70 , 263.82
1252 , 7067 , 368.26 , -52.9 , 12 , 29.00 , 1.544 , 0.042 , 17.81 , 263.71
1262 , 7127 , 364.85 , -53.1 , 11 , 28.94 , 1.583 , 0.043 , 17.92 , 263.60
1272 , 7188 , 361.43 , -53.2 , 11 , 28.87 , 1.632 , 0.045 , 18.04 , 263.48
1282 , 7254 , 357.72 , -53.4 , 10 , 28.78 , 1.679 , 0.047 , 18.18 , 263.34
1292 , 7317 , 354.21 , -53.6 , 10 , 28.71 , 1.675 , 0.047 , 18.31 , 263.21
1302 , 7381 , 350.74 , -53.8 , 9 , 28.64 , 1.623 , 0.046 , 18.44 , 263.08
1312 , 7442 , 347.39 , -54.3 , 7 , 28.56 , 1.599 , 0.046 , 18.56 , 262.96
1322 , 7502 , 344.13 , -54.8 , 7 , 28.49 , 1.584 , 0.046 , 18.68 , 262.84
1332 , 7572 , 340.39 , -55.4 , 6 , 28.42 , 1.588 , 0.047 , 18.81 , 262.70
1342 , 7644 , 336.56 , -56.1 , 6 , 28.36 , 1.566 , 0.047 , 18.95 , 262.56
1352 , 7703 , 333.44 , -56.3 , 6 , 28.29 , 1.546 , 0.046 , 19.07 , 262.45
1362 , 7771 , 329.93 , -56.7 , 6 , 28.21 , 1.539 , 0.047 , 19.20 , 262.32
1372 , 7836 , 326.56 , -57.1 , 6 , 28.13 , 1.554 , 0.048 , 19.32 , 262.20
1382 , 7899 , 323.31 , -57.4 , 6 , 28.05 , 1.578 , 0.049 , 19.45 , 262.07
1392 , 7978 , 319.28 , -57.7 , 6 , 27.97 , 1.599 , 0.050 , 19.60 , 261.91
1402 , 8053 , 315.48 , -58.3 , 6 , 27.90 , 1.625 , 0.052 , 19.76 , 261.76
1412 , 8111 , 312.57 , -58.7 , 5 , 27.82 , 1.646 , 0.053 , 19.88 , 261.64
1422 , 8174 , 309.46 , -59.1 , 6 , 27.75 , 1.607 , 0.052 , 20.00 , 261.51
1432 , 8241 , 306.18 , -59.5 , 5 , 27.69 , 1.562 , 0.051 , 20.14 , 261.38
1442 , 8304 , 303.11 , -60.0 , 5 , 27.61 , 1.527 , 0.050 , 20.26 , 261.26
1452 , 8366 , 300.11 , -60.4 , 6 , 27.53 , 1.476 , 0.049 , 20.38 , 261.14
1462 , 8425 , 297.29 , -60.9 , 6 , 27.46 , 1.485 , 0.050 , 20.49 , 261.03
1472 , 8486 , 294.34 , -61.2 , 6 , 27.39 , 1.515 , 0.051 , 20.61 , 260.91
1482 , 8551 , 291.27 , -61.4 , 6 , 27.32 , 1.542 , 0.053 , 20.73 , 260.79
1492 , 8610 , 288.54 , -61.5 , 6 , 27.25 , 1.538 , 0.053 , 20.85 , 260.67
1502 , 8672 , 285.67 , -61.8 , 7 , 27.18 , 1.556 , 0.054 , 20.97 , 260.55
1512 , 8736 , 282.70 , -62.2 , 7 , 27.10 , 1.611 , 0.057 , 21.10 , 260.42
1522 , 8794 , 280.07 , -62.5 , 8 , 27.03 , 1.667 , 0.060 , 21.22 , 260.30
1532 , 8853 , 277.39 , -62.4 , 8 , 26.96 , 1.791 , 0.065 , 21.35 , 260.17
1542 , 8911 , 274.81 , -62.1 , 9 , 26.88 , 1.935 , 0.070 , 21.49 , 260.03
1552 , 8976 , 271.95 , -61.9 , 10 , 26.81 , 2.032 , 0.075 , 21.65 , 259.87
1561 , 9039 , 269.18 , -62.2 , 10 , 26.73 , 2.149 , 0.080 , 21.82 , 259.70
1570 , 9095 , 266.76 , -62.8 , 11 , 26.66 , 2.214 , 0.083 , 21.98 , 259.54
1580 , 9159 , 263.98 , -63.2 , 11 , 26.60 , 2.287 , 0.087 , 22.16 , 259.36
1590 , 9223 , 261.26 , -63.3 , 12 , 26.52 , 2.338 , 0.089 , 22.35 , 259.17
1600 , 9284 , 258.64 , -63.6 , 13 , 26.44 , 2.445 , 0.095 , 22.54 , 258.98
1610 , 9351 , 255.84 , -63.4 , 13 , 26.36 , 2.585 , 0.101 , 22.76 , 258.76
1620 , 9400 , 253.81 , -63.4 , 13 , 26.29 , 2.741 , 0.108 , 22.93 , 258.59
1630 , 9459 , 251.39 , -63.4 , 13 , 26.21 , 2.851 , 0.113 , 23.14 , 258.38
1640 , 9528 , 248.59 , -63.5 , 13 , 26.13 , 2.882 , 0.116 , 23.39 , 258.13
1650 , 9595 , 245.88 , -63.3 , 13 , 26.06 , 2.952 , 0.120 , 23.64 , 257.88
1660 , 9658 , 243.36 , -63.6 , 13 , 25.97 , 3.033 , 0.125 , 23.89 , 257.63
1670 , 9718 , 241.00 , -63.8 , 13 , 25.89 , 3.074 , 0.128 , 24.12 , 257.40
1680 , 9775 , 238.79 , -63.7 , 13 , 25.82 , 3.136 , 0.131 , 24.35 , 257.17
1690 , 9836 , 236.42 , -63.8 , 13 , 25.74 , 3.247 , 0.137 , 24.60 , 256.92
1700 , 9886 , 234.49 , -63.2 , 13 , 25.66 , 3.348 , 0.143 , 24.81 , 256.71
1710 , 9940 , 232.44 , -62.6 , 12 , 25.58 , 3.396 , 0.146 , 25.05 , 256.47
1720 , 9998 , 230.25 , -62.5 , 11 , 25.51 , 3.531 , 0.153 , 25.30 , 256.21
1730 , 10049 , 228.38 , -62.2 , 10 , 25.43 , 3.760 , 0.165 , 25.54 , 255.98
1740 , 10100 , 226.48 , -62.4 , 10 , 25.36 , 4.018 , 0.177 , 25.80 , 255.72
1750 , 10162 , 224.21 , -62.4 , 9 , 25.28 , 4.221 , 0.188 , 26.12 , 255.40
1760 , 10218 , 222.18 , -62.3 , 9 , 25.20 , 4.456 , 0.201 , 26.43 , 255.08
1770 , 10283 , 219.87 , -62.6 , 9 , 25.12 , 4.617 , 0.210 , 26.81 , 254.71
1780 , 10332 , 218.13 , -63.1 , 9 , 25.04 , 4.703 , 0.216 , 27.10 , 254.42
1790 , 10379 , 216.45 , -63.5 , 9 , 24.97 , 4.736 , 0.219 , 27.39 , 254.13
1799 , 10430 , 214.67 , -63.8 , 9 , 24.90 , 4.776 , 0.223 , 27.70 , 253.82
1809 , 10493 , 212.49 , -64.0 , 9 , 24.83 , 4.823 , 0.227 , 28.09 , 253.43
1819 , 10562 , 210.09 , -64.4 , 9 , 24.75 , 4.843 , 0.231 , 28.52 , 253.00
1829 , 10609 , 208.46 , -64.7 , 9 , 24.67 , 4.880 , 0.234 , 28.82 , 252.70
1839 , 10650 , 207.07 , -64.9 , 9 , 24.60 , 4.881 , 0.236 , 29.08 , 252.44
1849 , 10693 , 205.62 , -64.9 , 9 , 24.53 , 4.884 , 0.238 , 29.35 , 252.17
1859 , 10736 , 204.18 , -64.6 , 9 , 24.45 , 5.032 , 0.246 , 29.62 , 251.90
1869 , 10786 , 202.50 , -64.5 , 8 , 24.38 , 5.230 , 0.258 , 29.96 , 251.56
1878 , 10843 , 200.64 , -64.8 , 8 , 24.31 , 5.344 , 0.266 , 30.34 , 251.18
1887 , 10896 , 198.90 , -65.3 , 8 , 24.24 , 5.352 , 0.269 , 30.71 , 250.81
1897 , 10949 , 197.16 , -65.7 , 8 , 24.17 , 5.436 , 0.276 , 31.08 , 250.44
1907 , 11020 , 194.87 , -66.0 , 8 , 24.09 , 5.354 , 0.275 , 31.58 , 249.94
1917 , 11079 , 192.98 , -65.7 , 8 , 24.02 , 5.448 , 0.282 , 31.99 , 249.52
1927 , 11138 , 191.14 , -65.2 , 7 , 23.94 , 5.610 , 0.293 , 32.41 , 249.11
1937 , 11182 , 189.76 , -64.8 , 7 , 23.87 , 5.787 , 0.305 , 32.74 , 248.78
1947 , 11227 , 188.37 , -64.5 , 7 , 23.79 , 5.810 , 0.308 , 33.07 , 248.44
1957 , 11273 , 186.94 , -64.3 , 7 , 23.72 , 5.854 , 0.313 , 33.43 , 248.09
1967 , 11319 , 185.54 , -64.2 , 6 , 23.65 , 5.914 , 0.319 , 33.78 , 247.74
1977 , 11368 , 184.08 , -64.1 , 6 , 23.57 , 6.000 , 0.326 , 34.15 , 247.37
1987 , 11413 , 182.71 , -64.2 , 6 , 23.50 , 6.038 , 0.330 , 34.50 , 247.02
1997 , 11458 , 181.39 , -64.0 , 5 , 23.42 , 6.172 , 0.340 , 34.85 , 246.67
2007 , 11501 , 180.10 , -64.2 , 5 , 23.35 , 6.273 , 0.348 , 35.20 , 246.32
2017 , 11542 , 178.89 , -64.4 , 5 , 23.27 , 6.338 , 0.354 , 35.54 , 245.98
2027 , 11588 , 177.57 , -64.4 , 5 , 23.20 , 6.381 , 0.359 , 35.91 , 245.61
2037 , 11636 , 176.17 , -64.3 , 5 , 23.13 , 6.480 , 0.368 , 36.31 , 245.21
2047 , 11684 , 174.79 , -64.4 , 5 , 23.06 , 6.660 , 0.381 , 36.72 , 244.80
2057 , 11739 , 173.22 , -64.4 , 4 , 22.98 , 6.781 , 0.391 , 37.20 , 244.32
2067 , 11785 , 171.93 , -64.4 , 4 , 22.91 , 6.929 , 0.403 , 37.60 , 243.92
2077 , 11829 , 170.69 , -64.7 , 4 , 22.84 , 7.095 , 0.416 , 38.00 , 243.52
2087 , 11881 , 169.24 , -65.0 , 4 , 22.77 , 7.266 , 0.429 , 38.49 , 243.03
2097 , 11940 , 167.62 , -64.6 , 4 , 22.70 , 7.522 , 0.449 , 39.05 , 242.47
2107 , 12010 , 165.69 , -64.9 , 4 , 22.62 , 7.782 , 0.470 , 39.74 , 241.77
2117 , 12072 , 164.03 , -65.4 , 4 , 22.55 , 7.982 , 0.487 , 40.37 , 241.15
2127 , 12130 , 162.48 , -65.6 , 4 , 22.48 , 7.979 , 0.491 , 40.97 , 240.55
2137 , 12180 , 161.12 , -64.9 , 4 , 22.41 , 8.240 , 0.511 , 41.51 , 240.01
2147 , 12240 , 159.56 , -64.8 , 4 , 22.34 , 8.346 , 0.523 , 42.14 , 239.38
2157 , 12286 , 158.36 , -64.6 , 4 , 22.26 , 8.450 , 0.534 , 42.64 , 238.87
2167 , 12329 , 157.26 , -64.8 , 4 , 22.19 , 8.600 , 0.547 , 43.11 , 238.40
2176 , 12369 , 156.22 , -64.8 , 4 , 22.12 , 8.799 , 0.563 , 43.57 , 237.95
2186 , 12413 , 155.09 , -64.8 , 4 , 22.06 , 9.014 , 0.581 , 44.08 , 237.44
2196 , 12457 , 153.98 , -64.8 , 4 , 21.99 , 9.321 , 0.605 , 44.60 , 236.92
2206 , 12498 , 152.95 , -64.8 , 4 , 21.91 , 9.467 , 0.619 , 45.10 , 236.42
2216 , 12539 , 151.92 , -64.7 , 4 , 21.84 , 9.506 , 0.626 , 45.60 , 235.91
2225 , 12578 , 150.95 , -64.7 , 4 , 21.78 , 9.573 , 0.634 , 46.09 , 235.43
2235 , 12617 , 150.00 , -64.7 , 4 , 21.71 , 9.686 , 0.646 , 46.57 , 234.95
2245 , 12660 , 148.95 , -64.7 , 4 , 21.63 , 9.785 , 0.657 , 47.10 , 234.42
2255 , 12702 , 147.91 , -64.7 , 3 , 21.57 , 9.833 , 0.665 , 47.65 , 233.87
2265 , 12744 , 146.91 , -64.7 , 3 , 21.50 , 10.195 , 0.694 , 48.18 , 233.33
2275 , 12783 , 145.98 , -64.7 , 3 , 21.42 , 10.647 , 0.729 , 48.71 , 232.81
2284 , 12821 , 145.07 , -64.2 , 3 , 21.36 , 11.296 , 0.779 , 49.25 , 232.27
2294 , 12859 , 144.17 , -64.0 , 3 , 21.29 , 11.830 , 0.821 , 49.81 , 231.71
2304 , 12898 , 143.26 , -64.2 , 3 , 21.23 , 11.851 , 0.827 , 50.41 , 231.11
2314 , 12936 , 142.36 , -64.4 , 3 , 21.15 , 11.690 , 0.821 , 50.99 , 230.53
2324 , 12974 , 141.47 , -64.4 , 3 , 21.08 , 11.375 , 0.804 , 51.56 , 229.96
2334 , 13013 , 140.57 , -64.4 , 3 , 21.02 , 11.102 , 0.790 , 52.13 , 229.39
2344 , 13052 , 139.69 , -64.4 , 3 , 20.95 , 10.744 , 0.769 , 52.67 , 228.85
2354 , 13091 , 138.80 , -64.5 , 3 , 20.88 , 10.821 , 0.780 , 53.21 , 228.31
2364 , 13132 , 137.88 , -64.4 , 3 , 20.81 , 10.929 , 0.793 , 53.79 , 227.73
2374 , 13174 , 136.93 , -64.4 , 3 , 20.74 , 11.447 , 0.836 , 54.40 , 227.12
2384 , 13214 , 136.03 , -64.4 , 3 , 20.67 , 12.121 , 0.891 , 55.01 , 226.51
2394 , 13253 , 135.17 , -64.2 , 3 , 20.60 , 12.488 , 0.924 , 55.62 , 225.90
2404 , 13292 , 134.30 , -64.1 , 3 , 20.54 , 12.014 , 0.895 , 56.25 , 225.27
2414 , 13332 , 133.43 , -64.1 , 3 , 20.47 , 10.750 , 0.806 , 56.83 , 224.69
2424 , 13372 , 132.55 , -64.2 , 3 , 20.41 , 9.450 , 0.713 , 57.36 , 224.16
2434 , 13415 , 131.63 , -64.1 , 3 , 20.34 , 8.602 , 0.654 , 57.85 , 223.67
2444 , 13459 , 130.68 , -64.1 , 3 , 20.27 , 8.206 , 0.628 , 58.33 , 223.19
2454 , 13503 , 129.76 , -64.1 , 3 , 20.21 , 8.052 , 0.621 , 58.79 , 222.73
2464 , 13548 , 128.80 , -64.4 , 3 , 20.14 , 7.994 , 0.621 , 59.26 , 222.26
2474 , 13593 , 127.85 , -64.6 , 3 , 20.08 , 7.957 , 0.622 , 59.72 , 221.79
2484 , 13638 , 126.91 , -64.7 , 3 , 20.01 , 7.955 , 0.627 , 60.19 , 221.33
2494 , 13689 , 125.86 , -64.4 , 3 , 19.95 , 8.051 , 0.640 , 60.71 , 220.81
2504 , 13740 , 124.82 , -64.6 , 3 , 19.89 , 8.155 , 0.653 , 61.25 , 220.27
2513 , 13785 , 123.90 , -64.8 , 3 , 19.82 , 8.220 , 0.663 , 61.72 , 219.80
2523 , 13830 , 123.00 , -65.0 , 3 , 19.77 , 8.293 , 0.674 , 62.20 , 219.32
2533 , 13876 , 122.06 , -65.3 , 3 , 19.70 , 8.330 , 0.682 , 62.70 , 218.82
2542 , 13921 , 121.16 , -65.6 , 3 , 19.65 , 8.287 , 0.684 , 63.18 , 218.34
2552 , 13968 , 120.23 , -65.7 , 3 , 19.59 , 8.271 , 0.688 , 63.69 , 217.83
2562 , 14016 , 119.28 , -65.9 , 3 , 19.53 , 8.298 , 0.696 , 64.21 , 217.31
2572 , 14062 , 118.37 , -66.2 , 3 , 19.47 , 8.342 , 0.705 , 64.71 , 216.81
2582 , 14109 , 117.46 , -66.6 , 3 , 19.41 , 8.365 , 0.712 , 65.22 , 216.30
2592 , 14156 , 116.56 , -67.0 , 3 , 19.35 , 8.347 , 0.716 , 65.73 , 215.79
2602 , 14203 , 115.65 , -67.4 , 3 , 19.29 , 8.346 , 0.722 , 66.24 , 215.28
2612 , 14254 , 114.68 , -67.7 , 3 , 19.23 , 8.205 , 0.716 , 66.79 , 214.72
2622 , 14302 , 113.76 , -68.0 , 3 , 19.17 , 8.102 , 0.712 , 67.31 , 214.21
2632 , 14348 , 112.89 , -67.9 , 3 , 19.11 , 8.130 , 0.720 , 67.80 , 213.72
2642 , 14393 , 112.04 , -68.0 , 3 , 19.05 , 8.026 , 0.716 , 68.28 , 213.24
2652 , 14439 , 111.18 , -68.2 , 3 , 18.99 , 7.888 , 0.709 , 68.77 , 212.75
2661 , 14481 , 110.42 , -68.4 , 3 , 18.94 , 7.811 , 0.707 , 69.19 , 212.33
2671 , 14524 , 109.64 , -68.5 , 3 , 18.88 , 7.647 , 0.698 , 69.63 , 211.89
2681 , 14567 , 108.83 , -68.6 , 3 , 18.82 , 7.587 , 0.697 , 70.07 , 211.45
2691 , 14610 , 108.07 , -68.7 , 3 , 18.77 , 7.582 , 0.702 , 70.49 , 211.03
2701 , 14653 , 107.28 , -69.0 , 3 , 18.70 , 7.612 , 0.709 , 70.93 , 210.59
2711 , 14697 , 106.51 , -69.3 , 3 , 18.65 , 7.682 , 0.721 , 71.37 , 210.15
2721 , 14739 , 105.75 , -69.7 , 3 , 18.59 , 7.884 , 0.745 , 71.80 , 209.71
2731 , 14783 , 104.97 , -70.0 , 3 , 18.53 , 7.855 , 0.748 , 72.27 , 209.25
2741 , 14826 , 104.23 , -70.1 , 4 , 18.48 , 7.771 , 0.746 , 72.70 , 208.82
2751 , 14866 , 103.52 , -70.2 , 4 , 18.42 , 7.707 , 0.744 , 73.12 , 208.40
2761 , 14906 , 102.82 , -70.2 , 4 , 18.36 , 7.609 , 0.740 , 73.53 , 207.99
2771 , 14963 , 101.84 , -70.3 , 4 , 18.31 , 7.642 , 0.750 , 74.10 , 207.42
2781 , 15023 , 100.82 , -70.7 , 4 , 18.25 , 7.604 , 0.754 , 74.71 , 206.81
2791 , 15064 , 100.13 , -71.0 , 4 , 18.19 , 7.811 , 0.780 , 75.13 , 206.39
2801 , 15106 , 99.42 , -71.2 , 4 , 18.13 , 7.904 , 0.795 , 75.57 , 205.95
2811 , 15147 , 98.72 , -71.4 , 4 , 18.08 , 7.847 , 0.795 , 76.01 , 205.51
2821 , 15187 , 98.07 , -71.6 , 4 , 18.02 , 7.925 , 0.808 , 76.42 , 205.10
2831 , 15227 , 97.40 , -71.6 , 4 , 17.96 , 8.077 , 0.829 , 76.85 , 204.67
2841 , 15269 , 96.71 , -71.8 , 4 , 17.90 , 8.190 , 0.847 , 77.31 , 204.21
2850 , 15305 , 96.12 , -71.8 , 5 , 17.85 , 8.261 , 0.859 , 77.71 , 203.81
2860 , 15343 , 95.50 , -71.6 , 5 , 17.79 , 8.399 , 0.879 , 78.13 , 203.39
2869 , 15382 , 94.88 , -71.5 , 5 , 17.74 , 8.545 , 0.901 , 78.57 , 202.95
2878 , 15419 , 94.27 , -71.3 , 5 , 17.69 , 8.715 , 0.924 , 79.00 , 202.51
2888 , 15460 , 93.63 , -71.5 , 5 , 17.63 , 8.940 , 0.955 , 79.48 , 202.04
2898 , 15504 , 92.92 , -71.5 , 5 , 17.58 , 9.110 , 0.980 , 80.02 , 201.50
2908 , 15547 , 92.25 , -71.6 , 5 , 17.52 , 9.238 , 1.001 , 80.55 , 200.97
2917 , 15587 , 91.63 , -71.5 , 5 , 17.46 , 9.189 , 1.003 , 81.04 , 200.48
2927 , 15627 , 91.01 , -71.4 , 5 , 17.41 , 9.052 , 0.995 , 81.53 , 199.99
2937 , 15673 , 90.31 , -71.5 , 5 , 17.35 , 8.839 , 0.979 , 82.07 , 199.45
2947 , 15715 , 89.66 , -71.7 , 5 , 17.29 , 8.807 , 0.982 , 82.58 , 198.94
2957 , 15759 , 89.00 , -71.6 , 5 , 17.23 , 8.570 , 0.963 , 83.08 , 198.44
2967 , 15805 , 88.31 , -71.6 , 5 , 17.18 , 8.459 , 0.958 , 83.60 , 197.92
2977 , 15850 , 87.64 , -71.8 , 5 , 17.12 , 8.604 , 0.982 , 84.12 , 197.40
2987 , 15895 , 86.96 , -71.9 , 5 , 17.06 , 8.987 , 1.033 , 84.66 , 196.86
2997 , 15941 , 86.29 , -72.1 , 5 , 17.00 , 9.283 , 1.076 , 85.22 , 196.30
3007 , 15986 , 85.64 , -72.2 , 5 , 16.95 , 9.703 , 1.133 , 85.78 , 195.74
3017 , 16030 , 85.00 , -72.0 , 6 , 16.89 , 10.908 , 1.283 , 86.39 , 195.13
3027 , 16074 , 84.37 , -71.8 , 6 , 16.83 , 12.975 , 1.538 , 87.10 , 194.42
3037 , 16115 , 83.78 , -71.6 , 6 , 16.77 , 14.091 , 1.682 , 87.84 , 193.68
3047 , 16156 , 83.19 , -71.7 , 6 , 16.71 , 14.811 , 1.780 , 88.64 , 192.88
3057 , 16197 , 82.62 , -72.0 , 6 , 16.65 , 15.251 , 1.846 , 89.46 , 192.06
3067 , 16237 , 82.06 , -72.0 , 6 , 16.59 , 15.564 , 1.897 , 90.29 , 191.22
3077 , 16279 , 81.49 , -71.5 , 6 , 16.53 , 16.016 , 1.966 , 91.17 , 190.35
3087 , 16320 , 80.92 , -71.4 , 6 , 16.47 , 16.352 , 2.021 , 92.05 , 189.47
3097 , 16357 , 80.41 , -71.2 , 6 , 16.41 , 16.685 , 2.075 , 92.88 , 188.64
3107 , 16396 , 79.88 , -70.9 , 6 , 16.35 , 16.587 , 2.076 , 93.74 , 187.78
3117 , 16436 , 79.35 , -70.9 , 6 , 16.29 , 15.892 , 2.003 , 94.60 , 186.92
3127 , 16476 , 78.80 , -71.0 , 6 , 16.23 , 15.591 , 1.978 , 95.46 , 186.06
3137 , 16520 , 78.22 , -70.9 , 6 , 16.17 , 15.488 , 1.980 , 96.37 , 185.15
3146 , 16565 , 77.64 , -70.7 , 6 , 16.12 , 15.622 , 2.012 , 97.29 , 184.23
3156 , 16608 , 77.07 , -70.7 , 6 , 16.06 , 16.219 , 2.104 , 98.21 , 183.31
3166 , 16655 , 76.46 , -70.8 , 6 , 16.00 , 16.334 , 2.136 , 99.23 , 182.29
3176 , 16700 , 75.89 , -70.5 , 6 , 15.94 , 15.582 , 2.053 , 100.18 , 181.34
3185 , 16743 , 75.34 , -70.2 , 6 , 15.88 , 14.944 , 1.984 , 101.05 , 180.47
3195 , 16790 , 74.74 , -69.8 , 6 , 15.82 , 14.335 , 1.918 , 101.97 , 179.55
3205 , 16857 , 73.91 , -69.5 , 6 , 15.76 , 13.905 , 1.881 , 103.22 , 178.29
3215 , 16923 , 73.10 , -69.6 , 6 , 15.70 , 13.810 , 1.889 , 104.42 , 177.10
3225 , 16978 , 72.43 , -69.8 , 6 , 15.64 , 13.833 , 1.910 , 105.43 , 176.09
3235 , 17037 , 71.70 , -70.3 , 6 , 15.58 , 13.871 , 1.934 , 106.53 , 174.99
3245 , 17086 , 71.11 , -70.7 , 5 , 15.52 , 13.739 , 1.932 , 107.43 , 174.09
3254 , 17125 , 70.66 , -71.0 , 5 , 15.46 , 13.503 , 1.911 , 108.12 , 173.40
3264 , 17167 , 70.16 , -71.3 , 5 , 15.40 , 13.798 , 1.967 , 108.89 , 172.63
3274 , 17214 , 69.59 , -71.8 , 5 , 15.34 , 13.737 , 1.974 , 109.77 , 171.75
3284 , 17261 , 69.04 , -72.2 , 5 , 15.28 , 13.687 , 1.982 , 110.62 , 170.90
3294 , 17301 , 68.58 , -72.5 , 5 , 15.22 , 13.660 , 1.992 , 111.35 , 170.17
3304 , 17339 , 68.13 , -72.7 , 5 , 15.16 , 13.463 , 1.976 , 112.05 , 169.47
3314 , 17383 , 67.62 , -72.9 , 5 , 15.10 , 13.503 , 1.997 , 112.85 , 168.67
3324 , 17443 , 66.94 , -72.5 , 5 , 15.04 , 13.654 , 2.040 , 113.94 , 167.57
3334 , 17500 , 66.29 , -72.7 , 5 , 14.97 , 13.832 , 2.087 , 115.00 , 166.52
3344 , 17554 , 65.68 , -73.1 , 5 , 14.92 , 13.919 , 2.119 , 116.01 , 165.51
3354 , 17609 , 65.06 , -73.6 , 6 , 14.85 , 14.009 , 2.153 , 117.05 , 164.47
3364 , 17666 , 64.43 , -74.0 , 6 , 14.79 , 13.983 , 2.170 , 118.12 , 163.39
3374 , 17715 , 63.89 , -74.2 , 6 , 14.73 , 14.039 , 2.197 , 119.05 , 162.47
3384 , 17757 , 63.43 , -74.3 , 6 , 14.67 , 14.161 , 2.232 , 119.86 , 161.66
3394 , 17799 , 62.98 , -74.4 , 6 , 14.61 , 14.304 , 2.271 , 120.66 , 160.86
3404 , 17841 , 62.52 , -74.5 , 6 , 14.55 , 14.591 , 2.334 , 121.50 , 160.02
3414 , 17885 , 62.05 , -74.5 , 6 , 14.49 , 14.702 , 2.369 , 122.37 , 159.15
3424 , 17929 , 61.59 , -74.5 , 6 , 14.42 , 14.684 , 2.384 , 123.23 , 158.28
3434 , 17974 , 61.10 , -74.7 , 6 , 14.36 , 14.583 , 2.387 , 124.15 , 157.37
3444 , 18020 , 60.62 , -74.8 , 6 , 14.30 , 14.607 , 2.410 , 125.06 , 156.46
3454 , 18065 , 60.16 , -75.0 , 6 , 14.24 , 14.523 , 2.414 , 125.94 , 155.58
3464 , 18109 , 59.71 , -75.1 , 6 , 14.18 , 14.365 , 2.406 , 126.80 , 154.72
3474 , 18151 , 59.27 , -75.3 , 6 , 14.12 , 14.270 , 2.407 , 127.62 , 153.90
3483 , 18193 , 58.85 , -75.5 , 6 , 14.06 , 14.219 , 2.416 , 128.44 , 153.08
3493 , 18233 , 58.44 , -75.2 , 6 , 14.00 , 14.274 , 2.442 , 129.21 , 152.30
3502 , 18274 , 58.03 , -75.0 , 6 , 13.94 , 14.313 , 2.467 , 130.02 , 151.50
3511 , 18314 , 57.63 , -75.1 , 6 , 13.89 , 14.361 , 2.492 , 130.80 , 150.72
3521 , 18357 , 57.20 , -75.2 , 6 , 13.83 , 14.465 , 2.529 , 131.65 , 149.87
3531 , 18404 , 56.74 , -75.5 , 7 , 13.77 , 14.591 , 2.571 , 132.57 , 148.95
3541 , 18451 , 56.28 , -75.7 , 7 , 13.70 , 14.652 , 2.603 , 133.50 , 148.01
3551 , 18497 , 55.84 , -75.8 , 7 , 13.64 , 14.649 , 2.624 , 134.43 , 147.09
3561 , 18543 , 55.40 , -76.1 , 7 , 13.58 , 14.677 , 2.650 , 135.34 , 146.18
3571 , 18592 , 54.93 , -76.4 , 7 , 13.51 , 14.669 , 2.671 , 136.33 , 145.19
3581 , 18638 , 54.48 , -76.6 , 7 , 13.45 , 14.680 , 2.694 , 137.26 , 144.25
3591 , 18686 , 54.03 , -76.7 , 7 , 13.39 , 14.646 , 2.711 , 138.23 , 143.29
3601 , 18735 , 53.57 , -77.1 , 7 , 13.33 , 14.672 , 2.739 , 139.22 , 142.30
3611 , 18782 , 53.13 , -77.3 , 7 , 13.27 , 14.662 , 2.759 , 140.17 , 141.35
3621 , 18830 , 52.69 , -77.6 , 7 , 13.20 , 14.744 , 2.798 , 141.13 , 140.39
3631 , 18877 , 52.26 , -77.8 , 7 , 13.14 , 14.726 , 2.818 , 142.09 , 139.42
3641 , 18923 , 51.84 , -77.9 , 7 , 13.08 , 14.750 , 2.845 , 143.03 , 138.48
3651 , 18972 , 51.40 , -77.9 , 7 , 13.01 , 14.748 , 2.869 , 144.02 , 137.50
3661 , 19018 , 50.99 , -77.7 , 7 , 12.95 , 14.769 , 2.896 , 144.95 , 136.57
3671 , 19066 , 50.57 , -78.0 , 7 , 12.89 , 14.773 , 2.922 , 145.93 , 135.59
3681 , 19112 , 50.15 , -78.1 , 8 , 12.82 , 14.724 , 2.936 , 146.89 , 134.63
3691 , 19160 , 49.74 , -78.3 , 8 , 12.76 , 14.736 , 2.963 , 147.85 , 133.67
3701 , 19206 , 49.33 , -78.6 , 8 , 12.70 , 14.704 , 2.980 , 148.80 , 132.72
3711 , 19253 , 48.93 , -78.8 , 8 , 12.63 , 14.649 , 2.994 , 149.74 , 131.77
3721 , 19296 , 48.56 , -78.8 , 8 , 12.57 , 14.596 , 3.006 , 150.62 , 130.90
3731 , 19340 , 48.19 , -79.0 , 8 , 12.50 , 14.605 , 3.031 , 151.52 , 130.00
3741 , 19384 , 47.81 , -78.7 , 8 , 12.44 , 14.553 , 3.044 , 152.41 , 129.11
3751 , 19430 , 47.43 , -78.7 , 8 , 12.38 , 14.496 , 3.056 , 153.34 , 128.18
3761 , 19473 , 47.07 , -79.1 , 8 , 12.31 , 14.400 , 3.059 , 154.20 , 127.32
3771 , 19519 , 46.70 , -79.1 , 8 , 12.25 , 14.331 , 3.069 , 155.11 , 126.41
3781 , 19565 , 46.32 , -79.1 , 8 , 12.18 , 14.367 , 3.102 , 156.03 , 125.48
3791 , 19626 , 45.82 , -79.0 , 8 , 12.12 , 14.347 , 3.131 , 157.25 , 124.27
3801 , 19689 , 45.32 , -78.5 , 8 , 12.05 , 14.600 , 3.222 , 158.51 , 123.00
3811 , 19732 , 44.98 , -78.5 , 9 , 11.99 , 14.518 , 3.228 , 159.38 , 122.14
3821 , 19775 , 44.64 , -78.7 , 9 , 11.93 , 14.382 , 3.222 , 160.23 , 121.29
3830 , 19817 , 44.31 , -78.9 , 9 , 11.86 , 14.321 , 3.232 , 161.07 , 120.45
3840 , 19858 , 44.00 , -79.0 , 9 , 11.81 , 14.356 , 3.263 , 161.88 , 119.64
3850 , 19900 , 43.67 , -79.0 , 9 , 11.74 , 14.283 , 3.271 , 162.73 , 118.79
3860 , 19944 , 43.33 , -79.1 , 9 , 11.68 , 14.332 , 3.308 , 163.60 , 117.92
3870 , 19989 , 42.99 , -78.9 , 9 , 11.61 , 14.318 , 3.330 , 164.49 , 117.03
3880 , 20034 , 42.65 , -79.0 , 9 , 11.55 , 14.272 , 3.346 , 165.38 , 116.14
3890 , 20078 , 42.32 , -79.1 , 9 , 11.49 , 14.358 , 3.393 , 166.27 , 115.25
3900 , 20125 , 41.97 , -79.3 , 9 , 11.42 , 14.349 , 3.419 , 167.21 , 114.31
3910 , 20170 , 41.64 , -79.3 , 9 , 11.36 , 14.317 , 3.438 , 168.11 , 113.41
3920 , 20217 , 41.30 , -79.4 , 9 , 11.30 , 14.336 , 3.471 , 169.03 , 112.49
3930 , 20263 , 40.96 , -79.4 , 9 , 11.23 , 14.288 , 3.488 , 169.96 , 111.56
3940 , 20308 , 40.64 , -79.6 , 9 , 11.17 , 14.235 , 3.503 , 170.84 , 110.68
3950 , 20357 , 40.29 , -79.7 , 9 , 11.11 , 14.233 , 3.532 , 171.81 , 109.71
3960 , 20403 , 39.96 , -80.0 , 9 , 11.05 , 14.187 , 3.550 , 172.73 , 108.79
3970 , 20449 , 39.64 , -80.0 , 9 , 10.98 , 14.129 , 3.564 , 173.64 , 107.88
3980 , 20496 , 39.32 , -80.1 , 9 , 10.92 , 14.119 , 3.591 , 174.55 , 106.96
3990 , 20542 , 38.99 , -80.4 , 9 , 10.86 , 14.122 , 3.622 , 175.48 , 106.04
4000 , 20589 , 38.67 , -80.5 , 9 , 10.80 , 14.061 , 3.636 , 176.40 , 105.12
4010 , 20635 , 38.35 , -80.3 , 9 , 10.74 , 14.032 , 3.658 , 177.30 , 104.21
4020 , 20682 , 38.04 , -80.3 , 10 , 10.67 , 13.992 , 3.678 , 178.22 , 103.30
4030 , 20729 , 37.72 , -80.1 , 10 , 10.61 , 14.032 , 3.720 , 179.14 , 102.38
4040 , 20776 , 37.41 , -79.9 , 10 , 10.55 , 13.992 , 3.740 , 180.07 , 101.45
4050 , 20821 , 37.12 , -79.9 , 10 , 10.49 , 13.970 , 3.764 , 180.93 , 100.58
4060 , 20869 , 36.80 , -80.0 , 10 , 10.43 , 13.894 , 3.776 , 181.88 , 99.64
4070 , 20919 , 36.48 , -79.7 , 10 , 10.37 , 13.868 , 3.802 , 182.83 , 98.69
4080 , 20964 , 36.19 , -79.7 , 10 , 10.30 , 13.871 , 3.833 , 183.71 , 97.81
4090 , 21008 , 35.91 , -79.7 , 10 , 10.24 , 13.842 , 3.855 , 184.57 , 96.95
4100 , 21056 , 35.61 , -79.9 , 10 , 10.18 , 13.773 , 3.868 , 185.48 , 96.04
4110 , 21104 , 35.31 , -79.8 , 10 , 10.12 , 13.729 , 3.889 , 186.40 , 95.12
4120 , 21154 , 34.99 , -79.9 , 10 , 10.06 , 13.520 , 3.864 , 187.36 , 94.16
4129 , 21198 , 34.72 , -80.2 , 10 , 10.00 , 13.427 , 3.867 , 188.18 , 93.34
4139 , 21246 , 34.43 , -80.4 , 10 , 9.94 , 13.389 , 3.889 , 189.08 , 92.44
4148 , 21294 , 34.14 , -80.1 , 10 , 9.89 , 13.393 , 3.923 , 189.98 , 91.54
4158 , 21342 , 33.85 , -79.9 , 10 , 9.83 , 13.337 , 3.940 , 190.87 , 90.65
4168 , 21392 , 33.55 , -80.1 , 10 , 9.77 , 13.242 , 3.947 , 191.80 , 89.72
4178 , 21443 , 33.25 , -80.3 , 10 , 9.71 , 13.207 , 3.973 , 192.75 , 88.77
4188 , 21498 , 32.92 , -80.4 , 10 , 9.66 , 13.118 , 3.984 , 193.76 , 87.75
4198 , 21549 , 32.63 , -80.5 , 10 , 9.60 , 13.066 , 4.004 , 194.68 , 86.83
4208 , 21603 , 32.32 , -80.5 , 10 , 9.54 , 12.943 , 4.005 , 195.67 , 85.85
4218 , 21654 , 32.03 , -80.6 , 10 , 9.48 , 12.826 , 4.005 , 196.60 , 84.92
4228 , 21708 , 31.72 , -80.5 , 10 , 9.42 , 12.777 , 4.027 , 197.56 , 83.96
4238 , 21760 , 31.43 , -80.6 , 10 , 9.36 , 12.665 , 4.029 , 198.48 , 83.04
4248 , 21810 , 31.15 , -80.8 , 10 , 9.31 , 12.595 , 4.043 , 199.38 , 82.14
4258 , 21860 , 30.88 , -80.7 , 10 , 9.25 , 12.519 , 4.054 , 200.25 , 81.27
4268 , 21907 , 30.62 , -80.8 , 10 , 9.19 , 12.498 , 4.082 , 201.09 , 80.43
4277 , 21951 , 30.38 , -80.9 , 10 , 9.13 , 12.452 , 4.098 , 201.85 , 79.67
4287 , 21993 , 30.15 , -81.1 , 10 , 9.08 , 12.390 , 4.109 , 202.59 , 78.93
4297 , 22039 , 29.91 , -81.3 , 10 , 9.02 , 12.267 , 4.101 , 203.37 , 78.14
4307 , 22081 , 29.69 , -81.5 , 10 , 8.97 , 12.169 , 4.099 , 204.10 , 77.42
4317 , 22125 , 29.46 , -81.4 , 10 , 8.91 , 12.073 , 4.098 , 204.84 , 76.68
4327 , 22166 , 29.24 , -81.4 , 10 , 8.86 , 11.963 , 4.091 , 205.54 , 75.98
4337 , 22208 , 29.02 , -81.5 , 10 , 8.80 , 11.877 , 4.092 , 206.24 , 75.28
4347 , 22249 , 28.81 , -81.6 , 10 , 8.75 , 11.802 , 4.096 , 206.93 , 74.59
4357 , 22289 , 28.61 , -81.6 , 10 , 8.69 , 11.685 , 4.085 , 207.59 , 73.93
4367 , 22330 , 28.40 , -81.2 , 10 , 8.64 , 11.634 , 4.097 , 208.27 , 73.25
4377 , 22372 , 28.19 , -81.1 , 10 , 8.58 , 11.586 , 4.110 , 208.95 , 72.57
4387 , 22418 , 27.96 , -81.0 , 10 , 8.53 , 11.488 , 4.109 , 209.69 , 71.83
4397 , 22466 , 27.72 , -80.9 , 10 , 8.48 , 11.415 , 4.118 , 210.46 , 71.06
4407 , 22511 , 27.50 , -80.6 , 10 , 8.42 , 11.338 , 4.123 , 211.18 , 70.34
4417 , 22559 , 27.26 , -80.4 , 10 , 8.37 , 11.238 , 4.122 , 211.94 , 69.58
4427 , 22608 , 27.03 , -80.4 , 10 , 8.32 , 11.112 , 4.111 , 212.70 , 68.82
4437 , 22656 , 26.80 , -80.3 , 10 , 8.27 , 10.981 , 4.097 , 213.44 , 68.08
4447 , 22705 , 26.57 , -80.2 , 10 , 8.22 , 10.847 , 4.082 , 214.19 , 67.33
4456 , 22756 , 26.33 , -80.3 , 10 , 8.17 , 10.585 , 4.020 , 214.96 , 66.56
4466 , 22809 , 26.09 , -80.4 , 10 , 8.12 , 10.369 , 3.975 , 215.73 , 65.79
4476 , 22868 , 25.81 , -80.6 , 10 , 8.06 , 10.134 , 3.926 , 216.58 , 64.94
4486 , 22926 , 25.55 , -80.7 , 10 , 8.01 , 9.765 , 3.822 , 217.39 , 64.13
4496 , 22986 , 25.28 , -80.9 , 10 , 7.96 , 9.263 , 3.665 , 218.19 , 63.33
4506 , 23046 , 25.01 , -81.1 , 10 , 7.91 , 8.878 , 3.550 , 218.96 , 62.56
4516 , 23105 , 24.75 , -81.3 , 10 , 7.85 , 8.659 , 3.499 , 219.68 , 61.84
4526 , 23162 , 24.50 , -81.4 , 10 , 7.80 , 8.565 , 3.496 , 220.37 , 61.15
4536 , 23219 , 24.25 , -81.3 , 10 , 7.75 , 8.551 , 3.526 , 221.05 , 60.47
4546 , 23273 , 24.02 , -81.4 , 10 , 7.70 , 8.551 , 3.560 , 221.71 , 59.81
4556 , 23325 , 23.80 , -81.6 , 10 , 7.65 , 8.579 , 3.605 , 222.34 , 59.18
4566 , 23381 , 23.56 , -81.5 , 10 , 7.59 , 8.541 , 3.625 , 223.00 , 58.52
4576 , 23430 , 23.36 , -81.7 , 10 , 7.54 , 8.489 , 3.634 , 223.59 , 57.93
4586 , 23480 , 23.15 , -81.7 , 10 , 7.49 , 8.525 , 3.683 , 224.20 , 57.32
4596 , 23528 , 22.95 , -81.8 , 10 , 7.43 , 8.500 , 3.704 , 224.77 , 56.75
4606 , 23574 , 22.76 , -81.8 , 10 , 7.38 , 8.456 , 3.715 , 225.32 , 56.20
4616 , 23623 , 22.57 , -81.9 , 10 , 7.33 , 8.377 , 3.712 , 225.90 , 55.62
4626 , 23669 , 22.38 , -81.6 , 10 , 7.28 , 8.291 , 3.705 , 226.44 , 55.08
4636 , 23717 , 22.19 , -81.5 , 10 , 7.23 , 8.101 , 3.651 , 226.99 , 54.53
4646 , 23762 , 22.01 , -81.4 , 10 , 7.18 , 7.820 , 3.552 , 227.49 , 54.03
4656 , 23813 , 21.81 , -81.3 , 10 , 7.12 , 7.662 , 3.513 , 228.05 , 53.46
4666 , 23863 , 21.62 , -81.1 , 10 , 7.07 , 7.564 , 3.498 , 228.58 , 52.94
4676 , 23918 , 21.41 , -81.1 , 10 , 7.02 , 7.428 , 3.469 , 229.16 , 52.36
4686 , 23967 , 21.22 , -81.1 , 10 , 6.98 , 7.283 , 3.432 , 229.67 , 51.85
4696 , 24021 , 21.02 , -81.4 , 10 , 6.93 , 7.136 , 3.394 , 230.21 , 51.30
4706 , 24075 , 20.82 , -81.6 , 10 , 6.88 , 7.031 , 3.377 , 230.76 , 50.76
4716 , 24128 , 20.62 , -81.7 , 10 , 6.83 , 6.940 , 3.365 , 231.28 , 50.24
4726 , 24187 , 20.41 , -81.6 , 10 , 6.79 , 6.841 , 3.352 , 231.85 , 49.67
4736 , 24242 , 20.21 , -81.6 , 10 , 6.74 , 6.768 , 3.349 , 232.37 , 49.15
4746 , 24299 , 20.00 , -81.7 , 10 , 6.69 , 6.692 , 3.345 , 232.92 , 48.60
4756 , 24356 , 19.80 , -81.9 , 10 , 6.64 , 6.633 , 3.350 , 233.45 , 48.07
4766 , 24411 , 19.61 , -82.0 , 10 , 6.59 , 6.613 , 3.373 , 233.96 , 47.56
4775 , 24465 , 19.42 , -81.9 , 10 , 6.55 , 6.590 , 3.393 , 234.46 , 47.06
4784 , 24510 , 19.26 , -81.6 , 10 , 6.50 , 6.583 , 3.417 , 234.89 , 46.63
4794 , 24559 , 19.10 , -81.4 , 10 , 6.45 , 6.501 , 3.404 , 235.34 , 46.18
4804 , 24609 , 18.93 , -81.1 , 10 , 6.40 , 6.436 , 3.400 , 235.79 , 45.73
4814 , 24660 , 18.76 , -80.7 , 10 , 6.35 , 6.365 , 3.394 , 236.25 , 45.27
4824 , 24713 , 18.58 , -80.3 , 10 , 6.31 , 6.348 , 3.416 , 236.71 , 44.80
4834 , 24765 , 18.41 , -80.1 , 10 , 6.25 , 6.323 , 3.435 , 237.18 , 44.34
4844 , 24815 , 18.25 , -80.3 , 10 , 6.21 , 6.288 , 3.446 , 237.62 , 43.90
4854 , 24867 , 18.08 , -80.4 , 10 , 6.16 , 6.227 , 3.444 , 238.08 , 43.44
4864 , 24916 , 17.93 , -80.3 , 10 , 6.11 , 6.157 , 3.435 , 238.50 , 43.02
4874 , 24964 , 17.77 , -80.2 , 10 , 6.07 , 6.095 , 3.429 , 238.91 , 42.61
4884 , 25016 , 17.61 , -80.2 , 10 , 6.02 , 6.066 , 3.444 , 239.35 , 42.17
4894 , 25065 , 17.46 , -80.4 , 10 , 5.98 , 6.039 , 3.459 , 239.76 , 41.76
4904 , 25115 , 17.30 , -80.5 , 10 , 5.93 , 6.001 , 3.468 , 240.19 , 41.33
4914 , 25167 , 17.14 , -80.7 , 10 , 5.88 , 5.995 , 3.497 , 240.63 , 40.89
4923 , 25219 , 16.99 , -80.8 , 10 , 5.84 , 5.971 , 3.515 , 241.06 , 40.46
4933 , 25271 , 16.83 , -81.1 , 10 , 5.80 , 5.949 , 3.534 , 241.49 , 40.03
4943 , 25323 , 16.68 , -81.3 , 10 , 5.76 , 5.899 , 3.538 , 241.93 , 39.59
4953 , 25381 , 16.51 , -81.2 , 10 , 5.72 , 5.758 , 3.488 , 242.40 , 39.12
4963 , 25438 , 16.34 , -81.3 , 10 , 5.67 , 5.749 , 3.519 , 242.87 , 38.65
4973 , 25494 , 16.18 , -81.6 , 10 , 5.63 , 5.736 , 3.546 , 243.32 , 38.20
4983 , 25548 , 16.02 , -81.8 , 10 , 5.59 , 5.741 , 3.583 , 243.75 , 37.77
4993 , 25604 , 15.86 , -82.0 , 10 , 5.55 , 5.760 , 3.632 , 244.20 , 37.31
5003 , 25658 , 15.71 , -82.3 , 10 , 5.51 , 5.797 , 3.690 , 244.64 , 36.88
5013 , 25716 , 15.55 , -82.3 , 10 , 5.47 , 5.863 , 3.771 , 245.13 , 36.39
5023 , 25776 , 15.38 , -82.3 , 10 , 5.43 , 5.766 , 3.749 , 245.62 , 35.90
5033 , 25827 , 15.24 , -82.3 , 10 , 5.40 , 5.648 , 3.706 , 246.03 , 35.49
5043 , 25877 , 15.10 , -82.5 , 10 , 5.36 , 5.522 , 3.656 , 246.42 , 35.09
5053 , 25929 , 14.96 , -82.8 , 10 , 5.33 , 5.377 , 3.593 , 246.82 , 34.69
5063 , 25976 , 14.84 , -83.0 , 10 , 5.30 , 5.266 , 3.549 , 247.18 , 34.34
5073 , 26025 , 14.71 , -83.1 , 9 , 5.27 , 5.173 , 3.517 , 247.54 , 33.98
5083 , 26074 , 14.58 , -83.1 , 9 , 5.23 , 5.055 , 3.467 , 247.90 , 33.62
5092 , 26117 , 14.47 , -83.1 , 9 , 5.20 , 4.922 , 3.402 , 248.20 , 33.32
5102 , 26154 , 14.37 , -83.0 , 9 , 5.16 , 4.815 , 3.351 , 248.46 , 33.06
5112 , 26195 , 14.27 , -82.6 , 9 , 5.12 , 4.716 , 3.306 , 248.74 , 32.78
5122 , 26241 , 14.15 , -82.2 , 9 , 5.08 , 4.594 , 3.247 , 249.04 , 32.48
5132 , 26283 , 14.04 , -82.2 , 9 , 5.04 , 4.518 , 3.217 , 249.31 , 32.21
5142 , 26328 , 13.93 , -82.2 , 9 , 4.99 , 4.459 , 3.201 , 249.59 , 31.93
5152 , 26374 , 13.82 , -82.1 , 9 , 4.94 , 4.375 , 3.167 , 249.88 , 31.64
5162 , 26419 , 13.71 , -82.0 , 9 , 4.89 , 4.283 , 3.125 , 250.15 , 31.36
5172 , 26467 , 13.59 , -81.6 , 9 , 4.84 , 4.201 , 3.091 , 250.44 , 31.08
5182 , 26516 , 13.47 , -80.9 , 9 , 4.79 , 4.078 , 3.027 , 250.72 , 30.80
5192 , 26568 , 13.35 , -80.9 , 9 , 4.74 , 4.020 , 3.012 , 251.02 , 30.50
5202 , 26617 , 13.23 , -80.9 , 9 , 4.69 , 3.968 , 2.999 , 251.30 , 30.22
5212 , 26671 , 13.10 , -80.5 , 9 , 4.64 , 3.881 , 2.962 , 251.59 , 29.93
5222 , 26733 , 12.96 , -80.1 , 9 , 4.59 , 3.813 , 2.942 , 251.93 , 29.59
5232 , 26794 , 12.82 , -80.2 , 9 , 4.53 , 3.753 , 2.927 , 252.25 , 29.27
5242 , 26857 , 12.68 , -79.8 , 9 , 4.48 , 3.707 , 2.924 , 252.58 , 28.94
5252 , 26921 , 12.54 , -79.9 , 9 , 4.42 , 3.651 , 2.912 , 252.91 , 28.61
5262 , 26982 , 12.40 , -80.2 , 9 , 4.37 , 3.586 , 2.892 , 253.21 , 28.30
