# ------------------------------------------------------------
#
# Flight name: V3212
# Station: Davis
# Launch Date: 26 July 2012
# Launch Time: 11:31:32
# 
# This file created: Fri Jul 27 10:11:08 2012
# 
# 
# ------------------------------------------------------------
# DATA COLUMNS
# Time (s)
# Height (m)
# Atmospheric Pressure (hPa)
# Atmospheric Temperature (°C)
# Relative Humidity (%)
# Box Temperature (°C)
# Ozone Partial Pressure (mPa)
# Ozone Mixing Ratio (ppmV)
# Accumulated Ozone to this Height (Dobson Units)
# Remaining Ozone above this Height (Dobson Units)
# 
# ------------------------------------------------------------
# 
# Integrated Ozone = 261.1 DU
# Extrapolated Ozone =  33.7 DU
# 
# Total Ozone = 294.8 DU
# 
# 
# ------------------------------------------------------------
0 , 18 , 987.62 , -27.2 , 38 , 32.82 , 2.919 , 0.030 , 0.00 , 294.78
10 , 54 , 982.71 , -25.2 , 38 , 32.71 , 3.016 , 0.031 , 0.12 , 294.66
20 , 95 , 977.10 , -25.2 , 35 , 32.54 , 3.020 , 0.031 , 0.25 , 294.53
29 , 131 , 972.22 , -25.4 , 34 , 32.46 , 3.010 , 0.031 , 0.37 , 294.41
39 , 169 , 967.17 , -25.6 , 36 , 32.34 , 3.007 , 0.031 , 0.50 , 294.28
49 , 218 , 960.63 , -25.7 , 37 , 32.22 , 2.986 , 0.031 , 0.66 , 294.12
59 , 267 , 954.21 , -25.9 , 37 , 32.13 , 2.994 , 0.031 , 0.81 , 293.96
69 , 315 , 947.87 , -26.0 , 36 , 32.01 , 3.085 , 0.033 , 0.97 , 293.80
79 , 363 , 941.64 , -26.2 , 36 , 31.88 , 3.068 , 0.033 , 1.13 , 293.64
89 , 416 , 934.79 , -26.5 , 38 , 31.73 , 3.035 , 0.032 , 1.31 , 293.47
99 , 466 , 928.29 , -27.0 , 40 , 31.42 , 2.999 , 0.032 , 1.48 , 293.30
109 , 513 , 922.29 , -27.4 , 42 , 31.28 , 2.981 , 0.032 , 1.63 , 293.15
119 , 562 , 915.95 , -27.9 , 46 , 31.13 , 2.967 , 0.032 , 1.79 , 292.99
129 , 608 , 910.11 , -28.3 , 52 , 30.91 , 2.961 , 0.033 , 1.94 , 292.84
139 , 660 , 903.54 , -28.7 , 62 , 30.80 , 2.943 , 0.033 , 2.11 , 292.67
149 , 713 , 896.81 , -29.0 , 66 , 30.66 , 2.917 , 0.033 , 2.28 , 292.50
159 , 769 , 889.92 , -29.3 , 70 , 30.52 , 2.881 , 0.032 , 2.46 , 292.32
169 , 823 , 883.11 , -29.4 , 57 , 30.25 , 2.878 , 0.033 , 2.63 , 292.14
179 , 878 , 876.32 , -29.6 , 49 , 29.99 , 2.879 , 0.033 , 2.81 , 291.97
189 , 931 , 869.90 , -30.0 , 44 , 29.79 , 2.860 , 0.033 , 2.98 , 291.80
199 , 983 , 863.53 , -30.1 , 39 , 29.67 , 2.826 , 0.033 , 3.14 , 291.64
209 , 1037 , 857.03 , -29.9 , 36 , 29.57 , 2.794 , 0.033 , 3.31 , 291.47
219 , 1096 , 849.95 , -29.8 , 35 , 29.46 , 2.763 , 0.033 , 3.49 , 291.29
229 , 1148 , 843.80 , -30.0 , 36 , 29.32 , 2.751 , 0.033 , 3.65 , 291.13
239 , 1196 , 838.06 , -29.6 , 37 , 29.01 , 2.777 , 0.033 , 3.80 , 290.98
249 , 1244 , 832.50 , -28.9 , 36 , 28.85 , 2.736 , 0.033 , 3.94 , 290.84
259 , 1290 , 827.16 , -29.1 , 35 , 28.76 , 2.715 , 0.033 , 4.08 , 290.70
269 , 1337 , 821.76 , -29.1 , 34 , 28.67 , 2.694 , 0.033 , 4.22 , 290.56
278 , 1384 , 816.30 , -28.9 , 34 , 28.54 , 2.668 , 0.033 , 4.36 , 290.42
288 , 1436 , 810.37 , -28.7 , 33 , 28.27 , 2.647 , 0.033 , 4.51 , 290.26
298 , 1485 , 804.87 , -28.8 , 32 , 28.01 , 2.604 , 0.032 , 4.66 , 290.12
308 , 1536 , 799.17 , -28.2 , 32 , 27.90 , 2.595 , 0.032 , 4.80 , 289.98
318 , 1585 , 793.78 , -26.9 , 29 , 27.78 , 2.597 , 0.033 , 4.94 , 289.84
328 , 1637 , 788.04 , -26.4 , 26 , 27.64 , 2.576 , 0.033 , 5.09 , 289.69
335 , 1679 , 783.43 , -26.3 , 28 , 27.56 , 2.550 , 0.033 , 5.21 , 289.57
346 , 1735 , 777.46 , -26.3 , 59 , 27.46 , 2.575 , 0.033 , 5.36 , 289.42
355 , 1779 , 772.68 , -26.4 , 62 , 27.37 , 2.586 , 0.033 , 5.49 , 289.29
365 , 1829 , 767.37 , -26.3 , 55 , 27.24 , 2.553 , 0.033 , 5.63 , 289.15
375 , 1879 , 762.07 , -26.7 , 50 , 27.09 , 2.511 , 0.033 , 5.77 , 289.01
385 , 1927 , 757.02 , -26.8 , 46 , 26.94 , 2.493 , 0.033 , 5.90 , 288.88
395 , 1969 , 752.60 , -26.8 , 40 , 26.74 , 2.465 , 0.033 , 6.01 , 288.77
405 , 2020 , 747.33 , -27.0 , 35 , 26.61 , 2.479 , 0.033 , 6.15 , 288.63
415 , 2066 , 742.55 , -27.3 , 34 , 26.40 , 2.461 , 0.033 , 6.27 , 288.51
425 , 2119 , 737.10 , -27.5 , 32 , 26.25 , 2.444 , 0.033 , 6.42 , 288.36
435 , 2171 , 731.81 , -27.5 , 30 , 26.05 , 2.452 , 0.034 , 6.55 , 288.22
445 , 2220 , 726.85 , -27.8 , 29 , 25.91 , 2.463 , 0.034 , 6.69 , 288.09
455 , 2267 , 722.05 , -28.1 , 27 , 25.82 , 2.443 , 0.034 , 6.81 , 287.96
465 , 2321 , 716.73 , -28.4 , 25 , 25.67 , 2.449 , 0.034 , 6.96 , 287.82
475 , 2374 , 711.41 , -28.8 , 24 , 25.61 , 2.469 , 0.035 , 7.10 , 287.68
485 , 2433 , 705.56 , -29.1 , 23 , 25.51 , 2.430 , 0.034 , 7.26 , 287.52
495 , 2487 , 700.21 , -29.2 , 23 , 25.35 , 2.416 , 0.035 , 7.41 , 287.37
505 , 2541 , 694.98 , -29.4 , 22 , 25.25 , 2.442 , 0.035 , 7.55 , 287.23
515 , 2588 , 690.40 , -29.8 , 23 , 25.12 , 2.409 , 0.035 , 7.68 , 287.10
525 , 2643 , 685.10 , -30.0 , 20 , 24.98 , 2.387 , 0.035 , 7.82 , 286.96
535 , 2696 , 680.02 , -30.0 , 17 , 24.86 , 2.407 , 0.035 , 7.96 , 286.81
545 , 2751 , 674.80 , -30.3 , 17 , 24.78 , 2.352 , 0.035 , 8.11 , 286.67
555 , 2805 , 669.61 , -30.7 , 18 , 24.67 , 2.309 , 0.034 , 8.25 , 286.53
565 , 2861 , 664.40 , -31.1 , 18 , 24.57 , 2.289 , 0.034 , 8.39 , 286.39
575 , 2913 , 659.56 , -31.3 , 13 , 24.48 , 2.284 , 0.035 , 8.52 , 286.25
585 , 2960 , 655.11 , -31.6 , 10 , 24.33 , 2.256 , 0.034 , 8.65 , 286.13
594 , 3010 , 650.54 , -31.9 , 9 , 24.19 , 2.273 , 0.035 , 8.77 , 286.01
604 , 3063 , 645.63 , -32.4 , 10 , 24.08 , 2.269 , 0.035 , 8.91 , 285.87
614 , 3121 , 640.39 , -32.8 , 10 , 23.96 , 2.249 , 0.035 , 9.05 , 285.73
624 , 3172 , 635.75 , -33.0 , 9 , 23.84 , 2.253 , 0.035 , 9.18 , 285.60
634 , 3217 , 631.72 , -33.4 , 9 , 23.74 , 2.233 , 0.035 , 9.29 , 285.48
644 , 3264 , 627.47 , -33.8 , 9 , 23.61 , 2.224 , 0.035 , 9.41 , 285.37
654 , 3319 , 622.58 , -34.3 , 10 , 23.39 , 2.223 , 0.036 , 9.55 , 285.23
664 , 3378 , 617.28 , -34.9 , 10 , 23.28 , 2.202 , 0.036 , 9.70 , 285.08
674 , 3432 , 612.57 , -35.4 , 10 , 23.12 , 2.208 , 0.036 , 9.83 , 284.95
684 , 3488 , 607.63 , -35.9 , 11 , 22.97 , 2.208 , 0.036 , 9.97 , 284.80
694 , 3540 , 603.08 , -36.4 , 11 , 22.75 , 2.162 , 0.036 , 10.10 , 284.68
704 , 3587 , 598.97 , -36.8 , 11 , 22.66 , 2.144 , 0.036 , 10.22 , 284.56
714 , 3641 , 594.34 , -37.3 , 12 , 22.55 , 2.141 , 0.036 , 10.35 , 284.43
724 , 3699 , 589.40 , -37.9 , 12 , 22.49 , 2.108 , 0.036 , 10.49 , 284.29
734 , 3750 , 584.98 , -38.4 , 13 , 22.42 , 2.113 , 0.036 , 10.62 , 284.16
744 , 3807 , 580.19 , -38.8 , 13 , 22.30 , 2.115 , 0.036 , 10.75 , 284.03
754 , 3855 , 576.14 , -39.2 , 14 , 22.19 , 2.071 , 0.036 , 10.87 , 283.91
764 , 3907 , 571.77 , -39.5 , 13 , 22.06 , 2.042 , 0.036 , 10.99 , 283.79
774 , 3959 , 567.44 , -39.7 , 11 , 21.94 , 2.023 , 0.036 , 11.11 , 283.66
784 , 4009 , 563.29 , -40.1 , 10 , 21.80 , 2.015 , 0.036 , 11.23 , 283.55
794 , 4057 , 559.34 , -40.5 , 9 , 21.65 , 2.000 , 0.036 , 11.34 , 283.44
804 , 4109 , 555.12 , -40.9 , 9 , 21.53 , 1.989 , 0.036 , 11.46 , 283.32
814 , 4165 , 550.51 , -41.3 , 8 , 21.46 , 1.989 , 0.036 , 11.59 , 283.19
823 , 4222 , 545.89 , -41.7 , 8 , 21.41 , 1.965 , 0.036 , 11.72 , 283.05
833 , 4274 , 541.77 , -42.1 , 9 , 21.30 , 1.936 , 0.036 , 11.84 , 282.94
843 , 4325 , 537.68 , -42.4 , 9 , 21.16 , 1.930 , 0.036 , 11.96 , 282.82
853 , 4372 , 533.91 , -42.6 , 9 , 20.97 , 1.964 , 0.037 , 12.06 , 282.71
863 , 4426 , 529.72 , -42.9 , 9 , 20.84 , 2.005 , 0.038 , 12.19 , 282.59
873 , 4480 , 525.44 , -43.3 , 9 , 20.70 , 1.991 , 0.038 , 12.32 , 282.46
883 , 4530 , 521.56 , -43.6 , 10 , 20.56 , 1.973 , 0.038 , 12.43 , 282.35
893 , 4585 , 517.28 , -43.9 , 10 , 20.45 , 1.974 , 0.038 , 12.56 , 282.22
902 , 4642 , 512.90 , -44.2 , 10 , 20.30 , 1.940 , 0.038 , 12.69 , 282.09
911 , 4696 , 508.79 , -44.6 , 10 , 20.25 , 1.949 , 0.038 , 12.82 , 281.96
920 , 4747 , 504.94 , -44.8 , 9 , 20.03 , 1.953 , 0.039 , 12.93 , 281.85
930 , 4803 , 500.70 , -45.0 , 9 , 19.98 , 1.929 , 0.039 , 13.06 , 281.72
940 , 4865 , 496.09 , -45.4 , 9 , 19.85 , 1.924 , 0.039 , 13.20 , 281.58
950 , 4925 , 491.61 , -45.8 , 9 , 19.79 , 1.880 , 0.038 , 13.34 , 281.44
960 , 4981 , 487.53 , -46.0 , 8 , 19.71 , 1.880 , 0.039 , 13.46 , 281.32
970 , 5032 , 483.83 , -46.3 , 8 , 19.50 , 1.869 , 0.039 , 13.57 , 281.20
980 , 5084 , 480.05 , -46.4 , 8 , 19.44 , 1.865 , 0.039 , 13.69 , 281.09
990 , 5132 , 476.53 , -46.7 , 8 , 19.31 , 1.845 , 0.039 , 13.80 , 280.98
1000 , 5183 , 472.94 , -46.9 , 8 , 19.16 , 1.845 , 0.039 , 13.91 , 280.87
1010 , 5231 , 469.52 , -47.1 , 7 , 19.08 , 1.843 , 0.039 , 14.01 , 280.76
1020 , 5272 , 466.62 , -47.3 , 7 , 18.98 , 1.838 , 0.039 , 14.10 , 280.68
1030 , 5317 , 463.45 , -47.5 , 7 , 18.93 , 1.842 , 0.040 , 14.20 , 280.58
1040 , 5364 , 460.16 , -47.7 , 7 , 18.82 , 1.842 , 0.040 , 14.31 , 280.47
1050 , 5408 , 457.06 , -48.0 , 7 , 18.68 , 1.827 , 0.040 , 14.40 , 280.37
1060 , 5459 , 453.58 , -48.2 , 7 , 18.51 , 1.836 , 0.040 , 14.51 , 280.26
1070 , 5516 , 449.65 , -48.4 , 7 , 18.45 , 1.811 , 0.040 , 14.64 , 280.14
1080 , 5564 , 446.38 , -48.7 , 7 , 18.39 , 1.820 , 0.041 , 14.74 , 280.03
1090 , 5626 , 442.20 , -48.9 , 7 , 18.26 , 1.812 , 0.041 , 14.88 , 279.90
1100 , 5680 , 438.58 , -49.1 , 6 , 18.19 , 1.843 , 0.042 , 15.00 , 279.78
1110 , 5730 , 435.24 , -49.3 , 6 , 18.11 , 1.805 , 0.041 , 15.11 , 279.67
1119 , 5784 , 431.64 , -49.6 , 5 , 18.01 , 1.812 , 0.042 , 15.23 , 279.55
1129 , 5844 , 427.71 , -49.9 , 5 , 17.97 , 1.808 , 0.042 , 15.36 , 279.42
1139 , 5905 , 423.70 , -50.2 , 5 , 17.95 , 1.808 , 0.043 , 15.49 , 279.29
1149 , 5965 , 419.84 , -50.2 , 5 , 17.90 , 1.827 , 0.044 , 15.62 , 279.16
1159 , 6012 , 416.84 , -50.5 , 5 , 17.76 , 1.806 , 0.043 , 15.73 , 279.05
1169 , 6058 , 413.89 , -50.7 , 4 , 17.68 , 1.769 , 0.043 , 15.83 , 278.95
1179 , 6104 , 410.98 , -51.0 , 4 , 17.55 , 1.750 , 0.043 , 15.92 , 278.86
1189 , 6147 , 408.30 , -51.2 , 4 , 17.45 , 1.753 , 0.043 , 16.01 , 278.76
1199 , 6193 , 405.40 , -51.4 , 4 , 17.44 , 1.764 , 0.044 , 16.11 , 278.67
1209 , 6243 , 402.29 , -51.7 , 4 , 17.31 , 1.765 , 0.044 , 16.22 , 278.56
1219 , 6296 , 399.03 , -51.8 , 4 , 17.26 , 1.794 , 0.045 , 16.33 , 278.44
1228 , 6345 , 395.98 , -52.0 , 4 , 17.14 , 1.800 , 0.045 , 16.44 , 278.34
1238 , 6391 , 393.21 , -52.1 , 4 , 17.02 , 1.794 , 0.046 , 16.54 , 278.24
1248 , 6440 , 390.22 , -52.4 , 4 , 16.94 , 1.849 , 0.047 , 16.65 , 278.13
1258 , 6496 , 386.87 , -52.7 , 4 , 16.97 , 1.905 , 0.049 , 16.78 , 278.00
1268 , 6555 , 383.32 , -53.1 , 4 , 16.90 , 1.977 , 0.052 , 16.92 , 277.86
1278 , 6612 , 379.95 , -53.2 , 5 , 16.84 , 2.020 , 0.053 , 17.06 , 277.72
1288 , 6671 , 376.47 , -53.4 , 6 , 16.77 , 2.091 , 0.056 , 17.21 , 277.57
1298 , 6721 , 373.56 , -53.6 , 6 , 16.64 , 2.131 , 0.057 , 17.34 , 277.44
1308 , 6776 , 370.38 , -53.9 , 6 , 16.56 , 2.108 , 0.057 , 17.48 , 277.30
1318 , 6841 , 366.67 , -54.4 , 6 , 16.51 , 2.122 , 0.058 , 17.65 , 277.13
1328 , 6902 , 363.17 , -54.9 , 6 , 16.39 , 2.095 , 0.058 , 17.81 , 276.97
1338 , 6952 , 360.33 , -55.2 , 5 , 16.29 , 2.126 , 0.059 , 17.94 , 276.84
1348 , 7005 , 357.33 , -55.3 , 5 , 16.27 , 2.192 , 0.061 , 18.08 , 276.70
1358 , 7055 , 354.54 , -55.6 , 4 , 16.16 , 2.259 , 0.064 , 18.22 , 276.56
1368 , 7107 , 351.69 , -55.9 , 4 , 16.02 , 2.307 , 0.066 , 18.37 , 276.41
1378 , 7160 , 348.77 , -56.2 , 4 , 16.00 , 2.306 , 0.066 , 18.52 , 276.26
1388 , 7216 , 345.70 , -56.4 , 4 , 15.98 , 2.341 , 0.068 , 18.68 , 276.10
1398 , 7271 , 342.71 , -56.6 , 3 , 15.87 , 2.334 , 0.068 , 18.84 , 275.94
1408 , 7321 , 340.00 , -56.8 , 3 , 15.72 , 2.303 , 0.068 , 18.99 , 275.79
1418 , 7370 , 337.38 , -56.8 , 3 , 15.66 , 2.335 , 0.069 , 19.13 , 275.65
1428 , 7426 , 334.42 , -56.8 , 3 , 15.51 , 2.414 , 0.072 , 19.29 , 275.49
1438 , 7480 , 331.56 , -56.8 , 2 , 15.49 , 2.517 , 0.076 , 19.46 , 275.32
1448 , 7536 , 328.65 , -57.3 , 3 , 15.35 , 2.481 , 0.076 , 19.63 , 275.15
1458 , 7588 , 325.97 , -57.7 , 3 , 15.28 , 2.423 , 0.074 , 19.79 , 274.99
1468 , 7636 , 323.46 , -57.8 , 3 , 15.17 , 2.328 , 0.072 , 19.94 , 274.84
1478 , 7683 , 321.09 , -57.8 , 4 , 15.11 , 2.269 , 0.071 , 20.07 , 274.71
1488 , 7740 , 318.19 , -58.1 , 4 , 15.00 , 2.269 , 0.071 , 20.23 , 274.55
1498 , 7798 , 315.29 , -58.4 , 4 , 14.93 , 2.241 , 0.071 , 20.40 , 274.38
1508 , 7848 , 312.74 , -58.8 , 4 , 14.87 , 2.229 , 0.071 , 20.54 , 274.24
1518 , 7903 , 310.03 , -59.1 , 4 , 14.79 , 2.222 , 0.072 , 20.69 , 274.09
1528 , 7952 , 307.60 , -59.4 , 4 , 14.71 , 2.247 , 0.073 , 20.83 , 273.95
1537 , 7999 , 305.34 , -59.5 , 4 , 14.60 , 2.218 , 0.073 , 20.96 , 273.82
1547 , 8049 , 302.88 , -59.7 , 4 , 14.58 , 2.177 , 0.072 , 21.10 , 273.68
1557 , 8101 , 300.37 , -59.9 , 4 , 14.50 , 2.186 , 0.073 , 21.24 , 273.53
1567 , 8152 , 297.95 , -60.1 , 4 , 14.37 , 2.289 , 0.077 , 21.39 , 273.39
1577 , 8215 , 294.95 , -60.2 , 4 , 14.29 , 2.316 , 0.079 , 21.57 , 273.21
1587 , 8270 , 292.35 , -60.6 , 4 , 14.30 , 2.244 , 0.077 , 21.73 , 273.05
1597 , 8326 , 289.72 , -60.9 , 4 , 14.25 , 2.243 , 0.077 , 21.89 , 272.89
1607 , 8373 , 287.54 , -61.3 , 5 , 14.17 , 2.367 , 0.082 , 22.03 , 272.75
1617 , 8431 , 284.85 , -61.5 , 5 , 14.05 , 2.417 , 0.085 , 22.20 , 272.57
1627 , 8483 , 282.48 , -61.8 , 5 , 14.01 , 2.450 , 0.087 , 22.37 , 272.41
1637 , 8536 , 280.08 , -62.1 , 6 , 13.98 , 2.434 , 0.087 , 22.53 , 272.25
1647 , 8586 , 277.79 , -62.2 , 6 , 13.93 , 2.512 , 0.090 , 22.69 , 272.09
1657 , 8640 , 275.36 , -62.1 , 6 , 13.83 , 2.627 , 0.095 , 22.87 , 271.91
1667 , 8697 , 272.87 , -62.2 , 6 , 13.78 , 2.774 , 0.102 , 23.06 , 271.72
1677 , 8754 , 270.32 , -62.3 , 6 , 13.67 , 2.871 , 0.106 , 23.27 , 271.51
1687 , 8814 , 267.72 , -62.5 , 6 , 13.61 , 2.994 , 0.112 , 23.49 , 271.28
1697 , 8867 , 265.44 , -62.9 , 6 , 13.52 , 3.072 , 0.116 , 23.70 , 271.08
1707 , 8917 , 263.28 , -63.0 , 6 , 13.38 , 3.143 , 0.119 , 23.90 , 270.88
1717 , 8969 , 261.05 , -63.0 , 6 , 13.32 , 3.215 , 0.123 , 24.11 , 270.67
1727 , 9023 , 258.79 , -63.2 , 6 , 13.24 , 3.212 , 0.124 , 24.33 , 270.45
1737 , 9076 , 256.55 , -63.5 , 6 , 13.29 , 3.224 , 0.126 , 24.55 , 270.22
1747 , 9120 , 254.73 , -63.6 , 6 , 13.19 , 3.305 , 0.130 , 24.74 , 270.04
1757 , 9167 , 252.79 , -63.6 , 6 , 13.10 , 3.452 , 0.137 , 24.94 , 269.84
1767 , 9217 , 250.75 , -63.7 , 6 , 13.02 , 3.621 , 0.144 , 25.17 , 269.61
1777 , 9270 , 248.58 , -64.0 , 7 , 12.98 , 3.764 , 0.151 , 25.42 , 269.36
1787 , 9323 , 246.44 , -64.2 , 7 , 12.98 , 3.890 , 0.158 , 25.68 , 269.10
1797 , 9366 , 244.69 , -64.3 , 7 , 12.94 , 4.104 , 0.168 , 25.91 , 268.87
1807 , 9414 , 242.78 , -64.6 , 7 , 12.88 , 4.226 , 0.174 , 26.16 , 268.61
1817 , 9472 , 240.51 , -64.4 , 7 , 12.80 , 4.339 , 0.180 , 26.48 , 268.30
1827 , 9518 , 238.67 , -64.3 , 7 , 12.74 , 4.508 , 0.189 , 26.75 , 268.03
1837 , 9571 , 236.62 , -64.4 , 7 , 12.68 , 4.758 , 0.201 , 27.07 , 267.71
1846 , 9618 , 234.81 , -64.6 , 8 , 12.68 , 4.920 , 0.210 , 27.36 , 267.42
1856 , 9660 , 233.20 , -64.7 , 8 , 12.67 , 5.124 , 0.220 , 27.63 , 267.15
1866 , 9701 , 231.65 , -64.8 , 8 , 12.68 , 5.309 , 0.229 , 27.91 , 266.87
1876 , 9748 , 229.88 , -65.1 , 8 , 12.64 , 5.351 , 0.233 , 28.23 , 266.55
1886 , 9789 , 228.32 , -64.9 , 8 , 12.61 , 5.423 , 0.238 , 28.52 , 266.26
1896 , 9836 , 226.55 , -64.7 , 8 , 12.57 , 5.489 , 0.242 , 28.85 , 265.93
1906 , 9880 , 224.93 , -64.7 , 8 , 12.44 , 5.614 , 0.250 , 29.17 , 265.61
1916 , 9922 , 223.40 , -65.0 , 8 , 12.33 , 5.648 , 0.253 , 29.47 , 265.31
1926 , 9966 , 221.77 , -65.0 , 8 , 12.28 , 5.647 , 0.255 , 29.80 , 264.98
1936 , 10016 , 219.99 , -64.9 , 8 , 12.29 , 5.731 , 0.261 , 30.16 , 264.62
1946 , 10067 , 218.15 , -65.0 , 8 , 12.31 , 5.830 , 0.267 , 30.54 , 264.24
1956 , 10120 , 216.26 , -65.1 , 8 , 12.32 , 5.896 , 0.273 , 30.95 , 263.83
1966 , 10174 , 214.34 , -65.5 , 8 , 12.29 , 5.909 , 0.276 , 31.36 , 263.42
1976 , 10225 , 212.55 , -65.9 , 8 , 12.28 , 5.938 , 0.279 , 31.75 , 263.03
1986 , 10279 , 210.65 , -66.1 , 8 , 12.21 , 5.916 , 0.281 , 32.17 , 262.61
1996 , 10324 , 209.10 , -66.1 , 8 , 12.14 , 6.021 , 0.288 , 32.52 , 262.26
2006 , 10366 , 207.65 , -66.1 , 8 , 12.15 , 5.897 , 0.284 , 32.85 , 261.93
2016 , 10407 , 206.28 , -66.2 , 8 , 12.08 , 5.770 , 0.280 , 33.15 , 261.63
2026 , 10446 , 204.94 , -66.1 , 8 , 11.97 , 5.716 , 0.279 , 33.45 , 261.33
2036 , 10486 , 203.61 , -66.2 , 8 , 11.91 , 5.748 , 0.282 , 33.74 , 261.04
2046 , 10525 , 202.28 , -66.1 , 8 , 11.91 , 5.773 , 0.285 , 34.04 , 260.74
2056 , 10566 , 200.91 , -66.0 , 8 , 11.90 , 5.871 , 0.292 , 34.35 , 260.43
2066 , 10608 , 199.53 , -66.0 , 8 , 11.90 , 5.954 , 0.298 , 34.67 , 260.10
2076 , 10650 , 198.15 , -66.2 , 8 , 11.96 , 5.977 , 0.302 , 35.00 , 259.78
2086 , 10690 , 196.86 , -66.5 , 8 , 12.01 , 6.017 , 0.306 , 35.31 , 259.47
2096 , 10729 , 195.60 , -66.6 , 8 , 12.04 , 5.995 , 0.306 , 35.61 , 259.16
2106 , 10767 , 194.35 , -66.6 , 8 , 12.05 , 5.929 , 0.305 , 35.91 , 258.86
2116 , 10807 , 193.07 , -66.5 , 8 , 12.06 , 5.959 , 0.309 , 36.23 , 258.55
2126 , 10849 , 191.73 , -66.6 , 8 , 12.05 , 5.987 , 0.312 , 36.55 , 258.23
2136 , 10890 , 190.43 , -66.9 , 8 , 12.06 , 6.000 , 0.315 , 36.87 , 257.90
2145 , 10927 , 189.29 , -67.0 , 7 , 12.02 , 6.017 , 0.318 , 37.16 , 257.62
2155 , 10968 , 188.01 , -67.1 , 7 , 12.02 , 6.090 , 0.324 , 37.49 , 257.29
2165 , 11019 , 186.42 , -67.2 , 7 , 12.01 , 6.220 , 0.334 , 37.90 , 256.88
2175 , 11065 , 184.99 , -67.1 , 7 , 11.98 , 6.321 , 0.342 , 38.28 , 256.50
2185 , 11104 , 183.80 , -66.9 , 7 , 11.98 , 6.445 , 0.351 , 38.60 , 256.18
2194 , 11143 , 182.64 , -66.8 , 7 , 11.98 , 6.570 , 0.360 , 38.93 , 255.85
2204 , 11182 , 181.45 , -66.9 , 7 , 11.98 , 6.726 , 0.371 , 39.27 , 255.51
2214 , 11222 , 180.25 , -67.2 , 7 , 11.96 , 6.775 , 0.376 , 39.63 , 255.15
2224 , 11262 , 179.05 , -67.4 , 7 , 11.94 , 6.736 , 0.376 , 39.98 , 254.80
2234 , 11300 , 177.92 , -67.3 , 7 , 11.92 , 6.675 , 0.375 , 40.32 , 254.46
2244 , 11338 , 176.81 , -67.0 , 7 , 11.91 , 6.653 , 0.376 , 40.65 , 254.13
2254 , 11383 , 175.50 , -66.9 , 7 , 11.91 , 6.734 , 0.384 , 41.04 , 253.74
2264 , 11430 , 174.15 , -67.3 , 6 , 11.89 , 6.751 , 0.388 , 41.45 , 253.33
2274 , 11476 , 172.80 , -67.7 , 6 , 11.90 , 6.805 , 0.394 , 41.86 , 252.91
2284 , 11520 , 171.57 , -67.8 , 6 , 11.89 , 6.846 , 0.399 , 42.25 , 252.53
2294 , 11563 , 170.33 , -68.0 , 6 , 11.88 , 6.897 , 0.405 , 42.64 , 252.14
2304 , 11612 , 168.95 , -68.2 , 6 , 11.87 , 6.956 , 0.412 , 43.09 , 251.69
2314 , 11670 , 167.31 , -68.4 , 6 , 11.82 , 7.025 , 0.420 , 43.63 , 251.15
2324 , 11721 , 165.91 , -68.5 , 6 , 11.77 , 7.101 , 0.428 , 44.10 , 250.68
2334 , 11779 , 164.29 , -68.9 , 6 , 11.75 , 7.149 , 0.435 , 44.64 , 250.13
2344 , 11827 , 162.98 , -69.3 , 6 , 11.72 , 7.303 , 0.448 , 45.10 , 249.68
2354 , 11867 , 161.89 , -69.2 , 7 , 11.71 , 7.523 , 0.465 , 45.50 , 249.28
2364 , 11907 , 160.82 , -68.9 , 7 , 11.69 , 7.811 , 0.486 , 45.90 , 248.88
2374 , 11947 , 159.75 , -68.7 , 7 , 11.67 , 8.131 , 0.509 , 46.32 , 248.46
2384 , 11988 , 158.65 , -68.3 , 7 , 11.66 , 8.359 , 0.527 , 46.77 , 248.01
2394 , 12028 , 157.59 , -68.2 , 7 , 11.64 , 8.571 , 0.544 , 47.21 , 247.57
2404 , 12068 , 156.55 , -68.2 , 7 , 11.62 , 8.824 , 0.564 , 47.67 , 247.11
2414 , 12107 , 155.53 , -68.4 , 8 , 11.59 , 9.097 , 0.585 , 48.13 , 246.65
2424 , 12146 , 154.52 , -68.6 , 8 , 11.56 , 9.262 , 0.599 , 48.60 , 246.18
2434 , 12185 , 153.52 , -68.6 , 8 , 11.52 , 9.470 , 0.617 , 49.08 , 245.70
2443 , 12223 , 152.54 , -68.5 , 8 , 11.49 , 9.745 , 0.639 , 49.57 , 245.21
2452 , 12258 , 151.67 , -68.4 , 8 , 11.46 , 10.064 , 0.664 , 50.02 , 244.76
2462 , 12296 , 150.71 , -68.4 , 8 , 11.44 , 10.161 , 0.674 , 50.52 , 244.26
2472 , 12337 , 149.69 , -68.4 , 8 , 11.42 , 10.068 , 0.673 , 51.06 , 243.72
2482 , 12375 , 148.74 , -68.4 , 8 , 11.40 , 9.846 , 0.662 , 51.56 , 243.21
2492 , 12413 , 147.78 , -68.6 , 8 , 11.38 , 9.569 , 0.647 , 52.06 , 242.72
2502 , 12452 , 146.84 , -68.8 , 8 , 11.36 , 9.323 , 0.635 , 52.53 , 242.24
2512 , 12491 , 145.89 , -68.9 , 7 , 11.34 , 9.106 , 0.624 , 53.01 , 241.77
2522 , 12529 , 144.96 , -68.9 , 7 , 11.32 , 8.839 , 0.610 , 53.46 , 241.32
2532 , 12567 , 144.04 , -69.1 , 7 , 11.30 , 8.641 , 0.600 , 53.90 , 240.88
2542 , 12606 , 143.11 , -69.1 , 7 , 11.28 , 8.494 , 0.594 , 54.34 , 240.44
2552 , 12643 , 142.21 , -69.1 , 7 , 11.25 , 8.392 , 0.590 , 54.76 , 240.02
2562 , 12683 , 141.27 , -69.2 , 7 , 11.22 , 8.371 , 0.593 , 55.20 , 239.58
2572 , 12721 , 140.36 , -69.2 , 7 , 11.19 , 8.430 , 0.601 , 55.62 , 239.15
2582 , 12761 , 139.42 , -69.0 , 7 , 11.16 , 8.618 , 0.618 , 56.08 , 238.70
2592 , 12800 , 138.52 , -68.9 , 7 , 11.13 , 8.942 , 0.646 , 56.53 , 238.25
2602 , 12839 , 137.62 , -69.0 , 7 , 11.09 , 9.266 , 0.673 , 56.99 , 237.79
2612 , 12879 , 136.71 , -69.2 , 7 , 11.06 , 9.602 , 0.702 , 57.49 , 237.29
2622 , 12920 , 135.76 , -69.4 , 7 , 11.03 , 9.823 , 0.724 , 58.02 , 236.76
2632 , 12962 , 134.82 , -69.7 , 7 , 11.00 , 9.963 , 0.739 , 58.57 , 236.21
2642 , 13003 , 133.89 , -70.0 , 7 , 10.96 , 10.068 , 0.752 , 59.12 , 235.66
2652 , 13045 , 132.95 , -70.3 , 7 , 10.93 , 10.078 , 0.758 , 59.67 , 235.11
2662 , 13088 , 132.00 , -70.1 , 7 , 10.89 , 10.113 , 0.766 , 60.25 , 234.53
2672 , 13130 , 131.07 , -70.2 , 7 , 10.86 , 10.070 , 0.768 , 60.81 , 233.97
2682 , 13173 , 130.11 , -70.2 , 7 , 10.83 , 10.052 , 0.773 , 61.39 , 233.39
2692 , 13216 , 129.18 , -70.3 , 7 , 10.80 , 10.189 , 0.789 , 61.97 , 232.81
2702 , 13261 , 128.19 , -70.4 , 7 , 10.77 , 10.493 , 0.819 , 62.59 , 232.19
2712 , 13308 , 127.18 , -70.8 , 7 , 10.73 , 10.801 , 0.849 , 63.25 , 231.52
2722 , 13351 , 126.26 , -71.2 , 7 , 10.69 , 11.052 , 0.875 , 63.88 , 230.90
2732 , 13395 , 125.34 , -71.5 , 7 , 10.65 , 11.262 , 0.899 , 64.53 , 230.25
2741 , 13435 , 124.48 , -71.9 , 7 , 10.61 , 11.368 , 0.913 , 65.14 , 229.64
2751 , 13474 , 123.66 , -72.0 , 7 , 10.58 , 11.445 , 0.926 , 65.74 , 229.04
2761 , 13516 , 122.78 , -72.0 , 7 , 10.55 , 11.572 , 0.942 , 66.39 , 228.39
2771 , 13558 , 121.91 , -72.3 , 7 , 10.51 , 11.667 , 0.957 , 67.04 , 227.74
2781 , 13600 , 121.04 , -72.4 , 7 , 10.47 , 11.773 , 0.973 , 67.70 , 227.08
2791 , 13643 , 120.16 , -72.3 , 7 , 10.44 , 11.925 , 0.992 , 68.38 , 226.40
2801 , 13686 , 119.28 , -72.0 , 8 , 10.41 , 12.257 , 1.028 , 69.08 , 225.69
2811 , 13730 , 118.39 , -72.0 , 8 , 10.37 , 12.609 , 1.065 , 69.82 , 224.96
2821 , 13778 , 117.44 , -71.9 , 8 , 10.33 , 12.984 , 1.106 , 70.64 , 224.14
2831 , 13821 , 116.57 , -71.9 , 8 , 10.29 , 13.430 , 1.152 , 71.41 , 223.37
2841 , 13863 , 115.75 , -72.2 , 8 , 10.25 , 13.755 , 1.188 , 72.16 , 222.62
2851 , 13905 , 114.92 , -72.4 , 8 , 10.22 , 13.996 , 1.218 , 72.95 , 221.83
2861 , 13949 , 114.06 , -72.4 , 8 , 10.18 , 14.339 , 1.257 , 73.79 , 220.99
2871 , 13995 , 113.18 , -72.5 , 8 , 10.14 , 14.665 , 1.296 , 74.68 , 220.10
2881 , 14040 , 112.31 , -72.4 , 8 , 10.10 , 14.886 , 1.325 , 75.58 , 219.20
2891 , 14086 , 111.45 , -72.5 , 8 , 10.07 , 15.214 , 1.365 , 76.49 , 218.29
2901 , 14133 , 110.56 , -72.6 , 8 , 10.03 , 15.389 , 1.392 , 77.46 , 217.31
2911 , 14180 , 109.67 , -72.9 , 8 , 9.99 , 15.463 , 1.410 , 78.45 , 216.33
2921 , 14228 , 108.78 , -73.1 , 8 , 9.95 , 15.389 , 1.415 , 79.43 , 215.34
2931 , 14274 , 107.93 , -72.9 , 8 , 9.92 , 15.127 , 1.401 , 80.38 , 214.40
2941 , 14318 , 107.12 , -72.9 , 9 , 9.88 , 14.661 , 1.369 , 81.26 , 213.51
2950 , 14362 , 106.32 , -73.1 , 9 , 9.85 , 14.144 , 1.330 , 82.11 , 212.67
2960 , 14405 , 105.53 , -73.2 , 9 , 9.81 , 13.696 , 1.298 , 82.94 , 211.84
2970 , 14451 , 104.71 , -73.2 , 9 , 9.77 , 13.197 , 1.260 , 83.76 , 211.01
2980 , 14496 , 103.91 , -73.2 , 9 , 9.73 , 12.759 , 1.228 , 84.55 , 210.23
2990 , 14540 , 103.13 , -73.2 , 9 , 9.69 , 12.497 , 1.212 , 85.30 , 209.48
3000 , 14583 , 102.37 , -73.2 , 9 , 9.65 , 12.467 , 1.218 , 86.03 , 208.75
3010 , 14626 , 101.62 , -73.3 , 9 , 9.61 , 12.664 , 1.246 , 86.76 , 208.02
3020 , 14669 , 100.88 , -73.4 , 9 , 9.57 , 13.055 , 1.294 , 87.50 , 207.28
3030 , 14713 , 100.12 , -73.3 , 9 , 9.53 , 13.620 , 1.360 , 88.30 , 206.48
3039 , 14752 , 99.45 , -73.4 , 9 , 9.50 , 14.276 , 1.435 , 89.03 , 205.74
3049 , 14790 , 98.81 , -73.5 , 9 , 9.46 , 14.844 , 1.502 , 89.78 , 205.00
3059 , 14830 , 98.14 , -73.6 , 9 , 9.42 , 15.376 , 1.567 , 90.59 , 204.19
3069 , 14869 , 97.48 , -73.7 , 9 , 9.39 , 15.753 , 1.616 , 91.42 , 203.36
3079 , 14911 , 96.79 , -73.7 , 9 , 9.35 , 15.976 , 1.651 , 92.30 , 202.48
3089 , 14951 , 96.13 , -73.5 , 9 , 9.31 , 16.192 , 1.684 , 93.17 , 201.61
3099 , 14990 , 95.49 , -73.7 , 9 , 9.27 , 16.179 , 1.694 , 94.03 , 200.75
3109 , 15028 , 94.87 , -73.9 , 9 , 9.23 , 16.254 , 1.713 , 94.86 , 199.91
3119 , 15067 , 94.24 , -73.9 , 9 , 9.19 , 16.165 , 1.715 , 95.72 , 199.06
3129 , 15104 , 93.64 , -73.9 , 9 , 9.15 , 15.870 , 1.695 , 96.52 , 198.26
3139 , 15141 , 93.04 , -74.1 , 10 , 9.12 , 15.458 , 1.661 , 97.32 , 197.46
3149 , 15179 , 92.44 , -74.1 , 10 , 9.09 , 15.163 , 1.640 , 98.10 , 196.68
3159 , 15217 , 91.85 , -74.1 , 10 , 9.05 , 14.858 , 1.618 , 98.86 , 195.92
3169 , 15255 , 91.24 , -74.1 , 10 , 9.02 , 14.560 , 1.596 , 99.63 , 195.15
3179 , 15293 , 90.66 , -74.1 , 10 , 8.99 , 14.378 , 1.586 , 100.36 , 194.42
3189 , 15329 , 90.09 , -74.1 , 10 , 8.96 , 14.247 , 1.581 , 101.07 , 193.71
3199 , 15368 , 89.49 , -74.3 , 10 , 8.92 , 14.137 , 1.580 , 101.82 , 192.96
3209 , 15408 , 88.87 , -74.2 , 10 , 8.89 , 14.112 , 1.588 , 102.59 , 192.19
3219 , 15449 , 88.25 , -74.5 , 10 , 8.86 , 14.020 , 1.589 , 103.37 , 191.41
3229 , 15494 , 87.58 , -74.6 , 10 , 8.83 , 14.042 , 1.603 , 104.22 , 190.56
3239 , 15534 , 86.98 , -74.6 , 10 , 8.80 , 13.966 , 1.606 , 104.98 , 189.80
3249 , 15574 , 86.38 , -74.4 , 10 , 8.77 , 13.984 , 1.619 , 105.74 , 189.03
3259 , 15617 , 85.74 , -74.6 , 10 , 8.74 , 13.958 , 1.628 , 106.56 , 188.22
3269 , 15660 , 85.11 , -74.5 , 10 , 8.70 , 13.865 , 1.629 , 107.37 , 187.40
3279 , 15705 , 84.45 , -74.6 , 10 , 8.66 , 13.860 , 1.641 , 108.22 , 186.56
3289 , 15751 , 83.79 , -74.8 , 11 , 8.63 , 13.934 , 1.663 , 109.08 , 185.70
3299 , 15796 , 83.14 , -74.7 , 11 , 8.59 , 13.922 , 1.674 , 109.93 , 184.84
3309 , 15841 , 82.49 , -74.9 , 11 , 8.55 , 13.965 , 1.693 , 110.80 , 183.98
3319 , 15888 , 81.83 , -75.0 , 11 , 8.51 , 14.051 , 1.717 , 111.68 , 183.10
3329 , 15937 , 81.15 , -74.9 , 11 , 8.48 , 14.101 , 1.738 , 112.61 , 182.16
3339 , 15985 , 80.47 , -74.9 , 11 , 8.44 , 14.198 , 1.764 , 113.55 , 181.23
3348 , 16031 , 79.84 , -75.0 , 11 , 8.40 , 14.403 , 1.804 , 114.44 , 180.34
3358 , 16075 , 79.24 , -75.1 , 11 , 8.36 , 14.594 , 1.842 , 115.31 , 179.47
3368 , 16123 , 78.58 , -75.3 , 11 , 8.32 , 14.726 , 1.874 , 116.27 , 178.51
3378 , 16171 , 77.94 , -75.5 , 11 , 8.27 , 14.771 , 1.895 , 117.23 , 177.55
3387 , 16215 , 77.34 , -75.3 , 11 , 8.23 , 14.734 , 1.905 , 118.12 , 176.66
3397 , 16258 , 76.78 , -75.3 , 11 , 8.19 , 14.676 , 1.911 , 118.97 , 175.80
3407 , 16303 , 76.18 , -75.1 , 11 , 8.14 , 14.695 , 1.929 , 119.88 , 174.90
3417 , 16350 , 75.57 , -74.8 , 11 , 8.09 , 14.914 , 1.974 , 120.82 , 173.96
3427 , 16392 , 75.02 , -74.9 , 11 , 8.05 , 15.274 , 2.036 , 121.69 , 173.09
3437 , 16436 , 74.45 , -74.9 , 11 , 8.00 , 15.504 , 2.082 , 122.62 , 172.16
3447 , 16479 , 73.90 , -74.9 , 11 , 7.95 , 15.779 , 2.135 , 123.53 , 171.25
3457 , 16520 , 73.38 , -75.1 , 11 , 7.90 , 15.989 , 2.179 , 124.41 , 170.36
3467 , 16562 , 72.86 , -75.3 , 11 , 7.86 , 16.145 , 2.216 , 125.32 , 169.46
3477 , 16603 , 72.34 , -75.6 , 11 , 7.81 , 16.223 , 2.243 , 126.23 , 168.55
3487 , 16645 , 71.82 , -75.7 , 11 , 7.76 , 16.143 , 2.248 , 127.16 , 167.62
3497 , 16688 , 71.28 , -75.8 , 11 , 7.71 , 16.154 , 2.266 , 128.11 , 166.67
3507 , 16729 , 70.78 , -75.9 , 11 , 7.66 , 15.956 , 2.254 , 129.01 , 165.77
3517 , 16774 , 70.23 , -76.0 , 11 , 7.61 , 15.817 , 2.252 , 129.99 , 164.79
3527 , 16823 , 69.63 , -76.1 , 11 , 7.56 , 15.712 , 2.257 , 131.05 , 163.72
3537 , 16873 , 69.04 , -76.2 , 11 , 7.51 , 15.526 , 2.249 , 132.10 , 162.67
3547 , 16920 , 68.47 , -76.3 , 11 , 7.45 , 15.321 , 2.238 , 133.11 , 161.67
3557 , 16963 , 67.96 , -76.2 , 11 , 7.40 , 15.107 , 2.223 , 134.00 , 160.78
3567 , 17006 , 67.45 , -76.4 , 11 , 7.35 , 14.929 , 2.213 , 134.90 , 159.88
3577 , 17051 , 66.93 , -76.4 , 11 , 7.30 , 14.819 , 2.214 , 135.80 , 158.98
3587 , 17095 , 66.43 , -76.4 , 11 , 7.25 , 14.692 , 2.212 , 136.68 , 158.09
3597 , 17138 , 65.93 , -76.3 , 11 , 7.19 , 14.506 , 2.200 , 137.56 , 157.22
3607 , 17183 , 65.41 , -76.3 , 11 , 7.14 , 14.377 , 2.198 , 138.45 , 156.33
3617 , 17229 , 64.90 , -76.5 , 11 , 7.08 , 14.322 , 2.207 , 139.34 , 155.44
3626 , 17273 , 64.40 , -76.6 , 11 , 7.03 , 14.199 , 2.205 , 140.21 , 154.57
3636 , 17316 , 63.92 , -76.5 , 11 , 6.98 , 14.078 , 2.203 , 141.05 , 153.73
3646 , 17362 , 63.41 , -76.6 , 11 , 6.93 , 13.996 , 2.207 , 141.94 , 152.84
3656 , 17410 , 62.89 , -76.8 , 11 , 6.88 , 14.016 , 2.229 , 142.85 , 151.93
3666 , 17456 , 62.38 , -76.9 , 11 , 6.82 , 13.950 , 2.236 , 143.74 , 151.04
3676 , 17500 , 61.91 , -77.0 , 11 , 6.77 , 13.882 , 2.242 , 144.57 , 150.20
3686 , 17545 , 61.42 , -77.1 , 11 , 6.71 , 13.961 , 2.273 , 145.44 , 149.34
3695 , 17587 , 60.97 , -77.0 , 11 , 6.66 , 13.994 , 2.295 , 146.25 , 148.53
3705 , 17630 , 60.52 , -77.0 , 11 , 6.61 , 14.103 , 2.330 , 147.08 , 147.70
3715 , 17677 , 60.03 , -77.3 , 11 , 6.56 , 14.174 , 2.361 , 147.99 , 146.79
3725 , 17725 , 59.53 , -77.5 , 11 , 6.50 , 14.278 , 2.398 , 148.92 , 145.86
3735 , 17769 , 59.07 , -77.8 , 11 , 6.45 , 14.224 , 2.408 , 149.79 , 144.99
3745 , 17813 , 58.62 , -78.1 , 11 , 6.39 , 14.168 , 2.417 , 150.65 , 144.13
3755 , 17857 , 58.17 , -78.5 , 11 , 6.34 , 14.162 , 2.435 , 151.52 , 143.26
3765 , 17899 , 57.74 , -78.6 , 11 , 6.29 , 14.061 , 2.435 , 152.35 , 142.43
3775 , 17942 , 57.30 , -78.8 , 11 , 6.23 , 14.025 , 2.448 , 153.18 , 141.60
3785 , 17985 , 56.88 , -78.9 , 11 , 6.18 , 14.002 , 2.462 , 154.01 , 140.77
3795 , 18025 , 56.47 , -78.9 , 11 , 6.12 , 13.966 , 2.473 , 154.80 , 139.98
3805 , 18068 , 56.05 , -78.9 , 11 , 6.07 , 13.958 , 2.490 , 155.63 , 139.15
3815 , 18109 , 55.64 , -79.0 , 12 , 6.01 , 13.980 , 2.512 , 156.43 , 138.35
3825 , 18152 , 55.23 , -78.9 , 12 , 5.96 , 13.934 , 2.523 , 157.25 , 137.53
3835 , 18195 , 54.81 , -78.9 , 12 , 5.90 , 13.906 , 2.537 , 158.09 , 136.69
3845 , 18235 , 54.43 , -79.1 , 12 , 5.85 , 13.899 , 2.553 , 158.85 , 135.93
3855 , 18275 , 54.05 , -79.3 , 12 , 5.80 , 13.901 , 2.572 , 159.62 , 135.16
3865 , 18315 , 53.66 , -79.0 , 12 , 5.74 , 13.886 , 2.588 , 160.40 , 134.38
3875 , 18355 , 53.29 , -79.0 , 12 , 5.69 , 13.878 , 2.604 , 161.18 , 133.60
3885 , 18397 , 52.90 , -78.9 , 12 , 5.64 , 13.879 , 2.624 , 161.98 , 132.80
3895 , 18440 , 52.50 , -79.0 , 12 , 5.59 , 13.872 , 2.643 , 162.81 , 131.97
3905 , 18483 , 52.10 , -79.0 , 12 , 5.54 , 13.892 , 2.666 , 163.65 , 131.13
3914 , 18525 , 51.72 , -79.1 , 12 , 5.49 , 14.008 , 2.708 , 164.45 , 130.33
3924 , 18566 , 51.35 , -79.1 , 12 , 5.44 , 14.067 , 2.739 , 165.25 , 129.53
3934 , 18607 , 50.98 , -79.0 , 12 , 5.39 , 13.992 , 2.745 , 166.06 , 128.72
3944 , 18651 , 50.58 , -79.0 , 12 , 5.33 , 14.023 , 2.772 , 166.91 , 127.86
3954 , 18695 , 50.20 , -79.1 , 12 , 5.28 , 13.982 , 2.786 , 167.76 , 127.02
3964 , 18739 , 49.81 , -79.0 , 12 , 5.23 , 13.981 , 2.807 , 168.61 , 126.17
3974 , 18782 , 49.43 , -78.9 , 12 , 5.18 , 14.082 , 2.849 , 169.46 , 125.32
3984 , 18830 , 49.02 , -79.0 , 12 , 5.12 , 14.058 , 2.868 , 170.39 , 124.39
3994 , 18874 , 48.64 , -78.8 , 12 , 5.07 , 14.081 , 2.895 , 171.24 , 123.54
4004 , 18918 , 48.26 , -78.7 , 12 , 5.02 , 14.098 , 2.921 , 172.11 , 122.67
4014 , 18962 , 47.90 , -78.7 , 12 , 4.97 , 14.093 , 2.942 , 172.96 , 121.82
4024 , 19005 , 47.53 , -78.7 , 12 , 4.92 , 14.076 , 2.961 , 173.81 , 120.97
4034 , 19051 , 47.15 , -78.9 , 12 , 4.87 , 14.014 , 2.972 , 174.71 , 120.07
4043 , 19092 , 46.81 , -79.0 , 12 , 4.82 , 14.015 , 2.994 , 175.50 , 119.28
4053 , 19132 , 46.48 , -78.8 , 12 , 4.77 , 14.010 , 3.014 , 176.28 , 118.50
4063 , 19175 , 46.13 , -78.5 , 12 , 4.72 , 14.044 , 3.044 , 177.12 , 117.66
4073 , 19220 , 45.77 , -78.6 , 12 , 4.67 , 14.031 , 3.066 , 178.00 , 116.78
4083 , 19264 , 45.42 , -78.6 , 12 , 4.62 , 14.012 , 3.085 , 178.85 , 115.93
4093 , 19307 , 45.08 , -78.6 , 12 , 4.56 , 13.878 , 3.079 , 179.68 , 115.10
4103 , 19350 , 44.73 , -78.8 , 12 , 4.51 , 13.900 , 3.107 , 180.51 , 114.26
4113 , 19394 , 44.39 , -78.9 , 12 , 4.46 , 13.849 , 3.120 , 181.36 , 113.42
4123 , 19437 , 44.06 , -78.8 , 12 , 4.41 , 13.796 , 3.132 , 182.18 , 112.60
4133 , 19481 , 43.72 , -78.8 , 12 , 4.36 , 13.841 , 3.166 , 183.02 , 111.76
4143 , 19526 , 43.38 , -78.8 , 12 , 4.31 , 13.699 , 3.158 , 183.87 , 110.90
4153 , 19570 , 43.04 , -78.9 , 12 , 4.26 , 13.646 , 3.171 , 184.72 , 110.06
4163 , 19617 , 42.69 , -78.9 , 12 , 4.21 , 13.581 , 3.182 , 185.60 , 109.18
4173 , 19660 , 42.36 , -78.9 , 12 , 4.16 , 13.473 , 3.181 , 186.42 , 108.36
4183 , 19705 , 42.03 , -78.9 , 12 , 4.11 , 13.449 , 3.200 , 187.25 , 107.53
4192 , 19746 , 41.72 , -79.0 , 12 , 4.06 , 13.367 , 3.204 , 188.02 , 106.75
4202 , 19787 , 41.43 , -78.9 , 12 , 4.01 , 13.338 , 3.219 , 188.77 , 106.01
4212 , 19830 , 41.11 , -78.7 , 12 , 3.96 , 13.387 , 3.256 , 189.58 , 105.20
4222 , 19874 , 40.80 , -78.6 , 12 , 3.91 , 13.335 , 3.268 , 190.38 , 104.40
4232 , 19916 , 40.50 , -78.5 , 12 , 3.86 , 13.304 , 3.285 , 191.17 , 103.61
4242 , 19958 , 40.20 , -78.6 , 12 , 3.81 , 13.223 , 3.289 , 191.94 , 102.84
4252 , 20000 , 39.90 , -78.6 , 12 , 3.75 , 13.038 , 3.267 , 192.70 , 102.07
4262 , 20042 , 39.61 , -78.4 , 12 , 3.71 , 12.817 , 3.236 , 193.45 , 101.33
4272 , 20084 , 39.32 , -78.4 , 12 , 3.65 , 12.714 , 3.233 , 194.20 , 100.58
4282 , 20127 , 39.03 , -78.6 , 12 , 3.61 , 12.559 , 3.218 , 194.95 , 99.83
4292 , 20167 , 38.75 , -78.7 , 12 , 3.55 , 12.436 , 3.209 , 195.64 , 99.14
4302 , 20208 , 38.47 , -78.7 , 12 , 3.50 , 12.352 , 3.210 , 196.35 , 98.43
4312 , 20249 , 38.20 , -78.9 , 12 , 3.46 , 12.242 , 3.205 , 197.04 , 97.74
4322 , 20291 , 37.92 , -79.1 , 12 , 3.41 , 12.158 , 3.207 , 197.76 , 97.02
4332 , 20333 , 37.64 , -79.1 , 12 , 3.36 , 12.088 , 3.211 , 198.46 , 96.32
4342 , 20375 , 37.36 , -79.1 , 12 , 3.31 , 12.046 , 3.224 , 199.17 , 95.61
4352 , 20418 , 37.08 , -79.1 , 12 , 3.26 , 11.955 , 3.224 , 199.89 , 94.89
4362 , 20462 , 36.79 , -79.1 , 12 , 3.21 , 11.925 , 3.241 , 200.62 , 94.16
4372 , 20507 , 36.50 , -79.0 , 12 , 3.16 , 11.831 , 3.241 , 201.36 , 93.42
4382 , 20552 , 36.21 , -79.0 , 12 , 3.12 , 11.739 , 3.242 , 202.10 , 92.68
4392 , 20600 , 35.91 , -79.3 , 12 , 3.07 , 11.648 , 3.244 , 202.87 , 91.91
4402 , 20645 , 35.62 , -79.4 , 12 , 3.02 , 11.570 , 3.248 , 203.61 , 91.17
4412 , 20689 , 35.35 , -79.4 , 12 , 2.97 , 11.478 , 3.247 , 204.31 , 90.47
4422 , 20737 , 35.05 , -79.3 , 12 , 2.92 , 11.432 , 3.262 , 205.08 , 89.70
4431 , 20787 , 34.74 , -79.1 , 12 , 2.87 , 11.399 , 3.281 , 205.87 , 88.91
4441 , 20834 , 34.46 , -79.1 , 12 , 2.83 , 11.474 , 3.330 , 206.61 , 88.17
4451 , 20886 , 34.15 , -79.0 , 12 , 2.78 , 11.573 , 3.389 , 207.44 , 87.34
4461 , 20937 , 33.84 , -79.1 , 12 , 2.73 , 11.627 , 3.436 , 208.26 , 86.51
4471 , 20988 , 33.54 , -78.8 , 12 , 2.69 , 11.694 , 3.487 , 209.10 , 85.68
4480 , 21036 , 33.26 , -78.6 , 12 , 2.64 , 11.691 , 3.516 , 209.87 , 84.91
4490 , 21083 , 32.98 , -78.6 , 12 , 2.59 , 11.630 , 3.526 , 210.63 , 84.15
4500 , 21131 , 32.71 , -78.6 , 12 , 2.55 , 11.482 , 3.511 , 211.40 , 83.38
4510 , 21185 , 32.40 , -78.6 , 12 , 2.50 , 11.304 , 3.489 , 212.25 , 82.53
4520 , 21238 , 32.10 , -78.7 , 12 , 2.45 , 10.964 , 3.416 , 213.07 , 81.71
4530 , 21288 , 31.81 , -79.0 , 12 , 2.40 , 10.748 , 3.378 , 213.83 , 80.95
4540 , 21337 , 31.54 , -79.1 , 12 , 2.36 , 10.478 , 3.322 , 214.54 , 80.24
4550 , 21386 , 31.27 , -79.1 , 11 , 2.31 , 10.149 , 3.245 , 215.24 , 79.54
4560 , 21430 , 31.03 , -79.2 , 11 , 2.26 , 9.828 , 3.167 , 215.85 , 78.93
4570 , 21476 , 30.78 , -79.3 , 11 , 2.22 , 9.595 , 3.117 , 216.48 , 78.30
4580 , 21522 , 30.53 , -79.0 , 11 , 2.17 , 9.371 , 3.069 , 217.09 , 77.69
4590 , 21565 , 30.30 , -79.0 , 11 , 2.12 , 9.119 , 3.009 , 217.64 , 77.14
4600 , 21608 , 30.08 , -79.2 , 11 , 2.08 , 8.960 , 2.979 , 218.17 , 76.61
4610 , 21649 , 29.86 , -78.7 , 11 , 2.03 , 8.820 , 2.954 , 218.68 , 76.10
4620 , 21689 , 29.65 , -78.4 , 11 , 1.98 , 8.816 , 2.973 , 219.17 , 75.61
4630 , 21730 , 29.44 , -78.0 , 11 , 1.94 , 8.759 , 2.975 , 219.66 , 75.11
4640 , 21772 , 29.22 , -77.7 , 11 , 1.89 , 8.651 , 2.960 , 220.17 , 74.61
4650 , 21817 , 28.99 , -77.9 , 11 , 1.84 , 8.576 , 2.958 , 220.71 , 74.07
4660 , 21865 , 28.75 , -77.9 , 11 , 1.80 , 8.567 , 2.980 , 221.28 , 73.50
4670 , 21915 , 28.50 , -78.0 , 11 , 1.75 , 8.615 , 3.023 , 221.87 , 72.91
4680 , 21964 , 28.26 , -78.3 , 11 , 1.70 , 8.657 , 3.064 , 222.45 , 72.33
4690 , 22012 , 28.02 , -78.4 , 11 , 1.66 , 8.628 , 3.079 , 223.02 , 71.75
4700 , 22063 , 27.77 , -78.7 , 11 , 1.61 , 8.637 , 3.110 , 223.64 , 71.14
4710 , 22116 , 27.51 , -79.0 , 11 , 1.57 , 8.604 , 3.127 , 224.28 , 70.50
4720 , 22170 , 27.25 , -79.2 , 11 , 1.52 , 8.621 , 3.164 , 224.92 , 69.86
4730 , 22223 , 27.00 , -79.4 , 11 , 1.48 , 8.684 , 3.217 , 225.56 , 69.22
4739 , 22274 , 26.76 , -79.4 , 11 , 1.43 , 8.746 , 3.269 , 226.17 , 68.60
4749 , 22322 , 26.53 , -79.5 , 11 , 1.39 , 8.853 , 3.337 , 226.76 , 68.02
4759 , 22375 , 26.28 , -79.8 , 11 , 1.35 , 8.884 , 3.380 , 227.41 , 67.36
4768 , 22421 , 26.07 , -80.1 , 11 , 1.30 , 8.862 , 3.399 , 227.99 , 66.79
4777 , 22471 , 25.84 , -80.1 , 11 , 1.26 , 8.912 , 3.449 , 228.61 , 66.17
4787 , 22521 , 25.61 , -80.1 , 11 , 1.21 , 8.911 , 3.479 , 229.23 , 65.55
4797 , 22572 , 25.38 , -80.1 , 10 , 1.17 , 8.867 , 3.493 , 229.86 , 64.92
4807 , 22625 , 25.15 , -80.2 , 10 , 1.12 , 8.772 , 3.488 , 230.52 , 64.26
4817 , 22677 , 24.92 , -80.3 , 10 , 1.07 , 8.676 , 3.482 , 231.15 , 63.63
4827 , 22727 , 24.70 , -80.3 , 10 , 1.03 , 8.581 , 3.475 , 231.75 , 63.03
4837 , 22775 , 24.49 , -80.4 , 10 , 0.98 , 8.473 , 3.460 , 232.33 , 62.45
4846 , 22820 , 24.29 , -80.4 , 10 , 0.94 , 8.448 , 3.478 , 232.86 , 61.92
4856 , 22863 , 24.11 , -80.3 , 10 , 0.90 , 8.348 , 3.463 , 233.37 , 61.41
4866 , 22910 , 23.91 , -80.3 , 10 , 0.85 , 8.181 , 3.422 , 233.91 , 60.87
4876 , 22956 , 23.71 , -80.2 , 10 , 0.81 , 8.092 , 3.412 , 234.43 , 60.35
4886 , 22999 , 23.53 , -79.7 , 10 , 0.76 , 8.003 , 3.401 , 234.92 , 59.86
4896 , 23044 , 23.35 , -79.6 , 10 , 0.72 , 7.972 , 3.414 , 235.41 , 59.37
4906 , 23087 , 23.17 , -79.5 , 10 , 0.67 , 7.967 , 3.438 , 235.89 , 58.89
4916 , 23132 , 22.99 , -79.5 , 10 , 0.64 , 7.975 , 3.469 , 236.39 , 58.39
4926 , 23176 , 22.81 , -79.2 , 10 , 0.59 , 7.939 , 3.481 , 236.88 , 57.90
4936 , 23222 , 22.63 , -79.1 , 10 , 0.55 , 7.907 , 3.494 , 237.38 , 57.40
4946 , 23267 , 22.45 , -79.1 , 10 , 0.50 , 7.837 , 3.491 , 237.88 , 56.90
4956 , 23313 , 22.27 , -78.9 , 10 , 0.46 , 7.751 , 3.481 , 238.38 , 56.40
4966 , 23363 , 22.07 , -78.7 , 10 , 0.41 , 7.635 , 3.459 , 238.91 , 55.87
4976 , 23411 , 21.89 , -78.5 , 10 , 0.37 , 7.499 , 3.426 , 239.41 , 55.37
4986 , 23459 , 21.70 , -78.6 , 10 , 0.33 , 7.335 , 3.380 , 239.91 , 54.87
4996 , 23511 , 21.50 , -78.5 , 10 , 0.28 , 7.192 , 3.344 , 240.43 , 54.35
5006 , 23563 , 21.31 , -78.2 , 10 , 0.24 , 7.087 , 3.326 , 240.94 , 53.84
5016 , 23614 , 21.12 , -78.0 , 10 , 0.20 , 7.009 , 3.318 , 241.44 , 53.34
5026 , 23664 , 20.94 , -77.9 , 10 , 0.15 , 6.920 , 3.305 , 241.92 , 52.86
5036 , 23714 , 20.75 , -77.7 , 10 , 0.11 , 6.852 , 3.302 , 242.40 , 52.38
5046 , 23764 , 20.57 , -78.0 , 10 , 0.07 , 6.758 , 3.285 , 242.87 , 51.91
5056 , 23815 , 20.39 , -78.3 , 10 , 0.02 , 6.734 , 3.303 , 243.34 , 51.44
5066 , 23863 , 20.22 , -78.6 , 10 , -0.02 , 6.702 , 3.315 , 243.79 , 50.99
5075 , 23910 , 20.06 , -78.8 , 10 , -0.06 , 6.656 , 3.319 , 244.22 , 50.56
5085 , 23952 , 19.91 , -78.4 , 10 , -0.10 , 6.561 , 3.296 , 244.60 , 50.17
5095 , 23996 , 19.75 , -78.2 , 9 , -0.14 , 6.530 , 3.306 , 245.00 , 49.78
5105 , 24035 , 19.62 , -78.1 , 9 , -0.18 , 6.485 , 3.306 , 245.36 , 49.42
5114 , 24076 , 19.48 , -78.1 , 9 , -0.22 , 6.451 , 3.312 , 245.73 , 49.05
5124 , 24114 , 19.35 , -77.9 , 9 , -0.26 , 6.408 , 3.312 , 246.06 , 48.72
5134 , 24151 , 19.22 , -77.8 , 9 , -0.30 , 6.345 , 3.301 , 246.39 , 48.39
5144 , 24188 , 19.10 , -77.8 , 9 , -0.33 , 6.329 , 3.314 , 246.71 , 48.07
5154 , 24224 , 18.98 , -77.5 , 9 , -0.37 , 6.328 , 3.334 , 247.03 , 47.75
5164 , 24262 , 18.85 , -77.0 , 9 , -0.41 , 6.271 , 3.326 , 247.36 , 47.42
5174 , 24299 , 18.73 , -76.5 , 9 , -0.45 , 6.210 , 3.315 , 247.67 , 47.11
5184 , 24337 , 18.61 , -76.2 , 9 , -0.48 , 6.199 , 3.331 , 248.00 , 46.78
5194 , 24378 , 18.48 , -76.0 , 9 , -0.52 , 6.156 , 3.331 , 248.34 , 46.44
5204 , 24419 , 18.35 , -75.9 , 9 , -0.56 , 6.091 , 3.319 , 248.68 , 46.10
5214 , 24459 , 18.22 , -75.9 , 9 , -0.60 , 6.004 , 3.295 , 249.01 , 45.76
5224 , 24508 , 18.07 , -76.2 , 9 , -0.63 , 5.951 , 3.294 , 249.41 , 45.37
5234 , 24557 , 17.91 , -76.5 , 9 , -0.67 , 5.912 , 3.300 , 249.82 , 44.96
5244 , 24608 , 17.76 , -76.4 , 9 , -0.71 , 5.872 , 3.307 , 250.22 , 44.56
5254 , 24656 , 17.61 , -76.4 , 8 , -0.75 , 5.803 , 3.296 , 250.61 , 44.17
5264 , 24711 , 17.44 , -76.6 , 8 , -0.78 , 5.734 , 3.288 , 251.04 , 43.73
5274 , 24764 , 17.28 , -76.2 , 8 , -0.82 , 5.648 , 3.268 , 251.46 , 43.32
5284 , 24819 , 17.12 , -76.3 , 8 , -0.85 , 5.551 , 3.243 , 251.88 , 42.90
5294 , 24874 , 16.95 , -76.5 , 8 , -0.89 , 5.473 , 3.228 , 252.30 , 42.48
5304 , 24928 , 16.80 , -76.5 , 8 , -0.92 , 5.405 , 3.218 , 252.70 , 42.08
5314 , 24983 , 16.64 , -76.4 , 8 , -0.96 , 5.300 , 3.186 , 253.10 , 41.68
5324 , 25035 , 16.49 , -76.1 , 8 , -1.00 , 5.244 , 3.181 , 253.48 , 41.30
5334 , 25087 , 16.34 , -76.2 , 8 , -1.03 , 5.148 , 3.151 , 253.85 , 40.93
5344 , 25135 , 16.20 , -76.3 , 8 , -1.07 , 5.067 , 3.127 , 254.18 , 40.60
5353 , 25181 , 16.07 , -76.3 , 8 , -1.10 , 5.040 , 3.136 , 254.50 , 40.28
5363 , 25227 , 15.95 , -76.2 , 7 , -1.14 , 4.991 , 3.129 , 254.81 , 39.96
5373 , 25272 , 15.82 , -76.0 , 7 , -1.17 , 4.901 , 3.097 , 255.12 , 39.66
5383 , 25318 , 15.70 , -75.7 , 7 , -1.21 , 4.838 , 3.082 , 255.42 , 39.35
5393 , 25360 , 15.58 , -75.5 , 7 , -1.24 , 4.823 , 3.095 , 255.70 , 39.08
5403 , 25402 , 15.47 , -75.4 , 7 , -1.28 , 4.774 , 3.086 , 255.98 , 38.80
5413 , 25446 , 15.36 , -75.1 , 7 , -1.32 , 4.730 , 3.080 , 256.26 , 38.52
5422 , 25483 , 15.26 , -74.9 , 7 , -1.35 , 4.678 , 3.066 , 256.50 , 38.28
5432 , 25518 , 15.16 , -74.6 , 7 , -1.39 , 4.592 , 3.028 , 256.72 , 38.06
5442 , 25557 , 15.06 , -74.1 , 7 , -1.42 , 4.585 , 3.044 , 256.96 , 37.81
5452 , 25592 , 14.97 , -73.4 , 7 , -1.46 , 4.531 , 3.026 , 257.18 , 37.60
5462 , 25629 , 14.88 , -73.0 , 7 , -1.49 , 4.531 , 3.045 , 257.41 , 37.37
5472 , 25666 , 14.79 , -72.8 , 6 , -1.53 , 4.563 , 3.086 , 257.63 , 37.15
5482 , 25702 , 14.70 , -72.5 , 6 , -1.56 , 4.576 , 3.114 , 257.85 , 36.93
5492 , 25737 , 14.61 , -71.7 , 6 , -1.60 , 4.554 , 3.117 , 258.07 , 36.71
5502 , 25776 , 14.51 , -70.8 , 6 , -1.63 , 4.546 , 3.132 , 258.31 , 36.47
5512 , 25809 , 14.43 , -70.5 , 6 , -1.67 , 4.557 , 3.158 , 258.51 , 36.27
5522 , 25848 , 14.34 , -70.3 , 6 , -1.70 , 4.512 , 3.147 , 258.74 , 36.04
5532 , 25888 , 14.24 , -70.4 , 6 , -1.74 , 4.511 , 3.168 , 258.98 , 35.80
5542 , 25930 , 14.14 , -70.4 , 6 , -1.77 , 4.498 , 3.181 , 259.23 , 35.55
5552 , 25971 , 14.04 , -70.3 , 5 , -1.80 , 4.482 , 3.192 , 259.48 , 35.30
5562 , 26014 , 13.94 , -69.6 , 5 , -1.83 , 4.478 , 3.212 , 259.73 , 35.05
5572 , 26058 , 13.84 , -69.2 , 5 , -1.87 , 4.493 , 3.247 , 259.99 , 34.79
5582 , 26107 , 13.73 , -69.3 , 5 , -1.90 , 4.413 , 3.215 , 260.28 , 34.50
5592 , 26152 , 13.62 , -69.0 , 5 , -1.93 , 4.348 , 3.192 , 260.54 , 34.24
5602 , 26203 , 13.51 , -69.0 , 4 , -1.96 , 4.331 , 3.206 , 260.83 , 33.94
5612 , 26251 , 13.40 , -69.1 , 4 , -1.99 , 4.266 , 3.184 , 261.11 , 33.67
