# ------------------------------------------------------------
#
# Flight name: V3112
# Station: Davis
# Launch Date: 19 July 2012
# Launch Time: 11:15:05
# 
# This file created: Thu Aug 02 09:53:50 2012
# 
# 
# ------------------------------------------------------------
# DATA COLUMNS
# Time (s)
# Height (m)
# Atmospheric Pressure (hPa)
# Atmospheric Temperature (°C)
# Relative Humidity (%)
# Box Temperature (°C)
# Ozone Partial Pressure (mPa)
# Ozone Mixing Ratio (ppmV)
# Accumulated Ozone to this Height (Dobson Units)
# Remaining Ozone above this Height (Dobson Units)
# 
# ------------------------------------------------------------
# 
# Integrated Ozone = 181.7 DU
# Extrapolated Ozone =  71.2 DU
# 
# Total Ozone = 252.9 DU
# 
# 
# ------------------------------------------------------------
1 , 18 , 956.59 , -23.1 , 44 , 31.17 , 3.124 , 0.033 , 0.00 , 252.90
10 , 55 , 951.71 , -20.2 , 38 , 31.03 , 3.179 , 0.033 , 0.13 , 252.77
20 , 98 , 946.29 , -18.7 , 29 , 30.86 , 3.197 , 0.034 , 0.27 , 252.63
30 , 142 , 940.69 , -19.0 , 28 , 30.74 , 3.166 , 0.034 , 0.42 , 252.48
40 , 192 , 934.40 , -19.4 , 29 , 30.34 , 3.183 , 0.034 , 0.59 , 252.31
50 , 245 , 927.76 , -19.4 , 29 , 30.00 , 3.175 , 0.034 , 0.77 , 252.13
60 , 296 , 921.35 , -19.5 , 29 , 29.76 , 3.158 , 0.034 , 0.94 , 251.96
70 , 347 , 915.03 , -19.7 , 29 , 29.52 , 3.127 , 0.034 , 1.11 , 251.79
80 , 399 , 908.71 , -19.9 , 28 , 29.38 , 3.120 , 0.034 , 1.28 , 251.62
90 , 449 , 902.59 , -19.9 , 27 , 29.10 , 3.090 , 0.034 , 1.45 , 251.45
100 , 499 , 896.49 , -19.8 , 25 , 28.89 , 3.114 , 0.035 , 1.61 , 251.29
110 , 548 , 890.57 , -19.6 , 25 , 28.67 , 3.076 , 0.035 , 1.78 , 251.12
120 , 597 , 884.72 , -20.0 , 26 , 28.43 , 3.041 , 0.034 , 1.93 , 250.97
130 , 648 , 878.59 , -20.4 , 26 , 28.06 , 3.027 , 0.034 , 2.10 , 250.80
140 , 700 , 872.44 , -20.6 , 26 , 27.92 , 2.980 , 0.034 , 2.27 , 250.63
150 , 749 , 866.73 , -20.9 , 27 , 27.76 , 2.987 , 0.034 , 2.42 , 250.48
160 , 798 , 860.97 , -21.3 , 27 , 27.55 , 2.949 , 0.034 , 2.58 , 250.32
170 , 848 , 855.11 , -21.7 , 28 , 27.37 , 2.982 , 0.035 , 2.74 , 250.16
180 , 900 , 849.11 , -22.2 , 29 , 27.12 , 2.937 , 0.035 , 2.90 , 250.00
190 , 955 , 842.85 , -22.6 , 29 , 26.86 , 2.924 , 0.035 , 3.07 , 249.83
200 , 1004 , 837.15 , -22.9 , 29 , 26.68 , 2.888 , 0.034 , 3.23 , 249.67
210 , 1050 , 831.97 , -23.2 , 29 , 26.53 , 2.867 , 0.034 , 3.37 , 249.53
220 , 1096 , 826.72 , -22.8 , 28 , 26.26 , 2.846 , 0.034 , 3.51 , 249.39
230 , 1142 , 821.53 , -22.3 , 27 , 26.06 , 2.842 , 0.035 , 3.65 , 249.25
240 , 1190 , 816.25 , -22.3 , 28 , 25.87 , 2.827 , 0.035 , 3.80 , 249.10
249 , 1237 , 810.97 , -22.7 , 29 , 25.66 , 2.796 , 0.034 , 3.94 , 248.96
259 , 1286 , 805.64 , -23.0 , 30 , 25.52 , 2.785 , 0.035 , 4.09 , 248.81
269 , 1337 , 800.06 , -22.7 , 31 , 25.31 , 2.760 , 0.034 , 4.24 , 248.66
279 , 1394 , 793.78 , -21.7 , 29 , 25.14 , 2.748 , 0.035 , 4.41 , 248.49
289 , 1452 , 787.57 , -21.5 , 25 , 25.11 , 2.747 , 0.035 , 4.58 , 248.32
299 , 1510 , 781.42 , -21.3 , 21 , 24.94 , 2.722 , 0.035 , 4.75 , 248.15
309 , 1559 , 776.21 , -21.3 , 19 , 24.79 , 2.682 , 0.035 , 4.89 , 248.01
319 , 1608 , 771.08 , -21.6 , 19 , 24.69 , 2.690 , 0.035 , 5.03 , 247.87
329 , 1663 , 765.35 , -21.9 , 19 , 24.54 , 2.635 , 0.034 , 5.19 , 247.71
339 , 1717 , 759.77 , -22.2 , 19 , 24.22 , 2.612 , 0.034 , 5.34 , 247.56
349 , 1768 , 754.49 , -22.5 , 19 , 23.96 , 2.580 , 0.034 , 5.48 , 247.42
359 , 1822 , 748.96 , -22.9 , 19 , 23.79 , 2.553 , 0.034 , 5.63 , 247.27
369 , 1875 , 743.53 , -23.3 , 19 , 23.62 , 2.547 , 0.034 , 5.78 , 247.12
379 , 1926 , 738.35 , -23.7 , 20 , 23.51 , 2.531 , 0.034 , 5.92 , 246.98
389 , 1982 , 732.79 , -24.1 , 19 , 23.39 , 2.502 , 0.034 , 6.07 , 246.83
399 , 2035 , 727.44 , -24.4 , 17 , 23.18 , 2.498 , 0.034 , 6.22 , 246.68
409 , 2092 , 721.79 , -24.8 , 16 , 23.15 , 2.491 , 0.035 , 6.37 , 246.53
419 , 2145 , 716.52 , -25.3 , 16 , 23.06 , 2.463 , 0.034 , 6.51 , 246.39
429 , 2199 , 711.16 , -25.6 , 18 , 22.94 , 2.468 , 0.035 , 6.66 , 246.24
439 , 2256 , 705.64 , -26.0 , 21 , 22.97 , 2.484 , 0.035 , 6.81 , 246.09
449 , 2309 , 700.44 , -26.4 , 23 , 22.78 , 2.502 , 0.036 , 6.96 , 245.94
459 , 2371 , 694.42 , -26.8 , 21 , 22.56 , 2.447 , 0.035 , 7.12 , 245.78
469 , 2426 , 689.19 , -27.0 , 16 , 22.49 , 2.413 , 0.035 , 7.27 , 245.63
479 , 2478 , 684.19 , -27.3 , 12 , 22.43 , 2.405 , 0.035 , 7.41 , 245.49
489 , 2533 , 678.98 , -27.6 , 12 , 22.31 , 2.360 , 0.035 , 7.55 , 245.35
499 , 2586 , 674.00 , -28.1 , 16 , 22.19 , 2.356 , 0.035 , 7.69 , 245.21
509 , 2642 , 668.78 , -28.4 , 19 , 22.11 , 2.345 , 0.035 , 7.83 , 245.07
519 , 2700 , 663.41 , -28.9 , 20 , 21.93 , 2.345 , 0.035 , 7.98 , 244.92
529 , 2751 , 658.63 , -29.2 , 19 , 21.64 , 2.355 , 0.036 , 8.12 , 244.78
539 , 2809 , 653.32 , -29.5 , 17 , 21.49 , 2.361 , 0.036 , 8.27 , 244.63
549 , 2864 , 648.30 , -29.8 , 15 , 21.53 , 2.372 , 0.037 , 8.41 , 244.49
558 , 2917 , 643.52 , -29.8 , 11 , 21.38 , 2.412 , 0.037 , 8.55 , 244.35
568 , 2968 , 638.87 , -29.4 , 5 , 21.30 , 2.419 , 0.038 , 8.69 , 244.21
578 , 3021 , 634.18 , -29.2 , 3 , 21.27 , 2.426 , 0.038 , 8.83 , 244.07
588 , 3077 , 629.22 , -29.3 , 4 , 21.20 , 2.466 , 0.039 , 8.98 , 243.92
598 , 3136 , 624.06 , -29.6 , 5 , 21.04 , 2.405 , 0.039 , 9.14 , 243.76
608 , 3193 , 619.04 , -30.0 , 8 , 20.92 , 2.326 , 0.038 , 9.29 , 243.61
618 , 3249 , 614.21 , -30.2 , 19 , 20.70 , 2.299 , 0.037 , 9.43 , 243.47
628 , 3305 , 609.42 , -30.7 , 34 , 20.69 , 2.268 , 0.037 , 9.57 , 243.33
638 , 3363 , 604.40 , -31.2 , 42 , 20.52 , 2.214 , 0.037 , 9.72 , 243.18
648 , 3417 , 599.84 , -31.6 , 54 , 20.30 , 2.173 , 0.036 , 9.85 , 243.05
658 , 3478 , 594.66 , -32.2 , 66 , 20.16 , 2.129 , 0.036 , 10.00 , 242.90
668 , 3536 , 589.79 , -32.7 , 74 , 20.17 , 2.103 , 0.036 , 10.14 , 242.76
678 , 3586 , 585.64 , -33.1 , 76 , 19.96 , 2.088 , 0.036 , 10.25 , 242.65
688 , 3646 , 580.69 , -33.5 , 75 , 19.77 , 2.083 , 0.036 , 10.39 , 242.51
698 , 3712 , 575.25 , -33.9 , 71 , 19.63 , 2.040 , 0.035 , 10.55 , 242.35
708 , 3763 , 571.07 , -34.4 , 71 , 19.57 , 2.046 , 0.036 , 10.66 , 242.24
718 , 3818 , 566.54 , -34.9 , 75 , 19.31 , 2.026 , 0.036 , 10.79 , 242.11
728 , 3877 , 561.79 , -35.4 , 77 , 19.04 , 2.003 , 0.036 , 10.93 , 241.97
738 , 3936 , 557.00 , -35.9 , 76 , 18.90 , 1.999 , 0.036 , 11.06 , 241.84
748 , 3988 , 552.84 , -36.4 , 76 , 18.87 , 1.979 , 0.036 , 11.18 , 241.72
758 , 4044 , 548.41 , -36.9 , 80 , 18.83 , 1.967 , 0.036 , 11.30 , 241.60
768 , 4098 , 544.15 , -37.3 , 82 , 18.48 , 1.953 , 0.036 , 11.42 , 241.48
778 , 4155 , 539.67 , -37.8 , 81 , 18.32 , 1.928 , 0.036 , 11.55 , 241.35
788 , 4217 , 534.84 , -38.3 , 78 , 18.26 , 1.904 , 0.036 , 11.69 , 241.21
798 , 4277 , 530.16 , -38.7 , 78 , 18.24 , 1.890 , 0.036 , 11.82 , 241.08
808 , 4337 , 525.57 , -39.1 , 75 , 18.17 , 1.885 , 0.036 , 11.95 , 240.95
818 , 4393 , 521.28 , -39.4 , 74 , 18.08 , 1.871 , 0.036 , 12.07 , 240.83
828 , 4447 , 517.18 , -39.8 , 73 , 18.14 , 1.868 , 0.036 , 12.19 , 240.71
838 , 4496 , 513.49 , -40.2 , 73 , 18.02 , 1.868 , 0.036 , 12.29 , 240.61
848 , 4548 , 509.60 , -40.6 , 73 , 17.90 , 1.866 , 0.037 , 12.40 , 240.50
858 , 4594 , 506.13 , -41.0 , 74 , 17.91 , 1.860 , 0.037 , 12.50 , 240.40
867 , 4649 , 502.06 , -41.4 , 74 , 17.78 , 1.839 , 0.037 , 12.62 , 240.28
877 , 4697 , 498.51 , -41.7 , 73 , 17.53 , 1.855 , 0.037 , 12.72 , 240.18
887 , 4753 , 494.38 , -42.1 , 72 , 17.35 , 1.840 , 0.037 , 12.85 , 240.05
897 , 4802 , 490.84 , -42.4 , 71 , 17.12 , 1.827 , 0.037 , 12.95 , 239.95
907 , 4865 , 486.25 , -42.8 , 71 , 17.13 , 1.826 , 0.038 , 13.09 , 239.81
917 , 4925 , 481.97 , -43.3 , 72 , 17.15 , 1.801 , 0.037 , 13.21 , 239.69
927 , 4985 , 477.71 , -43.8 , 73 , 17.03 , 1.792 , 0.038 , 13.34 , 239.56
937 , 5046 , 473.38 , -44.3 , 74 , 16.84 , 1.790 , 0.038 , 13.47 , 239.43
947 , 5105 , 469.24 , -44.8 , 75 , 16.70 , 1.808 , 0.039 , 13.59 , 239.31
957 , 5162 , 465.23 , -45.2 , 78 , 16.62 , 1.806 , 0.039 , 13.71 , 239.19
967 , 5213 , 461.68 , -45.6 , 85 , 16.61 , 1.819 , 0.039 , 13.82 , 239.08
977 , 5260 , 458.40 , -45.9 , 86 , 16.60 , 1.828 , 0.040 , 13.93 , 238.97
987 , 5320 , 454.32 , -46.2 , 85 , 16.44 , 1.816 , 0.040 , 14.05 , 238.85
997 , 5378 , 450.34 , -46.5 , 83 , 16.40 , 1.813 , 0.040 , 14.18 , 238.72
1007 , 5436 , 446.42 , -46.9 , 81 , 16.35 , 1.826 , 0.041 , 14.31 , 238.59
1017 , 5486 , 443.09 , -47.3 , 80 , 16.27 , 1.817 , 0.041 , 14.41 , 238.49
1027 , 5544 , 439.23 , -47.6 , 78 , 15.94 , 1.806 , 0.041 , 14.54 , 238.36
1037 , 5598 , 435.62 , -47.9 , 79 , 15.59 , 1.814 , 0.042 , 14.66 , 238.24
1047 , 5659 , 431.62 , -48.4 , 79 , 15.49 , 1.840 , 0.043 , 14.79 , 238.11
1057 , 5720 , 427.64 , -48.7 , 78 , 15.42 , 1.846 , 0.043 , 14.92 , 237.98
1067 , 5777 , 423.92 , -48.9 , 78 , 15.39 , 1.863 , 0.044 , 15.05 , 237.85
1077 , 5841 , 419.80 , -49.2 , 79 , 15.44 , 1.881 , 0.045 , 15.20 , 237.70
1087 , 5901 , 415.95 , -49.6 , 79 , 15.38 , 1.948 , 0.047 , 15.34 , 237.56
1097 , 5956 , 412.50 , -49.9 , 77 , 15.13 , 2.008 , 0.049 , 15.47 , 237.43
1107 , 6010 , 409.11 , -50.2 , 75 , 15.16 , 2.020 , 0.049 , 15.60 , 237.30
1117 , 6070 , 405.35 , -50.6 , 74 , 15.13 , 2.038 , 0.050 , 15.74 , 237.16
1127 , 6127 , 401.82 , -51.0 , 73 , 15.17 , 2.065 , 0.051 , 15.89 , 237.01
1137 , 6186 , 398.18 , -51.3 , 72 , 15.04 , 2.051 , 0.052 , 16.03 , 236.87
1147 , 6243 , 394.71 , -51.7 , 72 , 14.87 , 2.085 , 0.053 , 16.18 , 236.72
1157 , 6292 , 391.74 , -52.1 , 73 , 14.90 , 2.076 , 0.053 , 16.30 , 236.60
1167 , 6348 , 388.37 , -52.5 , 74 , 15.04 , 2.001 , 0.052 , 16.44 , 236.46
1176 , 6395 , 385.53 , -52.8 , 73 , 15.00 , 1.951 , 0.051 , 16.55 , 236.35
1186 , 6448 , 382.37 , -53.2 , 73 , 14.95 , 1.882 , 0.049 , 16.68 , 236.22
1196 , 6498 , 379.42 , -53.7 , 74 , 14.79 , 1.819 , 0.048 , 16.79 , 236.11
1206 , 6551 , 376.30 , -54.0 , 75 , 14.81 , 1.748 , 0.046 , 16.91 , 235.99
1216 , 6604 , 373.21 , -54.3 , 77 , 14.68 , 1.697 , 0.045 , 17.02 , 235.88
1226 , 6658 , 370.09 , -54.6 , 78 , 14.69 , 1.664 , 0.045 , 17.13 , 235.77
1236 , 6705 , 367.32 , -54.9 , 78 , 14.68 , 1.626 , 0.044 , 17.23 , 235.67
1246 , 6761 , 364.12 , -55.2 , 76 , 14.66 , 1.581 , 0.043 , 17.34 , 235.56
1256 , 6810 , 361.37 , -55.5 , 75 , 14.61 , 1.569 , 0.043 , 17.43 , 235.47
1266 , 6856 , 358.72 , -55.8 , 74 , 14.63 , 1.647 , 0.046 , 17.53 , 235.37
1276 , 6907 , 355.86 , -56.0 , 73 , 14.66 , 1.680 , 0.047 , 17.63 , 235.27
1286 , 6958 , 353.05 , -56.2 , 72 , 14.67 , 1.668 , 0.047 , 17.74 , 235.16
1296 , 7021 , 349.54 , -56.4 , 71 , 14.50 , 1.625 , 0.046 , 17.87 , 235.03
1306 , 7073 , 346.68 , -56.4 , 72 , 14.35 , 1.617 , 0.047 , 17.97 , 234.93
1316 , 7129 , 343.67 , -56.7 , 71 , 14.51 , 1.617 , 0.047 , 18.08 , 234.82
1326 , 7185 , 340.63 , -57.1 , 69 , 14.56 , 1.591 , 0.047 , 18.20 , 234.70
1336 , 7234 , 337.98 , -57.5 , 68 , 14.55 , 1.591 , 0.047 , 18.29 , 234.61
1346 , 7291 , 334.97 , -57.9 , 68 , 14.36 , 1.605 , 0.048 , 18.41 , 234.49
1356 , 7345 , 332.07 , -58.0 , 65 , 14.34 , 1.662 , 0.050 , 18.52 , 234.38
1366 , 7413 , 328.53 , -58.4 , 62 , 14.27 , 1.682 , 0.051 , 18.66 , 234.24
1376 , 7483 , 324.88 , -58.8 , 61 , 14.22 , 1.694 , 0.052 , 18.81 , 234.09
1386 , 7543 , 321.77 , -59.3 , 60 , 14.26 , 1.700 , 0.053 , 18.94 , 233.96
1396 , 7590 , 319.36 , -59.6 , 60 , 14.29 , 1.695 , 0.053 , 19.04 , 233.86
1406 , 7639 , 316.86 , -60.0 , 60 , 14.28 , 1.667 , 0.053 , 19.14 , 233.76
1416 , 7693 , 314.16 , -60.3 , 61 , 14.24 , 1.645 , 0.052 , 19.26 , 233.64
1426 , 7746 , 311.48 , -60.7 , 61 , 14.20 , 1.596 , 0.051 , 19.36 , 233.54
1436 , 7790 , 309.31 , -61.0 , 60 , 14.20 , 1.549 , 0.050 , 19.45 , 233.45
1446 , 7831 , 307.27 , -61.3 , 59 , 14.23 , 1.512 , 0.049 , 19.53 , 233.37
1456 , 7878 , 304.92 , -61.7 , 59 , 14.23 , 1.517 , 0.050 , 19.62 , 233.28
1465 , 7924 , 302.69 , -62.0 , 58 , 14.19 , 1.549 , 0.051 , 19.71 , 233.19
1475 , 7966 , 300.63 , -62.3 , 58 , 14.19 , 1.594 , 0.053 , 19.80 , 233.10
1484 , 8007 , 298.61 , -62.5 , 59 , 14.21 , 1.657 , 0.055 , 19.88 , 233.02
1493 , 8048 , 296.64 , -62.7 , 59 , 14.21 , 1.709 , 0.058 , 19.97 , 232.93
1503 , 8089 , 294.68 , -63.0 , 59 , 14.21 , 1.777 , 0.060 , 20.06 , 232.84
1513 , 8137 , 292.37 , -63.3 , 59 , 14.21 , 1.819 , 0.062 , 20.17 , 232.73
1523 , 8183 , 290.20 , -63.4 , 58 , 14.20 , 1.855 , 0.064 , 20.28 , 232.62
1533 , 8231 , 287.94 , -63.7 , 56 , 14.19 , 1.881 , 0.065 , 20.40 , 232.50
1543 , 8288 , 285.25 , -64.1 , 55 , 14.13 , 1.831 , 0.064 , 20.53 , 232.37
1553 , 8352 , 282.30 , -64.5 , 55 , 13.95 , 1.682 , 0.060 , 20.68 , 232.22
1563 , 8399 , 280.14 , -64.9 , 54 , 13.97 , 1.565 , 0.056 , 20.78 , 232.12
1573 , 8445 , 278.02 , -65.2 , 53 , 14.00 , 1.477 , 0.053 , 20.87 , 232.03
1583 , 8489 , 276.01 , -65.5 , 52 , 13.99 , 1.411 , 0.051 , 20.95 , 231.95
1593 , 8534 , 273.99 , -65.8 , 52 , 13.98 , 1.349 , 0.049 , 21.03 , 231.87
1603 , 8581 , 271.85 , -66.2 , 51 , 13.98 , 1.319 , 0.049 , 21.11 , 231.79
1613 , 8626 , 269.86 , -66.4 , 50 , 13.97 , 1.311 , 0.049 , 21.19 , 231.71
1623 , 8675 , 267.68 , -66.8 , 49 , 13.95 , 1.311 , 0.049 , 21.27 , 231.63
1633 , 8721 , 265.64 , -67.1 , 49 , 13.92 , 1.299 , 0.049 , 21.35 , 231.55
1643 , 8764 , 263.75 , -67.5 , 49 , 13.90 , 1.279 , 0.048 , 21.42 , 231.48
1653 , 8807 , 261.89 , -67.8 , 49 , 13.89 , 1.267 , 0.048 , 21.50 , 231.40
1663 , 8859 , 259.60 , -68.2 , 49 , 13.88 , 1.221 , 0.047 , 21.58 , 231.32
1673 , 8902 , 257.78 , -68.5 , 49 , 13.89 , 1.199 , 0.047 , 21.65 , 231.25
1683 , 8949 , 255.76 , -68.8 , 49 , 13.91 , 1.179 , 0.046 , 21.72 , 231.18
1693 , 8997 , 253.69 , -69.2 , 50 , 13.90 , 1.150 , 0.045 , 21.80 , 231.10
1703 , 9044 , 251.70 , -69.6 , 50 , 13.86 , 1.120 , 0.044 , 21.87 , 231.03
1713 , 9102 , 249.26 , -70.0 , 50 , 13.82 , 1.099 , 0.044 , 21.95 , 230.95
1723 , 9168 , 246.51 , -70.5 , 51 , 13.70 , 1.103 , 0.045 , 22.05 , 230.85
1733 , 9232 , 243.89 , -70.9 , 51 , 13.63 , 1.097 , 0.045 , 22.14 , 230.76
1743 , 9273 , 242.17 , -71.3 , 51 , 13.63 , 1.119 , 0.046 , 22.20 , 230.70
1753 , 9317 , 240.40 , -71.6 , 51 , 13.63 , 1.123 , 0.047 , 22.27 , 230.63
1763 , 9363 , 238.50 , -72.0 , 51 , 13.62 , 1.142 , 0.048 , 22.34 , 230.56
1773 , 9418 , 236.30 , -72.5 , 51 , 13.63 , 1.136 , 0.048 , 22.42 , 230.48
1783 , 9464 , 234.46 , -72.8 , 51 , 13.60 , 1.130 , 0.048 , 22.49 , 230.41
1793 , 9505 , 232.81 , -73.0 , 51 , 13.57 , 1.121 , 0.048 , 22.56 , 230.34
1802 , 9543 , 231.32 , -73.2 , 51 , 13.55 , 1.109 , 0.048 , 22.61 , 230.29
1811 , 9581 , 229.81 , -73.5 , 51 , 13.55 , 1.118 , 0.049 , 22.67 , 230.23
1821 , 9622 , 228.21 , -73.7 , 51 , 13.53 , 1.113 , 0.049 , 22.73 , 230.17
1831 , 9661 , 226.67 , -74.0 , 51 , 13.54 , 1.122 , 0.049 , 22.79 , 230.11
1841 , 9705 , 224.99 , -74.3 , 50 , 13.55 , 1.126 , 0.050 , 22.86 , 230.04
1851 , 9751 , 223.21 , -74.6 , 50 , 13.55 , 1.121 , 0.050 , 22.93 , 229.97
1861 , 9796 , 221.50 , -74.9 , 50 , 13.55 , 1.128 , 0.051 , 23.00 , 229.90
1871 , 9838 , 219.89 , -75.2 , 50 , 13.56 , 1.126 , 0.051 , 23.06 , 229.84
1881 , 9878 , 218.36 , -75.5 , 50 , 13.56 , 1.137 , 0.052 , 23.12 , 229.78
1891 , 9922 , 216.72 , -75.8 , 49 , 13.55 , 1.144 , 0.053 , 23.19 , 229.71
1901 , 9969 , 214.95 , -76.0 , 49 , 13.55 , 1.139 , 0.053 , 23.27 , 229.63
1911 , 10012 , 213.35 , -76.2 , 49 , 13.53 , 1.123 , 0.053 , 23.33 , 229.57
1921 , 10056 , 211.75 , -76.5 , 48 , 13.52 , 1.080 , 0.051 , 23.40 , 229.50
1931 , 10100 , 210.12 , -76.7 , 48 , 13.50 , 1.063 , 0.051 , 23.46 , 229.44
1941 , 10143 , 208.57 , -76.9 , 48 , 13.47 , 1.078 , 0.052 , 23.53 , 229.37
1951 , 10183 , 207.10 , -77.1 , 47 , 13.45 , 1.080 , 0.052 , 23.59 , 229.31
1961 , 10226 , 205.58 , -77.2 , 47 , 13.42 , 1.071 , 0.052 , 23.65 , 229.25
1971 , 10266 , 204.12 , -77.3 , 47 , 13.40 , 1.119 , 0.055 , 23.71 , 229.19
1981 , 10310 , 202.59 , -77.2 , 46 , 13.38 , 1.234 , 0.061 , 23.78 , 229.12
1990 , 10353 , 201.06 , -77.3 , 46 , 13.35 , 1.373 , 0.068 , 23.86 , 229.04
2000 , 10394 , 199.62 , -77.3 , 46 , 13.32 , 1.488 , 0.075 , 23.94 , 228.96
2010 , 10436 , 198.18 , -77.4 , 45 , 13.29 , 1.618 , 0.082 , 24.03 , 228.87
2020 , 10478 , 196.71 , -77.6 , 45 , 13.25 , 1.789 , 0.091 , 24.13 , 228.77
2030 , 10519 , 195.31 , -77.7 , 44 , 13.22 , 1.972 , 0.101 , 24.23 , 228.67
2040 , 10562 , 193.86 , -77.9 , 44 , 13.18 , 2.177 , 0.112 , 24.36 , 228.54
2050 , 10607 , 192.35 , -78.1 , 44 , 13.14 , 2.376 , 0.124 , 24.50 , 228.40
2060 , 10647 , 190.99 , -78.2 , 43 , 13.10 , 2.563 , 0.134 , 24.63 , 228.27
2070 , 10689 , 189.58 , -78.4 , 43 , 13.06 , 2.726 , 0.144 , 24.79 , 228.11
2080 , 10733 , 188.14 , -78.3 , 43 , 13.02 , 2.939 , 0.156 , 24.96 , 227.94
2090 , 10776 , 186.72 , -78.5 , 43 , 12.97 , 3.172 , 0.170 , 25.14 , 227.76
2100 , 10818 , 185.36 , -78.4 , 43 , 12.93 , 3.326 , 0.179 , 25.33 , 227.57
2110 , 10862 , 183.92 , -78.3 , 43 , 12.89 , 3.346 , 0.182 , 25.53 , 227.37
2119 , 10903 , 182.59 , -78.5 , 43 , 12.85 , 3.327 , 0.182 , 25.73 , 227.17
2128 , 10943 , 181.32 , -78.6 , 42 , 12.82 , 3.223 , 0.178 , 25.91 , 226.99
2138 , 10984 , 180.04 , -78.5 , 42 , 12.78 , 3.209 , 0.178 , 26.09 , 226.81
2148 , 11025 , 178.74 , -78.5 , 43 , 12.74 , 3.316 , 0.185 , 26.27 , 226.63
2158 , 11068 , 177.40 , -78.4 , 43 , 12.70 , 3.397 , 0.191 , 26.47 , 226.43
2168 , 11109 , 176.12 , -78.6 , 43 , 12.66 , 3.471 , 0.197 , 26.67 , 226.23
2178 , 11152 , 174.79 , -78.7 , 43 , 12.61 , 3.580 , 0.205 , 26.88 , 226.02
2188 , 11197 , 173.43 , -78.8 , 43 , 12.56 , 3.589 , 0.207 , 27.10 , 225.80
2198 , 11239 , 172.14 , -78.7 , 43 , 12.51 , 3.637 , 0.211 , 27.31 , 225.59
2208 , 11283 , 170.82 , -78.5 , 43 , 12.46 , 3.778 , 0.221 , 27.54 , 225.36
2218 , 11325 , 169.57 , -78.2 , 43 , 12.41 , 3.925 , 0.231 , 27.76 , 225.14
2228 , 11368 , 168.30 , -78.3 , 43 , 12.36 , 3.990 , 0.237 , 28.00 , 224.90
2238 , 11410 , 167.06 , -78.4 , 43 , 12.31 , 3.975 , 0.238 , 28.23 , 224.67
2248 , 11451 , 165.86 , -78.4 , 44 , 12.27 , 3.955 , 0.238 , 28.45 , 224.45
2258 , 11493 , 164.65 , -78.3 , 44 , 12.22 , 4.010 , 0.244 , 28.68 , 224.22
2268 , 11534 , 163.45 , -78.5 , 44 , 12.17 , 4.044 , 0.247 , 28.92 , 223.98
2278 , 11574 , 162.32 , -78.5 , 44 , 12.13 , 4.130 , 0.254 , 29.14 , 223.76
2288 , 11612 , 161.23 , -78.6 , 44 , 12.08 , 4.303 , 0.267 , 29.37 , 223.53
2298 , 11652 , 160.10 , -78.8 , 45 , 12.03 , 4.403 , 0.275 , 29.61 , 223.29
2308 , 11692 , 158.99 , -78.8 , 45 , 11.98 , 4.478 , 0.282 , 29.85 , 223.05
2318 , 11732 , 157.89 , -78.6 , 45 , 11.93 , 4.544 , 0.288 , 30.10 , 222.80
2328 , 11773 , 156.75 , -78.2 , 45 , 11.87 , 4.612 , 0.294 , 30.36 , 222.54
2338 , 11812 , 155.68 , -78.1 , 45 , 11.82 , 4.751 , 0.305 , 30.61 , 222.29
2348 , 11851 , 154.60 , -78.2 , 45 , 11.76 , 4.857 , 0.314 , 30.88 , 222.02
2358 , 11895 , 153.44 , -78.3 , 45 , 11.71 , 4.968 , 0.324 , 31.17 , 221.73
2368 , 11936 , 152.33 , -78.4 , 45 , 11.65 , 5.049 , 0.331 , 31.45 , 221.45
2378 , 11979 , 151.19 , -78.5 , 45 , 11.59 , 5.072 , 0.335 , 31.75 , 221.15
2388 , 12019 , 150.13 , -78.7 , 45 , 11.54 , 5.122 , 0.341 , 32.04 , 220.86
2398 , 12059 , 149.07 , -78.8 , 45 , 11.48 , 5.129 , 0.344 , 32.33 , 220.57
2408 , 12100 , 148.01 , -78.8 , 45 , 11.43 , 5.239 , 0.354 , 32.62 , 220.28
2418 , 12140 , 146.98 , -78.9 , 46 , 11.39 , 5.253 , 0.357 , 32.91 , 219.99
2427 , 12177 , 146.00 , -78.9 , 46 , 11.35 , 5.335 , 0.365 , 33.18 , 219.72
2437 , 12216 , 145.02 , -78.9 , 46 , 11.30 , 5.425 , 0.374 , 33.47 , 219.43
2447 , 12258 , 143.96 , -78.8 , 45 , 11.25 , 5.545 , 0.385 , 33.79 , 219.11
2457 , 12297 , 142.96 , -78.3 , 45 , 11.20 , 5.643 , 0.395 , 34.10 , 218.80
2467 , 12338 , 141.94 , -78.0 , 45 , 11.15 , 5.801 , 0.409 , 34.42 , 218.48
2477 , 12378 , 140.96 , -77.9 , 45 , 11.10 , 5.951 , 0.422 , 34.74 , 218.16
2487 , 12419 , 139.95 , -78.0 , 45 , 11.04 , 6.055 , 0.433 , 35.08 , 217.82
2497 , 12458 , 138.99 , -78.0 , 45 , 10.99 , 6.163 , 0.443 , 35.41 , 217.49
2507 , 12497 , 138.06 , -78.1 , 45 , 10.93 , 6.194 , 0.449 , 35.74 , 217.16
2517 , 12536 , 137.11 , -78.2 , 44 , 10.88 , 6.288 , 0.459 , 36.08 , 216.82
2527 , 12576 , 136.14 , -78.2 , 44 , 10.83 , 6.420 , 0.472 , 36.44 , 216.46
2537 , 12617 , 135.17 , -78.1 , 44 , 10.78 , 6.549 , 0.485 , 36.81 , 216.09
2547 , 12659 , 134.18 , -78.3 , 44 , 10.73 , 6.733 , 0.502 , 37.19 , 215.71
2557 , 12701 , 133.20 , -78.6 , 44 , 10.67 , 6.867 , 0.516 , 37.58 , 215.32
2567 , 12743 , 132.21 , -78.7 , 44 , 10.61 , 6.973 , 0.527 , 37.99 , 214.91
2577 , 12783 , 131.29 , -78.9 , 44 , 10.56 , 7.063 , 0.538 , 38.38 , 214.52
2587 , 12825 , 130.32 , -79.1 , 44 , 10.50 , 7.160 , 0.549 , 38.79 , 214.11
2597 , 12867 , 129.37 , -79.1 , 44 , 10.44 , 7.177 , 0.555 , 39.21 , 213.69
2607 , 12910 , 128.39 , -79.1 , 44 , 10.38 , 7.336 , 0.571 , 39.64 , 213.26
2617 , 12951 , 127.47 , -79.1 , 44 , 10.32 , 7.522 , 0.590 , 40.06 , 212.84
2627 , 12992 , 126.56 , -79.3 , 44 , 10.26 , 7.748 , 0.612 , 40.50 , 212.40
2637 , 13033 , 125.63 , -79.6 , 44 , 10.20 , 7.910 , 0.630 , 40.95 , 211.95
2647 , 13075 , 124.70 , -79.7 , 44 , 10.14 , 8.021 , 0.643 , 41.42 , 211.48
2657 , 13117 , 123.79 , -79.7 , 45 , 10.08 , 8.121 , 0.656 , 41.89 , 211.01
2667 , 13157 , 122.91 , -79.6 , 45 , 10.02 , 8.214 , 0.668 , 42.34 , 210.56
2677 , 13197 , 122.05 , -79.5 , 45 , 9.96 , 8.283 , 0.679 , 42.80 , 210.10
2687 , 13237 , 121.19 , -79.5 , 45 , 9.90 , 8.436 , 0.696 , 43.27 , 209.63
2697 , 13279 , 120.31 , -79.6 , 45 , 9.84 , 8.552 , 0.711 , 43.76 , 209.14
2707 , 13318 , 119.46 , -79.6 , 45 , 9.77 , 8.652 , 0.724 , 44.24 , 208.67
2716 , 13357 , 118.66 , -79.6 , 45 , 9.71 , 8.785 , 0.740 , 44.70 , 208.20
2726 , 13395 , 117.86 , -79.9 , 45 , 9.65 , 8.929 , 0.758 , 45.17 , 207.73
2736 , 13436 , 117.01 , -79.9 , 45 , 9.59 , 9.009 , 0.770 , 45.68 , 207.22
2746 , 13476 , 116.18 , -80.0 , 45 , 9.52 , 9.062 , 0.780 , 46.19 , 206.71
2756 , 13518 , 115.33 , -80.2 , 45 , 9.45 , 9.149 , 0.793 , 46.72 , 206.18
2766 , 13561 , 114.44 , -79.9 , 45 , 9.39 , 9.206 , 0.804 , 47.28 , 205.62
2776 , 13606 , 113.54 , -79.5 , 45 , 9.32 , 9.339 , 0.823 , 47.86 , 205.04
2786 , 13653 , 112.61 , -79.4 , 45 , 9.26 , 9.571 , 0.850 , 48.48 , 204.42
2796 , 13699 , 111.70 , -79.4 , 45 , 9.19 , 10.021 , 0.897 , 49.10 , 203.80
2806 , 13744 , 110.82 , -79.4 , 45 , 9.13 , 10.395 , 0.938 , 49.74 , 203.16
2816 , 13787 , 109.98 , -79.6 , 45 , 9.06 , 10.731 , 0.976 , 50.37 , 202.53
2826 , 13845 , 108.85 , -79.7 , 45 , 9.00 , 10.929 , 1.004 , 51.26 , 201.64
2836 , 13891 , 107.98 , -80.0 , 45 , 8.93 , 10.975 , 1.016 , 51.95 , 200.95
2846 , 13932 , 107.19 , -80.0 , 45 , 8.87 , 10.900 , 1.017 , 52.58 , 200.32
2856 , 13975 , 106.39 , -80.2 , 45 , 8.81 , 10.543 , 0.991 , 53.22 , 199.68
2866 , 14017 , 105.59 , -80.5 , 45 , 8.75 , 10.180 , 0.964 , 53.84 , 199.06
2876 , 14058 , 104.82 , -80.6 , 45 , 8.69 , 9.876 , 0.942 , 54.41 , 198.49
2886 , 14098 , 104.09 , -80.6 , 45 , 8.63 , 9.673 , 0.929 , 54.95 , 197.95
2896 , 14138 , 103.36 , -80.7 , 45 , 8.57 , 9.784 , 0.947 , 55.49 , 197.41
2906 , 14178 , 102.62 , -80.8 , 45 , 8.51 , 9.772 , 0.952 , 56.05 , 196.85
2915 , 14217 , 101.90 , -80.9 , 45 , 8.45 , 9.736 , 0.955 , 56.59 , 196.31
2925 , 14257 , 101.18 , -80.9 , 45 , 8.39 , 9.765 , 0.965 , 57.13 , 195.77
2935 , 14299 , 100.43 , -81.1 , 45 , 8.34 , 9.972 , 0.993 , 57.71 , 195.19
2945 , 14342 , 99.66 , -81.2 , 45 , 8.28 , 10.317 , 1.035 , 58.33 , 194.57
2955 , 14385 , 98.90 , -81.4 , 45 , 8.22 , 10.663 , 1.078 , 58.96 , 193.94
2965 , 14430 , 98.13 , -81.7 , 45 , 8.16 , 10.891 , 1.110 , 59.63 , 193.27
2975 , 14473 , 97.36 , -81.8 , 45 , 8.10 , 11.070 , 1.137 , 60.31 , 192.59
2985 , 14518 , 96.59 , -81.9 , 45 , 8.04 , 11.055 , 1.145 , 61.00 , 191.90
2995 , 14560 , 95.87 , -82.0 , 45 , 7.99 , 11.171 , 1.165 , 61.66 , 191.24
3004 , 14601 , 95.17 , -81.9 , 45 , 7.93 , 11.634 , 1.222 , 62.32 , 190.58
3013 , 14639 , 94.52 , -82.0 , 45 , 7.88 , 12.240 , 1.295 , 62.97 , 189.93
3023 , 14679 , 93.84 , -81.8 , 45 , 7.83 , 12.766 , 1.360 , 63.68 , 189.22
3033 , 14720 , 93.17 , -81.7 , 45 , 7.77 , 13.119 , 1.408 , 64.41 , 188.49
3043 , 14761 , 92.48 , -81.6 , 45 , 7.71 , 13.220 , 1.430 , 65.18 , 187.72
3053 , 14804 , 91.78 , -81.5 , 45 , 7.66 , 13.285 , 1.447 , 65.97 , 186.93
3062 , 14842 , 91.16 , -81.5 , 45 , 7.60 , 13.453 , 1.476 , 66.69 , 186.21
3072 , 14881 , 90.53 , -81.5 , 45 , 7.55 , 13.849 , 1.530 , 67.44 , 185.46
3082 , 14923 , 89.85 , -81.6 , 44 , 7.50 , 14.373 , 1.600 , 68.28 , 184.62
3092 , 14966 , 89.17 , -81.9 , 44 , 7.44 , 14.791 , 1.659 , 69.16 , 183.74
3102 , 15011 , 88.45 , -82.1 , 44 , 7.39 , 15.122 , 1.710 , 70.11 , 182.79
3112 , 15055 , 87.75 , -82.2 , 44 , 7.33 , 15.411 , 1.756 , 71.06 , 181.84
3122 , 15101 , 87.04 , -82.3 , 44 , 7.28 , 15.738 , 1.808 , 72.07 , 180.83
3132 , 15147 , 86.32 , -82.4 , 43 , 7.22 , 16.115 , 1.867 , 73.11 , 179.79
3142 , 15195 , 85.59 , -82.7 , 43 , 7.17 , 16.410 , 1.917 , 74.20 , 178.70
3152 , 15240 , 84.90 , -82.7 , 43 , 7.12 , 16.686 , 1.965 , 75.26 , 177.64
3162 , 15286 , 84.20 , -82.5 , 43 , 7.06 , 17.113 , 2.032 , 76.36 , 176.54
3172 , 15330 , 83.54 , -82.8 , 43 , 7.01 , 17.454 , 2.089 , 77.44 , 175.46
3182 , 15374 , 82.88 , -82.9 , 43 , 6.95 , 17.658 , 2.130 , 78.53 , 174.37
3192 , 15420 , 82.20 , -83.1 , 43 , 6.89 , 17.904 , 2.178 , 79.69 , 173.21
3202 , 15466 , 81.52 , -83.2 , 43 , 6.84 , 18.142 , 2.226 , 80.88 , 172.02
3212 , 15512 , 80.85 , -83.6 , 43 , 6.79 , 18.092 , 2.238 , 82.05 , 170.85
3222 , 15558 , 80.19 , -83.8 , 43 , 6.73 , 18.093 , 2.256 , 83.22 , 169.68
3232 , 15603 , 79.53 , -83.9 , 42 , 6.68 , 17.994 , 2.262 , 84.40 , 168.50
3242 , 15649 , 78.88 , -83.8 , 42 , 6.63 , 17.939 , 2.274 , 85.56 , 167.34
3252 , 15692 , 78.26 , -83.7 , 42 , 6.58 , 17.727 , 2.265 , 86.67 , 166.23
3262 , 15737 , 77.63 , -83.6 , 42 , 6.53 , 17.054 , 2.197 , 87.77 , 165.13
3272 , 15782 , 77.00 , -83.4 , 42 , 6.47 , 16.254 , 2.111 , 88.85 , 164.05
3281 , 15824 , 76.42 , -83.5 , 42 , 6.42 , 15.732 , 2.059 , 89.80 , 163.10
3291 , 15868 , 75.82 , -83.8 , 42 , 6.37 , 15.216 , 2.007 , 90.76 , 162.14
3301 , 15914 , 75.19 , -83.7 , 41 , 6.32 , 14.841 , 1.974 , 91.75 , 161.15
3311 , 15964 , 74.53 , -83.9 , 41 , 6.26 , 14.564 , 1.954 , 92.79 , 160.11
3321 , 16009 , 73.91 , -84.1 , 41 , 6.21 , 14.490 , 1.960 , 93.73 , 159.17
3331 , 16057 , 73.28 , -84.3 , 41 , 6.16 , 14.315 , 1.953 , 94.71 , 158.19
3341 , 16105 , 72.65 , -84.4 , 41 , 6.10 , 14.012 , 1.929 , 95.68 , 157.22
3351 , 16151 , 72.04 , -84.5 , 41 , 6.05 , 13.840 , 1.921 , 96.60 , 156.30
3361 , 16196 , 71.46 , -84.5 , 41 , 5.99 , 13.614 , 1.905 , 97.48 , 155.42
3371 , 16241 , 70.88 , -84.6 , 40 , 5.94 , 13.415 , 1.893 , 98.35 , 154.55
3381 , 16286 , 70.30 , -84.8 , 40 , 5.88 , 13.310 , 1.893 , 99.22 , 153.68
3391 , 16332 , 69.71 , -84.8 , 40 , 5.83 , 13.212 , 1.895 , 100.09 , 152.81
3401 , 16377 , 69.16 , -84.7 , 40 , 5.77 , 13.394 , 1.937 , 100.94 , 151.96
3411 , 16421 , 68.60 , -84.7 , 40 , 5.72 , 13.653 , 1.990 , 101.80 , 151.10
3421 , 16463 , 68.08 , -84.6 , 40 , 5.66 , 13.816 , 2.029 , 102.62 , 150.28
3431 , 16503 , 67.59 , -84.6 , 40 , 5.61 , 13.952 , 2.064 , 103.42 , 149.48
3441 , 16542 , 67.12 , -84.5 , 40 , 5.56 , 14.132 , 2.105 , 104.19 , 148.71
3451 , 16580 , 66.66 , -84.5 , 39 , 5.51 , 14.218 , 2.133 , 104.96 , 147.94
3461 , 16619 , 66.19 , -84.4 , 39 , 5.46 , 14.297 , 2.160 , 105.76 , 147.14
3471 , 16659 , 65.70 , -84.3 , 39 , 5.40 , 14.749 , 2.245 , 106.60 , 146.30
3481 , 16699 , 65.23 , -84.3 , 39 , 5.34 , 15.335 , 2.351 , 107.45 , 145.45
3491 , 16741 , 64.74 , -84.4 , 39 , 5.29 , 15.797 , 2.440 , 108.38 , 144.52
3501 , 16783 , 64.25 , -84.4 , 39 , 5.24 , 15.899 , 2.475 , 109.33 , 143.57
3511 , 16826 , 63.75 , -84.6 , 38 , 5.18 , 14.890 , 2.336 , 110.28 , 142.62
3521 , 16870 , 63.25 , -84.6 , 38 , 5.14 , 15.318 , 2.422 , 111.23 , 141.67
3531 , 16914 , 62.74 , -84.5 , 38 , 5.12 , 15.622 , 2.490 , 112.20 , 140.70
3541 , 16958 , 62.25 , -84.3 , 38 , 5.10 , 15.981 , 2.567 , 113.19 , 139.71
3550 , 16999 , 61.79 , -84.4 , 38 , 5.09 , 16.189 , 2.620 , 114.13 , 138.77
3559 , 17038 , 61.36 , -84.3 , 37 , 5.08 , 16.391 , 2.671 , 115.03 , 137.87
3569 , 17079 , 60.89 , -84.4 , 37 , 5.07 , 16.441 , 2.700 , 116.01 , 136.89
3579 , 17124 , 60.41 , -84.4 , 37 , 5.05 , 16.484 , 2.729 , 117.05 , 135.85
3589 , 17170 , 59.90 , -84.4 , 37 , 5.02 , 16.465 , 2.749 , 118.15 , 134.75
3599 , 17217 , 59.39 , -84.3 , 37 , 4.99 , 16.465 , 2.772 , 119.26 , 133.64
3609 , 17265 , 58.89 , -84.5 , 37 , 4.96 , 16.567 , 2.813 , 120.37 , 132.53
3619 , 17313 , 58.37 , -84.8 , 36 , 4.92 , 16.466 , 2.821 , 121.52 , 131.38
3629 , 17363 , 57.84 , -85.0 , 36 , 4.87 , 16.443 , 2.843 , 122.71 , 130.19
3639 , 17413 , 57.32 , -85.2 , 36 , 4.82 , 16.296 , 2.843 , 123.88 , 129.02
3649 , 17465 , 56.78 , -85.2 , 36 , 4.77 , 16.324 , 2.875 , 125.09 , 127.81
3659 , 17515 , 56.27 , -85.0 , 36 , 4.72 , 16.292 , 2.895 , 126.24 , 126.66
3669 , 17564 , 55.77 , -84.8 , 35 , 4.66 , 16.105 , 2.888 , 127.40 , 125.50
3679 , 17615 , 55.26 , -84.9 , 35 , 4.60 , 15.911 , 2.879 , 128.55 , 124.35
3689 , 17664 , 54.77 , -85.2 , 35 , 4.54 , 15.782 , 2.882 , 129.67 , 123.23
3699 , 17713 , 54.28 , -85.5 , 35 , 4.48 , 15.784 , 2.908 , 130.79 , 122.11
3706 , 17749 , 53.93 , -85.8 , 35 , 4.44 , 15.634 , 2.899 , 131.59 , 121.31
3832 , 18297 , 48.80 , -86.0 , 34 , 4.05 , 14.370 , 2.945 , 143.42 , 109.48
3839 , 18327 , 48.53 , -85.8 , 34 , 4.02 , 14.279 , 2.942 , 144.05 , 108.85
3849 , 18368 , 48.17 , -85.7 , 34 , 3.99 , 14.217 , 2.952 , 144.90 , 108.00
3859 , 18409 , 47.81 , -85.7 , 34 , 3.95 , 14.119 , 2.953 , 145.73 , 107.17
3869 , 18451 , 47.44 , -85.7 , 33 , 3.91 , 13.980 , 2.947 , 146.58 , 106.32
3879 , 18496 , 47.05 , -85.7 , 33 , 3.87 , 13.818 , 2.937 , 147.49 , 105.41
3889 , 18543 , 46.66 , -85.8 , 33 , 3.83 , 13.628 , 2.921 , 148.41 , 104.49
3899 , 18587 , 46.29 , -85.7 , 33 , 3.80 , 13.456 , 2.907 , 149.25 , 103.65
3909 , 18631 , 45.91 , -85.7 , 33 , 3.77 , 13.248 , 2.886 , 150.11 , 102.79
3919 , 18676 , 45.54 , -85.7 , 33 , 3.73 , 13.151 , 2.888 , 150.95 , 101.95
3929 , 18722 , 45.16 , -85.6 , 33 , 3.70 , 13.025 , 2.884 , 151.82 , 101.08
3939 , 18768 , 44.78 , -85.4 , 33 , 3.67 , 12.912 , 2.883 , 152.69 , 100.21
3949 , 18816 , 44.39 , -85.3 , 33 , 3.63 , 12.788 , 2.881 , 153.58 , 99.32
3959 , 18866 , 43.99 , -85.3 , 33 , 3.59 , 12.687 , 2.884 , 154.48 , 98.42
3969 , 18916 , 43.59 , -85.5 , 32 , 3.55 , 12.566 , 2.882 , 155.39 , 97.51
3979 , 18964 , 43.22 , -85.9 , 32 , 3.51 , 12.432 , 2.877 , 156.25 , 96.65
3989 , 19015 , 42.82 , -86.2 , 32 , 3.46 , 12.317 , 2.877 , 157.15 , 95.75
3999 , 19064 , 42.43 , -86.2 , 32 , 3.40 , 12.207 , 2.877 , 158.03 , 94.87
4009 , 19115 , 42.04 , -86.0 , 32 , 3.35 , 12.084 , 2.875 , 158.92 , 93.98
4019 , 19165 , 41.65 , -86.2 , 32 , 3.30 , 11.951 , 2.869 , 159.79 , 93.11
4029 , 19216 , 41.27 , -86.3 , 32 , 3.24 , 11.815 , 2.863 , 160.65 , 92.25
4039 , 19265 , 40.90 , -86.3 , 32 , 3.18 , 11.737 , 2.870 , 161.50 , 91.40
4049 , 19314 , 40.54 , -86.5 , 32 , 3.12 , 11.552 , 2.850 , 162.31 , 90.59
4059 , 19361 , 40.19 , -86.5 , 32 , 3.05 , 11.435 , 2.845 , 163.10 , 89.80
4069 , 19410 , 39.83 , -86.6 , 32 , 2.99 , 11.325 , 2.843 , 163.90 , 89.00
4079 , 19458 , 39.48 , -86.8 , 32 , 2.92 , 11.198 , 2.836 , 164.69 , 88.21
4089 , 19508 , 39.12 , -86.9 , 31 , 2.86 , 11.076 , 2.831 , 165.49 , 87.41
4096 , 19542 , 38.88 , -86.7 , 31 , 2.81 , 11.009 , 2.832 , 166.04 , 86.86
4269 , 20351 , 33.53 , -86.1 , 31 , 1.99 , 9.787 , 2.919 , 178.18 , 74.72
4277 , 20386 , 33.32 , -86.0 , 31 , 1.94 , 9.576 , 2.874 , 178.67 , 74.23
4287 , 20431 , 33.05 , -85.6 , 31 , 1.90 , 9.557 , 2.892 , 179.28 , 73.62
4297 , 20477 , 32.77 , -85.7 , 31 , 1.88 , 9.440 , 2.881 , 179.92 , 72.98
4307 , 20524 , 32.49 , -85.9 , 31 , 1.87 , 9.308 , 2.865 , 180.54 , 72.36
4317 , 20570 , 32.22 , -85.9 , 31 , 1.85 , 9.150 , 2.840 , 181.16 , 71.74
4327 , 20614 , 31.96 , -86.0 , 30 , 1.83 , 9.018 , 2.822 , 181.73 , 71.17
