# ------------------------------------------------------------
#
# Flight name: V3312
# Station: Davis
# Launch Date: 02 August 2012
# Launch Time: 11:14:44
# 
# This file created: Fri Aug 03 09:41:50 2012
# 
# 
# ------------------------------------------------------------
# DATA COLUMNS
# Time (s)
# Height (m)
# Atmospheric Pressure (hPa)
# Atmospheric Temperature (°C)
# Relative Humidity (%)
# Box Temperature (°C)
# Ozone Partial Pressure (mPa)
# Ozone Mixing Ratio (ppmV)
# Accumulated Ozone to this Height (Dobson Units)
# Remaining Ozone above this Height (Dobson Units)
# 
# ------------------------------------------------------------
# 
# Integrated Ozone = 259.2 DU
# Extrapolated Ozone =  36.3 DU
# 
# Total Ozone = 295.5 DU
# 
# 
# ------------------------------------------------------------
0 , 18 , 987.78 , -15.0 , 78 , 33.81 , 2.829 , 0.029 , 0.00 , 295.50
10 , 60 , 982.26 , -15.4 , 82 , 33.82 , 2.886 , 0.029 , 0.13 , 295.38
20 , 112 , 975.49 , -15.4 , 83 , 33.82 , 2.863 , 0.029 , 0.28 , 295.22
30 , 160 , 969.30 , -15.7 , 83 , 33.81 , 2.844 , 0.029 , 0.43 , 295.08
40 , 209 , 963.03 , -16.0 , 84 , 33.79 , 2.847 , 0.030 , 0.57 , 294.93
50 , 258 , 956.73 , -16.4 , 85 , 33.78 , 2.855 , 0.030 , 0.72 , 294.78
60 , 306 , 950.69 , -16.8 , 87 , 33.77 , 2.910 , 0.031 , 0.86 , 294.64
70 , 357 , 944.24 , -17.3 , 88 , 33.75 , 2.908 , 0.031 , 1.02 , 294.48
80 , 404 , 938.38 , -17.6 , 90 , 33.73 , 2.904 , 0.031 , 1.16 , 294.34
90 , 450 , 932.62 , -17.8 , 90 , 33.71 , 2.927 , 0.031 , 1.30 , 294.20
100 , 493 , 927.18 , -17.9 , 89 , 33.69 , 2.933 , 0.032 , 1.44 , 294.06
110 , 538 , 921.65 , -17.8 , 86 , 33.66 , 2.937 , 0.032 , 1.58 , 293.92
120 , 587 , 915.67 , -17.9 , 84 , 33.63 , 2.922 , 0.032 , 1.73 , 293.77
130 , 635 , 909.73 , -18.1 , 83 , 33.60 , 2.917 , 0.032 , 1.88 , 293.62
140 , 689 , 903.26 , -18.5 , 83 , 33.56 , 2.916 , 0.032 , 2.04 , 293.46
150 , 743 , 896.67 , -18.9 , 83 , 33.53 , 2.894 , 0.032 , 2.21 , 293.29
160 , 792 , 890.81 , -19.2 , 84 , 33.49 , 2.894 , 0.032 , 2.36 , 293.14
170 , 846 , 884.37 , -19.3 , 83 , 33.45 , 2.882 , 0.033 , 2.53 , 292.98
180 , 897 , 878.28 , -19.7 , 83 , 33.40 , 2.875 , 0.033 , 2.68 , 292.82
190 , 947 , 872.42 , -20.1 , 84 , 33.37 , 2.857 , 0.033 , 2.83 , 292.67
200 , 995 , 866.79 , -20.5 , 85 , 33.33 , 2.838 , 0.033 , 2.98 , 292.52
210 , 1047 , 860.67 , -20.8 , 86 , 33.30 , 2.831 , 0.033 , 3.14 , 292.36
220 , 1105 , 853.99 , -21.1 , 84 , 33.26 , 2.806 , 0.033 , 3.31 , 292.19
229 , 1153 , 848.38 , -21.5 , 86 , 33.21 , 2.794 , 0.033 , 3.46 , 292.05
239 , 1202 , 842.85 , -21.9 , 88 , 33.17 , 2.781 , 0.033 , 3.60 , 291.90
249 , 1248 , 837.52 , -22.3 , 89 , 33.12 , 2.759 , 0.033 , 3.74 , 291.76
259 , 1294 , 832.31 , -22.6 , 91 , 33.07 , 2.745 , 0.033 , 3.88 , 291.63
269 , 1330 , 828.24 , -22.9 , 90 , 33.02 , 2.728 , 0.033 , 3.98 , 291.52
279 , 1358 , 825.10 , -23.0 , 91 , 32.98 , 2.731 , 0.033 , 4.06 , 291.44
289 , 1389 , 821.64 , -22.4 , 89 , 32.94 , 2.720 , 0.033 , 4.15 , 291.35
299 , 1431 , 816.97 , -22.5 , 86 , 32.88 , 2.690 , 0.033 , 4.28 , 291.23
309 , 1477 , 811.78 , -22.5 , 86 , 32.82 , 2.661 , 0.033 , 4.41 , 291.09
319 , 1529 , 806.08 , -22.9 , 85 , 32.77 , 2.611 , 0.032 , 4.56 , 290.95
329 , 1584 , 800.05 , -23.3 , 86 , 32.72 , 2.585 , 0.032 , 4.71 , 290.79
339 , 1638 , 794.14 , -23.7 , 87 , 32.68 , 2.562 , 0.032 , 4.86 , 290.64
349 , 1695 , 788.01 , -24.1 , 87 , 32.63 , 2.538 , 0.032 , 5.02 , 290.49
359 , 1748 , 782.31 , -24.5 , 86 , 32.58 , 2.511 , 0.032 , 5.16 , 290.34
369 , 1801 , 776.57 , -25.0 , 87 , 32.52 , 2.478 , 0.032 , 5.31 , 290.20
379 , 1858 , 770.51 , -25.3 , 87 , 32.47 , 2.454 , 0.032 , 5.46 , 290.04
389 , 1911 , 764.92 , -25.8 , 89 , 32.41 , 2.421 , 0.032 , 5.60 , 289.90
399 , 1963 , 759.38 , -26.3 , 90 , 32.34 , 2.399 , 0.032 , 5.74 , 289.77
409 , 2014 , 754.10 , -26.6 , 90 , 32.28 , 2.391 , 0.032 , 5.87 , 289.63
419 , 2070 , 748.22 , -27.0 , 88 , 32.23 , 2.392 , 0.032 , 6.02 , 289.49
429 , 2124 , 742.62 , -27.4 , 89 , 32.18 , 2.400 , 0.032 , 6.16 , 289.34
439 , 2178 , 737.15 , -27.9 , 90 , 32.12 , 2.356 , 0.032 , 6.30 , 289.20
449 , 2230 , 731.83 , -28.3 , 92 , 32.06 , 2.335 , 0.032 , 6.43 , 289.07
459 , 2282 , 726.46 , -28.7 , 94 , 32.00 , 2.337 , 0.032 , 6.57 , 288.94
469 , 2336 , 720.99 , -29.2 , 93 , 31.94 , 2.318 , 0.032 , 6.71 , 288.80
479 , 2393 , 715.29 , -29.5 , 92 , 31.88 , 2.280 , 0.032 , 6.85 , 288.65
489 , 2447 , 709.86 , -29.8 , 91 , 31.82 , 2.284 , 0.032 , 6.99 , 288.51
499 , 2503 , 704.37 , -30.2 , 91 , 31.76 , 2.268 , 0.032 , 7.13 , 288.38
509 , 2556 , 699.08 , -30.6 , 92 , 31.69 , 2.252 , 0.032 , 7.26 , 288.24
519 , 2606 , 694.22 , -29.6 , 95 , 31.62 , 2.223 , 0.032 , 7.39 , 288.12
529 , 2656 , 689.34 , -28.9 , 93 , 31.56 , 2.252 , 0.033 , 7.51 , 287.99
539 , 2709 , 684.27 , -28.7 , 86 , 31.49 , 2.240 , 0.033 , 7.64 , 287.86
548 , 2764 , 679.05 , -28.7 , 82 , 31.42 , 2.232 , 0.033 , 7.78 , 287.73
558 , 2816 , 674.07 , -29.0 , 79 , 31.35 , 2.233 , 0.033 , 7.91 , 287.60
568 , 2881 , 668.01 , -29.4 , 77 , 31.29 , 2.246 , 0.034 , 8.07 , 287.44
578 , 2937 , 662.79 , -29.8 , 75 , 31.22 , 2.232 , 0.034 , 8.20 , 287.30
588 , 2988 , 658.09 , -30.1 , 72 , 31.16 , 2.209 , 0.034 , 8.33 , 287.17
598 , 3042 , 653.09 , -30.4 , 70 , 31.10 , 2.198 , 0.034 , 8.46 , 287.04
608 , 3098 , 647.93 , -30.9 , 69 , 31.04 , 2.169 , 0.033 , 8.60 , 286.91
618 , 3156 , 642.69 , -31.4 , 68 , 30.97 , 2.157 , 0.034 , 8.74 , 286.77
628 , 3214 , 637.42 , -31.9 , 68 , 30.90 , 2.137 , 0.034 , 8.88 , 286.63
638 , 3273 , 632.06 , -32.3 , 68 , 30.82 , 2.124 , 0.034 , 9.02 , 286.49
648 , 3329 , 627.12 , -32.8 , 69 , 30.75 , 2.110 , 0.034 , 9.15 , 286.35
658 , 3395 , 621.19 , -33.4 , 69 , 30.68 , 2.103 , 0.034 , 9.31 , 286.20
668 , 3449 , 616.43 , -33.9 , 67 , 30.61 , 2.103 , 0.034 , 9.43 , 286.07
678 , 3502 , 611.82 , -34.3 , 66 , 30.56 , 2.066 , 0.034 , 9.56 , 285.95
688 , 3561 , 606.70 , -34.9 , 67 , 30.50 , 2.028 , 0.033 , 9.69 , 285.81
698 , 3618 , 601.69 , -35.4 , 67 , 30.44 , 2.034 , 0.034 , 9.83 , 285.68
708 , 3679 , 596.46 , -36.0 , 68 , 30.37 , 2.049 , 0.034 , 9.97 , 285.54
718 , 3731 , 592.01 , -36.5 , 67 , 30.30 , 2.053 , 0.035 , 10.09 , 285.41
728 , 3785 , 587.37 , -37.0 , 66 , 30.24 , 2.016 , 0.034 , 10.21 , 285.29
738 , 3834 , 583.30 , -37.3 , 65 , 30.17 , 1.992 , 0.034 , 10.32 , 285.18
748 , 3880 , 579.37 , -37.6 , 65 , 30.11 , 1.960 , 0.034 , 10.43 , 285.07
758 , 3930 , 575.19 , -38.1 , 64 , 30.05 , 1.943 , 0.034 , 10.54 , 284.96
768 , 3985 , 570.58 , -38.5 , 63 , 29.98 , 1.913 , 0.034 , 10.66 , 284.84
777 , 4044 , 565.69 , -38.9 , 64 , 29.92 , 1.898 , 0.034 , 10.79 , 284.71
787 , 4095 , 561.50 , -39.4 , 65 , 29.87 , 1.899 , 0.034 , 10.91 , 284.60
797 , 4150 , 557.07 , -39.9 , 65 , 29.81 , 1.877 , 0.034 , 11.02 , 284.48
807 , 4206 , 552.50 , -40.4 , 66 , 29.75 , 1.851 , 0.033 , 11.14 , 284.36
817 , 4265 , 547.75 , -40.9 , 64 , 29.69 , 1.841 , 0.034 , 11.27 , 284.23
827 , 4322 , 543.11 , -41.5 , 63 , 29.63 , 1.811 , 0.033 , 11.39 , 284.11
837 , 4383 , 538.28 , -42.1 , 65 , 29.56 , 1.842 , 0.034 , 11.52 , 283.98
847 , 4434 , 534.20 , -42.6 , 66 , 29.50 , 1.813 , 0.034 , 11.63 , 283.87
857 , 4488 , 529.92 , -43.1 , 68 , 29.45 , 1.774 , 0.033 , 11.74 , 283.76
866 , 4546 , 525.40 , -43.6 , 68 , 29.39 , 1.762 , 0.034 , 11.86 , 283.64
876 , 4598 , 521.35 , -44.1 , 69 , 29.32 , 1.738 , 0.033 , 11.97 , 283.53
886 , 4648 , 517.45 , -44.6 , 68 , 29.26 , 1.712 , 0.033 , 12.07 , 283.43
896 , 4709 , 512.80 , -45.1 , 66 , 29.19 , 1.677 , 0.033 , 12.19 , 283.31
906 , 4768 , 508.24 , -45.6 , 62 , 29.13 , 1.662 , 0.033 , 12.31 , 283.19
916 , 4823 , 504.04 , -46.1 , 60 , 29.07 , 1.678 , 0.033 , 12.42 , 283.08
925 , 4877 , 499.98 , -46.7 , 59 , 29.00 , 1.665 , 0.033 , 12.53 , 282.97
935 , 4932 , 495.86 , -47.2 , 58 , 28.94 , 1.650 , 0.033 , 12.64 , 282.87
944 , 4987 , 491.71 , -47.7 , 57 , 28.88 , 1.614 , 0.033 , 12.74 , 282.76
955 , 5042 , 487.62 , -48.1 , 55 , 28.81 , 1.606 , 0.033 , 12.85 , 282.65
965 , 5100 , 483.40 , -48.6 , 54 , 28.74 , 1.580 , 0.033 , 12.96 , 282.54
975 , 5160 , 478.96 , -49.2 , 55 , 28.67 , 1.578 , 0.033 , 13.07 , 282.43
985 , 5215 , 474.94 , -49.7 , 57 , 28.60 , 1.579 , 0.033 , 13.18 , 282.32
995 , 5270 , 471.01 , -50.2 , 59 , 28.53 , 1.570 , 0.033 , 13.28 , 282.22
1005 , 5327 , 466.86 , -50.7 , 60 , 28.47 , 1.537 , 0.033 , 13.39 , 282.11
1015 , 5385 , 462.73 , -51.3 , 59 , 28.39 , 1.535 , 0.033 , 13.50 , 282.00
1025 , 5449 , 458.20 , -51.8 , 59 , 28.32 , 1.512 , 0.033 , 13.62 , 281.89
1035 , 5515 , 453.52 , -52.5 , 59 , 28.25 , 1.488 , 0.033 , 13.74 , 281.76
1045 , 5571 , 449.63 , -52.9 , 59 , 28.18 , 1.474 , 0.033 , 13.84 , 281.66
1055 , 5627 , 445.75 , -53.3 , 59 , 28.11 , 1.485 , 0.033 , 13.94 , 281.56
1065 , 5686 , 441.65 , -53.9 , 59 , 28.04 , 1.463 , 0.033 , 14.05 , 281.45
1075 , 5744 , 437.69 , -54.3 , 58 , 27.97 , 1.444 , 0.033 , 14.15 , 281.35
1085 , 5805 , 433.51 , -54.9 , 58 , 27.90 , 1.460 , 0.034 , 14.26 , 281.24
1095 , 5873 , 428.92 , -55.5 , 57 , 27.82 , 1.442 , 0.034 , 14.38 , 281.12
1105 , 5931 , 425.04 , -56.0 , 57 , 27.75 , 1.423 , 0.033 , 14.49 , 281.02
1115 , 5991 , 421.04 , -56.6 , 56 , 27.67 , 1.418 , 0.034 , 14.59 , 280.91
1125 , 6054 , 416.90 , -57.0 , 58 , 27.60 , 1.420 , 0.034 , 14.70 , 280.80
1135 , 6119 , 412.58 , -57.5 , 61 , 27.52 , 1.424 , 0.035 , 14.82 , 280.68
1145 , 6174 , 409.04 , -58.0 , 63 , 27.45 , 1.444 , 0.035 , 14.92 , 280.59
1155 , 6230 , 405.42 , -58.1 , 65 , 27.37 , 1.446 , 0.036 , 15.02 , 280.48
1165 , 6281 , 402.11 , -58.2 , 64 , 27.30 , 1.454 , 0.036 , 15.11 , 280.39
1174 , 6334 , 398.77 , -58.5 , 58 , 27.23 , 1.470 , 0.037 , 15.21 , 280.29
1184 , 6392 , 395.11 , -58.6 , 51 , 27.16 , 1.471 , 0.037 , 15.32 , 280.19
1194 , 6448 , 391.57 , -58.8 , 43 , 27.08 , 1.483 , 0.038 , 15.42 , 280.08
1204 , 6513 , 387.56 , -59.0 , 38 , 27.00 , 1.506 , 0.039 , 15.54 , 279.96
1214 , 6575 , 383.71 , -59.3 , 34 , 26.92 , 1.563 , 0.041 , 15.66 , 279.84
1224 , 6638 , 379.91 , -59.6 , 31 , 26.84 , 1.544 , 0.041 , 15.79 , 279.72
1234 , 6704 , 375.90 , -59.9 , 28 , 26.76 , 1.562 , 0.042 , 15.92 , 279.59
1244 , 6775 , 371.62 , -60.3 , 26 , 26.68 , 1.585 , 0.043 , 16.06 , 279.45
1254 , 6841 , 367.74 , -60.7 , 25 , 26.60 , 1.627 , 0.044 , 16.19 , 279.31
1264 , 6911 , 363.57 , -60.9 , 24 , 26.52 , 1.625 , 0.045 , 16.34 , 279.17
1274 , 6973 , 359.96 , -61.2 , 23 , 26.44 , 1.633 , 0.045 , 16.47 , 279.04
1284 , 7034 , 356.45 , -61.2 , 22 , 26.36 , 1.632 , 0.046 , 16.59 , 278.91
1294 , 7092 , 353.12 , -61.1 , 22 , 26.27 , 1.649 , 0.047 , 16.71 , 278.79
1304 , 7155 , 349.56 , -61.5 , 21 , 26.19 , 1.661 , 0.048 , 16.85 , 278.66
1314 , 7225 , 345.65 , -62.0 , 21 , 26.11 , 1.655 , 0.048 , 16.99 , 278.51
1324 , 7284 , 342.36 , -62.5 , 20 , 26.03 , 1.646 , 0.048 , 17.12 , 278.39
1334 , 7352 , 338.58 , -62.7 , 20 , 25.95 , 1.636 , 0.048 , 17.26 , 278.24
1344 , 7421 , 334.81 , -62.8 , 20 , 25.87 , 1.662 , 0.050 , 17.41 , 278.10
1354 , 7481 , 331.60 , -63.2 , 20 , 25.79 , 1.679 , 0.051 , 17.53 , 277.97
1364 , 7536 , 328.64 , -63.5 , 20 , 25.71 , 1.705 , 0.052 , 17.65 , 277.85
1374 , 7597 , 325.35 , -63.8 , 20 , 25.62 , 1.749 , 0.054 , 17.79 , 277.71
1384 , 7657 , 322.18 , -63.9 , 19 , 25.53 , 1.741 , 0.054 , 17.93 , 277.58
1394 , 7712 , 319.30 , -64.1 , 19 , 25.45 , 1.746 , 0.055 , 18.05 , 277.45
1404 , 7773 , 316.16 , -63.9 , 19 , 25.37 , 1.746 , 0.055 , 18.18 , 277.32
1414 , 7842 , 312.61 , -64.3 , 19 , 25.28 , 1.693 , 0.054 , 18.34 , 277.16
1424 , 7904 , 309.46 , -64.3 , 18 , 25.19 , 1.724 , 0.056 , 18.47 , 277.03
1434 , 7966 , 306.33 , -63.5 , 18 , 25.11 , 1.884 , 0.061 , 18.62 , 276.88
1444 , 8025 , 303.38 , -63.2 , 18 , 25.02 , 2.128 , 0.070 , 18.77 , 276.73
1454 , 8096 , 299.93 , -63.2 , 18 , 24.94 , 2.315 , 0.077 , 18.97 , 276.53
1463 , 8150 , 297.30 , -63.4 , 17 , 24.86 , 2.493 , 0.084 , 19.14 , 276.36
1473 , 8203 , 294.73 , -63.6 , 16 , 24.78 , 2.614 , 0.089 , 19.32 , 276.19
1482 , 8259 , 292.06 , -63.6 , 16 , 24.71 , 2.701 , 0.092 , 19.51 , 276.00
1491 , 8312 , 289.57 , -63.7 , 15 , 24.63 , 2.770 , 0.096 , 19.69 , 275.81
1501 , 8375 , 286.61 , -63.5 , 15 , 24.55 , 2.835 , 0.099 , 19.92 , 275.58
1511 , 8436 , 283.76 , -63.7 , 14 , 24.47 , 2.920 , 0.103 , 20.14 , 275.36
1521 , 8497 , 280.93 , -63.4 , 13 , 24.39 , 3.042 , 0.108 , 20.38 , 275.12
1531 , 8550 , 278.51 , -63.4 , 12 , 24.31 , 3.189 , 0.114 , 20.59 , 274.91
1541 , 8607 , 275.94 , -63.7 , 12 , 24.23 , 3.280 , 0.119 , 20.83 , 274.67
1551 , 8672 , 273.06 , -63.8 , 11 , 24.15 , 3.380 , 0.124 , 21.11 , 274.40
1561 , 8744 , 269.86 , -63.8 , 10 , 24.06 , 3.382 , 0.125 , 21.42 , 274.08
1571 , 8802 , 267.31 , -64.2 , 10 , 23.98 , 3.384 , 0.127 , 21.67 , 273.83
1581 , 8862 , 264.71 , -64.7 , 9 , 23.90 , 3.390 , 0.128 , 21.94 , 273.57
1591 , 8928 , 261.84 , -65.1 , 9 , 23.82 , 3.393 , 0.130 , 22.23 , 273.28
1601 , 8994 , 259.00 , -65.4 , 9 , 23.74 , 3.454 , 0.133 , 22.52 , 272.98
1611 , 9063 , 256.09 , -65.8 , 9 , 23.66 , 3.496 , 0.137 , 22.83 , 272.67
1621 , 9130 , 253.27 , -66.0 , 9 , 23.57 , 3.563 , 0.141 , 23.14 , 272.36
1631 , 9199 , 250.42 , -66.4 , 9 , 23.49 , 3.653 , 0.146 , 23.46 , 272.04
1641 , 9256 , 248.07 , -66.3 , 9 , 23.41 , 3.850 , 0.155 , 23.74 , 271.76
1651 , 9310 , 245.86 , -66.4 , 9 , 23.33 , 3.983 , 0.162 , 24.02 , 271.48
1661 , 9378 , 243.12 , -66.6 , 9 , 23.25 , 4.062 , 0.167 , 24.37 , 271.13
1671 , 9435 , 240.82 , -66.6 , 9 , 23.17 , 4.174 , 0.173 , 24.68 , 270.82
1681 , 9496 , 238.41 , -66.2 , 9 , 23.09 , 4.417 , 0.185 , 25.02 , 270.48
1691 , 9552 , 236.23 , -66.3 , 9 , 23.01 , 4.806 , 0.203 , 25.36 , 270.15
1701 , 9609 , 234.01 , -66.5 , 9 , 22.94 , 5.040 , 0.215 , 25.72 , 269.78
1711 , 9658 , 232.11 , -66.5 , 9 , 22.86 , 5.242 , 0.226 , 26.06 , 269.45
1721 , 9702 , 230.44 , -66.7 , 9 , 22.78 , 5.335 , 0.232 , 26.36 , 269.15
1731 , 9745 , 228.80 , -66.7 , 9 , 22.71 , 5.366 , 0.235 , 26.66 , 268.84
1741 , 9788 , 227.19 , -66.8 , 8 , 22.63 , 5.368 , 0.236 , 26.96 , 268.55
1751 , 9831 , 225.56 , -66.7 , 8 , 22.56 , 5.353 , 0.237 , 27.26 , 268.24
1761 , 9880 , 223.75 , -66.5 , 8 , 22.48 , 5.413 , 0.242 , 27.60 , 267.90
1771 , 9946 , 221.34 , -66.4 , 8 , 22.41 , 5.506 , 0.249 , 28.07 , 267.43
1781 , 10004 , 219.22 , -66.5 , 8 , 22.33 , 5.542 , 0.253 , 28.49 , 267.01
1791 , 10048 , 217.61 , -66.5 , 8 , 22.25 , 5.650 , 0.260 , 28.82 , 266.69
1800 , 10084 , 216.31 , -66.5 , 8 , 22.17 , 5.728 , 0.265 , 29.08 , 266.42
1810 , 10123 , 214.93 , -66.4 , 8 , 22.10 , 5.816 , 0.271 , 29.38 , 266.13
1820 , 10167 , 213.39 , -66.7 , 7 , 22.03 , 5.871 , 0.275 , 29.71 , 265.79
1830 , 10207 , 211.97 , -67.0 , 7 , 21.96 , 5.925 , 0.280 , 30.02 , 265.48
1840 , 10246 , 210.59 , -67.1 , 7 , 21.89 , 5.994 , 0.285 , 30.33 , 265.18
1850 , 10288 , 209.16 , -67.1 , 7 , 21.81 , 6.073 , 0.290 , 30.65 , 264.85
1860 , 10326 , 207.82 , -67.3 , 7 , 21.73 , 6.194 , 0.298 , 30.96 , 264.54
1870 , 10366 , 206.44 , -67.5 , 7 , 21.65 , 6.292 , 0.305 , 31.29 , 264.21
1880 , 10406 , 205.10 , -67.4 , 7 , 21.58 , 6.421 , 0.313 , 31.62 , 263.89
1890 , 10446 , 203.74 , -67.6 , 7 , 21.51 , 6.490 , 0.319 , 31.96 , 263.55
1900 , 10487 , 202.33 , -67.9 , 7 , 21.43 , 6.517 , 0.322 , 32.31 , 263.19
1910 , 10528 , 200.98 , -68.1 , 7 , 21.36 , 6.537 , 0.325 , 32.66 , 262.85
1920 , 10568 , 199.62 , -67.9 , 7 , 21.29 , 6.559 , 0.329 , 33.01 , 262.49
1930 , 10609 , 198.27 , -67.8 , 7 , 21.21 , 6.663 , 0.336 , 33.36 , 262.14
1940 , 10649 , 196.96 , -67.8 , 7 , 21.14 , 6.711 , 0.341 , 33.71 , 261.79
1950 , 10690 , 195.64 , -67.9 , 7 , 21.06 , 6.731 , 0.344 , 34.07 , 261.43
1960 , 10735 , 194.16 , -67.8 , 7 , 20.99 , 6.770 , 0.349 , 34.47 , 261.03
1970 , 10778 , 192.77 , -68.0 , 7 , 20.92 , 6.841 , 0.355 , 34.86 , 260.64
1980 , 10821 , 191.42 , -68.0 , 7 , 20.85 , 6.820 , 0.356 , 35.24 , 260.27
1990 , 10862 , 190.11 , -68.3 , 7 , 20.77 , 6.843 , 0.360 , 35.61 , 259.90
2000 , 10904 , 188.78 , -68.4 , 7 , 20.70 , 6.882 , 0.365 , 35.99 , 259.51
2010 , 10945 , 187.49 , -68.7 , 7 , 20.63 , 6.934 , 0.370 , 36.36 , 259.14
2020 , 10985 , 186.23 , -69.1 , 7 , 20.55 , 6.950 , 0.373 , 36.73 , 258.77
2030 , 11026 , 184.95 , -69.3 , 7 , 20.49 , 6.935 , 0.375 , 37.11 , 258.39
2040 , 11069 , 183.64 , -69.3 , 7 , 20.42 , 6.898 , 0.376 , 37.50 , 258.01
2050 , 11112 , 182.30 , -69.4 , 7 , 20.34 , 6.907 , 0.379 , 37.90 , 257.61
2060 , 11153 , 181.08 , -69.4 , 7 , 20.27 , 6.916 , 0.382 , 38.26 , 257.24
2070 , 11193 , 179.84 , -69.4 , 7 , 20.21 , 7.033 , 0.391 , 38.64 , 256.86
2080 , 11237 , 178.52 , -69.4 , 7 , 20.14 , 7.065 , 0.396 , 39.05 , 256.45
2090 , 11278 , 177.31 , -69.5 , 7 , 20.08 , 7.044 , 0.397 , 39.43 , 256.07
2100 , 11317 , 176.15 , -69.6 , 7 , 20.00 , 7.031 , 0.399 , 39.80 , 255.71
2109 , 11353 , 175.10 , -69.7 , 7 , 19.95 , 7.078 , 0.404 , 40.12 , 255.38
2119 , 11391 , 173.99 , -70.0 , 7 , 19.89 , 7.070 , 0.406 , 40.48 , 255.02
2129 , 11430 , 172.83 , -69.9 , 7 , 19.82 , 7.107 , 0.411 , 40.86 , 254.65
2139 , 11469 , 171.70 , -69.7 , 7 , 19.76 , 7.276 , 0.424 , 41.23 , 254.27
2149 , 11510 , 170.52 , -69.6 , 7 , 19.69 , 7.482 , 0.439 , 41.63 , 253.87
2159 , 11549 , 169.43 , -69.5 , 7 , 19.63 , 7.738 , 0.457 , 42.01 , 253.49
2169 , 11588 , 168.32 , -69.7 , 7 , 19.57 , 7.800 , 0.463 , 42.42 , 253.09
2179 , 11628 , 167.18 , -70.0 , 7 , 19.51 , 7.844 , 0.469 , 42.84 , 252.66
2189 , 11669 , 166.03 , -70.2 , 7 , 19.45 , 7.867 , 0.474 , 43.26 , 252.24
2199 , 11711 , 164.87 , -70.4 , 7 , 19.39 , 7.837 , 0.475 , 43.70 , 251.81
2209 , 11753 , 163.72 , -70.6 , 7 , 19.32 , 7.685 , 0.469 , 44.13 , 251.37
2219 , 11793 , 162.60 , -70.8 , 7 , 19.26 , 7.583 , 0.466 , 44.54 , 250.96
2229 , 11837 , 161.40 , -70.9 , 7 , 19.19 , 7.604 , 0.471 , 44.99 , 250.52
2239 , 11884 , 160.11 , -71.1 , 7 , 19.12 , 7.807 , 0.488 , 45.47 , 250.03
2249 , 11928 , 158.94 , -71.4 , 7 , 19.06 , 7.994 , 0.503 , 45.93 , 249.57
2259 , 11970 , 157.80 , -71.5 , 7 , 18.99 , 8.093 , 0.513 , 46.39 , 249.12
2269 , 12014 , 156.64 , -71.4 , 7 , 18.93 , 8.275 , 0.528 , 46.86 , 248.64
2278 , 12054 , 155.58 , -71.4 , 7 , 18.86 , 8.565 , 0.551 , 47.31 , 248.19
2288 , 12094 , 154.53 , -71.3 , 7 , 18.80 , 8.818 , 0.571 , 47.78 , 247.72
2298 , 12135 , 153.45 , -71.3 , 7 , 18.74 , 9.010 , 0.587 , 48.27 , 247.23
2308 , 12177 , 152.37 , -71.3 , 7 , 18.68 , 9.216 , 0.605 , 48.78 , 246.72
2318 , 12219 , 151.29 , -71.3 , 7 , 18.61 , 9.293 , 0.614 , 49.30 , 246.20
2328 , 12260 , 150.26 , -71.3 , 7 , 18.55 , 9.523 , 0.634 , 49.81 , 245.69
2338 , 12300 , 149.23 , -71.5 , 7 , 18.48 , 9.651 , 0.647 , 50.33 , 245.17
2348 , 12341 , 148.20 , -71.6 , 7 , 18.42 , 9.755 , 0.658 , 50.86 , 244.64
2358 , 12381 , 147.19 , -71.5 , 7 , 18.36 , 9.887 , 0.672 , 51.39 , 244.11
2368 , 12423 , 146.16 , -71.4 , 7 , 18.30 , 9.855 , 0.674 , 51.94 , 243.57
2377 , 12462 , 145.19 , -71.3 , 7 , 18.24 , 9.824 , 0.677 , 52.45 , 243.05
2387 , 12499 , 144.28 , -71.2 , 7 , 18.17 , 10.167 , 0.705 , 52.95 , 242.56
2397 , 12543 , 143.22 , -71.1 , 7 , 18.11 , 10.649 , 0.743 , 53.55 , 241.95
2407 , 12590 , 142.09 , -71.2 , 7 , 18.04 , 11.088 , 0.780 , 54.24 , 241.27
2416 , 12630 , 141.12 , -71.6 , 7 , 17.98 , 11.506 , 0.815 , 54.85 , 240.66
2425 , 12670 , 140.18 , -71.9 , 7 , 17.92 , 11.903 , 0.849 , 55.47 , 240.04
2435 , 12708 , 139.26 , -72.1 , 7 , 17.86 , 12.083 , 0.868 , 56.09 , 239.42
2445 , 12748 , 138.33 , -71.8 , 7 , 17.79 , 12.528 , 0.906 , 56.74 , 238.77
2455 , 12787 , 137.41 , -71.8 , 7 , 17.72 , 12.887 , 0.938 , 57.40 , 238.10
2465 , 12827 , 136.49 , -71.8 , 7 , 17.66 , 13.131 , 0.962 , 58.09 , 237.41
2475 , 12867 , 135.55 , -71.8 , 7 , 17.59 , 13.190 , 0.973 , 58.81 , 236.69
2485 , 12906 , 134.66 , -71.8 , 7 , 17.53 , 13.306 , 0.988 , 59.50 , 236.00
2495 , 12946 , 133.76 , -71.8 , 7 , 17.47 , 13.480 , 1.008 , 60.21 , 235.29
2505 , 12987 , 132.83 , -71.7 , 7 , 17.41 , 13.569 , 1.022 , 60.95 , 234.55
2515 , 13026 , 131.96 , -71.7 , 7 , 17.35 , 13.671 , 1.036 , 61.66 , 233.84
2525 , 13073 , 130.90 , -71.7 , 7 , 17.28 , 13.595 , 1.039 , 62.53 , 232.98
2535 , 13131 , 129.61 , -71.9 , 7 , 17.22 , 13.355 , 1.030 , 63.58 , 231.92
2545 , 13181 , 128.52 , -72.1 , 8 , 17.15 , 13.111 , 1.020 , 64.46 , 231.04
2555 , 13222 , 127.64 , -72.3 , 8 , 17.08 , 12.930 , 1.013 , 65.17 , 230.33
2565 , 13260 , 126.81 , -72.3 , 8 , 17.01 , 13.058 , 1.030 , 65.84 , 229.66
2575 , 13298 , 126.00 , -72.3 , 8 , 16.94 , 13.241 , 1.051 , 66.51 , 229.00
2585 , 13337 , 125.16 , -72.2 , 8 , 16.87 , 13.253 , 1.059 , 67.21 , 228.30
2595 , 13377 , 124.30 , -72.1 , 8 , 16.80 , 12.980 , 1.044 , 67.91 , 227.59
2605 , 13419 , 123.44 , -72.3 , 8 , 16.74 , 12.341 , 1.000 , 68.61 , 226.89
2615 , 13462 , 122.52 , -72.6 , 8 , 16.68 , 11.874 , 0.969 , 69.32 , 226.18
2625 , 13504 , 121.65 , -72.8 , 8 , 16.61 , 11.612 , 0.955 , 69.99 , 225.52
2635 , 13548 , 120.75 , -72.9 , 8 , 16.54 , 11.609 , 0.961 , 70.67 , 224.84
2645 , 13589 , 119.90 , -73.1 , 8 , 16.47 , 11.568 , 0.965 , 71.31 , 224.19
2655 , 13636 , 118.94 , -73.2 , 8 , 16.40 , 11.478 , 0.965 , 72.05 , 223.46
2665 , 13687 , 117.92 , -73.3 , 8 , 16.33 , 11.329 , 0.961 , 72.82 , 222.68
2675 , 13736 , 116.94 , -73.7 , 8 , 16.27 , 11.134 , 0.952 , 73.56 , 221.94
2685 , 13782 , 116.01 , -74.0 , 8 , 16.20 , 11.306 , 0.975 , 74.27 , 221.23
2695 , 13828 , 115.09 , -74.1 , 8 , 16.13 , 11.939 , 1.037 , 74.99 , 220.51
2705 , 13876 , 114.15 , -73.9 , 8 , 16.06 , 13.605 , 1.192 , 75.83 , 219.68
2714 , 13923 , 113.24 , -74.0 , 8 , 15.99 , 15.154 , 1.338 , 76.74 , 218.77
2723 , 13966 , 112.41 , -73.9 , 8 , 15.93 , 16.101 , 1.432 , 77.64 , 217.87
2733 , 14011 , 111.55 , -73.8 , 8 , 15.86 , 16.666 , 1.494 , 78.63 , 216.87
2743 , 14057 , 110.66 , -73.7 , 8 , 15.79 , 17.067 , 1.542 , 79.70 , 215.80
2753 , 14104 , 109.78 , -73.8 , 8 , 15.72 , 17.085 , 1.556 , 80.77 , 214.73
2763 , 14151 , 108.89 , -73.8 , 8 , 15.66 , 16.770 , 1.540 , 81.86 , 213.64
2773 , 14199 , 108.01 , -74.0 , 8 , 15.59 , 16.216 , 1.501 , 82.91 , 212.59
2783 , 14243 , 107.19 , -74.0 , 8 , 15.52 , 15.573 , 1.453 , 83.88 , 211.63
2793 , 14288 , 106.38 , -74.1 , 8 , 15.43 , 15.094 , 1.419 , 84.79 , 210.71
2803 , 14332 , 105.58 , -74.1 , 8 , 15.35 , 14.957 , 1.417 , 85.69 , 209.81
2813 , 14374 , 104.81 , -74.0 , 8 , 15.28 , 15.086 , 1.439 , 86.56 , 208.95
2823 , 14416 , 104.06 , -73.8 , 8 , 15.20 , 15.539 , 1.493 , 87.42 , 208.09
2833 , 14458 , 103.30 , -73.9 , 8 , 15.12 , 16.117 , 1.560 , 88.33 , 207.17
2843 , 14502 , 102.54 , -74.1 , 8 , 15.05 , 16.554 , 1.614 , 89.29 , 206.22
2853 , 14545 , 101.79 , -74.2 , 8 , 14.97 , 16.827 , 1.653 , 90.26 , 205.24
2863 , 14588 , 101.04 , -74.3 , 8 , 14.90 , 16.937 , 1.676 , 91.24 , 204.26
2873 , 14630 , 100.31 , -74.5 , 8 , 14.83 , 17.079 , 1.703 , 92.21 , 203.29
2883 , 14671 , 99.60 , -74.4 , 8 , 14.76 , 17.198 , 1.727 , 93.17 , 202.33
2893 , 14711 , 98.91 , -74.3 , 8 , 14.69 , 17.436 , 1.763 , 94.12 , 201.38
2903 , 14754 , 98.19 , -74.4 , 8 , 14.62 , 17.592 , 1.792 , 95.14 , 200.37
2913 , 14796 , 97.48 , -74.6 , 8 , 14.55 , 17.698 , 1.816 , 96.14 , 199.36
2923 , 14837 , 96.80 , -74.7 , 8 , 14.47 , 17.899 , 1.849 , 97.13 , 198.38
2933 , 14877 , 96.13 , -74.5 , 9 , 14.40 , 18.045 , 1.877 , 98.11 , 197.39
2943 , 14919 , 95.45 , -74.6 , 9 , 14.33 , 18.347 , 1.922 , 99.14 , 196.36
2953 , 14959 , 94.79 , -74.9 , 9 , 14.27 , 18.464 , 1.948 , 100.15 , 195.35
2963 , 15000 , 94.12 , -75.0 , 9 , 14.20 , 18.698 , 1.987 , 101.18 , 194.32
2973 , 15041 , 93.46 , -75.1 , 9 , 14.14 , 18.857 , 2.018 , 102.23 , 193.28
2983 , 15081 , 92.82 , -75.1 , 9 , 14.08 , 18.975 , 2.044 , 103.25 , 192.25
2993 , 15122 , 92.15 , -75.2 , 9 , 14.01 , 19.040 , 2.066 , 104.33 , 191.17
3002 , 15164 , 91.50 , -75.1 , 9 , 13.94 , 19.230 , 2.102 , 105.41 , 190.09
3012 , 15207 , 90.82 , -75.3 , 9 , 13.87 , 19.404 , 2.136 , 106.54 , 188.97
3022 , 15249 , 90.16 , -75.5 , 9 , 13.80 , 19.533 , 2.166 , 107.66 , 187.84
3032 , 15293 , 89.48 , -75.3 , 9 , 13.73 , 19.621 , 2.193 , 108.83 , 186.67
3042 , 15337 , 88.80 , -75.3 , 9 , 13.65 , 19.648 , 2.213 , 110.02 , 185.48
3052 , 15382 , 88.11 , -75.4 , 9 , 13.58 , 18.692 , 2.121 , 111.20 , 184.31
3062 , 15430 , 87.39 , -75.5 , 9 , 13.51 , 17.308 , 1.981 , 112.37 , 183.14
3072 , 15476 , 86.69 , -75.6 , 9 , 13.45 , 15.688 , 1.810 , 113.41 , 182.09
3082 , 15520 , 86.03 , -75.7 , 9 , 13.39 , 14.591 , 1.696 , 114.32 , 181.18
3092 , 15567 , 85.34 , -75.8 , 9 , 13.33 , 14.020 , 1.643 , 115.23 , 180.28
3102 , 15614 , 84.65 , -75.7 , 9 , 13.27 , 13.827 , 1.633 , 116.13 , 179.38
3112 , 15658 , 84.00 , -75.6 , 9 , 13.20 , 13.902 , 1.655 , 116.97 , 178.53
3122 , 15705 , 83.33 , -75.7 , 9 , 13.13 , 14.050 , 1.686 , 117.85 , 177.65
3132 , 15750 , 82.68 , -75.6 , 9 , 13.06 , 14.432 , 1.745 , 118.72 , 176.78
3141 , 15792 , 82.08 , -75.8 , 9 , 12.99 , 14.630 , 1.782 , 119.56 , 175.94
3151 , 15834 , 81.49 , -76.1 , 10 , 12.93 , 14.786 , 1.814 , 120.41 , 175.10
3161 , 15877 , 80.88 , -76.3 , 10 , 12.86 , 14.918 , 1.844 , 121.28 , 174.22
3171 , 15920 , 80.28 , -76.4 , 10 , 12.79 , 14.983 , 1.866 , 122.17 , 173.34
3181 , 15962 , 79.69 , -76.3 , 10 , 12.73 , 15.027 , 1.886 , 123.04 , 172.47
3191 , 16004 , 79.12 , -76.2 , 10 , 12.66 , 15.077 , 1.906 , 123.89 , 171.61
3201 , 16046 , 78.55 , -76.3 , 10 , 12.59 , 15.225 , 1.938 , 124.76 , 170.75
3211 , 16088 , 77.97 , -76.3 , 10 , 12.53 , 15.260 , 1.957 , 125.64 , 169.86
3221 , 16129 , 77.41 , -76.5 , 10 , 12.46 , 15.230 , 1.967 , 126.51 , 168.99
3231 , 16171 , 76.86 , -76.6 , 11 , 12.40 , 15.160 , 1.972 , 127.37 , 168.14
3241 , 16210 , 76.33 , -76.9 , 11 , 12.34 , 15.101 , 1.978 , 128.19 , 167.31
3251 , 16250 , 75.81 , -77.0 , 11 , 12.28 , 15.059 , 1.986 , 129.01 , 166.50
3261 , 16290 , 75.28 , -77.1 , 11 , 12.22 , 15.082 , 2.004 , 129.85 , 165.66
3271 , 16332 , 74.73 , -77.1 , 11 , 12.16 , 14.894 , 1.993 , 130.71 , 164.79
3281 , 16374 , 74.19 , -77.2 , 11 , 12.09 , 14.787 , 1.993 , 131.56 , 163.95
3290 , 16415 , 73.65 , -77.5 , 11 , 12.03 , 14.676 , 1.993 , 132.41 , 163.10
3300 , 16458 , 73.10 , -77.8 , 11 , 11.97 , 14.550 , 1.990 , 133.27 , 162.24
3310 , 16501 , 72.56 , -77.7 , 11 , 11.91 , 14.405 , 1.985 , 134.12 , 161.39
3320 , 16545 , 72.01 , -77.3 , 11 , 11.85 , 14.046 , 1.951 , 134.98 , 160.52
3330 , 16589 , 71.45 , -77.1 , 12 , 11.78 , 13.942 , 1.951 , 135.84 , 159.67
3340 , 16636 , 70.87 , -77.4 , 12 , 11.71 , 13.614 , 1.921 , 136.73 , 158.78
3350 , 16682 , 70.31 , -77.4 , 12 , 11.65 , 13.615 , 1.936 , 137.58 , 157.93
3360 , 16727 , 69.76 , -77.0 , 12 , 11.58 , 13.584 , 1.947 , 138.42 , 157.08
3370 , 16776 , 69.17 , -77.0 , 12 , 11.52 , 13.611 , 1.968 , 139.34 , 156.17
3380 , 16822 , 68.60 , -77.0 , 12 , 11.45 , 13.624 , 1.986 , 140.21 , 155.29
3390 , 16869 , 68.05 , -77.0 , 12 , 11.39 , 13.730 , 2.018 , 141.09 , 154.41
3400 , 16916 , 67.49 , -76.9 , 12 , 11.32 , 13.884 , 2.057 , 141.99 , 153.52
3410 , 16962 , 66.95 , -76.7 , 12 , 11.27 , 13.973 , 2.087 , 142.87 , 152.64
3420 , 17009 , 66.42 , -76.8 , 12 , 11.20 , 14.129 , 2.127 , 143.76 , 151.74
3430 , 17053 , 65.90 , -77.0 , 12 , 11.14 , 14.222 , 2.158 , 144.63 , 150.87
3440 , 17097 , 65.40 , -77.2 , 12 , 11.08 , 14.143 , 2.162 , 145.48 , 150.03
3450 , 17140 , 64.91 , -77.5 , 12 , 11.03 , 14.171 , 2.183 , 146.32 , 149.18
3460 , 17183 , 64.42 , -77.5 , 12 , 10.97 , 14.227 , 2.208 , 147.17 , 148.34
3470 , 17229 , 63.91 , -77.4 , 12 , 10.91 , 14.169 , 2.217 , 148.06 , 147.44
3480 , 17273 , 63.42 , -77.6 , 13 , 10.85 , 14.137 , 2.229 , 148.92 , 146.58
3490 , 17318 , 62.93 , -77.8 , 13 , 10.79 , 14.187 , 2.254 , 149.79 , 145.71
3500 , 17360 , 62.47 , -78.0 , 13 , 10.74 , 14.134 , 2.263 , 150.61 , 144.89
3510 , 17402 , 62.00 , -78.0 , 13 , 10.68 , 13.997 , 2.257 , 151.44 , 144.06
3520 , 17443 , 61.56 , -77.9 , 13 , 10.62 , 14.038 , 2.280 , 152.23 , 143.27
3529 , 17483 , 61.14 , -78.0 , 13 , 10.57 , 14.014 , 2.292 , 153.00 , 142.50
3539 , 17520 , 60.74 , -78.0 , 13 , 10.52 , 13.935 , 2.294 , 153.72 , 141.78
3549 , 17559 , 60.32 , -78.1 , 13 , 10.46 , 14.006 , 2.322 , 154.48 , 141.02
3559 , 17601 , 59.89 , -78.0 , 13 , 10.40 , 13.974 , 2.333 , 155.28 , 140.22
3568 , 17641 , 59.47 , -78.1 , 13 , 10.35 , 13.917 , 2.340 , 156.05 , 139.45
3578 , 17681 , 59.05 , -78.2 , 13 , 10.29 , 13.927 , 2.358 , 156.82 , 138.68
3588 , 17724 , 58.61 , -78.3 , 13 , 10.24 , 13.994 , 2.388 , 157.66 , 137.85
3598 , 17766 , 58.18 , -78.3 , 13 , 10.17 , 14.097 , 2.423 , 158.47 , 137.03
3608 , 17809 , 57.74 , -78.4 , 13 , 10.11 , 14.003 , 2.425 , 159.32 , 136.19
3618 , 17853 , 57.29 , -78.4 , 13 , 10.05 , 14.013 , 2.446 , 160.17 , 135.33
3628 , 17897 , 56.86 , -78.4 , 13 , 9.99 , 13.998 , 2.462 , 161.01 , 134.49
3638 , 17940 , 56.42 , -78.7 , 13 , 9.93 , 14.040 , 2.488 , 161.86 , 133.64
3648 , 17983 , 56.01 , -78.9 , 13 , 9.87 , 13.885 , 2.479 , 162.68 , 132.83
3658 , 18025 , 55.59 , -78.9 , 13 , 9.81 , 13.787 , 2.480 , 163.48 , 132.02
3668 , 18068 , 55.18 , -79.0 , 14 , 9.76 , 13.649 , 2.474 , 164.30 , 131.20
3678 , 18111 , 54.76 , -78.9 , 14 , 9.69 , 13.586 , 2.481 , 165.11 , 130.39
3688 , 18153 , 54.36 , -78.7 , 14 , 9.64 , 13.503 , 2.484 , 165.90 , 129.60
3698 , 18194 , 53.96 , -78.8 , 14 , 9.58 , 13.504 , 2.503 , 166.68 , 128.82
3708 , 18238 , 53.55 , -79.0 , 14 , 9.52 , 13.498 , 2.521 , 167.50 , 128.01
3718 , 18281 , 53.14 , -79.1 , 14 , 9.46 , 13.459 , 2.533 , 168.31 , 127.19
3728 , 18326 , 52.73 , -79.0 , 14 , 9.40 , 13.326 , 2.527 , 169.14 , 126.37
3738 , 18370 , 52.31 , -79.1 , 14 , 9.34 , 13.491 , 2.579 , 169.97 , 125.53
3748 , 18416 , 51.90 , -79.0 , 14 , 9.28 , 13.488 , 2.599 , 170.83 , 124.68
3758 , 18459 , 51.51 , -79.2 , 14 , 9.23 , 13.534 , 2.628 , 171.63 , 123.87
3768 , 18501 , 51.13 , -79.5 , 14 , 9.17 , 13.568 , 2.654 , 172.42 , 123.09
3778 , 18545 , 50.73 , -79.5 , 14 , 9.11 , 13.563 , 2.673 , 173.25 , 122.25
3788 , 18588 , 50.34 , -79.3 , 14 , 9.04 , 13.480 , 2.678 , 174.07 , 121.43
3798 , 18629 , 49.98 , -79.5 , 14 , 8.98 , 13.400 , 2.681 , 174.83 , 120.67
3808 , 18675 , 49.58 , -79.7 , 14 , 8.93 , 13.396 , 2.702 , 175.69 , 119.82
3818 , 18719 , 49.19 , -79.9 , 14 , 8.86 , 13.279 , 2.699 , 176.51 , 118.99
3828 , 18765 , 48.80 , -79.8 , 14 , 8.80 , 13.250 , 2.715 , 177.36 , 118.14
3838 , 18810 , 48.41 , -79.8 , 14 , 8.74 , 13.227 , 2.732 , 178.20 , 117.31
3848 , 18855 , 48.03 , -79.6 , 14 , 8.68 , 13.152 , 2.738 , 179.01 , 116.49
3858 , 18900 , 47.65 , -79.4 , 14 , 8.62 , 13.130 , 2.755 , 179.84 , 115.67
3867 , 18941 , 47.30 , -79.2 , 14 , 8.56 , 13.125 , 2.775 , 180.60 , 114.91
3877 , 18985 , 46.94 , -79.0 , 14 , 8.51 , 13.154 , 2.802 , 181.39 , 114.11
3887 , 19030 , 46.57 , -79.0 , 14 , 8.44 , 13.224 , 2.840 , 182.22 , 113.28
3897 , 19078 , 46.18 , -78.9 , 14 , 8.38 , 13.205 , 2.859 , 183.09 , 112.41
3907 , 19124 , 45.81 , -79.1 , 14 , 8.32 , 13.270 , 2.897 , 183.94 , 111.57
3917 , 19169 , 45.45 , -79.3 , 14 , 8.26 , 13.317 , 2.930 , 184.77 , 110.73
3927 , 19214 , 45.08 , -79.5 , 14 , 8.19 , 13.165 , 2.920 , 185.61 , 109.89
3937 , 19260 , 44.72 , -79.3 , 14 , 8.13 , 13.069 , 2.922 , 186.44 , 109.06
3947 , 19305 , 44.37 , -79.1 , 14 , 8.06 , 13.077 , 2.947 , 187.26 , 108.25
3957 , 19351 , 44.01 , -79.3 , 14 , 8.00 , 12.977 , 2.949 , 188.09 , 107.41
3967 , 19397 , 43.65 , -79.4 , 14 , 7.94 , 12.956 , 2.968 , 188.93 , 106.57
3977 , 19444 , 43.29 , -79.5 , 14 , 7.87 , 12.844 , 2.967 , 189.77 , 105.73
3987 , 19490 , 42.94 , -79.2 , 14 , 7.81 , 12.746 , 2.968 , 190.59 , 104.92
3997 , 19536 , 42.60 , -79.3 , 14 , 7.75 , 12.704 , 2.982 , 191.40 , 104.10
4007 , 19580 , 42.27 , -79.4 , 14 , 7.69 , 12.590 , 2.979 , 192.17 , 103.33
4017 , 19623 , 41.95 , -79.3 , 14 , 7.62 , 12.556 , 2.993 , 192.94 , 102.57
4027 , 19670 , 41.60 , -79.2 , 14 , 7.56 , 12.464 , 2.996 , 193.75 , 101.76
4037 , 19715 , 41.27 , -79.2 , 14 , 7.50 , 12.276 , 2.974 , 194.53 , 100.98
4047 , 19760 , 40.95 , -79.4 , 14 , 7.43 , 12.159 , 2.969 , 195.28 , 100.22
4057 , 19806 , 40.62 , -79.7 , 14 , 7.37 , 11.986 , 2.951 , 196.05 , 99.45
4067 , 19851 , 40.30 , -79.9 , 14 , 7.31 , 11.990 , 2.975 , 196.81 , 98.70
4077 , 19896 , 39.97 , -79.8 , 14 , 7.25 , 11.828 , 2.959 , 197.56 , 97.94
4087 , 19941 , 39.66 , -79.7 , 14 , 7.18 , 11.823 , 2.981 , 198.30 , 97.20
4097 , 19986 , 39.34 , -79.6 , 14 , 7.12 , 11.637 , 2.958 , 199.04 , 96.46
4107 , 20029 , 39.05 , -79.7 , 14 , 7.05 , 11.589 , 2.968 , 199.73 , 95.77
4117 , 20074 , 38.74 , -79.7 , 14 , 6.99 , 11.613 , 2.997 , 200.45 , 95.05
4127 , 20119 , 38.43 , -79.7 , 14 , 6.93 , 11.481 , 2.987 , 201.18 , 94.32
4136 , 20161 , 38.15 , -79.7 , 14 , 6.87 , 11.534 , 3.023 , 201.86 , 93.64
4146 , 20201 , 37.88 , -79.5 , 14 , 6.81 , 11.368 , 3.001 , 202.49 , 93.02
4156 , 20246 , 37.58 , -79.4 , 14 , 6.74 , 11.092 , 2.951 , 203.19 , 92.31
4166 , 20292 , 37.28 , -79.6 , 14 , 6.68 , 11.069 , 2.969 , 203.90 , 91.60
4176 , 20336 , 36.99 , -79.9 , 14 , 6.62 , 10.907 , 2.949 , 204.57 , 90.93
4186 , 20381 , 36.70 , -79.9 , 14 , 6.56 , 10.569 , 2.880 , 205.25 , 90.25
4196 , 20424 , 36.42 , -79.9 , 14 , 6.49 , 10.409 , 2.858 , 205.88 , 89.62
4206 , 20470 , 36.13 , -79.3 , 14 , 6.43 , 10.322 , 2.857 , 206.54 , 88.96
4216 , 20512 , 35.85 , -79.2 , 14 , 6.37 , 10.188 , 2.841 , 207.15 , 88.35
4226 , 20559 , 35.56 , -79.3 , 14 , 6.30 , 10.127 , 2.848 , 207.81 , 87.70
4236 , 20601 , 35.30 , -79.5 , 14 , 6.24 , 10.047 , 2.846 , 208.40 , 87.10
4246 , 20645 , 35.02 , -79.6 , 14 , 6.18 , 9.938 , 2.837 , 209.02 , 86.48
4256 , 20688 , 34.76 , -79.7 , 14 , 6.12 , 9.905 , 2.850 , 209.61 , 85.89
4265 , 20731 , 34.50 , -79.7 , 14 , 6.06 , 9.771 , 2.832 , 210.19 , 85.31
4275 , 20772 , 34.25 , -79.5 , 14 , 6.00 , 9.746 , 2.846 , 210.75 , 84.75
4285 , 20817 , 33.98 , -79.5 , 14 , 5.94 , 9.731 , 2.864 , 211.37 , 84.14
4295 , 20862 , 33.71 , -79.3 , 14 , 5.88 , 9.688 , 2.874 , 211.97 , 83.53
4305 , 20909 , 33.43 , -79.2 , 14 , 5.82 , 9.594 , 2.870 , 212.60 , 82.91
4315 , 20954 , 33.17 , -79.4 , 14 , 5.76 , 9.446 , 2.848 , 213.20 , 82.30
4325 , 21000 , 32.90 , -79.1 , 14 , 5.69 , 9.334 , 2.837 , 213.80 , 81.70
4335 , 21046 , 32.63 , -79.1 , 14 , 5.63 , 9.262 , 2.838 , 214.39 , 81.11
4345 , 21092 , 32.37 , -79.1 , 14 , 5.57 , 9.148 , 2.826 , 214.98 , 80.52
4355 , 21140 , 32.10 , -78.7 , 14 , 5.51 , 9.121 , 2.841 , 215.59 , 79.91
4365 , 21189 , 31.83 , -78.6 , 14 , 5.45 , 9.013 , 2.832 , 216.20 , 79.30
4375 , 21235 , 31.57 , -78.3 , 14 , 5.39 , 8.993 , 2.849 , 216.78 , 78.72
4385 , 21284 , 31.30 , -78.3 , 14 , 5.33 , 8.895 , 2.842 , 217.39 , 78.12
4395 , 21334 , 31.02 , -78.6 , 14 , 5.27 , 8.802 , 2.837 , 218.00 , 77.50
4405 , 21383 , 30.76 , -78.8 , 14 , 5.21 , 8.672 , 2.819 , 218.59 , 76.91
4415 , 21433 , 30.49 , -79.0 , 14 , 5.15 , 8.599 , 2.820 , 219.19 , 76.32
4425 , 21478 , 30.25 , -79.0 , 13 , 5.09 , 8.533 , 2.821 , 219.72 , 75.78
4434 , 21521 , 30.02 , -79.1 , 13 , 5.03 , 8.464 , 2.820 , 220.24 , 75.27
4444 , 21566 , 29.78 , -79.1 , 13 , 4.98 , 8.388 , 2.816 , 220.76 , 74.74
4454 , 21615 , 29.53 , -78.9 , 13 , 4.92 , 8.332 , 2.822 , 221.33 , 74.17
4464 , 21664 , 29.27 , -78.7 , 13 , 4.86 , 8.340 , 2.849 , 221.90 , 73.60
4474 , 21709 , 29.05 , -78.7 , 13 , 4.80 , 8.274 , 2.849 , 222.41 , 73.09
4484 , 21757 , 28.80 , -78.7 , 13 , 4.75 , 8.284 , 2.876 , 222.97 , 72.54
4494 , 21805 , 28.56 , -78.7 , 13 , 4.69 , 8.258 , 2.892 , 223.52 , 71.98
4504 , 21853 , 28.32 , -78.6 , 13 , 4.64 , 8.231 , 2.906 , 224.06 , 71.44
4514 , 21898 , 28.10 , -78.5 , 13 , 4.58 , 8.207 , 2.921 , 224.58 , 70.92
4524 , 21944 , 27.87 , -78.0 , 13 , 4.52 , 8.212 , 2.946 , 225.10 , 70.40
4533 , 21988 , 27.66 , -77.9 , 13 , 4.47 , 8.220 , 2.972 , 225.60 , 69.90
4543 , 22032 , 27.44 , -78.1 , 13 , 4.41 , 8.160 , 2.974 , 226.10 , 69.40
4553 , 22080 , 27.22 , -78.3 , 13 , 4.35 , 8.070 , 2.965 , 226.63 , 68.87
4563 , 22124 , 27.01 , -78.5 , 13 , 4.29 , 8.011 , 2.966 , 227.12 , 68.38
4573 , 22168 , 26.80 , -78.3 , 13 , 4.24 , 7.937 , 2.961 , 227.61 , 67.90
4583 , 22215 , 26.58 , -77.9 , 12 , 4.18 , 7.963 , 2.996 , 228.13 , 67.38
4593 , 22264 , 26.35 , -77.8 , 12 , 4.12 , 8.011 , 3.040 , 228.67 , 66.83
4603 , 22314 , 26.12 , -77.5 , 12 , 4.06 , 8.056 , 3.084 , 229.22 , 66.28
4613 , 22358 , 25.92 , -77.7 , 12 , 4.01 , 8.120 , 3.133 , 229.72 , 65.79
4623 , 22405 , 25.71 , -77.4 , 12 , 3.95 , 8.169 , 3.177 , 230.24 , 65.27
4633 , 22451 , 25.51 , -77.3 , 12 , 3.89 , 8.123 , 3.185 , 230.75 , 64.75
4643 , 22497 , 25.30 , -77.3 , 12 , 3.83 , 8.053 , 3.182 , 231.26 , 64.24
4653 , 22540 , 25.11 , -77.4 , 12 , 3.78 , 7.958 , 3.169 , 231.74 , 63.77
4663 , 22586 , 24.91 , -76.6 , 12 , 3.72 , 7.882 , 3.164 , 232.24 , 63.26
4673 , 22632 , 24.71 , -76.0 , 12 , 3.66 , 7.734 , 3.129 , 232.73 , 62.77
4683 , 22675 , 24.53 , -75.6 , 12 , 3.61 , 7.702 , 3.140 , 233.19 , 62.31
4693 , 22719 , 24.34 , -75.0 , 12 , 3.55 , 7.643 , 3.140 , 233.65 , 61.86
4703 , 22763 , 24.16 , -74.6 , 11 , 3.49 , 7.610 , 3.150 , 234.11 , 61.40
4713 , 22809 , 23.97 , -74.6 , 11 , 3.44 , 7.603 , 3.172 , 234.58 , 60.92
4722 , 22849 , 23.80 , -74.1 , 11 , 3.39 , 7.620 , 3.201 , 235.00 , 60.51
4732 , 22894 , 23.62 , -74.0 , 11 , 3.34 , 7.648 , 3.238 , 235.46 , 60.04
4742 , 22942 , 23.43 , -73.9 , 11 , 3.28 , 7.698 , 3.286 , 235.95 , 59.55
4752 , 22988 , 23.24 , -73.9 , 11 , 3.22 , 7.707 , 3.315 , 236.44 , 59.07
4762 , 23032 , 23.07 , -73.9 , 11 , 3.17 , 7.709 , 3.341 , 236.89 , 58.61
4772 , 23079 , 22.88 , -73.9 , 10 , 3.11 , 7.701 , 3.365 , 237.39 , 58.11
4782 , 23127 , 22.70 , -73.7 , 10 , 3.06 , 7.681 , 3.384 , 237.88 , 57.62
4792 , 23173 , 22.52 , -73.9 , 10 , 3.01 , 7.593 , 3.371 , 238.35 , 57.15
4801 , 23217 , 22.35 , -74.1 , 10 , 2.96 , 7.550 , 3.378 , 238.80 , 56.70
4811 , 23262 , 22.18 , -74.2 , 10 , 2.91 , 7.486 , 3.375 , 239.27 , 56.24
4821 , 23314 , 21.98 , -74.3 , 10 , 2.85 , 7.404 , 3.369 , 239.80 , 55.71
4831 , 23364 , 21.79 , -74.3 , 9 , 2.80 , 7.301 , 3.350 , 240.29 , 55.22
4841 , 23409 , 21.63 , -74.4 , 9 , 2.75 , 7.220 , 3.338 , 240.73 , 54.77
4851 , 23458 , 21.44 , -74.7 , 9 , 2.69 , 7.158 , 3.339 , 241.22 , 54.29
4861 , 23509 , 21.26 , -74.8 , 9 , 2.64 , 7.077 , 3.330 , 241.71 , 53.80
4871 , 23556 , 21.09 , -75.0 , 9 , 2.60 , 6.967 , 3.304 , 242.15 , 53.35
4881 , 23603 , 20.92 , -75.3 , 9 , 2.54 , 6.878 , 3.289 , 242.59 , 52.91
4891 , 23654 , 20.73 , -75.3 , 8 , 2.49 , 6.801 , 3.280 , 243.07 , 52.43
4901 , 23700 , 20.57 , -75.0 , 8 , 2.44 , 6.722 , 3.268 , 243.50 , 52.00
4911 , 23749 , 20.39 , -74.7 , 8 , 2.38 , 6.641 , 3.256 , 243.94 , 51.56
4921 , 23799 , 20.22 , -74.5 , 8 , 2.34 , 6.549 , 3.239 , 244.39 , 51.12
4931 , 23848 , 20.05 , -74.5 , 8 , 2.28 , 6.472 , 3.228 , 244.82 , 50.68
4941 , 23903 , 19.86 , -74.6 , 8 , 2.23 , 6.413 , 3.229 , 245.30 , 50.20
4951 , 23952 , 19.69 , -74.8 , 8 , 2.18 , 6.209 , 3.153 , 245.73 , 49.78
4961 , 24003 , 19.52 , -74.8 , 8 , 2.13 , 6.141 , 3.146 , 246.15 , 49.35
4971 , 24052 , 19.36 , -74.7 , 8 , 2.08 , 6.117 , 3.160 , 246.56 , 48.94
4981 , 24103 , 19.19 , -74.6 , 8 , 2.03 , 6.013 , 3.134 , 246.98 , 48.52
4991 , 24145 , 19.05 , -74.6 , 7 , 1.98 , 5.956 , 3.126 , 247.32 , 48.19
5001 , 24189 , 18.91 , -74.6 , 7 , 1.93 , 5.892 , 3.116 , 247.68 , 47.82
5011 , 24238 , 18.75 , -74.5 , 7 , 1.88 , 5.825 , 3.107 , 248.07 , 47.44
5020 , 24281 , 18.61 , -74.4 , 7 , 1.84 , 5.754 , 3.092 , 248.40 , 47.10
5029 , 24324 , 18.47 , -74.1 , 7 , 1.79 , 5.739 , 3.107 , 248.74 , 46.76
5039 , 24371 , 18.33 , -74.1 , 7 , 1.75 , 5.713 , 3.117 , 249.10 , 46.40
5049 , 24416 , 18.18 , -73.9 , 7 , 1.70 , 5.694 , 3.131 , 249.45 , 46.05
5059 , 24462 , 18.04 , -73.6 , 7 , 1.65 , 5.637 , 3.124 , 249.80 , 45.70
5069 , 24503 , 17.91 , -73.2 , 7 , 1.60 , 5.593 , 3.122 , 250.12 , 45.39
5079 , 24551 , 17.77 , -72.9 , 6 , 1.55 , 5.612 , 3.158 , 250.47 , 45.03
5089 , 24594 , 17.64 , -73.0 , 6 , 1.50 , 5.572 , 3.159 , 250.80 , 44.71
5099 , 24632 , 17.52 , -73.0 , 6 , 1.46 , 5.535 , 3.159 , 251.08 , 44.42
5109 , 24675 , 17.40 , -72.7 , 6 , 1.41 , 5.491 , 3.156 , 251.40 , 44.10
5119 , 24719 , 17.27 , -72.3 , 6 , 1.36 , 5.443 , 3.152 , 251.73 , 43.78
5129 , 24761 , 17.14 , -71.6 , 6 , 1.31 , 5.431 , 3.168 , 252.03 , 43.47
5139 , 24807 , 17.01 , -71.3 , 6 , 1.27 , 5.448 , 3.202 , 252.36 , 43.14
5149 , 24853 , 16.88 , -71.2 , 6 , 1.22 , 5.418 , 3.210 , 252.70 , 42.80
5159 , 24899 , 16.75 , -71.4 , 6 , 1.18 , 5.368 , 3.205 , 253.03 , 42.47
5169 , 24946 , 16.61 , -71.5 , 5 , 1.13 , 5.301 , 3.190 , 253.37 , 42.13
5179 , 24996 , 16.47 , -71.2 , 5 , 1.08 , 5.279 , 3.204 , 253.72 , 41.78
5189 , 25047 , 16.33 , -71.3 , 5 , 1.04 , 5.248 , 3.213 , 254.08 , 41.43
5199 , 25099 , 16.19 , -71.4 , 5 , 0.99 , 5.209 , 3.217 , 254.44 , 41.06
5209 , 25151 , 16.05 , -71.2 , 5 , 0.94 , 5.187 , 3.232 , 254.80 , 40.70
5219 , 25199 , 15.92 , -70.7 , 5 , 0.90 , 5.121 , 3.217 , 255.13 , 40.37
5229 , 25252 , 15.78 , -70.6 , 5 , 0.85 , 5.056 , 3.204 , 255.49 , 40.01
5239 , 25306 , 15.64 , -70.4 , 4 , 0.80 , 4.997 , 3.196 , 255.85 , 39.65
5249 , 25362 , 15.49 , -70.3 , 4 , 0.76 , 4.967 , 3.207 , 256.22 , 39.28
5258 , 25411 , 15.36 , -70.4 , 4 , 0.71 , 4.908 , 3.195 , 256.55 , 38.96
5268 , 25464 , 15.22 , -70.7 , 4 , 0.67 , 4.887 , 3.210 , 256.89 , 38.61
5278 , 25513 , 15.10 , -70.6 , 4 , 0.63 , 4.814 , 3.189 , 257.21 , 38.29
5288 , 25560 , 14.98 , -70.3 , 4 , 0.58 , 5.036 , 3.362 , 257.52 , 37.99
5298 , 25611 , 14.85 , -70.4 , 4 , 0.54 , 4.988 , 3.359 , 257.86 , 37.65
5308 , 25656 , 14.74 , -70.3 , 4 , 0.50 , 4.895 , 3.321 , 258.15 , 37.35
5318 , 25699 , 14.63 , -70.0 , 3 , 0.46 , 4.818 , 3.292 , 258.43 , 37.08
5327 , 25738 , 14.54 , -70.0 , 3 , 0.41 , 4.715 , 3.243 , 258.68 , 36.83
5337 , 25778 , 14.44 , -70.0 , 3 , 0.37 , 4.671 , 3.235 , 258.92 , 36.58
5347 , 25820 , 14.34 , -70.1 , 3 , 0.33 , 4.603 , 3.210 , 259.18 , 36.32
