# ------------------------------------------------------------
#
# Flight name: V3512
# Station: Davis
# Launch Date: 16 August 2012
# Launch Time: 11:19:56
# 
# This file created: Mon Aug 20 10:16:25 2012
# 
# 
# ------------------------------------------------------------
# DATA COLUMNS
# Time (s)
# Height (m)
# Atmospheric Pressure (hPa)
# Atmospheric Temperature (°C)
# Relative Humidity (%)
# Box Temperature (°C)
# Ozone Partial Pressure (mPa)
# Ozone Mixing Ratio (ppmV)
# Accumulated Ozone to this Height (Dobson Units)
# Remaining Ozone above this Height (Dobson Units)
# 
# ------------------------------------------------------------
# 
# Integrated Ozone = 244.6 DU
# Extrapolated Ozone =  51.4 DU
# 
# Total Ozone = 296.1 DU
# 
# 
# ------------------------------------------------------------
-1 , 18 , 972.93 , -16.7 , 45 , 33.08 , 2.756 , 0.028 , 0.00 , 296.09
9 , 58 , 967.77 , -15.3 , 48 , 32.92 , 3.117 , 0.032 , 0.12 , 295.96
19 , 101 , 962.17 , -15.0 , 48 , 32.65 , 3.110 , 0.032 , 0.27 , 295.82
29 , 148 , 956.31 , -15.2 , 49 , 32.34 , 3.080 , 0.032 , 0.42 , 295.67
39 , 200 , 949.65 , -15.5 , 50 , 32.04 , 3.055 , 0.032 , 0.58 , 295.50
49 , 255 , 942.81 , -15.7 , 49 , 31.78 , 3.051 , 0.032 , 0.76 , 295.33
59 , 307 , 936.27 , -15.2 , 42 , 31.48 , 3.027 , 0.032 , 0.93 , 295.16
69 , 358 , 930.03 , -15.5 , 40 , 31.17 , 3.011 , 0.032 , 1.08 , 295.00
79 , 412 , 923.35 , -15.9 , 41 , 30.88 , 2.977 , 0.032 , 1.26 , 294.83
88 , 460 , 917.47 , -16.3 , 42 , 30.63 , 2.967 , 0.032 , 1.40 , 294.68
98 , 511 , 911.34 , -16.8 , 43 , 30.33 , 2.961 , 0.032 , 1.56 , 294.53
108 , 565 , 904.79 , -17.3 , 44 , 30.01 , 2.937 , 0.032 , 1.73 , 294.36
118 , 621 , 897.97 , -17.8 , 45 , 29.70 , 2.908 , 0.032 , 1.90 , 294.18
128 , 677 , 891.33 , -18.3 , 46 , 29.36 , 2.880 , 0.032 , 2.07 , 294.01
138 , 734 , 884.53 , -18.8 , 47 , 29.07 , 2.839 , 0.032 , 2.25 , 293.84
148 , 789 , 877.98 , -18.9 , 48 , 28.82 , 2.803 , 0.032 , 2.41 , 293.68
158 , 839 , 872.16 , -18.5 , 49 , 28.58 , 2.804 , 0.032 , 2.56 , 293.53
168 , 895 , 865.61 , -18.4 , 50 , 28.46 , 2.756 , 0.032 , 2.72 , 293.36
178 , 947 , 859.58 , -18.4 , 48 , 28.24 , 2.738 , 0.032 , 2.88 , 293.21
188 , 996 , 853.97 , -18.5 , 51 , 27.97 , 2.732 , 0.032 , 3.02 , 293.07
198 , 1048 , 848.00 , -18.1 , 52 , 27.79 , 2.676 , 0.032 , 3.17 , 292.92
208 , 1099 , 842.23 , -18.3 , 51 , 27.56 , 2.646 , 0.031 , 3.31 , 292.78
218 , 1158 , 835.59 , -18.7 , 51 , 27.43 , 2.593 , 0.031 , 3.47 , 292.61
228 , 1208 , 830.02 , -19.0 , 51 , 27.15 , 2.584 , 0.031 , 3.61 , 292.48
238 , 1263 , 823.94 , -19.4 , 52 , 26.88 , 2.573 , 0.031 , 3.76 , 292.33
248 , 1317 , 817.97 , -19.8 , 52 , 26.64 , 2.528 , 0.031 , 3.91 , 292.18
258 , 1370 , 812.09 , -20.0 , 54 , 26.52 , 2.501 , 0.031 , 4.05 , 292.04
268 , 1425 , 806.09 , -20.1 , 52 , 26.36 , 2.519 , 0.031 , 4.20 , 291.89
278 , 1487 , 799.41 , -19.9 , 49 , 26.18 , 2.488 , 0.031 , 4.36 , 291.73
288 , 1538 , 793.88 , -19.1 , 45 , 25.92 , 2.496 , 0.031 , 4.50 , 291.59
298 , 1590 , 788.39 , -18.9 , 45 , 25.77 , 2.489 , 0.032 , 4.63 , 291.45
308 , 1644 , 782.67 , -19.2 , 45 , 25.57 , 2.450 , 0.031 , 4.78 , 291.31
318 , 1703 , 776.52 , -19.4 , 46 , 25.40 , 2.386 , 0.031 , 4.93 , 291.16
328 , 1764 , 770.14 , -19.5 , 46 , 25.27 , 2.318 , 0.030 , 5.08 , 291.01
338 , 1822 , 764.11 , -19.6 , 45 , 25.09 , 2.255 , 0.030 , 5.22 , 290.87
348 , 1877 , 758.47 , -19.4 , 43 , 24.97 , 2.204 , 0.029 , 5.35 , 290.74
358 , 1928 , 753.36 , -19.8 , 43 , 24.71 , 2.204 , 0.029 , 5.47 , 290.62
368 , 1976 , 748.45 , -20.3 , 44 , 24.57 , 2.204 , 0.029 , 5.58 , 290.50
378 , 2030 , 743.04 , -20.8 , 44 , 24.48 , 2.188 , 0.029 , 5.71 , 290.38
388 , 2085 , 737.51 , -21.3 , 46 , 24.32 , 2.170 , 0.029 , 5.84 , 290.25
397 , 2137 , 732.34 , -21.7 , 47 , 24.19 , 2.169 , 0.030 , 5.96 , 290.13
407 , 2189 , 727.13 , -21.9 , 46 , 24.02 , 2.171 , 0.030 , 6.08 , 290.01
417 , 2250 , 721.12 , -22.3 , 45 , 23.86 , 2.147 , 0.030 , 6.22 , 289.87
427 , 2312 , 715.04 , -22.6 , 43 , 23.72 , 2.162 , 0.030 , 6.37 , 289.72
437 , 2373 , 709.18 , -22.8 , 42 , 23.61 , 2.189 , 0.031 , 6.51 , 289.58
447 , 2438 , 702.90 , -23.3 , 42 , 23.44 , 2.191 , 0.031 , 6.66 , 289.43
457 , 2496 , 697.32 , -23.7 , 42 , 23.21 , 2.205 , 0.032 , 6.80 , 289.29
467 , 2556 , 691.62 , -24.3 , 43 , 23.04 , 2.199 , 0.032 , 6.94 , 289.15
477 , 2614 , 686.17 , -24.8 , 43 , 22.89 , 2.183 , 0.032 , 7.08 , 289.01
487 , 2674 , 680.53 , -25.2 , 40 , 22.80 , 2.155 , 0.032 , 7.22 , 288.87
497 , 2735 , 674.83 , -25.6 , 39 , 22.67 , 2.147 , 0.032 , 7.36 , 288.72
507 , 2800 , 668.77 , -26.2 , 39 , 22.59 , 2.110 , 0.032 , 7.51 , 288.57
517 , 2863 , 662.92 , -26.8 , 41 , 22.38 , 2.087 , 0.031 , 7.66 , 288.43
527 , 2927 , 657.07 , -27.4 , 41 , 22.26 , 2.061 , 0.031 , 7.80 , 288.28
537 , 2989 , 651.45 , -27.9 , 38 , 22.18 , 2.039 , 0.031 , 7.94 , 288.14
547 , 3049 , 646.06 , -28.4 , 36 , 21.99 , 2.027 , 0.031 , 8.08 , 288.01
557 , 3112 , 640.39 , -28.9 , 36 , 21.80 , 2.001 , 0.031 , 8.22 , 287.87
567 , 3181 , 634.24 , -29.4 , 36 , 21.55 , 1.978 , 0.031 , 8.37 , 287.72
577 , 3250 , 628.06 , -30.0 , 36 , 21.33 , 1.959 , 0.031 , 8.52 , 287.57
587 , 3318 , 622.15 , -30.5 , 36 , 21.18 , 1.964 , 0.032 , 8.67 , 287.42
597 , 3382 , 616.57 , -31.0 , 37 , 21.08 , 1.971 , 0.032 , 8.81 , 287.28
607 , 3453 , 610.37 , -31.3 , 36 , 21.08 , 1.969 , 0.032 , 8.96 , 287.12
617 , 3523 , 604.34 , -31.6 , 30 , 20.96 , 1.982 , 0.033 , 9.12 , 286.97
627 , 3591 , 598.59 , -31.9 , 25 , 20.83 , 2.007 , 0.034 , 9.27 , 286.82
637 , 3664 , 592.43 , -32.2 , 22 , 20.65 , 2.033 , 0.034 , 9.43 , 286.65
647 , 3735 , 586.48 , -32.8 , 23 , 20.53 , 2.072 , 0.035 , 9.60 , 286.49
657 , 3804 , 580.74 , -33.4 , 25 , 20.41 , 2.043 , 0.035 , 9.76 , 286.33
666 , 3871 , 575.20 , -34.1 , 26 , 20.32 , 2.019 , 0.035 , 9.91 , 286.18
676 , 3939 , 569.65 , -34.7 , 28 , 20.20 , 1.995 , 0.035 , 10.06 , 286.02
686 , 4005 , 564.28 , -35.4 , 29 , 19.93 , 1.981 , 0.035 , 10.21 , 285.87
696 , 4073 , 558.82 , -36.0 , 31 , 19.63 , 1.969 , 0.035 , 10.36 , 285.72
705 , 4137 , 553.67 , -36.7 , 32 , 19.67 , 2.129 , 0.038 , 10.51 , 285.57
715 , 4200 , 548.62 , -37.2 , 32 , 19.47 , 2.060 , 0.038 , 10.67 , 285.42
725 , 4270 , 543.13 , -37.8 , 31 , 19.19 , 1.959 , 0.036 , 10.83 , 285.26
735 , 4334 , 538.05 , -38.4 , 32 , 19.16 , 1.894 , 0.035 , 10.97 , 285.12
745 , 4404 , 532.60 , -39.0 , 32 , 19.23 , 1.845 , 0.035 , 11.12 , 284.97
755 , 4475 , 527.13 , -39.7 , 31 , 19.18 , 1.801 , 0.034 , 11.27 , 284.82
765 , 4543 , 521.90 , -40.3 , 29 , 18.89 , 1.761 , 0.034 , 11.41 , 284.68
775 , 4612 , 516.61 , -40.8 , 28 , 18.87 , 1.709 , 0.033 , 11.55 , 284.54
785 , 4681 , 511.39 , -41.3 , 28 , 18.95 , 1.666 , 0.033 , 11.68 , 284.41
795 , 4751 , 506.14 , -41.9 , 26 , 18.93 , 1.644 , 0.032 , 11.82 , 284.27
805 , 4820 , 501.03 , -42.5 , 26 , 18.76 , 1.618 , 0.032 , 11.95 , 284.14
815 , 4888 , 495.98 , -43.1 , 26 , 18.56 , 1.598 , 0.032 , 12.08 , 284.01
825 , 4955 , 491.05 , -43.7 , 26 , 18.25 , 1.562 , 0.032 , 12.20 , 283.89
835 , 5021 , 486.24 , -44.3 , 26 , 18.21 , 1.546 , 0.032 , 12.32 , 283.77
845 , 5085 , 481.60 , -44.9 , 25 , 18.24 , 1.527 , 0.032 , 12.44 , 283.65
854 , 5145 , 477.28 , -45.5 , 25 , 18.14 , 1.518 , 0.032 , 12.55 , 283.54
864 , 5210 , 472.70 , -46.1 , 27 , 18.15 , 1.506 , 0.032 , 12.66 , 283.43
874 , 5275 , 468.07 , -46.7 , 29 , 18.01 , 1.551 , 0.033 , 12.78 , 283.31
884 , 5337 , 463.73 , -47.2 , 28 , 17.69 , 1.590 , 0.034 , 12.89 , 283.19
894 , 5401 , 459.21 , -47.7 , 27 , 17.54 , 1.514 , 0.033 , 13.01 , 283.07
904 , 5470 , 454.44 , -48.4 , 27 , 17.45 , 1.455 , 0.032 , 13.14 , 282.95
914 , 5537 , 449.83 , -49.0 , 29 , 17.34 , 1.426 , 0.032 , 13.25 , 282.83
924 , 5602 , 445.39 , -49.6 , 31 , 17.32 , 1.406 , 0.032 , 13.36 , 282.72
934 , 5667 , 441.00 , -50.2 , 33 , 17.30 , 1.403 , 0.032 , 13.47 , 282.61
944 , 5731 , 436.68 , -50.7 , 34 , 17.14 , 1.390 , 0.032 , 13.58 , 282.51
954 , 5796 , 432.35 , -51.2 , 34 , 17.11 , 1.373 , 0.032 , 13.69 , 282.40
964 , 5864 , 427.84 , -51.9 , 35 , 17.06 , 1.361 , 0.032 , 13.80 , 282.28
974 , 5931 , 423.41 , -52.4 , 34 , 16.91 , 1.372 , 0.032 , 13.92 , 282.17
984 , 5998 , 419.05 , -53.1 , 33 , 16.71 , 1.356 , 0.032 , 14.03 , 282.06
994 , 6066 , 414.66 , -53.6 , 33 , 16.65 , 1.338 , 0.032 , 14.14 , 281.95
1004 , 6136 , 410.14 , -53.9 , 31 , 16.58 , 1.320 , 0.032 , 14.25 , 281.83
1013 , 6203 , 405.89 , -54.4 , 29 , 16.49 , 1.313 , 0.032 , 14.36 , 281.72
1023 , 6270 , 401.67 , -55.1 , 28 , 16.35 , 1.294 , 0.032 , 14.47 , 281.62
1033 , 6343 , 397.11 , -55.7 , 28 , 16.24 , 1.292 , 0.033 , 14.59 , 281.50
1043 , 6409 , 392.99 , -56.3 , 29 , 16.12 , 1.288 , 0.033 , 14.69 , 281.39
1053 , 6478 , 388.71 , -56.8 , 31 , 16.03 , 1.281 , 0.033 , 14.80 , 281.28
1063 , 6544 , 384.68 , -57.2 , 34 , 15.86 , 1.275 , 0.033 , 14.91 , 281.18
1073 , 6605 , 380.96 , -57.5 , 35 , 15.65 , 1.274 , 0.033 , 15.01 , 281.08
1082 , 6664 , 377.47 , -57.8 , 34 , 15.46 , 1.261 , 0.033 , 15.10 , 280.99
1092 , 6722 , 373.99 , -58.4 , 34 , 15.33 , 1.248 , 0.033 , 15.19 , 280.90
1102 , 6783 , 370.34 , -58.8 , 34 , 15.23 , 1.239 , 0.033 , 15.29 , 280.80
1112 , 6849 , 366.48 , -58.9 , 33 , 15.32 , 1.248 , 0.034 , 15.39 , 280.70
1122 , 6920 , 362.35 , -58.9 , 31 , 15.41 , 1.249 , 0.034 , 15.50 , 280.59
1132 , 6987 , 358.51 , -59.4 , 30 , 15.29 , 1.267 , 0.035 , 15.61 , 280.48
1142 , 7056 , 354.60 , -59.9 , 30 , 15.24 , 1.280 , 0.036 , 15.72 , 280.37
1152 , 7125 , 350.68 , -60.4 , 30 , 15.13 , 1.284 , 0.037 , 15.83 , 280.26
1162 , 7193 , 346.88 , -60.8 , 30 , 14.94 , 1.261 , 0.036 , 15.94 , 280.15
1172 , 7256 , 343.35 , -61.2 , 31 , 14.63 , 1.234 , 0.036 , 16.04 , 280.05
1182 , 7323 , 339.66 , -61.0 , 31 , 14.51 , 1.278 , 0.038 , 16.15 , 279.94
1192 , 7395 , 335.74 , -60.8 , 30 , 14.40 , 1.396 , 0.042 , 16.27 , 279.82
1202 , 7467 , 331.91 , -61.2 , 30 , 14.31 , 1.460 , 0.044 , 16.40 , 279.69
1212 , 7537 , 328.18 , -61.8 , 31 , 14.16 , 1.452 , 0.044 , 16.53 , 279.56
1222 , 7605 , 324.54 , -62.1 , 32 , 14.04 , 1.440 , 0.044 , 16.66 , 279.43
1231 , 7670 , 321.16 , -62.1 , 32 , 13.92 , 1.407 , 0.044 , 16.77 , 279.31
1242 , 7740 , 317.57 , -62.3 , 33 , 13.86 , 1.327 , 0.042 , 16.89 , 279.19
1252 , 7809 , 314.04 , -62.6 , 33 , 13.72 , 1.261 , 0.040 , 17.01 , 279.08
1262 , 7878 , 310.50 , -63.0 , 34 , 13.51 , 1.236 , 0.040 , 17.12 , 278.97
1272 , 7955 , 306.66 , -62.6 , 33 , 13.37 , 1.274 , 0.042 , 17.24 , 278.84
1282 , 8027 , 303.08 , -62.6 , 32 , 13.28 , 1.433 , 0.047 , 17.37 , 278.72
1292 , 8099 , 299.57 , -63.0 , 30 , 13.21 , 1.602 , 0.053 , 17.51 , 278.58
1302 , 8170 , 296.12 , -63.5 , 28 , 13.13 , 1.743 , 0.059 , 17.66 , 278.43
1311 , 8233 , 293.11 , -63.9 , 26 , 12.93 , 1.878 , 0.064 , 17.81 , 278.28
1321 , 8295 , 290.17 , -64.4 , 25 , 12.79 , 2.020 , 0.070 , 17.96 , 278.12
1331 , 8359 , 287.12 , -64.7 , 23 , 12.67 , 2.182 , 0.076 , 18.14 , 277.95
1341 , 8429 , 283.84 , -64.2 , 21 , 12.60 , 2.353 , 0.083 , 18.34 , 277.74
1351 , 8498 , 280.67 , -64.0 , 19 , 12.51 , 2.567 , 0.091 , 18.56 , 277.53
1361 , 8562 , 277.73 , -63.9 , 17 , 12.44 , 2.798 , 0.101 , 18.78 , 277.30
1371 , 8623 , 275.01 , -63.9 , 16 , 12.42 , 2.983 , 0.108 , 19.01 , 277.08
1381 , 8689 , 272.06 , -64.2 , 15 , 12.24 , 3.142 , 0.115 , 19.27 , 276.82
1391 , 8758 , 269.01 , -64.1 , 14 , 12.21 , 3.281 , 0.122 , 19.56 , 276.53
1401 , 8827 , 266.00 , -64.4 , 13 , 12.16 , 3.375 , 0.127 , 19.85 , 276.24
1411 , 8893 , 263.13 , -64.9 , 12 , 12.12 , 3.457 , 0.131 , 20.14 , 275.94
1421 , 8959 , 260.26 , -65.4 , 12 , 11.94 , 3.492 , 0.134 , 20.44 , 275.64
1431 , 9025 , 257.47 , -65.3 , 11 , 11.87 , 3.603 , 0.140 , 20.75 , 275.34
1441 , 9094 , 254.59 , -65.0 , 11 , 11.83 , 3.884 , 0.153 , 21.08 , 275.01
1451 , 9163 , 251.69 , -65.4 , 10 , 11.84 , 4.253 , 0.169 , 21.45 , 274.64
1461 , 9227 , 249.07 , -65.5 , 10 , 11.79 , 4.604 , 0.185 , 21.81 , 274.28
1471 , 9302 , 246.03 , -65.0 , 9 , 11.74 , 4.850 , 0.197 , 22.27 , 273.82
1481 , 9359 , 243.73 , -64.9 , 9 , 11.80 , 5.041 , 0.207 , 22.64 , 273.45
1491 , 9420 , 241.30 , -65.0 , 8 , 11.74 , 4.992 , 0.207 , 23.03 , 273.05
1501 , 9483 , 238.83 , -65.0 , 7 , 11.56 , 4.858 , 0.203 , 23.43 , 272.65
1511 , 9537 , 236.72 , -65.3 , 7 , 11.51 , 4.848 , 0.205 , 23.77 , 272.31
1521 , 9596 , 234.44 , -65.3 , 6 , 11.47 , 4.822 , 0.206 , 24.14 , 271.95
1531 , 9666 , 231.76 , -65.2 , 5 , 11.43 , 4.905 , 0.212 , 24.58 , 271.50
1541 , 9726 , 229.45 , -65.5 , 5 , 11.46 , 4.952 , 0.216 , 24.97 , 271.11
1551 , 9786 , 227.23 , -65.9 , 5 , 11.37 , 5.009 , 0.220 , 25.36 , 270.73
1561 , 9841 , 225.18 , -66.2 , 5 , 11.34 , 5.034 , 0.224 , 25.72 , 270.37
1571 , 9902 , 222.92 , -66.2 , 4 , 11.29 , 4.944 , 0.222 , 26.11 , 269.98
1581 , 9979 , 220.08 , -66.4 , 4 , 11.20 , 4.884 , 0.222 , 26.61 , 269.48
1591 , 10035 , 218.06 , -66.7 , 4 , 11.17 , 4.928 , 0.226 , 26.97 , 269.12
1601 , 10082 , 216.37 , -66.9 , 4 , 11.18 , 5.019 , 0.232 , 27.27 , 268.82
1611 , 10135 , 214.46 , -67.1 , 4 , 11.16 , 5.077 , 0.237 , 27.62 , 268.46
1620 , 10181 , 212.86 , -67.2 , 4 , 11.17 , 5.346 , 0.251 , 27.93 , 268.15
1629 , 10235 , 210.94 , -67.4 , 4 , 11.17 , 5.388 , 0.255 , 28.32 , 267.77
1639 , 10283 , 209.27 , -67.6 , 4 , 11.14 , 5.543 , 0.265 , 28.66 , 267.43
1649 , 10347 , 207.04 , -67.7 , 4 , 11.10 , 5.741 , 0.277 , 29.14 , 266.95
1659 , 10414 , 204.76 , -67.8 , 4 , 11.05 , 5.810 , 0.284 , 29.64 , 266.45
1669 , 10473 , 202.76 , -67.7 , 4 , 11.01 , 5.884 , 0.290 , 30.09 , 265.99
1679 , 10536 , 200.64 , -68.1 , 4 , 11.00 , 5.859 , 0.292 , 30.58 , 265.51
1689 , 10588 , 198.91 , -68.4 , 4 , 11.01 , 5.892 , 0.296 , 30.98 , 265.10
1699 , 10632 , 197.45 , -68.5 , 4 , 11.01 , 5.833 , 0.295 , 31.32 , 264.76
1709 , 10677 , 195.98 , -68.5 , 4 , 10.99 , 5.896 , 0.301 , 31.67 , 264.42
1719 , 10724 , 194.44 , -68.3 , 3 , 10.98 , 6.026 , 0.310 , 32.04 , 264.05
1729 , 10784 , 192.51 , -68.3 , 3 , 11.00 , 6.104 , 0.317 , 32.52 , 263.57
1739 , 10842 , 190.67 , -68.2 , 3 , 10.97 , 5.962 , 0.313 , 32.98 , 263.11
1749 , 10887 , 189.24 , -68.3 , 3 , 10.97 , 5.976 , 0.316 , 33.33 , 262.76
1759 , 10932 , 187.81 , -68.1 , 3 , 10.98 , 5.907 , 0.315 , 33.69 , 262.40
1768 , 10979 , 186.35 , -68.0 , 3 , 10.98 , 5.978 , 0.321 , 34.05 , 262.04
1778 , 11045 , 184.33 , -68.2 , 3 , 10.95 , 6.198 , 0.336 , 34.57 , 261.51
1788 , 11119 , 182.07 , -68.5 , 3 , 10.95 , 6.634 , 0.364 , 35.20 , 260.89
1798 , 11173 , 180.42 , -68.3 , 3 , 10.96 , 7.043 , 0.390 , 35.69 , 260.40
1808 , 11228 , 178.79 , -68.1 , 3 , 10.95 , 7.573 , 0.424 , 36.22 , 259.87
1818 , 11284 , 177.13 , -68.3 , 3 , 10.96 , 7.830 , 0.442 , 36.78 , 259.30
1828 , 11330 , 175.76 , -68.6 , 3 , 10.97 , 8.186 , 0.466 , 37.27 , 258.82
1838 , 11373 , 174.51 , -68.7 , 3 , 10.97 , 8.400 , 0.481 , 37.74 , 258.35
1848 , 11416 , 173.26 , -68.8 , 3 , 10.99 , 8.580 , 0.495 , 38.22 , 257.86
1858 , 11461 , 171.96 , -68.7 , 4 , 10.98 , 8.655 , 0.503 , 38.73 , 257.35
1868 , 11507 , 170.64 , -68.7 , 4 , 10.99 , 8.740 , 0.512 , 39.26 , 256.83
1878 , 11554 , 169.31 , -68.7 , 4 , 11.01 , 9.104 , 0.538 , 39.81 , 256.28
1888 , 11598 , 168.07 , -68.7 , 4 , 11.04 , 9.229 , 0.549 , 40.35 , 255.74
1898 , 11646 , 166.72 , -68.7 , 4 , 11.06 , 9.380 , 0.563 , 40.94 , 255.15
1908 , 11691 , 165.48 , -68.6 , 4 , 11.06 , 9.317 , 0.563 , 41.49 , 254.60
1918 , 11738 , 164.18 , -68.5 , 4 , 11.02 , 9.517 , 0.580 , 42.08 , 254.01
1928 , 11788 , 162.81 , -68.7 , 4 , 10.98 , 9.483 , 0.582 , 42.70 , 253.39
1937 , 11832 , 161.63 , -68.8 , 4 , 11.00 , 9.279 , 0.574 , 43.24 , 252.84
1947 , 11871 , 160.58 , -68.9 , 4 , 11.01 , 9.116 , 0.568 , 43.72 , 252.37
1957 , 11913 , 159.45 , -68.9 , 4 , 11.00 , 9.083 , 0.570 , 44.22 , 251.86
1967 , 11956 , 158.29 , -68.9 , 4 , 11.01 , 9.258 , 0.585 , 44.75 , 251.34
1977 , 12002 , 157.08 , -69.1 , 4 , 11.02 , 9.633 , 0.613 , 45.32 , 250.76
1987 , 12045 , 155.95 , -69.2 , 4 , 11.01 , 9.968 , 0.639 , 45.88 , 250.21
1997 , 12089 , 154.80 , -69.4 , 4 , 11.02 , 10.113 , 0.653 , 46.46 , 249.62
2007 , 12131 , 153.72 , -69.5 , 4 , 10.99 , 10.197 , 0.663 , 47.03 , 249.06
2017 , 12173 , 152.65 , -69.6 , 4 , 10.98 , 10.171 , 0.666 , 47.59 , 248.50
2027 , 12212 , 151.65 , -69.4 , 4 , 10.99 , 10.216 , 0.674 , 48.12 , 247.97
2037 , 12252 , 150.65 , -69.1 , 4 , 11.00 , 10.402 , 0.690 , 48.65 , 247.43
2047 , 12291 , 149.65 , -69.0 , 4 , 11.02 , 10.550 , 0.705 , 49.21 , 246.88
2057 , 12333 , 148.60 , -69.1 , 4 , 11.03 , 10.901 , 0.734 , 49.80 , 246.29
2067 , 12376 , 147.55 , -69.3 , 4 , 11.04 , 11.111 , 0.753 , 50.42 , 245.67
2077 , 12418 , 146.51 , -69.5 , 4 , 11.04 , 11.463 , 0.782 , 51.05 , 245.04
2087 , 12459 , 145.50 , -69.5 , 4 , 11.04 , 11.335 , 0.779 , 51.67 , 244.42
2097 , 12500 , 144.52 , -69.5 , 4 , 11.03 , 11.418 , 0.790 , 52.28 , 243.81
2107 , 12542 , 143.49 , -69.6 , 4 , 11.02 , 11.647 , 0.812 , 52.93 , 243.16
2117 , 12584 , 142.48 , -69.7 , 4 , 11.01 , 11.672 , 0.819 , 53.58 , 242.51
2127 , 12626 , 141.50 , -69.5 , 4 , 11.00 , 11.733 , 0.829 , 54.22 , 241.87
2137 , 12667 , 140.52 , -69.5 , 4 , 10.99 , 11.810 , 0.840 , 54.86 , 241.22
2147 , 12712 , 139.45 , -69.8 , 4 , 10.97 , 11.902 , 0.853 , 55.58 , 240.51
2157 , 12759 , 138.36 , -69.7 , 4 , 10.96 , 11.749 , 0.849 , 56.31 , 239.78
2167 , 12803 , 137.34 , -69.7 , 4 , 10.95 , 11.780 , 0.858 , 57.00 , 239.09
2177 , 12846 , 136.35 , -70.0 , 4 , 10.94 , 11.665 , 0.856 , 57.67 , 238.42
2187 , 12890 , 135.35 , -70.1 , 4 , 10.92 , 11.828 , 0.874 , 58.35 , 237.74
2197 , 12935 , 134.33 , -69.8 , 4 , 10.92 , 12.076 , 0.899 , 59.06 , 237.03
2207 , 12978 , 133.36 , -69.9 , 4 , 10.90 , 12.387 , 0.929 , 59.76 , 236.32
2217 , 13022 , 132.38 , -70.2 , 4 , 10.90 , 12.816 , 0.968 , 60.49 , 235.59
2227 , 13065 , 131.43 , -70.1 , 4 , 10.88 , 13.063 , 0.994 , 61.23 , 234.86
2237 , 13110 , 130.44 , -70.2 , 4 , 10.87 , 13.382 , 1.026 , 62.02 , 234.06
2247 , 13155 , 129.44 , -70.2 , 4 , 10.84 , 13.613 , 1.052 , 62.84 , 233.25
2256 , 13200 , 128.47 , -70.5 , 4 , 10.81 , 13.512 , 1.052 , 63.65 , 232.44
2266 , 13242 , 127.57 , -70.7 , 4 , 10.80 , 13.533 , 1.061 , 64.40 , 231.69
2276 , 13285 , 126.64 , -70.8 , 4 , 10.78 , 13.384 , 1.057 , 65.17 , 230.92
2286 , 13328 , 125.72 , -70.7 , 4 , 10.77 , 13.556 , 1.078 , 65.94 , 230.14
2296 , 13369 , 124.86 , -70.8 , 4 , 10.76 , 13.726 , 1.099 , 66.68 , 229.40
2306 , 13411 , 123.98 , -70.2 , 4 , 10.74 , 13.619 , 1.099 , 67.45 , 228.64
2316 , 13453 , 123.10 , -69.7 , 4 , 10.72 , 13.764 , 1.118 , 68.21 , 227.87
2326 , 13493 , 122.29 , -69.5 , 4 , 10.71 , 13.829 , 1.131 , 68.94 , 227.15
2336 , 13533 , 121.46 , -69.7 , 4 , 10.69 , 13.860 , 1.141 , 69.68 , 226.41
2346 , 13575 , 120.60 , -70.0 , 4 , 10.67 , 13.748 , 1.140 , 70.45 , 225.63
2356 , 13616 , 119.78 , -69.9 , 4 , 10.66 , 13.778 , 1.150 , 71.20 , 224.89
2366 , 13658 , 118.94 , -69.7 , 4 , 10.63 , 13.950 , 1.173 , 71.97 , 224.12
2376 , 13700 , 118.10 , -69.6 , 4 , 10.60 , 13.989 , 1.185 , 72.75 , 223.34
2386 , 13743 , 117.24 , -69.3 , 4 , 10.58 , 14.151 , 1.207 , 73.55 , 222.53
2396 , 13786 , 116.41 , -69.5 , 5 , 10.56 , 14.420 , 1.239 , 74.36 , 221.73
2406 , 13831 , 115.54 , -69.6 , 5 , 10.54 , 14.545 , 1.259 , 75.22 , 220.87
2416 , 13877 , 114.65 , -69.6 , 5 , 10.51 , 14.906 , 1.300 , 76.12 , 219.97
2426 , 13923 , 113.76 , -69.7 , 5 , 10.49 , 14.855 , 1.306 , 77.04 , 219.05
2436 , 13969 , 112.88 , -69.8 , 5 , 10.47 , 15.087 , 1.337 , 77.95 , 218.14
2446 , 14016 , 112.01 , -70.1 , 5 , 10.44 , 15.199 , 1.357 , 78.88 , 217.21
2456 , 14063 , 111.13 , -70.2 , 5 , 10.42 , 15.238 , 1.371 , 79.82 , 216.26
2466 , 14110 , 110.23 , -70.0 , 4 , 10.39 , 15.412 , 1.398 , 80.80 , 215.29
2476 , 14157 , 109.38 , -69.9 , 4 , 10.36 , 15.723 , 1.438 , 81.76 , 214.33
2486 , 14203 , 108.53 , -69.6 , 4 , 10.33 , 15.936 , 1.468 , 82.73 , 213.36
2496 , 14250 , 107.68 , -69.7 , 4 , 10.31 , 16.295 , 1.513 , 83.73 , 212.36
2506 , 14296 , 106.86 , -69.7 , 4 , 10.28 , 16.580 , 1.552 , 84.72 , 211.36
2516 , 14340 , 106.07 , -69.3 , 4 , 10.24 , 17.029 , 1.606 , 85.71 , 210.38
2526 , 14385 , 105.26 , -69.1 , 4 , 10.20 , 17.189 , 1.633 , 86.74 , 209.35
2535 , 14429 , 104.50 , -69.1 , 4 , 10.18 , 17.601 , 1.684 , 87.74 , 208.35
2545 , 14471 , 103.75 , -69.2 , 4 , 10.15 , 17.682 , 1.704 , 88.73 , 207.35
2555 , 14515 , 103.00 , -69.4 , 3 , 10.11 , 17.557 , 1.705 , 89.74 , 206.34
2564 , 14558 , 102.27 , -69.2 , 3 , 10.09 , 17.137 , 1.676 , 90.73 , 205.36
2574 , 14600 , 101.54 , -69.1 , 3 , 10.06 , 16.301 , 1.605 , 91.67 , 204.42
2584 , 14644 , 100.80 , -69.3 , 3 , 10.03 , 15.543 , 1.542 , 92.59 , 203.50
2594 , 14689 , 100.04 , -69.4 , 3 , 10.00 , 14.967 , 1.496 , 93.49 , 202.60
2604 , 14733 , 99.31 , -69.1 , 3 , 9.97 , 14.521 , 1.462 , 94.35 , 201.74
2614 , 14779 , 98.54 , -69.3 , 3 , 9.94 , 14.337 , 1.455 , 95.23 , 200.86
2624 , 14824 , 97.80 , -69.3 , 3 , 9.91 , 14.439 , 1.476 , 96.09 , 199.99
2634 , 14867 , 97.10 , -69.4 , 3 , 9.88 , 15.174 , 1.563 , 96.94 , 199.15
2644 , 14910 , 96.41 , -69.3 , 3 , 9.86 , 16.276 , 1.688 , 97.82 , 198.27
2654 , 14954 , 95.70 , -69.2 , 3 , 9.82 , 17.433 , 1.822 , 98.80 , 197.29
2664 , 14995 , 95.04 , -68.9 , 2 , 9.79 , 18.527 , 1.949 , 99.79 , 196.30
2674 , 15037 , 94.37 , -68.6 , 2 , 9.76 , 19.270 , 2.042 , 100.83 , 195.25
2683 , 15078 , 93.74 , -68.6 , 2 , 9.73 , 19.727 , 2.104 , 101.87 , 194.22
2693 , 15118 , 93.10 , -68.4 , 2 , 9.70 , 20.101 , 2.159 , 102.94 , 193.15
2703 , 15163 , 92.41 , -68.4 , 2 , 9.67 , 20.668 , 2.237 , 104.14 , 191.95
2713 , 15207 , 91.74 , -68.2 , 2 , 9.63 , 20.797 , 2.267 , 105.34 , 190.75
2723 , 15251 , 91.07 , -68.1 , 2 , 9.60 , 20.494 , 2.250 , 106.52 , 189.56
2733 , 15296 , 90.39 , -68.2 , 2 , 9.57 , 19.516 , 2.159 , 107.71 , 188.38
2743 , 15344 , 89.67 , -68.3 , 2 , 9.54 , 18.457 , 2.058 , 108.91 , 187.18
2753 , 15392 , 88.95 , -68.4 , 2 , 9.50 , 17.233 , 1.937 , 110.05 , 186.04
2763 , 15437 , 88.29 , -68.4 , 2 , 9.47 , 16.265 , 1.842 , 111.02 , 185.06
2773 , 15483 , 87.61 , -68.7 , 2 , 9.44 , 15.559 , 1.776 , 112.00 , 184.09
2783 , 15529 , 86.93 , -68.8 , 2 , 9.40 , 15.005 , 1.726 , 112.93 , 183.16
2793 , 15574 , 86.29 , -68.6 , 2 , 9.37 , 14.628 , 1.695 , 113.80 , 182.29
2803 , 15619 , 85.64 , -68.6 , 2 , 9.33 , 14.560 , 1.700 , 114.68 , 181.41
2813 , 15665 , 84.98 , -68.7 , 2 , 9.30 , 14.250 , 1.677 , 115.55 , 180.53
2823 , 15713 , 84.31 , -68.9 , 1 , 9.26 , 14.263 , 1.692 , 116.44 , 179.65
2833 , 15757 , 83.68 , -69.2 , 1 , 9.23 , 14.126 , 1.688 , 117.28 , 178.81
2843 , 15801 , 83.07 , -69.2 , 1 , 9.19 , 14.230 , 1.713 , 118.09 , 177.99
2853 , 15845 , 82.47 , -69.1 , 1 , 9.15 , 14.175 , 1.719 , 118.91 , 177.17
2863 , 15887 , 81.89 , -69.1 , 1 , 9.12 , 14.401 , 1.759 , 119.72 , 176.37
2873 , 15932 , 81.28 , -69.0 , 1 , 9.08 , 14.685 , 1.807 , 120.57 , 175.52
2883 , 15977 , 80.66 , -69.2 , 1 , 9.05 , 15.137 , 1.877 , 121.46 , 174.62
2892 , 16019 , 80.09 , -69.2 , 1 , 9.02 , 15.443 , 1.928 , 122.33 , 173.76
2901 , 16062 , 79.52 , -69.2 , 1 , 8.98 , 15.711 , 1.976 , 123.20 , 172.88
2911 , 16102 , 78.99 , -68.8 , 1 , 8.95 , 16.053 , 2.032 , 124.05 , 172.04
2921 , 16146 , 78.42 , -68.8 , 1 , 8.92 , 16.369 , 2.087 , 124.97 , 171.12
2931 , 16192 , 77.81 , -69.1 , 1 , 8.89 , 16.651 , 2.140 , 125.99 , 170.10
2941 , 16244 , 77.14 , -68.8 , 1 , 8.85 , 16.680 , 2.162 , 127.13 , 168.96
2951 , 16300 , 76.42 , -68.8 , 1 , 8.82 , 16.695 , 2.185 , 128.36 , 167.73
2961 , 16352 , 75.76 , -69.0 , 1 , 8.79 , 16.339 , 2.157 , 129.49 , 166.60
2971 , 16404 , 75.10 , -69.2 , 1 , 8.76 , 16.489 , 2.196 , 130.62 , 165.47
2981 , 16453 , 74.49 , -68.7 , 1 , 8.72 , 16.186 , 2.173 , 131.67 , 164.42
2991 , 16500 , 73.90 , -68.7 , 1 , 8.69 , 15.681 , 2.122 , 132.67 , 163.42
3001 , 16550 , 73.29 , -68.9 , 1 , 8.66 , 15.310 , 2.089 , 133.69 , 162.40
3011 , 16599 , 72.69 , -69.3 , 1 , 8.62 , 14.971 , 2.059 , 134.66 , 161.42
3021 , 16649 , 72.08 , -69.5 , 1 , 8.59 , 14.692 , 2.038 , 135.65 , 160.44
3031 , 16700 , 71.47 , -69.4 , 1 , 8.55 , 14.871 , 2.081 , 136.65 , 159.44
3041 , 16753 , 70.84 , -69.2 , 1 , 8.51 , 14.958 , 2.112 , 137.70 , 158.39
3051 , 16809 , 70.18 , -69.1 , 1 , 8.48 , 14.877 , 2.120 , 138.79 , 157.29
3061 , 16865 , 69.52 , -69.0 , 1 , 8.44 , 14.944 , 2.150 , 139.90 , 156.19
3071 , 16920 , 68.88 , -69.1 , 1 , 8.41 , 14.894 , 2.162 , 140.99 , 155.10
3081 , 16972 , 68.28 , -69.2 , 1 , 8.37 , 14.833 , 2.172 , 142.02 , 154.07
3091 , 17025 , 67.68 , -69.2 , 1 , 8.33 , 14.698 , 2.172 , 143.04 , 153.04
3100 , 17074 , 67.13 , -69.4 , 2 , 8.30 , 14.349 , 2.138 , 143.98 , 152.11
3110 , 17121 , 66.60 , -69.5 , 2 , 8.26 , 14.213 , 2.134 , 144.87 , 151.22
3120 , 17170 , 66.06 , -69.1 , 2 , 8.22 , 13.930 , 2.109 , 145.78 , 150.31
3130 , 17218 , 65.53 , -69.0 , 2 , 8.19 , 13.629 , 2.080 , 146.66 , 149.43
3140 , 17266 , 65.01 , -68.9 , 2 , 8.15 , 13.525 , 2.080 , 147.51 , 148.58
3150 , 17312 , 64.50 , -68.8 , 2 , 8.11 , 13.444 , 2.084 , 148.34 , 147.74
3160 , 17358 , 64.01 , -68.9 , 2 , 8.07 , 13.688 , 2.138 , 149.16 , 146.93
3170 , 17402 , 63.54 , -68.8 , 2 , 8.04 , 13.732 , 2.161 , 149.96 , 146.13
3180 , 17443 , 63.11 , -68.7 , 2 , 7.99 , 13.700 , 2.171 , 150.69 , 145.40
3190 , 17483 , 62.69 , -68.5 , 2 , 7.95 , 13.567 , 2.164 , 151.42 , 144.67
3200 , 17525 , 62.26 , -68.4 , 2 , 7.92 , 13.714 , 2.203 , 152.16 , 143.92
3209 , 17560 , 61.88 , -68.3 , 2 , 7.88 , 13.671 , 2.209 , 152.81 , 143.28
3219 , 17598 , 61.49 , -68.3 , 2 , 7.84 , 13.799 , 2.244 , 153.49 , 142.59
3229 , 17641 , 61.06 , -68.2 , 2 , 7.80 , 13.531 , 2.216 , 154.26 , 141.83
3239 , 17683 , 60.63 , -68.3 , 2 , 7.76 , 13.708 , 2.261 , 155.01 , 141.07
3249 , 17725 , 60.21 , -68.4 , 2 , 7.72 , 13.518 , 2.245 , 155.77 , 140.32
3259 , 17769 , 59.77 , -68.3 , 2 , 7.68 , 13.414 , 2.244 , 156.54 , 139.55
3269 , 17813 , 59.33 , -67.5 , 2 , 7.64 , 13.240 , 2.232 , 157.32 , 138.77
3279 , 17859 , 58.88 , -67.3 , 2 , 7.61 , 13.390 , 2.274 , 158.12 , 137.97
3289 , 17903 , 58.45 , -67.1 , 2 , 7.57 , 13.281 , 2.272 , 158.90 , 137.19
3299 , 17948 , 58.02 , -66.7 , 2 , 7.53 , 13.038 , 2.247 , 159.67 , 136.42
3309 , 17998 , 57.54 , -66.6 , 2 , 7.49 , 13.003 , 2.260 , 160.51 , 135.57
3319 , 18050 , 57.05 , -66.8 , 2 , 7.45 , 12.875 , 2.257 , 161.38 , 134.70
3329 , 18101 , 56.57 , -67.0 , 2 , 7.41 , 12.925 , 2.285 , 162.25 , 133.84
3339 , 18155 , 56.07 , -66.6 , 2 , 7.37 , 13.103 , 2.337 , 163.17 , 132.92
3349 , 18207 , 55.59 , -66.4 , 2 , 7.33 , 13.058 , 2.349 , 164.05 , 132.03
3359 , 18260 , 55.10 , -66.6 , 2 , 7.29 , 12.827 , 2.328 , 164.95 , 131.13
3369 , 18313 , 54.62 , -66.7 , 2 , 7.25 , 12.569 , 2.301 , 165.83 , 130.26
3379 , 18364 , 54.16 , -66.4 , 2 , 7.21 , 12.279 , 2.267 , 166.66 , 129.42
3389 , 18418 , 53.68 , -66.6 , 2 , 7.17 , 12.255 , 2.283 , 167.52 , 128.56
3399 , 18471 , 53.21 , -66.6 , 1 , 7.13 , 12.332 , 2.317 , 168.37 , 127.72
3409 , 18522 , 52.76 , -66.4 , 1 , 7.09 , 12.474 , 2.364 , 169.20 , 126.89
3419 , 18575 , 52.31 , -66.4 , 1 , 7.05 , 12.402 , 2.371 , 170.05 , 126.04
3429 , 18624 , 51.88 , -66.1 , 1 , 7.01 , 12.346 , 2.380 , 170.85 , 125.23
3439 , 18674 , 51.45 , -66.2 , 1 , 6.97 , 12.510 , 2.431 , 171.66 , 124.43
3449 , 18724 , 51.03 , -66.4 , 1 , 6.93 , 12.963 , 2.540 , 172.49 , 123.60
3459 , 18771 , 50.63 , -66.5 , 1 , 6.89 , 12.855 , 2.539 , 173.28 , 122.80
3469 , 18817 , 50.25 , -66.7 , 1 , 6.85 , 12.545 , 2.497 , 174.05 , 122.04
3479 , 18862 , 49.88 , -66.4 , 1 , 6.81 , 12.821 , 2.570 , 174.78 , 121.31
3489 , 18905 , 49.53 , -66.0 , 1 , 6.76 , 13.038 , 2.633 , 175.51 , 120.57
3499 , 18949 , 49.17 , -65.9 , 1 , 6.72 , 13.410 , 2.727 , 176.27 , 119.82
3509 , 18991 , 48.83 , -65.8 , 1 , 6.68 , 13.742 , 2.814 , 177.01 , 119.07
3519 , 19033 , 48.49 , -65.9 , 1 , 6.64 , 13.990 , 2.885 , 177.77 , 118.31
3528 , 19072 , 48.19 , -66.0 , 1 , 6.60 , 14.209 , 2.949 , 178.47 , 117.61
3538 , 19111 , 47.87 , -66.2 , 1 , 6.56 , 14.387 , 3.005 , 179.21 , 116.88
3548 , 19150 , 47.56 , -66.1 , 1 , 6.52 , 14.565 , 3.062 , 179.95 , 116.14
3558 , 19190 , 47.25 , -66.3 , 1 , 6.48 , 14.556 , 3.080 , 180.70 , 115.39
3568 , 19231 , 46.93 , -66.5 , 1 , 6.44 , 14.616 , 3.114 , 181.49 , 114.60
3578 , 19272 , 46.61 , -66.4 , 1 , 6.40 , 14.753 , 3.165 , 182.27 , 113.81
3588 , 19315 , 46.29 , -66.3 , 1 , 6.36 , 14.744 , 3.185 , 183.09 , 113.00
3598 , 19358 , 45.96 , -66.1 , 1 , 6.33 , 14.815 , 3.224 , 183.92 , 112.16
3608 , 19404 , 45.62 , -65.8 , 1 , 6.29 , 14.823 , 3.250 , 184.80 , 111.29
3618 , 19449 , 45.27 , -65.5 , 1 , 6.25 , 14.712 , 3.249 , 185.68 , 110.41
3628 , 19496 , 44.92 , -65.7 , 1 , 6.22 , 14.551 , 3.239 , 186.57 , 109.51
3638 , 19547 , 44.55 , -65.6 , 1 , 6.18 , 14.326 , 3.216 , 187.52 , 108.56
3648 , 19598 , 44.18 , -65.5 , 1 , 6.14 , 13.979 , 3.164 , 188.46 , 107.63
3658 , 19650 , 43.80 , -65.7 , 1 , 6.10 , 13.602 , 3.105 , 189.40 , 106.69
3668 , 19704 , 43.41 , -65.8 , 1 , 6.07 , 13.217 , 3.045 , 190.34 , 105.75
3678 , 19757 , 43.04 , -65.9 , 1 , 6.03 , 12.851 , 2.986 , 191.24 , 104.85
3688 , 19812 , 42.65 , -66.0 , 1 , 5.99 , 12.479 , 2.926 , 192.13 , 103.96
3698 , 19866 , 42.27 , -65.8 , 1 , 5.95 , 12.100 , 2.863 , 193.00 , 103.09
3708 , 19923 , 41.87 , -66.0 , 1 , 5.91 , 11.856 , 2.831 , 193.89 , 102.20
3718 , 19982 , 41.47 , -66.1 , 1 , 5.87 , 11.603 , 2.798 , 194.78 , 101.30
3728 , 20039 , 41.08 , -66.3 , 1 , 5.84 , 11.628 , 2.830 , 195.65 , 100.44
3738 , 20095 , 40.70 , -66.0 , 1 , 5.80 , 11.743 , 2.885 , 196.51 , 99.58
3748 , 20151 , 40.33 , -65.7 , 1 , 5.76 , 11.694 , 2.900 , 197.36 , 98.72
3758 , 20208 , 39.95 , -65.8 , 1 , 5.72 , 11.691 , 2.926 , 198.23 , 97.86
3768 , 20263 , 39.59 , -65.8 , 1 , 5.68 , 11.741 , 2.965 , 199.06 , 97.02
3778 , 20318 , 39.24 , -65.9 , 1 , 5.65 , 11.740 , 2.992 , 199.90 , 96.19
3788 , 20373 , 38.88 , -65.8 , 1 , 5.60 , 11.730 , 3.017 , 200.74 , 95.35
3798 , 20427 , 38.54 , -65.7 , 1 , 5.57 , 11.757 , 3.051 , 201.57 , 94.52
3808 , 20480 , 38.20 , -65.5 , 1 , 5.53 , 11.790 , 3.087 , 202.38 , 93.70
3818 , 20531 , 37.88 , -65.2 , 1 , 5.49 , 11.805 , 3.116 , 203.15 , 92.93
3827 , 20579 , 37.58 , -64.9 , 1 , 5.46 , 11.776 , 3.133 , 203.89 , 92.19
3836 , 20623 , 37.32 , -64.7 , 1 , 5.42 , 11.833 , 3.171 , 204.56 , 91.52
3846 , 20667 , 37.05 , -64.7 , 1 , 5.38 , 11.936 , 3.222 , 205.24 , 90.84
3856 , 20716 , 36.75 , -64.7 , 1 , 5.35 , 11.929 , 3.246 , 206.00 , 90.08
3866 , 20765 , 36.45 , -64.3 , 1 , 5.31 , 11.919 , 3.270 , 206.76 , 89.33
3876 , 20813 , 36.17 , -64.2 , 1 , 5.27 , 11.832 , 3.271 , 207.48 , 88.60
3886 , 20858 , 35.91 , -64.2 , 1 , 5.23 , 11.759 , 3.275 , 208.17 , 87.92
3896 , 20905 , 35.63 , -64.2 , 1 , 5.19 , 11.730 , 3.292 , 208.88 , 87.20
3906 , 20949 , 35.38 , -63.7 , 0 , 5.15 , 11.709 , 3.310 , 209.55 , 86.53
3916 , 20993 , 35.13 , -63.5 , 0 , 5.11 , 11.724 , 3.338 , 210.21 , 85.88
3926 , 21041 , 34.85 , -63.4 , 0 , 5.07 , 11.727 , 3.365 , 210.93 , 85.15
3936 , 21088 , 34.58 , -63.3 , 0 , 5.04 , 11.681 , 3.378 , 211.65 , 84.44
3946 , 21136 , 34.31 , -63.3 , 0 , 5.00 , 11.700 , 3.410 , 212.37 , 83.72
3956 , 21186 , 34.04 , -63.5 , 0 , 4.96 , 11.624 , 3.415 , 213.11 , 82.98
3966 , 21236 , 33.76 , -63.5 , 0 , 4.93 , 11.566 , 3.426 , 213.86 , 82.23
3976 , 21284 , 33.50 , -63.3 , 0 , 4.89 , 11.457 , 3.420 , 214.57 , 81.51
3986 , 21337 , 33.21 , -63.2 , 0 , 4.85 , 11.289 , 3.399 , 215.34 , 80.75
3996 , 21386 , 32.94 , -63.4 , 0 , 4.82 , 11.123 , 3.376 , 216.05 , 80.03
4006 , 21439 , 32.66 , -63.5 , 0 , 4.78 , 11.028 , 3.376 , 216.80 , 79.29
4015 , 21487 , 32.41 , -63.6 , 0 , 4.75 , 10.911 , 3.367 , 217.49 , 78.60
4025 , 21535 , 32.15 , -63.4 , 0 , 4.71 , 10.832 , 3.369 , 218.16 , 77.93
4035 , 21588 , 31.88 , -63.0 , 0 , 4.68 , 10.740 , 3.369 , 218.89 , 77.19
4045 , 21642 , 31.60 , -62.9 , 0 , 4.64 , 10.610 , 3.357 , 219.63 , 76.46
4055 , 21695 , 31.33 , -62.7 , 0 , 4.61 , 10.500 , 3.352 , 220.34 , 75.74
4065 , 21745 , 31.08 , -62.6 , 0 , 4.57 , 10.402 , 3.347 , 221.02 , 75.07
4075 , 21797 , 30.82 , -62.5 , 0 , 4.53 , 10.292 , 3.340 , 221.70 , 74.39
4085 , 21850 , 30.55 , -62.3 , 0 , 4.50 , 10.149 , 3.322 , 222.40 , 73.69
4095 , 21901 , 30.30 , -62.1 , 0 , 4.46 , 10.025 , 3.309 , 223.06 , 73.03
4105 , 21952 , 30.05 , -62.2 , 0 , 4.43 , 9.925 , 3.303 , 223.71 , 72.38
4115 , 22000 , 29.82 , -62.1 , 0 , 4.39 , 9.766 , 3.275 , 224.31 , 71.78
4125 , 22050 , 29.58 , -61.7 , 0 , 4.36 , 9.639 , 3.259 , 224.92 , 71.16
4135 , 22099 , 29.35 , -61.3 , 0 , 4.33 , 9.524 , 3.246 , 225.52 , 70.56
4145 , 22146 , 29.13 , -60.6 , 0 , 4.29 , 9.390 , 3.224 , 226.09 , 70.00
4154 , 22193 , 28.90 , -60.5 , 0 , 4.26 , 9.304 , 3.219 , 226.65 , 69.44
4164 , 22239 , 28.69 , -60.5 , 0 , 4.23 , 9.181 , 3.199 , 227.18 , 68.91
4174 , 22286 , 28.48 , -60.5 , 0 , 4.19 , 9.076 , 3.187 , 227.73 , 68.35
4184 , 22337 , 28.25 , -59.9 , 0 , 4.16 , 8.888 , 3.146 , 228.30 , 67.78
4194 , 22383 , 28.04 , -59.5 , 0 , 4.12 , 8.750 , 3.121 , 228.82 , 67.27
4204 , 22430 , 27.83 , -59.6 , 0 , 4.09 , 8.602 , 3.091 , 229.33 , 66.75
4214 , 22477 , 27.62 , -59.8 , 0 , 4.06 , 8.531 , 3.089 , 229.84 , 66.24
4224 , 22525 , 27.41 , -60.0 , 0 , 4.02 , 8.447 , 3.082 , 230.36 , 65.73
4234 , 22571 , 27.21 , -60.3 , 0 , 3.98 , 8.352 , 3.070 , 230.85 , 65.24
4244 , 22619 , 27.00 , -60.5 , 0 , 3.95 , 8.255 , 3.058 , 231.35 , 64.73
4254 , 22669 , 26.78 , -60.3 , 0 , 3.92 , 8.164 , 3.048 , 231.87 , 64.21
4264 , 22718 , 26.57 , -60.2 , 0 , 3.88 , 8.110 , 3.052 , 232.38 , 63.70
4274 , 22770 , 26.35 , -60.4 , 0 , 3.85 , 8.094 , 3.071 , 232.91 , 63.18
4284 , 22820 , 26.14 , -59.2 , 0 , 3.82 , 8.002 , 3.061 , 233.42 , 62.67
4294 , 22870 , 25.93 , -58.5 , 0 , 3.79 , 7.947 , 3.065 , 233.93 , 62.16
4304 , 22920 , 25.73 , -58.5 , 0 , 3.76 , 7.895 , 3.069 , 234.42 , 61.67
4314 , 22968 , 25.53 , -58.5 , 0 , 3.73 , 7.807 , 3.058 , 234.89 , 61.20
4324 , 23019 , 25.33 , -58.5 , 0 , 3.70 , 7.729 , 3.052 , 235.39 , 60.70
4334 , 23068 , 25.13 , -58.4 , 0 , 3.67 , 7.638 , 3.039 , 235.86 , 60.23
4344 , 23118 , 24.93 , -58.3 , 0 , 3.64 , 7.547 , 3.027 , 236.34 , 59.75
4354 , 23167 , 24.74 , -58.2 , 0 , 3.60 , 7.503 , 3.033 , 236.80 , 59.29
4364 , 23213 , 24.55 , -57.8 , 0 , 3.57 , 7.452 , 3.035 , 237.24 , 58.85
4374 , 23259 , 24.38 , -58.0 , 0 , 3.54 , 7.390 , 3.032 , 237.66 , 58.42
4384 , 23306 , 24.19 , -58.1 , 0 , 3.51 , 7.330 , 3.030 , 238.10 , 57.99
4394 , 23358 , 24.00 , -58.4 , 0 , 3.48 , 7.297 , 3.041 , 238.57 , 57.52
4404 , 23404 , 23.82 , -58.0 , 0 , 3.44 , 7.181 , 3.014 , 238.99 , 57.10
4414 , 23451 , 23.64 , -58.0 , 0 , 3.41 , 7.091 , 2.999 , 239.41 , 56.67
4424 , 23498 , 23.47 , -58.2 , 0 , 3.38 , 7.026 , 2.994 , 239.82 , 56.26
4434 , 23548 , 23.28 , -58.3 , 0 , 3.35 , 6.984 , 2.999 , 240.27 , 55.82
4444 , 23599 , 23.09 , -58.4 , 0 , 3.32 , 6.942 , 3.006 , 240.71 , 55.37
4453 , 23647 , 22.92 , -58.5 , 0 , 3.29 , 6.858 , 2.992 , 241.12 , 54.96
4463 , 23693 , 22.75 , -58.5 , 0 , 3.26 , 6.820 , 2.997 , 241.52 , 54.57
4473 , 23745 , 22.56 , -58.7 , 0 , 3.23 , 6.769 , 3.000 , 241.97 , 54.12
4483 , 23797 , 22.38 , -58.9 , 0 , 3.19 , 6.703 , 2.996 , 242.41 , 53.68
4493 , 23850 , 22.19 , -59.0 , 0 , 3.16 , 6.659 , 3.001 , 242.86 , 53.23
4503 , 23902 , 22.01 , -59.1 , 0 , 3.13 , 6.633 , 3.014 , 243.29 , 52.80
4513 , 23955 , 21.82 , -59.3 , 0 , 3.10 , 6.612 , 3.030 , 243.73 , 52.36
4523 , 24010 , 21.63 , -59.4 , 0 , 3.07 , 6.578 , 3.041 , 244.19 , 51.90
4533 , 24065 , 21.44 , -59.5 , 0 , 3.03 , 6.519 , 3.040 , 244.64 , 51.45
