# ------------------------------------------------------------
#
# Flight name: V4212
# Station: Davis
# Launch Date: 29 September 2012
# Launch Time: 11:15:15
# 
# This file created: Mon Oct 01 10:03:00 2012
# 
# 
# ------------------------------------------------------------
# DATA COLUMNS
# Time (s)
# Height (m)
# Atmospheric Pressure (hPa)
# Atmospheric Temperature (°C)
# Relative Humidity (%)
# Box Temperature (°C)
# Ozone Partial Pressure (mPa)
# Ozone Mixing Ratio (ppmV)
# Accumulated Ozone to this Height (Dobson Units)
# Remaining Ozone above this Height (Dobson Units)
# 
# ------------------------------------------------------------
# 
# Integrated Ozone = 303.7 DU
# Extrapolated Ozone =  45.4 DU
# 
# Total Ozone = 349.2 DU
# 
# 
# ------------------------------------------------------------
0 , 18 , 977.30 , -13.0 , 41 , 35.20 , 3.538 , 0.036 , 0.00 , 349.17
10 , 59 , 972.04 , -13.4 , 39 , 35.21 , 3.486 , 0.036 , 0.15 , 349.02
20 , 110 , 965.47 , -13.9 , 40 , 35.22 , 3.325 , 0.034 , 0.33 , 348.84
30 , 162 , 958.90 , -14.3 , 40 , 35.23 , 3.348 , 0.035 , 0.51 , 348.66
39 , 206 , 953.28 , -14.5 , 34 , 35.22 , 3.373 , 0.035 , 0.67 , 348.50
49 , 246 , 948.29 , -14.7 , 31 , 35.21 , 3.344 , 0.035 , 0.81 , 348.36
59 , 294 , 942.34 , -15.0 , 29 , 35.20 , 3.297 , 0.035 , 0.97 , 348.20
69 , 341 , 936.48 , -15.4 , 26 , 35.18 , 3.264 , 0.035 , 1.13 , 348.03
79 , 379 , 931.72 , -15.6 , 26 , 35.17 , 3.242 , 0.035 , 1.26 , 347.90
89 , 421 , 926.61 , -16.0 , 25 , 35.15 , 3.106 , 0.034 , 1.40 , 347.77
99 , 473 , 920.22 , -16.4 , 26 , 35.15 , 3.107 , 0.034 , 1.57 , 347.60
109 , 523 , 914.06 , -16.8 , 27 , 35.14 , 3.254 , 0.036 , 1.74 , 347.43
119 , 573 , 907.98 , -17.3 , 28 , 35.13 , 3.207 , 0.035 , 1.91 , 347.26
129 , 619 , 902.51 , -17.7 , 29 , 35.11 , 3.199 , 0.035 , 2.06 , 347.10
139 , 665 , 896.93 , -18.2 , 30 , 35.10 , 3.155 , 0.035 , 2.22 , 346.95
149 , 715 , 890.92 , -18.6 , 31 , 35.08 , 3.117 , 0.035 , 2.38 , 346.78
159 , 762 , 885.28 , -19.1 , 32 , 35.05 , 3.122 , 0.035 , 2.54 , 346.63
168 , 811 , 879.53 , -19.4 , 32 , 35.02 , 3.105 , 0.035 , 2.70 , 346.47
178 , 854 , 874.40 , -19.8 , 31 , 34.99 , 3.073 , 0.035 , 2.84 , 346.32
188 , 906 , 868.31 , -20.2 , 30 , 34.96 , 3.044 , 0.035 , 3.01 , 346.15
198 , 951 , 863.04 , -20.3 , 27 , 34.93 , 3.037 , 0.035 , 3.16 , 346.01
208 , 1000 , 857.37 , -20.5 , 23 , 34.91 , 3.034 , 0.035 , 3.32 , 345.85
218 , 1047 , 851.87 , -20.5 , 22 , 34.88 , 3.023 , 0.035 , 3.47 , 345.70
228 , 1104 , 845.40 , -20.6 , 21 , 34.85 , 2.974 , 0.035 , 3.65 , 345.52
238 , 1156 , 839.41 , -20.8 , 19 , 34.82 , 2.967 , 0.035 , 3.82 , 345.35
248 , 1211 , 833.24 , -21.3 , 19 , 34.79 , 2.880 , 0.035 , 3.99 , 345.18
258 , 1265 , 827.15 , -21.7 , 19 , 34.76 , 2.860 , 0.035 , 4.15 , 345.01
268 , 1328 , 820.11 , -21.9 , 19 , 34.73 , 2.886 , 0.035 , 4.35 , 344.82
278 , 1384 , 813.82 , -21.8 , 17 , 34.70 , 2.965 , 0.036 , 4.53 , 344.64
288 , 1439 , 807.82 , -20.5 , 12 , 34.65 , 2.957 , 0.037 , 4.70 , 344.47
298 , 1494 , 801.84 , -18.5 , 8 , 34.61 , 2.893 , 0.036 , 4.87 , 344.30
308 , 1542 , 796.74 , -18.4 , 10 , 34.57 , 2.878 , 0.036 , 5.02 , 344.15
318 , 1596 , 790.97 , -18.5 , 11 , 34.53 , 2.813 , 0.036 , 5.18 , 343.99
328 , 1651 , 785.15 , -18.6 , 11 , 34.50 , 2.788 , 0.036 , 5.34 , 343.83
338 , 1702 , 779.81 , -18.8 , 10 , 34.45 , 2.751 , 0.035 , 5.49 , 343.68
347 , 1754 , 774.40 , -19.0 , 11 , 34.41 , 2.712 , 0.035 , 5.64 , 343.53
357 , 1800 , 769.52 , -19.4 , 12 , 34.37 , 2.666 , 0.035 , 5.77 , 343.39
367 , 1853 , 764.09 , -19.5 , 12 , 34.33 , 2.692 , 0.035 , 5.92 , 343.24
377 , 1904 , 758.89 , -19.7 , 11 , 34.30 , 2.684 , 0.035 , 6.07 , 343.10
387 , 1958 , 753.37 , -20.0 , 12 , 34.27 , 2.669 , 0.035 , 6.22 , 342.94
397 , 2010 , 748.08 , -20.3 , 11 , 34.22 , 2.673 , 0.036 , 6.37 , 342.79
407 , 2064 , 742.66 , -20.7 , 11 , 34.17 , 2.645 , 0.036 , 6.52 , 342.64
417 , 2114 , 737.64 , -21.1 , 11 , 34.14 , 2.608 , 0.035 , 6.67 , 342.50
427 , 2167 , 732.36 , -21.5 , 11 , 34.11 , 2.660 , 0.036 , 6.81 , 342.35
437 , 2226 , 726.54 , -22.0 , 11 , 34.06 , 2.617 , 0.036 , 6.98 , 342.19
447 , 2278 , 721.36 , -22.4 , 11 , 34.03 , 2.608 , 0.036 , 7.13 , 342.04
457 , 2334 , 715.91 , -22.7 , 11 , 34.00 , 2.605 , 0.036 , 7.28 , 341.88
467 , 2393 , 710.18 , -23.1 , 11 , 33.96 , 2.563 , 0.036 , 7.45 , 341.72
477 , 2445 , 705.11 , -23.4 , 11 , 33.92 , 2.536 , 0.036 , 7.59 , 341.57
487 , 2499 , 699.96 , -23.7 , 11 , 33.87 , 2.536 , 0.036 , 7.74 , 341.43
497 , 2553 , 694.78 , -24.1 , 11 , 33.82 , 2.514 , 0.036 , 7.89 , 341.28
507 , 2609 , 689.47 , -24.4 , 11 , 33.78 , 2.461 , 0.036 , 8.04 , 341.13
517 , 2664 , 684.24 , -24.7 , 11 , 33.74 , 2.457 , 0.036 , 8.19 , 340.98
527 , 2722 , 678.81 , -25.0 , 10 , 33.71 , 2.501 , 0.037 , 8.34 , 340.83
537 , 2778 , 673.56 , -25.4 , 10 , 33.67 , 2.451 , 0.036 , 8.49 , 340.67
547 , 2831 , 668.69 , -25.6 , 9 , 33.62 , 2.432 , 0.036 , 8.63 , 340.53
557 , 2886 , 663.68 , -25.9 , 9 , 33.58 , 2.400 , 0.036 , 8.78 , 340.39
567 , 2944 , 658.32 , -26.1 , 9 , 33.54 , 2.365 , 0.036 , 8.93 , 340.24
577 , 3001 , 653.21 , -26.4 , 8 , 33.51 , 2.353 , 0.036 , 9.07 , 340.09
587 , 3052 , 648.57 , -26.8 , 8 , 33.47 , 2.370 , 0.037 , 9.21 , 339.96
597 , 3102 , 644.06 , -27.1 , 7 , 33.43 , 2.349 , 0.036 , 9.34 , 339.83
607 , 3159 , 638.99 , -27.4 , 7 , 33.39 , 2.335 , 0.037 , 9.48 , 339.68
617 , 3211 , 634.43 , -27.6 , 7 , 33.36 , 2.294 , 0.036 , 9.61 , 339.55
627 , 3263 , 629.86 , -27.8 , 7 , 33.32 , 2.299 , 0.036 , 9.74 , 339.42
637 , 3318 , 624.97 , -28.2 , 6 , 33.29 , 2.304 , 0.037 , 9.89 , 339.28
647 , 3380 , 619.64 , -28.5 , 6 , 33.25 , 2.281 , 0.037 , 10.04 , 339.13
656 , 3438 , 614.66 , -28.9 , 6 , 33.21 , 2.237 , 0.036 , 10.18 , 338.98
666 , 3486 , 610.53 , -29.1 , 6 , 33.18 , 2.197 , 0.036 , 10.30 , 338.86
676 , 3534 , 606.38 , -29.3 , 5 , 33.14 , 2.148 , 0.035 , 10.42 , 338.75
686 , 3589 , 601.78 , -29.8 , 5 , 33.11 , 2.114 , 0.035 , 10.55 , 338.62
696 , 3647 , 596.85 , -30.2 , 5 , 33.07 , 2.083 , 0.035 , 10.68 , 338.48
706 , 3700 , 592.41 , -30.4 , 5 , 33.03 , 2.090 , 0.035 , 10.81 , 338.36
716 , 3758 , 587.64 , -30.9 , 5 , 32.98 , 2.072 , 0.035 , 10.94 , 338.23
726 , 3817 , 582.74 , -31.4 , 5 , 32.93 , 2.050 , 0.035 , 11.08 , 338.09
736 , 3870 , 578.37 , -31.7 , 5 , 32.87 , 2.026 , 0.035 , 11.20 , 337.97
746 , 3925 , 573.94 , -32.0 , 5 , 32.82 , 2.012 , 0.035 , 11.32 , 337.85
756 , 3990 , 568.66 , -32.4 , 4 , 32.77 , 1.963 , 0.035 , 11.46 , 337.70
766 , 4049 , 563.94 , -32.8 , 4 , 32.73 , 1.973 , 0.035 , 11.59 , 337.57
776 , 4107 , 559.29 , -33.2 , 4 , 32.69 , 1.983 , 0.035 , 11.72 , 337.44
786 , 4159 , 555.15 , -33.5 , 4 , 32.64 , 1.984 , 0.036 , 11.84 , 337.33
796 , 4210 , 551.12 , -33.9 , 4 , 32.60 , 2.006 , 0.036 , 11.95 , 337.21
806 , 4263 , 546.98 , -34.2 , 4 , 32.55 , 2.036 , 0.037 , 12.07 , 337.09
816 , 4316 , 542.80 , -34.7 , 4 , 32.50 , 2.039 , 0.038 , 12.20 , 336.97
826 , 4372 , 538.49 , -35.0 , 5 , 32.44 , 2.060 , 0.038 , 12.33 , 336.84
836 , 4432 , 533.87 , -35.2 , 5 , 32.40 , 2.077 , 0.039 , 12.47 , 336.70
846 , 4491 , 529.33 , -35.6 , 5 , 32.34 , 2.056 , 0.039 , 12.61 , 336.56
856 , 4551 , 524.82 , -36.1 , 5 , 32.30 , 2.037 , 0.039 , 12.74 , 336.42
866 , 4610 , 520.37 , -36.2 , 5 , 32.25 , 2.016 , 0.039 , 12.88 , 336.29
876 , 4663 , 516.43 , -36.5 , 5 , 32.22 , 2.010 , 0.039 , 13.00 , 336.17
886 , 4718 , 512.32 , -36.7 , 5 , 32.17 , 1.985 , 0.039 , 13.13 , 336.04
896 , 4772 , 508.33 , -36.9 , 5 , 32.12 , 1.962 , 0.039 , 13.25 , 335.92
906 , 4825 , 504.45 , -37.1 , 5 , 32.07 , 1.977 , 0.039 , 13.37 , 335.80
916 , 4888 , 499.84 , -37.0 , 5 , 32.02 , 2.026 , 0.041 , 13.51 , 335.65
926 , 4948 , 495.55 , -37.2 , 4 , 31.96 , 2.057 , 0.042 , 13.65 , 335.51
936 , 5002 , 491.71 , -37.5 , 4 , 31.91 , 2.061 , 0.042 , 13.78 , 335.39
946 , 5060 , 487.57 , -37.5 , 4 , 31.86 , 2.111 , 0.043 , 13.92 , 335.25
955 , 5122 , 483.24 , -37.4 , 4 , 31.81 , 2.131 , 0.044 , 14.07 , 335.10
965 , 5182 , 479.00 , -37.6 , 3 , 31.77 , 2.122 , 0.044 , 14.22 , 334.95
975 , 5238 , 475.17 , -38.1 , 3 , 31.73 , 2.087 , 0.044 , 14.35 , 334.82
985 , 5294 , 471.26 , -38.6 , 3 , 31.69 , 2.072 , 0.044 , 14.48 , 334.68
995 , 5354 , 467.21 , -39.0 , 3 , 31.65 , 2.065 , 0.044 , 14.63 , 334.54
1005 , 5419 , 462.76 , -39.6 , 2 , 31.60 , 2.013 , 0.043 , 14.78 , 334.39
1015 , 5480 , 458.62 , -40.1 , 2 , 31.55 , 2.002 , 0.044 , 14.92 , 334.25
1025 , 5542 , 454.52 , -40.7 , 2 , 31.50 , 1.972 , 0.043 , 15.06 , 334.10
1035 , 5612 , 449.87 , -41.3 , 2 , 31.44 , 1.963 , 0.044 , 15.22 , 333.94
1045 , 5689 , 444.78 , -42.0 , 2 , 31.39 , 1.912 , 0.043 , 15.40 , 333.77
1055 , 5749 , 440.84 , -42.4 , 2 , 31.34 , 1.900 , 0.043 , 15.53 , 333.64
1065 , 5811 , 436.76 , -43.0 , 2 , 31.29 , 1.850 , 0.042 , 15.67 , 333.50
1075 , 5872 , 432.88 , -43.4 , 2 , 31.24 , 1.837 , 0.042 , 15.80 , 333.37
1085 , 5933 , 428.96 , -43.7 , 2 , 31.19 , 1.848 , 0.043 , 15.93 , 333.24
1095 , 5991 , 425.26 , -44.2 , 2 , 31.13 , 1.862 , 0.044 , 16.06 , 333.11
1105 , 6046 , 421.80 , -44.5 , 3 , 31.08 , 1.845 , 0.044 , 16.18 , 332.99
1115 , 6099 , 418.46 , -44.8 , 3 , 31.02 , 1.806 , 0.043 , 16.29 , 332.88
1125 , 6159 , 414.73 , -45.1 , 3 , 30.97 , 1.757 , 0.042 , 16.42 , 332.75
1135 , 6230 , 410.29 , -45.5 , 3 , 30.91 , 1.700 , 0.041 , 16.56 , 332.60
1145 , 6291 , 406.56 , -46.0 , 3 , 30.85 , 1.694 , 0.042 , 16.69 , 332.48
1155 , 6350 , 402.96 , -46.5 , 3 , 30.79 , 1.685 , 0.042 , 16.80 , 332.36
1165 , 6407 , 399.52 , -47.0 , 3 , 30.73 , 1.677 , 0.042 , 16.92 , 332.25
1175 , 6469 , 395.78 , -47.4 , 3 , 30.67 , 1.700 , 0.043 , 17.04 , 332.12
1185 , 6535 , 391.88 , -47.5 , 3 , 30.61 , 1.736 , 0.044 , 17.18 , 331.99
1195 , 6595 , 388.33 , -48.0 , 2 , 30.55 , 1.752 , 0.045 , 17.30 , 331.86
1205 , 6653 , 384.92 , -48.5 , 2 , 30.50 , 1.735 , 0.045 , 17.42 , 331.74
1215 , 6715 , 381.29 , -48.9 , 3 , 30.44 , 1.731 , 0.045 , 17.55 , 331.61
1225 , 6774 , 377.85 , -49.3 , 3 , 30.39 , 1.746 , 0.046 , 17.68 , 331.49
1235 , 6831 , 374.63 , -49.6 , 2 , 30.33 , 1.742 , 0.047 , 17.80 , 331.37
1245 , 6889 , 371.27 , -50.2 , 2 , 30.27 , 1.728 , 0.047 , 17.92 , 331.25
1255 , 6947 , 367.99 , -50.5 , 3 , 30.22 , 1.704 , 0.046 , 18.04 , 331.13
1264 , 7004 , 364.80 , -51.0 , 3 , 30.16 , 1.685 , 0.046 , 18.16 , 331.01
1274 , 7065 , 361.40 , -51.2 , 3 , 30.10 , 1.645 , 0.046 , 18.28 , 330.89
1284 , 7128 , 357.92 , -51.3 , 3 , 30.04 , 1.691 , 0.047 , 18.41 , 330.76
1294 , 7192 , 354.39 , -51.7 , 3 , 29.98 , 1.726 , 0.049 , 18.54 , 330.63
1304 , 7253 , 351.06 , -52.2 , 3 , 29.93 , 1.745 , 0.050 , 18.67 , 330.50
1314 , 7318 , 347.53 , -52.9 , 3 , 29.87 , 1.737 , 0.050 , 18.81 , 330.36
1324 , 7379 , 344.28 , -53.2 , 3 , 29.80 , 1.727 , 0.050 , 18.94 , 330.23
1334 , 7438 , 341.15 , -53.6 , 3 , 29.74 , 1.663 , 0.049 , 19.06 , 330.11
1344 , 7500 , 337.86 , -54.1 , 3 , 29.68 , 1.594 , 0.047 , 19.18 , 329.98
1354 , 7563 , 334.57 , -54.4 , 3 , 29.62 , 1.663 , 0.050 , 19.31 , 329.86
1364 , 7626 , 331.27 , -54.5 , 3 , 29.56 , 1.882 , 0.057 , 19.45 , 329.72
1374 , 7686 , 328.17 , -54.6 , 2 , 29.50 , 2.040 , 0.062 , 19.59 , 329.57
1384 , 7746 , 325.11 , -55.0 , 2 , 29.44 , 2.129 , 0.065 , 19.75 , 329.42
1394 , 7805 , 322.14 , -55.4 , 2 , 29.38 , 2.180 , 0.068 , 19.90 , 329.26
1404 , 7863 , 319.21 , -55.8 , 2 , 29.32 , 2.217 , 0.069 , 20.06 , 329.11
1414 , 7923 , 316.22 , -55.9 , 2 , 29.26 , 2.248 , 0.071 , 20.23 , 328.94
1424 , 7984 , 313.18 , -56.2 , 2 , 29.19 , 2.336 , 0.075 , 20.40 , 328.76
1434 , 8044 , 310.25 , -56.5 , 2 , 29.13 , 2.357 , 0.076 , 20.58 , 328.59
1444 , 8104 , 307.29 , -56.6 , 2 , 29.06 , 2.365 , 0.077 , 20.75 , 328.41
1454 , 8163 , 304.45 , -56.7 , 2 , 28.99 , 2.452 , 0.081 , 20.93 , 328.24
1464 , 8223 , 301.60 , -57.1 , 2 , 28.93 , 2.495 , 0.083 , 21.12 , 328.05
1474 , 8285 , 298.63 , -57.4 , 2 , 28.86 , 2.586 , 0.087 , 21.31 , 327.85
1484 , 8341 , 296.03 , -57.5 , 2 , 28.78 , 2.758 , 0.093 , 21.50 , 327.67
1494 , 8393 , 293.57 , -57.5 , 2 , 28.72 , 3.013 , 0.103 , 21.69 , 327.48
1504 , 8448 , 291.01 , -57.6 , 2 , 28.65 , 3.295 , 0.113 , 21.91 , 327.26
1514 , 8518 , 287.80 , -57.8 , 2 , 28.58 , 3.492 , 0.121 , 22.20 , 326.96
1524 , 8575 , 285.25 , -57.9 , 2 , 28.51 , 3.603 , 0.126 , 22.45 , 326.71
1534 , 8623 , 283.07 , -58.1 , 2 , 28.44 , 3.726 , 0.132 , 22.67 , 326.49
1544 , 8676 , 280.71 , -58.2 , 2 , 28.38 , 3.817 , 0.136 , 22.92 , 326.24
1553 , 8721 , 278.71 , -58.3 , 2 , 28.31 , 3.915 , 0.140 , 23.14 , 326.03
1563 , 8765 , 276.75 , -58.3 , 2 , 28.25 , 4.022 , 0.145 , 23.36 , 325.80
1573 , 8809 , 274.81 , -57.9 , 2 , 28.18 , 4.180 , 0.152 , 23.59 , 325.58
1583 , 8854 , 272.87 , -57.7 , 2 , 28.12 , 4.394 , 0.161 , 23.83 , 325.34
1593 , 8912 , 270.37 , -57.4 , 2 , 28.05 , 4.612 , 0.171 , 24.16 , 325.01
1603 , 8961 , 268.30 , -56.8 , 1 , 27.99 , 4.890 , 0.182 , 24.45 , 324.72
1613 , 9007 , 266.34 , -56.7 , 1 , 27.92 , 5.141 , 0.193 , 24.74 , 324.43
1623 , 9054 , 264.39 , -57.1 , 1 , 27.85 , 5.259 , 0.199 , 25.04 , 324.13
1633 , 9101 , 262.40 , -57.3 , 1 , 27.78 , 5.375 , 0.205 , 25.35 , 323.81
1643 , 9146 , 260.54 , -57.5 , 1 , 27.71 , 5.365 , 0.206 , 25.65 , 323.51
1653 , 9189 , 258.78 , -57.5 , 1 , 27.65 , 5.369 , 0.207 , 25.94 , 323.23
1663 , 9235 , 256.89 , -57.7 , 1 , 27.58 , 5.341 , 0.208 , 26.25 , 322.92
1673 , 9286 , 254.81 , -57.9 , 1 , 27.51 , 5.325 , 0.209 , 26.59 , 322.57
1683 , 9335 , 252.87 , -58.1 , 1 , 27.44 , 5.263 , 0.208 , 26.91 , 322.25
1693 , 9379 , 251.09 , -57.8 , 1 , 27.38 , 5.271 , 0.210 , 27.21 , 321.96
1703 , 9424 , 249.32 , -57.4 , 1 , 27.31 , 5.460 , 0.219 , 27.51 , 321.66
1713 , 9470 , 247.48 , -57.3 , 1 , 27.24 , 5.661 , 0.229 , 27.83 , 321.34
1723 , 9512 , 245.85 , -57.5 , 2 , 27.17 , 5.803 , 0.236 , 28.13 , 321.04
1733 , 9560 , 244.00 , -57.9 , 2 , 27.10 , 5.797 , 0.238 , 28.48 , 320.69
1743 , 9624 , 241.54 , -58.3 , 2 , 27.03 , 5.788 , 0.240 , 28.94 , 320.23
1753 , 9680 , 239.37 , -58.8 , 2 , 26.96 , 5.770 , 0.241 , 29.35 , 319.82
1763 , 9721 , 237.82 , -58.9 , 2 , 26.89 , 5.752 , 0.242 , 29.65 , 319.52
1773 , 9762 , 236.28 , -58.7 , 2 , 26.82 , 5.752 , 0.243 , 29.94 , 319.23
1783 , 9802 , 234.77 , -59.0 , 2 , 26.75 , 5.830 , 0.248 , 30.23 , 318.93
1793 , 9846 , 233.14 , -59.1 , 2 , 26.68 , 5.890 , 0.253 , 30.56 , 318.61
1803 , 9892 , 231.44 , -59.2 , 2 , 26.61 , 5.914 , 0.256 , 30.90 , 318.27
1813 , 9936 , 229.79 , -59.4 , 2 , 26.54 , 5.985 , 0.260 , 31.23 , 317.93
1823 , 9982 , 228.13 , -59.5 , 2 , 26.47 , 6.073 , 0.266 , 31.58 , 317.59
1833 , 10027 , 226.48 , -59.2 , 2 , 26.41 , 6.093 , 0.269 , 31.93 , 317.24
1843 , 10073 , 224.82 , -58.7 , 2 , 26.34 , 6.148 , 0.273 , 32.28 , 316.88
1852 , 10131 , 222.74 , -58.7 , 2 , 26.28 , 6.178 , 0.277 , 32.73 , 316.43
1862 , 10190 , 220.68 , -58.9 , 1 , 26.21 , 6.103 , 0.277 , 33.19 , 315.98
1872 , 10237 , 219.02 , -58.6 , 1 , 26.14 , 6.172 , 0.282 , 33.55 , 315.62
1882 , 10302 , 216.78 , -58.7 , 1 , 26.07 , 6.330 , 0.292 , 34.06 , 315.11
1892 , 10353 , 215.02 , -58.4 , 1 , 26.01 , 6.525 , 0.303 , 34.47 , 314.70
1902 , 10392 , 213.68 , -58.1 , 1 , 25.94 , 6.718 , 0.314 , 34.80 , 314.37
1912 , 10430 , 212.41 , -57.9 , 1 , 25.87 , 6.807 , 0.320 , 35.12 , 314.05
1922 , 10473 , 210.98 , -57.9 , 1 , 25.81 , 6.924 , 0.328 , 35.48 , 313.68
1932 , 10520 , 209.40 , -57.9 , 1 , 25.74 , 6.970 , 0.333 , 35.89 , 313.27
1942 , 10583 , 207.30 , -57.9 , 1 , 25.67 , 6.979 , 0.337 , 36.45 , 312.72
1952 , 10650 , 205.10 , -58.5 , 1 , 25.60 , 6.854 , 0.334 , 37.03 , 312.14
1962 , 10690 , 203.82 , -58.6 , 1 , 25.53 , 6.967 , 0.342 , 37.37 , 311.80
1972 , 10730 , 202.52 , -58.5 , 1 , 25.46 , 6.892 , 0.340 , 37.72 , 311.44
1982 , 10768 , 201.30 , -58.0 , 1 , 25.39 , 6.842 , 0.340 , 38.05 , 311.12
1992 , 10807 , 200.05 , -57.7 , 1 , 25.32 , 6.864 , 0.343 , 38.39 , 310.78
2002 , 10849 , 198.74 , -57.6 , 1 , 25.26 , 6.931 , 0.349 , 38.74 , 310.42
2012 , 10888 , 197.50 , -56.8 , 1 , 25.19 , 6.985 , 0.354 , 39.09 , 310.08
2022 , 10928 , 196.26 , -56.3 , 1 , 25.12 , 7.094 , 0.361 , 39.44 , 309.73
2032 , 10971 , 194.94 , -56.4 , 1 , 25.05 , 7.294 , 0.374 , 39.82 , 309.34
2042 , 11016 , 193.58 , -56.7 , 1 , 24.99 , 7.403 , 0.382 , 40.23 , 308.94
2052 , 11063 , 192.12 , -57.0 , 1 , 24.92 , 7.494 , 0.390 , 40.67 , 308.49
2062 , 11113 , 190.63 , -57.3 , 1 , 24.86 , 7.478 , 0.392 , 41.13 , 308.03
2072 , 11168 , 188.96 , -57.5 , 1 , 24.79 , 7.497 , 0.397 , 41.65 , 307.51
2082 , 11239 , 186.83 , -57.9 , 1 , 24.73 , 7.426 , 0.397 , 42.32 , 306.85
2092 , 11311 , 184.71 , -58.4 , 1 , 24.66 , 7.349 , 0.398 , 42.98 , 306.18
2102 , 11384 , 182.57 , -59.0 , 1 , 24.60 , 7.269 , 0.398 , 43.66 , 305.51
2112 , 11459 , 180.42 , -59.7 , 1 , 24.54 , 7.226 , 0.401 , 44.33 , 304.83
2122 , 11526 , 178.49 , -60.2 , 1 , 24.47 , 7.190 , 0.403 , 44.95 , 304.22
2132 , 11572 , 177.18 , -59.9 , 1 , 24.41 , 7.212 , 0.407 , 45.37 , 303.80
2142 , 11613 , 176.02 , -59.8 , 1 , 24.35 , 7.197 , 0.409 , 45.74 , 303.43
2151 , 11650 , 174.96 , -59.5 , 1 , 24.29 , 7.269 , 0.415 , 46.08 , 303.08
2161 , 11688 , 173.91 , -59.4 , 1 , 24.23 , 7.382 , 0.424 , 46.43 , 302.74
2171 , 11727 , 172.83 , -59.6 , 1 , 24.17 , 7.448 , 0.431 , 46.80 , 302.37
2181 , 11771 , 171.61 , -59.7 , 1 , 24.10 , 7.504 , 0.437 , 47.21 , 301.95
2191 , 11820 , 170.27 , -59.3 , 1 , 24.04 , 7.639 , 0.449 , 47.68 , 301.48
2201 , 11861 , 169.18 , -59.0 , 1 , 23.98 , 7.776 , 0.460 , 48.07 , 301.09
2211 , 11908 , 167.90 , -58.7 , 1 , 23.92 , 7.864 , 0.468 , 48.54 , 300.62
2221 , 11962 , 166.47 , -58.9 , 1 , 23.86 , 7.896 , 0.474 , 49.07 , 300.09
2231 , 12009 , 165.24 , -59.3 , 1 , 23.79 , 7.856 , 0.475 , 49.54 , 299.63
2241 , 12053 , 164.08 , -59.8 , 1 , 23.73 , 7.858 , 0.479 , 49.97 , 299.19
2250 , 12092 , 163.03 , -59.9 , 1 , 23.67 , 7.879 , 0.483 , 50.37 , 298.80
2260 , 12132 , 162.00 , -59.1 , 1 , 23.61 , 7.773 , 0.480 , 50.76 , 298.41
2270 , 12173 , 160.94 , -59.2 , 1 , 23.55 , 7.625 , 0.474 , 51.16 , 298.00
2280 , 12219 , 159.78 , -59.1 , 1 , 23.49 , 7.450 , 0.466 , 51.59 , 297.57
2290 , 12260 , 158.72 , -58.9 , 1 , 23.43 , 7.386 , 0.465 , 51.98 , 297.19
2300 , 12302 , 157.68 , -58.9 , 1 , 23.37 , 7.410 , 0.470 , 52.36 , 296.80
2310 , 12341 , 156.68 , -59.2 , 1 , 23.31 , 7.506 , 0.479 , 52.74 , 296.43
2320 , 12384 , 155.62 , -59.2 , 1 , 23.25 , 7.544 , 0.485 , 53.14 , 296.03
2330 , 12432 , 154.44 , -59.3 , 1 , 23.19 , 7.569 , 0.490 , 53.60 , 295.57
2340 , 12477 , 153.33 , -59.2 , 1 , 23.13 , 7.557 , 0.493 , 54.03 , 295.14
2350 , 12521 , 152.24 , -59.3 , 1 , 23.08 , 7.543 , 0.495 , 54.45 , 294.72
2360 , 12566 , 151.15 , -59.2 , 1 , 23.02 , 7.523 , 0.498 , 54.88 , 294.29
2370 , 12611 , 150.08 , -59.0 , 1 , 22.96 , 7.598 , 0.506 , 55.30 , 293.86
2380 , 12657 , 148.99 , -58.9 , 1 , 22.90 , 7.507 , 0.504 , 55.74 , 293.43
2390 , 12703 , 147.90 , -59.1 , 1 , 22.84 , 7.329 , 0.496 , 56.17 , 293.00
2400 , 12749 , 146.80 , -59.2 , 1 , 22.78 , 6.901 , 0.470 , 56.59 , 292.58
2410 , 12795 , 145.74 , -59.5 , 1 , 22.72 , 6.526 , 0.448 , 56.97 , 292.20
2420 , 12840 , 144.69 , -59.7 , 1 , 22.67 , 6.280 , 0.434 , 57.34 , 291.83
2430 , 12891 , 143.51 , -59.7 , 1 , 22.61 , 6.152 , 0.429 , 57.74 , 291.43
2440 , 12937 , 142.45 , -59.6 , 1 , 22.55 , 6.205 , 0.436 , 58.10 , 291.07
2449 , 12980 , 141.48 , -59.6 , 1 , 22.49 , 6.421 , 0.454 , 58.44 , 290.73
2459 , 13022 , 140.53 , -60.0 , 1 , 22.44 , 6.604 , 0.470 , 58.78 , 290.38
2469 , 13069 , 139.48 , -60.4 , 1 , 22.38 , 6.738 , 0.483 , 59.18 , 289.99
2479 , 13117 , 138.41 , -60.6 , 1 , 22.32 , 6.875 , 0.497 , 59.60 , 289.57
2489 , 13164 , 137.36 , -60.9 , 1 , 22.26 , 6.907 , 0.503 , 60.01 , 289.16
2499 , 13213 , 136.27 , -61.4 , 1 , 22.21 , 6.912 , 0.507 , 60.44 , 288.73
2509 , 13264 , 135.17 , -61.7 , 1 , 22.15 , 6.917 , 0.512 , 60.89 , 288.28
2519 , 13314 , 134.09 , -62.1 , 1 , 22.09 , 6.864 , 0.512 , 61.32 , 287.84
2529 , 13363 , 133.02 , -62.5 , 1 , 22.03 , 6.828 , 0.513 , 61.75 , 287.41
2539 , 13408 , 132.04 , -62.8 , 1 , 21.97 , 6.762 , 0.512 , 62.15 , 287.02
2549 , 13454 , 131.07 , -63.0 , 1 , 21.91 , 6.660 , 0.508 , 62.54 , 286.62
2559 , 13500 , 130.09 , -63.3 , 1 , 21.86 , 6.569 , 0.505 , 62.93 , 286.24
2569 , 13546 , 129.12 , -63.4 , 1 , 21.81 , 6.414 , 0.497 , 63.32 , 285.85
2579 , 13593 , 128.15 , -63.3 , 1 , 21.75 , 6.178 , 0.482 , 63.69 , 285.47
2589 , 13635 , 127.25 , -63.3 , 1 , 21.69 , 6.195 , 0.487 , 64.03 , 285.13
2599 , 13678 , 126.36 , -63.3 , 1 , 21.64 , 6.551 , 0.518 , 64.39 , 284.78
2609 , 13721 , 125.49 , -63.3 , 1 , 21.57 , 7.167 , 0.571 , 64.76 , 284.41
2619 , 13763 , 124.63 , -63.1 , 1 , 21.52 , 7.893 , 0.633 , 65.17 , 284.00
2629 , 13808 , 123.73 , -63.1 , 1 , 21.47 , 8.390 , 0.678 , 65.64 , 283.53
2639 , 13852 , 122.85 , -63.3 , 1 , 21.41 , 8.633 , 0.703 , 66.12 , 283.05
2649 , 13901 , 121.87 , -63.5 , 1 , 21.35 , 8.633 , 0.708 , 66.66 , 282.50
2659 , 13955 , 120.81 , -63.6 , 1 , 21.29 , 8.496 , 0.703 , 67.25 , 281.92
2669 , 14002 , 119.89 , -63.9 , 1 , 21.24 , 8.396 , 0.700 , 67.76 , 281.40
2679 , 14042 , 119.10 , -63.8 , 1 , 21.18 , 8.275 , 0.695 , 68.20 , 280.97
2689 , 14083 , 118.31 , -63.9 , 1 , 21.13 , 8.198 , 0.693 , 68.63 , 280.54
2699 , 14124 , 117.51 , -64.0 , 1 , 21.07 , 7.939 , 0.676 , 69.06 , 280.11
2709 , 14168 , 116.68 , -63.8 , 1 , 21.01 , 7.874 , 0.675 , 69.50 , 279.66
2719 , 14212 , 115.84 , -63.8 , 1 , 20.96 , 7.994 , 0.690 , 69.96 , 279.21
2729 , 14256 , 115.01 , -64.1 , 1 , 20.91 , 8.114 , 0.705 , 70.41 , 278.76
2739 , 14301 , 114.17 , -64.0 , 1 , 20.85 , 8.208 , 0.719 , 70.89 , 278.28
2748 , 14343 , 113.39 , -63.8 , 1 , 20.80 , 8.341 , 0.736 , 71.33 , 277.84
2757 , 14382 , 112.67 , -63.5 , 1 , 20.75 , 8.495 , 0.754 , 71.76 , 277.41
2767 , 14426 , 111.87 , -62.9 , 1 , 20.70 , 8.933 , 0.799 , 72.25 , 276.92
2777 , 14477 , 110.95 , -63.1 , 1 , 20.64 , 9.362 , 0.844 , 72.85 , 276.32
2787 , 14532 , 109.96 , -63.5 , 1 , 20.59 , 9.626 , 0.875 , 73.51 , 275.65
2797 , 14579 , 109.11 , -63.5 , 1 , 20.54 , 9.654 , 0.885 , 74.11 , 275.06
2807 , 14626 , 108.27 , -63.5 , 1 , 20.48 , 9.662 , 0.892 , 74.69 , 274.48
2817 , 14676 , 107.41 , -63.3 , 1 , 20.43 , 9.779 , 0.910 , 75.31 , 273.86
2827 , 14726 , 106.53 , -62.9 , 1 , 20.37 , 10.080 , 0.946 , 75.95 , 273.22
2837 , 14775 , 105.68 , -63.3 , 1 , 20.32 , 10.290 , 0.974 , 76.59 , 272.57
2847 , 14826 , 104.81 , -63.2 , 1 , 20.27 , 10.304 , 0.983 , 77.26 , 271.90
2857 , 14876 , 103.97 , -63.3 , 1 , 20.22 , 10.175 , 0.979 , 77.92 , 271.25
2867 , 14925 , 103.14 , -63.4 , 1 , 20.17 , 10.090 , 0.978 , 78.55 , 270.61
2877 , 14977 , 102.27 , -63.8 , 1 , 20.12 , 10.114 , 0.989 , 79.23 , 269.93
2887 , 15030 , 101.38 , -64.2 , 1 , 20.06 , 10.271 , 1.013 , 79.93 , 269.23
2897 , 15084 , 100.49 , -64.1 , 1 , 20.02 , 10.570 , 1.052 , 80.66 , 268.51
2907 , 15141 , 99.57 , -64.0 , 1 , 19.97 , 10.727 , 1.077 , 81.43 , 267.73
2917 , 15192 , 98.73 , -64.1 , 1 , 19.92 , 10.533 , 1.067 , 82.14 , 267.02
2927 , 15242 , 97.92 , -64.3 , 1 , 19.87 , 10.240 , 1.046 , 82.82 , 266.35
2937 , 15292 , 97.13 , -64.0 , 1 , 19.83 , 10.079 , 1.038 , 83.47 , 265.70
2947 , 15339 , 96.39 , -63.9 , 1 , 19.78 , 10.281 , 1.067 , 84.08 , 265.09
2957 , 15387 , 95.65 , -64.1 , 1 , 19.73 , 10.885 , 1.138 , 84.73 , 264.44
2967 , 15434 , 94.91 , -64.1 , 1 , 19.69 , 11.313 , 1.192 , 85.41 , 263.76
2977 , 15486 , 94.11 , -64.0 , 1 , 19.64 , 11.461 , 1.218 , 86.17 , 263.00
2987 , 15532 , 93.40 , -63.8 , 1 , 19.59 , 11.605 , 1.243 , 86.86 , 262.31
2997 , 15577 , 92.72 , -63.9 , 1 , 19.54 , 11.603 , 1.251 , 87.53 , 261.64
3007 , 15619 , 92.08 , -64.2 , 1 , 19.50 , 11.419 , 1.240 , 88.15 , 261.02
3017 , 15663 , 91.42 , -64.1 , 1 , 19.45 , 11.177 , 1.223 , 88.80 , 260.37
3027 , 15709 , 90.73 , -63.4 , 1 , 19.41 , 10.913 , 1.203 , 89.45 , 259.71
3037 , 15750 , 90.13 , -63.4 , 1 , 19.36 , 10.941 , 1.214 , 90.03 , 259.14
3046 , 15789 , 89.57 , -63.3 , 1 , 19.32 , 11.072 , 1.236 , 90.57 , 258.60
3056 , 15829 , 88.99 , -63.3 , 1 , 19.27 , 11.250 , 1.264 , 91.14 , 258.02
3066 , 15870 , 88.39 , -63.4 , 1 , 19.22 , 11.382 , 1.288 , 91.75 , 257.42
3076 , 15912 , 87.79 , -63.0 , 1 , 19.18 , 11.745 , 1.338 , 92.37 , 256.80
3086 , 15953 , 87.20 , -62.8 , 1 , 19.13 , 12.402 , 1.422 , 93.01 , 256.16
3096 , 15994 , 86.63 , -62.7 , 1 , 19.08 , 12.995 , 1.500 , 93.67 , 255.50
3106 , 16034 , 86.07 , -62.4 , 1 , 19.04 , 13.439 , 1.561 , 94.35 , 254.82
3116 , 16075 , 85.50 , -62.3 , 1 , 18.99 , 13.898 , 1.626 , 95.07 , 254.10
3126 , 16119 , 84.89 , -62.1 , 1 , 18.94 , 14.053 , 1.656 , 95.85 , 253.31
3136 , 16166 , 84.25 , -62.2 , 1 , 18.90 , 14.138 , 1.678 , 96.70 , 252.47
3146 , 16214 , 83.60 , -62.3 , 1 , 18.85 , 14.154 , 1.693 , 97.56 , 251.60
3156 , 16262 , 82.95 , -62.2 , 1 , 18.80 , 13.914 , 1.677 , 98.42 , 250.75
3166 , 16311 , 82.30 , -62.2 , 1 , 18.75 , 13.643 , 1.658 , 99.28 , 249.88
3176 , 16360 , 81.64 , -62.4 , 1 , 18.71 , 13.313 , 1.631 , 100.14 , 249.03
3186 , 16411 , 80.97 , -62.8 , 1 , 18.66 , 12.989 , 1.604 , 100.99 , 248.18
3196 , 16460 , 80.32 , -63.1 , 1 , 18.61 , 12.829 , 1.597 , 101.81 , 247.36
3206 , 16510 , 79.68 , -63.5 , 1 , 18.57 , 12.640 , 1.586 , 102.62 , 246.55
3216 , 16560 , 79.03 , -63.7 , 1 , 18.52 , 12.435 , 1.573 , 103.43 , 245.74
3226 , 16608 , 78.42 , -63.8 , 1 , 18.47 , 12.134 , 1.547 , 104.18 , 244.99
3236 , 16658 , 77.77 , -63.9 , 1 , 18.43 , 11.797 , 1.517 , 104.96 , 244.21
3246 , 16709 , 77.13 , -64.3 , 1 , 18.38 , 11.454 , 1.485 , 105.72 , 243.44
3256 , 16762 , 76.46 , -64.4 , 1 , 18.34 , 10.986 , 1.437 , 106.49 , 242.67
3266 , 16812 , 75.84 , -64.5 , 1 , 18.29 , 10.500 , 1.385 , 107.19 , 241.98
3276 , 16862 , 75.22 , -64.3 , 1 , 18.24 , 9.909 , 1.317 , 107.84 , 241.32
3286 , 16910 , 74.64 , -64.6 , 1 , 18.20 , 9.350 , 1.253 , 108.44 , 240.73
3296 , 16957 , 74.06 , -65.0 , 1 , 18.15 , 8.988 , 1.214 , 109.00 , 240.17
3306 , 17002 , 73.51 , -65.5 , 1 , 18.11 , 8.720 , 1.186 , 109.52 , 239.65
3316 , 17043 , 73.01 , -65.6 , 1 , 18.06 , 8.472 , 1.160 , 109.98 , 239.19
3326 , 17087 , 72.49 , -65.7 , 1 , 18.01 , 8.182 , 1.129 , 110.45 , 238.72
3336 , 17129 , 71.99 , -65.7 , 1 , 17.97 , 7.901 , 1.098 , 110.89 , 238.28
3345 , 17169 , 71.52 , -65.7 , 1 , 17.92 , 7.634 , 1.067 , 111.29 , 237.88
3355 , 17207 , 71.07 , -65.4 , 1 , 17.88 , 7.334 , 1.032 , 111.66 , 237.50
3365 , 17248 , 70.59 , -65.3 , 1 , 17.84 , 6.998 , 0.991 , 112.04 , 237.12
3375 , 17289 , 70.12 , -64.5 , 1 , 17.79 , 6.669 , 0.951 , 112.41 , 236.76
3385 , 17332 , 69.63 , -62.7 , 1 , 17.74 , 6.562 , 0.942 , 112.77 , 236.39
3395 , 17373 , 69.18 , -60.8 , 1 , 17.70 , 8.504 , 1.229 , 113.16 , 236.01
3404 , 17411 , 68.75 , -60.4 , 1 , 17.65 , 10.753 , 1.564 , 113.63 , 235.53
3414 , 17451 , 68.31 , -60.4 , 1 , 17.61 , 12.197 , 1.785 , 114.21 , 234.96
3424 , 17490 , 67.89 , -59.9 , 1 , 17.56 , 13.601 , 2.003 , 114.84 , 234.32
3434 , 17526 , 67.49 , -59.2 , 1 , 17.52 , 14.787 , 2.191 , 115.50 , 233.66
3444 , 17566 , 67.07 , -58.5 , 1 , 17.47 , 15.293 , 2.280 , 116.25 , 232.92
3454 , 17603 , 66.67 , -57.9 , 0 , 17.42 , 15.419 , 2.313 , 116.97 , 232.20
3464 , 17645 , 66.23 , -57.3 , 0 , 17.37 , 15.796 , 2.385 , 117.78 , 231.39
3474 , 17690 , 65.76 , -57.1 , 0 , 17.33 , 16.054 , 2.441 , 118.68 , 230.49
3484 , 17732 , 65.33 , -56.5 , 0 , 17.28 , 16.324 , 2.499 , 119.52 , 229.65
3494 , 17774 , 64.90 , -55.9 , 0 , 17.24 , 16.920 , 2.607 , 120.39 , 228.78
3504 , 17819 , 64.44 , -55.2 , 0 , 17.19 , 17.646 , 2.738 , 121.35 , 227.82
3514 , 17863 , 63.99 , -54.5 , 0 , 17.14 , 18.320 , 2.863 , 122.34 , 226.83
3524 , 17911 , 63.52 , -53.8 , 0 , 17.09 , 18.869 , 2.970 , 123.43 , 225.74
3534 , 17959 , 63.05 , -53.7 , 0 , 17.05 , 19.349 , 3.069 , 124.56 , 224.60
3544 , 18009 , 62.56 , -52.6 , 0 , 17.01 , 19.580 , 3.130 , 125.76 , 223.41
3554 , 18059 , 62.08 , -51.4 , 0 , 16.96 , 19.709 , 3.175 , 126.94 , 222.22
3564 , 18106 , 61.63 , -51.3 , 0 , 16.91 , 19.983 , 3.243 , 128.09 , 221.07
3574 , 18154 , 61.17 , -51.5 , 0 , 16.87 , 20.186 , 3.300 , 129.26 , 219.90
3584 , 18200 , 60.74 , -51.6 , 0 , 16.83 , 20.130 , 3.314 , 130.39 , 218.78
3594 , 18246 , 60.31 , -51.7 , 0 , 16.78 , 20.195 , 3.349 , 131.52 , 217.64
3604 , 18296 , 59.85 , -51.9 , 0 , 16.73 , 20.108 , 3.359 , 132.73 , 216.44
3614 , 18341 , 59.44 , -52.0 , 0 , 16.69 , 20.071 , 3.377 , 133.84 , 215.33
3624 , 18387 , 59.02 , -52.0 , 0 , 16.64 , 20.170 , 3.418 , 134.97 , 214.20
3633 , 18432 , 58.61 , -52.4 , 0 , 16.60 , 20.070 , 3.424 , 136.07 , 213.10
3643 , 18479 , 58.18 , -52.5 , 0 , 16.56 , 20.049 , 3.446 , 137.22 , 211.95
3653 , 18526 , 57.76 , -52.6 , 0 , 16.52 , 19.985 , 3.460 , 138.39 , 210.78
3663 , 18574 , 57.33 , -52.7 , 0 , 16.48 , 19.942 , 3.478 , 139.55 , 209.61
3673 , 18624 , 56.89 , -52.9 , 0 , 16.43 , 19.850 , 3.489 , 140.76 , 208.41
3683 , 18671 , 56.47 , -53.3 , 0 , 16.39 , 19.802 , 3.506 , 141.91 , 207.25
3693 , 18718 , 56.06 , -53.7 , 0 , 16.35 , 19.498 , 3.478 , 143.05 , 206.12
3703 , 18765 , 55.66 , -53.7 , 0 , 16.31 , 19.608 , 3.523 , 144.17 , 205.00
3713 , 18816 , 55.22 , -53.7 , 0 , 16.27 , 19.630 , 3.555 , 145.39 , 203.77
3723 , 18870 , 54.75 , -53.8 , 0 , 16.23 , 19.434 , 3.550 , 146.71 , 202.46
3733 , 18932 , 54.23 , -54.1 , 0 , 16.18 , 19.374 , 3.573 , 148.17 , 201.00
3743 , 18995 , 53.69 , -54.5 , 0 , 16.15 , 19.500 , 3.632 , 149.69 , 199.47
3753 , 19051 , 53.22 , -54.6 , 0 , 16.10 , 19.279 , 3.622 , 151.03 , 198.13
3763 , 19102 , 52.80 , -54.2 , 0 , 16.06 , 19.001 , 3.599 , 152.24 , 196.93
3773 , 19157 , 52.36 , -54.3 , 0 , 16.02 , 18.899 , 3.610 , 153.51 , 195.66
3783 , 19209 , 51.93 , -54.6 , 0 , 15.98 , 18.814 , 3.623 , 154.73 , 194.44
3793 , 19261 , 51.51 , -54.7 , 0 , 15.94 , 18.692 , 3.629 , 155.91 , 193.25
3803 , 19312 , 51.10 , -54.7 , 0 , 15.91 , 18.602 , 3.640 , 157.09 , 192.08
3813 , 19361 , 50.71 , -54.5 , 0 , 15.86 , 18.417 , 3.632 , 158.21 , 190.95
3823 , 19411 , 50.32 , -53.9 , 0 , 15.83 , 18.363 , 3.649 , 159.34 , 189.83
3833 , 19461 , 49.92 , -54.0 , 0 , 15.79 , 18.107 , 3.627 , 160.48 , 188.69
3843 , 19510 , 49.54 , -54.0 , 0 , 15.75 , 18.058 , 3.645 , 161.56 , 187.60
3853 , 19559 , 49.17 , -54.0 , 0 , 15.71 , 17.902 , 3.641 , 162.64 , 186.53
3863 , 19606 , 48.81 , -53.7 , 0 , 15.68 , 18.087 , 3.706 , 163.68 , 185.49
3873 , 19652 , 48.47 , -52.8 , 0 , 15.64 , 17.825 , 3.678 , 164.69 , 184.48
3883 , 19697 , 48.13 , -52.2 , 0 , 15.60 , 17.651 , 3.668 , 165.67 , 183.49
3893 , 19744 , 47.78 , -52.2 , 0 , 15.57 , 17.460 , 3.654 , 166.67 , 182.50
3903 , 19786 , 47.47 , -52.5 , 0 , 15.53 , 17.256 , 3.635 , 167.58 , 181.59
3913 , 19831 , 47.14 , -52.6 , 0 , 15.50 , 17.240 , 3.658 , 168.52 , 180.65
3923 , 19875 , 46.82 , -52.8 , 0 , 15.46 , 17.047 , 3.641 , 169.44 , 179.73
3932 , 19919 , 46.50 , -52.9 , 0 , 15.43 , 16.790 , 3.611 , 170.35 , 178.82
3942 , 19962 , 46.19 , -52.7 , 0 , 15.40 , 16.629 , 3.600 , 171.24 , 177.93
3952 , 20008 , 45.86 , -52.7 , 0 , 15.36 , 16.470 , 3.591 , 172.16 , 177.00
3962 , 20055 , 45.53 , -53.0 , 0 , 15.33 , 16.220 , 3.563 , 173.10 , 176.06
3972 , 20099 , 45.22 , -53.2 , 0 , 15.29 , 16.149 , 3.571 , 173.97 , 175.19
3982 , 20144 , 44.91 , -53.1 , 0 , 15.26 , 15.848 , 3.529 , 174.85 , 174.31
3992 , 20188 , 44.60 , -52.6 , 0 , 15.23 , 15.591 , 3.496 , 175.70 , 173.47
4002 , 20229 , 44.32 , -52.6 , 0 , 15.19 , 15.511 , 3.500 , 176.48 , 172.68
4012 , 20271 , 44.03 , -52.7 , 0 , 15.16 , 15.289 , 3.473 , 177.28 , 171.89
4021 , 20313 , 43.75 , -52.6 , 0 , 15.13 , 15.046 , 3.440 , 178.05 , 171.12
4031 , 20356 , 43.46 , -52.3 , 0 , 15.09 , 14.798 , 3.405 , 178.83 , 170.34
4041 , 20403 , 43.14 , -52.2 , 0 , 15.06 , 14.570 , 3.377 , 179.68 , 169.49
4051 , 20451 , 42.82 , -52.0 , 0 , 15.03 , 14.556 , 3.399 , 180.53 , 168.64
4061 , 20499 , 42.51 , -51.6 , 0 , 15.00 , 14.356 , 3.377 , 181.37 , 167.79
4071 , 20551 , 42.17 , -51.3 , 0 , 14.96 , 14.129 , 3.351 , 182.27 , 166.90
4081 , 20603 , 41.83 , -50.9 , 0 , 14.93 , 13.975 , 3.341 , 183.16 , 166.00
4091 , 20657 , 41.48 , -50.4 , 0 , 14.90 , 13.788 , 3.324 , 184.07 , 165.09
4101 , 20711 , 41.14 , -50.4 , 0 , 14.86 , 13.580 , 3.301 , 184.97 , 164.20
4111 , 20767 , 40.79 , -49.9 , 0 , 14.83 , 13.395 , 3.284 , 185.88 , 163.29
4121 , 20822 , 40.45 , -49.7 , 0 , 14.80 , 13.141 , 3.249 , 186.76 , 162.41
4131 , 20879 , 40.10 , -49.7 , 0 , 14.76 , 12.877 , 3.211 , 187.65 , 161.52
4141 , 20935 , 39.76 , -49.4 , 0 , 14.73 , 12.746 , 3.206 , 188.52 , 160.65
4151 , 20991 , 39.42 , -49.0 , 0 , 14.70 , 12.708 , 3.224 , 189.37 , 159.79
4161 , 21045 , 39.09 , -48.9 , 0 , 14.67 , 12.747 , 3.261 , 190.20 , 158.96
4171 , 21097 , 38.78 , -48.8 , 0 , 14.63 , 12.591 , 3.247 , 191.00 , 158.17
4181 , 21152 , 38.46 , -48.8 , 0 , 14.60 , 12.472 , 3.243 , 191.83 , 157.34
4191 , 21206 , 38.15 , -48.6 , 0 , 14.57 , 12.440 , 3.261 , 192.63 , 156.53
4201 , 21258 , 37.85 , -48.5 , 0 , 14.53 , 12.357 , 3.265 , 193.41 , 155.76
4211 , 21306 , 37.57 , -48.6 , 0 , 14.50 , 12.177 , 3.241 , 194.11 , 155.06
4220 , 21352 , 37.31 , -48.5 , 0 , 14.47 , 12.143 , 3.255 , 194.79 , 154.38
4230 , 21398 , 37.05 , -48.2 , 0 , 14.44 , 12.191 , 3.290 , 195.45 , 153.72
4240 , 21445 , 36.78 , -48.3 , 0 , 14.40 , 12.090 , 3.287 , 196.15 , 153.02
4250 , 21492 , 36.52 , -48.2 , 0 , 14.37 , 12.013 , 3.289 , 196.83 , 152.34
4260 , 21539 , 36.26 , -47.9 , 0 , 14.34 , 11.959 , 3.298 , 197.50 , 151.67
4270 , 21581 , 36.03 , -47.5 , 0 , 14.30 , 12.023 , 3.337 , 198.10 , 151.07
4280 , 21627 , 35.78 , -46.4 , 0 , 14.27 , 11.893 , 3.323 , 198.76 , 150.41
4290 , 21669 , 35.56 , -45.9 , 0 , 14.24 , 12.111 , 3.406 , 199.35 , 149.82
4300 , 21711 , 35.34 , -45.3 , 0 , 14.21 , 11.930 , 3.376 , 199.95 , 149.22
4310 , 21753 , 35.11 , -45.0 , 0 , 14.17 , 11.900 , 3.389 , 200.54 , 148.62
4320 , 21796 , 34.89 , -44.8 , 0 , 14.14 , 11.892 , 3.408 , 201.14 , 148.02
4330 , 21839 , 34.67 , -44.5 , 0 , 14.11 , 11.763 , 3.393 , 201.74 , 147.42
4340 , 21888 , 34.41 , -43.9 , 0 , 14.08 , 11.754 , 3.415 , 202.43 , 146.74
4350 , 21938 , 34.16 , -44.0 , 0 , 14.05 , 11.741 , 3.437 , 203.12 , 146.05
4360 , 21989 , 33.90 , -44.3 , 0 , 14.02 , 11.681 , 3.446 , 203.82 , 145.34
4370 , 22044 , 33.62 , -44.5 , 0 , 13.99 , 11.562 , 3.439 , 204.57 , 144.60
4380 , 22100 , 33.34 , -44.7 , 0 , 13.96 , 11.528 , 3.458 , 205.33 , 143.83
4390 , 22150 , 33.09 , -44.6 , 0 , 13.93 , 11.477 , 3.468 , 206.02 , 143.15
4400 , 22203 , 32.83 , -44.8 , 0 , 13.90 , 11.435 , 3.483 , 206.73 , 142.43
4410 , 22256 , 32.57 , -45.1 , 0 , 13.87 , 11.317 , 3.475 , 207.45 , 141.72
4420 , 22311 , 32.31 , -45.5 , 0 , 13.84 , 11.272 , 3.489 , 208.17 , 140.99
4430 , 22361 , 32.06 , -45.9 , 0 , 13.81 , 11.024 , 3.438 , 208.83 , 140.33
4440 , 22410 , 31.83 , -46.1 , 0 , 13.78 , 11.199 , 3.519 , 209.49 , 139.68
4450 , 22462 , 31.58 , -46.2 , 0 , 13.75 , 11.000 , 3.483 , 210.18 , 138.99
4460 , 22512 , 31.34 , -46.2 , 0 , 13.73 , 11.115 , 3.546 , 210.82 , 138.35
4470 , 22564 , 31.10 , -46.2 , 0 , 13.70 , 11.034 , 3.548 , 211.51 , 137.65
4480 , 22615 , 30.86 , -46.3 , 0 , 13.67 , 11.133 , 3.608 , 212.18 , 136.98
4490 , 22664 , 30.63 , -46.6 , 0 , 13.64 , 10.883 , 3.552 , 212.82 , 136.34
4500 , 22716 , 30.39 , -46.8 , 0 , 13.61 , 10.857 , 3.572 , 213.50 , 135.67
4510 , 22767 , 30.16 , -46.7 , 0 , 13.58 , 10.884 , 3.609 , 214.16 , 135.01
4520 , 22815 , 29.94 , -46.7 , 0 , 13.56 , 10.921 , 3.647 , 214.79 , 134.38
4529 , 22859 , 29.74 , -46.6 , 0 , 13.53 , 10.783 , 3.625 , 215.35 , 133.81
4539 , 22903 , 29.55 , -45.7 , 0 , 13.51 , 10.791 , 3.652 , 215.92 , 133.25
4549 , 22950 , 29.34 , -45.0 , 0 , 13.48 , 10.854 , 3.699 , 216.51 , 132.65
4559 , 22992 , 29.16 , -44.6 , 0 , 13.45 , 10.811 , 3.708 , 217.05 , 132.12
4569 , 23034 , 28.97 , -43.9 , 0 , 13.43 , 11.018 , 3.803 , 217.59 , 131.57
4579 , 23080 , 28.78 , -43.8 , 0 , 13.40 , 10.988 , 3.818 , 218.19 , 130.98
4589 , 23128 , 28.57 , -43.8 , 0 , 13.37 , 11.009 , 3.853 , 218.80 , 130.37
4599 , 23179 , 28.36 , -43.4 , 0 , 13.35 , 10.945 , 3.860 , 219.47 , 129.70
4609 , 23228 , 28.15 , -43.0 , 0 , 13.32 , 10.935 , 3.885 , 220.10 , 129.07
4619 , 23275 , 27.96 , -42.9 , 0 , 13.29 , 10.833 , 3.875 , 220.69 , 128.48
4629 , 23320 , 27.77 , -42.9 , 0 , 13.26 , 11.125 , 4.006 , 221.27 , 127.90
4639 , 23367 , 27.58 , -43.0 , 0 , 13.24 , 11.129 , 4.036 , 221.89 , 127.28
4649 , 23418 , 27.37 , -42.9 , 0 , 13.21 , 11.005 , 4.021 , 222.55 , 126.62
4659 , 23465 , 27.18 , -43.0 , 0 , 13.19 , 11.002 , 4.048 , 223.16 , 126.01
4669 , 23515 , 26.98 , -42.8 , 0 , 13.16 , 11.216 , 4.158 , 223.80 , 125.37
4679 , 23567 , 26.77 , -42.5 , 0 , 13.13 , 11.063 , 4.133 , 224.48 , 124.69
4689 , 23623 , 26.55 , -42.5 , 0 , 13.11 , 11.046 , 4.161 , 225.20 , 123.97
4699 , 23681 , 26.32 , -42.4 , 0 , 13.08 , 11.104 , 4.219 , 225.96 , 123.21
4709 , 23737 , 26.11 , -42.7 , 0 , 13.06 , 11.083 , 4.245 , 226.68 , 122.49
4719 , 23795 , 25.88 , -42.8 , 0 , 13.03 , 11.118 , 4.296 , 227.43 , 121.73
4729 , 23851 , 25.67 , -42.1 , 0 , 13.01 , 10.989 , 4.281 , 228.16 , 121.01
4739 , 23907 , 25.46 , -41.2 , 0 , 12.98 , 11.273 , 4.428 , 228.88 , 120.28
4749 , 23962 , 25.25 , -41.0 , 0 , 12.95 , 11.204 , 4.437 , 229.60 , 119.57
4759 , 24015 , 25.05 , -41.0 , 0 , 12.93 , 11.377 , 4.541 , 230.30 , 118.87
4769 , 24071 , 24.85 , -40.3 , 0 , 12.90 , 11.332 , 4.561 , 231.04 , 118.13
4779 , 24127 , 24.65 , -39.9 , 0 , 12.88 , 11.360 , 4.609 , 231.76 , 117.40
4789 , 24178 , 24.46 , -39.7 , 0 , 12.85 , 11.494 , 4.698 , 232.44 , 116.73
4799 , 24233 , 24.27 , -39.4 , 0 , 12.83 , 11.370 , 4.686 , 233.17 , 116.00
4809 , 24286 , 24.08 , -39.2 , 0 , 12.80 , 11.568 , 4.804 , 233.86 , 115.31
4818 , 24329 , 23.93 , -39.1 , 0 , 12.78 , 11.806 , 4.934 , 234.45 , 114.72
4828 , 24379 , 23.75 , -39.0 , 0 , 12.76 , 11.601 , 4.884 , 235.12 , 114.05
4838 , 24425 , 23.59 , -39.0 , 0 , 12.73 , 11.690 , 4.955 , 235.74 , 113.42
4848 , 24473 , 23.43 , -38.5 , 0 , 12.71 , 11.723 , 5.003 , 236.39 , 112.78
4858 , 24521 , 23.27 , -37.0 , 0 , 12.68 , 11.758 , 5.053 , 237.02 , 112.14
4868 , 24570 , 23.10 , -36.4 , 0 , 12.66 , 11.858 , 5.132 , 237.69 , 111.47
4878 , 24620 , 22.94 , -36.2 , 0 , 12.63 , 11.856 , 5.168 , 238.36 , 110.81
4888 , 24663 , 22.80 , -36.1 , 0 , 12.61 , 11.577 , 5.078 , 238.93 , 110.24
4898 , 24711 , 22.64 , -36.2 , 0 , 12.58 , 11.708 , 5.172 , 239.58 , 109.59
4907 , 24758 , 22.49 , -36.1 , 0 , 12.56 , 12.081 , 5.373 , 240.21 , 108.96
4917 , 24799 , 22.35 , -36.2 , 0 , 12.54 , 12.380 , 5.538 , 240.79 , 108.38
4927 , 24850 , 22.19 , -36.0 , 0 , 12.52 , 12.031 , 5.421 , 241.48 , 107.69
4937 , 24900 , 22.03 , -35.5 , 0 , 12.49 , 12.086 , 5.486 , 242.17 , 106.99
4947 , 24945 , 21.89 , -35.5 , 0 , 12.47 , 12.329 , 5.633 , 242.80 , 106.37
4957 , 24997 , 21.73 , -35.6 , 0 , 12.44 , 11.937 , 5.494 , 243.51 , 105.66
4967 , 25045 , 21.58 , -35.9 , 0 , 12.42 , 11.776 , 5.458 , 244.16 , 105.01
4977 , 25095 , 21.42 , -36.0 , 0 , 12.40 , 11.849 , 5.531 , 244.83 , 104.33
4987 , 25146 , 21.27 , -35.3 , 0 , 12.37 , 12.049 , 5.666 , 245.52 , 103.65
4997 , 25191 , 21.13 , -34.6 , 0 , 12.35 , 11.952 , 5.657 , 246.13 , 103.04
5007 , 25238 , 20.99 , -34.7 , 0 , 12.33 , 11.851 , 5.647 , 246.77 , 102.40
5017 , 25285 , 20.85 , -34.8 , 0 , 12.30 , 11.883 , 5.700 , 247.40 , 101.77
5027 , 25330 , 20.71 , -34.4 , 0 , 12.28 , 12.086 , 5.835 , 248.00 , 101.16
5037 , 25372 , 20.59 , -34.5 , 0 , 12.26 , 12.232 , 5.941 , 248.58 , 100.58
5047 , 25413 , 20.47 , -34.7 , 0 , 12.24 , 12.017 , 5.871 , 249.14 , 100.02
5057 , 25456 , 20.34 , -34.8 , 0 , 12.21 , 11.916 , 5.858 , 249.72 , 99.45
5067 , 25497 , 20.22 , -34.8 , 0 , 12.19 , 11.615 , 5.744 , 250.27 , 98.89
5077 , 25537 , 20.11 , -34.4 , 0 , 12.17 , 11.763 , 5.851 , 250.81 , 98.36
5087 , 25574 , 20.00 , -34.4 , 0 , 12.15 , 11.592 , 5.796 , 251.29 , 97.88
5097 , 25613 , 19.89 , -34.4 , 0 , 12.12 , 11.451 , 5.757 , 251.79 , 97.38
5107 , 25655 , 19.77 , -34.4 , 0 , 12.11 , 11.693 , 5.915 , 252.34 , 96.82
5116 , 25693 , 19.66 , -33.7 , 0 , 12.08 , 11.509 , 5.853 , 252.85 , 96.32
5126 , 25734 , 19.55 , -33.2 , 0 , 12.07 , 11.296 , 5.779 , 253.37 , 95.80
5136 , 25775 , 19.43 , -32.7 , 0 , 12.05 , 11.393 , 5.863 , 253.89 , 95.27
5146 , 25812 , 19.33 , -32.3 , 0 , 12.03 , 11.293 , 5.841 , 254.36 , 94.81
5156 , 25865 , 19.19 , -31.7 , 0 , 12.01 , 11.424 , 5.954 , 255.03 , 94.13
5166 , 25910 , 19.07 , -31.1 , 0 , 11.99 , 11.355 , 5.955 , 255.60 , 93.57
5176 , 25962 , 18.93 , -30.4 , 0 , 11.97 , 11.161 , 5.897 , 256.26 , 92.91
5186 , 26012 , 18.79 , -29.6 , 0 , 11.95 , 11.127 , 5.921 , 256.87 , 92.29
5196 , 26058 , 18.67 , -29.0 , 0 , 11.94 , 11.093 , 5.941 , 257.44 , 91.73
5206 , 26112 , 18.53 , -28.9 , 0 , 11.92 , 10.995 , 5.933 , 258.10 , 91.07
5216 , 26163 , 18.40 , -28.7 , 0 , 11.90 , 10.945 , 5.948 , 258.71 , 90.45
5226 , 26213 , 18.28 , -28.3 , 0 , 11.88 , 10.979 , 6.008 , 259.31 , 89.86
5236 , 26262 , 18.15 , -28.3 , 0 , 11.86 , 10.928 , 6.020 , 259.90 , 89.27
5246 , 26312 , 18.02 , -28.3 , 0 , 11.85 , 11.017 , 6.113 , 260.52 , 88.65
5256 , 26361 , 17.90 , -27.7 , 0 , 11.83 , 11.017 , 6.155 , 261.11 , 88.06
5266 , 26419 , 17.76 , -27.5 , 0 , 11.82 , 10.776 , 6.069 , 261.80 , 87.36
5276 , 26469 , 17.63 , -27.9 , 0 , 11.80 , 10.691 , 6.063 , 262.39 , 86.77
5286 , 26521 , 17.51 , -28.0 , 0 , 11.78 , 10.621 , 6.067 , 262.99 , 86.17
5296 , 26575 , 17.38 , -28.4 , 0 , 11.77 , 10.740 , 6.181 , 263.63 , 85.54
5306 , 26630 , 17.24 , -28.8 , 0 , 11.75 , 10.940 , 6.345 , 264.29 , 84.88
5316 , 26684 , 17.11 , -29.0 , 0 , 11.74 , 10.958 , 6.404 , 264.94 , 84.23
5326 , 26738 , 16.98 , -29.3 , 0 , 11.72 , 10.909 , 6.423 , 265.60 , 83.57
5336 , 26792 , 16.86 , -29.7 , 0 , 11.71 , 10.895 , 6.464 , 266.25 , 82.92
5346 , 26849 , 16.72 , -30.0 , 0 , 11.70 , 10.942 , 6.544 , 266.94 , 82.23
5356 , 26907 , 16.59 , -30.4 , 0 , 11.68 , 11.143 , 6.718 , 267.64 , 81.53
5366 , 26962 , 16.46 , -30.6 , 0 , 11.67 , 11.156 , 6.778 , 268.32 , 80.84
5376 , 27011 , 16.34 , -30.6 , 0 , 11.66 , 11.081 , 6.780 , 268.93 , 80.23
5386 , 27066 , 16.22 , -30.8 , 0 , 11.64 , 10.976 , 6.767 , 269.60 , 79.56
5396 , 27113 , 16.11 , -31.1 , 0 , 11.63 , 10.909 , 6.771 , 270.18 , 78.99
5406 , 27160 , 16.00 , -31.6 , 0 , 11.62 , 10.777 , 6.734 , 270.75 , 78.42
5415 , 27205 , 15.90 , -31.9 , 0 , 11.61 , 10.695 , 6.725 , 271.29 , 77.88
5425 , 27253 , 15.79 , -32.1 , 0 , 11.60 , 10.777 , 6.823 , 271.87 , 77.30
5435 , 27302 , 15.69 , -31.9 , 0 , 11.60 , 10.524 , 6.709 , 272.45 , 76.72
5445 , 27355 , 15.57 , -31.6 , 0 , 11.59 , 10.443 , 6.708 , 273.07 , 76.10
5455 , 27400 , 15.47 , -31.6 , 0 , 11.58 , 10.324 , 6.673 , 273.58 , 75.58
5465 , 27450 , 15.36 , -31.4 , 0 , 11.58 , 10.564 , 6.877 , 274.17 , 74.99
5475 , 27498 , 15.26 , -31.3 , 0 , 11.57 , 10.389 , 6.809 , 274.73 , 74.44
5485 , 27545 , 15.16 , -31.5 , 0 , 11.56 , 10.246 , 6.761 , 275.28 , 73.89
5495 , 27593 , 15.05 , -31.7 , 0 , 11.55 , 10.012 , 6.651 , 275.82 , 73.35
5505 , 27638 , 14.96 , -31.6 , 0 , 11.54 , 9.726 , 6.503 , 276.32 , 72.85
5515 , 27685 , 14.86 , -31.5 , 0 , 11.54 , 9.751 , 6.563 , 276.82 , 72.34
5525 , 27726 , 14.77 , -31.7 , 0 , 11.53 , 9.751 , 6.600 , 277.27 , 71.90
5535 , 27769 , 14.68 , -31.9 , 0 , 11.52 , 9.603 , 6.540 , 277.73 , 71.43
5545 , 27808 , 14.60 , -31.9 , 0 , 11.51 , 9.525 , 6.523 , 278.15 , 71.01
5555 , 27847 , 14.52 , -30.9 , 0 , 11.50 , 9.679 , 6.665 , 278.57 , 70.60
5565 , 27888 , 14.44 , -30.6 , 0 , 11.49 , 9.499 , 6.579 , 279.00 , 70.16
5575 , 27925 , 14.36 , -30.3 , 0 , 11.48 , 9.332 , 6.497 , 279.40 , 69.77
5585 , 27962 , 14.29 , -30.1 , 0 , 11.48 , 9.209 , 6.445 , 279.77 , 69.39
5595 , 27996 , 14.22 , -30.2 , 0 , 11.47 , 9.089 , 6.391 , 280.12 , 69.05
5605 , 28034 , 14.14 , -30.2 , 0 , 11.46 , 8.985 , 6.352 , 280.50 , 68.66
5615 , 28069 , 14.08 , -30.0 , 0 , 11.44 , 8.910 , 6.330 , 280.85 , 68.32
5625 , 28104 , 14.01 , -29.5 , 0 , 11.43 , 8.800 , 6.283 , 281.19 , 67.97
5635 , 28141 , 13.93 , -28.7 , 0 , 11.42 , 8.707 , 6.249 , 281.55 , 67.62
5645 , 28176 , 13.87 , -28.3 , 0 , 11.41 , 8.591 , 6.196 , 281.88 , 67.28
5655 , 28211 , 13.80 , -28.1 , 0 , 11.40 , 8.475 , 6.142 , 282.21 , 66.96
5665 , 28243 , 13.74 , -27.6 , 0 , 11.39 , 8.393 , 6.110 , 282.50 , 66.66
5675 , 28283 , 13.66 , -27.0 , 0 , 11.38 , 8.334 , 6.101 , 282.88 , 66.29
5685 , 28316 , 13.60 , -26.8 , 0 , 11.37 , 8.300 , 6.103 , 283.17 , 65.99
5695 , 28346 , 13.54 , -26.7 , 0 , 11.35 , 8.227 , 6.075 , 283.45 , 65.72
5705 , 28381 , 13.48 , -26.8 , 0 , 11.34 , 8.189 , 6.076 , 283.76 , 65.41
5715 , 28423 , 13.40 , -26.6 , 0 , 11.33 , 8.144 , 6.078 , 284.14 , 65.03
5724 , 28459 , 13.33 , -26.6 , 0 , 11.32 , 8.117 , 6.088 , 284.45 , 64.72
5734 , 28494 , 13.27 , -26.7 , 0 , 11.31 , 8.109 , 6.111 , 284.76 , 64.40
5744 , 28533 , 13.20 , -26.7 , 0 , 11.29 , 8.023 , 6.080 , 285.11 , 64.05
5754 , 28578 , 13.11 , -26.5 , 0 , 11.28 , 7.969 , 6.077 , 285.50 , 63.67
5764 , 28613 , 13.05 , -26.7 , 0 , 11.27 , 7.878 , 6.037 , 285.81 , 63.36
5774 , 28652 , 12.98 , -27.0 , 0 , 11.26 , 7.818 , 6.023 , 286.14 , 63.03
5784 , 28693 , 12.91 , -27.1 , 0 , 11.24 , 7.716 , 5.978 , 286.49 , 62.68
5794 , 28730 , 12.84 , -27.0 , 0 , 11.23 , 7.648 , 5.957 , 286.80 , 62.36
5804 , 28772 , 12.77 , -27.0 , 0 , 11.22 , 7.593 , 5.948 , 287.15 , 62.01
5814 , 28806 , 12.71 , -26.8 , 0 , 11.20 , 7.587 , 5.971 , 287.43 , 61.73
5824 , 28850 , 12.63 , -26.2 , 0 , 11.19 , 7.542 , 5.972 , 287.80 , 61.37
5834 , 28893 , 12.55 , -25.6 , 0 , 11.18 , 7.499 , 5.973 , 288.15 , 61.02
5844 , 28931 , 12.49 , -25.4 , 0 , 11.17 , 7.463 , 5.977 , 288.46 , 60.70
5854 , 28967 , 12.43 , -24.9 , 0 , 11.15 , 7.427 , 5.977 , 288.75 , 60.41
5864 , 29013 , 12.35 , -24.4 , 0 , 11.14 , 7.395 , 5.989 , 289.12 , 60.05
5874 , 29065 , 12.26 , -24.4 , 0 , 11.12 , 7.318 , 5.969 , 289.54 , 59.63
5884 , 29108 , 12.19 , -24.2 , 0 , 11.11 , 7.295 , 5.986 , 289.88 , 59.29
5894 , 29151 , 12.12 , -24.1 , 0 , 11.10 , 7.277 , 6.006 , 290.22 , 58.95
5904 , 29198 , 12.04 , -24.1 , 0 , 11.09 , 7.234 , 6.008 , 290.58 , 58.58
5914 , 29251 , 11.95 , -24.0 , 0 , 11.07 , 7.191 , 6.017 , 291.00 , 58.17
5924 , 29295 , 11.88 , -23.5 , 0 , 11.06 , 7.178 , 6.042 , 291.34 , 57.83
5934 , 29347 , 11.80 , -23.7 , 0 , 11.04 , 7.137 , 6.050 , 291.74 , 57.43
5944 , 29391 , 11.72 , -23.4 , 0 , 11.03 , 7.100 , 6.056 , 292.08 , 57.08
5954 , 29434 , 11.66 , -23.0 , 0 , 11.02 , 7.041 , 6.041 , 292.41 , 56.76
5964 , 29479 , 11.58 , -22.9 , 0 , 11.00 , 6.987 , 6.032 , 292.75 , 56.41
5974 , 29532 , 11.50 , -23.3 , 0 , 10.99 , 6.924 , 6.021 , 293.15 , 56.02
5984 , 29582 , 11.42 , -23.7 , 0 , 10.98 , 6.873 , 6.017 , 293.52 , 55.65
5994 , 29623 , 11.36 , -23.7 , 0 , 10.96 , 6.806 , 5.992 , 293.82 , 55.34
6004 , 29669 , 11.29 , -23.4 , 0 , 10.95 , 6.760 , 5.989 , 294.16 , 55.01
6014 , 29708 , 11.23 , -23.5 , 0 , 10.94 , 6.727 , 5.992 , 294.45 , 54.72
6023 , 29754 , 11.16 , -23.7 , 0 , 10.93 , 6.686 , 5.992 , 294.77 , 54.39
6033 , 29788 , 11.10 , -23.7 , 0 , 10.92 , 6.625 , 5.966 , 295.02 , 54.15
6043 , 29828 , 11.04 , -24.0 , 0 , 10.90 , 6.615 , 5.989 , 295.31 , 53.86
6053 , 29871 , 10.98 , -24.4 , 0 , 10.89 , 6.558 , 5.973 , 295.61 , 53.55
6063 , 29906 , 10.93 , -24.8 , 0 , 10.88 , 6.514 , 5.962 , 295.86 , 53.30
6073 , 29945 , 10.87 , -24.9 , 0 , 10.87 , 6.463 , 5.947 , 296.14 , 53.03
6083 , 29980 , 10.82 , -25.2 , 0 , 10.86 , 6.425 , 5.940 , 296.38 , 52.79
6093 , 30017 , 10.76 , -25.6 , 0 , 10.85 , 6.386 , 5.935 , 296.64 , 52.53
6103 , 30057 , 10.70 , -25.9 , 0 , 10.84 , 6.353 , 5.937 , 296.92 , 52.25
6113 , 30093 , 10.65 , -26.2 , 0 , 10.82 , 6.305 , 5.921 , 297.17 , 52.00
6123 , 30127 , 10.60 , -26.4 , 0 , 10.81 , 6.273 , 5.919 , 297.40 , 51.77
6133 , 30162 , 10.55 , -26.4 , 0 , 10.80 , 6.230 , 5.907 , 297.64 , 51.53
6143 , 30192 , 10.50 , -26.3 , 0 , 10.79 , 6.201 , 5.904 , 297.84 , 51.33
6153 , 30224 , 10.46 , -26.2 , 0 , 10.77 , 6.184 , 5.914 , 298.06 , 51.11
6163 , 30263 , 10.40 , -26.3 , 0 , 10.76 , 6.188 , 5.950 , 298.33 , 50.84
6173 , 30293 , 10.36 , -26.4 , 0 , 10.75 , 6.164 , 5.952 , 298.53 , 50.64
6183 , 30340 , 10.29 , -26.1 , 0 , 10.73 , 6.136 , 5.963 , 298.84 , 50.33
6193 , 30371 , 10.25 , -25.7 , 0 , 10.72 , 6.125 , 5.978 , 299.05 , 50.12
6203 , 30414 , 10.19 , -25.0 , 0 , 10.71 , 6.094 , 5.983 , 299.34 , 49.83
6213 , 30462 , 10.12 , -24.8 , 0 , 10.70 , 6.076 , 6.004 , 299.65 , 49.52
6223 , 30507 , 10.06 , -24.8 , 0 , 10.68 , 6.057 , 6.023 , 299.95 , 49.22
6233 , 30549 , 10.00 , -24.3 , 0 , 10.67 , 6.007 , 6.007 , 300.22 , 48.95
6243 , 30596 , 9.93 , -22.9 , 0 , 10.65 , 6.024 , 6.064 , 300.53 , 48.64
6253 , 30648 , 9.86 , -22.6 , 0 , 10.64 , 5.988 , 6.070 , 300.86 , 48.31
6263 , 30691 , 9.81 , -22.4 , 0 , 10.63 , 5.964 , 6.081 , 301.14 , 48.03
6273 , 30729 , 9.76 , -22.4 , 0 , 10.61 , 5.989 , 6.138 , 301.38 , 47.79
6283 , 30777 , 9.69 , -22.5 , 0 , 10.59 , 5.949 , 6.138 , 301.69 , 47.48
6293 , 30824 , 9.63 , -22.8 , 0 , 10.58 , 5.933 , 6.160 , 301.99 , 47.18
6303 , 30864 , 9.58 , -22.9 , 0 , 10.57 , 5.913 , 6.173 , 302.25 , 46.92
6313 , 30904 , 9.53 , -22.8 , 0 , 10.55 , 5.891 , 6.184 , 302.50 , 46.67
6323 , 30947 , 9.47 , -22.5 , 0 , 10.54 , 5.869 , 6.198 , 302.77 , 46.39
6332 , 30984 , 9.42 , -22.0 , 0 , 10.53 , 5.843 , 6.201 , 303.00 , 46.16
6342 , 31022 , 9.37 , -21.3 , 0 , 10.51 , 5.831 , 6.221 , 303.25 , 45.92
6352 , 31058 , 9.33 , -21.0 , 0 , 10.50 , 5.798 , 6.215 , 303.47 , 45.70
6362 , 31102 , 9.27 , -20.6 , 0 , 10.48 , 5.756 , 6.207 , 303.74 , 45.43
