# ------------------------------------------------------------
#
# Flight name: V4112
# Station: Davis
# Launch Date: 21 September 2012
# Launch Time: 11:15:40
# 
# This file created: Mon Sep 24 10:07:09 2012
# 
# 
# ------------------------------------------------------------
# DATA COLUMNS
# Time (s)
# Height (m)
# Atmospheric Pressure (hPa)
# Atmospheric Temperature (°C)
# Relative Humidity (%)
# Box Temperature (°C)
# Ozone Partial Pressure (mPa)
# Ozone Mixing Ratio (ppmV)
# Accumulated Ozone to this Height (Dobson Units)
# Remaining Ozone above this Height (Dobson Units)
# 
# ------------------------------------------------------------
# 
# Integrated Ozone = 217.4 DU
# Extrapolated Ozone =  32.9 DU
# 
# Total Ozone = 250.4 DU
# 
# 
# ------------------------------------------------------------
0 , 18 , 974.63 , -10.8 , 37 , 36.21 , 3.179 , 0.033 , 0.00 , 250.36
10 , 57 , 969.57 , -11.5 , 36 , 36.20 , 3.211 , 0.033 , 0.13 , 250.23
20 , 101 , 964.11 , -11.7 , 35 , 36.15 , 3.188 , 0.033 , 0.27 , 250.08
30 , 151 , 957.79 , -12.2 , 36 , 36.12 , 3.171 , 0.033 , 0.44 , 249.92
40 , 207 , 950.84 , -12.7 , 37 , 36.07 , 3.190 , 0.034 , 0.62 , 249.74
50 , 271 , 942.83 , -13.2 , 38 , 35.99 , 3.160 , 0.034 , 0.83 , 249.52
60 , 334 , 935.06 , -13.8 , 38 , 35.89 , 3.164 , 0.034 , 1.04 , 249.32
70 , 393 , 927.81 , -14.2 , 39 , 35.74 , 3.161 , 0.034 , 1.23 , 249.12
80 , 457 , 919.97 , -14.6 , 39 , 35.65 , 3.133 , 0.034 , 1.45 , 248.91
89 , 519 , 912.56 , -14.8 , 38 , 35.60 , 3.117 , 0.034 , 1.64 , 248.71
99 , 576 , 905.69 , -15.1 , 37 , 35.54 , 3.085 , 0.034 , 1.83 , 248.53
109 , 633 , 898.87 , -15.7 , 39 , 35.47 , 3.084 , 0.034 , 2.01 , 248.34
119 , 691 , 891.96 , -16.2 , 40 , 35.37 , 3.056 , 0.034 , 2.20 , 248.16
129 , 763 , 883.39 , -16.0 , 37 , 35.27 , 3.010 , 0.034 , 2.43 , 247.93
139 , 834 , 875.10 , -16.3 , 35 , 35.16 , 3.005 , 0.034 , 2.66 , 247.70
149 , 895 , 868.11 , -16.6 , 34 , 35.04 , 2.980 , 0.034 , 2.85 , 247.51
159 , 960 , 860.56 , -17.2 , 36 , 34.95 , 2.954 , 0.034 , 3.05 , 247.31
169 , 1022 , 853.48 , -17.8 , 36 , 34.87 , 2.933 , 0.034 , 3.24 , 247.12
179 , 1080 , 846.91 , -18.4 , 39 , 34.82 , 2.918 , 0.034 , 3.42 , 246.94
189 , 1145 , 839.58 , -19.0 , 40 , 34.76 , 2.892 , 0.034 , 3.62 , 246.74
199 , 1216 , 831.51 , -19.7 , 42 , 34.70 , 2.860 , 0.034 , 3.84 , 246.52
209 , 1286 , 823.73 , -20.3 , 44 , 34.65 , 2.850 , 0.035 , 4.05 , 246.31
219 , 1358 , 815.78 , -20.9 , 45 , 34.59 , 2.847 , 0.035 , 4.27 , 246.09
229 , 1433 , 807.48 , -21.6 , 47 , 34.50 , 2.806 , 0.035 , 4.50 , 245.86
239 , 1503 , 799.81 , -22.2 , 49 , 34.40 , 2.770 , 0.035 , 4.71 , 245.65
249 , 1564 , 793.21 , -22.7 , 50 , 34.30 , 2.746 , 0.035 , 4.89 , 245.47
259 , 1620 , 787.22 , -23.3 , 53 , 34.23 , 2.751 , 0.035 , 5.05 , 245.31
269 , 1684 , 780.34 , -23.9 , 55 , 34.16 , 2.716 , 0.035 , 5.24 , 245.12
279 , 1748 , 773.53 , -24.4 , 57 , 34.09 , 2.682 , 0.035 , 5.43 , 244.93
289 , 1801 , 767.85 , -24.7 , 59 , 34.01 , 2.674 , 0.035 , 5.58 , 244.77
299 , 1856 , 762.15 , -24.8 , 57 , 33.92 , 2.657 , 0.035 , 5.74 , 244.62
308 , 1906 , 756.88 , -24.8 , 57 , 33.84 , 2.645 , 0.035 , 5.88 , 244.47
318 , 1955 , 751.85 , -23.1 , 51 , 33.75 , 2.633 , 0.035 , 6.02 , 244.33
328 , 2007 , 746.48 , -21.7 , 46 , 33.68 , 2.602 , 0.035 , 6.17 , 244.19
338 , 2062 , 741.01 , -20.9 , 42 , 33.62 , 2.591 , 0.035 , 6.32 , 244.04
348 , 2116 , 735.58 , -21.1 , 41 , 33.54 , 2.560 , 0.035 , 6.47 , 243.89
357 , 2172 , 730.05 , -21.1 , 40 , 33.43 , 2.537 , 0.035 , 6.62 , 243.73
367 , 2233 , 723.98 , -21.0 , 40 , 33.33 , 2.511 , 0.035 , 6.79 , 243.57
377 , 2291 , 718.34 , -21.1 , 39 , 33.26 , 2.484 , 0.035 , 6.94 , 243.41
387 , 2348 , 712.84 , -20.2 , 36 , 33.24 , 2.449 , 0.034 , 7.09 , 243.26
396 , 2401 , 707.69 , -20.3 , 34 , 33.20 , 2.413 , 0.034 , 7.23 , 243.12
406 , 2460 , 702.12 , -20.4 , 33 , 33.13 , 2.364 , 0.034 , 7.38 , 242.98
416 , 2512 , 697.23 , -20.6 , 33 , 33.05 , 2.354 , 0.034 , 7.51 , 242.85
426 , 2560 , 692.63 , -20.9 , 31 , 32.95 , 2.326 , 0.034 , 7.63 , 242.72
436 , 2617 , 687.32 , -21.3 , 34 , 32.86 , 2.288 , 0.033 , 7.77 , 242.58
446 , 2671 , 682.31 , -21.7 , 34 , 32.83 , 2.304 , 0.034 , 7.91 , 242.45
456 , 2729 , 676.95 , -22.3 , 35 , 32.77 , 2.293 , 0.034 , 8.05 , 242.31
466 , 2780 , 672.31 , -22.6 , 37 , 32.71 , 2.296 , 0.034 , 8.17 , 242.18
476 , 2838 , 667.01 , -22.9 , 37 , 32.67 , 2.299 , 0.034 , 8.32 , 242.04
486 , 2900 , 661.39 , -23.3 , 36 , 32.63 , 2.283 , 0.035 , 8.47 , 241.89
496 , 2964 , 655.60 , -23.8 , 37 , 32.59 , 2.290 , 0.035 , 8.63 , 241.73
505 , 3028 , 649.84 , -24.1 , 36 , 32.55 , 2.294 , 0.035 , 8.79 , 241.57
515 , 3096 , 643.79 , -24.4 , 33 , 32.51 , 2.328 , 0.036 , 8.96 , 241.40
525 , 3169 , 637.41 , -24.9 , 25 , 32.45 , 2.313 , 0.036 , 9.14 , 241.22
535 , 3238 , 631.35 , -25.3 , 13 , 32.40 , 2.343 , 0.037 , 9.32 , 241.04
545 , 3308 , 625.30 , -25.8 , 12 , 32.32 , 2.328 , 0.037 , 9.50 , 240.86
555 , 3370 , 619.94 , -26.2 , 13 , 32.23 , 2.294 , 0.037 , 9.65 , 240.71
565 , 3437 , 614.22 , -26.6 , 10 , 32.13 , 2.254 , 0.037 , 9.82 , 240.54
575 , 3508 , 608.21 , -26.9 , 7 , 32.05 , 2.217 , 0.036 , 9.99 , 240.37
585 , 3579 , 602.24 , -27.5 , 7 , 31.99 , 2.183 , 0.036 , 10.16 , 240.19
595 , 3651 , 596.25 , -27.9 , 7 , 31.94 , 2.195 , 0.037 , 10.34 , 240.02
605 , 3728 , 589.87 , -28.5 , 7 , 31.87 , 2.225 , 0.038 , 10.52 , 239.83
615 , 3795 , 584.39 , -29.0 , 7 , 31.77 , 2.245 , 0.038 , 10.69 , 239.67
625 , 3854 , 579.54 , -29.2 , 6 , 31.69 , 2.237 , 0.039 , 10.84 , 239.52
635 , 3914 , 574.72 , -29.1 , 5 , 31.66 , 2.237 , 0.039 , 10.98 , 239.37
645 , 3973 , 570.03 , -29.3 , 5 , 31.63 , 2.226 , 0.039 , 11.13 , 239.23
655 , 4038 , 564.84 , -29.8 , 6 , 31.59 , 2.202 , 0.039 , 11.29 , 239.07
665 , 4100 , 559.90 , -30.4 , 6 , 31.55 , 2.204 , 0.039 , 11.44 , 238.92
675 , 4169 , 554.51 , -31.0 , 6 , 31.52 , 2.169 , 0.039 , 11.61 , 238.75
685 , 4232 , 549.56 , -31.6 , 7 , 31.48 , 2.150 , 0.039 , 11.76 , 238.60
695 , 4300 , 544.30 , -32.2 , 7 , 31.42 , 2.121 , 0.039 , 11.92 , 238.44
704 , 4368 , 539.13 , -32.8 , 8 , 31.37 , 2.111 , 0.039 , 12.08 , 238.28
713 , 4423 , 534.86 , -33.3 , 8 , 31.32 , 2.104 , 0.039 , 12.21 , 238.14
723 , 4489 , 529.87 , -33.9 , 9 , 31.24 , 2.084 , 0.039 , 12.37 , 237.99
733 , 4560 , 524.55 , -34.6 , 9 , 31.15 , 2.051 , 0.039 , 12.53 , 237.82
743 , 4630 , 519.31 , -35.3 , 10 , 31.07 , 2.043 , 0.039 , 12.70 , 237.66
753 , 4692 , 514.67 , -35.7 , 10 , 30.97 , 2.020 , 0.039 , 12.84 , 237.52
763 , 4757 , 509.92 , -36.3 , 12 , 30.87 , 1.986 , 0.039 , 12.99 , 237.37
773 , 4822 , 505.15 , -36.7 , 14 , 30.79 , 1.960 , 0.039 , 13.13 , 237.23
783 , 4882 , 500.72 , -37.2 , 16 , 30.75 , 1.928 , 0.039 , 13.27 , 237.09
793 , 4937 , 496.80 , -37.6 , 16 , 30.71 , 1.913 , 0.039 , 13.39 , 236.97
803 , 4988 , 493.09 , -38.0 , 18 , 30.67 , 1.897 , 0.038 , 13.50 , 236.86
813 , 5043 , 489.18 , -38.4 , 18 , 30.62 , 1.877 , 0.038 , 13.62 , 236.74
823 , 5106 , 484.73 , -38.9 , 19 , 30.57 , 1.861 , 0.038 , 13.75 , 236.61
833 , 5162 , 480.74 , -39.4 , 21 , 30.50 , 1.832 , 0.038 , 13.87 , 236.48
843 , 5222 , 476.54 , -39.7 , 26 , 30.42 , 1.809 , 0.038 , 14.00 , 236.36
853 , 5290 , 471.83 , -40.2 , 29 , 30.37 , 1.793 , 0.038 , 14.14 , 236.22
863 , 5357 , 467.26 , -40.8 , 32 , 30.33 , 1.775 , 0.038 , 14.28 , 236.08
873 , 5419 , 462.96 , -41.4 , 34 , 30.28 , 1.758 , 0.038 , 14.41 , 235.95
882 , 5482 , 458.67 , -42.0 , 37 , 30.25 , 1.738 , 0.038 , 14.53 , 235.82
892 , 5543 , 454.56 , -42.6 , 38 , 30.21 , 1.739 , 0.038 , 14.66 , 235.70
902 , 5606 , 450.36 , -43.2 , 41 , 30.17 , 1.713 , 0.038 , 14.78 , 235.57
912 , 5668 , 446.24 , -43.7 , 42 , 30.13 , 1.716 , 0.038 , 14.91 , 235.45
922 , 5732 , 441.99 , -44.2 , 43 , 30.06 , 1.693 , 0.038 , 15.04 , 235.32
932 , 5798 , 437.66 , -44.8 , 43 , 29.96 , 1.689 , 0.039 , 15.17 , 235.19
942 , 5861 , 433.53 , -45.4 , 44 , 29.84 , 1.669 , 0.039 , 15.29 , 235.06
952 , 5925 , 429.40 , -46.0 , 46 , 29.73 , 1.656 , 0.039 , 15.42 , 234.94
962 , 5983 , 425.64 , -46.6 , 48 , 29.67 , 1.661 , 0.039 , 15.54 , 234.82
972 , 6040 , 422.00 , -47.1 , 51 , 29.65 , 1.643 , 0.039 , 15.65 , 234.71
982 , 6102 , 418.09 , -47.6 , 52 , 29.61 , 1.628 , 0.039 , 15.77 , 234.59
992 , 6165 , 414.08 , -48.2 , 54 , 29.56 , 1.609 , 0.039 , 15.89 , 234.47
1002 , 6232 , 409.86 , -48.7 , 52 , 29.48 , 1.601 , 0.039 , 16.02 , 234.34
1012 , 6297 , 405.84 , -49.3 , 48 , 29.37 , 1.590 , 0.039 , 16.14 , 234.21
1022 , 6359 , 402.03 , -49.8 , 42 , 29.28 , 1.568 , 0.039 , 16.26 , 234.10
1031 , 6417 , 398.45 , -50.2 , 34 , 29.25 , 1.564 , 0.039 , 16.37 , 233.99
1041 , 6482 , 394.54 , -50.7 , 30 , 29.20 , 1.546 , 0.039 , 16.49 , 233.86
1051 , 6545 , 390.74 , -51.2 , 28 , 29.13 , 1.529 , 0.039 , 16.61 , 233.75
1061 , 6613 , 386.65 , -51.5 , 25 , 29.09 , 1.512 , 0.039 , 16.74 , 233.62
1071 , 6682 , 382.57 , -52.0 , 23 , 29.05 , 1.489 , 0.039 , 16.86 , 233.49
1081 , 6742 , 379.02 , -52.4 , 21 , 29.02 , 1.491 , 0.039 , 16.97 , 233.39
1091 , 6805 , 375.34 , -52.8 , 21 , 28.97 , 1.486 , 0.040 , 17.09 , 233.27
1101 , 6869 , 371.60 , -53.3 , 21 , 28.92 , 1.482 , 0.040 , 17.20 , 233.15
1111 , 6926 , 368.34 , -53.8 , 21 , 28.88 , 1.485 , 0.040 , 17.31 , 233.05
1121 , 6991 , 364.61 , -54.4 , 21 , 28.84 , 1.489 , 0.041 , 17.43 , 232.93
1131 , 7061 , 360.68 , -54.8 , 21 , 28.80 , 1.483 , 0.041 , 17.55 , 232.80
1141 , 7119 , 357.40 , -55.4 , 22 , 28.73 , 1.468 , 0.041 , 17.66 , 232.70
1151 , 7173 , 354.39 , -55.9 , 22 , 28.66 , 1.431 , 0.040 , 17.76 , 232.60
1161 , 7227 , 351.37 , -56.4 , 23 , 28.60 , 1.418 , 0.040 , 17.85 , 232.50
1171 , 7287 , 348.05 , -56.9 , 25 , 28.56 , 1.387 , 0.040 , 17.96 , 232.40
1181 , 7345 , 344.90 , -57.4 , 26 , 28.50 , 1.366 , 0.040 , 18.06 , 232.30
1191 , 7409 , 341.41 , -57.9 , 27 , 28.44 , 1.378 , 0.040 , 18.17 , 232.19
1201 , 7473 , 337.95 , -58.4 , 28 , 28.36 , 1.390 , 0.041 , 18.28 , 232.08
1211 , 7544 , 334.13 , -59.0 , 28 , 28.27 , 1.391 , 0.042 , 18.40 , 231.95
1221 , 7603 , 331.01 , -59.4 , 28 , 28.17 , 1.409 , 0.043 , 18.51 , 231.85
1231 , 7664 , 327.78 , -59.8 , 29 , 28.10 , 1.400 , 0.043 , 18.62 , 231.74
1241 , 7730 , 324.34 , -59.9 , 29 , 28.06 , 1.415 , 0.044 , 18.73 , 231.62
1251 , 7794 , 321.07 , -60.1 , 28 , 28.00 , 1.439 , 0.045 , 18.85 , 231.51
1261 , 7853 , 318.01 , -60.4 , 26 , 27.94 , 1.469 , 0.046 , 18.96 , 231.40
1271 , 7915 , 314.87 , -60.7 , 25 , 27.88 , 1.487 , 0.047 , 19.07 , 231.29
1281 , 7976 , 311.77 , -61.1 , 23 , 27.80 , 1.480 , 0.047 , 19.19 , 231.17
1291 , 8040 , 308.60 , -61.5 , 22 , 27.72 , 1.492 , 0.048 , 19.31 , 231.05
1301 , 8108 , 305.24 , -61.5 , 20 , 27.64 , 1.500 , 0.049 , 19.44 , 230.92
1311 , 8179 , 301.74 , -61.8 , 18 , 27.56 , 1.524 , 0.051 , 19.58 , 230.78
1321 , 8236 , 298.99 , -62.2 , 16 , 27.51 , 1.523 , 0.051 , 19.69 , 230.67
1330 , 8288 , 296.45 , -62.6 , 15 , 27.46 , 1.520 , 0.051 , 19.79 , 230.57
1340 , 8347 , 293.64 , -62.9 , 14 , 27.41 , 1.513 , 0.052 , 19.90 , 230.46
1350 , 8394 , 291.42 , -62.9 , 14 , 27.35 , 1.513 , 0.052 , 19.99 , 230.37
1360 , 8440 , 289.24 , -62.9 , 13 , 27.29 , 1.567 , 0.054 , 20.08 , 230.27
1370 , 8495 , 286.66 , -63.1 , 12 , 27.24 , 1.658 , 0.058 , 20.20 , 230.16
1380 , 8545 , 284.33 , -63.6 , 12 , 27.19 , 1.715 , 0.060 , 20.31 , 230.05
1390 , 8589 , 282.28 , -64.0 , 12 , 27.14 , 1.741 , 0.062 , 20.40 , 229.95
1400 , 8640 , 279.96 , -64.3 , 11 , 27.09 , 1.772 , 0.063 , 20.52 , 229.84
1410 , 8698 , 277.33 , -64.3 , 11 , 27.03 , 1.774 , 0.064 , 20.65 , 229.71
1420 , 8734 , 275.69 , -64.1 , 11 , 26.95 , 1.808 , 0.066 , 20.74 , 229.62
1430 , 8773 , 273.94 , -64.1 , 11 , 26.89 , 1.859 , 0.068 , 20.83 , 229.53
1440 , 8813 , 272.16 , -64.1 , 10 , 26.84 , 1.944 , 0.071 , 20.93 , 229.43
1450 , 8866 , 269.79 , -64.0 , 10 , 26.78 , 2.039 , 0.076 , 21.06 , 229.29
1460 , 8930 , 266.98 , -63.7 , 10 , 26.72 , 2.284 , 0.086 , 21.24 , 229.12
1470 , 8991 , 264.36 , -63.9 , 9 , 26.64 , 2.638 , 0.100 , 21.43 , 228.92
1480 , 9056 , 261.54 , -64.4 , 9 , 26.56 , 2.857 , 0.109 , 21.67 , 228.69
1490 , 9127 , 258.53 , -64.9 , 8 , 26.49 , 2.974 , 0.115 , 21.93 , 228.43
1500 , 9186 , 256.02 , -65.3 , 8 , 26.41 , 3.032 , 0.118 , 22.16 , 228.19
1510 , 9244 , 253.62 , -65.6 , 8 , 26.33 , 3.045 , 0.120 , 22.39 , 227.97
1520 , 9291 , 251.66 , -65.9 , 8 , 26.26 , 3.077 , 0.122 , 22.58 , 227.78
1530 , 9334 , 249.87 , -66.0 , 8 , 26.20 , 3.114 , 0.125 , 22.75 , 227.61
1540 , 9383 , 247.85 , -65.8 , 8 , 26.14 , 3.195 , 0.129 , 22.95 , 227.40
1550 , 9443 , 245.42 , -65.5 , 7 , 26.08 , 3.399 , 0.138 , 23.21 , 227.15
1560 , 9493 , 243.41 , -65.6 , 7 , 26.01 , 3.619 , 0.149 , 23.44 , 226.92
1570 , 9539 , 241.60 , -65.8 , 7 , 25.94 , 3.826 , 0.158 , 23.66 , 226.70
1580 , 9583 , 239.84 , -65.8 , 7 , 25.88 , 3.929 , 0.164 , 23.88 , 226.48
1590 , 9627 , 238.11 , -65.7 , 7 , 25.81 , 3.990 , 0.168 , 24.11 , 226.25
1600 , 9678 , 236.10 , -66.0 , 7 , 25.75 , 4.042 , 0.171 , 24.37 , 225.98
1610 , 9725 , 234.29 , -65.8 , 7 , 25.69 , 4.071 , 0.174 , 24.62 , 225.74
1620 , 9769 , 232.61 , -65.8 , 7 , 25.63 , 4.117 , 0.177 , 24.85 , 225.50
1629 , 9810 , 231.04 , -65.9 , 7 , 25.57 , 4.135 , 0.179 , 25.07 , 225.28
1639 , 9850 , 229.50 , -66.1 , 6 , 25.51 , 4.149 , 0.181 , 25.29 , 225.07
1649 , 9894 , 227.86 , -66.3 , 6 , 25.45 , 4.167 , 0.183 , 25.53 , 224.83
1659 , 9940 , 226.13 , -66.4 , 6 , 25.38 , 4.192 , 0.185 , 25.78 , 224.58
1669 , 9995 , 224.06 , -66.3 , 6 , 25.31 , 4.251 , 0.190 , 26.09 , 224.27
1679 , 10048 , 222.11 , -66.6 , 6 , 25.25 , 4.390 , 0.198 , 26.38 , 223.97
1688 , 10097 , 220.31 , -66.8 , 6 , 25.19 , 4.451 , 0.202 , 26.67 , 223.69
1698 , 10139 , 218.81 , -67.0 , 6 , 25.13 , 4.543 , 0.208 , 26.91 , 223.45
1708 , 10186 , 217.10 , -67.2 , 6 , 25.06 , 4.631 , 0.213 , 27.19 , 223.16
1718 , 10253 , 214.72 , -67.0 , 6 , 24.99 , 4.683 , 0.218 , 27.60 , 222.76
1728 , 10307 , 212.78 , -67.2 , 6 , 24.92 , 4.777 , 0.224 , 27.94 , 222.42
1738 , 10367 , 210.68 , -67.7 , 6 , 24.85 , 4.817 , 0.229 , 28.31 , 222.04
1748 , 10420 , 208.82 , -67.9 , 6 , 24.79 , 4.883 , 0.234 , 28.65 , 221.71
1758 , 10474 , 206.95 , -68.3 , 6 , 24.72 , 4.896 , 0.237 , 29.00 , 221.36
1768 , 10532 , 204.96 , -68.9 , 6 , 24.65 , 4.867 , 0.237 , 29.37 , 220.98
1778 , 10584 , 203.18 , -69.2 , 6 , 24.58 , 4.877 , 0.240 , 29.71 , 220.65
1788 , 10633 , 201.52 , -68.9 , 6 , 24.51 , 4.914 , 0.244 , 30.02 , 220.33
1798 , 10678 , 200.02 , -68.9 , 6 , 24.45 , 4.927 , 0.246 , 30.31 , 220.04
1808 , 10721 , 198.58 , -68.6 , 6 , 24.38 , 4.983 , 0.251 , 30.60 , 219.76
1818 , 10765 , 197.13 , -68.2 , 6 , 24.31 , 5.039 , 0.256 , 30.89 , 219.47
1828 , 10808 , 195.72 , -68.1 , 6 , 24.25 , 5.167 , 0.264 , 31.18 , 219.18
1838 , 10849 , 194.39 , -68.1 , 6 , 24.18 , 5.266 , 0.271 , 31.46 , 218.90
1848 , 10893 , 192.97 , -68.2 , 6 , 24.12 , 5.299 , 0.275 , 31.76 , 218.59
1858 , 10939 , 191.51 , -68.2 , 6 , 24.05 , 5.291 , 0.276 , 32.08 , 218.28
1868 , 10980 , 190.18 , -67.9 , 6 , 23.98 , 5.246 , 0.276 , 32.37 , 217.99
1878 , 11024 , 188.80 , -67.9 , 6 , 23.91 , 5.268 , 0.279 , 32.67 , 217.69
1888 , 11069 , 187.41 , -67.4 , 6 , 23.84 , 5.383 , 0.287 , 32.98 , 217.37
1898 , 11114 , 186.02 , -67.3 , 5 , 23.78 , 5.477 , 0.294 , 33.30 , 217.06
1908 , 11161 , 184.57 , -67.6 , 5 , 23.71 , 5.530 , 0.300 , 33.64 , 216.72
1918 , 11206 , 183.18 , -68.1 , 5 , 23.64 , 5.560 , 0.303 , 33.97 , 216.39
1928 , 11250 , 181.85 , -68.5 , 5 , 23.57 , 5.497 , 0.302 , 34.29 , 216.07
1937 , 11290 , 180.64 , -68.5 , 5 , 23.51 , 5.422 , 0.300 , 34.58 , 215.78
1947 , 11328 , 179.49 , -68.2 , 5 , 23.44 , 5.338 , 0.297 , 34.85 , 215.51
1957 , 11372 , 178.17 , -68.1 , 4 , 23.38 , 5.269 , 0.296 , 35.16 , 215.20
1967 , 11421 , 176.74 , -68.1 , 4 , 23.31 , 5.253 , 0.297 , 35.49 , 214.87
1977 , 11466 , 175.41 , -68.4 , 4 , 23.24 , 5.246 , 0.299 , 35.80 , 214.55
1987 , 11509 , 174.16 , -68.8 , 4 , 23.17 , 5.225 , 0.300 , 36.10 , 214.26
1997 , 11550 , 172.96 , -69.2 , 4 , 23.10 , 5.203 , 0.301 , 36.39 , 213.97
2007 , 11591 , 171.78 , -69.1 , 4 , 23.03 , 5.206 , 0.303 , 36.67 , 213.69
2017 , 11631 , 170.64 , -68.7 , 4 , 22.97 , 5.207 , 0.305 , 36.94 , 213.42
2027 , 11671 , 169.51 , -68.6 , 4 , 22.90 , 5.217 , 0.308 , 37.21 , 213.14
2037 , 11715 , 168.27 , -68.4 , 4 , 22.83 , 5.244 , 0.312 , 37.52 , 212.84
2047 , 11771 , 166.71 , -68.2 , 4 , 22.77 , 5.262 , 0.316 , 37.90 , 212.45
2057 , 11820 , 165.34 , -68.3 , 4 , 22.70 , 5.273 , 0.319 , 38.25 , 212.11
2067 , 11861 , 164.21 , -68.2 , 4 , 22.63 , 5.393 , 0.328 , 38.53 , 211.82
2077 , 11901 , 163.12 , -68.3 , 4 , 22.55 , 5.498 , 0.337 , 38.82 , 211.54
2087 , 11945 , 161.93 , -68.4 , 4 , 22.49 , 5.683 , 0.351 , 39.14 , 211.22
2097 , 11986 , 160.83 , -68.7 , 4 , 22.42 , 5.866 , 0.365 , 39.45 , 210.90
2107 , 12027 , 159.73 , -68.7 , 4 , 22.35 , 5.863 , 0.367 , 39.77 , 210.59
2117 , 12069 , 158.61 , -68.7 , 4 , 22.28 , 5.765 , 0.364 , 40.09 , 210.26
2127 , 12113 , 157.45 , -68.5 , 4 , 22.20 , 5.699 , 0.362 , 40.43 , 209.93
2137 , 12156 , 156.32 , -68.4 , 4 , 22.13 , 5.639 , 0.361 , 40.75 , 209.61
2147 , 12200 , 155.18 , -68.6 , 4 , 22.06 , 5.565 , 0.359 , 41.07 , 209.28
2157 , 12241 , 154.11 , -68.5 , 3 , 21.99 , 5.471 , 0.355 , 41.37 , 208.98
2167 , 12284 , 153.02 , -68.5 , 3 , 21.93 , 5.296 , 0.346 , 41.67 , 208.68
2177 , 12325 , 151.97 , -68.6 , 3 , 21.86 , 5.143 , 0.338 , 41.96 , 208.40
2187 , 12366 , 150.95 , -69.0 , 3 , 21.80 , 5.083 , 0.337 , 42.23 , 208.13
2197 , 12406 , 149.93 , -69.1 , 3 , 21.73 , 5.093 , 0.340 , 42.50 , 207.85
2207 , 12446 , 148.92 , -68.9 , 3 , 21.66 , 5.172 , 0.347 , 42.78 , 207.58
2217 , 12488 , 147.90 , -68.9 , 3 , 21.60 , 5.262 , 0.356 , 43.06 , 207.30
2226 , 12528 , 146.90 , -68.7 , 3 , 21.54 , 5.308 , 0.361 , 43.34 , 207.01
2236 , 12567 , 145.94 , -68.8 , 3 , 21.47 , 5.351 , 0.367 , 43.62 , 206.74
2246 , 12608 , 144.96 , -68.6 , 3 , 21.40 , 5.359 , 0.370 , 43.90 , 206.45
2256 , 12650 , 143.94 , -68.5 , 3 , 21.33 , 5.351 , 0.372 , 44.20 , 206.16
2266 , 12692 , 142.93 , -68.3 , 3 , 21.27 , 5.466 , 0.382 , 44.50 , 205.86
2276 , 12733 , 141.96 , -68.3 , 3 , 21.20 , 5.549 , 0.391 , 44.80 , 205.56
2286 , 12772 , 141.04 , -68.6 , 3 , 21.13 , 5.561 , 0.394 , 45.08 , 205.27
2296 , 12814 , 140.05 , -69.0 , 3 , 21.07 , 5.592 , 0.399 , 45.39 , 204.96
2305 , 12853 , 139.14 , -69.1 , 3 , 21.01 , 5.595 , 0.402 , 45.68 , 204.68
2315 , 12892 , 138.23 , -68.9 , 3 , 20.94 , 5.618 , 0.406 , 45.97 , 204.39
2325 , 12932 , 137.30 , -68.9 , 3 , 20.88 , 5.635 , 0.410 , 46.27 , 204.09
2335 , 12972 , 136.39 , -68.9 , 3 , 20.81 , 5.639 , 0.413 , 46.57 , 203.79
2345 , 13014 , 135.45 , -68.6 , 2 , 20.74 , 5.607 , 0.414 , 46.87 , 203.48
2355 , 13057 , 134.47 , -68.5 , 2 , 20.67 , 5.558 , 0.413 , 47.19 , 203.16
2365 , 13099 , 133.54 , -68.7 , 2 , 20.61 , 5.553 , 0.416 , 47.50 , 202.86
2375 , 13139 , 132.65 , -69.0 , 2 , 20.55 , 5.526 , 0.417 , 47.79 , 202.57
2385 , 13179 , 131.76 , -68.9 , 2 , 20.49 , 5.582 , 0.424 , 48.08 , 202.27
2395 , 13222 , 130.81 , -68.7 , 2 , 20.43 , 5.680 , 0.434 , 48.41 , 201.95
2405 , 13264 , 129.89 , -68.6 , 2 , 20.37 , 5.851 , 0.450 , 48.73 , 201.63
2415 , 13307 , 128.96 , -68.8 , 2 , 20.31 , 5.983 , 0.464 , 49.06 , 201.29
2425 , 13350 , 128.04 , -68.9 , 2 , 20.25 , 6.110 , 0.477 , 49.40 , 200.95
2435 , 13394 , 127.11 , -68.5 , 2 , 20.18 , 6.294 , 0.495 , 49.76 , 200.59
2445 , 13438 , 126.17 , -68.7 , 2 , 20.13 , 6.478 , 0.513 , 50.13 , 200.22
2455 , 13480 , 125.30 , -68.5 , 2 , 20.07 , 6.609 , 0.527 , 50.49 , 199.86
2465 , 13524 , 124.38 , -68.5 , 2 , 20.01 , 6.740 , 0.542 , 50.88 , 199.48
2475 , 13569 , 123.45 , -68.5 , 2 , 19.95 , 6.855 , 0.555 , 51.28 , 199.07
2485 , 13611 , 122.58 , -68.4 , 2 , 19.90 , 6.943 , 0.566 , 51.67 , 198.69
2495 , 13657 , 121.65 , -68.5 , 2 , 19.84 , 6.989 , 0.574 , 52.09 , 198.27
2505 , 13703 , 120.72 , -68.4 , 2 , 19.79 , 7.064 , 0.585 , 52.51 , 197.84
2515 , 13751 , 119.76 , -68.2 , 2 , 19.73 , 7.188 , 0.600 , 52.96 , 197.39
2524 , 13799 , 118.81 , -68.0 , 2 , 19.68 , 7.364 , 0.620 , 53.42 , 196.94
2534 , 13847 , 117.85 , -68.0 , 2 , 19.63 , 7.503 , 0.637 , 53.90 , 196.46
2544 , 13895 , 116.92 , -68.1 , 2 , 19.58 , 7.496 , 0.641 , 54.37 , 195.99
2554 , 13943 , 115.98 , -68.4 , 2 , 19.52 , 7.402 , 0.638 , 54.84 , 195.52
2564 , 13993 , 115.02 , -68.6 , 2 , 19.47 , 7.276 , 0.633 , 55.32 , 195.04
2574 , 14041 , 114.10 , -69.0 , 2 , 19.42 , 7.057 , 0.619 , 55.78 , 194.58
2584 , 14089 , 113.18 , -69.1 , 2 , 19.37 , 6.792 , 0.600 , 56.22 , 194.14
2594 , 14136 , 112.29 , -69.2 , 2 , 19.31 , 6.376 , 0.568 , 56.63 , 193.73
2604 , 14183 , 111.42 , -69.0 , 2 , 19.26 , 5.896 , 0.529 , 57.00 , 193.35
2614 , 14230 , 110.54 , -68.9 , 2 , 19.21 , 5.269 , 0.477 , 57.35 , 193.01
2624 , 14276 , 109.70 , -69.0 , 2 , 19.15 , 4.692 , 0.428 , 57.65 , 192.71
2634 , 14321 , 108.87 , -68.8 , 2 , 19.11 , 4.151 , 0.381 , 57.92 , 192.44
2644 , 14367 , 108.05 , -68.6 , 2 , 19.05 , 3.978 , 0.368 , 58.16 , 192.20
2654 , 14410 , 107.27 , -68.7 , 2 , 19.00 , 4.183 , 0.390 , 58.39 , 191.96
2664 , 14451 , 106.53 , -68.8 , 2 , 18.95 , 4.453 , 0.418 , 58.63 , 191.73
2674 , 14494 , 105.78 , -68.6 , 2 , 18.90 , 4.764 , 0.450 , 58.89 , 191.47
2684 , 14536 , 105.03 , -68.6 , 2 , 18.85 , 4.984 , 0.475 , 59.16 , 191.20
2694 , 14579 , 104.28 , -68.8 , 2 , 18.80 , 4.957 , 0.475 , 59.44 , 190.91
2704 , 14623 , 103.52 , -69.0 , 2 , 18.74 , 4.699 , 0.454 , 59.72 , 190.64
2713 , 14668 , 102.74 , -69.1 , 2 , 18.70 , 4.291 , 0.418 , 59.99 , 190.37
2724 , 14712 , 101.98 , -69.0 , 2 , 18.65 , 3.883 , 0.381 , 60.23 , 190.13
2734 , 14754 , 101.27 , -69.0 , 2 , 18.60 , 3.666 , 0.362 , 60.43 , 189.92
2744 , 14797 , 100.55 , -69.1 , 2 , 18.55 , 3.740 , 0.372 , 60.65 , 189.71
2754 , 14840 , 99.82 , -69.3 , 2 , 18.50 , 3.880 , 0.389 , 60.86 , 189.49
2764 , 14883 , 99.10 , -69.3 , 2 , 18.45 , 4.029 , 0.407 , 61.09 , 189.27
2774 , 14926 , 98.39 , -69.1 , 2 , 18.40 , 4.481 , 0.455 , 61.33 , 189.03
2784 , 14969 , 97.69 , -69.1 , 2 , 18.35 , 5.102 , 0.522 , 61.60 , 188.76
2794 , 15012 , 96.98 , -68.9 , 2 , 18.30 , 5.721 , 0.590 , 61.91 , 188.45
2804 , 15056 , 96.28 , -68.8 , 2 , 18.26 , 6.227 , 0.647 , 62.26 , 188.10
2813 , 15098 , 95.60 , -68.9 , 2 , 18.21 , 6.509 , 0.681 , 62.61 , 187.75
2823 , 15142 , 94.90 , -68.9 , 2 , 18.16 , 6.581 , 0.693 , 62.99 , 187.37
2833 , 15190 , 94.15 , -69.1 , 2 , 18.11 , 6.572 , 0.698 , 63.40 , 186.95
2843 , 15236 , 93.42 , -69.3 , 2 , 18.07 , 6.470 , 0.693 , 63.80 , 186.56
2853 , 15279 , 92.75 , -69.5 , 2 , 18.02 , 6.446 , 0.695 , 64.17 , 186.19
2863 , 15322 , 92.08 , -69.7 , 3 , 17.98 , 6.440 , 0.699 , 64.54 , 185.82
2873 , 15365 , 91.42 , -69.6 , 3 , 17.93 , 6.487 , 0.710 , 64.91 , 185.45
2882 , 15406 , 90.80 , -69.4 , 3 , 17.88 , 6.556 , 0.722 , 65.26 , 185.10
2892 , 15447 , 90.17 , -69.4 , 3 , 17.84 , 6.608 , 0.733 , 65.62 , 184.74
2902 , 15489 , 89.54 , -69.2 , 3 , 17.79 , 6.571 , 0.734 , 65.98 , 184.37
2912 , 15533 , 88.89 , -69.1 , 3 , 17.74 , 6.442 , 0.725 , 66.36 , 184.00
2922 , 15575 , 88.26 , -69.1 , 3 , 17.69 , 6.304 , 0.714 , 66.71 , 183.65
2932 , 15618 , 87.63 , -69.0 , 3 , 17.64 , 6.154 , 0.702 , 67.07 , 183.29
2942 , 15661 , 87.00 , -69.2 , 3 , 17.60 , 6.078 , 0.699 , 67.41 , 182.95
2952 , 15706 , 86.34 , -69.5 , 3 , 17.55 , 6.086 , 0.705 , 67.78 , 182.58
2962 , 15747 , 85.75 , -69.6 , 3 , 17.51 , 6.115 , 0.713 , 68.11 , 182.25
2972 , 15784 , 85.22 , -69.7 , 3 , 17.46 , 6.119 , 0.718 , 68.41 , 181.95
2982 , 15822 , 84.67 , -69.9 , 3 , 17.41 , 6.127 , 0.724 , 68.72 , 181.64
2992 , 15862 , 84.11 , -69.7 , 3 , 17.36 , 6.124 , 0.728 , 69.04 , 181.32
3002 , 15902 , 83.55 , -69.5 , 3 , 17.31 , 6.001 , 0.718 , 69.36 , 180.99
3012 , 15942 , 82.99 , -69.4 , 3 , 17.26 , 5.758 , 0.694 , 69.67 , 180.68
3022 , 15983 , 82.42 , -69.2 , 3 , 17.22 , 5.405 , 0.656 , 69.98 , 180.38
3032 , 16026 , 81.83 , -69.1 , 3 , 17.17 , 5.010 , 0.612 , 70.27 , 180.09
3042 , 16070 , 81.23 , -69.1 , 3 , 17.13 , 4.678 , 0.576 , 70.55 , 179.80
3052 , 16112 , 80.66 , -69.2 , 3 , 17.08 , 4.446 , 0.551 , 70.81 , 179.55
3062 , 16156 , 80.07 , -69.2 , 3 , 17.03 , 4.217 , 0.527 , 71.06 , 179.30
3072 , 16198 , 79.50 , -69.2 , 3 , 16.99 , 3.973 , 0.500 , 71.29 , 179.07
3082 , 16243 , 78.91 , -69.2 , 3 , 16.94 , 3.776 , 0.479 , 71.52 , 178.84
3092 , 16288 , 78.32 , -68.7 , 3 , 16.89 , 3.618 , 0.462 , 71.74 , 178.62
3102 , 16334 , 77.71 , -68.3 , 3 , 16.84 , 3.524 , 0.453 , 71.96 , 178.40
3111 , 16378 , 77.15 , -68.2 , 3 , 16.80 , 3.478 , 0.451 , 72.16 , 178.20
3121 , 16422 , 76.58 , -68.4 , 3 , 16.75 , 3.493 , 0.456 , 72.36 , 178.00
3131 , 16470 , 75.97 , -68.6 , 2 , 16.70 , 3.514 , 0.463 , 72.58 , 177.78
3141 , 16519 , 75.35 , -68.6 , 2 , 16.65 , 3.577 , 0.475 , 72.81 , 177.55
3151 , 16567 , 74.76 , -68.6 , 2 , 16.60 , 3.625 , 0.485 , 73.04 , 177.32
3161 , 16614 , 74.17 , -68.6 , 2 , 16.55 , 3.674 , 0.495 , 73.26 , 177.09
3171 , 16662 , 73.58 , -68.5 , 2 , 16.50 , 3.709 , 0.504 , 73.50 , 176.86
3181 , 16709 , 73.01 , -68.7 , 2 , 16.45 , 3.746 , 0.513 , 73.73 , 176.63
3191 , 16754 , 72.46 , -68.8 , 2 , 16.40 , 3.902 , 0.539 , 73.95 , 176.40
3201 , 16799 , 71.91 , -68.8 , 2 , 16.35 , 4.225 , 0.588 , 74.20 , 176.16
3211 , 16844 , 71.38 , -69.0 , 2 , 16.30 , 4.617 , 0.647 , 74.46 , 175.90
3221 , 16888 , 70.85 , -68.9 , 2 , 16.25 , 4.842 , 0.683 , 74.73 , 175.62
3231 , 16932 , 70.33 , -69.0 , 2 , 16.20 , 4.899 , 0.697 , 75.02 , 175.34
3241 , 16977 , 69.81 , -69.1 , 2 , 16.14 , 4.889 , 0.700 , 75.30 , 175.05
3251 , 17021 , 69.29 , -69.3 , 2 , 16.09 , 4.909 , 0.709 , 75.59 , 174.77
3261 , 17064 , 68.79 , -69.3 , 2 , 16.04 , 4.977 , 0.724 , 75.87 , 174.49
3271 , 17108 , 68.29 , -69.2 , 2 , 15.99 , 5.136 , 0.752 , 76.17 , 174.19
3281 , 17151 , 67.79 , -69.0 , 2 , 15.94 , 5.438 , 0.802 , 76.47 , 173.89
3291 , 17196 , 67.29 , -69.2 , 2 , 15.88 , 5.728 , 0.851 , 76.80 , 173.56
3301 , 17240 , 66.79 , -69.3 , 2 , 15.83 , 5.878 , 0.880 , 77.14 , 173.22
3311 , 17283 , 66.31 , -69.3 , 2 , 15.78 , 5.814 , 0.877 , 77.47 , 172.89
3321 , 17326 , 65.84 , -69.1 , 2 , 15.72 , 5.636 , 0.856 , 77.80 , 172.56
3331 , 17369 , 65.37 , -68.6 , 2 , 15.67 , 5.397 , 0.826 , 78.11 , 172.25
3341 , 17412 , 64.90 , -68.4 , 2 , 15.62 , 5.273 , 0.812 , 78.41 , 171.95
3351 , 17456 , 64.42 , -68.1 , 2 , 15.57 , 5.406 , 0.839 , 78.72 , 171.64
3361 , 17498 , 63.97 , -68.0 , 2 , 15.51 , 5.609 , 0.877 , 79.02 , 171.33
3371 , 17542 , 63.51 , -68.1 , 2 , 15.46 , 5.748 , 0.905 , 79.35 , 171.01
3381 , 17583 , 63.07 , -68.0 , 2 , 15.41 , 5.843 , 0.926 , 79.67 , 170.69
3391 , 17627 , 62.61 , -67.8 , 2 , 15.36 , 6.242 , 0.997 , 80.02 , 170.34
3400 , 17672 , 62.15 , -67.7 , 2 , 15.31 , 6.687 , 1.076 , 80.40 , 169.96
3410 , 17715 , 61.70 , -67.8 , 2 , 15.26 , 7.028 , 1.139 , 80.79 , 169.57
3420 , 17762 , 61.22 , -67.7 , 2 , 15.21 , 7.061 , 1.153 , 81.22 , 169.14
3430 , 17810 , 60.74 , -67.5 , 2 , 15.16 , 6.699 , 1.103 , 81.65 , 168.71
3440 , 17859 , 60.24 , -67.4 , 2 , 15.11 , 6.414 , 1.065 , 82.07 , 168.28
3450 , 17909 , 59.75 , -67.6 , 2 , 15.05 , 6.239 , 1.044 , 82.48 , 167.87
3460 , 17959 , 59.25 , -67.5 , 2 , 15.00 , 6.391 , 1.079 , 82.90 , 167.46
3470 , 18010 , 58.76 , -67.2 , 2 , 14.95 , 7.318 , 1.246 , 83.36 , 167.00
3480 , 18059 , 58.28 , -67.2 , 2 , 14.90 , 8.519 , 1.462 , 83.86 , 166.50
3490 , 18106 , 57.83 , -67.2 , 2 , 14.85 , 9.732 , 1.683 , 84.42 , 165.93
3499 , 18151 , 57.40 , -67.0 , 2 , 14.80 , 10.746 , 1.872 , 85.03 , 165.33
3509 , 18199 , 56.94 , -66.7 , 2 , 14.75 , 11.640 , 2.044 , 85.73 , 164.63
3519 , 18250 , 56.47 , -66.7 , 2 , 14.70 , 12.630 , 2.237 , 86.54 , 163.82
3529 , 18301 , 55.99 , -66.7 , 2 , 14.65 , 13.131 , 2.345 , 87.39 , 162.96
3539 , 18350 , 55.54 , -66.7 , 2 , 14.60 , 13.413 , 2.415 , 88.25 , 162.11
3549 , 18400 , 55.08 , -66.5 , 2 , 14.55 , 13.571 , 2.464 , 89.14 , 161.22
3559 , 18448 , 54.64 , -66.4 , 2 , 14.50 , 13.629 , 2.494 , 89.99 , 160.37
3569 , 18497 , 54.20 , -66.5 , 2 , 14.45 , 13.751 , 2.537 , 90.86 , 159.50
3579 , 18545 , 53.78 , -66.4 , 2 , 14.40 , 13.873 , 2.580 , 91.72 , 158.64
3589 , 18590 , 53.37 , -66.4 , 2 , 14.36 , 14.027 , 2.628 , 92.55 , 157.81
3599 , 18639 , 52.95 , -66.6 , 2 , 14.31 , 14.180 , 2.678 , 93.44 , 156.92
3609 , 18684 , 52.55 , -66.8 , 2 , 14.26 , 14.312 , 2.723 , 94.29 , 156.07
3619 , 18731 , 52.15 , -67.0 , 2 , 14.21 , 14.471 , 2.775 , 95.16 , 155.20
3629 , 18777 , 51.75 , -67.0 , 1 , 14.16 , 14.534 , 2.809 , 96.04 , 154.31
3639 , 18824 , 51.35 , -66.9 , 1 , 14.11 , 14.456 , 2.815 , 96.92 , 153.44
3649 , 18870 , 50.96 , -66.7 , 1 , 14.06 , 14.513 , 2.848 , 97.79 , 152.57
3659 , 18916 , 50.57 , -66.5 , 1 , 14.02 , 13.995 , 2.768 , 98.66 , 151.70
3669 , 18963 , 50.18 , -66.6 , 1 , 13.97 , 13.291 , 2.648 , 99.48 , 150.87
3679 , 19009 , 49.80 , -66.6 , 1 , 13.92 , 12.522 , 2.514 , 100.27 , 150.09
3689 , 19059 , 49.39 , -66.5 , 1 , 13.87 , 11.706 , 2.370 , 101.06 , 149.30
3698 , 19107 , 49.00 , -66.7 , 1 , 13.83 , 11.380 , 2.323 , 101.78 , 148.58
3707 , 19150 , 48.65 , -66.8 , 1 , 13.79 , 11.264 , 2.315 , 102.42 , 147.94
3717 , 19199 , 48.26 , -66.9 , 1 , 13.75 , 11.150 , 2.310 , 103.13 , 147.23
3727 , 19250 , 47.86 , -66.9 , 1 , 13.70 , 10.639 , 2.223 , 103.86 , 146.50
3737 , 19302 , 47.45 , -67.0 , 1 , 13.65 , 9.970 , 2.101 , 104.56 , 145.80
3747 , 19354 , 47.04 , -67.2 , 1 , 13.60 , 9.169 , 1.949 , 105.21 , 145.15
3757 , 19406 , 46.63 , -67.1 , 1 , 13.55 , 8.447 , 1.812 , 105.81 , 144.54
3767 , 19461 , 46.21 , -66.8 , 1 , 13.51 , 7.938 , 1.718 , 106.40 , 143.96
3777 , 19515 , 45.80 , -66.6 , 1 , 13.47 , 8.344 , 1.822 , 106.97 , 143.39
3787 , 19566 , 45.41 , -66.5 , 1 , 13.42 , 9.034 , 1.989 , 107.55 , 142.80
3797 , 19619 , 45.01 , -66.4 , 1 , 13.37 , 9.869 , 2.192 , 108.21 , 142.15
3807 , 19670 , 44.64 , -66.2 , 1 , 13.32 , 10.572 , 2.368 , 108.89 , 141.47
3817 , 19718 , 44.28 , -66.1 , 1 , 13.28 , 11.091 , 2.504 , 109.57 , 140.79
3827 , 19767 , 43.93 , -65.7 , 1 , 13.23 , 11.574 , 2.635 , 110.28 , 140.08
3837 , 19812 , 43.60 , -65.8 , 1 , 13.19 , 12.070 , 2.768 , 110.98 , 139.38
3847 , 19861 , 43.26 , -66.1 , 1 , 13.14 , 12.313 , 2.846 , 111.75 , 138.61
3857 , 19906 , 42.93 , -66.3 , 1 , 13.10 , 12.451 , 2.900 , 112.48 , 137.87
3867 , 19952 , 42.61 , -65.9 , 1 , 13.05 , 12.586 , 2.954 , 113.23 , 137.13
3877 , 19996 , 42.30 , -65.7 , 1 , 13.00 , 12.657 , 2.992 , 113.95 , 136.41
3887 , 20039 , 42.00 , -65.2 , 1 , 12.96 , 12.630 , 3.007 , 114.66 , 135.70
3897 , 20082 , 41.71 , -65.3 , 1 , 12.91 , 12.608 , 3.023 , 115.36 , 135.00
3907 , 20125 , 41.41 , -65.3 , 1 , 12.87 , 12.588 , 3.040 , 116.07 , 134.29
3917 , 20167 , 41.13 , -65.1 , 1 , 12.82 , 12.538 , 3.049 , 116.75 , 133.61
3927 , 20208 , 40.85 , -64.9 , 1 , 12.78 , 12.446 , 3.047 , 117.42 , 132.94
3937 , 20250 , 40.58 , -64.7 , 1 , 12.73 , 12.386 , 3.053 , 118.08 , 132.28
3947 , 20292 , 40.30 , -64.4 , 1 , 12.69 , 12.291 , 3.050 , 118.75 , 131.61
3957 , 20331 , 40.04 , -64.0 , 1 , 12.65 , 12.241 , 3.057 , 119.37 , 130.99
3967 , 20373 , 39.77 , -63.9 , 1 , 12.61 , 12.201 , 3.068 , 120.04 , 130.32
3977 , 20416 , 39.49 , -63.7 , 1 , 12.56 , 12.094 , 3.063 , 120.71 , 129.65
3986 , 20459 , 39.21 , -63.7 , 1 , 12.52 , 11.993 , 3.058 , 121.37 , 128.99
3996 , 20502 , 38.94 , -63.6 , 1 , 12.48 , 11.921 , 3.062 , 122.04 , 128.32
4006 , 20552 , 38.62 , -63.8 , 1 , 12.44 , 11.883 , 3.077 , 122.80 , 127.55
4016 , 20601 , 38.32 , -63.4 , 1 , 12.40 , 11.860 , 3.095 , 123.55 , 126.81
4026 , 20647 , 38.03 , -63.5 , 1 , 12.35 , 11.875 , 3.123 , 124.26 , 126.10
4036 , 20697 , 37.72 , -63.1 , 1 , 12.31 , 11.772 , 3.121 , 125.01 , 125.35
4046 , 20747 , 37.42 , -63.2 , 1 , 12.27 , 11.746 , 3.139 , 125.76 , 124.60
4056 , 20799 , 37.10 , -62.9 , 1 , 12.23 , 11.711 , 3.157 , 126.55 , 123.81
4066 , 20852 , 36.78 , -62.8 , 1 , 12.18 , 11.721 , 3.187 , 127.35 , 123.01
4076 , 20903 , 36.48 , -62.6 , 1 , 12.14 , 11.532 , 3.161 , 128.11 , 122.25
4086 , 20954 , 36.18 , -62.6 , 1 , 12.10 , 11.369 , 3.143 , 128.86 , 121.50
4096 , 21006 , 35.87 , -62.7 , 1 , 12.06 , 11.230 , 3.131 , 129.61 , 120.75
4106 , 21058 , 35.57 , -62.8 , 1 , 12.02 , 11.024 , 3.099 , 130.35 , 120.01
4116 , 21109 , 35.28 , -63.1 , 1 , 11.98 , 10.833 , 3.071 , 131.06 , 119.29
4126 , 21163 , 34.97 , -63.2 , 1 , 11.93 , 10.801 , 3.089 , 131.82 , 118.54
4136 , 21214 , 34.68 , -62.8 , 1 , 11.90 , 10.700 , 3.085 , 132.52 , 117.84
4146 , 21265 , 34.39 , -62.8 , 1 , 11.85 , 10.590 , 3.079 , 133.21 , 117.14
4156 , 21312 , 34.13 , -63.0 , 1 , 11.81 , 10.485 , 3.072 , 133.85 , 116.51
4166 , 21361 , 33.86 , -63.0 , 1 , 11.77 , 10.409 , 3.074 , 134.50 , 115.86
4176 , 21409 , 33.60 , -62.8 , 1 , 11.73 , 10.302 , 3.066 , 135.14 , 115.22
4186 , 21456 , 33.34 , -62.6 , 1 , 11.69 , 10.272 , 3.081 , 135.76 , 114.59
4196 , 21503 , 33.09 , -62.2 , 1 , 11.65 , 10.190 , 3.080 , 136.38 , 113.98
4206 , 21552 , 32.83 , -62.0 , 1 , 11.61 , 10.068 , 3.067 , 137.01 , 113.35
4216 , 21600 , 32.57 , -62.0 , 1 , 11.57 , 9.964 , 3.059 , 137.63 , 112.73
4226 , 21649 , 32.32 , -61.8 , 1 , 11.54 , 9.799 , 3.032 , 138.24 , 112.12
4236 , 21695 , 32.08 , -61.5 , 1 , 11.50 , 9.629 , 3.002 , 138.82 , 111.54
4246 , 21745 , 31.82 , -61.4 , 1 , 11.46 , 9.552 , 3.002 , 139.42 , 110.94
4256 , 21792 , 31.58 , -61.2 , 1 , 11.42 , 9.420 , 2.983 , 139.99 , 110.37
4266 , 21843 , 31.32 , -61.0 , 1 , 11.38 , 9.355 , 2.987 , 140.60 , 109.76
4276 , 21891 , 31.08 , -60.8 , 1 , 11.34 , 9.297 , 2.991 , 141.16 , 109.19
4285 , 21937 , 30.85 , -60.5 , 0 , 11.30 , 9.249 , 2.998 , 141.71 , 108.65
4294 , 21980 , 30.64 , -60.5 , 1 , 11.27 , 9.204 , 3.004 , 142.21 , 108.15
4304 , 22028 , 30.41 , -60.6 , 1 , 11.23 , 9.178 , 3.018 , 142.77 , 107.59
4314 , 22078 , 30.16 , -60.4 , 0 , 11.19 , 9.172 , 3.041 , 143.35 , 107.01
4324 , 22127 , 29.93 , -60.3 , 0 , 11.16 , 9.107 , 3.043 , 143.92 , 106.44
4334 , 22177 , 29.68 , -60.3 , 0 , 11.12 , 8.982 , 3.026 , 144.50 , 105.86
4344 , 22225 , 29.46 , -60.4 , 0 , 11.08 , 8.869 , 3.011 , 145.04 , 105.32
4354 , 22274 , 29.23 , -60.4 , 0 , 11.04 , 8.824 , 3.019 , 145.58 , 104.77
4364 , 22324 , 28.99 , -60.2 , 0 , 11.00 , 8.712 , 3.005 , 146.14 , 104.22
4374 , 22377 , 28.75 , -60.0 , 0 , 10.96 , 8.628 , 3.001 , 146.72 , 103.64
4384 , 22426 , 28.52 , -59.8 , 0 , 10.92 , 8.663 , 3.037 , 147.26 , 103.10
4394 , 22480 , 28.28 , -59.7 , 0 , 10.89 , 8.610 , 3.045 , 147.85 , 102.51
4404 , 22531 , 28.05 , -59.9 , 0 , 10.85 , 8.481 , 3.024 , 148.40 , 101.96
4414 , 22582 , 27.82 , -60.1 , 0 , 10.81 , 8.413 , 3.024 , 148.94 , 101.42
4424 , 22631 , 27.60 , -60.1 , 0 , 10.78 , 8.384 , 3.037 , 149.46 , 100.90
4434 , 22685 , 27.37 , -60.0 , 0 , 10.74 , 8.327 , 3.043 , 150.03 , 100.33
4444 , 22736 , 27.14 , -59.9 , 0 , 10.70 , 8.211 , 3.025 , 150.57 , 99.79
4454 , 22787 , 26.92 , -59.4 , 0 , 10.67 , 8.152 , 3.028 , 151.09 , 99.26
4464 , 22841 , 26.69 , -59.4 , 0 , 10.63 , 8.075 , 3.026 , 151.64 , 98.72
4474 , 22891 , 26.48 , -59.5 , 0 , 10.60 , 8.016 , 3.028 , 152.15 , 98.21
4484 , 22941 , 26.27 , -59.4 , 0 , 10.56 , 8.035 , 3.059 , 152.66 , 97.70
4494 , 22992 , 26.05 , -59.2 , 0 , 10.52 , 7.985 , 3.065 , 153.18 , 97.18
4504 , 23043 , 25.84 , -59.0 , 0 , 10.49 , 7.978 , 3.087 , 153.69 , 96.67
4514 , 23091 , 25.65 , -58.7 , 0 , 10.46 , 7.921 , 3.089 , 154.16 , 96.19
4524 , 23142 , 25.44 , -58.9 , 0 , 10.42 , 7.830 , 3.078 , 154.67 , 95.69
4534 , 23196 , 25.22 , -58.8 , 0 , 10.39 , 7.786 , 3.087 , 155.20 , 95.15
4544 , 23249 , 25.01 , -58.2 , 0 , 10.35 , 7.717 , 3.086 , 155.72 , 94.64
4554 , 23300 , 24.81 , -58.1 , 0 , 10.29 , 7.719 , 3.112 , 156.21 , 94.15
4564 , 23354 , 24.59 , -58.4 , 0 , 10.23 , 7.688 , 3.126 , 156.74 , 93.62
4574 , 23409 , 24.38 , -58.3 , 0 , 10.18 , 7.600 , 3.117 , 157.26 , 93.10
4583 , 23458 , 24.19 , -58.1 , 0 , 10.13 , 7.562 , 3.126 , 157.73 , 92.63
4593 , 23514 , 23.98 , -58.2 , 0 , 10.08 , 7.525 , 3.138 , 158.26 , 92.10
4603 , 23569 , 23.77 , -58.1 , 0 , 10.04 , 7.522 , 3.165 , 158.78 , 91.58
4613 , 23627 , 23.55 , -58.3 , 0 , 10.00 , 7.504 , 3.187 , 159.33 , 91.03
4623 , 23688 , 23.32 , -58.5 , 0 , 9.96 , 7.501 , 3.216 , 159.90 , 90.46
4633 , 23747 , 23.10 , -58.8 , 0 , 9.93 , 7.472 , 3.234 , 160.45 , 89.91
4643 , 23808 , 22.88 , -59.0 , 0 , 9.89 , 7.385 , 3.228 , 161.02 , 89.34
4653 , 23865 , 22.67 , -59.0 , 0 , 9.86 , 7.304 , 3.221 , 161.55 , 88.81
4663 , 23924 , 22.46 , -59.0 , 0 , 9.83 , 7.350 , 3.272 , 162.10 , 88.26
4673 , 23983 , 22.25 , -58.9 , 0 , 9.80 , 7.401 , 3.326 , 162.64 , 87.72
4683 , 24041 , 22.04 , -58.6 , 0 , 9.76 , 7.366 , 3.341 , 163.19 , 87.17
4693 , 24092 , 21.87 , -58.6 , 0 , 9.74 , 7.295 , 3.336 , 163.65 , 86.71
4703 , 24145 , 21.68 , -58.3 , 0 , 9.71 , 7.236 , 3.337 , 164.13 , 86.22
4713 , 24197 , 21.51 , -57.7 , 0 , 9.68 , 7.230 , 3.362 , 164.60 , 85.76
4723 , 24245 , 21.34 , -57.5 , 0 , 9.66 , 7.179 , 3.364 , 165.04 , 85.32
4733 , 24291 , 21.19 , -57.3 , 0 , 9.63 , 7.180 , 3.389 , 165.45 , 84.91
4743 , 24339 , 21.03 , -56.7 , 0 , 9.61 , 7.229 , 3.438 , 165.89 , 84.47
4753 , 24386 , 20.87 , -56.8 , 0 , 9.58 , 7.247 , 3.473 , 166.31 , 84.05
4763 , 24432 , 20.72 , -57.0 , 0 , 9.56 , 7.310 , 3.528 , 166.72 , 83.63
4773 , 24479 , 20.57 , -57.1 , 0 , 9.53 , 7.325 , 3.561 , 167.15 , 83.21
4783 , 24525 , 20.42 , -57.0 , 0 , 9.51 , 7.252 , 3.552 , 167.57 , 82.79
4793 , 24569 , 20.28 , -56.2 , 0 , 9.49 , 7.248 , 3.574 , 167.96 , 82.39
4803 , 24615 , 20.13 , -55.1 , 0 , 9.46 , 7.276 , 3.614 , 168.38 , 81.98
4813 , 24659 , 19.99 , -55.2 , 0 , 9.44 , 7.343 , 3.673 , 168.78 , 81.58
4823 , 24703 , 19.85 , -54.9 , 0 , 9.42 , 7.356 , 3.705 , 169.18 , 81.18
4833 , 24752 , 19.70 , -54.3 , 0 , 9.39 , 7.322 , 3.716 , 169.63 , 80.73
4843 , 24800 , 19.56 , -53.8 , 0 , 9.37 , 7.340 , 3.753 , 170.06 , 80.30
4853 , 24851 , 19.40 , -53.2 , 0 , 9.35 , 7.368 , 3.797 , 170.52 , 79.84
4863 , 24906 , 19.24 , -52.9 , 0 , 9.33 , 7.382 , 3.837 , 171.01 , 79.34
4873 , 24957 , 19.09 , -52.5 , 0 , 9.30 , 7.418 , 3.887 , 171.47 , 78.88
4882 , 25012 , 18.92 , -52.2 , 0 , 9.28 , 7.455 , 3.940 , 171.98 , 78.38
4892 , 25068 , 18.76 , -51.6 , 0 , 9.26 , 7.452 , 3.972 , 172.49 , 77.87
4902 , 25126 , 18.59 , -51.6 , 0 , 9.24 , 7.440 , 4.002 , 173.01 , 77.34
4912 , 25185 , 18.43 , -51.4 , 0 , 9.21 , 7.497 , 4.069 , 173.55 , 76.81
4922 , 25244 , 18.26 , -50.6 , 0 , 9.19 , 7.558 , 4.139 , 174.09 , 76.27
4932 , 25306 , 18.09 , -49.9 , 0 , 9.16 , 7.567 , 4.184 , 174.66 , 75.70
4942 , 25369 , 17.91 , -49.7 , 0 , 9.15 , 7.575 , 4.229 , 175.23 , 75.13
4952 , 25428 , 17.75 , -49.6 , 0 , 9.12 , 7.587 , 4.274 , 175.76 , 74.60
4962 , 25491 , 17.58 , -49.4 , 0 , 9.10 , 7.581 , 4.312 , 176.34 , 74.01
4972 , 25552 , 17.42 , -48.3 , 0 , 9.09 , 7.615 , 4.372 , 176.90 , 73.46
4982 , 25612 , 17.26 , -48.1 , 0 , 9.06 , 7.668 , 4.442 , 177.45 , 72.91
4992 , 25669 , 17.11 , -48.4 , 0 , 8.97 , 7.649 , 4.470 , 177.98 , 72.38
5002 , 25730 , 16.96 , -48.6 , 0 , 8.85 , 7.599 , 4.482 , 178.53 , 71.83
5012 , 25789 , 16.80 , -48.7 , 0 , 8.82 , 7.578 , 4.510 , 179.06 , 71.29
5022 , 25846 , 16.66 , -48.7 , 0 , 8.80 , 7.565 , 4.542 , 179.59 , 70.77
5032 , 25903 , 16.51 , -48.2 , 0 , 8.74 , 7.527 , 4.558 , 180.10 , 70.25
5042 , 25959 , 16.38 , -47.7 , 0 , 8.70 , 7.506 , 4.584 , 180.60 , 69.75
5052 , 26016 , 16.23 , -47.1 , 0 , 8.66 , 7.469 , 4.601 , 181.12 , 69.24
5062 , 26069 , 16.10 , -46.7 , 0 , 8.64 , 7.475 , 4.641 , 181.59 , 68.77
5072 , 26120 , 15.98 , -46.9 , 0 , 8.61 , 7.416 , 4.640 , 182.04 , 68.32
5082 , 26173 , 15.85 , -47.3 , 0 , 8.59 , 7.329 , 4.623 , 182.51 , 67.85
5092 , 26222 , 15.74 , -47.5 , 0 , 8.58 , 7.277 , 4.624 , 182.94 , 67.42
5102 , 26275 , 15.61 , -47.5 , 0 , 8.56 , 7.246 , 4.642 , 183.39 , 66.97
5112 , 26324 , 15.50 , -47.3 , 0 , 8.55 , 7.155 , 4.617 , 183.81 , 66.55
5122 , 26366 , 15.40 , -47.1 , 0 , 8.54 , 7.181 , 4.664 , 184.18 , 66.18
5132 , 26417 , 15.28 , -46.7 , 0 , 8.53 , 7.157 , 4.685 , 184.61 , 65.74
5142 , 26462 , 15.18 , -46.5 , 0 , 8.52 , 7.179 , 4.731 , 184.99 , 65.36
5152 , 26507 , 15.07 , -46.3 , 0 , 8.50 , 7.151 , 4.744 , 185.38 , 64.98
5162 , 26557 , 14.96 , -46.3 , 0 , 8.49 , 7.110 , 4.753 , 185.80 , 64.55
5172 , 26605 , 14.85 , -46.1 , 0 , 8.48 , 7.078 , 4.766 , 186.21 , 64.15
5181 , 26648 , 14.76 , -45.7 , 0 , 8.46 , 7.032 , 4.765 , 186.56 , 63.80
5190 , 26693 , 14.66 , -45.0 , 0 , 8.45 , 7.022 , 4.791 , 186.94 , 63.41
5200 , 26741 , 14.55 , -44.2 , 0 , 8.44 , 7.021 , 4.825 , 187.34 , 63.02
5210 , 26789 , 14.45 , -43.7 , 0 , 8.43 , 7.013 , 4.853 , 187.73 , 62.62
5220 , 26841 , 14.34 , -42.7 , 0 , 8.41 , 7.003 , 4.885 , 188.16 , 62.19
5230 , 26894 , 14.23 , -42.0 , 0 , 8.40 , 6.989 , 4.913 , 188.59 , 61.76
5240 , 26942 , 14.13 , -41.4 , 0 , 8.39 , 6.955 , 4.924 , 188.98 , 61.37
5250 , 26995 , 14.02 , -41.2 , 0 , 8.38 , 6.910 , 4.930 , 189.41 , 60.95
5260 , 27047 , 13.91 , -41.2 , 0 , 8.37 , 6.908 , 4.967 , 189.83 , 60.53
5270 , 27102 , 13.80 , -41.2 , 0 , 8.37 , 6.831 , 4.951 , 190.27 , 60.09
5280 , 27162 , 13.68 , -41.5 , 0 , 8.36 , 6.742 , 4.930 , 190.74 , 59.62
5290 , 27217 , 13.56 , -41.9 , 0 , 8.36 , 6.718 , 4.953 , 191.18 , 59.18
5300 , 27280 , 13.44 , -41.5 , 0 , 8.35 , 6.658 , 4.954 , 191.66 , 58.69
5310 , 27338 , 13.32 , -41.0 , 0 , 8.34 , 6.684 , 5.016 , 192.12 , 58.24
5320 , 27394 , 13.22 , -40.8 , 0 , 8.33 , 6.663 , 5.042 , 192.55 , 57.81
5330 , 27450 , 13.11 , -40.4 , 0 , 8.33 , 6.532 , 4.984 , 192.98 , 57.38
5340 , 27511 , 12.99 , -40.2 , 0 , 8.33 , 6.438 , 4.956 , 193.43 , 56.92
5350 , 27566 , 12.89 , -39.6 , 0 , 8.33 , 6.473 , 5.023 , 193.84 , 56.51
5360 , 27622 , 12.78 , -39.3 , 0 , 8.33 , 6.551 , 5.126 , 194.27 , 56.09
5370 , 27674 , 12.68 , -38.4 , 0 , 8.33 , 6.566 , 5.177 , 194.66 , 55.70
5380 , 27729 , 12.58 , -37.8 , 0 , 8.33 , 6.552 , 5.207 , 195.07 , 55.29
5390 , 27785 , 12.48 , -37.8 , 0 , 8.32 , 6.588 , 5.278 , 195.49 , 54.87
5400 , 27838 , 12.39 , -37.9 , 0 , 8.31 , 6.579 , 5.312 , 195.89 , 54.47
5410 , 27894 , 12.29 , -38.1 , 0 , 8.29 , 6.521 , 5.308 , 196.31 , 54.05
5419 , 27944 , 12.20 , -38.4 , 0 , 8.28 , 6.521 , 5.346 , 196.69 , 53.67
5429 , 27989 , 12.12 , -38.2 , 0 , 8.26 , 6.495 , 5.360 , 197.03 , 53.33
5439 , 28037 , 12.03 , -38.0 , 0 , 8.25 , 6.425 , 5.339 , 197.38 , 52.98
5449 , 28086 , 11.95 , -37.9 , 0 , 8.26 , 6.403 , 5.359 , 197.74 , 52.62
5459 , 28135 , 11.86 , -37.8 , 0 , 8.26 , 6.367 , 5.368 , 198.10 , 52.26
5469 , 28182 , 11.78 , -37.4 , 0 , 8.25 , 6.312 , 5.357 , 198.44 , 51.92
5479 , 28239 , 11.68 , -36.7 , 0 , 8.24 , 6.272 , 5.368 , 198.85 , 51.51
5489 , 28282 , 11.61 , -36.0 , 0 , 8.23 , 6.239 , 5.373 , 199.16 , 51.20
5499 , 28335 , 11.53 , -35.8 , 0 , 8.22 , 6.240 , 5.414 , 199.53 , 50.83
5508 , 28386 , 11.44 , -35.6 , 0 , 8.20 , 6.223 , 5.440 , 199.89 , 50.46
5517 , 28428 , 11.37 , -35.5 , 0 , 8.18 , 6.180 , 5.435 , 200.19 , 50.17
5527 , 28475 , 11.29 , -35.6 , 0 , 8.17 , 6.124 , 5.422 , 200.52 , 49.84
5537 , 28532 , 11.20 , -35.5 , 0 , 8.15 , 6.070 , 5.418 , 200.91 , 49.45
5547 , 28579 , 11.13 , -35.5 , 0 , 8.13 , 6.013 , 5.403 , 201.23 , 49.13
5557 , 28626 , 11.05 , -34.9 , 0 , 8.11 , 5.963 , 5.395 , 201.55 , 48.81
5567 , 28679 , 10.97 , -34.6 , 0 , 8.09 , 5.918 , 5.396 , 201.91 , 48.45
5577 , 28725 , 10.90 , -34.3 , 0 , 8.07 , 5.893 , 5.408 , 202.21 , 48.15
5587 , 28772 , 10.82 , -34.3 , 0 , 8.04 , 5.884 , 5.436 , 202.52 , 47.83
5597 , 28822 , 10.75 , -34.6 , 0 , 8.02 , 5.881 , 5.472 , 202.86 , 47.50
5607 , 28869 , 10.67 , -34.8 , 0 , 8.00 , 5.816 , 5.448 , 203.17 , 47.19
5617 , 28920 , 10.60 , -35.0 , 0 , 7.98 , 5.776 , 5.451 , 203.51 , 46.85
5627 , 28968 , 10.52 , -35.0 , 0 , 7.96 , 5.705 , 5.420 , 203.81 , 46.54
5637 , 29015 , 10.45 , -34.8 , 0 , 7.94 , 5.587 , 5.345 , 204.11 , 46.24
5647 , 29063 , 10.38 , -34.6 , 0 , 7.92 , 5.566 , 5.362 , 204.42 , 45.94
5657 , 29104 , 10.32 , -34.4 , 0 , 7.90 , 5.586 , 5.413 , 204.68 , 45.68
5667 , 29157 , 10.24 , -34.1 , 0 , 7.88 , 5.628 , 5.494 , 205.01 , 45.35
5677 , 29208 , 10.17 , -34.0 , 0 , 7.86 , 5.684 , 5.590 , 205.34 , 45.02
5687 , 29252 , 10.10 , -34.1 , 0 , 7.84 , 5.596 , 5.538 , 205.62 , 44.74
5697 , 29304 , 10.03 , -34.1 , 0 , 7.82 , 5.538 , 5.521 , 205.94 , 44.42
5707 , 29354 , 9.96 , -32.8 , 0 , 7.80 , 5.490 , 5.512 , 206.25 , 44.10
5717 , 29404 , 9.89 , -32.8 , 0 , 7.78 , 5.450 , 5.511 , 206.56 , 43.80
5727 , 29452 , 9.82 , -33.1 , 0 , 7.76 , 5.407 , 5.505 , 206.85 , 43.50
5737 , 29505 , 9.75 , -33.4 , 0 , 7.75 , 5.368 , 5.508 , 207.17 , 43.18
5747 , 29556 , 9.68 , -33.7 , 0 , 7.73 , 5.337 , 5.515 , 207.48 , 42.88
5757 , 29607 , 9.61 , -34.0 , 0 , 7.72 , 5.303 , 5.520 , 207.79 , 42.57
5767 , 29647 , 9.55 , -34.2 , 0 , 7.70 , 5.238 , 5.484 , 208.02 , 42.33
5777 , 29699 , 9.48 , -34.0 , 0 , 7.69 , 5.197 , 5.481 , 208.33 , 42.03
5787 , 29746 , 9.42 , -34.2 , 0 , 7.67 , 5.155 , 5.474 , 208.61 , 41.75
5796 , 29796 , 9.35 , -34.4 , 0 , 7.65 , 5.119 , 5.475 , 208.90 , 41.46
5806 , 29846 , 9.28 , -34.5 , 0 , 7.64 , 5.099 , 5.492 , 209.18 , 41.17
5816 , 29900 , 9.21 , -34.4 , 0 , 7.62 , 5.058 , 5.490 , 209.49 , 40.87
5825 , 29937 , 9.16 , -34.1 , 0 , 7.61 , 5.014 , 5.471 , 209.70 , 40.66
5835 , 29992 , 9.09 , -33.9 , 0 , 7.59 , 4.967 , 5.463 , 210.01 , 40.35
5845 , 30036 , 9.04 , -33.8 , 0 , 7.58 , 4.933 , 5.459 , 210.26 , 40.10
5855 , 30082 , 8.98 , -33.8 , 0 , 7.56 , 4.894 , 5.452 , 210.51 , 39.85
5865 , 30125 , 8.92 , -32.8 , 0 , 7.55 , 4.878 , 5.467 , 210.75 , 39.61
5875 , 30166 , 8.87 , -32.4 , 0 , 7.53 , 4.871 , 5.492 , 210.97 , 39.38
5885 , 30210 , 8.81 , -32.1 , 0 , 7.51 , 4.852 , 5.504 , 211.21 , 39.15
5895 , 30259 , 8.75 , -32.1 , 0 , 7.50 , 4.847 , 5.538 , 211.48 , 38.88
5905 , 30304 , 8.70 , -32.3 , 0 , 7.48 , 4.814 , 5.534 , 211.72 , 38.64
5915 , 30349 , 8.64 , -32.3 , 0 , 7.47 , 4.814 , 5.570 , 211.96 , 38.40
5925 , 30396 , 8.59 , -31.9 , 0 , 7.45 , 4.787 , 5.576 , 212.21 , 38.14
5935 , 30435 , 8.54 , -31.7 , 0 , 7.43 , 4.770 , 5.587 , 212.43 , 37.93
5944 , 30478 , 8.49 , -31.6 , 0 , 7.42 , 4.755 , 5.603 , 212.65 , 37.71
5954 , 30519 , 8.44 , -31.5 , 0 , 7.41 , 4.735 , 5.613 , 212.87 , 37.49
5964 , 30569 , 8.38 , -31.6 , 0 , 7.39 , 4.707 , 5.618 , 213.13 , 37.22
5974 , 30618 , 8.32 , -31.4 , 0 , 7.38 , 4.681 , 5.626 , 213.39 , 36.97
5984 , 30652 , 8.28 , -30.8 , 0 , 7.36 , 4.640 , 5.604 , 213.56 , 36.79
5994 , 30697 , 8.23 , -29.9 , 0 , 7.35 , 4.615 , 5.609 , 213.80 , 36.56
6004 , 30744 , 8.17 , -29.3 , 0 , 7.33 , 4.579 , 5.603 , 214.04 , 36.32
6014 , 30778 , 8.13 , -28.4 , 0 , 7.32 , 4.567 , 5.614 , 214.21 , 36.15
6024 , 30815 , 8.09 , -24.0 , 0 , 7.31 , 4.600 , 5.683 , 214.39 , 35.97
6034 , 30857 , 8.05 , -23.3 , 0 , 7.30 , 4.603 , 5.720 , 214.60 , 35.75
6044 , 30896 , 8.00 , -23.4 , 0 , 7.29 , 4.598 , 5.745 , 214.80 , 35.56
6054 , 30939 , 7.96 , -23.6 , 0 , 7.27 , 4.555 , 5.724 , 215.01 , 35.35
6064 , 30978 , 7.91 , -23.9 , 0 , 7.26 , 4.518 , 5.709 , 215.20 , 35.16
6074 , 31018 , 7.87 , -24.3 , 0 , 7.25 , 4.454 , 5.658 , 215.39 , 34.97
6084 , 31056 , 7.83 , -24.4 , 0 , 7.23 , 4.425 , 5.651 , 215.58 , 34.78
6094 , 31096 , 7.79 , -24.8 , 0 , 7.22 , 4.453 , 5.718 , 215.77 , 34.59
6104 , 31130 , 7.75 , -25.0 , 0 , 7.20 , 4.484 , 5.785 , 215.93 , 34.42
6114 , 31153 , 7.73 , -25.2 , 0 , 7.19 , 4.468 , 5.782 , 216.05 , 34.31
6124 , 31187 , 7.69 , -25.6 , 0 , 7.18 , 4.441 , 5.775 , 216.21 , 34.15
6134 , 31236 , 7.64 , -26.0 , 0 , 7.16 , 4.416 , 5.781 , 216.44 , 33.91
6143 , 31288 , 7.58 , -26.5 , 0 , 7.15 , 4.377 , 5.772 , 216.70 , 33.66
6153 , 31345 , 7.52 , -26.8 , 0 , 7.14 , 4.328 , 5.751 , 216.97 , 33.39
6163 , 31389 , 7.48 , -27.2 , 0 , 7.13 , 4.238 , 5.667 , 217.17 , 33.18
6173 , 31442 , 7.42 , -27.4 , 0 , 7.12 , 4.174 , 5.622 , 217.42 , 32.94
