# ------------------------------------------------------------
#
# Flight name: V4412
# Station: Davis
# Launch Date: 13 October 2012
# Launch Time: 11:20:03
# 
# This file created: Tue Oct 23 14:29:40 2012
# 
# 
# ------------------------------------------------------------
# DATA COLUMNS
# Time (s)
# Height (m)
# Atmospheric Pressure (hPa)
# Atmospheric Temperature (°C)
# Relative Humidity (%)
# Box Temperature (°C)
# Ozone Partial Pressure (mPa)
# Ozone Mixing Ratio (ppmV)
# Accumulated Ozone to this Height (Dobson Units)
# Remaining Ozone above this Height (Dobson Units)
# 
# ------------------------------------------------------------
# 
# Integrated Ozone = 354.9 DU
# Extrapolated Ozone =  57.5 DU
# 
# Total Ozone = 412.4 DU
# 
# 
# ------------------------------------------------------------
0 , 18 , 970.65 , -7.5 , 44 , 32.55 , 2.930 , 0.030 , 0.00 , 412.45
10 , 70 , 964.17 , -7.8 , 41 , 32.57 , 3.091 , 0.032 , 0.16 , 412.29
20 , 125 , 957.34 , -8.2 , 40 , 32.60 , 2.983 , 0.031 , 0.33 , 412.12
29 , 172 , 951.51 , -8.6 , 38 , 32.64 , 2.930 , 0.031 , 0.47 , 411.98
39 , 213 , 946.46 , -9.0 , 39 , 32.66 , 2.924 , 0.031 , 0.60 , 411.85
49 , 258 , 940.98 , -9.3 , 37 , 32.66 , 2.901 , 0.031 , 0.73 , 411.72
59 , 307 , 935.05 , -9.8 , 36 , 32.65 , 2.861 , 0.031 , 0.87 , 411.58
69 , 360 , 928.70 , -10.3 , 37 , 32.63 , 2.820 , 0.030 , 1.03 , 411.42
79 , 409 , 922.69 , -10.8 , 38 , 32.61 , 2.780 , 0.030 , 1.17 , 411.28
89 , 459 , 916.78 , -11.2 , 39 , 32.60 , 2.732 , 0.030 , 1.31 , 411.14
99 , 516 , 910.01 , -11.8 , 41 , 32.59 , 2.730 , 0.030 , 1.47 , 410.98
109 , 571 , 903.40 , -12.3 , 44 , 32.60 , 2.729 , 0.030 , 1.63 , 410.82
119 , 624 , 897.22 , -12.8 , 46 , 32.61 , 2.727 , 0.030 , 1.77 , 410.68
129 , 680 , 890.58 , -13.4 , 48 , 32.60 , 2.710 , 0.030 , 1.93 , 410.52
139 , 733 , 884.45 , -13.9 , 49 , 32.59 , 2.701 , 0.031 , 2.08 , 410.37
149 , 788 , 878.09 , -14.4 , 51 , 32.56 , 2.692 , 0.031 , 2.23 , 410.22
159 , 840 , 872.04 , -14.7 , 54 , 32.54 , 2.676 , 0.031 , 2.38 , 410.07
169 , 892 , 866.05 , -15.0 , 54 , 32.52 , 2.680 , 0.031 , 2.53 , 409.92
179 , 947 , 859.80 , -15.1 , 49 , 32.49 , 2.653 , 0.031 , 2.68 , 409.77
189 , 1002 , 853.54 , -15.5 , 48 , 32.44 , 2.627 , 0.031 , 2.83 , 409.62
199 , 1053 , 847.77 , -16.0 , 50 , 32.39 , 2.631 , 0.031 , 2.97 , 409.48
209 , 1104 , 842.02 , -15.7 , 47 , 32.37 , 2.598 , 0.031 , 3.11 , 409.34
219 , 1158 , 836.00 , -15.7 , 44 , 32.34 , 2.578 , 0.031 , 3.26 , 409.19
229 , 1215 , 829.70 , -16.2 , 45 , 32.32 , 2.570 , 0.031 , 3.41 , 409.04
239 , 1266 , 824.18 , -16.7 , 47 , 32.30 , 2.546 , 0.031 , 3.55 , 408.90
249 , 1324 , 817.76 , -17.2 , 47 , 32.27 , 2.535 , 0.031 , 3.70 , 408.75
259 , 1383 , 811.33 , -17.8 , 48 , 32.23 , 2.509 , 0.031 , 3.86 , 408.59
269 , 1440 , 805.22 , -18.3 , 49 , 32.19 , 2.470 , 0.031 , 4.01 , 408.44
279 , 1491 , 799.72 , -18.7 , 52 , 32.15 , 2.448 , 0.031 , 4.14 , 408.31
289 , 1541 , 794.36 , -19.2 , 54 , 32.11 , 2.455 , 0.031 , 4.27 , 408.18
299 , 1594 , 788.71 , -19.6 , 55 , 32.06 , 2.427 , 0.031 , 4.41 , 408.04
309 , 1646 , 783.23 , -20.1 , 55 , 32.02 , 2.404 , 0.031 , 4.54 , 407.91
319 , 1699 , 777.62 , -20.6 , 57 , 31.99 , 2.399 , 0.031 , 4.68 , 407.77
329 , 1751 , 772.13 , -21.1 , 57 , 31.94 , 2.395 , 0.031 , 4.81 , 407.64
338 , 1797 , 767.39 , -21.4 , 59 , 31.90 , 2.385 , 0.031 , 4.93 , 407.52
348 , 1848 , 762.04 , -21.9 , 61 , 31.87 , 2.385 , 0.031 , 5.06 , 407.39
358 , 1901 , 756.61 , -22.2 , 60 , 31.85 , 2.363 , 0.031 , 5.19 , 407.26
368 , 1955 , 751.09 , -22.3 , 48 , 31.83 , 2.385 , 0.032 , 5.33 , 407.12
378 , 2002 , 746.22 , -22.5 , 39 , 31.81 , 2.427 , 0.033 , 5.45 , 407.00
388 , 2054 , 740.98 , -22.4 , 27 , 31.77 , 2.435 , 0.033 , 5.59 , 406.86
398 , 2107 , 735.61 , -22.8 , 28 , 31.73 , 2.471 , 0.034 , 5.73 , 406.72
408 , 2155 , 730.82 , -23.2 , 29 , 31.67 , 2.482 , 0.034 , 5.86 , 406.59
418 , 2213 , 725.07 , -23.0 , 18 , 31.62 , 2.468 , 0.034 , 6.01 , 406.44
428 , 2262 , 720.20 , -22.9 , 18 , 31.59 , 2.510 , 0.035 , 6.15 , 406.30
437 , 2311 , 715.44 , -23.0 , 27 , 31.53 , 2.515 , 0.035 , 6.28 , 406.17
448 , 2377 , 708.98 , -23.2 , 39 , 31.48 , 2.521 , 0.036 , 6.46 , 405.99
458 , 2429 , 703.99 , -23.2 , 36 , 31.44 , 2.444 , 0.035 , 6.60 , 405.85
468 , 2487 , 698.41 , -23.6 , 32 , 31.38 , 2.341 , 0.034 , 6.75 , 405.70
478 , 2542 , 693.16 , -24.0 , 32 , 31.31 , 2.286 , 0.033 , 6.88 , 405.57
488 , 2605 , 687.25 , -24.4 , 31 , 31.24 , 2.239 , 0.033 , 7.04 , 405.41
498 , 2660 , 682.08 , -24.7 , 28 , 31.18 , 2.244 , 0.033 , 7.17 , 405.28
508 , 2718 , 676.64 , -25.0 , 25 , 31.15 , 2.259 , 0.033 , 7.31 , 405.14
518 , 2779 , 671.01 , -25.2 , 25 , 31.10 , 2.227 , 0.033 , 7.46 , 404.99
528 , 2835 , 665.82 , -25.4 , 21 , 31.05 , 2.184 , 0.033 , 7.59 , 404.85
538 , 2891 , 660.70 , -25.8 , 19 , 31.01 , 2.136 , 0.032 , 7.73 , 404.72
548 , 2950 , 655.33 , -26.1 , 17 , 30.97 , 2.103 , 0.032 , 7.86 , 404.59
558 , 3010 , 649.87 , -26.3 , 14 , 30.94 , 2.139 , 0.033 , 8.00 , 404.45
568 , 3075 , 644.08 , -26.5 , 15 , 30.90 , 2.212 , 0.034 , 8.16 , 404.29
578 , 3130 , 639.16 , -26.7 , 14 , 30.86 , 2.180 , 0.034 , 8.29 , 404.16
588 , 3193 , 633.67 , -26.8 , 15 , 30.82 , 2.114 , 0.033 , 8.44 , 404.01
598 , 3253 , 628.38 , -27.0 , 17 , 30.78 , 2.019 , 0.032 , 8.57 , 403.88
608 , 3313 , 623.21 , -27.1 , 16 , 30.73 , 1.945 , 0.031 , 8.70 , 403.75
618 , 3369 , 618.35 , -27.4 , 16 , 30.69 , 1.909 , 0.031 , 8.82 , 403.63
628 , 3417 , 614.23 , -27.5 , 15 , 30.66 , 1.914 , 0.031 , 8.92 , 403.53
638 , 3474 , 609.36 , -27.8 , 13 , 30.61 , 2.059 , 0.034 , 9.05 , 403.40
648 , 3537 , 604.07 , -28.1 , 13 , 30.54 , 2.080 , 0.034 , 9.19 , 403.26
657 , 3598 , 598.94 , -28.3 , 13 , 30.47 , 2.040 , 0.034 , 9.33 , 403.12
666 , 3657 , 594.05 , -28.6 , 14 , 30.41 , 1.980 , 0.033 , 9.46 , 402.99
676 , 3710 , 589.62 , -28.9 , 15 , 30.37 , 1.949 , 0.033 , 9.57 , 402.88
686 , 3765 , 585.12 , -29.2 , 16 , 30.32 , 1.905 , 0.033 , 9.69 , 402.76
696 , 3823 , 580.39 , -29.5 , 17 , 30.29 , 1.891 , 0.033 , 9.81 , 402.64
706 , 3884 , 575.44 , -29.9 , 17 , 30.25 , 1.876 , 0.033 , 9.94 , 402.51
716 , 3943 , 570.71 , -30.2 , 17 , 30.20 , 1.935 , 0.034 , 10.06 , 402.39
726 , 3998 , 566.31 , -30.6 , 17 , 30.16 , 2.014 , 0.036 , 10.18 , 402.27
736 , 4053 , 561.94 , -31.0 , 18 , 30.11 , 2.084 , 0.037 , 10.31 , 402.14
746 , 4102 , 558.01 , -31.3 , 18 , 30.08 , 2.030 , 0.036 , 10.42 , 402.03
755 , 4157 , 553.73 , -31.6 , 18 , 30.04 , 1.999 , 0.036 , 10.55 , 401.90
765 , 4211 , 549.47 , -31.9 , 18 , 30.00 , 2.028 , 0.037 , 10.67 , 401.78
775 , 4267 , 545.15 , -32.2 , 17 , 29.97 , 2.060 , 0.038 , 10.80 , 401.65
785 , 4322 , 540.88 , -32.6 , 17 , 29.94 , 2.061 , 0.038 , 10.92 , 401.53
795 , 4383 , 536.25 , -33.2 , 18 , 29.91 , 2.059 , 0.038 , 11.06 , 401.39
805 , 4443 , 531.67 , -33.7 , 19 , 29.88 , 2.077 , 0.039 , 11.20 , 401.25
815 , 4502 , 527.24 , -34.2 , 19 , 29.82 , 2.049 , 0.039 , 11.34 , 401.11
825 , 4562 , 522.74 , -34.5 , 19 , 29.77 , 1.993 , 0.038 , 11.48 , 400.97
835 , 4628 , 517.82 , -34.9 , 20 , 29.73 , 1.977 , 0.038 , 11.62 , 400.83
845 , 4688 , 513.34 , -35.3 , 19 , 29.69 , 1.892 , 0.037 , 11.76 , 400.69
855 , 4750 , 508.82 , -35.5 , 18 , 29.64 , 1.820 , 0.036 , 11.89 , 400.56
865 , 4808 , 504.56 , -36.1 , 19 , 29.61 , 1.777 , 0.035 , 12.01 , 400.44
875 , 4872 , 499.94 , -36.6 , 19 , 29.59 , 1.748 , 0.035 , 12.13 , 400.32
885 , 4936 , 495.33 , -37.2 , 19 , 29.56 , 1.765 , 0.036 , 12.26 , 400.19
895 , 4999 , 490.82 , -37.7 , 20 , 29.52 , 1.861 , 0.038 , 12.39 , 400.06
905 , 5056 , 486.77 , -38.1 , 21 , 29.46 , 1.837 , 0.038 , 12.51 , 399.94
915 , 5120 , 482.26 , -38.6 , 20 , 29.40 , 1.786 , 0.037 , 12.65 , 399.80
925 , 5178 , 478.21 , -39.2 , 21 , 29.34 , 1.753 , 0.037 , 12.76 , 399.68
935 , 5236 , 474.14 , -39.7 , 22 , 29.29 , 1.720 , 0.036 , 12.88 , 399.57
944 , 5296 , 470.00 , -40.0 , 21 , 29.26 , 1.696 , 0.036 , 13.00 , 399.45
954 , 5356 , 465.88 , -40.5 , 21 , 29.24 , 1.728 , 0.037 , 13.12 , 399.33
964 , 5419 , 461.58 , -40.9 , 21 , 29.19 , 1.784 , 0.039 , 13.25 , 399.20
974 , 5478 , 457.60 , -41.1 , 19 , 29.12 , 1.860 , 0.041 , 13.37 , 399.08
984 , 5538 , 453.58 , -41.5 , 18 , 29.06 , 1.873 , 0.041 , 13.50 , 398.95
993 , 5597 , 449.67 , -41.7 , 17 , 29.03 , 1.826 , 0.041 , 13.63 , 398.82
1003 , 5657 , 445.70 , -42.0 , 14 , 28.99 , 1.854 , 0.042 , 13.76 , 398.69
1013 , 5713 , 442.02 , -42.4 , 14 , 28.94 , 1.893 , 0.043 , 13.88 , 398.57
1023 , 5773 , 438.08 , -42.7 , 12 , 28.89 , 1.850 , 0.042 , 14.01 , 398.44
1033 , 5831 , 434.35 , -43.0 , 9 , 28.86 , 1.852 , 0.043 , 14.14 , 398.31
1043 , 5889 , 430.62 , -43.3 , 6 , 28.82 , 1.913 , 0.044 , 14.27 , 398.18
1052 , 5943 , 427.16 , -43.4 , 4 , 28.78 , 2.097 , 0.049 , 14.39 , 398.06
1062 , 5999 , 423.66 , -43.4 , 4 , 28.73 , 2.196 , 0.052 , 14.53 , 397.92
1072 , 6056 , 420.06 , -43.3 , 3 , 28.69 , 2.210 , 0.053 , 14.68 , 397.77
1082 , 6118 , 416.19 , -43.5 , 3 , 28.65 , 2.204 , 0.053 , 14.84 , 397.61
1092 , 6184 , 412.16 , -43.7 , 2 , 28.60 , 2.183 , 0.053 , 15.01 , 397.44
1102 , 6253 , 407.90 , -44.0 , 2 , 28.55 , 2.158 , 0.053 , 15.19 , 397.26
1112 , 6312 , 404.33 , -44.1 , 2 , 28.51 , 2.163 , 0.053 , 15.34 , 397.11
1122 , 6375 , 400.58 , -44.3 , 2 , 28.46 , 2.197 , 0.055 , 15.50 , 396.95
1132 , 6434 , 397.06 , -44.3 , 2 , 28.40 , 2.319 , 0.058 , 15.66 , 396.79
1142 , 6494 , 393.53 , -44.4 , 2 , 28.33 , 2.368 , 0.060 , 15.82 , 396.63
1152 , 6554 , 390.02 , -44.6 , 1 , 28.26 , 2.287 , 0.059 , 15.99 , 396.46
1162 , 6618 , 386.29 , -45.1 , 2 , 28.19 , 2.135 , 0.055 , 16.15 , 396.30
1172 , 6672 , 383.15 , -45.5 , 2 , 28.11 , 2.012 , 0.053 , 16.29 , 396.16
1182 , 6725 , 380.12 , -45.7 , 2 , 28.06 , 1.996 , 0.053 , 16.41 , 396.04
1192 , 6786 , 376.65 , -46.0 , 2 , 28.03 , 2.212 , 0.059 , 16.56 , 395.89
1202 , 6851 , 373.00 , -46.0 , 2 , 28.00 , 2.593 , 0.070 , 16.75 , 395.70
1212 , 6914 , 369.47 , -45.8 , 1 , 27.95 , 3.044 , 0.082 , 16.96 , 395.49
1222 , 6974 , 366.15 , -45.9 , 1 , 27.90 , 3.135 , 0.086 , 17.18 , 395.27
1232 , 7037 , 362.73 , -46.2 , 1 , 27.84 , 2.736 , 0.075 , 17.40 , 395.05
1241 , 7100 , 359.27 , -46.3 , 1 , 27.79 , 2.494 , 0.069 , 17.60 , 394.85
1251 , 7162 , 355.94 , -46.3 , 1 , 27.73 , 2.889 , 0.081 , 17.79 , 394.66
1261 , 7223 , 352.69 , -46.6 , 1 , 27.67 , 2.859 , 0.081 , 18.00 , 394.45
1271 , 7281 , 349.60 , -47.0 , 1 , 27.61 , 2.486 , 0.071 , 18.19 , 394.26
1281 , 7340 , 346.52 , -47.2 , 1 , 27.55 , 2.247 , 0.065 , 18.35 , 394.10
1291 , 7400 , 343.38 , -47.5 , 1 , 27.50 , 2.131 , 0.062 , 18.51 , 393.94
1301 , 7454 , 340.59 , -47.9 , 1 , 27.44 , 2.039 , 0.060 , 18.64 , 393.81
1311 , 7502 , 338.12 , -48.4 , 1 , 27.38 , 1.949 , 0.058 , 18.76 , 393.69
1320 , 7556 , 335.37 , -48.7 , 1 , 27.32 , 1.922 , 0.057 , 18.88 , 393.57
1330 , 7610 , 332.59 , -49.0 , 2 , 27.27 , 2.032 , 0.061 , 19.01 , 393.44
1340 , 7669 , 329.62 , -49.1 , 2 , 27.22 , 2.163 , 0.066 , 19.16 , 393.29
1350 , 7726 , 326.78 , -49.4 , 2 , 27.17 , 2.083 , 0.064 , 19.31 , 393.14
1360 , 7784 , 323.87 , -49.9 , 2 , 27.12 , 1.876 , 0.058 , 19.45 , 393.00
1370 , 7838 , 321.21 , -50.4 , 2 , 27.06 , 1.786 , 0.056 , 19.57 , 392.88
1380 , 7884 , 318.93 , -50.7 , 2 , 26.99 , 1.775 , 0.056 , 19.67 , 392.78
1390 , 7931 , 316.65 , -50.9 , 2 , 26.94 , 1.715 , 0.054 , 19.76 , 392.69
1400 , 7978 , 314.39 , -51.3 , 2 , 26.88 , 1.689 , 0.054 , 19.86 , 392.59
1410 , 8036 , 311.56 , -51.6 , 2 , 26.82 , 1.718 , 0.055 , 19.98 , 392.47
1420 , 8097 , 308.65 , -52.3 , 3 , 26.75 , 1.720 , 0.056 , 20.11 , 392.34
1430 , 8155 , 305.91 , -52.9 , 3 , 26.70 , 1.716 , 0.056 , 20.23 , 392.22
1440 , 8202 , 303.66 , -53.2 , 4 , 26.63 , 1.764 , 0.058 , 20.33 , 392.12
1450 , 8258 , 301.06 , -53.2 , 5 , 26.57 , 1.724 , 0.057 , 20.45 , 392.00
1460 , 8307 , 298.78 , -53.6 , 6 , 26.51 , 1.671 , 0.056 , 20.55 , 391.90
1470 , 8359 , 296.35 , -54.1 , 6 , 26.46 , 1.571 , 0.053 , 20.66 , 391.79
1480 , 8412 , 293.90 , -54.5 , 8 , 26.40 , 1.519 , 0.052 , 20.76 , 391.69
1490 , 8462 , 291.64 , -55.0 , 9 , 26.34 , 1.492 , 0.051 , 20.85 , 391.60
1500 , 8509 , 289.47 , -55.3 , 9 , 26.27 , 1.446 , 0.050 , 20.94 , 391.51
1510 , 8567 , 286.87 , -55.9 , 10 , 26.22 , 1.405 , 0.049 , 21.04 , 391.41
1520 , 8627 , 284.16 , -56.2 , 11 , 26.16 , 1.329 , 0.047 , 21.14 , 391.31
1530 , 8672 , 282.17 , -56.6 , 12 , 26.10 , 1.226 , 0.043 , 21.21 , 391.24
1540 , 8718 , 280.10 , -57.1 , 13 , 26.04 , 1.159 , 0.041 , 21.28 , 391.17
1550 , 8765 , 278.03 , -57.4 , 13 , 25.98 , 1.118 , 0.040 , 21.35 , 391.10
1560 , 8811 , 276.00 , -57.8 , 14 , 25.92 , 1.106 , 0.040 , 21.41 , 391.04
1570 , 8862 , 273.81 , -58.2 , 14 , 25.85 , 1.077 , 0.039 , 21.48 , 390.97
1580 , 8909 , 271.76 , -58.4 , 14 , 25.79 , 1.075 , 0.040 , 21.54 , 390.91
1590 , 8954 , 269.79 , -58.7 , 14 , 25.73 , 1.146 , 0.042 , 21.61 , 390.84
1600 , 9002 , 267.77 , -59.0 , 14 , 25.67 , 1.221 , 0.046 , 21.68 , 390.77
1610 , 9049 , 265.77 , -59.4 , 13 , 25.61 , 1.314 , 0.049 , 21.75 , 390.70
1619 , 9099 , 263.62 , -59.6 , 13 , 25.56 , 1.418 , 0.054 , 21.84 , 390.61
1629 , 9160 , 261.07 , -59.9 , 13 , 25.50 , 1.604 , 0.061 , 21.96 , 390.49
1638 , 9211 , 258.96 , -60.4 , 13 , 25.43 , 1.786 , 0.069 , 22.06 , 390.39
1648 , 9262 , 256.84 , -60.9 , 13 , 25.38 , 1.888 , 0.074 , 22.18 , 390.27
1658 , 9320 , 254.45 , -61.2 , 13 , 25.32 , 1.970 , 0.077 , 22.33 , 390.12
1668 , 9368 , 252.50 , -61.1 , 12 , 25.26 , 2.030 , 0.080 , 22.45 , 390.00
1678 , 9411 , 250.75 , -61.1 , 10 , 25.20 , 2.139 , 0.085 , 22.56 , 389.89
1688 , 9456 , 248.92 , -61.0 , 9 , 25.15 , 2.214 , 0.089 , 22.69 , 389.76
1698 , 9501 , 247.14 , -60.8 , 8 , 25.09 , 2.398 , 0.097 , 22.82 , 389.63
1708 , 9548 , 245.28 , -61.1 , 7 , 25.02 , 2.555 , 0.104 , 22.97 , 389.48
1718 , 9599 , 243.26 , -61.3 , 6 , 24.96 , 2.701 , 0.111 , 23.14 , 389.31
1727 , 9645 , 241.44 , -61.9 , 5 , 24.90 , 2.817 , 0.117 , 23.30 , 389.15
1737 , 9692 , 239.62 , -62.1 , 5 , 24.84 , 2.953 , 0.123 , 23.47 , 388.98
1747 , 9739 , 237.82 , -62.2 , 5 , 24.77 , 3.096 , 0.130 , 23.65 , 388.80
1757 , 9788 , 235.95 , -62.1 , 4 , 24.71 , 3.290 , 0.139 , 23.85 , 388.60
1767 , 9833 , 234.24 , -61.9 , 4 , 24.65 , 3.472 , 0.148 , 24.05 , 388.40
1777 , 9878 , 232.53 , -62.2 , 4 , 24.59 , 3.601 , 0.155 , 24.25 , 388.20
1787 , 9927 , 230.69 , -62.3 , 4 , 24.53 , 3.681 , 0.160 , 24.48 , 387.97
1797 , 9977 , 228.81 , -62.4 , 4 , 24.46 , 3.770 , 0.165 , 24.72 , 387.73
1807 , 10024 , 227.09 , -62.2 , 4 , 24.40 , 3.847 , 0.169 , 24.95 , 387.50
1817 , 10070 , 225.40 , -62.3 , 3 , 24.33 , 4.073 , 0.181 , 25.18 , 387.27
1827 , 10119 , 223.61 , -62.3 , 3 , 24.26 , 4.264 , 0.191 , 25.44 , 387.01
1837 , 10166 , 221.93 , -62.1 , 3 , 24.20 , 4.327 , 0.195 , 25.70 , 386.75
1847 , 10217 , 220.11 , -62.1 , 3 , 24.14 , 4.463 , 0.203 , 25.98 , 386.47
1857 , 10269 , 218.25 , -61.9 , 3 , 24.08 , 4.553 , 0.209 , 26.29 , 386.16
1867 , 10314 , 216.68 , -61.8 , 3 , 24.02 , 4.670 , 0.216 , 26.55 , 385.90
1877 , 10358 , 215.15 , -61.7 , 3 , 23.95 , 4.814 , 0.224 , 26.81 , 385.64
1887 , 10403 , 213.59 , -61.5 , 3 , 23.89 , 5.008 , 0.234 , 27.10 , 385.35
1897 , 10448 , 212.04 , -61.3 , 3 , 23.82 , 5.214 , 0.246 , 27.39 , 385.06
1907 , 10492 , 210.53 , -60.9 , 3 , 23.76 , 5.399 , 0.256 , 27.69 , 384.76
1917 , 10535 , 209.08 , -60.4 , 2 , 23.70 , 5.640 , 0.270 , 27.99 , 384.46
1927 , 10577 , 207.68 , -60.4 , 2 , 23.64 , 5.960 , 0.287 , 28.30 , 384.15
1937 , 10620 , 206.25 , -60.5 , 2 , 23.58 , 6.059 , 0.294 , 28.62 , 383.83
1947 , 10664 , 204.79 , -60.5 , 2 , 23.51 , 6.100 , 0.298 , 28.97 , 383.48
1956 , 10703 , 203.53 , -60.6 , 2 , 23.45 , 6.173 , 0.303 , 29.27 , 383.18
1965 , 10737 , 202.41 , -60.5 , 2 , 23.40 , 6.170 , 0.305 , 29.53 , 382.92
1975 , 10775 , 201.17 , -60.4 , 2 , 23.33 , 6.202 , 0.308 , 29.83 , 382.62
1985 , 10816 , 199.84 , -60.4 , 1 , 23.27 , 6.222 , 0.311 , 30.16 , 382.29
1995 , 10856 , 198.59 , -60.2 , 1 , 23.21 , 6.209 , 0.313 , 30.47 , 381.98
2005 , 10896 , 197.32 , -60.2 , 1 , 23.14 , 6.071 , 0.308 , 30.78 , 381.67
2015 , 10935 , 196.07 , -60.2 , 1 , 23.09 , 5.781 , 0.295 , 31.08 , 381.37
2025 , 10973 , 194.90 , -60.0 , 1 , 23.03 , 5.713 , 0.293 , 31.35 , 381.10
2035 , 11012 , 193.68 , -59.8 , 1 , 22.96 , 5.873 , 0.303 , 31.63 , 380.82
2045 , 11051 , 192.47 , -59.8 , 1 , 22.90 , 5.960 , 0.310 , 31.93 , 380.52
2055 , 11092 , 191.22 , -59.9 , 1 , 22.84 , 5.842 , 0.306 , 32.23 , 380.22
2064 , 11130 , 190.04 , -59.7 , 1 , 22.78 , 5.661 , 0.298 , 32.51 , 379.94
2074 , 11169 , 188.86 , -59.6 , 1 , 22.72 , 5.555 , 0.294 , 32.79 , 379.66
2084 , 11213 , 187.53 , -59.6 , 1 , 22.66 , 5.741 , 0.306 , 33.10 , 379.35
2094 , 11257 , 186.21 , -59.7 , 1 , 22.60 , 5.852 , 0.314 , 33.42 , 379.03
2104 , 11302 , 184.90 , -59.5 , 1 , 22.54 , 5.711 , 0.309 , 33.75 , 378.70
2114 , 11345 , 183.64 , -59.2 , 1 , 22.48 , 5.620 , 0.306 , 34.05 , 378.40
2124 , 11388 , 182.37 , -59.0 , 1 , 22.41 , 5.735 , 0.314 , 34.36 , 378.09
2134 , 11436 , 180.99 , -58.8 , 0 , 22.35 , 5.904 , 0.326 , 34.71 , 377.74
2144 , 11483 , 179.64 , -58.7 , 0 , 22.29 , 6.058 , 0.337 , 35.06 , 377.38
2154 , 11525 , 178.44 , -58.9 , 0 , 22.23 , 6.090 , 0.341 , 35.39 , 377.06
2164 , 11567 , 177.24 , -58.8 , 0 , 22.17 , 6.094 , 0.344 , 35.71 , 376.74
2174 , 11609 , 176.06 , -58.9 , 0 , 22.10 , 6.002 , 0.341 , 36.03 , 376.42
2184 , 11652 , 174.86 , -58.7 , 0 , 22.04 , 5.915 , 0.338 , 36.35 , 376.10
2194 , 11695 , 173.66 , -58.8 , 0 , 21.98 , 5.971 , 0.344 , 36.67 , 375.78
2204 , 11740 , 172.42 , -58.7 , 0 , 21.92 , 5.833 , 0.338 , 37.01 , 375.44
2214 , 11781 , 171.29 , -58.7 , 0 , 21.85 , 5.704 , 0.333 , 37.31 , 375.14
2224 , 11823 , 170.14 , -58.9 , 0 , 21.79 , 5.589 , 0.328 , 37.61 , 374.84
2234 , 11864 , 169.05 , -59.0 , 0 , 21.73 , 5.603 , 0.331 , 37.89 , 374.56
2244 , 11903 , 167.99 , -58.9 , 0 , 21.67 , 5.591 , 0.333 , 38.17 , 374.28
2254 , 11943 , 166.94 , -58.9 , 0 , 21.61 , 5.560 , 0.333 , 38.44 , 374.01
2264 , 11983 , 165.86 , -59.0 , 1 , 21.55 , 5.518 , 0.333 , 38.73 , 373.72
2274 , 12024 , 164.79 , -59.0 , 1 , 21.49 , 5.495 , 0.333 , 39.01 , 373.44
2283 , 12063 , 163.77 , -58.8 , 1 , 21.44 , 5.514 , 0.337 , 39.28 , 373.17
2293 , 12100 , 162.81 , -58.6 , 1 , 21.38 , 5.557 , 0.341 , 39.54 , 372.91
2303 , 12139 , 161.80 , -58.5 , 1 , 21.32 , 5.666 , 0.350 , 39.81 , 372.64
2313 , 12180 , 160.75 , -58.6 , 1 , 21.26 , 5.719 , 0.356 , 40.11 , 372.34
2323 , 12221 , 159.71 , -58.6 , 1 , 21.20 , 5.703 , 0.357 , 40.40 , 372.05
2333 , 12261 , 158.68 , -58.6 , 0 , 21.14 , 5.719 , 0.360 , 40.69 , 371.76
2343 , 12302 , 157.66 , -59.0 , 0 , 21.09 , 5.737 , 0.364 , 40.98 , 371.47
2353 , 12344 , 156.61 , -59.2 , 0 , 21.03 , 5.702 , 0.364 , 41.28 , 371.17
2363 , 12387 , 155.53 , -59.2 , 0 , 20.97 , 5.628 , 0.362 , 41.59 , 370.86
2373 , 12432 , 154.41 , -58.8 , 0 , 20.91 , 5.571 , 0.361 , 41.91 , 370.54
2383 , 12476 , 153.33 , -58.9 , 0 , 20.85 , 5.568 , 0.363 , 42.22 , 370.23
2393 , 12518 , 152.31 , -59.0 , 0 , 20.79 , 5.671 , 0.372 , 42.51 , 369.94
2403 , 12561 , 151.26 , -58.9 , 0 , 20.74 , 5.699 , 0.377 , 42.83 , 369.62
2413 , 12602 , 150.29 , -58.8 , 0 , 20.68 , 5.859 , 0.390 , 43.12 , 369.33
2423 , 12645 , 149.25 , -58.8 , 0 , 20.62 , 6.095 , 0.408 , 43.44 , 369.00
2433 , 12687 , 148.26 , -58.9 , 0 , 20.57 , 6.295 , 0.425 , 43.77 , 368.68
2443 , 12730 , 147.24 , -59.0 , 0 , 20.51 , 6.397 , 0.434 , 44.12 , 368.33
2453 , 12774 , 146.22 , -59.2 , 0 , 20.46 , 6.532 , 0.447 , 44.47 , 367.98
2463 , 12819 , 145.16 , -59.1 , 0 , 20.40 , 6.596 , 0.454 , 44.85 , 367.60
2473 , 12866 , 144.07 , -58.8 , 0 , 20.35 , 6.848 , 0.475 , 45.25 , 367.20
2482 , 12910 , 143.07 , -58.7 , 0 , 20.29 , 7.105 , 0.497 , 45.63 , 366.82
2492 , 12951 , 142.14 , -58.5 , 0 , 20.24 , 7.363 , 0.518 , 46.01 , 366.44
2502 , 12995 , 141.16 , -57.9 , 0 , 20.18 , 7.456 , 0.528 , 46.41 , 366.04
2512 , 13038 , 140.19 , -57.6 , 0 , 20.13 , 7.438 , 0.531 , 46.81 , 365.64
2522 , 13082 , 139.22 , -57.3 , 0 , 20.08 , 7.327 , 0.526 , 47.22 , 365.23
2532 , 13124 , 138.30 , -56.9 , 0 , 20.02 , 7.240 , 0.523 , 47.60 , 364.85
2542 , 13165 , 137.41 , -56.9 , 0 , 19.97 , 7.190 , 0.523 , 47.97 , 364.48
2552 , 13208 , 136.48 , -56.9 , 0 , 19.92 , 7.180 , 0.526 , 48.35 , 364.10
2562 , 13251 , 135.56 , -57.0 , 0 , 19.87 , 7.193 , 0.531 , 48.74 , 363.71
2572 , 13292 , 134.67 , -56.9 , 0 , 19.82 , 7.114 , 0.528 , 49.11 , 363.34
2582 , 13333 , 133.81 , -56.7 , 0 , 19.77 , 7.163 , 0.535 , 49.47 , 362.98
2592 , 13375 , 132.93 , -56.7 , 0 , 19.71 , 7.240 , 0.545 , 49.84 , 362.61
2602 , 13415 , 132.09 , -56.8 , 0 , 19.67 , 7.274 , 0.551 , 50.21 , 362.24
2612 , 13457 , 131.21 , -56.8 , 0 , 19.61 , 6.963 , 0.531 , 50.58 , 361.87
2621 , 13500 , 130.32 , -56.5 , 0 , 19.57 , 6.257 , 0.480 , 50.94 , 361.51
2631 , 13540 , 129.50 , -56.7 , 0 , 19.52 , 5.491 , 0.424 , 51.23 , 361.22
2641 , 13581 , 128.67 , -56.8 , 0 , 19.48 , 4.813 , 0.374 , 51.49 , 360.96
2651 , 13621 , 127.86 , -56.7 , 0 , 19.42 , 4.303 , 0.337 , 51.72 , 360.73
2661 , 13662 , 127.03 , -56.6 , 0 , 19.38 , 3.946 , 0.311 , 51.93 , 360.52
2671 , 13703 , 126.21 , -56.5 , 0 , 19.33 , 3.766 , 0.298 , 52.13 , 360.32
2681 , 13743 , 125.42 , -56.6 , 0 , 19.28 , 3.692 , 0.294 , 52.31 , 360.14
2691 , 13785 , 124.60 , -56.5 , 0 , 19.23 , 3.717 , 0.298 , 52.50 , 359.95
2701 , 13825 , 123.81 , -56.3 , 0 , 19.18 , 4.089 , 0.330 , 52.70 , 359.75
2711 , 13865 , 123.03 , -56.3 , 0 , 19.13 , 4.850 , 0.394 , 52.92 , 359.53
2721 , 13905 , 122.26 , -56.0 , 0 , 19.09 , 5.879 , 0.481 , 53.19 , 359.26
2731 , 13946 , 121.48 , -55.8 , 0 , 19.04 , 6.666 , 0.549 , 53.51 , 358.94
2741 , 13987 , 120.70 , -55.8 , 0 , 18.99 , 7.739 , 0.641 , 53.87 , 358.58
2751 , 14027 , 119.94 , -55.8 , 0 , 18.95 , 8.624 , 0.719 , 54.28 , 358.17
2761 , 14068 , 119.17 , -55.5 , 0 , 18.90 , 9.067 , 0.761 , 54.73 , 357.72
2771 , 14109 , 118.41 , -55.4 , 0 , 18.85 , 8.956 , 0.756 , 55.19 , 357.26
2781 , 14149 , 117.68 , -55.1 , 0 , 18.81 , 8.549 , 0.727 , 55.61 , 356.84
2791 , 14190 , 116.91 , -54.9 , 0 , 18.76 , 8.654 , 0.740 , 56.05 , 356.40
2801 , 14231 , 116.16 , -54.8 , 0 , 18.71 , 9.013 , 0.776 , 56.51 , 355.94
2811 , 14273 , 115.41 , -54.5 , 0 , 18.67 , 9.407 , 0.815 , 56.98 , 355.47
2821 , 14313 , 114.68 , -54.6 , 0 , 18.63 , 8.781 , 0.766 , 57.43 , 355.02
2831 , 14354 , 113.95 , -54.4 , 0 , 18.58 , 7.429 , 0.652 , 57.84 , 354.61
2841 , 14395 , 113.22 , -54.5 , 0 , 18.54 , 6.025 , 0.532 , 58.18 , 354.27
2851 , 14437 , 112.48 , -54.7 , 0 , 18.50 , 5.050 , 0.449 , 58.47 , 353.98
2861 , 14478 , 111.76 , -54.3 , 0 , 18.45 , 4.375 , 0.391 , 58.71 , 353.74
2871 , 14520 , 111.03 , -54.0 , 0 , 18.41 , 4.080 , 0.367 , 58.92 , 353.53
2881 , 14562 , 110.32 , -53.7 , 0 , 18.37 , 3.894 , 0.353 , 59.13 , 353.32
2891 , 14604 , 109.60 , -53.5 , 0 , 18.33 , 3.848 , 0.351 , 59.33 , 353.12
2900 , 14644 , 108.92 , -53.4 , 0 , 18.29 , 3.863 , 0.355 , 59.52 , 352.93
2910 , 14685 , 108.22 , -53.0 , 0 , 18.25 , 3.878 , 0.358 , 59.71 , 352.74
2920 , 14730 , 107.47 , -52.8 , 0 , 18.20 , 3.920 , 0.365 , 59.93 , 352.52
2929 , 14772 , 106.78 , -52.9 , 0 , 18.16 , 3.860 , 0.361 , 60.13 , 352.32
2939 , 14814 , 106.08 , -52.9 , 0 , 18.12 , 3.818 , 0.360 , 60.33 , 352.12
2949 , 14860 , 105.32 , -53.0 , 0 , 18.09 , 3.806 , 0.361 , 60.54 , 351.91
2959 , 14906 , 104.58 , -52.9 , 0 , 18.04 , 3.832 , 0.366 , 60.75 , 351.70
2969 , 14952 , 103.83 , -52.5 , 0 , 18.00 , 3.810 , 0.367 , 60.97 , 351.48
2979 , 14996 , 103.13 , -52.1 , 0 , 17.96 , 3.846 , 0.373 , 61.18 , 351.27
2989 , 15039 , 102.45 , -52.3 , 0 , 17.92 , 4.066 , 0.397 , 61.38 , 351.07
2999 , 15080 , 101.79 , -52.2 , 0 , 17.88 , 4.447 , 0.437 , 61.60 , 350.85
3008 , 15121 , 101.16 , -51.9 , 0 , 17.84 , 4.793 , 0.474 , 61.83 , 350.62
3018 , 15161 , 100.53 , -51.4 , 0 , 17.80 , 5.315 , 0.529 , 62.07 , 350.38
3028 , 15202 , 99.90 , -51.0 , 0 , 17.76 , 5.833 , 0.584 , 62.35 , 350.10
3038 , 15241 , 99.30 , -50.5 , 0 , 17.72 , 6.273 , 0.632 , 62.64 , 349.81
3048 , 15279 , 98.72 , -50.2 , 0 , 17.68 , 6.855 , 0.694 , 62.94 , 349.51
3058 , 15316 , 98.16 , -50.4 , 0 , 17.64 , 7.427 , 0.757 , 63.26 , 349.19
3068 , 15355 , 97.59 , -50.2 , 0 , 17.59 , 7.881 , 0.808 , 63.62 , 348.83
3078 , 15393 , 97.01 , -49.7 , 0 , 17.55 , 8.306 , 0.856 , 63.99 , 348.46
3088 , 15432 , 96.44 , -49.4 , 0 , 17.51 , 8.749 , 0.907 , 64.39 , 348.06
3098 , 15472 , 95.86 , -49.1 , 0 , 17.47 , 9.676 , 1.009 , 64.83 , 347.62
3108 , 15512 , 95.27 , -48.6 , 0 , 17.43 , 10.648 , 1.118 , 65.32 , 347.13
3118 , 15551 , 94.70 , -48.4 , 0 , 17.39 , 11.723 , 1.238 , 65.85 , 346.60
3128 , 15593 , 94.11 , -48.1 , 0 , 17.36 , 12.989 , 1.380 , 66.47 , 345.98
3138 , 15636 , 93.49 , -47.9 , 0 , 17.32 , 14.275 , 1.527 , 67.17 , 345.28
3148 , 15683 , 92.83 , -47.7 , 0 , 17.27 , 15.342 , 1.653 , 68.00 , 344.45
3158 , 15729 , 92.18 , -47.3 , 0 , 17.23 , 15.431 , 1.674 , 68.86 , 343.59
3168 , 15775 , 91.55 , -47.3 , 0 , 17.20 , 14.855 , 1.623 , 69.68 , 342.77
3178 , 15820 , 90.93 , -47.1 , 0 , 17.16 , 14.266 , 1.569 , 70.46 , 341.99
3188 , 15864 , 90.32 , -46.9 , 0 , 17.12 , 13.586 , 1.504 , 71.20 , 341.25
3198 , 15910 , 89.70 , -46.9 , 0 , 17.08 , 12.918 , 1.440 , 71.92 , 340.53
3208 , 15956 , 89.08 , -46.9 , 0 , 17.04 , 12.148 , 1.364 , 72.61 , 339.84
3218 , 16002 , 88.46 , -47.1 , 0 , 17.00 , 11.605 , 1.312 , 73.26 , 339.19
3228 , 16049 , 87.84 , -46.9 , 0 , 16.96 , 11.340 , 1.291 , 73.90 , 338.55
3238 , 16095 , 87.23 , -46.6 , 0 , 16.92 , 11.013 , 1.263 , 74.51 , 337.94
3248 , 16141 , 86.63 , -46.1 , 0 , 16.89 , 10.900 , 1.258 , 75.11 , 337.34
3258 , 16184 , 86.07 , -45.7 , 0 , 16.85 , 11.171 , 1.298 , 75.67 , 336.78
3267 , 16224 , 85.55 , -45.2 , 0 , 16.81 , 12.092 , 1.414 , 76.23 , 336.22
3277 , 16265 , 85.03 , -44.7 , 0 , 16.77 , 13.832 , 1.627 , 76.85 , 335.60
3287 , 16308 , 84.49 , -44.6 , 0 , 16.73 , 16.006 , 1.895 , 77.61 , 334.84
3297 , 16350 , 83.96 , -44.4 , 0 , 16.70 , 17.768 , 2.116 , 78.44 , 334.01
3307 , 16391 , 83.44 , -44.0 , 0 , 16.66 , 19.620 , 2.351 , 79.35 , 333.10
3317 , 16431 , 82.94 , -43.5 , 0 , 16.62 , 21.021 , 2.534 , 80.32 , 332.13
3327 , 16472 , 82.45 , -42.8 , 0 , 16.59 , 22.158 , 2.688 , 81.33 , 331.12
3337 , 16511 , 81.96 , -42.9 , 0 , 16.55 , 22.905 , 2.795 , 82.38 , 330.07
3347 , 16552 , 81.48 , -42.4 , 0 , 16.51 , 23.244 , 2.853 , 83.47 , 328.98
3357 , 16591 , 81.01 , -42.2 , 0 , 16.48 , 23.591 , 2.912 , 84.53 , 327.92
3367 , 16631 , 80.52 , -42.3 , 0 , 16.44 , 23.866 , 2.964 , 85.65 , 326.80
3377 , 16671 , 80.05 , -42.1 , 0 , 16.40 , 23.886 , 2.984 , 86.76 , 325.69
3387 , 16711 , 79.58 , -41.9 , 0 , 16.37 , 23.876 , 3.000 , 87.87 , 324.58
3397 , 16754 , 79.07 , -41.9 , 0 , 16.34 , 24.005 , 3.036 , 89.08 , 323.37
3407 , 16798 , 78.56 , -41.6 , 0 , 16.30 , 23.946 , 3.048 , 90.31 , 322.14
3417 , 16841 , 78.07 , -41.4 , 0 , 16.27 , 23.875 , 3.058 , 91.50 , 320.95
3426 , 16880 , 77.61 , -41.3 , 0 , 16.23 , 24.051 , 3.099 , 92.61 , 319.84
3436 , 16922 , 77.14 , -41.0 , 0 , 16.20 , 23.873 , 3.095 , 93.75 , 318.70
3446 , 16965 , 76.66 , -40.9 , 0 , 16.17 , 23.954 , 3.125 , 94.95 , 317.50
3456 , 17008 , 76.18 , -40.9 , 0 , 16.13 , 23.947 , 3.144 , 96.14 , 316.31
3466 , 17052 , 75.68 , -40.7 , 0 , 16.10 , 24.270 , 3.207 , 97.38 , 315.07
3476 , 17095 , 75.20 , -40.7 , 0 , 16.07 , 24.142 , 3.210 , 98.59 , 313.86
3486 , 17141 , 74.70 , -40.8 , 0 , 16.03 , 24.205 , 3.240 , 99.88 , 312.57
3496 , 17185 , 74.21 , -40.8 , 0 , 16.00 , 24.061 , 3.242 , 101.12 , 311.33
3506 , 17233 , 73.69 , -40.9 , 0 , 15.97 , 24.119 , 3.273 , 102.47 , 309.98
3516 , 17279 , 73.19 , -40.5 , 0 , 15.94 , 24.183 , 3.304 , 103.76 , 308.69
3526 , 17325 , 72.70 , -40.1 , 0 , 15.90 , 24.130 , 3.319 , 105.04 , 307.41
3536 , 17372 , 72.20 , -39.7 , 0 , 15.87 , 24.206 , 3.352 , 106.34 , 306.11
3546 , 17419 , 71.71 , -39.5 , 0 , 15.84 , 24.428 , 3.407 , 107.67 , 304.78
3556 , 17466 , 71.22 , -39.1 , 0 , 15.81 , 24.273 , 3.408 , 108.98 , 303.46
3565 , 17509 , 70.77 , -39.0 , 0 , 15.79 , 24.215 , 3.422 , 110.20 , 302.25
3574 , 17551 , 70.34 , -38.7 , 0 , 15.76 , 24.359 , 3.463 , 111.35 , 301.10
3583 , 17593 , 69.91 , -38.8 , 0 , 15.73 , 24.308 , 3.477 , 112.53 , 299.92
3593 , 17635 , 69.49 , -38.6 , 0 , 15.71 , 24.307 , 3.498 , 113.71 , 298.74
3603 , 17678 , 69.05 , -37.8 , 0 , 15.68 , 24.150 , 3.498 , 114.92 , 297.53
3613 , 17721 , 68.62 , -37.7 , 0 , 15.65 , 24.209 , 3.528 , 116.09 , 296.36
3623 , 17764 , 68.19 , -37.9 , 0 , 15.62 , 23.832 , 3.495 , 117.29 , 295.16
3633 , 17806 , 67.78 , -37.8 , 0 , 15.60 , 23.594 , 3.481 , 118.43 , 294.02
3643 , 17847 , 67.38 , -37.3 , 0 , 15.57 , 23.400 , 3.473 , 119.52 , 292.93
3653 , 17889 , 66.97 , -36.9 , 0 , 15.54 , 23.081 , 3.447 , 120.64 , 291.81
3663 , 17931 , 66.57 , -36.9 , 0 , 15.52 , 22.975 , 3.451 , 121.73 , 290.72
3673 , 17974 , 66.15 , -37.0 , 0 , 15.49 , 22.719 , 3.434 , 122.86 , 289.59
3683 , 18016 , 65.75 , -37.3 , 0 , 15.46 , 22.720 , 3.455 , 123.96 , 288.49
3693 , 18060 , 65.34 , -37.1 , 0 , 15.44 , 22.605 , 3.460 , 125.08 , 287.37
3703 , 18105 , 64.91 , -36.9 , 0 , 15.41 , 22.524 , 3.470 , 126.24 , 286.21
3713 , 18151 , 64.48 , -36.9 , 0 , 15.39 , 22.268 , 3.453 , 127.42 , 285.03
3723 , 18198 , 64.04 , -36.8 , 0 , 15.36 , 21.750 , 3.396 , 128.61 , 283.84
3733 , 18245 , 63.61 , -37.0 , 0 , 15.34 , 21.306 , 3.349 , 129.76 , 282.69
3743 , 18291 , 63.19 , -37.2 , 0 , 15.31 , 21.090 , 3.338 , 130.87 , 281.58
3753 , 18337 , 62.76 , -37.7 , 0 , 15.29 , 20.780 , 3.311 , 131.98 , 280.47
3763 , 18384 , 62.34 , -38.0 , 0 , 15.26 , 20.483 , 3.286 , 133.09 , 279.36
3773 , 18432 , 61.91 , -37.8 , 0 , 15.24 , 20.217 , 3.266 , 134.21 , 278.24
3783 , 18479 , 61.49 , -37.5 , 0 , 15.21 , 20.302 , 3.302 , 135.30 , 277.15
3793 , 18527 , 61.06 , -37.9 , 0 , 15.18 , 20.485 , 3.355 , 136.42 , 276.03
3803 , 18574 , 60.65 , -38.2 , 0 , 15.15 , 20.639 , 3.403 , 137.52 , 274.93
3813 , 18620 , 60.24 , -38.6 , 0 , 15.13 , 20.568 , 3.414 , 138.62 , 273.83
3823 , 18669 , 59.81 , -38.3 , 0 , 15.10 , 20.567 , 3.438 , 139.76 , 272.69
3833 , 18716 , 59.41 , -37.9 , 0 , 15.08 , 20.745 , 3.492 , 140.88 , 271.57
3843 , 18765 , 58.99 , -37.6 , 0 , 15.05 , 20.745 , 3.517 , 142.04 , 270.40
3853 , 18813 , 58.58 , -37.5 , 0 , 15.03 , 20.908 , 3.569 , 143.18 , 269.27
3863 , 18862 , 58.16 , -37.4 , 0 , 15.00 , 20.961 , 3.604 , 144.36 , 268.09
3873 , 18909 , 57.76 , -37.3 , 0 , 14.98 , 21.008 , 3.637 , 145.50 , 266.95
3883 , 18956 , 57.38 , -37.2 , 0 , 14.95 , 21.047 , 3.668 , 146.62 , 265.83
3893 , 19003 , 56.98 , -36.9 , 0 , 14.92 , 20.771 , 3.645 , 147.76 , 264.69
3903 , 19051 , 56.59 , -36.4 , 0 , 14.90 , 20.794 , 3.674 , 148.88 , 263.57
3912 , 19096 , 56.22 , -36.1 , 0 , 14.87 , 20.928 , 3.722 , 149.96 , 262.49
3922 , 19138 , 55.88 , -35.7 , 0 , 14.85 , 20.806 , 3.723 , 150.95 , 261.50
3932 , 19184 , 55.52 , -35.3 , 0 , 14.82 , 20.852 , 3.756 , 152.04 , 260.41
3942 , 19229 , 55.16 , -34.9 , 0 , 14.80 , 21.101 , 3.826 , 153.11 , 259.34
3952 , 19274 , 54.80 , -35.0 , 0 , 14.77 , 21.155 , 3.860 , 154.18 , 258.27
3962 , 19319 , 54.45 , -34.4 , 0 , 14.74 , 21.202 , 3.894 , 155.26 , 257.18
3972 , 19365 , 54.10 , -34.7 , 0 , 14.72 , 21.201 , 3.919 , 156.35 , 256.10
3982 , 19408 , 53.76 , -35.0 , 0 , 14.69 , 21.261 , 3.955 , 157.40 , 255.05
3992 , 19453 , 53.41 , -35.1 , 0 , 14.66 , 21.353 , 3.998 , 158.49 , 253.96
4002 , 19498 , 53.08 , -34.9 , 0 , 14.64 , 21.218 , 3.998 , 159.56 , 252.89
4012 , 19541 , 52.74 , -34.7 , 0 , 14.61 , 21.020 , 3.985 , 160.60 , 251.85
4022 , 19587 , 52.40 , -33.8 , 0 , 14.59 , 20.762 , 3.962 , 161.68 , 250.77
4032 , 19634 , 52.05 , -33.7 , 0 , 14.56 , 20.625 , 3.962 , 162.77 , 249.68
4042 , 19680 , 51.71 , -34.0 , 0 , 14.54 , 20.804 , 4.023 , 163.85 , 248.60
4052 , 19729 , 51.35 , -34.3 , 0 , 14.51 , 20.697 , 4.030 , 164.99 , 247.46
4062 , 19777 , 51.00 , -34.3 , 0 , 14.49 , 20.583 , 4.036 , 166.11 , 246.34
4072 , 19823 , 50.66 , -34.5 , 0 , 14.47 , 20.513 , 4.049 , 167.19 , 245.26
4082 , 19869 , 50.33 , -34.3 , 0 , 14.45 , 20.383 , 4.050 , 168.24 , 244.21
4092 , 19916 , 50.00 , -33.8 , 0 , 14.42 , 20.586 , 4.117 , 169.32 , 243.13
4102 , 19963 , 49.66 , -33.3 , 0 , 14.40 , 20.646 , 4.158 , 170.42 , 242.03
4112 , 20009 , 49.34 , -32.6 , 0 , 14.38 , 20.776 , 4.211 , 171.49 , 240.96
4122 , 20057 , 49.00 , -32.2 , 0 , 14.36 , 20.951 , 4.275 , 172.60 , 239.85
4132 , 20105 , 48.67 , -32.3 , 0 , 14.34 , 20.959 , 4.306 , 173.72 , 238.73
4141 , 20155 , 48.33 , -32.5 , 0 , 14.32 , 20.905 , 4.326 , 174.90 , 237.55
4151 , 20204 , 47.99 , -32.9 , 0 , 14.30 , 20.590 , 4.290 , 176.04 , 236.41
4161 , 20254 , 47.65 , -33.1 , 0 , 14.27 , 20.516 , 4.306 , 177.20 , 235.25
4171 , 20304 , 47.31 , -33.2 , 0 , 14.25 , 20.232 , 4.276 , 178.34 , 234.11
4181 , 20352 , 46.99 , -33.3 , 0 , 14.24 , 19.640 , 4.179 , 179.41 , 233.04
4191 , 20400 , 46.67 , -33.6 , 0 , 14.21 , 19.388 , 4.154 , 180.46 , 231.99
4201 , 20446 , 46.36 , -33.9 , 0 , 14.19 , 19.110 , 4.122 , 181.47 , 230.98
4211 , 20493 , 46.05 , -34.1 , 0 , 14.17 , 18.854 , 4.094 , 182.47 , 229.98
4220 , 20537 , 45.77 , -34.3 , 0 , 14.15 , 18.715 , 4.089 , 183.40 , 229.05
4229 , 20580 , 45.49 , -34.8 , 0 , 14.13 , 18.675 , 4.106 , 184.31 , 228.14
4239 , 20623 , 45.20 , -34.8 , 0 , 14.12 , 18.563 , 4.107 , 185.23 , 227.22
4249 , 20670 , 44.90 , -35.4 , 0 , 14.10 , 18.711 , 4.167 , 186.21 , 226.24
4259 , 20718 , 44.59 , -35.6 , 0 , 14.08 , 18.565 , 4.164 , 187.24 , 225.21
4269 , 20767 , 44.28 , -36.0 , 0 , 14.06 , 18.394 , 4.154 , 188.26 , 224.19
4279 , 20812 , 43.99 , -35.7 , 0 , 14.04 , 18.409 , 4.185 , 189.21 , 223.24
4289 , 20858 , 43.70 , -35.7 , 0 , 14.02 , 18.333 , 4.195 , 190.16 , 222.29
4299 , 20904 , 43.41 , -35.4 , 0 , 14.00 , 18.497 , 4.261 , 191.12 , 221.33
4309 , 20949 , 43.13 , -35.2 , 0 , 13.98 , 18.566 , 4.304 , 192.07 , 220.38
4319 , 20995 , 42.85 , -35.1 , 0 , 13.97 , 18.790 , 4.385 , 193.05 , 219.40
4329 , 21041 , 42.57 , -35.2 , 0 , 13.94 , 18.734 , 4.401 , 194.01 , 218.44
4339 , 21087 , 42.29 , -34.6 , 0 , 13.93 , 19.026 , 4.499 , 195.00 , 217.45
4349 , 21133 , 42.01 , -34.0 , 0 , 13.91 , 19.156 , 4.560 , 195.98 , 216.47
4359 , 21180 , 41.73 , -34.2 , 0 , 13.89 , 19.064 , 4.568 , 196.99 , 215.45
4369 , 21226 , 41.46 , -34.1 , 0 , 13.87 , 19.037 , 4.592 , 197.99 , 214.46
4379 , 21273 , 41.18 , -33.6 , 0 , 13.85 , 19.265 , 4.678 , 198.99 , 213.46
4389 , 21320 , 40.90 , -33.5 , 0 , 13.83 , 19.611 , 4.795 , 200.04 , 212.41
4399 , 21369 , 40.62 , -33.5 , 0 , 13.81 , 19.850 , 4.887 , 201.12 , 211.33
4409 , 21417 , 40.34 , -33.5 , 0 , 13.79 , 19.961 , 4.948 , 202.20 , 210.25
4419 , 21466 , 40.06 , -33.2 , 0 , 13.77 , 20.162 , 5.033 , 203.30 , 209.15
4429 , 21512 , 39.80 , -33.1 , 0 , 13.75 , 20.390 , 5.123 , 204.36 , 208.09
4438 , 21558 , 39.54 , -33.3 , 0 , 13.73 , 20.423 , 5.165 , 205.40 , 207.04
4448 , 21600 , 39.30 , -33.4 , 0 , 13.71 , 20.271 , 5.158 , 206.38 , 206.07
4458 , 21646 , 39.05 , -33.7 , 0 , 13.70 , 20.307 , 5.201 , 207.42 , 205.03
4468 , 21691 , 38.80 , -33.8 , 0 , 13.67 , 20.137 , 5.191 , 208.44 , 204.01
4478 , 21738 , 38.54 , -33.9 , 0 , 13.65 , 20.021 , 5.195 , 209.51 , 202.94
4488 , 21782 , 38.29 , -33.9 , 0 , 13.63 , 20.070 , 5.241 , 210.51 , 201.94
4498 , 21829 , 38.04 , -33.1 , 0 , 13.61 , 20.049 , 5.271 , 211.57 , 200.88
4508 , 21873 , 37.80 , -33.0 , 0 , 13.59 , 20.063 , 5.307 , 212.55 , 199.90
4518 , 21919 , 37.56 , -32.9 , 0 , 13.57 , 20.153 , 5.366 , 213.58 , 198.87
4528 , 21965 , 37.31 , -33.2 , 0 , 13.55 , 20.134 , 5.396 , 214.62 , 197.83
4538 , 22009 , 37.08 , -33.5 , 0 , 13.53 , 20.142 , 5.432 , 215.63 , 196.82
4548 , 22053 , 36.85 , -33.8 , 0 , 13.50 , 20.054 , 5.442 , 216.61 , 195.84
4558 , 22096 , 36.62 , -33.8 , 0 , 13.48 , 19.987 , 5.457 , 217.58 , 194.87
4567 , 22138 , 36.40 , -33.3 , 0 , 13.46 , 19.960 , 5.483 , 218.54 , 193.91
4577 , 22180 , 36.18 , -33.4 , 0 , 13.44 , 20.133 , 5.564 , 219.49 , 192.96
4587 , 22228 , 35.94 , -33.5 , 0 , 13.42 , 20.099 , 5.593 , 220.57 , 191.88
4597 , 22275 , 35.70 , -33.9 , 0 , 13.40 , 20.104 , 5.631 , 221.62 , 190.83
4607 , 22322 , 35.46 , -33.8 , 0 , 13.37 , 19.915 , 5.616 , 222.68 , 189.77
4617 , 22371 , 35.21 , -33.1 , 0 , 13.35 , 19.927 , 5.659 , 223.78 , 188.67
4627 , 22416 , 34.99 , -32.7 , 0 , 13.33 , 19.965 , 5.707 , 224.80 , 187.65
4637 , 22464 , 34.75 , -32.8 , 0 , 13.31 , 19.918 , 5.732 , 225.87 , 186.58
4647 , 22512 , 34.51 , -33.1 , 0 , 13.29 , 19.874 , 5.758 , 226.94 , 185.51
4657 , 22557 , 34.29 , -33.2 , 0 , 13.27 , 19.753 , 5.760 , 227.95 , 184.50
4667 , 22604 , 34.06 , -33.5 , 0 , 13.25 , 19.768 , 5.803 , 228.99 , 183.46
4677 , 22648 , 33.85 , -32.9 , 0 , 13.23 , 19.778 , 5.843 , 229.97 , 182.48
4687 , 22694 , 33.63 , -33.0 , 0 , 13.21 , 19.712 , 5.861 , 230.99 , 181.46
4697 , 22744 , 33.39 , -33.0 , 0 , 13.19 , 19.645 , 5.883 , 232.08 , 180.37
4707 , 22788 , 33.19 , -32.4 , 0 , 13.17 , 19.755 , 5.953 , 233.05 , 179.40
4717 , 22833 , 32.98 , -31.8 , 0 , 13.15 , 19.538 , 5.925 , 234.04 , 178.41
4727 , 22878 , 32.76 , -31.7 , 0 , 13.12 , 19.641 , 5.995 , 235.04 , 177.41
4737 , 22923 , 32.56 , -31.4 , 0 , 13.10 , 19.609 , 6.023 , 236.02 , 176.43
4747 , 22969 , 32.35 , -31.2 , 0 , 13.08 , 19.715 , 6.095 , 237.02 , 175.43
4757 , 23017 , 32.13 , -31.1 , 0 , 13.06 , 19.840 , 6.175 , 238.08 , 174.37
4767 , 23061 , 31.93 , -31.2 , 0 , 13.04 , 19.765 , 6.191 , 239.06 , 173.39
4777 , 23107 , 31.72 , -31.2 , 0 , 13.02 , 19.708 , 6.213 , 240.07 , 172.38
4787 , 23154 , 31.51 , -30.7 , 0 , 13.00 , 19.769 , 6.274 , 241.10 , 171.35
4797 , 23200 , 31.31 , -29.9 , 0 , 12.98 , 19.922 , 6.363 , 242.12 , 170.33
4807 , 23249 , 31.10 , -29.9 , 0 , 12.96 , 19.998 , 6.431 , 243.19 , 169.26
4816 , 23293 , 30.91 , -29.8 , 0 , 12.94 , 19.905 , 6.441 , 244.16 , 168.29
4826 , 23336 , 30.72 , -29.8 , 0 , 12.92 , 20.131 , 6.553 , 245.11 , 167.34
4836 , 23381 , 30.53 , -29.8 , 0 , 12.90 , 20.135 , 6.596 , 246.12 , 166.33
4846 , 23425 , 30.33 , -29.8 , 0 , 12.87 , 20.047 , 6.609 , 247.12 , 165.33
4856 , 23470 , 30.14 , -29.8 , 0 , 12.86 , 20.028 , 6.644 , 248.10 , 164.35
4866 , 23515 , 29.95 , -30.0 , 0 , 12.84 , 19.960 , 6.664 , 249.11 , 163.34
4875 , 23557 , 29.78 , -30.5 , 0 , 12.82 , 19.829 , 6.659 , 250.02 , 162.43
4885 , 23599 , 29.60 , -30.9 , 0 , 12.80 , 19.482 , 6.581 , 250.96 , 161.49
4895 , 23648 , 29.40 , -31.0 , 0 , 12.78 , 19.476 , 6.625 , 252.00 , 160.45
4904 , 23693 , 29.21 , -31.3 , 0 , 12.76 , 19.470 , 6.665 , 252.99 , 159.46
4915 , 23741 , 29.01 , -31.8 , 0 , 12.74 , 19.451 , 6.704 , 254.03 , 158.42
4925 , 23789 , 28.82 , -32.3 , 0 , 12.72 , 19.266 , 6.686 , 255.08 , 157.37
4935 , 23836 , 28.63 , -32.4 , 0 , 12.71 , 18.944 , 6.618 , 256.07 , 156.38
4945 , 23885 , 28.43 , -32.4 , 0 , 12.69 , 18.722 , 6.585 , 257.10 , 155.35
4955 , 23933 , 28.23 , -32.1 , 0 , 12.67 , 18.571 , 6.577 , 258.11 , 154.34
4965 , 23984 , 28.03 , -31.3 , 0 , 12.66 , 18.662 , 6.657 , 259.17 , 153.28
4975 , 24035 , 27.83 , -31.6 , 0 , 12.64 , 18.672 , 6.709 , 260.24 , 152.21
4985 , 24086 , 27.63 , -31.2 , 0 , 12.62 , 18.536 , 6.709 , 261.30 , 151.15
4995 , 24139 , 27.42 , -31.4 , 0 , 12.61 , 18.594 , 6.780 , 262.39 , 150.06
5005 , 24189 , 27.23 , -30.7 , 0 , 12.59 , 18.611 , 6.834 , 263.42 , 149.03
5015 , 24242 , 27.03 , -30.2 , 0 , 12.57 , 18.516 , 6.850 , 264.52 , 147.93
5025 , 24295 , 26.83 , -30.1 , 0 , 12.56 , 18.477 , 6.887 , 265.61 , 146.84
5035 , 24348 , 26.63 , -29.9 , 0 , 12.54 , 18.464 , 6.933 , 266.68 , 145.77
5045 , 24403 , 26.42 , -30.0 , 0 , 12.52 , 18.428 , 6.974 , 267.82 , 144.63
5055 , 24454 , 26.24 , -30.0 , 0 , 12.50 , 18.416 , 7.019 , 268.85 , 143.60
5065 , 24507 , 26.04 , -30.1 , 0 , 12.48 , 18.381 , 7.058 , 269.93 , 142.52
5075 , 24554 , 25.87 , -29.5 , 0 , 12.47 , 18.268 , 7.062 , 270.90 , 141.55
5085 , 24608 , 25.68 , -29.3 , 0 , 12.45 , 18.113 , 7.054 , 271.97 , 140.48
5095 , 24662 , 25.48 , -29.7 , 0 , 12.43 , 17.964 , 7.050 , 273.06 , 139.39
5105 , 24715 , 25.29 , -30.1 , 0 , 12.41 , 17.743 , 7.015 , 274.10 , 138.35
5115 , 24766 , 25.11 , -30.5 , 0 , 12.39 , 17.481 , 6.962 , 275.11 , 137.34
5125 , 24820 , 24.92 , -30.8 , 0 , 12.37 , 17.364 , 6.967 , 276.14 , 136.31
5135 , 24875 , 24.73 , -30.9 , 0 , 12.35 , 17.345 , 7.014 , 277.21 , 135.24
5145 , 24927 , 24.55 , -31.3 , 0 , 12.33 , 17.069 , 6.953 , 278.21 , 134.24
5155 , 24981 , 24.36 , -31.4 , 0 , 12.31 , 16.939 , 6.953 , 279.22 , 133.23
5165 , 25035 , 24.18 , -31.4 , 0 , 12.29 , 16.936 , 7.004 , 280.24 , 132.21
5175 , 25087 , 24.00 , -31.6 , 0 , 12.27 , 16.798 , 6.999 , 281.22 , 131.23
5185 , 25142 , 23.82 , -31.5 , 0 , 12.25 , 16.855 , 7.077 , 282.25 , 130.20
5195 , 25194 , 23.64 , -31.2 , 0 , 12.24 , 16.785 , 7.101 , 283.24 , 129.21
5205 , 25248 , 23.46 , -31.6 , 0 , 12.21 , 16.595 , 7.074 , 284.25 , 128.20
5214 , 25299 , 23.29 , -32.0 , 0 , 12.20 , 16.774 , 7.202 , 285.20 , 127.25
5224 , 25349 , 23.13 , -31.9 , 0 , 12.18 , 16.710 , 7.225 , 286.12 , 126.33
5234 , 25400 , 22.96 , -31.5 , 0 , 12.16 , 16.560 , 7.213 , 287.08 , 125.37
5244 , 25451 , 22.79 , -31.5 , 0 , 12.14 , 16.487 , 7.233 , 288.02 , 124.43
5254 , 25506 , 22.62 , -31.5 , 0 , 12.13 , 16.485 , 7.288 , 289.02 , 123.43
5264 , 25559 , 22.45 , -30.9 , 0 , 12.11 , 16.418 , 7.313 , 290.00 , 122.45
5274 , 25614 , 22.28 , -30.2 , 0 , 12.09 , 16.410 , 7.366 , 290.99 , 121.46
5284 , 25661 , 22.13 , -30.0 , 0 , 12.07 , 16.478 , 7.447 , 291.86 , 120.59
5294 , 25714 , 21.97 , -30.1 , 0 , 12.05 , 16.442 , 7.485 , 292.82 , 119.63
5304 , 25764 , 21.81 , -30.0 , 0 , 12.04 , 16.478 , 7.554 , 293.73 , 118.72
5314 , 25816 , 21.65 , -29.9 , 0 , 12.01 , 16.457 , 7.600 , 294.68 , 117.77
5324 , 25867 , 21.50 , -30.1 , 0 , 11.99 , 16.396 , 7.627 , 295.62 , 116.83
5334 , 25916 , 21.35 , -30.6 , 0 , 11.98 , 16.249 , 7.610 , 296.50 , 115.95
5344 , 25970 , 21.19 , -30.9 , 0 , 11.96 , 16.121 , 7.608 , 297.47 , 114.98
5354 , 26020 , 21.04 , -31.3 , 0 , 11.94 , 15.874 , 7.544 , 298.36 , 114.09
5364 , 26071 , 20.89 , -31.1 , 0 , 11.92 , 15.847 , 7.586 , 299.26 , 113.19
5374 , 26120 , 20.74 , -30.7 , 0 , 11.90 , 15.545 , 7.493 , 300.13 , 112.32
5384 , 26172 , 20.59 , -30.4 , 0 , 11.87 , 15.365 , 7.461 , 301.02 , 111.43
5394 , 26223 , 20.45 , -30.3 , 0 , 11.85 , 15.099 , 7.384 , 301.87 , 110.58
5404 , 26274 , 20.30 , -30.4 , 0 , 11.83 , 15.098 , 7.437 , 302.73 , 109.72
5414 , 26331 , 20.14 , -30.7 , 0 , 11.81 , 14.941 , 7.418 , 303.68 , 108.77
5423 , 26378 , 20.01 , -31.1 , 0 , 11.80 , 14.813 , 7.404 , 304.46 , 107.99
5433 , 26429 , 19.86 , -31.2 , 0 , 11.78 , 14.517 , 7.309 , 305.29 , 107.16
5443 , 26482 , 19.71 , -31.4 , 0 , 11.76 , 14.456 , 7.333 , 306.15 , 106.30
5453 , 26534 , 19.57 , -31.4 , 0 , 11.74 , 14.537 , 7.428 , 307.00 , 105.45
5463 , 26589 , 19.42 , -31.9 , 0 , 11.72 , 14.429 , 7.431 , 307.89 , 104.56
5473 , 26645 , 19.26 , -32.3 , 0 , 11.70 , 14.392 , 7.471 , 308.78 , 103.67
5483 , 26696 , 19.12 , -32.6 , 0 , 11.68 , 14.468 , 7.565 , 309.62 , 102.83
5493 , 26749 , 18.98 , -32.6 , 0 , 11.67 , 14.488 , 7.633 , 310.47 , 101.98
5503 , 26801 , 18.84 , -32.7 , 0 , 11.65 , 14.452 , 7.670 , 311.31 , 101.14
5513 , 26855 , 18.70 , -33.0 , 0 , 11.63 , 14.332 , 7.665 , 312.19 , 100.26
5523 , 26904 , 18.57 , -32.8 , 0 , 11.62 , 14.270 , 7.685 , 312.97 , 99.48
5532 , 26951 , 18.44 , -32.8 , 0 , 11.60 , 14.202 , 7.700 , 313.73 , 98.72
5542 , 26999 , 18.32 , -32.4 , 0 , 11.59 , 13.992 , 7.638 , 314.48 , 97.97
5552 , 27048 , 18.19 , -32.1 , 0 , 11.57 , 13.712 , 7.537 , 315.25 , 97.20
5562 , 27097 , 18.07 , -32.0 , 0 , 11.55 , 13.484 , 7.463 , 315.98 , 96.47
5572 , 27149 , 17.93 , -31.6 , 0 , 11.54 , 13.195 , 7.357 , 316.76 , 95.69
5582 , 27198 , 17.81 , -31.6 , 0 , 11.52 , 12.889 , 7.237 , 317.47 , 94.98
5592 , 27251 , 17.68 , -31.7 , 0 , 11.50 , 12.681 , 7.173 , 318.23 , 94.22
5602 , 27300 , 17.56 , -31.8 , 0 , 11.49 , 12.477 , 7.107 , 318.91 , 93.54
5612 , 27348 , 17.44 , -31.8 , 0 , 11.47 , 12.264 , 7.034 , 319.58 , 92.87
5622 , 27401 , 17.31 , -31.6 , 0 , 11.45 , 12.089 , 6.985 , 320.30 , 92.15
5632 , 27452 , 17.18 , -31.2 , 0 , 11.43 , 11.903 , 6.928 , 320.98 , 91.47
5642 , 27502 , 17.06 , -31.3 , 0 , 11.42 , 11.733 , 6.877 , 321.64 , 90.81
5652 , 27551 , 16.94 , -31.0 , 0 , 11.41 , 11.540 , 6.811 , 322.28 , 90.17
5662 , 27600 , 16.83 , -30.7 , 0 , 11.39 , 11.435 , 6.796 , 322.91 , 89.54
5672 , 27648 , 16.71 , -30.7 , 0 , 11.37 , 11.476 , 6.867 , 323.52 , 88.93
5682 , 27696 , 16.60 , -30.9 , 0 , 11.36 , 11.426 , 6.883 , 324.13 , 88.32
5692 , 27741 , 16.49 , -31.2 , 0 , 11.35 , 11.455 , 6.945 , 324.71 , 87.74
5702 , 27791 , 16.38 , -31.0 , 0 , 11.33 , 11.561 , 7.059 , 325.34 , 87.11
5712 , 27843 , 16.26 , -30.9 , 0 , 11.32 , 11.527 , 7.090 , 326.01 , 86.44
5722 , 27886 , 16.16 , -30.5 , 0 , 11.31 , 11.362 , 7.031 , 326.56 , 85.89
5732 , 27932 , 16.06 , -29.9 , 0 , 11.30 , 11.182 , 6.964 , 327.13 , 85.32
5742 , 27978 , 15.95 , -29.9 , 0 , 11.29 , 11.181 , 7.008 , 327.70 , 84.75
5752 , 28023 , 15.85 , -29.9 , 0 , 11.27 , 11.099 , 7.001 , 328.26 , 84.19
5762 , 28066 , 15.76 , -29.9 , 0 , 11.27 , 11.080 , 7.031 , 328.79 , 83.66
5772 , 28114 , 15.65 , -30.0 , 0 , 11.26 , 11.049 , 7.059 , 329.38 , 83.07
5782 , 28160 , 15.55 , -30.1 , 0 , 11.24 , 10.936 , 7.032 , 329.93 , 82.52
5792 , 28204 , 15.46 , -30.3 , 0 , 11.24 , 10.888 , 7.045 , 330.47 , 81.98
5801 , 28247 , 15.36 , -30.7 , 0 , 11.23 , 10.857 , 7.068 , 330.99 , 81.46
5811 , 28287 , 15.28 , -30.7 , 0 , 11.22 , 10.756 , 7.041 , 331.47 , 80.98
5821 , 28335 , 15.17 , -30.8 , 0 , 11.22 , 10.722 , 7.066 , 332.04 , 80.41
5831 , 28376 , 15.09 , -30.7 , 0 , 11.21 , 10.659 , 7.065 , 332.52 , 79.93
5841 , 28424 , 14.98 , -31.0 , 0 , 11.20 , 10.525 , 7.025 , 333.10 , 79.35
5851 , 28473 , 14.88 , -30.9 , 0 , 11.20 , 10.486 , 7.047 , 333.67 , 78.78
5860 , 28514 , 14.80 , -30.5 , 0 , 11.19 , 10.488 , 7.089 , 334.14 , 78.30
5870 , 28561 , 14.70 , -30.3 , 0 , 11.19 , 10.376 , 7.061 , 334.70 , 77.75
5880 , 28607 , 14.60 , -30.1 , 0 , 11.19 , 10.221 , 7.000 , 335.22 , 77.23
5890 , 28653 , 14.51 , -29.8 , 0 , 11.18 , 9.991 , 6.886 , 335.73 , 76.72
5900 , 28697 , 14.42 , -29.8 , 0 , 11.18 , 9.835 , 6.820 , 336.21 , 76.24
5910 , 28747 , 14.32 , -29.9 , 0 , 11.17 , 9.772 , 6.824 , 336.75 , 75.70
5920 , 28798 , 14.22 , -29.4 , 0 , 11.17 , 9.663 , 6.798 , 337.31 , 75.14
5930 , 28845 , 14.12 , -29.3 , 0 , 11.16 , 9.549 , 6.762 , 337.81 , 74.64
5940 , 28895 , 14.02 , -29.2 , 0 , 11.16 , 9.442 , 6.733 , 338.33 , 74.12
5950 , 28946 , 13.92 , -29.5 , 0 , 11.15 , 9.402 , 6.752 , 338.86 , 73.59
5960 , 28993 , 13.83 , -29.6 , 0 , 11.14 , 9.356 , 6.764 , 339.35 , 73.10
5970 , 29041 , 13.74 , -29.6 , 0 , 11.13 , 9.310 , 6.776 , 339.85 , 72.60
5980 , 29091 , 13.64 , -29.6 , 0 , 11.12 , 9.257 , 6.784 , 340.36 , 72.09
5990 , 29138 , 13.55 , -29.4 , 0 , 11.12 , 9.235 , 6.813 , 340.84 , 71.61
6000 , 29187 , 13.46 , -29.1 , 0 , 11.11 , 9.199 , 6.834 , 341.34 , 71.11
6010 , 29235 , 13.37 , -29.0 , 0 , 11.10 , 9.221 , 6.897 , 341.83 , 70.62
6020 , 29285 , 13.28 , -29.1 , 0 , 11.10 , 9.268 , 6.980 , 342.34 , 70.11
6030 , 29330 , 13.20 , -29.2 , 0 , 11.09 , 9.261 , 7.018 , 342.80 , 69.65
6040 , 29382 , 13.10 , -29.1 , 0 , 11.08 , 9.182 , 7.009 , 343.33 , 69.12
6050 , 29426 , 13.02 , -28.9 , 0 , 11.07 , 9.171 , 7.044 , 343.77 , 68.68
6060 , 29474 , 12.93 , -28.9 , 0 , 11.07 , 9.090 , 7.029 , 344.26 , 68.19
6070 , 29521 , 12.85 , -28.5 , 0 , 11.06 , 9.045 , 7.041 , 344.73 , 67.72
6080 , 29570 , 12.76 , -27.8 , 0 , 11.05 , 8.961 , 7.023 , 345.22 , 67.23
6090 , 29615 , 12.68 , -27.5 , 0 , 11.04 , 8.979 , 7.081 , 345.66 , 66.79
6100 , 29667 , 12.59 , -27.0 , 0 , 11.04 , 8.929 , 7.093 , 346.17 , 66.28
6110 , 29715 , 12.51 , -26.5 , 0 , 11.03 , 8.891 , 7.110 , 346.63 , 65.82
6120 , 29769 , 12.41 , -26.8 , 0 , 11.02 , 8.836 , 7.119 , 347.16 , 65.29
6130 , 29814 , 12.33 , -27.0 , 0 , 11.01 , 8.790 , 7.127 , 347.59 , 64.85
6140 , 29856 , 12.26 , -27.2 , 0 , 11.00 , 8.726 , 7.115 , 347.99 , 64.46
6150 , 29904 , 12.18 , -27.3 , 0 , 10.99 , 8.664 , 7.112 , 348.45 , 64.00
6160 , 29950 , 12.10 , -27.1 , 0 , 10.98 , 8.570 , 7.080 , 348.89 , 63.56
6170 , 29995 , 12.03 , -27.0 , 0 , 10.97 , 8.520 , 7.082 , 349.31 , 63.14
6179 , 30045 , 11.95 , -27.0 , 0 , 10.97 , 8.445 , 7.069 , 349.77 , 62.68
6188 , 30080 , 11.89 , -26.9 , 0 , 10.96 , 8.360 , 7.033 , 350.10 , 62.35
6198 , 30123 , 11.82 , -26.9 , 0 , 10.95 , 8.316 , 7.037 , 350.49 , 61.96
6208 , 30166 , 11.75 , -27.2 , 0 , 10.94 , 8.128 , 6.920 , 350.88 , 61.57
6218 , 30212 , 11.67 , -27.5 , 0 , 10.93 , 8.130 , 6.966 , 351.29 , 61.16
6228 , 30252 , 11.61 , -27.4 , 0 , 10.92 , 8.114 , 6.990 , 351.64 , 60.81
6238 , 30293 , 11.54 , -26.9 , 0 , 10.90 , 7.962 , 6.899 , 352.00 , 60.45
6248 , 30330 , 11.48 , -26.8 , 0 , 10.89 , 7.867 , 6.852 , 352.33 , 60.12
6258 , 30372 , 11.41 , -26.9 , 0 , 10.87 , 7.840 , 6.869 , 352.69 , 59.76
6268 , 30421 , 11.34 , -27.2 , 0 , 10.85 , 7.742 , 6.828 , 353.10 , 59.35
6278 , 30461 , 11.28 , -27.4 , 0 , 10.84 , 7.665 , 6.798 , 353.44 , 59.01
6288 , 30504 , 11.21 , -27.3 , 0 , 10.82 , 7.587 , 6.769 , 353.80 , 58.65
6298 , 30544 , 11.15 , -27.3 , 0 , 10.80 , 7.464 , 6.697 , 354.13 , 58.32
6308 , 30589 , 11.08 , -27.5 , 0 , 10.77 , 7.383 , 6.666 , 354.50 , 57.95
6318 , 30640 , 11.00 , -27.9 , 0 , 10.76 , 7.291 , 6.629 , 354.91 , 57.54
