# ------------------------------------------------------------
#
# Flight name: V4312
# Station: Davis
# Launch Date: 06 October 2012
# Launch Time: 11:17:02
# 
# This file created: Mon Oct 08 12:07:32 2012
# 
# 
# ------------------------------------------------------------
# DATA COLUMNS
# Time (s)
# Height (m)
# Atmospheric Pressure (hPa)
# Atmospheric Temperature (°C)
# Relative Humidity (%)
# Box Temperature (°C)
# Ozone Partial Pressure (mPa)
# Ozone Mixing Ratio (ppmV)
# Accumulated Ozone to this Height (Dobson Units)
# Remaining Ozone above this Height (Dobson Units)
# 
# ------------------------------------------------------------
# 
# Integrated Ozone = 276.9 DU
# Extrapolated Ozone =  55.4 DU
# 
# Total Ozone = 332.4 DU
# 
# 
# ------------------------------------------------------------
0 , 18 , 970.38 , -12.5 , 42 , 35.77 , 2.749 , 0.028 , 0.00 , 332.36
10 , 61 , 964.83 , -13.0 , 42 , 35.52 , 2.802 , 0.029 , 0.13 , 332.23
20 , 108 , 958.95 , -13.4 , 46 , 35.14 , 2.781 , 0.029 , 0.26 , 332.10
30 , 156 , 952.88 , -13.9 , 47 , 34.70 , 2.763 , 0.029 , 0.40 , 331.96
40 , 220 , 944.87 , -14.5 , 50 , 34.25 , 2.751 , 0.029 , 0.58 , 331.78
50 , 280 , 937.43 , -15.0 , 54 , 33.87 , 2.759 , 0.029 , 0.75 , 331.61
60 , 345 , 929.34 , -15.4 , 57 , 33.52 , 2.737 , 0.029 , 0.94 , 331.42
70 , 402 , 922.39 , -15.9 , 58 , 33.18 , 2.740 , 0.030 , 1.11 , 331.26
80 , 457 , 915.68 , -16.4 , 60 , 32.78 , 2.737 , 0.030 , 1.26 , 331.10
90 , 513 , 908.90 , -16.9 , 63 , 32.43 , 2.716 , 0.030 , 1.42 , 330.94
100 , 567 , 902.31 , -17.5 , 65 , 32.03 , 2.704 , 0.030 , 1.58 , 330.78
110 , 624 , 895.44 , -18.0 , 66 , 31.59 , 2.704 , 0.030 , 1.74 , 330.62
119 , 680 , 888.74 , -18.6 , 69 , 31.20 , 2.693 , 0.030 , 1.90 , 330.46
129 , 734 , 882.41 , -19.1 , 72 , 30.92 , 2.679 , 0.030 , 2.05 , 330.31
139 , 789 , 875.83 , -19.6 , 75 , 30.52 , 2.659 , 0.030 , 2.21 , 330.15
149 , 855 , 868.12 , -20.2 , 79 , 30.04 , 2.642 , 0.030 , 2.40 , 329.96
159 , 916 , 860.95 , -20.8 , 83 , 29.61 , 2.617 , 0.030 , 2.57 , 329.79
169 , 975 , 854.10 , -21.4 , 84 , 29.23 , 2.613 , 0.031 , 2.73 , 329.63
179 , 1028 , 848.01 , -21.9 , 85 , 28.97 , 2.619 , 0.031 , 2.88 , 329.48
189 , 1085 , 841.41 , -22.3 , 84 , 28.71 , 2.593 , 0.031 , 3.04 , 329.32
199 , 1134 , 835.90 , -22.4 , 72 , 28.41 , 2.572 , 0.031 , 3.18 , 329.19
209 , 1184 , 830.19 , -22.2 , 57 , 28.05 , 2.553 , 0.031 , 3.31 , 329.05
219 , 1238 , 824.15 , -22.1 , 50 , 27.70 , 2.525 , 0.031 , 3.46 , 328.90
229 , 1293 , 818.01 , -22.0 , 49 , 27.41 , 2.504 , 0.031 , 3.61 , 328.75
239 , 1353 , 811.30 , -21.8 , 51 , 27.11 , 2.494 , 0.031 , 3.77 , 328.59
249 , 1413 , 804.69 , -22.1 , 56 , 26.76 , 2.451 , 0.030 , 3.93 , 328.43
259 , 1477 , 797.71 , -22.6 , 60 , 26.40 , 2.414 , 0.030 , 4.10 , 328.26
269 , 1535 , 791.44 , -23.2 , 62 , 26.13 , 2.386 , 0.030 , 4.25 , 328.11
279 , 1586 , 785.93 , -23.6 , 65 , 25.96 , 2.368 , 0.030 , 4.38 , 327.98
289 , 1642 , 779.90 , -24.2 , 68 , 25.68 , 2.356 , 0.030 , 4.52 , 327.84
299 , 1698 , 773.95 , -24.7 , 70 , 25.43 , 2.334 , 0.030 , 4.66 , 327.70
309 , 1754 , 767.98 , -25.2 , 72 , 25.11 , 2.314 , 0.030 , 4.81 , 327.55
319 , 1809 , 762.24 , -25.7 , 74 , 24.85 , 2.306 , 0.030 , 4.94 , 327.42
329 , 1863 , 756.54 , -26.1 , 76 , 24.58 , 2.292 , 0.030 , 5.08 , 327.28
339 , 1921 , 750.56 , -26.4 , 77 , 24.28 , 2.285 , 0.030 , 5.22 , 327.14
349 , 1979 , 744.55 , -26.7 , 76 , 24.01 , 2.270 , 0.030 , 5.37 , 326.99
359 , 2038 , 738.50 , -26.7 , 71 , 23.76 , 2.242 , 0.030 , 5.51 , 326.85
368 , 2093 , 732.85 , -26.8 , 70 , 23.45 , 2.217 , 0.030 , 5.65 , 326.71
378 , 2147 , 727.35 , -26.6 , 74 , 23.18 , 2.198 , 0.030 , 5.78 , 326.58
388 , 2201 , 721.93 , -25.5 , 69 , 22.92 , 2.187 , 0.030 , 5.91 , 326.45
398 , 2255 , 716.62 , -24.7 , 61 , 22.75 , 2.146 , 0.030 , 6.03 , 326.33
408 , 2312 , 711.01 , -24.5 , 57 , 22.56 , 2.078 , 0.029 , 6.16 , 326.20
418 , 2364 , 705.94 , -24.6 , 54 , 22.45 , 2.049 , 0.029 , 6.28 , 326.08
428 , 2422 , 700.41 , -24.7 , 52 , 22.21 , 2.015 , 0.029 , 6.41 , 325.95
437 , 2478 , 695.00 , -24.8 , 50 , 21.99 , 2.003 , 0.029 , 6.53 , 325.83
447 , 2535 , 689.55 , -25.2 , 50 , 21.86 , 1.997 , 0.029 , 6.65 , 325.71
457 , 2594 , 683.99 , -25.6 , 49 , 21.76 , 1.958 , 0.029 , 6.78 , 325.58
467 , 2648 , 678.92 , -25.9 , 49 , 21.60 , 1.945 , 0.029 , 6.90 , 325.46
477 , 2706 , 673.45 , -26.4 , 52 , 21.33 , 1.951 , 0.029 , 7.02 , 325.34
487 , 2767 , 667.76 , -26.8 , 51 , 21.13 , 1.951 , 0.029 , 7.15 , 325.21
497 , 2830 , 661.98 , -27.2 , 49 , 20.92 , 1.943 , 0.029 , 7.28 , 325.08
507 , 2892 , 656.35 , -27.7 , 50 , 20.71 , 1.935 , 0.029 , 7.41 , 324.95
516 , 2946 , 651.39 , -28.1 , 49 , 20.51 , 1.936 , 0.030 , 7.53 , 324.83
526 , 3008 , 645.81 , -28.6 , 51 , 20.32 , 1.929 , 0.030 , 7.66 , 324.70
536 , 3065 , 640.64 , -29.1 , 53 , 20.22 , 1.923 , 0.030 , 7.78 , 324.58
546 , 3122 , 635.56 , -29.4 , 52 , 20.23 , 1.922 , 0.030 , 7.90 , 324.46
556 , 3181 , 630.34 , -29.7 , 50 , 20.07 , 1.935 , 0.031 , 8.03 , 324.33
566 , 3243 , 624.89 , -30.1 , 50 , 19.81 , 1.913 , 0.031 , 8.16 , 324.20
576 , 3303 , 619.56 , -30.5 , 50 , 19.58 , 1.921 , 0.031 , 8.29 , 324.07
586 , 3362 , 614.49 , -30.8 , 49 , 19.39 , 1.935 , 0.031 , 8.42 , 323.94
596 , 3430 , 608.60 , -31.3 , 51 , 19.22 , 1.944 , 0.032 , 8.56 , 323.80
606 , 3497 , 602.89 , -31.8 , 52 , 19.05 , 1.937 , 0.032 , 8.71 , 323.65
616 , 3559 , 597.57 , -32.3 , 54 , 18.88 , 1.949 , 0.033 , 8.84 , 323.52
626 , 3621 , 592.33 , -32.7 , 54 , 18.70 , 1.925 , 0.033 , 8.98 , 323.38
636 , 3682 , 587.23 , -33.2 , 54 , 18.53 , 1.922 , 0.033 , 9.11 , 323.25
646 , 3760 , 580.78 , -33.8 , 55 , 18.30 , 1.879 , 0.032 , 9.28 , 323.08
656 , 3821 , 575.72 , -34.2 , 55 , 18.23 , 1.864 , 0.032 , 9.41 , 322.95
666 , 3875 , 571.28 , -34.6 , 54 , 18.08 , 1.844 , 0.032 , 9.52 , 322.84
676 , 3935 , 566.41 , -35.0 , 54 , 17.92 , 1.824 , 0.032 , 9.64 , 322.72
686 , 3997 , 561.36 , -35.4 , 53 , 17.74 , 1.815 , 0.032 , 9.77 , 322.59
696 , 4054 , 556.76 , -35.9 , 52 , 17.54 , 1.824 , 0.033 , 9.89 , 322.47
706 , 4119 , 551.59 , -36.2 , 50 , 17.41 , 1.842 , 0.033 , 10.02 , 322.34
716 , 4177 , 547.04 , -36.7 , 50 , 17.21 , 1.853 , 0.034 , 10.14 , 322.22
726 , 4237 , 542.30 , -37.1 , 51 , 17.08 , 1.850 , 0.034 , 10.27 , 322.09
736 , 4297 , 537.55 , -37.4 , 49 , 16.94 , 1.851 , 0.034 , 10.40 , 321.96
746 , 4361 , 532.61 , -37.6 , 43 , 16.77 , 1.871 , 0.035 , 10.54 , 321.82
755 , 4423 , 527.85 , -37.9 , 44 , 16.66 , 1.877 , 0.036 , 10.67 , 321.69
765 , 4480 , 523.47 , -38.2 , 42 , 16.49 , 1.875 , 0.036 , 10.79 , 321.57
775 , 4549 , 518.25 , -38.6 , 41 , 16.36 , 1.893 , 0.037 , 10.94 , 321.42
785 , 4619 , 513.04 , -39.2 , 42 , 16.35 , 1.881 , 0.037 , 11.09 , 321.27
795 , 4677 , 508.68 , -39.4 , 45 , 16.43 , 1.887 , 0.037 , 11.22 , 321.14
805 , 4740 , 504.02 , -40.1 , 49 , 16.38 , 1.883 , 0.037 , 11.36 , 321.00
815 , 4803 , 499.37 , -40.6 , 53 , 16.30 , 1.866 , 0.037 , 11.49 , 320.87
825 , 4864 , 494.93 , -41.1 , 58 , 16.06 , 1.871 , 0.038 , 11.62 , 320.74
835 , 4928 , 490.25 , -41.6 , 62 , 16.01 , 1.859 , 0.038 , 11.76 , 320.60
845 , 4992 , 485.67 , -42.1 , 63 , 15.86 , 1.859 , 0.038 , 11.90 , 320.46
855 , 5053 , 481.27 , -42.5 , 63 , 15.70 , 1.858 , 0.039 , 12.04 , 320.32
865 , 5114 , 476.96 , -42.9 , 62 , 15.41 , 1.804 , 0.038 , 12.17 , 320.19
875 , 5174 , 472.74 , -43.4 , 60 , 15.24 , 1.807 , 0.038 , 12.29 , 320.07
885 , 5241 , 468.05 , -44.1 , 60 , 15.21 , 1.825 , 0.039 , 12.43 , 319.93
895 , 5312 , 463.08 , -44.7 , 61 , 15.31 , 1.810 , 0.039 , 12.59 , 319.77
905 , 5375 , 458.72 , -45.2 , 59 , 15.35 , 1.827 , 0.040 , 12.72 , 319.64
915 , 5433 , 454.75 , -45.5 , 53 , 15.28 , 1.836 , 0.040 , 12.85 , 319.51
925 , 5498 , 450.34 , -45.6 , 44 , 15.04 , 1.787 , 0.040 , 12.99 , 319.37
935 , 5561 , 446.14 , -45.9 , 36 , 14.81 , 1.760 , 0.039 , 13.12 , 319.24
945 , 5628 , 441.67 , -46.2 , 29 , 14.61 , 1.772 , 0.040 , 13.26 , 319.10
955 , 5704 , 436.62 , -46.5 , 20 , 14.67 , 1.796 , 0.041 , 13.42 , 318.94
965 , 5769 , 432.37 , -47.0 , 18 , 14.82 , 1.821 , 0.042 , 13.56 , 318.80
975 , 5831 , 428.33 , -47.1 , 16 , 14.66 , 1.831 , 0.043 , 13.70 , 318.66
985 , 5899 , 423.95 , -47.5 , 16 , 14.46 , 1.804 , 0.043 , 13.84 , 318.52
995 , 5963 , 419.83 , -47.8 , 16 , 14.59 , 1.799 , 0.043 , 13.98 , 318.38
1005 , 6018 , 416.34 , -48.1 , 17 , 14.47 , 1.774 , 0.043 , 14.10 , 318.26
1014 , 6077 , 412.66 , -48.2 , 16 , 14.37 , 1.749 , 0.042 , 14.22 , 318.14
1024 , 6131 , 409.30 , -48.6 , 15 , 14.24 , 1.727 , 0.042 , 14.34 , 318.02
1034 , 6193 , 405.40 , -49.1 , 15 , 14.45 , 1.724 , 0.043 , 14.47 , 317.89
1044 , 6255 , 401.63 , -49.5 , 16 , 14.42 , 1.712 , 0.043 , 14.59 , 317.77
1054 , 6324 , 397.38 , -50.0 , 16 , 14.17 , 1.698 , 0.043 , 14.74 , 317.62
1063 , 6381 , 393.97 , -50.4 , 16 , 13.90 , 1.703 , 0.043 , 14.85 , 317.51
1073 , 6443 , 390.18 , -50.8 , 15 , 13.94 , 1.698 , 0.044 , 14.98 , 317.38
1083 , 6509 , 386.27 , -51.1 , 13 , 14.01 , 1.688 , 0.044 , 15.12 , 317.24
1093 , 6571 , 382.59 , -51.5 , 12 , 13.78 , 1.659 , 0.043 , 15.24 , 317.12
1103 , 6632 , 379.01 , -51.7 , 12 , 13.72 , 1.677 , 0.044 , 15.37 , 316.99
1113 , 6694 , 375.40 , -52.0 , 11 , 13.64 , 1.690 , 0.045 , 15.49 , 316.87
1123 , 6758 , 371.69 , -52.2 , 11 , 13.43 , 1.694 , 0.046 , 15.63 , 316.73
1133 , 6824 , 367.92 , -52.7 , 11 , 13.20 , 1.722 , 0.047 , 15.76 , 316.60
1143 , 6888 , 364.28 , -53.1 , 11 , 12.97 , 1.725 , 0.047 , 15.90 , 316.46
1153 , 6950 , 360.79 , -53.3 , 11 , 12.89 , 1.751 , 0.049 , 16.03 , 316.33
1162 , 7014 , 357.24 , -53.6 , 11 , 12.80 , 1.762 , 0.049 , 16.17 , 316.19
1172 , 7083 , 353.41 , -54.0 , 11 , 12.79 , 1.757 , 0.050 , 16.32 , 316.04
1182 , 7152 , 349.64 , -54.3 , 10 , 12.85 , 1.770 , 0.051 , 16.47 , 315.89
1192 , 7208 , 346.56 , -54.5 , 10 , 12.67 , 1.822 , 0.053 , 16.59 , 315.77
1202 , 7273 , 343.07 , -54.8 , 9 , 12.67 , 1.852 , 0.054 , 16.74 , 315.62
1212 , 7339 , 339.55 , -55.2 , 9 , 12.34 , 1.880 , 0.055 , 16.89 , 315.47
1222 , 7405 , 336.04 , -55.6 , 8 , 12.28 , 1.919 , 0.057 , 17.05 , 315.31
1232 , 7466 , 332.82 , -56.1 , 9 , 12.38 , 1.875 , 0.056 , 17.19 , 315.17
1242 , 7529 , 329.58 , -56.3 , 9 , 12.28 , 1.819 , 0.055 , 17.33 , 315.03
1252 , 7596 , 326.09 , -56.6 , 8 , 12.15 , 1.856 , 0.057 , 17.49 , 314.87
1262 , 7661 , 322.75 , -57.0 , 7 , 11.98 , 1.904 , 0.059 , 17.64 , 314.72
1272 , 7722 , 319.68 , -57.3 , 6 , 12.03 , 1.904 , 0.060 , 17.78 , 314.58
1282 , 7785 , 316.50 , -57.7 , 6 , 11.96 , 1.854 , 0.059 , 17.93 , 314.43
1292 , 7847 , 313.41 , -58.1 , 6 , 11.55 , 1.824 , 0.058 , 18.08 , 314.28
1302 , 7916 , 309.95 , -58.3 , 6 , 11.47 , 1.796 , 0.058 , 18.23 , 314.13
1312 , 7973 , 307.18 , -58.5 , 6 , 11.64 , 1.801 , 0.059 , 18.36 , 314.00
1322 , 8025 , 304.65 , -58.7 , 6 , 11.71 , 1.846 , 0.061 , 18.48 , 313.88
1332 , 8086 , 301.71 , -58.9 , 6 , 11.71 , 1.854 , 0.061 , 18.62 , 313.74
1342 , 8151 , 298.59 , -59.0 , 6 , 11.46 , 1.925 , 0.064 , 18.78 , 313.58
1352 , 8216 , 295.50 , -59.4 , 6 , 11.38 , 1.887 , 0.064 , 18.93 , 313.43
1362 , 8278 , 292.60 , -59.8 , 6 , 11.51 , 1.856 , 0.063 , 19.08 , 313.28
1371 , 8339 , 289.74 , -60.2 , 6 , 11.42 , 1.844 , 0.064 , 19.22 , 313.14
1381 , 8397 , 287.07 , -60.2 , 6 , 11.27 , 1.936 , 0.067 , 19.36 , 313.00
1391 , 8462 , 284.09 , -60.2 , 6 , 11.21 , 2.183 , 0.077 , 19.53 , 312.83
1401 , 8528 , 281.08 , -60.6 , 6 , 10.97 , 2.348 , 0.084 , 19.72 , 312.64
1411 , 8579 , 278.79 , -60.8 , 6 , 11.12 , 2.387 , 0.086 , 19.87 , 312.49
1421 , 8627 , 276.66 , -60.9 , 6 , 11.15 , 2.483 , 0.090 , 20.02 , 312.34
1431 , 8686 , 274.03 , -61.1 , 5 , 11.08 , 2.676 , 0.098 , 20.22 , 312.14
1441 , 8742 , 271.56 , -61.1 , 5 , 11.05 , 2.830 , 0.104 , 20.41 , 311.95
1450 , 8787 , 269.60 , -61.1 , 5 , 11.06 , 2.987 , 0.111 , 20.58 , 311.78
1461 , 8831 , 267.72 , -61.3 , 5 , 11.11 , 3.130 , 0.117 , 20.75 , 311.61
1471 , 8878 , 265.68 , -61.2 , 4 , 11.15 , 3.257 , 0.123 , 20.94 , 311.42
1481 , 8922 , 263.81 , -60.9 , 4 , 11.17 , 3.433 , 0.130 , 21.13 , 311.23
1491 , 8979 , 261.39 , -60.9 , 4 , 11.18 , 3.502 , 0.134 , 21.38 , 310.98
1501 , 9033 , 259.12 , -61.1 , 4 , 11.20 , 3.558 , 0.137 , 21.62 , 310.74
1511 , 9077 , 257.31 , -61.3 , 5 , 11.29 , 3.618 , 0.141 , 21.82 , 310.54
1521 , 9119 , 255.57 , -61.4 , 5 , 11.33 , 3.665 , 0.143 , 22.02 , 310.34
1531 , 9163 , 253.75 , -61.6 , 5 , 11.34 , 3.769 , 0.149 , 22.22 , 310.14
1541 , 9216 , 251.61 , -61.8 , 5 , 11.31 , 3.817 , 0.152 , 22.48 , 309.88
1551 , 9265 , 249.61 , -62.0 , 5 , 11.25 , 3.853 , 0.154 , 22.72 , 309.64
1561 , 9309 , 247.85 , -62.2 , 5 , 11.28 , 3.919 , 0.158 , 22.94 , 309.42
1571 , 9361 , 245.74 , -62.5 , 5 , 11.34 , 3.977 , 0.162 , 23.20 , 309.16
1581 , 9431 , 242.99 , -62.6 , 5 , 11.30 , 3.973 , 0.164 , 23.56 , 308.80
1591 , 9494 , 240.51 , -62.7 , 5 , 11.27 , 4.103 , 0.171 , 23.88 , 308.48
1601 , 9562 , 237.85 , -62.9 , 5 , 11.16 , 4.171 , 0.175 , 24.25 , 308.11
1611 , 9609 , 236.05 , -63.1 , 5 , 11.23 , 4.332 , 0.184 , 24.50 , 307.86
1621 , 9653 , 234.37 , -63.3 , 5 , 11.26 , 4.390 , 0.187 , 24.75 , 307.61
1631 , 9696 , 232.73 , -63.4 , 5 , 11.28 , 4.471 , 0.192 , 24.99 , 307.37
1641 , 9740 , 231.07 , -63.3 , 5 , 11.32 , 4.581 , 0.198 , 25.25 , 307.11
1651 , 9788 , 229.26 , -63.2 , 5 , 11.35 , 4.672 , 0.204 , 25.53 , 306.83
1661 , 9835 , 227.52 , -63.3 , 5 , 11.35 , 4.789 , 0.210 , 25.82 , 306.54
1671 , 9878 , 225.93 , -63.1 , 5 , 11.40 , 4.894 , 0.217 , 26.09 , 306.27
1680 , 9921 , 224.38 , -63.0 , 4 , 11.47 , 4.941 , 0.220 , 26.35 , 306.01
1690 , 9963 , 222.83 , -62.8 , 4 , 11.54 , 5.034 , 0.226 , 26.63 , 305.73
1700 , 10008 , 221.23 , -62.8 , 4 , 11.61 , 5.112 , 0.231 , 26.92 , 305.44
1710 , 10052 , 219.64 , -62.9 , 4 , 11.66 , 5.173 , 0.236 , 27.21 , 305.15
1720 , 10099 , 217.97 , -63.1 , 4 , 11.69 , 5.265 , 0.242 , 27.52 , 304.84
1730 , 10143 , 216.41 , -62.9 , 3 , 11.73 , 5.340 , 0.247 , 27.82 , 304.54
1740 , 10188 , 214.85 , -62.8 , 3 , 11.77 , 5.369 , 0.250 , 28.13 , 304.23
1750 , 10239 , 213.07 , -63.1 , 3 , 11.82 , 5.336 , 0.250 , 28.48 , 303.88
1760 , 10289 , 211.34 , -63.4 , 3 , 11.87 , 5.215 , 0.247 , 28.82 , 303.54
1770 , 10334 , 209.81 , -63.6 , 3 , 11.91 , 4.999 , 0.238 , 29.11 , 303.25
1780 , 10378 , 208.31 , -63.7 , 2 , 11.95 , 4.777 , 0.229 , 29.39 , 302.97
1790 , 10423 , 206.78 , -63.9 , 2 , 12.00 , 4.588 , 0.222 , 29.66 , 302.70
1800 , 10469 , 205.21 , -63.8 , 2 , 12.04 , 4.455 , 0.217 , 29.93 , 302.43
1810 , 10519 , 203.56 , -64.0 , 2 , 12.09 , 4.410 , 0.217 , 30.22 , 302.14
1820 , 10567 , 201.97 , -64.3 , 2 , 12.13 , 4.350 , 0.215 , 30.49 , 301.87
1830 , 10614 , 200.41 , -64.6 , 2 , 12.17 , 4.351 , 0.217 , 30.75 , 301.61
1840 , 10661 , 198.89 , -64.8 , 2 , 12.22 , 4.343 , 0.218 , 31.02 , 301.34
1850 , 10707 , 197.37 , -64.7 , 2 , 12.26 , 4.381 , 0.222 , 31.28 , 301.08
1860 , 10755 , 195.86 , -64.5 , 2 , 12.30 , 4.432 , 0.226 , 31.55 , 300.81
1870 , 10802 , 194.32 , -64.6 , 2 , 12.33 , 4.561 , 0.235 , 31.83 , 300.53
1880 , 10853 , 192.73 , -64.6 , 2 , 12.35 , 4.680 , 0.243 , 32.13 , 300.24
1890 , 10919 , 190.64 , -65.0 , 2 , 12.35 , 4.815 , 0.253 , 32.53 , 299.83
1900 , 10993 , 188.33 , -65.5 , 2 , 12.35 , 4.791 , 0.254 , 33.00 , 299.36
1910 , 11039 , 186.91 , -65.5 , 2 , 12.34 , 4.797 , 0.257 , 33.28 , 299.08
1920 , 11084 , 185.56 , -65.5 , 2 , 12.32 , 4.786 , 0.258 , 33.56 , 298.80
1930 , 11126 , 184.26 , -65.5 , 3 , 12.32 , 4.782 , 0.260 , 33.82 , 298.54
1940 , 11170 , 182.95 , -65.5 , 3 , 12.33 , 4.808 , 0.263 , 34.09 , 298.27
1950 , 11211 , 181.70 , -65.3 , 3 , 12.36 , 4.860 , 0.267 , 34.35 , 298.01
1960 , 11253 , 180.46 , -65.3 , 3 , 12.39 , 4.842 , 0.268 , 34.62 , 297.74
1969 , 11294 , 179.23 , -65.2 , 3 , 12.41 , 4.819 , 0.269 , 34.88 , 297.48
1979 , 11334 , 178.07 , -65.2 , 3 , 12.44 , 4.862 , 0.273 , 35.13 , 297.23
1989 , 11376 , 176.84 , -65.0 , 3 , 12.47 , 4.944 , 0.280 , 35.39 , 296.97
1998 , 11418 , 175.64 , -64.9 , 4 , 12.49 , 4.981 , 0.284 , 35.66 , 296.70
2008 , 11463 , 174.36 , -64.9 , 4 , 12.50 , 5.015 , 0.288 , 35.95 , 296.41
2018 , 11505 , 173.14 , -64.5 , 3 , 12.52 , 5.021 , 0.290 , 36.23 , 296.13
2028 , 11547 , 171.96 , -64.3 , 3 , 12.51 , 5.193 , 0.302 , 36.50 , 295.86
2038 , 11589 , 170.78 , -64.5 , 3 , 12.53 , 5.333 , 0.312 , 36.79 , 295.57
2048 , 11630 , 169.65 , -64.6 , 3 , 12.56 , 5.419 , 0.319 , 37.07 , 295.29
2058 , 11670 , 168.53 , -64.4 , 3 , 12.57 , 5.535 , 0.328 , 37.36 , 295.00
2068 , 11712 , 167.38 , -64.2 , 2 , 12.57 , 5.602 , 0.335 , 37.66 , 294.70
2078 , 11754 , 166.24 , -63.9 , 2 , 12.58 , 5.610 , 0.337 , 37.96 , 294.40
2088 , 11796 , 165.09 , -64.1 , 2 , 12.59 , 5.642 , 0.342 , 38.27 , 294.09
2098 , 11838 , 163.96 , -64.3 , 2 , 12.59 , 5.630 , 0.343 , 38.57 , 293.79
2108 , 11882 , 162.78 , -64.4 , 2 , 12.60 , 5.688 , 0.349 , 38.89 , 293.47
2117 , 11924 , 161.69 , -64.2 , 2 , 12.61 , 5.657 , 0.350 , 39.20 , 293.16
2127 , 11967 , 160.55 , -63.9 , 1 , 12.62 , 5.586 , 0.348 , 39.51 , 292.85
2137 , 12013 , 159.33 , -64.0 , 1 , 12.61 , 5.524 , 0.347 , 39.84 , 292.52
2147 , 12059 , 158.14 , -64.4 , 1 , 12.61 , 5.458 , 0.345 , 40.17 , 292.19
2157 , 12105 , 156.96 , -64.3 , 1 , 12.62 , 5.412 , 0.345 , 40.49 , 291.87
2167 , 12150 , 155.81 , -64.3 , 1 , 12.63 , 5.302 , 0.340 , 40.80 , 291.56
2177 , 12198 , 154.59 , -64.2 , 1 , 12.62 , 5.235 , 0.339 , 41.13 , 291.23
2187 , 12247 , 153.37 , -64.3 , 1 , 12.62 , 5.359 , 0.349 , 41.46 , 290.90
2197 , 12294 , 152.19 , -64.1 , 1 , 12.62 , 5.773 , 0.379 , 41.80 , 290.56
2207 , 12339 , 151.07 , -64.1 , 1 , 12.63 , 6.280 , 0.416 , 42.15 , 290.21
2217 , 12388 , 149.87 , -64.2 , 1 , 12.63 , 6.633 , 0.443 , 42.56 , 289.80
2227 , 12437 , 148.66 , -64.2 , 1 , 12.62 , 6.873 , 0.462 , 42.99 , 289.37
2237 , 12485 , 147.50 , -64.1 , 1 , 12.61 , 6.801 , 0.461 , 43.41 , 288.95
2247 , 12532 , 146.39 , -64.3 , 1 , 12.60 , 6.171 , 0.422 , 43.80 , 288.56
2257 , 12576 , 145.33 , -64.5 , 1 , 12.60 , 5.226 , 0.360 , 44.12 , 288.24
2267 , 12621 , 144.27 , -64.5 , 1 , 12.60 , 4.177 , 0.290 , 44.40 , 287.96
2277 , 12663 , 143.27 , -64.2 , 1 , 12.59 , 3.319 , 0.232 , 44.60 , 287.76
2287 , 12706 , 142.28 , -64.1 , 1 , 12.59 , 2.733 , 0.192 , 44.77 , 287.59
2297 , 12746 , 141.33 , -64.0 , 1 , 12.58 , 2.291 , 0.162 , 44.90 , 287.46
2306 , 12787 , 140.41 , -63.8 , 1 , 12.57 , 2.056 , 0.146 , 45.01 , 287.35
2316 , 12827 , 139.49 , -63.7 , 1 , 12.57 , 2.120 , 0.152 , 45.12 , 287.24
2326 , 12870 , 138.51 , -63.5 , 1 , 12.57 , 2.545 , 0.184 , 45.25 , 287.11
2336 , 12914 , 137.51 , -63.4 , 1 , 12.55 , 3.431 , 0.249 , 45.42 , 286.94
2346 , 12958 , 136.53 , -63.1 , 0 , 12.55 , 4.297 , 0.315 , 45.64 , 286.72
2356 , 13001 , 135.59 , -63.0 , 1 , 12.54 , 5.120 , 0.378 , 45.90 , 286.46
2366 , 13044 , 134.65 , -63.1 , 1 , 12.53 , 5.961 , 0.443 , 46.20 , 286.16
2376 , 13088 , 133.68 , -63.3 , 1 , 12.52 , 6.667 , 0.499 , 46.56 , 285.80
2386 , 13133 , 132.72 , -63.5 , 1 , 12.51 , 7.174 , 0.541 , 46.96 , 285.40
2396 , 13181 , 131.68 , -63.6 , 1 , 12.50 , 7.548 , 0.573 , 47.41 , 284.95
2406 , 13229 , 130.64 , -63.5 , 1 , 12.49 , 7.885 , 0.604 , 47.89 , 284.47
2416 , 13276 , 129.64 , -63.6 , 1 , 12.47 , 8.146 , 0.628 , 48.38 , 283.98
2426 , 13323 , 128.67 , -64.0 , 1 , 12.46 , 8.263 , 0.642 , 48.87 , 283.49
2436 , 13370 , 127.67 , -64.4 , 1 , 12.45 , 8.253 , 0.646 , 49.38 , 282.98
2446 , 13418 , 126.67 , -64.5 , 1 , 12.45 , 8.251 , 0.651 , 49.89 , 282.47
2456 , 13468 , 125.64 , -64.7 , 1 , 12.43 , 8.373 , 0.666 , 50.42 , 281.94
2466 , 13517 , 124.63 , -64.7 , 1 , 12.42 , 8.468 , 0.679 , 50.96 , 281.40
2476 , 13567 , 123.63 , -64.7 , 1 , 12.41 , 8.621 , 0.697 , 51.51 , 280.85
2486 , 13613 , 122.69 , -64.7 , 1 , 12.40 , 8.778 , 0.716 , 52.03 , 280.33
2496 , 13662 , 121.70 , -64.6 , 1 , 12.39 , 8.834 , 0.726 , 52.59 , 279.77
2506 , 13709 , 120.78 , -64.6 , 1 , 12.37 , 8.977 , 0.743 , 53.12 , 279.24
2516 , 13753 , 119.91 , -64.8 , 1 , 12.36 , 9.052 , 0.755 , 53.64 , 278.72
2526 , 13798 , 119.03 , -64.3 , 1 , 12.34 , 9.213 , 0.774 , 54.17 , 278.19
2536 , 13840 , 118.21 , -63.8 , 1 , 12.33 , 9.406 , 0.796 , 54.67 , 277.69
2546 , 13883 , 117.39 , -63.8 , 1 , 12.31 , 9.594 , 0.817 , 55.20 , 277.16
2556 , 13927 , 116.55 , -64.0 , 1 , 12.29 , 9.661 , 0.829 , 55.74 , 276.62
2566 , 13973 , 115.67 , -64.0 , 1 , 12.28 , 9.698 , 0.838 , 56.32 , 276.04
2576 , 14021 , 114.78 , -64.2 , 1 , 12.25 , 9.623 , 0.838 , 56.91 , 275.45
2586 , 14065 , 113.95 , -64.4 , 1 , 12.23 , 9.598 , 0.842 , 57.46 , 274.90
2596 , 14104 , 113.23 , -64.2 , 1 , 12.22 , 9.522 , 0.841 , 57.94 , 274.42
2606 , 14144 , 112.49 , -64.3 , 1 , 12.21 , 9.434 , 0.839 , 58.43 , 273.93
2615 , 14182 , 111.78 , -64.3 , 1 , 12.20 , 9.344 , 0.836 , 58.90 , 273.46
2624 , 14219 , 111.11 , -64.5 , 1 , 12.19 , 9.247 , 0.832 , 59.34 , 273.02
2634 , 14257 , 110.42 , -64.5 , 1 , 12.17 , 9.093 , 0.824 , 59.80 , 272.57
2644 , 14297 , 109.70 , -64.5 , 1 , 12.16 , 9.049 , 0.825 , 60.26 , 272.10
2654 , 14340 , 108.94 , -64.4 , 1 , 12.14 , 8.892 , 0.816 , 60.75 , 271.61
2664 , 14381 , 108.20 , -64.4 , 1 , 12.13 , 8.693 , 0.803 , 61.23 , 271.13
2674 , 14424 , 107.44 , -64.3 , 1 , 12.11 , 8.544 , 0.795 , 61.70 , 270.66
2684 , 14468 , 106.68 , -64.4 , 1 , 12.09 , 8.384 , 0.786 , 62.18 , 270.18
2694 , 14510 , 105.94 , -64.3 , 1 , 12.07 , 8.370 , 0.790 , 62.64 , 269.72
2704 , 14555 , 105.17 , -64.2 , 1 , 12.05 , 8.331 , 0.792 , 63.12 , 269.24
2714 , 14600 , 104.39 , -64.3 , 1 , 12.04 , 8.283 , 0.793 , 63.61 , 268.75
2724 , 14647 , 103.59 , -64.2 , 1 , 12.02 , 8.402 , 0.811 , 64.11 , 268.25
2734 , 14696 , 102.77 , -64.1 , 1 , 12.00 , 8.453 , 0.823 , 64.64 , 267.72
2744 , 14743 , 101.98 , -64.0 , 1 , 11.98 , 8.332 , 0.817 , 65.15 , 267.21
2754 , 14792 , 101.18 , -63.9 , 1 , 11.97 , 7.835 , 0.774 , 65.66 , 266.70
2763 , 14837 , 100.43 , -63.7 , 1 , 11.94 , 6.838 , 0.681 , 66.09 , 266.27
2773 , 14882 , 99.69 , -63.5 , 1 , 11.93 , 5.671 , 0.569 , 66.45 , 265.91
2783 , 14931 , 98.91 , -63.1 , 1 , 11.91 , 4.538 , 0.459 , 66.77 , 265.59
2793 , 14978 , 98.15 , -63.3 , 1 , 11.89 , 3.648 , 0.372 , 67.02 , 265.34
2803 , 15024 , 97.41 , -63.2 , 0 , 11.87 , 3.022 , 0.310 , 67.22 , 265.14
2813 , 15072 , 96.67 , -62.9 , 0 , 11.85 , 2.605 , 0.269 , 67.39 , 264.97
2823 , 15120 , 95.91 , -62.5 , 0 , 11.83 , 2.309 , 0.241 , 67.54 , 264.82
2833 , 15168 , 95.18 , -62.3 , 0 , 11.82 , 2.131 , 0.224 , 67.67 , 264.69
2843 , 15215 , 94.45 , -62.2 , 0 , 11.79 , 2.019 , 0.214 , 67.80 , 264.56
2853 , 15263 , 93.71 , -62.3 , 0 , 11.77 , 1.937 , 0.207 , 67.92 , 264.44
2863 , 15310 , 93.00 , -62.1 , 0 , 11.76 , 1.866 , 0.201 , 68.04 , 264.32
2873 , 15358 , 92.29 , -61.9 , 0 , 11.74 , 1.803 , 0.195 , 68.15 , 264.21
2883 , 15405 , 91.59 , -61.9 , 0 , 11.72 , 1.717 , 0.187 , 68.25 , 264.11
2893 , 15452 , 90.90 , -62.1 , 0 , 11.70 , 1.639 , 0.180 , 68.35 , 264.01
2903 , 15499 , 90.20 , -62.2 , 0 , 11.69 , 1.619 , 0.179 , 68.45 , 263.91
2913 , 15546 , 89.52 , -62.4 , 0 , 11.67 , 1.630 , 0.182 , 68.55 , 263.81
2923 , 15593 , 88.84 , -62.5 , 0 , 11.65 , 1.627 , 0.183 , 68.65 , 263.71
2933 , 15641 , 88.15 , -62.3 , 0 , 11.63 , 1.547 , 0.175 , 68.74 , 263.62
2942 , 15686 , 87.51 , -62.2 , 0 , 11.61 , 1.460 , 0.167 , 68.83 , 263.53
2952 , 15730 , 86.89 , -62.4 , 0 , 11.59 , 1.423 , 0.164 , 68.91 , 263.45
2962 , 15775 , 86.26 , -62.3 , 0 , 11.57 , 1.408 , 0.163 , 68.99 , 263.37
2972 , 15821 , 85.62 , -61.9 , 0 , 11.56 , 1.413 , 0.165 , 69.08 , 263.28
2982 , 15867 , 84.99 , -61.5 , 0 , 11.54 , 1.424 , 0.168 , 69.16 , 263.20
2992 , 15912 , 84.37 , -61.3 , 0 , 11.52 , 1.426 , 0.169 , 69.24 , 263.12
3002 , 15957 , 83.76 , -61.4 , 0 , 11.50 , 1.450 , 0.173 , 69.32 , 263.04
3012 , 16003 , 83.14 , -61.5 , 0 , 11.48 , 1.527 , 0.184 , 69.41 , 262.95
3022 , 16049 , 82.52 , -61.3 , 0 , 11.46 , 1.608 , 0.195 , 69.50 , 262.86
3032 , 16097 , 81.88 , -60.7 , 0 , 11.44 , 1.702 , 0.208 , 69.60 , 262.76
3042 , 16145 , 81.25 , -60.6 , 0 , 11.42 , 1.750 , 0.215 , 69.71 , 262.65
3052 , 16193 , 80.63 , -60.4 , 0 , 11.40 , 1.845 , 0.229 , 69.82 , 262.54
3062 , 16240 , 80.02 , -60.4 , 0 , 11.38 , 2.016 , 0.252 , 69.93 , 262.43
3072 , 16287 , 79.42 , -60.5 , 0 , 11.37 , 2.167 , 0.273 , 70.06 , 262.30
3082 , 16335 , 78.81 , -60.1 , 0 , 11.35 , 2.365 , 0.300 , 70.20 , 262.16
3092 , 16382 , 78.23 , -59.8 , 0 , 11.33 , 2.517 , 0.322 , 70.34 , 262.02
3102 , 16429 , 77.65 , -59.5 , 0 , 11.31 , 2.588 , 0.333 , 70.49 , 261.87
3112 , 16474 , 77.08 , -59.0 , 0 , 11.29 , 2.621 , 0.340 , 70.64 , 261.72
3122 , 16519 , 76.53 , -58.8 , 0 , 11.26 , 2.651 , 0.346 , 70.79 , 261.57
3132 , 16564 , 75.99 , -58.5 , 0 , 11.25 , 2.742 , 0.361 , 70.94 , 261.42
3142 , 16609 , 75.44 , -58.6 , 0 , 11.23 , 2.854 , 0.378 , 71.10 , 261.26
3152 , 16654 , 74.90 , -58.4 , 0 , 11.21 , 2.990 , 0.399 , 71.27 , 261.09
3162 , 16699 , 74.38 , -58.3 , 0 , 11.18 , 3.137 , 0.422 , 71.44 , 260.92
3172 , 16743 , 73.85 , -58.1 , 0 , 11.16 , 3.219 , 0.436 , 71.61 , 260.75
3182 , 16787 , 73.34 , -57.6 , 0 , 11.14 , 3.263 , 0.445 , 71.79 , 260.57
3192 , 16831 , 72.83 , -57.2 , 0 , 11.12 , 3.305 , 0.454 , 71.97 , 260.39
3202 , 16874 , 72.34 , -57.0 , 0 , 11.10 , 3.331 , 0.460 , 72.15 , 260.21
3212 , 16917 , 71.85 , -56.6 , 0 , 11.08 , 3.299 , 0.459 , 72.33 , 260.03
3222 , 16961 , 71.35 , -56.3 , 0 , 11.06 , 3.168 , 0.444 , 72.50 , 259.86
3232 , 17005 , 70.85 , -55.9 , 0 , 11.03 , 3.184 , 0.449 , 72.68 , 259.68
3241 , 17047 , 70.39 , -55.7 , 0 , 11.01 , 3.256 , 0.463 , 72.85 , 259.51
3251 , 17088 , 69.94 , -55.8 , 0 , 10.99 , 3.318 , 0.474 , 73.01 , 259.35
3261 , 17130 , 69.48 , -55.5 , 0 , 10.97 , 3.397 , 0.489 , 73.19 , 259.17
3271 , 17172 , 69.03 , -54.9 , 0 , 10.95 , 3.496 , 0.506 , 73.37 , 258.99
3281 , 17215 , 68.56 , -54.3 , 0 , 10.92 , 4.233 , 0.617 , 73.57 , 258.79
3291 , 17260 , 68.08 , -54.3 , 0 , 10.90 , 5.433 , 0.798 , 73.84 , 258.52
3301 , 17307 , 67.58 , -54.4 , 0 , 10.87 , 6.493 , 0.961 , 74.19 , 258.17
3311 , 17353 , 67.10 , -54.5 , 0 , 10.85 , 7.437 , 1.108 , 74.58 , 257.78
3321 , 17399 , 66.62 , -54.2 , 0 , 10.83 , 8.457 , 1.269 , 75.03 , 257.33
3331 , 17445 , 66.14 , -53.8 , 0 , 10.81 , 10.249 , 1.550 , 75.56 , 256.80
3341 , 17490 , 65.68 , -53.5 , 0 , 10.78 , 12.028 , 1.831 , 76.18 , 256.18
3351 , 17539 , 65.19 , -53.0 , 0 , 10.76 , 13.159 , 2.019 , 76.93 , 255.43
3361 , 17588 , 64.69 , -52.8 , 0 , 10.73 , 14.049 , 2.172 , 77.75 , 254.61
3371 , 17638 , 64.19 , -52.6 , 0 , 10.71 , 14.468 , 2.254 , 78.61 , 253.75
3381 , 17687 , 63.71 , -52.2 , 0 , 10.69 , 14.859 , 2.332 , 79.49 , 252.87
3391 , 17736 , 63.23 , -52.0 , 0 , 10.67 , 15.163 , 2.398 , 80.39 , 251.97
3401 , 17786 , 62.74 , -52.1 , 0 , 10.64 , 15.575 , 2.482 , 81.33 , 251.03
3411 , 17837 , 62.25 , -52.1 , 0 , 10.62 , 15.784 , 2.536 , 82.30 , 250.06
3421 , 17887 , 61.76 , -51.9 , 0 , 10.59 , 15.886 , 2.572 , 83.28 , 249.08
3431 , 17939 , 61.28 , -51.6 , 0 , 10.57 , 15.534 , 2.535 , 84.26 , 248.10
3441 , 17992 , 60.78 , -51.5 , 0 , 10.55 , 15.128 , 2.489 , 85.25 , 247.11
3451 , 18043 , 60.30 , -51.4 , 0 , 10.52 , 14.573 , 2.417 , 86.18 , 246.18
3461 , 18094 , 59.83 , -51.3 , 0 , 10.50 , 14.083 , 2.354 , 87.07 , 245.29
3471 , 18147 , 59.34 , -51.4 , 0 , 10.48 , 13.437 , 2.264 , 87.95 , 244.41
3481 , 18199 , 58.87 , -50.7 , 0 , 10.45 , 12.532 , 2.129 , 88.77 , 243.59
3491 , 18250 , 58.41 , -50.6 , 0 , 10.43 , 12.187 , 2.086 , 89.53 , 242.83
3501 , 18300 , 57.96 , -50.6 , 0 , 10.41 , 12.277 , 2.118 , 90.28 , 242.08
3511 , 18351 , 57.51 , -50.8 , 0 , 10.39 , 12.257 , 2.131 , 91.03 , 241.33
3521 , 18404 , 57.05 , -50.6 , 0 , 10.37 , 12.104 , 2.122 , 91.81 , 240.55
3531 , 18454 , 56.61 , -50.7 , 0 , 10.34 , 11.924 , 2.106 , 92.55 , 239.81
3541 , 18505 , 56.17 , -50.6 , 0 , 10.32 , 11.678 , 2.079 , 93.28 , 239.08
3551 , 18554 , 55.75 , -50.4 , 0 , 10.30 , 11.518 , 2.066 , 93.96 , 238.40
3560 , 18601 , 55.35 , -49.8 , 0 , 10.28 , 11.623 , 2.100 , 94.62 , 237.74
3570 , 18646 , 54.97 , -49.5 , 0 , 10.26 , 11.896 , 2.164 , 95.25 , 237.11
3580 , 18692 , 54.58 , -49.3 , 0 , 10.23 , 12.185 , 2.232 , 95.92 , 236.44
3590 , 18736 , 54.22 , -49.2 , 0 , 10.21 , 12.640 , 2.331 , 96.58 , 235.78
3600 , 18779 , 53.86 , -49.0 , 0 , 10.19 , 13.231 , 2.456 , 97.25 , 235.11
3610 , 18822 , 53.51 , -48.4 , 0 , 10.17 , 13.495 , 2.522 , 97.94 , 234.42
3620 , 18864 , 53.17 , -47.8 , 0 , 10.15 , 13.706 , 2.578 , 98.63 , 233.73
3630 , 18908 , 52.82 , -47.0 , 0 , 10.13 , 13.973 , 2.645 , 99.35 , 233.01
3640 , 18952 , 52.47 , -46.8 , 0 , 10.11 , 14.235 , 2.713 , 100.10 , 232.26
3650 , 18998 , 52.11 , -46.0 , 0 , 10.09 , 14.451 , 2.773 , 100.87 , 231.49
3660 , 19042 , 51.76 , -45.7 , 0 , 10.07 , 14.580 , 2.817 , 101.64 , 230.72
3670 , 19086 , 51.42 , -45.3 , 0 , 10.05 , 14.707 , 2.860 , 102.41 , 229.95
3680 , 19129 , 51.09 , -44.6 , 0 , 10.03 , 14.822 , 2.901 , 103.15 , 229.21
3690 , 19174 , 50.75 , -44.0 , 0 , 10.01 , 14.825 , 2.921 , 103.94 , 228.42
3700 , 19222 , 50.38 , -44.1 , 0 , 9.99 , 14.782 , 2.934 , 104.78 , 227.58
3710 , 19270 , 50.03 , -44.1 , 0 , 9.97 , 14.626 , 2.924 , 105.61 , 226.75
3720 , 19319 , 49.66 , -44.0 , 0 , 9.95 , 14.427 , 2.905 , 106.45 , 225.91
3730 , 19367 , 49.31 , -43.6 , 0 , 9.94 , 14.246 , 2.889 , 107.25 , 225.11
3740 , 19419 , 48.93 , -42.7 , 0 , 9.92 , 14.135 , 2.889 , 108.12 , 224.24
3750 , 19474 , 48.53 , -42.4 , 0 , 9.90 , 14.051 , 2.895 , 109.02 , 223.34
3760 , 19527 , 48.16 , -42.6 , 0 , 9.89 , 13.966 , 2.900 , 109.88 , 222.48
3770 , 19579 , 47.78 , -42.6 , 0 , 9.87 , 13.872 , 2.903 , 110.74 , 221.62
3780 , 19628 , 47.44 , -42.3 , 0 , 9.85 , 13.940 , 2.939 , 111.53 , 220.83
3790 , 19679 , 47.08 , -42.3 , 0 , 9.84 , 14.029 , 2.979 , 112.36 , 220.00
3800 , 19731 , 46.72 , -42.3 , 0 , 9.82 , 13.779 , 2.949 , 113.22 , 219.14
3810 , 19781 , 46.38 , -42.5 , 0 , 9.80 , 13.687 , 2.951 , 114.02 , 218.34
3820 , 19829 , 46.05 , -42.6 , 0 , 9.79 , 13.610 , 2.956 , 114.78 , 217.58
3830 , 19877 , 45.72 , -42.3 , 0 , 9.77 , 13.519 , 2.957 , 115.54 , 216.82
3840 , 19926 , 45.39 , -42.2 , 0 , 9.76 , 13.439 , 2.961 , 116.32 , 216.04
3850 , 19977 , 45.05 , -42.5 , 0 , 9.74 , 13.367 , 2.967 , 117.11 , 215.25
3859 , 20027 , 44.72 , -42.5 , 0 , 9.73 , 13.328 , 2.980 , 117.89 , 214.47
3869 , 20076 , 44.40 , -42.5 , 0 , 9.72 , 13.243 , 2.983 , 118.65 , 213.71
3879 , 20127 , 44.06 , -42.5 , 0 , 9.70 , 13.308 , 3.020 , 119.44 , 212.92
3889 , 20180 , 43.72 , -42.5 , 0 , 9.68 , 13.317 , 3.046 , 120.26 , 212.10
3899 , 20231 , 43.39 , -42.6 , 0 , 9.67 , 13.259 , 3.056 , 121.06 , 211.30
3909 , 20284 , 43.05 , -42.6 , 0 , 9.66 , 13.155 , 3.056 , 121.88 , 210.48
3919 , 20334 , 42.73 , -42.2 , 0 , 9.64 , 13.040 , 3.052 , 122.64 , 209.72
3929 , 20384 , 42.41 , -41.8 , 0 , 9.62 , 12.963 , 3.056 , 123.40 , 208.96
3939 , 20434 , 42.10 , -41.9 , 0 , 9.61 , 12.931 , 3.071 , 124.15 , 208.21
3949 , 20484 , 41.79 , -42.1 , 0 , 9.59 , 12.850 , 3.075 , 124.91 , 207.45
3959 , 20532 , 41.50 , -41.9 , 0 , 9.58 , 12.794 , 3.083 , 125.63 , 206.73
3969 , 20581 , 41.20 , -42.1 , 0 , 9.57 , 12.673 , 3.076 , 126.35 , 206.01
3979 , 20631 , 40.90 , -42.1 , 0 , 9.55 , 12.565 , 3.072 , 127.09 , 205.27
3989 , 20680 , 40.60 , -41.5 , 0 , 9.54 , 12.531 , 3.087 , 127.81 , 204.55
3999 , 20730 , 40.30 , -40.5 , 0 , 9.53 , 12.429 , 3.084 , 128.53 , 203.83
4009 , 20778 , 40.02 , -40.1 , 0 , 9.51 , 12.425 , 3.105 , 129.23 , 203.13
4019 , 20827 , 39.73 , -40.3 , 0 , 9.50 , 12.374 , 3.114 , 129.93 , 202.43
4029 , 20877 , 39.45 , -40.3 , 0 , 9.49 , 12.254 , 3.107 , 130.63 , 201.73
4039 , 20925 , 39.17 , -39.5 , 0 , 9.47 , 12.250 , 3.128 , 131.31 , 201.05
4049 , 20975 , 38.88 , -39.2 , 0 , 9.46 , 12.221 , 3.143 , 132.02 , 200.34
4059 , 21025 , 38.60 , -39.1 , 0 , 9.44 , 12.169 , 3.153 , 132.72 , 199.64
4069 , 21076 , 38.31 , -39.0 , 0 , 9.43 , 12.099 , 3.158 , 133.44 , 198.92
4079 , 21126 , 38.03 , -38.4 , 0 , 9.41 , 12.053 , 3.169 , 134.14 , 198.22
4089 , 21181 , 37.73 , -37.4 , 0 , 9.41 , 12.111 , 3.210 , 134.89 , 197.47
4099 , 21235 , 37.44 , -36.9 , 0 , 9.39 , 12.141 , 3.243 , 135.64 , 196.72
4109 , 21287 , 37.16 , -36.4 , 0 , 9.38 , 12.209 , 3.286 , 136.37 , 195.99
4119 , 21340 , 36.88 , -36.0 , 0 , 9.36 , 12.270 , 3.327 , 137.10 , 195.26
4129 , 21391 , 36.60 , -35.4 , 0 , 9.35 , 12.264 , 3.350 , 137.82 , 194.54
4139 , 21446 , 36.32 , -34.6 , 0 , 9.34 , 12.312 , 3.390 , 138.57 , 193.79
4148 , 21499 , 36.04 , -34.1 , 0 , 9.33 , 12.699 , 3.524 , 139.33 , 193.03
4158 , 21551 , 35.77 , -34.3 , 0 , 9.32 , 12.985 , 3.630 , 140.08 , 192.28
4168 , 21607 , 35.49 , -34.4 , 0 , 9.30 , 12.925 , 3.642 , 140.90 , 191.46
4177 , 21657 , 35.24 , -34.2 , 0 , 9.29 , 12.788 , 3.629 , 141.62 , 190.74
4187 , 21704 , 35.00 , -33.5 , 0 , 9.28 , 12.808 , 3.659 , 142.31 , 190.05
4197 , 21756 , 34.74 , -32.9 , 0 , 9.27 , 12.880 , 3.707 , 143.05 , 189.31
4207 , 21809 , 34.48 , -32.8 , 0 , 9.25 , 12.942 , 3.753 , 143.82 , 188.54
4217 , 21859 , 34.24 , -32.4 , 0 , 9.24 , 13.061 , 3.815 , 144.55 , 187.81
4227 , 21910 , 33.99 , -32.3 , 0 , 9.23 , 13.175 , 3.876 , 145.30 , 187.06
4237 , 21958 , 33.76 , -32.4 , 0 , 9.22 , 13.163 , 3.899 , 146.01 , 186.35
4247 , 22007 , 33.53 , -31.7 , 0 , 9.21 , 13.335 , 3.977 , 146.73 , 185.63
4257 , 22053 , 33.31 , -31.4 , 0 , 9.20 , 13.459 , 4.040 , 147.41 , 184.95
4267 , 22099 , 33.09 , -31.0 , 0 , 9.19 , 13.573 , 4.101 , 148.12 , 184.24
4277 , 22148 , 32.87 , -31.1 , 0 , 9.18 , 13.605 , 4.139 , 148.85 , 183.51
4287 , 22196 , 32.65 , -31.3 , 0 , 9.17 , 13.604 , 4.167 , 149.58 , 182.78
4296 , 22241 , 32.44 , -31.1 , 0 , 9.16 , 13.608 , 4.195 , 150.26 , 182.10
4306 , 22287 , 32.23 , -30.7 , 0 , 9.15 , 13.633 , 4.230 , 150.95 , 181.41
4316 , 22338 , 32.00 , -30.4 , 0 , 9.15 , 13.717 , 4.287 , 151.74 , 180.62
4326 , 22388 , 31.77 , -30.3 , 0 , 9.14 , 13.764 , 4.332 , 152.50 , 179.86
4336 , 22440 , 31.54 , -29.6 , 0 , 9.13 , 13.788 , 4.371 , 153.29 , 179.07
4346 , 22495 , 31.30 , -29.2 , 0 , 9.12 , 13.942 , 4.454 , 154.13 , 178.23
4356 , 22547 , 31.07 , -29.5 , 0 , 9.11 , 13.995 , 4.504 , 154.94 , 177.42
4366 , 22600 , 30.84 , -29.7 , 0 , 9.10 , 13.993 , 4.537 , 155.76 , 176.60
4376 , 22653 , 30.61 , -28.9 , 0 , 9.09 , 14.113 , 4.610 , 156.59 , 175.77
4386 , 22708 , 30.38 , -28.5 , 0 , 9.08 , 14.324 , 4.715 , 157.45 , 174.91
4396 , 22761 , 30.15 , -27.9 , 0 , 9.08 , 14.482 , 4.803 , 158.29 , 174.07
4406 , 22816 , 29.93 , -27.3 , 0 , 9.07 , 14.762 , 4.933 , 159.16 , 173.20
4416 , 22871 , 29.70 , -27.6 , 0 , 9.06 , 15.048 , 5.067 , 160.07 , 172.29
4426 , 22925 , 29.47 , -28.0 , 0 , 9.05 , 15.257 , 5.176 , 160.97 , 171.39
4436 , 22984 , 29.24 , -28.3 , 0 , 9.05 , 15.463 , 5.289 , 161.96 , 170.40
4446 , 23040 , 29.01 , -28.2 , 0 , 9.04 , 15.762 , 5.433 , 162.92 , 169.44
4456 , 23094 , 28.79 , -27.9 , 0 , 9.03 , 16.129 , 5.602 , 163.87 , 168.49
4466 , 23149 , 28.57 , -28.0 , 0 , 9.02 , 16.478 , 5.767 , 164.86 , 167.50
4475 , 23199 , 28.37 , -27.7 , 0 , 9.02 , 16.690 , 5.883 , 165.78 , 166.58
4484 , 23248 , 28.18 , -27.5 , 0 , 9.01 , 16.815 , 5.967 , 166.68 , 165.68
4494 , 23296 , 27.99 , -27.4 , 0 , 9.00 , 16.876 , 6.029 , 167.56 , 164.80
4504 , 23351 , 27.78 , -27.1 , 0 , 9.00 , 17.026 , 6.129 , 168.59 , 163.77
4514 , 23409 , 27.56 , -27.0 , 0 , 8.99 , 17.119 , 6.212 , 169.66 , 162.70
4524 , 23466 , 27.34 , -26.2 , 0 , 8.98 , 17.314 , 6.333 , 170.74 , 161.62
4534 , 23520 , 27.14 , -26.6 , 0 , 8.97 , 17.514 , 6.454 , 171.76 , 160.60
4544 , 23565 , 26.97 , -26.4 , 0 , 8.97 , 17.618 , 6.534 , 172.64 , 159.72
4554 , 23609 , 26.80 , -25.9 , 0 , 8.96 , 17.772 , 6.630 , 173.47 , 158.89
4564 , 23654 , 26.64 , -25.7 , 0 , 8.95 , 17.878 , 6.711 , 174.35 , 158.01
4574 , 23699 , 26.47 , -25.7 , 0 , 8.95 , 18.215 , 6.882 , 175.25 , 157.11
4584 , 23747 , 26.30 , -25.8 , 0 , 8.94 , 18.533 , 7.047 , 176.20 , 156.16
4594 , 23790 , 26.14 , -25.9 , 0 , 8.94 , 18.855 , 7.213 , 177.08 , 155.28
4604 , 23838 , 25.97 , -26.1 , 0 , 8.93 , 19.095 , 7.353 , 178.07 , 154.29
4614 , 23881 , 25.81 , -26.4 , 0 , 8.93 , 19.301 , 7.477 , 178.98 , 153.38
4624 , 23929 , 25.64 , -26.7 , 0 , 8.92 , 19.376 , 7.556 , 179.98 , 152.38
4634 , 23976 , 25.48 , -26.9 , 0 , 8.92 , 19.446 , 7.632 , 180.98 , 151.38
4644 , 24023 , 25.31 , -27.2 , 0 , 8.91 , 19.481 , 7.697 , 181.98 , 150.38
4654 , 24072 , 25.14 , -27.5 , 0 , 8.91 , 19.494 , 7.754 , 183.03 , 149.33
4664 , 24121 , 24.97 , -27.7 , 0 , 8.90 , 19.363 , 7.755 , 184.08 , 148.28
4674 , 24175 , 24.78 , -28.0 , 0 , 8.90 , 19.243 , 7.765 , 185.22 , 147.14
4684 , 24227 , 24.60 , -28.2 , 0 , 8.89 , 19.234 , 7.818 , 186.33 , 146.03
4694 , 24281 , 24.42 , -28.3 , 0 , 8.89 , 19.215 , 7.870 , 187.47 , 144.89
4704 , 24338 , 24.22 , -28.3 , 0 , 8.89 , 19.063 , 7.870 , 188.68 , 143.68
4713 , 24391 , 24.05 , -28.3 , 0 , 8.88 , 18.943 , 7.878 , 189.77 , 142.59
4723 , 24447 , 23.86 , -28.4 , 0 , 8.88 , 18.838 , 7.896 , 190.96 , 141.40
4733 , 24504 , 23.67 , -28.6 , 0 , 8.88 , 18.731 , 7.914 , 192.13 , 140.23
4743 , 24562 , 23.48 , -28.9 , 0 , 8.87 , 18.616 , 7.929 , 193.33 , 139.03
4753 , 24625 , 23.27 , -29.4 , 0 , 8.87 , 18.513 , 7.955 , 194.61 , 137.75
4763 , 24682 , 23.09 , -29.8 , 0 , 8.86 , 18.220 , 7.892 , 195.78 , 136.58
4773 , 24742 , 22.89 , -29.8 , 0 , 8.86 , 18.080 , 7.897 , 196.97 , 135.39
4783 , 24799 , 22.71 , -29.5 , 0 , 8.85 , 17.897 , 7.881 , 198.12 , 134.24
4793 , 24857 , 22.53 , -29.6 , 0 , 8.85 , 17.864 , 7.930 , 199.26 , 133.10
4802 , 24908 , 22.37 , -29.5 , 0 , 8.84 , 17.753 , 7.938 , 200.27 , 132.09
4812 , 24961 , 22.20 , -28.6 , 0 , 8.84 , 17.612 , 7.933 , 201.31 , 131.05
4822 , 25017 , 22.03 , -28.2 , 0 , 8.83 , 17.367 , 7.884 , 202.38 , 129.98
4832 , 25074 , 21.85 , -28.6 , 0 , 8.82 , 17.261 , 7.898 , 203.46 , 128.90
4842 , 25126 , 21.69 , -29.0 , 0 , 8.82 , 17.260 , 7.956 , 204.46 , 127.90
4852 , 25179 , 21.53 , -29.2 , 0 , 8.81 , 17.106 , 7.944 , 205.47 , 126.89
4861 , 25230 , 21.38 , -29.3 , 0 , 8.81 , 16.962 , 7.933 , 206.43 , 125.93
4871 , 25281 , 21.23 , -29.7 , 0 , 8.80 , 16.805 , 7.916 , 207.37 , 124.99
4881 , 25330 , 21.08 , -29.9 , 0 , 8.80 , 16.671 , 7.907 , 208.29 , 124.07
4891 , 25381 , 20.93 , -29.9 , 0 , 8.79 , 16.567 , 7.915 , 209.23 , 123.13
4901 , 25433 , 20.78 , -29.5 , 0 , 8.78 , 16.324 , 7.856 , 210.18 , 122.18
4911 , 25483 , 20.64 , -28.9 , 0 , 8.78 , 16.079 , 7.792 , 211.07 , 121.29
4921 , 25533 , 20.49 , -28.3 , 0 , 8.77 , 15.790 , 7.706 , 211.95 , 120.41
4931 , 25581 , 20.35 , -27.9 , 0 , 8.77 , 15.544 , 7.637 , 212.78 , 119.58
4941 , 25631 , 20.21 , -27.7 , 0 , 8.76 , 15.353 , 7.596 , 213.63 , 118.73
4951 , 25679 , 20.08 , -28.0 , 0 , 8.76 , 15.206 , 7.573 , 214.44 , 117.93
4961 , 25733 , 19.93 , -28.0 , 0 , 8.75 , 15.191 , 7.622 , 215.33 , 117.03
4971 , 25786 , 19.78 , -28.2 , 0 , 8.74 , 15.201 , 7.685 , 216.22 , 116.14
4981 , 25837 , 19.64 , -28.2 , 0 , 8.74 , 15.223 , 7.750 , 217.07 , 115.29
4991 , 25892 , 19.49 , -28.1 , 0 , 8.73 , 15.299 , 7.848 , 217.99 , 114.37
5001 , 25946 , 19.35 , -28.0 , 0 , 8.73 , 15.378 , 7.949 , 218.91 , 113.45
5011 , 25998 , 19.21 , -28.3 , 0 , 8.72 , 15.457 , 8.048 , 219.79 , 112.57
5021 , 26053 , 19.06 , -28.5 , 0 , 8.71 , 15.475 , 8.119 , 220.72 , 111.64
5031 , 26108 , 18.91 , -28.8 , 0 , 8.71 , 15.541 , 8.217 , 221.66 , 110.70
5041 , 26166 , 18.76 , -29.3 , 0 , 8.70 , 14.900 , 7.942 , 222.64 , 109.72
5051 , 26220 , 18.62 , -29.5 , 0 , 8.70 , 14.909 , 8.008 , 223.54 , 108.82
5061 , 26277 , 18.47 , -29.4 , 0 , 8.69 , 14.897 , 8.065 , 224.47 , 107.89
5071 , 26331 , 18.33 , -29.7 , 0 , 8.68 , 14.957 , 8.159 , 225.36 , 107.00
5081 , 26390 , 18.18 , -29.7 , 0 , 8.68 , 14.940 , 8.217 , 226.34 , 106.02
5091 , 26451 , 18.03 , -30.0 , 0 , 8.67 , 14.920 , 8.277 , 227.35 , 105.02
5100 , 26505 , 17.89 , -30.5 , 0 , 8.67 , 14.861 , 8.307 , 228.24 , 104.12
5110 , 26562 , 17.75 , -30.7 , 0 , 8.66 , 14.839 , 8.362 , 229.19 , 103.17
5120 , 26619 , 17.60 , -30.8 , 0 , 8.65 , 14.750 , 8.378 , 230.12 , 102.24
5130 , 26679 , 17.46 , -30.5 , 0 , 8.65 , 14.640 , 8.386 , 231.09 , 101.27
5140 , 26735 , 17.32 , -30.2 , 0 , 8.64 , 14.609 , 8.436 , 232.02 , 100.34
5150 , 26796 , 17.17 , -30.5 , 0 , 8.63 , 14.736 , 8.582 , 233.01 , 99.35
5160 , 26856 , 17.03 , -31.0 , 0 , 8.63 , 14.469 , 8.498 , 233.97 , 98.39
5170 , 26914 , 16.89 , -31.5 , 0 , 8.62 , 14.355 , 8.501 , 234.91 , 97.45
5180 , 26978 , 16.74 , -31.6 , 0 , 8.61 , 14.202 , 8.486 , 235.93 , 96.43
5190 , 27036 , 16.60 , -31.8 , 0 , 8.61 , 14.048 , 8.463 , 236.85 , 95.51
5200 , 27094 , 16.46 , -31.4 , 0 , 8.60 , 13.928 , 8.460 , 237.75 , 94.61
5210 , 27150 , 16.33 , -29.6 , 0 , 8.58 , 13.642 , 8.352 , 238.61 , 93.75
5220 , 27203 , 16.21 , -29.2 , 0 , 8.51 , 13.685 , 8.441 , 239.41 , 92.95
5230 , 27259 , 16.09 , -29.3 , 0 , 8.44 , 14.219 , 8.839 , 240.27 , 92.09
5240 , 27313 , 15.97 , -29.6 , 0 , 8.38 , 13.607 , 8.523 , 241.10 , 91.26
5250 , 27367 , 15.84 , -29.6 , 0 , 8.34 , 13.534 , 8.542 , 241.92 , 90.44
5260 , 27419 , 15.73 , -29.2 , 0 , 8.30 , 13.532 , 8.603 , 242.69 , 89.67
5270 , 27472 , 15.61 , -29.1 , 0 , 8.27 , 13.468 , 8.626 , 243.48 , 88.88
5280 , 27520 , 15.51 , -28.5 , 0 , 8.25 , 13.345 , 8.605 , 244.20 , 88.16
5290 , 27571 , 15.40 , -27.7 , 0 , 8.23 , 13.216 , 8.582 , 244.94 , 87.42
5300 , 27617 , 15.30 , -27.5 , 0 , 8.21 , 12.862 , 8.407 , 245.60 , 86.76
5310 , 27670 , 15.19 , -27.5 , 0 , 8.20 , 12.497 , 8.228 , 246.34 , 86.02
5320 , 27723 , 15.08 , -27.8 , 0 , 8.18 , 12.318 , 8.170 , 247.05 , 85.31
5330 , 27780 , 14.96 , -27.9 , 0 , 8.17 , 12.091 , 8.083 , 247.82 , 84.54
5340 , 27825 , 14.86 , -28.0 , 0 , 8.16 , 11.887 , 7.997 , 248.42 , 83.94
5350 , 27874 , 14.76 , -28.2 , 0 , 8.15 , 11.584 , 7.847 , 249.05 , 83.31
5360 , 27925 , 14.66 , -28.4 , 0 , 8.14 , 11.380 , 7.764 , 249.70 , 82.66
5370 , 27977 , 14.55 , -28.7 , 0 , 8.14 , 11.517 , 7.914 , 250.34 , 82.02
5380 , 28031 , 14.44 , -29.1 , 0 , 8.13 , 11.822 , 8.186 , 251.05 , 81.31
5390 , 28085 , 14.33 , -29.3 , 0 , 8.12 , 11.034 , 7.698 , 251.73 , 80.63
5399 , 28132 , 14.24 , -29.4 , 0 , 8.12 , 10.986 , 7.716 , 252.30 , 80.06
5409 , 28185 , 14.13 , -29.2 , 0 , 8.11 , 10.996 , 7.780 , 252.94 , 79.42
5419 , 28241 , 14.02 , -29.1 , 0 , 8.11 , 11.016 , 7.855 , 253.63 , 78.73
5429 , 28293 , 13.92 , -29.1 , 0 , 8.10 , 10.915 , 7.840 , 254.26 , 78.10
5439 , 28347 , 13.82 , -29.1 , 0 , 8.10 , 11.012 , 7.970 , 254.91 , 77.45
5449 , 28401 , 13.71 , -28.5 , 0 , 8.09 , 10.987 , 8.012 , 255.56 , 76.80
5459 , 28454 , 13.61 , -28.1 , 0 , 8.09 , 10.888 , 7.999 , 256.21 , 76.15
5469 , 28509 , 13.51 , -28.1 , 0 , 8.08 , 10.700 , 7.920 , 256.85 , 75.51
5479 , 28557 , 13.42 , -27.7 , 0 , 8.08 , 10.623 , 7.917 , 257.42 , 74.94
5489 , 28607 , 13.33 , -27.3 , 0 , 8.07 , 10.445 , 7.838 , 258.00 , 74.36
5499 , 28661 , 13.23 , -27.4 , 0 , 8.07 , 10.449 , 7.900 , 258.61 , 73.75
5509 , 28715 , 13.13 , -27.5 , 0 , 8.07 , 10.375 , 7.904 , 259.23 , 73.13
5519 , 28769 , 13.03 , -27.8 , 0 , 8.07 , 10.187 , 7.819 , 259.84 , 72.52
5529 , 28820 , 12.94 , -27.8 , 0 , 8.06 , 10.057 , 7.774 , 260.41 , 71.95
5539 , 28875 , 12.84 , -27.8 , 0 , 8.06 , 9.878 , 7.695 , 261.01 , 71.35
5549 , 28927 , 12.75 , -27.9 , 0 , 8.06 , 9.697 , 7.608 , 261.57 , 70.79
5559 , 28978 , 12.65 , -27.9 , 0 , 8.06 , 9.568 , 7.561 , 262.11 , 70.25
5569 , 29027 , 12.57 , -27.8 , 0 , 8.06 , 9.517 , 7.572 , 262.63 , 69.73
5579 , 29076 , 12.48 , -27.7 , 0 , 8.06 , 9.450 , 7.570 , 263.13 , 69.23
5589 , 29124 , 12.40 , -27.9 , 0 , 8.06 , 9.439 , 7.611 , 263.63 , 68.73
5599 , 29173 , 12.32 , -28.2 , 0 , 8.06 , 9.391 , 7.625 , 264.14 , 68.22
5609 , 29221 , 12.23 , -28.5 , 0 , 8.06 , 9.204 , 7.524 , 264.63 , 67.73
5619 , 29276 , 12.14 , -28.6 , 0 , 8.06 , 9.098 , 7.493 , 265.18 , 67.18
5629 , 29316 , 12.07 , -28.8 , 0 , 8.05 , 9.065 , 7.509 , 265.59 , 66.77
5639 , 29363 , 11.99 , -29.0 , 0 , 8.05 , 9.074 , 7.566 , 266.06 , 66.30
5649 , 29408 , 11.92 , -29.3 , 0 , 8.05 , 8.978 , 7.533 , 266.51 , 65.85
5659 , 29452 , 11.85 , -29.3 , 0 , 8.04 , 8.912 , 7.524 , 266.94 , 65.42
5668 , 29495 , 11.77 , -29.3 , 0 , 8.03 , 8.856 , 7.522 , 267.37 , 64.99
5678 , 29541 , 11.70 , -29.5 , 0 , 8.03 , 8.752 , 7.482 , 267.82 , 64.54
5688 , 29583 , 11.63 , -29.6 , 0 , 8.02 , 8.642 , 7.432 , 268.22 , 64.14
5698 , 29630 , 11.55 , -30.0 , 0 , 8.01 , 8.528 , 7.382 , 268.66 , 63.70
5708 , 29678 , 11.48 , -30.3 , 0 , 8.01 , 8.468 , 7.379 , 269.11 , 63.25
5718 , 29721 , 11.41 , -30.6 , 0 , 8.00 , 8.431 , 7.392 , 269.52 , 62.84
5727 , 29766 , 11.33 , -31.0 , 0 , 7.99 , 8.398 , 7.410 , 269.94 , 62.42
5737 , 29812 , 11.26 , -31.3 , 0 , 7.98 , 8.374 , 7.436 , 270.37 , 61.99
5747 , 29858 , 11.19 , -31.7 , 0 , 7.98 , 8.307 , 7.425 , 270.80 , 61.56
5757 , 29906 , 11.11 , -32.1 , 0 , 7.97 , 8.242 , 7.418 , 271.24 , 61.12
5767 , 29952 , 11.04 , -32.4 , 0 , 7.96 , 8.172 , 7.402 , 271.66 , 60.70
5777 , 30004 , 10.96 , -32.8 , 0 , 7.95 , 8.108 , 7.399 , 272.14 , 60.22
5787 , 30054 , 10.88 , -33.1 , 0 , 7.94 , 8.062 , 7.409 , 272.59 , 59.77
5797 , 30104 , 10.80 , -33.4 , 0 , 7.93 , 7.982 , 7.389 , 273.05 , 59.31
5807 , 30158 , 10.72 , -33.5 , 0 , 7.93 , 7.897 , 7.367 , 273.53 , 58.83
5816 , 30210 , 10.64 , -33.6 , 0 , 7.91 , 7.761 , 7.294 , 273.99 , 58.38
5826 , 30254 , 10.58 , -33.5 , 0 , 7.91 , 7.619 , 7.204 , 274.36 , 58.00
5836 , 30309 , 10.49 , -33.7 , 0 , 7.90 , 7.467 , 7.117 , 274.83 , 57.53
5846 , 30357 , 10.42 , -34.0 , 0 , 7.89 , 7.342 , 7.046 , 275.23 , 57.13
5856 , 30412 , 10.34 , -34.1 , 0 , 7.88 , 7.233 , 6.996 , 275.69 , 56.67
5866 , 30462 , 10.27 , -34.0 , 0 , 7.87 , 7.174 , 6.988 , 276.09 , 56.27
5876 , 30517 , 10.19 , -34.3 , 0 , 7.86 , 7.062 , 6.933 , 276.53 , 55.83
5886 , 30567 , 10.11 , -33.8 , 0 , 7.85 , 7.023 , 6.946 , 276.93 , 55.43
