# ------------------------------------------------------------
#
# Flight name: V4812
# Station: Davis
# Launch Date: 05 November 2012
# Launch Time: 23:15:37
# 
# This file created: Wed Nov 07 10:07:26 2012
# 
# 
# ------------------------------------------------------------
# DATA COLUMNS
# Time (s)
# Height (m)
# Atmospheric Pressure (hPa)
# Atmospheric Temperature (°C)
# Relative Humidity (%)
# Box Temperature (°C)
# Ozone Partial Pressure (mPa)
# Ozone Mixing Ratio (ppmV)
# Accumulated Ozone to this Height (Dobson Units)
# Remaining Ozone above this Height (Dobson Units)
# 
# ------------------------------------------------------------
# 
# Integrated Ozone = 299.7 DU
# Extrapolated Ozone =  51.8 DU
# 
# Total Ozone = 351.5 DU
# 
# 
# ------------------------------------------------------------
2 , 18 , 978.20 , -11.1 , 39 , 36.25 , 2.581 , 0.026 , 0.00 , 351.50
9 , 54 , 973.60 , -11.3 , 39 , 36.23 , 2.561 , 0.026 , 0.10 , 351.40
19 , 105 , 967.13 , -11.7 , 40 , 36.21 , 2.563 , 0.026 , 0.23 , 351.27
29 , 162 , 959.89 , -12.1 , 39 , 36.18 , 2.561 , 0.027 , 0.38 , 351.11
39 , 222 , 952.37 , -12.3 , 38 , 36.15 , 2.562 , 0.027 , 0.54 , 350.95
49 , 284 , 944.69 , -12.8 , 38 , 36.11 , 2.533 , 0.027 , 0.70 , 350.79
59 , 342 , 937.57 , -13.3 , 39 , 36.07 , 2.526 , 0.027 , 0.86 , 350.64
69 , 398 , 930.67 , -13.8 , 40 , 36.03 , 2.503 , 0.027 , 1.00 , 350.49
79 , 456 , 923.60 , -14.1 , 39 , 35.98 , 2.466 , 0.027 , 1.15 , 350.34
89 , 511 , 916.85 , -14.3 , 38 , 35.94 , 2.466 , 0.027 , 1.29 , 350.20
99 , 570 , 909.72 , -14.4 , 38 , 35.92 , 2.447 , 0.027 , 1.45 , 350.05
109 , 628 , 902.89 , -14.4 , 39 , 35.90 , 2.415 , 0.027 , 1.59 , 349.91
119 , 680 , 896.67 , -14.6 , 39 , 35.87 , 2.423 , 0.027 , 1.72 , 349.77
129 , 733 , 890.36 , -15.0 , 39 , 35.84 , 2.399 , 0.027 , 1.86 , 349.64
139 , 787 , 884.04 , -15.1 , 42 , 35.79 , 2.403 , 0.027 , 1.99 , 349.50
149 , 846 , 877.15 , -15.5 , 45 , 35.76 , 2.382 , 0.027 , 2.14 , 349.36
159 , 905 , 870.37 , -15.9 , 47 , 35.74 , 2.367 , 0.027 , 2.28 , 349.21
169 , 965 , 863.48 , -16.1 , 46 , 35.69 , 2.340 , 0.027 , 2.43 , 349.06
179 , 1023 , 856.79 , -16.4 , 46 , 35.65 , 2.325 , 0.027 , 2.58 , 348.92
189 , 1080 , 850.31 , -16.6 , 51 , 35.59 , 2.327 , 0.027 , 2.71 , 348.78
198 , 1135 , 844.07 , -17.0 , 55 , 35.54 , 2.289 , 0.027 , 2.85 , 348.65
208 , 1183 , 838.73 , -17.4 , 57 , 35.50 , 2.279 , 0.027 , 2.96 , 348.53
218 , 1243 , 832.09 , -17.4 , 48 , 35.45 , 2.271 , 0.027 , 3.11 , 348.39
228 , 1302 , 825.48 , -17.4 , 38 , 35.41 , 2.251 , 0.027 , 3.25 , 348.25
238 , 1360 , 819.14 , -17.4 , 30 , 35.37 , 2.249 , 0.027 , 3.39 , 348.11
248 , 1418 , 812.88 , -17.1 , 20 , 35.30 , 2.211 , 0.027 , 3.52 , 347.98
258 , 1469 , 807.33 , -17.3 , 19 , 35.27 , 2.198 , 0.027 , 3.64 , 347.86
268 , 1529 , 800.92 , -17.7 , 19 , 35.23 , 2.176 , 0.027 , 3.78 , 347.72
278 , 1591 , 794.23 , -18.1 , 19 , 35.19 , 2.176 , 0.027 , 3.92 , 347.57
288 , 1647 , 788.30 , -18.4 , 18 , 35.18 , 2.162 , 0.027 , 4.05 , 347.45
298 , 1710 , 781.64 , -17.8 , 15 , 35.15 , 2.162 , 0.028 , 4.19 , 347.30
308 , 1768 , 775.72 , -16.0 , 10 , 35.12 , 2.187 , 0.028 , 4.32 , 347.17
318 , 1818 , 770.49 , -15.6 , 8 , 35.05 , 2.267 , 0.029 , 4.44 , 347.05
328 , 1877 , 764.53 , -16.0 , 7 , 34.98 , 2.309 , 0.030 , 4.58 , 346.91
338 , 1940 , 758.18 , -16.6 , 7 , 34.94 , 2.336 , 0.031 , 4.74 , 346.76
348 , 2003 , 751.84 , -17.2 , 7 , 34.89 , 2.316 , 0.031 , 4.89 , 346.61
358 , 2065 , 745.60 , -17.8 , 8 , 34.85 , 2.332 , 0.031 , 5.04 , 346.45
368 , 2134 , 738.78 , -17.7 , 6 , 34.81 , 2.326 , 0.031 , 5.21 , 346.28
378 , 2199 , 732.40 , -17.5 , 5 , 34.77 , 2.337 , 0.032 , 5.37 , 346.12
388 , 2268 , 725.62 , -17.5 , 6 , 34.73 , 2.327 , 0.032 , 5.54 , 345.95
398 , 2331 , 719.53 , -17.6 , 6 , 34.67 , 2.280 , 0.032 , 5.70 , 345.80
408 , 2388 , 714.07 , -18.0 , 7 , 34.61 , 2.242 , 0.031 , 5.83 , 345.66
418 , 2445 , 708.68 , -18.4 , 7 , 34.57 , 2.211 , 0.031 , 5.97 , 345.53
428 , 2504 , 703.11 , -18.6 , 8 , 34.53 , 2.211 , 0.031 , 6.10 , 345.39
438 , 2567 , 697.12 , -18.8 , 7 , 34.49 , 2.255 , 0.032 , 6.25 , 345.24
448 , 2632 , 691.08 , -18.8 , 6 , 34.42 , 2.305 , 0.033 , 6.41 , 345.09
457 , 2689 , 685.86 , -19.2 , 17 , 34.37 , 2.277 , 0.033 , 6.55 , 344.95
468 , 2753 , 679.92 , -19.7 , 20 , 34.31 , 2.215 , 0.033 , 6.70 , 344.79
476 , 2806 , 675.09 , -20.0 , 20 , 34.27 , 2.195 , 0.033 , 6.83 , 344.67
487 , 2872 , 669.10 , -20.4 , 24 , 34.20 , 2.143 , 0.032 , 6.98 , 344.52
496 , 2916 , 665.09 , -20.9 , 26 , 34.16 , 2.125 , 0.032 , 7.08 , 344.42
505 , 2964 , 660.83 , -21.3 , 27 , 34.11 , 2.122 , 0.032 , 7.19 , 344.31
515 , 3027 , 655.15 , -21.7 , 36 , 34.06 , 2.070 , 0.032 , 7.33 , 344.17
525 , 3090 , 649.58 , -22.2 , 37 , 34.02 , 2.032 , 0.031 , 7.47 , 344.03
535 , 3154 , 643.93 , -22.7 , 35 , 33.99 , 1.979 , 0.031 , 7.61 , 343.89
544 , 3204 , 639.56 , -23.1 , 30 , 33.96 , 1.982 , 0.031 , 7.71 , 343.78
552 , 3242 , 636.23 , -23.3 , 25 , 33.92 , 1.990 , 0.031 , 7.79 , 343.70
562 , 3304 , 630.89 , -23.4 , 26 , 33.88 , 1.996 , 0.032 , 7.93 , 343.57
571 , 3358 , 626.22 , -23.6 , 34 , 33.85 , 1.953 , 0.031 , 8.04 , 343.45
581 , 3414 , 621.49 , -23.9 , 30 , 33.81 , 1.952 , 0.031 , 8.16 , 343.34
591 , 3471 , 616.63 , -24.0 , 25 , 33.76 , 1.938 , 0.031 , 8.28 , 343.22
601 , 3523 , 612.23 , -24.0 , 20 , 33.71 , 1.935 , 0.032 , 8.39 , 343.11
611 , 3590 , 606.68 , -23.6 , 6 , 33.67 , 1.877 , 0.031 , 8.53 , 342.97
621 , 3644 , 602.19 , -23.6 , 3 , 33.62 , 1.839 , 0.031 , 8.64 , 342.86
631 , 3707 , 596.97 , -23.8 , 3 , 33.57 , 1.885 , 0.032 , 8.76 , 342.73
641 , 3763 , 592.45 , -24.2 , 5 , 33.52 , 1.896 , 0.032 , 8.88 , 342.62
651 , 3817 , 588.08 , -24.5 , 8 , 33.48 , 1.936 , 0.033 , 8.99 , 342.51
661 , 3875 , 583.40 , -24.9 , 4 , 33.44 , 1.987 , 0.034 , 9.11 , 342.38
671 , 3927 , 579.21 , -25.2 , 2 , 33.41 , 2.102 , 0.036 , 9.23 , 342.27
681 , 3988 , 574.41 , -25.5 , 2 , 33.37 , 2.214 , 0.039 , 9.37 , 342.12
691 , 4051 , 569.44 , -25.9 , 3 , 33.33 , 2.141 , 0.038 , 9.52 , 341.98
701 , 4102 , 565.40 , -26.3 , 6 , 33.30 , 2.052 , 0.036 , 9.64 , 341.86
711 , 4160 , 560.88 , -26.8 , 9 , 33.27 , 1.979 , 0.035 , 9.77 , 341.73
721 , 4224 , 555.90 , -27.3 , 9 , 33.23 , 1.912 , 0.034 , 9.90 , 341.59
731 , 4290 , 550.85 , -27.8 , 13 , 33.18 , 1.886 , 0.034 , 10.04 , 341.46
741 , 4347 , 546.45 , -28.3 , 18 , 33.14 , 1.894 , 0.035 , 10.16 , 341.34
751 , 4408 , 541.87 , -28.7 , 22 , 33.11 , 1.892 , 0.035 , 10.28 , 341.21
761 , 4468 , 537.36 , -29.1 , 24 , 33.08 , 1.864 , 0.035 , 10.41 , 341.09
771 , 4530 , 532.69 , -29.7 , 27 , 33.04 , 1.865 , 0.035 , 10.54 , 340.96
781 , 4595 , 527.81 , -30.1 , 30 , 33.01 , 1.835 , 0.035 , 10.67 , 340.82
791 , 4657 , 523.25 , -30.5 , 33 , 32.97 , 1.820 , 0.035 , 10.80 , 340.70
801 , 4713 , 519.11 , -30.9 , 35 , 32.94 , 1.816 , 0.035 , 10.91 , 340.59
811 , 4765 , 515.37 , -31.4 , 39 , 32.90 , 1.839 , 0.036 , 11.01 , 340.48
820 , 4817 , 511.56 , -31.7 , 41 , 32.87 , 1.837 , 0.036 , 11.12 , 340.37
830 , 4872 , 507.61 , -32.1 , 43 , 32.83 , 1.802 , 0.036 , 11.23 , 340.26
840 , 4929 , 503.52 , -32.6 , 47 , 32.79 , 1.768 , 0.035 , 11.35 , 340.15
850 , 4996 , 498.72 , -33.1 , 52 , 32.75 , 1.753 , 0.035 , 11.48 , 340.01
860 , 5057 , 494.42 , -33.4 , 48 , 32.72 , 1.720 , 0.035 , 11.60 , 339.90
870 , 5115 , 490.34 , -33.7 , 44 , 32.67 , 1.689 , 0.034 , 11.71 , 339.78
880 , 5171 , 486.44 , -34.0 , 39 , 32.61 , 1.684 , 0.035 , 11.82 , 339.68
890 , 5233 , 482.19 , -34.3 , 35 , 32.55 , 1.670 , 0.035 , 11.93 , 339.56
900 , 5296 , 477.81 , -34.7 , 37 , 32.50 , 1.635 , 0.034 , 12.05 , 339.44
910 , 5355 , 473.82 , -35.2 , 45 , 32.46 , 1.641 , 0.035 , 12.16 , 339.33
920 , 5409 , 470.16 , -35.7 , 51 , 32.41 , 1.653 , 0.035 , 12.26 , 339.23
930 , 5472 , 465.87 , -36.2 , 56 , 32.37 , 1.651 , 0.035 , 12.38 , 339.11
940 , 5539 , 461.39 , -36.7 , 60 , 32.33 , 1.673 , 0.036 , 12.51 , 338.99
950 , 5595 , 457.71 , -37.1 , 60 , 32.27 , 1.759 , 0.038 , 12.62 , 338.88
960 , 5657 , 453.63 , -37.4 , 58 , 32.23 , 1.786 , 0.039 , 12.74 , 338.75
970 , 5715 , 449.79 , -37.6 , 51 , 32.18 , 1.743 , 0.039 , 12.86 , 338.64
980 , 5771 , 446.14 , -37.5 , 25 , 32.14 , 1.744 , 0.039 , 12.97 , 338.52
990 , 5837 , 441.92 , -37.8 , 9 , 32.10 , 1.788 , 0.040 , 13.10 , 338.39
1000 , 5907 , 437.42 , -38.3 , 20 , 32.04 , 1.821 , 0.042 , 13.25 , 338.25
1011 , 5986 , 432.46 , -38.9 , 32 , 31.99 , 1.867 , 0.043 , 13.42 , 338.08
1020 , 6039 , 429.12 , -39.3 , 22 , 31.95 , 1.883 , 0.044 , 13.53 , 337.96
1030 , 6098 , 425.41 , -39.8 , 30 , 31.90 , 1.901 , 0.045 , 13.66 , 337.84
1040 , 6157 , 421.74 , -40.3 , 54 , 31.84 , 1.903 , 0.045 , 13.79 , 337.71
1050 , 6220 , 417.88 , -40.7 , 66 , 31.79 , 1.848 , 0.044 , 13.93 , 337.57
1060 , 6279 , 414.23 , -41.0 , 71 , 31.73 , 1.775 , 0.043 , 14.05 , 337.44
1070 , 6339 , 410.59 , -41.4 , 74 , 31.68 , 1.722 , 0.042 , 14.17 , 337.32
1080 , 6398 , 407.05 , -41.8 , 77 , 31.63 , 1.710 , 0.042 , 14.29 , 337.20
1090 , 6455 , 403.62 , -42.3 , 77 , 31.58 , 1.685 , 0.042 , 14.40 , 337.09
1100 , 6509 , 400.43 , -42.8 , 77 , 31.52 , 1.646 , 0.041 , 14.51 , 336.99
1110 , 6558 , 397.50 , -43.2 , 77 , 31.47 , 1.623 , 0.041 , 14.60 , 336.89
1120 , 6620 , 393.87 , -43.7 , 75 , 31.42 , 1.588 , 0.040 , 14.72 , 336.78
1129 , 6676 , 390.58 , -43.8 , 72 , 31.37 , 1.652 , 0.042 , 14.83 , 336.67
1139 , 6739 , 386.95 , -43.7 , 60 , 31.32 , 1.812 , 0.047 , 14.95 , 336.54
1149 , 6804 , 383.25 , -43.9 , 51 , 31.27 , 1.797 , 0.047 , 15.09 , 336.40
1159 , 6863 , 379.90 , -44.2 , 50 , 31.22 , 1.697 , 0.045 , 15.21 , 336.28
1169 , 6923 , 376.50 , -44.6 , 55 , 31.17 , 1.609 , 0.043 , 15.33 , 336.17
1179 , 6983 , 373.10 , -45.2 , 57 , 31.12 , 1.559 , 0.042 , 15.44 , 336.05
1189 , 7036 , 370.17 , -45.6 , 58 , 31.05 , 1.532 , 0.041 , 15.54 , 335.96
1199 , 7091 , 367.10 , -46.1 , 58 , 31.00 , 1.522 , 0.041 , 15.64 , 335.86
1209 , 7149 , 363.91 , -46.5 , 60 , 30.95 , 1.536 , 0.042 , 15.75 , 335.75
1219 , 7207 , 360.73 , -46.9 , 62 , 30.90 , 1.531 , 0.042 , 15.85 , 335.64
1229 , 7258 , 358.00 , -47.3 , 66 , 30.84 , 1.502 , 0.042 , 15.94 , 335.55
1239 , 7307 , 355.31 , -47.6 , 66 , 30.79 , 1.406 , 0.040 , 16.03 , 335.47
1249 , 7364 , 352.28 , -48.1 , 72 , 30.74 , 1.318 , 0.037 , 16.12 , 335.37
1259 , 7420 , 349.30 , -48.5 , 71 , 30.68 , 1.217 , 0.035 , 16.21 , 335.29
1269 , 7463 , 347.00 , -48.9 , 71 , 30.62 , 1.145 , 0.033 , 16.27 , 335.23
1279 , 7514 , 344.32 , -49.2 , 71 , 30.56 , 1.080 , 0.031 , 16.34 , 335.16
1289 , 7574 , 341.20 , -49.6 , 72 , 30.51 , 1.049 , 0.031 , 16.41 , 335.08
1299 , 7624 , 338.57 , -50.0 , 72 , 30.47 , 1.008 , 0.030 , 16.48 , 335.02
1309 , 7673 , 336.06 , -50.3 , 73 , 30.41 , 1.018 , 0.030 , 16.53 , 334.96
1319 , 7721 , 333.59 , -50.6 , 72 , 30.36 , 1.068 , 0.032 , 16.60 , 334.90
1329 , 7770 , 331.10 , -51.0 , 71 , 30.31 , 1.125 , 0.034 , 16.66 , 334.84
1339 , 7821 , 328.48 , -51.4 , 67 , 30.25 , 1.203 , 0.037 , 16.73 , 334.76
1349 , 7869 , 326.06 , -51.8 , 64 , 30.19 , 1.331 , 0.041 , 16.81 , 334.69
1359 , 7915 , 323.76 , -52.1 , 62 , 30.13 , 1.450 , 0.045 , 16.88 , 334.61
1369 , 7961 , 321.50 , -52.4 , 58 , 30.08 , 1.548 , 0.048 , 16.97 , 334.53
1379 , 8015 , 318.82 , -52.6 , 54 , 30.03 , 1.580 , 0.050 , 17.07 , 334.42
1389 , 8060 , 316.57 , -53.0 , 51 , 29.98 , 1.522 , 0.048 , 17.16 , 334.34
1399 , 8109 , 314.20 , -53.4 , 50 , 29.92 , 1.486 , 0.047 , 17.25 , 334.25
1409 , 8157 , 311.86 , -53.6 , 48 , 29.86 , 1.510 , 0.048 , 17.34 , 334.16
1419 , 8203 , 309.63 , -54.1 , 46 , 29.81 , 1.555 , 0.050 , 17.42 , 334.07
1428 , 8254 , 307.17 , -54.4 , 47 , 29.76 , 1.599 , 0.052 , 17.52 , 333.97
1438 , 8311 , 304.46 , -54.8 , 46 , 29.71 , 1.600 , 0.053 , 17.63 , 333.86
1448 , 8363 , 301.99 , -55.2 , 46 , 29.65 , 1.606 , 0.053 , 17.74 , 333.76
1458 , 8413 , 299.59 , -55.6 , 46 , 29.60 , 1.607 , 0.054 , 17.84 , 333.66
1468 , 8466 , 297.12 , -56.0 , 46 , 29.54 , 1.591 , 0.054 , 17.94 , 333.55
1478 , 8511 , 295.04 , -56.4 , 46 , 29.49 , 1.571 , 0.053 , 18.03 , 333.47
1488 , 8566 , 292.46 , -56.8 , 45 , 29.43 , 1.558 , 0.053 , 18.14 , 333.36
1498 , 8632 , 289.46 , -57.2 , 44 , 29.37 , 1.538 , 0.053 , 18.26 , 333.23
1508 , 8678 , 287.35 , -57.4 , 43 , 29.31 , 1.497 , 0.052 , 18.35 , 333.14
1518 , 8724 , 285.27 , -57.7 , 42 , 29.25 , 1.423 , 0.050 , 18.44 , 333.06
1528 , 8771 , 283.14 , -58.1 , 41 , 29.19 , 1.396 , 0.049 , 18.52 , 332.98
1538 , 8822 , 280.87 , -58.5 , 39 , 29.13 , 1.427 , 0.051 , 18.61 , 332.89
1548 , 8869 , 278.74 , -58.9 , 38 , 29.07 , 1.452 , 0.052 , 18.69 , 332.80
1558 , 8918 , 276.58 , -59.3 , 38 , 29.02 , 1.417 , 0.051 , 18.78 , 332.71
1568 , 8964 , 274.57 , -59.7 , 38 , 28.96 , 1.401 , 0.051 , 18.86 , 332.63
1578 , 9015 , 272.31 , -60.1 , 38 , 28.90 , 1.368 , 0.050 , 18.95 , 332.54
1588 , 9065 , 270.16 , -60.5 , 37 , 28.84 , 1.394 , 0.052 , 19.04 , 332.46
1598 , 9115 , 267.97 , -60.9 , 37 , 28.79 , 1.418 , 0.053 , 19.13 , 332.37
1608 , 9171 , 265.56 , -61.3 , 37 , 28.73 , 1.399 , 0.053 , 19.23 , 332.26
1618 , 9217 , 263.61 , -61.6 , 37 , 28.67 , 1.341 , 0.051 , 19.31 , 332.18
1628 , 9270 , 261.38 , -62.1 , 37 , 28.60 , 1.311 , 0.050 , 19.40 , 332.10
1638 , 9319 , 259.29 , -62.3 , 37 , 28.54 , 1.340 , 0.052 , 19.48 , 332.01
1648 , 9365 , 257.35 , -62.6 , 37 , 28.48 , 1.365 , 0.053 , 19.56 , 331.93
1658 , 9410 , 255.50 , -62.9 , 37 , 28.43 , 1.347 , 0.053 , 19.64 , 331.85
1668 , 9457 , 253.57 , -63.2 , 36 , 28.37 , 1.279 , 0.050 , 19.72 , 331.78
1678 , 9505 , 251.59 , -63.5 , 36 , 28.31 , 1.251 , 0.050 , 19.80 , 331.70
1688 , 9550 , 249.75 , -63.6 , 36 , 28.24 , 1.353 , 0.054 , 19.87 , 331.62
1698 , 9595 , 247.93 , -63.7 , 37 , 28.18 , 1.492 , 0.060 , 19.96 , 331.54
1708 , 9638 , 246.17 , -63.8 , 37 , 28.12 , 1.624 , 0.066 , 20.04 , 331.45
1718 , 9683 , 244.36 , -64.1 , 37 , 28.06 , 1.680 , 0.069 , 20.14 , 331.36
1727 , 9724 , 242.76 , -64.2 , 37 , 28.00 , 1.716 , 0.071 , 20.23 , 331.27
1736 , 9762 , 241.23 , -64.2 , 36 , 27.94 , 1.751 , 0.073 , 20.31 , 331.18
1746 , 9804 , 239.59 , -64.3 , 36 , 27.88 , 1.833 , 0.076 , 20.41 , 331.09
1756 , 9853 , 237.69 , -64.5 , 36 , 27.82 , 1.903 , 0.080 , 20.53 , 330.97
1766 , 9898 , 235.93 , -64.8 , 35 , 27.76 , 1.947 , 0.083 , 20.64 , 330.85
1776 , 9940 , 234.30 , -64.9 , 35 , 27.69 , 1.982 , 0.085 , 20.75 , 330.75
1786 , 9982 , 232.71 , -65.0 , 35 , 27.63 , 2.027 , 0.087 , 20.86 , 330.64
1796 , 10025 , 231.05 , -64.9 , 36 , 27.56 , 2.086 , 0.090 , 20.97 , 330.52
1806 , 10078 , 229.06 , -65.2 , 36 , 27.50 , 2.089 , 0.091 , 21.11 , 330.38
1816 , 10128 , 227.20 , -65.4 , 37 , 27.44 , 2.090 , 0.092 , 21.25 , 330.25
1826 , 10172 , 225.56 , -65.5 , 37 , 27.37 , 2.136 , 0.095 , 21.37 , 330.13
1836 , 10217 , 223.88 , -65.7 , 38 , 27.30 , 2.155 , 0.096 , 21.50 , 330.00
1846 , 10264 , 222.15 , -65.8 , 39 , 27.24 , 2.148 , 0.097 , 21.63 , 329.87
1856 , 10310 , 220.49 , -65.8 , 39 , 27.16 , 2.284 , 0.104 , 21.76 , 329.74
1866 , 10354 , 218.90 , -66.1 , 38 , 27.10 , 2.547 , 0.116 , 21.90 , 329.60
1876 , 10398 , 217.31 , -65.9 , 38 , 27.03 , 2.878 , 0.132 , 22.05 , 329.44
1886 , 10442 , 215.74 , -65.6 , 37 , 26.96 , 3.284 , 0.152 , 22.23 , 329.27
1896 , 10485 , 214.20 , -65.0 , 35 , 26.89 , 3.759 , 0.175 , 22.43 , 329.07
1906 , 10528 , 212.70 , -64.8 , 32 , 26.83 , 4.153 , 0.195 , 22.65 , 328.85
1916 , 10571 , 211.22 , -64.7 , 30 , 26.76 , 4.439 , 0.210 , 22.88 , 328.61
1926 , 10616 , 209.67 , -64.7 , 27 , 26.69 , 4.610 , 0.220 , 23.15 , 328.35
1936 , 10661 , 208.13 , -64.8 , 26 , 26.62 , 4.596 , 0.221 , 23.42 , 328.08
1946 , 10705 , 206.64 , -64.7 , 26 , 26.56 , 4.456 , 0.216 , 23.67 , 327.82
1956 , 10747 , 205.20 , -64.6 , 25 , 26.49 , 4.365 , 0.213 , 23.91 , 327.58
1966 , 10789 , 203.79 , -64.5 , 24 , 26.42 , 4.370 , 0.214 , 24.15 , 327.34
1975 , 10830 , 202.45 , -64.2 , 23 , 26.36 , 4.470 , 0.221 , 24.38 , 327.11
1985 , 10870 , 201.14 , -64.0 , 21 , 26.29 , 4.516 , 0.225 , 24.61 , 326.88
1995 , 10912 , 199.76 , -64.2 , 20 , 26.22 , 4.470 , 0.224 , 24.86 , 326.64
2005 , 10954 , 198.38 , -64.3 , 19 , 26.15 , 4.468 , 0.225 , 25.10 , 326.39
2015 , 10997 , 197.00 , -64.3 , 18 , 26.09 , 4.431 , 0.225 , 25.35 , 326.15
2025 , 11041 , 195.58 , -64.2 , 18 , 26.02 , 4.280 , 0.219 , 25.60 , 325.90
2035 , 11082 , 194.26 , -64.0 , 17 , 25.96 , 4.204 , 0.216 , 25.82 , 325.67
2044 , 11121 , 193.03 , -63.9 , 16 , 25.90 , 4.132 , 0.214 , 26.03 , 325.46
2054 , 11161 , 191.79 , -63.9 , 16 , 25.84 , 4.152 , 0.216 , 26.24 , 325.25
2064 , 11203 , 190.47 , -63.7 , 15 , 25.77 , 4.151 , 0.218 , 26.47 , 325.03
2074 , 11245 , 189.16 , -63.5 , 14 , 25.70 , 4.141 , 0.219 , 26.70 , 324.80
2084 , 11289 , 187.80 , -63.5 , 13 , 25.63 , 4.159 , 0.221 , 26.93 , 324.57
2094 , 11333 , 186.48 , -63.4 , 13 , 25.56 , 4.220 , 0.226 , 27.16 , 324.33
2104 , 11377 , 185.14 , -63.4 , 12 , 25.50 , 4.285 , 0.231 , 27.41 , 324.09
2114 , 11422 , 183.79 , -63.3 , 12 , 25.44 , 4.329 , 0.236 , 27.65 , 323.84
2124 , 11469 , 182.38 , -63.1 , 11 , 25.37 , 4.299 , 0.236 , 27.92 , 323.58
2134 , 11515 , 181.04 , -62.7 , 11 , 25.31 , 4.296 , 0.237 , 28.17 , 323.33
2144 , 11559 , 179.74 , -62.9 , 10 , 25.25 , 4.230 , 0.235 , 28.41 , 323.09
2154 , 11602 , 178.48 , -62.8 , 9 , 25.18 , 4.381 , 0.245 , 28.65 , 322.85
2163 , 11644 , 177.28 , -62.5 , 8 , 25.12 , 4.711 , 0.266 , 28.89 , 322.61
2173 , 11684 , 176.13 , -62.5 , 7 , 25.05 , 4.891 , 0.278 , 29.14 , 322.36
2183 , 11727 , 174.92 , -62.3 , 7 , 24.99 , 4.996 , 0.286 , 29.41 , 322.09
2193 , 11769 , 173.74 , -62.3 , 6 , 24.93 , 5.074 , 0.292 , 29.68 , 321.82
2203 , 11810 , 172.57 , -62.4 , 5 , 24.87 , 5.086 , 0.295 , 29.94 , 321.55
2213 , 11851 , 171.42 , -62.4 , 5 , 24.80 , 5.077 , 0.296 , 30.21 , 321.28
2223 , 11892 , 170.30 , -62.3 , 4 , 24.74 , 5.039 , 0.296 , 30.48 , 321.02
2233 , 11933 , 169.18 , -62.1 , 4 , 24.68 , 5.025 , 0.297 , 30.74 , 320.76
2243 , 11973 , 168.08 , -61.8 , 4 , 24.62 , 4.939 , 0.294 , 30.99 , 320.50
2253 , 12012 , 167.03 , -61.8 , 3 , 24.55 , 4.737 , 0.284 , 31.23 , 320.26
2263 , 12051 , 165.98 , -61.9 , 3 , 24.50 , 4.717 , 0.284 , 31.47 , 320.03
2273 , 12092 , 164.87 , -61.7 , 3 , 24.43 , 4.868 , 0.295 , 31.72 , 319.77
2283 , 12135 , 163.73 , -61.2 , 3 , 24.37 , 5.047 , 0.308 , 31.99 , 319.50
2293 , 12175 , 162.69 , -60.9 , 3 , 24.31 , 5.096 , 0.313 , 32.25 , 319.25
2303 , 12215 , 161.64 , -60.8 , 3 , 24.25 , 5.124 , 0.317 , 32.51 , 318.99
2313 , 12256 , 160.57 , -60.9 , 3 , 24.19 , 5.130 , 0.319 , 32.78 , 318.72
2323 , 12300 , 159.44 , -61.1 , 2 , 24.12 , 5.149 , 0.323 , 33.07 , 318.43
2333 , 12345 , 158.30 , -61.1 , 2 , 24.06 , 5.179 , 0.327 , 33.36 , 318.14
2342 , 12385 , 157.27 , -61.2 , 2 , 24.01 , 5.177 , 0.329 , 33.63 , 317.87
2352 , 12427 , 156.22 , -61.1 , 2 , 23.95 , 5.154 , 0.330 , 33.90 , 317.60
2362 , 12472 , 155.09 , -61.0 , 2 , 23.89 , 5.120 , 0.330 , 34.19 , 317.30
2372 , 12516 , 154.00 , -60.9 , 2 , 23.83 , 5.125 , 0.333 , 34.48 , 317.02
2382 , 12561 , 152.88 , -60.9 , 2 , 23.77 , 5.252 , 0.344 , 34.78 , 316.72
2392 , 12605 , 151.79 , -61.0 , 2 , 23.71 , 5.341 , 0.352 , 35.07 , 316.42
2402 , 12650 , 150.71 , -61.2 , 2 , 23.65 , 5.359 , 0.356 , 35.38 , 316.12
2412 , 12695 , 149.61 , -61.3 , 1 , 23.59 , 5.352 , 0.358 , 35.69 , 315.81
2422 , 12740 , 148.54 , -61.2 , 1 , 23.53 , 5.306 , 0.357 , 35.99 , 315.51
2432 , 12785 , 147.47 , -61.1 , 1 , 23.47 , 5.330 , 0.361 , 36.29 , 315.20
2442 , 12829 , 146.43 , -60.7 , 1 , 23.41 , 5.353 , 0.366 , 36.59 , 314.91
2452 , 12872 , 145.42 , -60.5 , 1 , 23.35 , 5.404 , 0.372 , 36.88 , 314.61
2462 , 12912 , 144.48 , -60.9 , 1 , 23.30 , 5.338 , 0.369 , 37.16 , 314.34
2472 , 12953 , 143.54 , -60.9 , 1 , 23.24 , 5.091 , 0.355 , 37.43 , 314.07
2482 , 12995 , 142.55 , -61.0 , 1 , 23.18 , 4.786 , 0.336 , 37.70 , 313.80
2492 , 13037 , 141.60 , -61.0 , 1 , 23.13 , 4.562 , 0.322 , 37.94 , 313.55
2502 , 13077 , 140.69 , -61.1 , 1 , 23.06 , 4.409 , 0.313 , 38.17 , 313.32
2512 , 13114 , 139.85 , -60.9 , 1 , 23.01 , 4.381 , 0.313 , 38.38 , 313.12
2522 , 13154 , 138.95 , -60.8 , 1 , 22.96 , 4.489 , 0.323 , 38.60 , 312.89
2532 , 13196 , 138.03 , -60.5 , 1 , 22.90 , 4.363 , 0.316 , 38.84 , 312.66
2542 , 13234 , 137.19 , -60.4 , 1 , 22.85 , 4.240 , 0.309 , 39.05 , 312.45
2552 , 13271 , 136.38 , -60.6 , 1 , 22.79 , 4.184 , 0.307 , 39.24 , 312.25
2562 , 13309 , 135.55 , -60.7 , 1 , 22.74 , 4.118 , 0.304 , 39.44 , 312.05
2572 , 13347 , 134.71 , -60.6 , 1 , 22.69 , 3.948 , 0.293 , 39.64 , 311.86
2582 , 13388 , 133.84 , -60.5 , 0 , 22.63 , 3.847 , 0.287 , 39.84 , 311.66
2592 , 13430 , 132.93 , -60.4 , 0 , 22.58 , 3.859 , 0.290 , 40.05 , 311.45
2602 , 13472 , 132.03 , -60.3 , 0 , 22.52 , 3.882 , 0.294 , 40.25 , 311.24
2612 , 13514 , 131.14 , -60.3 , 0 , 22.47 , 3.859 , 0.294 , 40.46 , 311.04
2622 , 13553 , 130.34 , -60.2 , 0 , 22.41 , 3.782 , 0.290 , 40.65 , 310.85
2632 , 13594 , 129.47 , -60.4 , 0 , 22.36 , 3.720 , 0.287 , 40.84 , 310.65
2642 , 13638 , 128.57 , -60.4 , 0 , 22.31 , 3.679 , 0.286 , 41.05 , 310.45
2651 , 13678 , 127.73 , -60.3 , 0 , 22.26 , 3.625 , 0.284 , 41.24 , 310.26
2661 , 13721 , 126.86 , -59.9 , 0 , 22.21 , 3.611 , 0.285 , 41.43 , 310.06
2671 , 13767 , 125.94 , -59.7 , 0 , 22.15 , 3.677 , 0.292 , 41.64 , 309.86
2681 , 13812 , 125.03 , -59.6 , 0 , 22.10 , 3.774 , 0.302 , 41.85 , 309.64
2691 , 13857 , 124.13 , -59.8 , 0 , 22.05 , 3.860 , 0.311 , 42.07 , 309.43
2701 , 13901 , 123.26 , -59.5 , 0 , 21.99 , 3.900 , 0.316 , 42.29 , 309.21
2711 , 13946 , 122.37 , -59.5 , 0 , 21.94 , 3.897 , 0.318 , 42.51 , 308.99
2721 , 13992 , 121.48 , -59.5 , 0 , 21.89 , 3.811 , 0.314 , 42.73 , 308.77
2731 , 14037 , 120.61 , -58.9 , 0 , 21.84 , 3.614 , 0.300 , 42.94 , 308.55
2741 , 14080 , 119.79 , -58.7 , 0 , 21.79 , 3.353 , 0.280 , 43.13 , 308.37
2751 , 14120 , 119.03 , -58.7 , 0 , 21.74 , 3.359 , 0.282 , 43.30 , 308.20
2761 , 14160 , 118.26 , -58.6 , 0 , 21.69 , 3.614 , 0.306 , 43.48 , 308.02
2771 , 14202 , 117.49 , -58.4 , 0 , 21.64 , 3.974 , 0.338 , 43.67 , 307.82
2781 , 14243 , 116.71 , -58.2 , 0 , 21.59 , 4.068 , 0.349 , 43.88 , 307.61
2791 , 14284 , 115.97 , -58.0 , 0 , 21.55 , 4.159 , 0.359 , 44.09 , 307.41
2801 , 14326 , 115.19 , -57.9 , 0 , 21.50 , 4.128 , 0.358 , 44.31 , 307.19
2811 , 14368 , 114.42 , -57.7 , 0 , 21.45 , 3.908 , 0.342 , 44.52 , 306.97
2821 , 14410 , 113.66 , -57.4 , 0 , 21.41 , 3.370 , 0.296 , 44.71 , 306.78
2831 , 14453 , 112.90 , -57.5 , 0 , 21.36 , 2.860 , 0.253 , 44.88 , 306.62
2841 , 14497 , 112.12 , -57.2 , 0 , 21.32 , 2.592 , 0.231 , 45.03 , 306.47
2851 , 14540 , 111.36 , -56.9 , 0 , 21.27 , 2.597 , 0.233 , 45.17 , 306.33
2861 , 14584 , 110.57 , -56.5 , 0 , 21.23 , 3.217 , 0.291 , 45.33 , 306.17
2871 , 14628 , 109.81 , -56.0 , 0 , 21.19 , 4.410 , 0.402 , 45.54 , 305.96
2881 , 14674 , 109.02 , -55.5 , 0 , 21.15 , 5.815 , 0.533 , 45.83 , 305.67
2891 , 14718 , 108.28 , -55.2 , 0 , 21.11 , 6.810 , 0.629 , 46.17 , 305.32
2901 , 14761 , 107.55 , -55.1 , 0 , 21.07 , 7.202 , 0.670 , 46.54 , 304.95
2911 , 14803 , 106.85 , -55.0 , 0 , 21.02 , 6.805 , 0.637 , 46.91 , 304.59
2921 , 14846 , 106.12 , -55.0 , 0 , 20.98 , 6.619 , 0.624 , 47.27 , 304.23
2931 , 14889 , 105.41 , -54.9 , 0 , 20.94 , 6.972 , 0.661 , 47.63 , 303.87
2940 , 14930 , 104.74 , -54.8 , 0 , 20.90 , 7.676 , 0.733 , 48.00 , 303.50
2950 , 14974 , 104.02 , -54.8 , 0 , 20.85 , 7.627 , 0.733 , 48.41 , 303.08
2960 , 15019 , 103.29 , -54.9 , 0 , 20.81 , 6.603 , 0.639 , 48.81 , 302.69
2970 , 15063 , 102.59 , -54.7 , 0 , 20.76 , 5.408 , 0.527 , 49.13 , 302.36
2980 , 15107 , 101.89 , -54.7 , 0 , 20.72 , 4.706 , 0.462 , 49.41 , 302.09
2990 , 15150 , 101.19 , -54.6 , 0 , 20.67 , 4.419 , 0.437 , 49.65 , 301.84
3000 , 15195 , 100.49 , -54.4 , 0 , 20.63 , 4.611 , 0.459 , 49.90 , 301.60
3009 , 15235 , 99.87 , -54.1 , 0 , 20.59 , 5.060 , 0.507 , 50.14 , 301.36
3019 , 15274 , 99.26 , -54.1 , 0 , 20.54 , 5.457 , 0.550 , 50.39 , 301.10
3029 , 15315 , 98.62 , -53.8 , 0 , 20.50 , 5.764 , 0.585 , 50.68 , 300.82
3039 , 15356 , 97.99 , -53.5 , 0 , 20.45 , 6.077 , 0.620 , 50.97 , 300.52
3049 , 15398 , 97.35 , -53.1 , 0 , 20.41 , 6.720 , 0.690 , 51.31 , 300.19
3059 , 15442 , 96.70 , -53.0 , 0 , 20.36 , 8.147 , 0.842 , 51.70 , 299.79
3069 , 15483 , 96.09 , -53.0 , 0 , 20.32 , 9.551 , 0.994 , 52.14 , 299.35
3079 , 15523 , 95.49 , -52.7 , 0 , 20.27 , 10.279 , 1.076 , 52.64 , 298.86
3089 , 15565 , 94.87 , -52.3 , 0 , 20.23 , 10.149 , 1.070 , 53.16 , 298.34
3099 , 15608 , 94.24 , -52.1 , 0 , 20.18 , 10.013 , 1.062 , 53.69 , 297.81
3109 , 15650 , 93.63 , -51.9 , 0 , 20.14 , 9.707 , 1.037 , 54.19 , 297.30
3119 , 15694 , 93.00 , -51.8 , 0 , 20.09 , 9.120 , 0.981 , 54.70 , 296.80
3129 , 15738 , 92.36 , -51.7 , 0 , 20.05 , 8.701 , 0.942 , 55.18 , 296.32
3139 , 15780 , 91.77 , -51.6 , 0 , 20.00 , 8.798 , 0.959 , 55.62 , 295.87
3149 , 15823 , 91.17 , -51.4 , 0 , 19.96 , 8.775 , 0.962 , 56.08 , 295.42
3159 , 15868 , 90.54 , -51.3 , 0 , 19.92 , 8.865 , 0.979 , 56.56 , 294.94
3169 , 15913 , 89.91 , -51.6 , 0 , 19.87 , 9.166 , 1.019 , 57.05 , 294.44
3179 , 15960 , 89.26 , -51.6 , 0 , 19.83 , 9.621 , 1.078 , 57.59 , 293.90
3189 , 16006 , 88.63 , -51.6 , 0 , 19.79 , 10.239 , 1.155 , 58.15 , 293.35
3199 , 16052 , 88.00 , -51.5 , 0 , 19.74 , 10.761 , 1.223 , 58.74 , 292.75
3209 , 16099 , 87.37 , -51.5 , 0 , 19.70 , 11.232 , 1.286 , 59.36 , 292.14
3219 , 16143 , 86.78 , -51.4 , 0 , 19.66 , 11.834 , 1.364 , 59.98 , 291.52
3229 , 16189 , 86.17 , -51.1 , 0 , 19.62 , 12.462 , 1.446 , 60.66 , 290.84
3239 , 16232 , 85.60 , -50.9 , 0 , 19.57 , 12.643 , 1.477 , 61.32 , 290.18
3248 , 16271 , 85.08 , -50.6 , 0 , 19.54 , 12.425 , 1.460 , 61.91 , 289.58
3258 , 16312 , 84.56 , -50.1 , 0 , 19.50 , 12.626 , 1.493 , 62.53 , 288.97
3268 , 16354 , 84.01 , -49.6 , 0 , 19.45 , 12.917 , 1.538 , 63.18 , 288.31
3278 , 16396 , 83.47 , -49.6 , 0 , 19.41 , 13.093 , 1.569 , 63.84 , 287.65
3288 , 16438 , 82.94 , -49.3 , 0 , 19.37 , 13.176 , 1.589 , 64.51 , 286.99
3298 , 16481 , 82.40 , -49.2 , 0 , 19.33 , 13.094 , 1.589 , 65.18 , 286.31
3308 , 16525 , 81.84 , -49.3 , 0 , 19.29 , 13.022 , 1.591 , 65.88 , 285.62
3318 , 16571 , 81.28 , -49.2 , 0 , 19.25 , 12.999 , 1.599 , 66.59 , 284.90
3328 , 16617 , 80.70 , -49.1 , 0 , 19.21 , 13.038 , 1.616 , 67.32 , 284.17
3338 , 16664 , 80.13 , -49.3 , 0 , 19.17 , 13.403 , 1.673 , 68.06 , 283.44
3348 , 16710 , 79.57 , -49.5 , 0 , 19.13 , 13.765 , 1.730 , 68.81 , 282.68
3358 , 16755 , 79.02 , -49.5 , 0 , 19.09 , 13.919 , 1.761 , 69.57 , 281.92
3368 , 16804 , 78.44 , -49.3 , 0 , 19.05 , 14.159 , 1.805 , 70.40 , 281.10
3378 , 16852 , 77.86 , -49.2 , 0 , 19.02 , 14.778 , 1.898 , 71.24 , 280.26
3388 , 16902 , 77.27 , -48.7 , 0 , 18.98 , 15.463 , 2.001 , 72.15 , 279.35
3398 , 16951 , 76.70 , -48.0 , 0 , 18.94 , 16.413 , 2.140 , 73.08 , 278.41
3408 , 17000 , 76.13 , -47.5 , 0 , 18.90 , 17.602 , 2.312 , 74.07 , 277.43
3418 , 17047 , 75.59 , -47.4 , 0 , 18.87 , 18.404 , 2.435 , 75.10 , 276.40
3428 , 17092 , 75.08 , -47.1 , 0 , 18.83 , 18.905 , 2.518 , 76.09 , 275.40
3438 , 17137 , 74.57 , -47.0 , 0 , 18.79 , 19.229 , 2.579 , 77.11 , 274.38
3448 , 17183 , 74.05 , -47.2 , 0 , 18.76 , 19.437 , 2.625 , 78.17 , 273.33
3458 , 17232 , 73.51 , -47.2 , 0 , 18.72 , 19.705 , 2.681 , 79.32 , 272.18
3468 , 17281 , 72.97 , -47.3 , 0 , 18.68 , 19.832 , 2.718 , 80.46 , 271.03
3478 , 17328 , 72.45 , -47.3 , 0 , 18.65 , 20.010 , 2.762 , 81.59 , 269.91
3488 , 17374 , 71.95 , -47.2 , 0 , 18.61 , 19.931 , 2.770 , 82.68 , 268.82
3498 , 17421 , 71.44 , -46.8 , 0 , 18.58 , 19.939 , 2.791 , 83.80 , 267.70
3508 , 17466 , 70.95 , -46.9 , 0 , 18.54 , 19.967 , 2.814 , 84.88 , 266.62
3518 , 17512 , 70.46 , -46.8 , 0 , 18.51 , 20.042 , 2.844 , 85.96 , 265.53
3528 , 17557 , 69.99 , -46.7 , 0 , 18.48 , 19.909 , 2.845 , 87.03 , 264.47
3538 , 17598 , 69.56 , -46.6 , 0 , 18.44 , 19.731 , 2.837 , 88.00 , 263.50
3548 , 17640 , 69.11 , -46.1 , 0 , 18.41 , 19.746 , 2.857 , 89.00 , 262.49
3557 , 17682 , 68.68 , -46.1 , 0 , 18.38 , 19.851 , 2.891 , 89.99 , 261.51
3567 , 17723 , 68.25 , -46.2 , 0 , 18.35 , 19.756 , 2.894 , 90.95 , 260.55
3577 , 17767 , 67.81 , -46.4 , 0 , 18.32 , 19.730 , 2.910 , 91.97 , 259.53
3587 , 17810 , 67.37 , -46.4 , 0 , 18.29 , 19.617 , 2.912 , 92.97 , 258.52
3597 , 17852 , 66.94 , -46.1 , 0 , 18.25 , 19.559 , 2.922 , 93.96 , 257.53
3607 , 17895 , 66.51 , -45.4 , 0 , 18.22 , 19.580 , 2.944 , 94.96 , 256.54
3617 , 17935 , 66.11 , -45.1 , 0 , 18.19 , 19.493 , 2.949 , 95.89 , 255.61
3627 , 17977 , 65.70 , -44.8 , 0 , 18.16 , 19.464 , 2.963 , 96.86 , 254.64
3637 , 18020 , 65.28 , -44.6 , 0 , 18.13 , 19.301 , 2.957 , 97.82 , 253.67
3647 , 18064 , 64.85 , -44.4 , 0 , 18.10 , 19.324 , 2.980 , 98.83 , 252.67
3657 , 18109 , 64.42 , -44.0 , 0 , 18.07 , 19.186 , 2.978 , 99.85 , 251.65
3667 , 18153 , 64.00 , -43.8 , 0 , 18.04 , 19.055 , 2.977 , 100.83 , 250.66
3677 , 18197 , 63.58 , -43.5 , 0 , 18.01 , 19.027 , 2.993 , 101.83 , 249.66
3687 , 18242 , 63.15 , -43.3 , 0 , 17.98 , 18.920 , 2.996 , 102.83 , 248.67
3697 , 18289 , 62.72 , -43.0 , 0 , 17.95 , 18.765 , 2.992 , 103.86 , 247.63
3707 , 18336 , 62.28 , -42.7 , 0 , 17.92 , 18.683 , 3.000 , 104.91 , 246.59
3717 , 18386 , 61.82 , -42.7 , 0 , 17.89 , 18.610 , 3.010 , 105.99 , 245.51
3727 , 18435 , 61.37 , -42.4 , 0 , 17.86 , 18.421 , 3.001 , 107.05 , 244.45
3737 , 18483 , 60.94 , -42.0 , 0 , 17.84 , 18.277 , 2.999 , 108.08 , 243.42
3747 , 18532 , 60.50 , -42.1 , 0 , 17.81 , 18.114 , 2.994 , 109.12 , 242.38
3757 , 18580 , 60.07 , -41.8 , 0 , 17.78 , 17.973 , 2.992 , 110.13 , 241.37
3767 , 18628 , 59.65 , -42.1 , 0 , 17.75 , 17.809 , 2.986 , 111.13 , 240.37
3777 , 18673 , 59.25 , -42.2 , 0 , 17.72 , 17.506 , 2.954 , 112.05 , 239.44
3787 , 18717 , 58.87 , -42.4 , 0 , 17.69 , 17.365 , 2.950 , 112.95 , 238.54
3797 , 18761 , 58.48 , -42.4 , 0 , 17.67 , 17.058 , 2.917 , 113.85 , 237.65
3807 , 18805 , 58.10 , -42.6 , 0 , 17.64 , 16.881 , 2.905 , 114.71 , 236.79
3817 , 18848 , 57.73 , -42.6 , 0 , 17.61 , 16.780 , 2.906 , 115.56 , 235.94
3827 , 18891 , 57.37 , -42.5 , 0 , 17.59 , 16.737 , 2.917 , 116.40 , 235.10
3837 , 18930 , 57.04 , -42.4 , 0 , 17.56 , 16.578 , 2.906 , 117.16 , 234.34
3847 , 18967 , 56.72 , -42.6 , 0 , 17.53 , 16.392 , 2.890 , 117.88 , 233.61
3856 , 19002 , 56.43 , -42.5 , 0 , 17.50 , 16.107 , 2.854 , 118.55 , 232.95
3866 , 19036 , 56.15 , -42.3 , 0 , 17.48 , 16.077 , 2.863 , 119.17 , 232.32
3876 , 19074 , 55.84 , -42.2 , 0 , 17.45 , 16.040 , 2.873 , 119.88 , 231.61
3886 , 19112 , 55.52 , -42.3 , 0 , 17.42 , 16.012 , 2.884 , 120.60 , 230.90
3896 , 19152 , 55.19 , -42.5 , 0 , 17.40 , 16.107 , 2.918 , 121.35 , 230.14
3906 , 19194 , 54.85 , -42.4 , 0 , 17.37 , 16.219 , 2.957 , 122.15 , 229.34
3916 , 19237 , 54.50 , -42.5 , 0 , 17.34 , 16.414 , 3.012 , 122.97 , 228.53
3926 , 19283 , 54.14 , -42.1 , 0 , 17.31 , 16.588 , 3.064 , 123.84 , 227.65
3936 , 19328 , 53.78 , -41.7 , 0 , 17.28 , 16.608 , 3.088 , 124.72 , 226.78
3946 , 19374 , 53.41 , -42.1 , 0 , 17.26 , 16.460 , 3.082 , 125.61 , 225.88
3956 , 19423 , 53.03 , -41.9 , 0 , 17.23 , 16.686 , 3.147 , 126.55 , 224.94
3966 , 19474 , 52.63 , -41.3 , 0 , 17.20 , 16.931 , 3.217 , 127.55 , 223.95
3976 , 19526 , 52.22 , -41.2 , 0 , 17.17 , 17.002 , 3.256 , 128.59 , 222.91
3986 , 19577 , 51.84 , -41.1 , 0 , 17.15 , 17.000 , 3.280 , 129.59 , 221.91
3996 , 19630 , 51.43 , -40.8 , 0 , 17.12 , 17.122 , 3.329 , 130.64 , 220.86
4006 , 19685 , 51.02 , -40.5 , 0 , 17.09 , 17.240 , 3.379 , 131.73 , 219.76
4016 , 19739 , 50.62 , -40.5 , 0 , 17.07 , 17.295 , 3.417 , 132.81 , 218.69
4026 , 19794 , 50.21 , -40.2 , 0 , 17.04 , 17.370 , 3.459 , 133.91 , 217.58
4036 , 19850 , 49.80 , -40.0 , 0 , 17.01 , 17.482 , 3.510 , 135.04 , 216.45
4046 , 19901 , 49.43 , -39.8 , 0 , 16.99 , 17.647 , 3.570 , 136.09 , 215.41
4056 , 19952 , 49.06 , -39.8 , 0 , 16.96 , 17.798 , 3.628 , 137.13 , 214.36
4066 , 20003 , 48.70 , -40.0 , 0 , 16.93 , 17.771 , 3.649 , 138.17 , 213.33
4076 , 20050 , 48.36 , -40.1 , 0 , 16.91 , 17.812 , 3.683 , 139.15 , 212.35
4086 , 20097 , 48.03 , -40.1 , 0 , 16.88 , 17.692 , 3.683 , 140.10 , 211.40
4096 , 20142 , 47.71 , -40.1 , 0 , 16.86 , 17.457 , 3.659 , 141.03 , 210.47
4106 , 20184 , 47.42 , -40.3 , 0 , 16.84 , 17.323 , 3.653 , 141.87 , 209.62
4116 , 20226 , 47.13 , -40.5 , 0 , 16.81 , 17.114 , 3.631 , 142.71 , 208.79
4126 , 20269 , 46.83 , -40.4 , 0 , 16.79 , 17.000 , 3.630 , 143.55 , 207.95
4136 , 20310 , 46.55 , -40.5 , 0 , 16.76 , 17.084 , 3.670 , 144.37 , 207.12
4146 , 20352 , 46.26 , -40.4 , 0 , 16.74 , 17.055 , 3.686 , 145.20 , 206.30
4156 , 20393 , 45.99 , -40.2 , 0 , 16.71 , 17.057 , 3.709 , 146.00 , 205.50
4165 , 20432 , 45.73 , -39.9 , 0 , 16.69 , 17.039 , 3.726 , 146.77 , 204.73
4174 , 20468 , 45.49 , -39.7 , 0 , 16.67 , 17.058 , 3.750 , 147.47 , 204.02
4184 , 20506 , 45.23 , -39.5 , 0 , 16.65 , 17.183 , 3.799 , 148.23 , 203.26
4194 , 20547 , 44.96 , -39.1 , 0 , 16.63 , 17.381 , 3.866 , 149.05 , 202.45
4204 , 20589 , 44.69 , -39.0 , 0 , 16.60 , 17.500 , 3.916 , 149.89 , 201.61
4214 , 20631 , 44.41 , -39.0 , 0 , 16.58 , 17.723 , 3.990 , 150.75 , 200.75
4224 , 20675 , 44.13 , -38.7 , 0 , 16.55 , 17.801 , 4.033 , 151.64 , 199.86
4234 , 20717 , 43.86 , -38.3 , 0 , 16.53 , 17.850 , 4.070 , 152.51 , 198.98
4244 , 20762 , 43.58 , -38.2 , 0 , 16.50 , 18.157 , 4.167 , 153.43 , 198.06
4254 , 20810 , 43.27 , -37.9 , 0 , 16.48 , 18.369 , 4.245 , 154.43 , 197.06
4264 , 20856 , 42.99 , -38.1 , 0 , 16.46 , 18.405 , 4.282 , 155.40 , 196.09
4274 , 20903 , 42.69 , -38.3 , 0 , 16.44 , 18.330 , 4.293 , 156.40 , 195.10
4284 , 20952 , 42.39 , -38.0 , 0 , 16.42 , 18.451 , 4.353 , 157.44 , 194.05
4294 , 21004 , 42.07 , -37.7 , 0 , 16.40 , 18.562 , 4.412 , 158.54 , 192.96
4304 , 21054 , 41.77 , -37.6 , 0 , 16.37 , 18.567 , 4.446 , 159.60 , 191.90
4313 , 21102 , 41.48 , -37.5 , 0 , 16.35 , 18.514 , 4.464 , 160.61 , 190.89
4323 , 21149 , 41.20 , -37.1 , 0 , 16.33 , 18.630 , 4.522 , 161.61 , 189.88
4333 , 21198 , 40.91 , -36.7 , 0 , 16.31 , 18.608 , 4.549 , 162.65 , 188.84
4343 , 21245 , 40.63 , -36.8 , 0 , 16.29 , 18.420 , 4.534 , 163.65 , 187.85
4353 , 21295 , 40.33 , -36.9 , 0 , 16.26 , 18.499 , 4.587 , 164.71 , 186.79
4363 , 21346 , 40.04 , -36.6 , 0 , 16.24 , 18.601 , 4.646 , 165.78 , 185.71
4373 , 21394 , 39.76 , -36.4 , 0 , 16.22 , 18.604 , 4.679 , 166.80 , 184.70
4383 , 21442 , 39.49 , -36.3 , 0 , 16.20 , 18.589 , 4.707 , 167.81 , 183.69
4393 , 21491 , 39.21 , -36.4 , 0 , 16.18 , 18.692 , 4.767 , 168.86 , 182.64
4403 , 21539 , 38.94 , -36.4 , 0 , 16.16 , 18.498 , 4.750 , 169.87 , 181.63
4413 , 21586 , 38.68 , -36.5 , 0 , 16.14 , 18.441 , 4.768 , 170.86 , 180.64
4423 , 21632 , 38.42 , -36.5 , 0 , 16.11 , 18.397 , 4.788 , 171.82 , 179.68
4433 , 21681 , 38.15 , -36.7 , 0 , 16.09 , 18.241 , 4.781 , 172.85 , 178.65
4443 , 21731 , 37.87 , -37.0 , 0 , 16.08 , 17.990 , 4.750 , 173.89 , 177.61
4453 , 21780 , 37.60 , -37.3 , 0 , 16.05 , 17.905 , 4.762 , 174.89 , 176.60
4463 , 21828 , 37.35 , -37.7 , 0 , 16.03 , 17.738 , 4.750 , 175.87 , 175.63
4472 , 21872 , 37.11 , -37.3 , 0 , 16.02 , 17.620 , 4.748 , 176.75 , 174.74
4482 , 21914 , 36.88 , -37.0 , 0 , 16.00 , 17.720 , 4.804 , 177.60 , 173.90
4492 , 21957 , 36.66 , -37.0 , 0 , 15.98 , 17.866 , 4.874 , 178.47 , 173.02
4502 , 22000 , 36.43 , -36.7 , 0 , 15.96 , 17.862 , 4.903 , 179.35 , 172.15
4512 , 22042 , 36.21 , -36.7 , 0 , 15.94 , 17.797 , 4.916 , 180.21 , 171.28
4522 , 22087 , 35.97 , -36.9 , 0 , 15.92 , 17.665 , 4.911 , 181.12 , 170.38
4532 , 22133 , 35.73 , -36.8 , 0 , 15.91 , 17.814 , 4.985 , 182.05 , 169.44
4542 , 22177 , 35.51 , -36.7 , 0 , 15.89 , 17.801 , 5.013 , 182.95 , 168.55
4552 , 22221 , 35.28 , -36.5 , 0 , 15.88 , 17.722 , 5.023 , 183.84 , 167.66
4562 , 22264 , 35.06 , -36.3 , 0 , 15.86 , 17.584 , 5.015 , 184.70 , 166.80
4572 , 22310 , 34.83 , -36.4 , 0 , 15.84 , 17.733 , 5.091 , 185.62 , 165.88
4582 , 22356 , 34.60 , -36.7 , 0 , 15.82 , 17.709 , 5.118 , 186.56 , 164.94
4592 , 22400 , 34.38 , -36.8 , 0 , 15.81 , 17.663 , 5.137 , 187.43 , 164.06
4602 , 22447 , 34.15 , -37.0 , 0 , 15.79 , 17.556 , 5.141 , 188.38 , 163.12
4612 , 22494 , 33.92 , -36.9 , 0 , 15.78 , 17.479 , 5.153 , 189.31 , 162.18
4622 , 22542 , 33.68 , -36.5 , 0 , 15.76 , 17.368 , 5.156 , 190.28 , 161.22
4632 , 22590 , 33.45 , -36.0 , 0 , 15.74 , 17.522 , 5.238 , 191.23 , 160.26
4642 , 22641 , 33.21 , -36.0 , 0 , 15.73 , 17.768 , 5.351 , 192.25 , 159.25
4652 , 22691 , 32.97 , -36.4 , 0 , 15.71 , 17.742 , 5.382 , 193.27 , 158.22
4662 , 22742 , 32.73 , -36.7 , 0 , 15.70 , 17.673 , 5.400 , 194.29 , 157.21
4672 , 22794 , 32.48 , -37.2 , 0 , 15.69 , 17.514 , 5.392 , 195.34 , 156.16
4682 , 22850 , 32.22 , -37.6 , 0 , 15.67 , 17.462 , 5.420 , 196.46 , 155.04
4692 , 22904 , 31.97 , -37.8 , 0 , 15.66 , 17.394 , 5.441 , 197.53 , 153.97
4702 , 22958 , 31.71 , -38.0 , 0 , 15.64 , 17.067 , 5.382 , 198.61 , 152.89
4712 , 23014 , 31.46 , -37.9 , 0 , 15.63 , 17.014 , 5.408 , 199.69 , 151.81
4722 , 23069 , 31.21 , -37.6 , 0 , 15.61 , 17.013 , 5.451 , 200.77 , 150.72
4732 , 23123 , 30.97 , -37.3 , 0 , 15.60 , 16.837 , 5.437 , 201.80 , 149.69
4742 , 23177 , 30.72 , -37.1 , 0 , 15.59 , 16.942 , 5.514 , 202.86 , 148.63
4752 , 23228 , 30.50 , -36.8 , 0 , 15.57 , 16.898 , 5.541 , 203.84 , 147.65
4762 , 23280 , 30.27 , -36.6 , 0 , 15.56 , 16.977 , 5.609 , 204.85 , 146.65
4772 , 23332 , 30.05 , -36.3 , 0 , 15.54 , 17.076 , 5.683 , 205.85 , 145.65
4782 , 23382 , 29.83 , -36.0 , 0 , 15.53 , 16.996 , 5.698 , 206.82 , 144.68
4791 , 23429 , 29.63 , -35.8 , 0 , 15.51 , 16.708 , 5.640 , 207.72 , 143.77
4801 , 23479 , 29.42 , -35.3 , 0 , 15.50 , 16.778 , 5.703 , 208.66 , 142.83
4811 , 23529 , 29.21 , -35.2 , 0 , 15.48 , 16.959 , 5.807 , 209.62 , 141.87
4821 , 23578 , 29.00 , -35.3 , 0 , 15.47 , 17.165 , 5.919 , 210.57 , 140.92
4831 , 23627 , 28.80 , -35.8 , 0 , 15.46 , 17.182 , 5.967 , 211.53 , 139.96
4841 , 23675 , 28.60 , -35.9 , 0 , 15.45 , 17.168 , 6.003 , 212.47 , 139.02
4851 , 23726 , 28.39 , -36.2 , 0 , 15.44 , 17.256 , 6.078 , 213.46 , 138.04
4861 , 23774 , 28.19 , -36.4 , 0 , 15.42 , 17.163 , 6.087 , 214.40 , 137.10
4871 , 23823 , 27.99 , -36.6 , 0 , 15.41 , 16.799 , 6.001 , 215.35 , 136.14
4881 , 23871 , 27.80 , -36.7 , 0 , 15.40 , 16.822 , 6.050 , 216.26 , 135.23
4891 , 23918 , 27.61 , -36.5 , 0 , 15.39 , 16.868 , 6.109 , 217.18 , 134.32
4901 , 23965 , 27.42 , -36.5 , 0 , 15.38 , 16.691 , 6.086 , 218.08 , 133.41
4911 , 24014 , 27.23 , -36.6 , 0 , 15.37 , 16.751 , 6.151 , 219.01 , 132.48
4921 , 24062 , 27.04 , -36.7 , 0 , 15.36 , 16.681 , 6.168 , 219.93 , 131.57
4931 , 24109 , 26.86 , -36.5 , 0 , 15.35 , 16.554 , 6.163 , 220.82 , 130.68
4941 , 24156 , 26.68 , -36.1 , 0 , 15.34 , 16.544 , 6.201 , 221.69 , 129.80
4951 , 24205 , 26.49 , -35.9 , 0 , 15.33 , 16.657 , 6.288 , 222.62 , 128.87
4961 , 24252 , 26.31 , -35.2 , 0 , 15.32 , 16.660 , 6.332 , 223.52 , 127.98
4971 , 24295 , 26.15 , -35.1 , 0 , 15.31 , 16.405 , 6.273 , 224.32 , 127.18
4981 , 24341 , 25.98 , -35.4 , 0 , 15.30 , 16.411 , 6.316 , 225.17 , 126.33
4991 , 24390 , 25.80 , -35.5 , 0 , 15.29 , 16.589 , 6.430 , 226.09 , 125.40
5001 , 24433 , 25.64 , -35.4 , 0 , 15.29 , 16.382 , 6.389 , 226.89 , 124.61
5011 , 24475 , 25.49 , -35.5 , 0 , 15.27 , 16.290 , 6.392 , 227.67 , 123.83
5021 , 24517 , 25.33 , -35.5 , 0 , 15.27 , 16.233 , 6.409 , 228.45 , 123.04
5031 , 24561 , 25.17 , -35.5 , 0 , 15.25 , 16.149 , 6.416 , 229.26 , 122.24
5041 , 24604 , 25.02 , -35.5 , 0 , 15.24 , 16.026 , 6.406 , 230.03 , 121.46
5051 , 24646 , 24.86 , -35.6 , 0 , 15.23 , 15.953 , 6.416 , 230.81 , 120.69
5061 , 24690 , 24.71 , -35.7 , 0 , 15.21 , 15.738 , 6.369 , 231.59 , 119.91
5071 , 24728 , 24.57 , -35.5 , 0 , 15.20 , 15.611 , 6.353 , 232.27 , 119.23
5081 , 24773 , 24.42 , -35.1 , 0 , 15.19 , 15.547 , 6.367 , 233.06 , 118.44
5090 , 24814 , 24.27 , -34.8 , 0 , 15.17 , 15.491 , 6.382 , 233.78 , 117.72
5100 , 24854 , 24.14 , -34.5 , 0 , 15.15 , 15.442 , 6.398 , 234.47 , 117.02
5110 , 24899 , 23.98 , -34.4 , 0 , 15.14 , 15.552 , 6.486 , 235.28 , 116.22
5120 , 24943 , 23.83 , -34.5 , 0 , 15.12 , 15.728 , 6.601 , 236.05 , 115.44
5130 , 24990 , 23.67 , -34.7 , 0 , 15.10 , 15.598 , 6.590 , 236.88 , 114.61
5140 , 25038 , 23.51 , -34.8 , 0 , 15.09 , 15.552 , 6.616 , 237.73 , 113.77
5150 , 25083 , 23.36 , -34.7 , 0 , 15.07 , 15.505 , 6.639 , 238.51 , 112.98
5160 , 25130 , 23.20 , -34.8 , 0 , 15.05 , 15.240 , 6.570 , 239.34 , 112.16
5170 , 25177 , 23.04 , -34.5 , 0 , 15.04 , 15.078 , 6.543 , 240.14 , 111.36
5180 , 25222 , 22.89 , -34.5 , 0 , 15.02 , 14.952 , 6.531 , 240.91 , 110.59
5190 , 25274 , 22.73 , -34.8 , 0 , 15.01 , 15.080 , 6.636 , 241.78 , 109.71
5200 , 25330 , 22.54 , -34.7 , 0 , 14.99 , 15.127 , 6.710 , 242.73 , 108.76
5210 , 25381 , 22.38 , -34.7 , 0 , 14.97 , 14.977 , 6.692 , 243.60 , 107.89
5220 , 25432 , 22.22 , -34.9 , 0 , 14.97 , 14.784 , 6.654 , 244.46 , 107.03
5230 , 25488 , 22.04 , -34.9 , 0 , 14.95 , 14.801 , 6.716 , 245.41 , 106.09
5240 , 25542 , 21.87 , -34.6 , 0 , 14.94 , 14.726 , 6.734 , 246.31 , 105.19
5250 , 25597 , 21.70 , -34.3 , 0 , 14.93 , 14.587 , 6.723 , 247.22 , 104.28
5260 , 25655 , 21.52 , -34.6 , 0 , 14.93 , 14.461 , 6.720 , 248.16 , 103.33
5270 , 25715 , 21.33 , -35.1 , 0 , 14.91 , 14.260 , 6.684 , 249.14 , 102.36
5280 , 25771 , 21.16 , -35.6 , 0 , 14.90 , 14.233 , 6.726 , 250.05 , 101.45
5290 , 25833 , 20.98 , -35.7 , 0 , 14.89 , 14.234 , 6.786 , 251.05 , 100.45
5300 , 25890 , 20.80 , -35.3 , 0 , 14.88 , 14.241 , 6.846 , 251.97 , 99.52
5310 , 25943 , 20.65 , -35.3 , 0 , 14.87 , 14.187 , 6.872 , 252.83 , 98.67
5320 , 25997 , 20.49 , -35.5 , 0 , 14.85 , 14.276 , 6.968 , 253.69 , 97.81
5330 , 26054 , 20.32 , -35.8 , 0 , 14.84 , 14.268 , 7.022 , 254.61 , 96.88
5340 , 26105 , 20.17 , -35.6 , 0 , 14.82 , 14.200 , 7.041 , 255.45 , 96.05
5350 , 26157 , 20.02 , -35.8 , 0 , 14.81 , 14.097 , 7.041 , 256.28 , 95.22
5360 , 26209 , 19.87 , -36.0 , 0 , 14.79 , 14.040 , 7.065 , 257.11 , 94.39
5370 , 26257 , 19.73 , -36.1 , 0 , 14.78 , 13.622 , 6.903 , 257.86 , 93.64
5380 , 26303 , 19.60 , -36.3 , 0 , 14.76 , 13.268 , 6.768 , 258.56 , 92.93
5390 , 26350 , 19.47 , -36.2 , 0 , 14.74 , 12.932 , 6.642 , 259.27 , 92.22
5399 , 26393 , 19.35 , -36.0 , 0 , 14.72 , 12.552 , 6.487 , 259.89 , 91.61
5408 , 26433 , 19.24 , -36.2 , 0 , 14.71 , 12.169 , 6.325 , 260.45 , 91.04
5418 , 26473 , 19.13 , -36.3 , 0 , 14.69 , 12.213 , 6.385 , 261.01 , 90.49
5428 , 26514 , 19.02 , -36.0 , 0 , 14.68 , 12.251 , 6.443 , 261.58 , 89.91
5438 , 26561 , 18.89 , -36.0 , 0 , 14.66 , 12.368 , 6.548 , 262.24 , 89.26
5448 , 26606 , 18.77 , -35.9 , 0 , 14.64 , 12.064 , 6.428 , 262.86 , 88.64
5458 , 26648 , 18.65 , -35.5 , 0 , 14.62 , 11.949 , 6.406 , 263.43 , 88.06
5468 , 26694 , 18.53 , -35.4 , 0 , 14.60 , 11.958 , 6.454 , 264.07 , 87.43
5478 , 26739 , 18.41 , -35.2 , 0 , 14.59 , 11.873 , 6.450 , 264.67 , 86.82
5488 , 26784 , 18.29 , -35.3 , 0 , 14.57 , 11.716 , 6.405 , 265.26 , 86.23
5498 , 26833 , 18.16 , -35.4 , 0 , 14.55 , 11.414 , 6.284 , 265.91 , 85.59
5508 , 26879 , 18.04 , -35.1 , 0 , 14.53 , 11.275 , 6.249 , 266.50 , 84.99
5518 , 26928 , 17.92 , -34.7 , 0 , 14.51 , 11.419 , 6.373 , 267.13 , 84.36
5528 , 26981 , 17.78 , -34.4 , 0 , 14.49 , 11.412 , 6.418 , 267.82 , 83.68
5538 , 27033 , 17.65 , -33.9 , 0 , 14.47 , 11.458 , 6.492 , 268.48 , 83.01
5548 , 27085 , 17.52 , -33.6 , 0 , 14.46 , 11.308 , 6.455 , 269.16 , 82.34
5558 , 27136 , 17.39 , -33.2 , 0 , 14.44 , 11.175 , 6.426 , 269.80 , 81.69
5568 , 27189 , 17.26 , -32.9 , 0 , 14.42 , 11.008 , 6.377 , 270.46 , 81.04
5577 , 27245 , 17.13 , -32.6 , 0 , 14.41 , 10.986 , 6.415 , 271.15 , 80.35
5587 , 27299 , 17.00 , -32.5 , 0 , 14.39 , 10.997 , 6.471 , 271.81 , 79.69
5597 , 27347 , 16.88 , -32.4 , 0 , 14.38 , 11.096 , 6.574 , 272.41 , 79.09
5607 , 27402 , 16.75 , -32.5 , 0 , 14.36 , 11.103 , 6.630 , 273.09 , 78.41
5617 , 27462 , 16.61 , -32.7 , 0 , 14.35 , 11.137 , 6.707 , 273.84 , 77.66
5627 , 27518 , 16.47 , -32.7 , 0 , 14.33 , 11.108 , 6.742 , 274.54 , 76.96
5637 , 27575 , 16.34 , -32.7 , 0 , 14.32 , 10.979 , 6.718 , 275.24 , 76.26
5647 , 27624 , 16.23 , -32.8 , 0 , 14.31 , 10.925 , 6.732 , 275.85 , 75.65
5657 , 27682 , 16.10 , -32.9 , 0 , 14.30 , 10.853 , 6.743 , 276.55 , 74.95
5667 , 27737 , 15.97 , -33.1 , 0 , 14.29 , 10.597 , 6.636 , 277.21 , 74.28
5677 , 27790 , 15.85 , -33.3 , 0 , 14.27 , 10.488 , 6.618 , 277.85 , 73.65
5687 , 27841 , 15.74 , -33.4 , 0 , 14.26 , 10.461 , 6.648 , 278.44 , 73.06
5697 , 27897 , 15.61 , -33.5 , 0 , 14.26 , 10.326 , 6.615 , 279.10 , 72.40
5706 , 27944 , 15.51 , -33.8 , 0 , 14.25 , 10.169 , 6.559 , 279.64 , 71.85
5715 , 27988 , 15.41 , -34.1 , 0 , 14.24 , 10.008 , 6.496 , 280.15 , 71.35
5725 , 28042 , 15.29 , -34.5 , 0 , 14.23 , 9.837 , 6.434 , 280.75 , 70.75
5735 , 28088 , 15.19 , -34.5 , 0 , 14.22 , 9.944 , 6.547 , 281.26 , 70.24
5745 , 28131 , 15.10 , -34.2 , 0 , 14.21 , 10.007 , 6.629 , 281.75 , 69.75
5755 , 28173 , 15.00 , -34.0 , 0 , 14.20 , 10.003 , 6.667 , 282.22 , 69.27
5765 , 28218 , 14.91 , -34.1 , 0 , 14.19 , 9.891 , 6.633 , 282.72 , 68.78
5775 , 28262 , 14.82 , -33.9 , 0 , 14.17 , 9.823 , 6.630 , 283.21 , 68.29
5785 , 28305 , 14.73 , -33.5 , 0 , 14.16 , 9.791 , 6.649 , 283.68 , 67.81
5795 , 28345 , 14.64 , -33.3 , 0 , 14.14 , 9.800 , 6.693 , 284.13 , 67.37
5805 , 28390 , 14.55 , -33.3 , 0 , 14.13 , 9.702 , 6.669 , 284.62 , 66.88
5815 , 28434 , 14.46 , -32.9 , 0 , 14.11 , 9.574 , 6.622 , 285.10 , 66.39
5825 , 28478 , 14.37 , -32.7 , 0 , 14.10 , 9.380 , 6.528 , 285.56 , 65.93
5835 , 28522 , 14.28 , -31.9 , 0 , 14.08 , 9.372 , 6.564 , 286.02 , 65.47
5845 , 28571 , 14.18 , -31.4 , 0 , 14.07 , 9.322 , 6.574 , 286.53 , 64.96
5855 , 28618 , 14.09 , -31.3 , 0 , 14.05 , 9.177 , 6.515 , 287.02 , 64.47
5865 , 28665 , 13.99 , -31.5 , 0 , 14.03 , 9.001 , 6.432 , 287.50 , 64.00
5875 , 28711 , 13.90 , -31.3 , 0 , 14.01 , 9.004 , 6.477 , 287.96 , 63.53
5885 , 28761 , 13.80 , -31.1 , 0 , 13.99 , 8.906 , 6.452 , 288.46 , 63.04
5895 , 28812 , 13.71 , -31.3 , 0 , 13.98 , 8.759 , 6.391 , 288.96 , 62.54
5905 , 28857 , 13.62 , -31.6 , 0 , 13.96 , 8.637 , 6.342 , 289.40 , 62.10
5915 , 28907 , 13.52 , -31.8 , 0 , 13.94 , 8.537 , 6.314 , 289.88 , 61.62
5925 , 28958 , 13.43 , -31.6 , 0 , 13.92 , 8.467 , 6.307 , 290.36 , 61.14
5935 , 29007 , 13.33 , -31.8 , 0 , 13.91 , 8.377 , 6.283 , 290.82 , 60.68
5945 , 29055 , 13.24 , -31.9 , 0 , 13.89 , 8.326 , 6.288 , 291.27 , 60.22
5955 , 29105 , 13.15 , -31.9 , 0 , 13.87 , 8.223 , 6.254 , 291.73 , 59.76
5965 , 29152 , 13.06 , -31.9 , 0 , 13.85 , 8.087 , 6.191 , 292.16 , 59.34
5975 , 29202 , 12.97 , -32.0 , 0 , 13.83 , 7.998 , 6.167 , 292.61 , 58.88
5985 , 29248 , 12.88 , -32.3 , 0 , 13.82 , 7.974 , 6.189 , 293.02 , 58.48
5995 , 29295 , 12.80 , -32.6 , 0 , 13.80 , 7.865 , 6.145 , 293.44 , 58.06
6005 , 29338 , 12.72 , -32.9 , 0 , 13.78 , 7.790 , 6.123 , 293.82 , 57.68
6015 , 29384 , 12.64 , -33.2 , 0 , 13.76 , 7.692 , 6.087 , 294.22 , 57.28
6025 , 29429 , 12.56 , -33.4 , 0 , 13.75 , 7.594 , 6.048 , 294.60 , 56.89
6034 , 29468 , 12.49 , -33.4 , 0 , 13.74 , 7.477 , 5.987 , 294.94 , 56.56
6044 , 29511 , 12.41 , -33.3 , 0 , 13.73 , 7.334 , 5.909 , 295.29 , 56.21
6054 , 29549 , 12.34 , -33.3 , 0 , 13.71 , 7.223 , 5.851 , 295.60 , 55.89
6064 , 29592 , 12.27 , -33.2 , 0 , 13.70 , 7.107 , 5.793 , 295.95 , 55.54
6074 , 29638 , 12.19 , -33.4 , 0 , 13.69 , 7.005 , 5.747 , 296.31 , 55.18
6084 , 29686 , 12.11 , -33.5 , 0 , 13.69 , 7.028 , 5.806 , 296.69 , 54.80
6094 , 29729 , 12.03 , -33.6 , 0 , 13.68 , 6.952 , 5.778 , 297.03 , 54.46
6104 , 29774 , 11.96 , -33.8 , 0 , 13.67 , 6.930 , 5.796 , 297.38 , 54.12
6114 , 29830 , 11.86 , -34.2 , 0 , 13.67 , 6.876 , 5.798 , 297.81 , 53.68
6124 , 29880 , 11.77 , -34.5 , 0 , 13.66 , 6.832 , 5.803 , 298.21 , 53.29
6134 , 29926 , 11.70 , -33.9 , 0 , 13.66 , 6.781 , 5.797 , 298.56 , 52.94
6144 , 29975 , 11.62 , -33.6 , 0 , 13.65 , 6.716 , 5.782 , 298.93 , 52.56
6154 , 30028 , 11.53 , -33.5 , 0 , 13.65 , 6.637 , 5.757 , 299.33 , 52.17
6164 , 30078 , 11.45 , -33.4 , 0 , 13.64 , 6.563 , 5.734 , 299.70 , 51.79
