# ------------------------------------------------------------
#
# Flight name: V5212
# Station: Davis
# Launch Date: 26 December 2012
# Launch Time: 11:15:15
# 
# This file created: Thu Jan 10 14:51:48 2013
# 
# 
# ------------------------------------------------------------
# DATA COLUMNS
# Time (s)
# Height (m)
# Atmospheric Pressure (hPa)
# Atmospheric Temperature (°C)
# Relative Humidity (%)
# Box Temperature (°C)
# Ozone Partial Pressure (mPa)
# Ozone Mixing Ratio (ppmV)
# Accumulated Ozone to this Height (Dobson Units)
# Remaining Ozone above this Height (Dobson Units)
# 
# ------------------------------------------------------------
# 
# Integrated Ozone = 276.5 DU
# Extrapolated Ozone =  45.6 DU
# 
# Total Ozone = 322.2 DU
# 
# 
# ------------------------------------------------------------
0 , 18 , 992.03 , 0.9 , 53 , 38.54 , 1.739 , 0.018 , 0.00 , 322.16
10 , 72 , 985.34 , -0.0 , 54 , 38.52 , 1.824 , 0.019 , 0.10 , 322.06
19 , 126 , 978.69 , -0.2 , 53 , 38.51 , 1.831 , 0.019 , 0.19 , 321.96
29 , 183 , 971.75 , -0.6 , 54 , 38.49 , 1.856 , 0.019 , 0.30 , 321.86
39 , 239 , 964.91 , -0.7 , 53 , 38.46 , 1.924 , 0.020 , 0.40 , 321.75
49 , 298 , 957.79 , -0.9 , 54 , 38.45 , 1.926 , 0.020 , 0.51 , 321.64
59 , 357 , 950.76 , -1.3 , 55 , 38.42 , 1.951 , 0.021 , 0.63 , 321.53
69 , 418 , 943.50 , -1.6 , 57 , 38.41 , 1.947 , 0.021 , 0.74 , 321.41
79 , 478 , 936.46 , -1.8 , 56 , 38.41 , 1.921 , 0.021 , 0.86 , 321.30
89 , 538 , 929.36 , -2.3 , 58 , 38.38 , 1.927 , 0.021 , 0.97 , 321.18
99 , 601 , 921.99 , -2.9 , 61 , 38.35 , 1.912 , 0.021 , 1.10 , 321.06
109 , 660 , 915.15 , -3.4 , 62 , 38.34 , 1.886 , 0.021 , 1.21 , 320.95
119 , 725 , 907.71 , -4.1 , 65 , 38.32 , 1.856 , 0.020 , 1.33 , 320.83
129 , 791 , 900.05 , -4.7 , 68 , 38.28 , 1.845 , 0.020 , 1.45 , 320.70
139 , 851 , 893.25 , -5.2 , 69 , 38.24 , 1.830 , 0.020 , 1.56 , 320.59
149 , 903 , 887.30 , -5.7 , 70 , 38.22 , 1.815 , 0.020 , 1.66 , 320.50
159 , 954 , 881.60 , -6.2 , 73 , 38.22 , 1.773 , 0.020 , 1.75 , 320.41
169 , 1009 , 875.43 , -6.7 , 75 , 38.18 , 1.761 , 0.020 , 1.85 , 320.31
178 , 1060 , 869.74 , -7.1 , 74 , 38.14 , 1.755 , 0.020 , 1.94 , 320.22
188 , 1112 , 863.91 , -7.5 , 73 , 38.11 , 1.728 , 0.020 , 2.03 , 320.13
198 , 1167 , 857.80 , -8.1 , 76 , 38.07 , 1.713 , 0.020 , 2.13 , 320.03
208 , 1226 , 851.36 , -8.7 , 81 , 38.04 , 1.708 , 0.020 , 2.23 , 319.93
218 , 1285 , 844.91 , -9.2 , 85 , 38.01 , 1.686 , 0.020 , 2.33 , 319.83
228 , 1341 , 838.73 , -9.5 , 81 , 37.97 , 1.687 , 0.020 , 2.43 , 319.73
236 , 1386 , 833.91 , -9.5 , 70 , 37.94 , 1.646 , 0.020 , 2.50 , 319.65
248 , 1447 , 827.39 , -9.3 , 48 , 37.91 , 1.540 , 0.019 , 2.60 , 319.55
258 , 1499 , 821.74 , -9.4 , 45 , 37.88 , 1.445 , 0.018 , 2.68 , 319.47
268 , 1555 , 815.84 , -9.7 , 43 , 37.84 , 1.427 , 0.017 , 2.76 , 319.39
278 , 1613 , 809.70 , -10.0 , 41 , 37.80 , 1.390 , 0.017 , 2.85 , 319.31
288 , 1667 , 804.12 , -9.7 , 33 , 37.77 , 1.360 , 0.017 , 2.92 , 319.23
298 , 1718 , 798.77 , -9.9 , 30 , 37.75 , 1.385 , 0.017 , 3.00 , 319.16
308 , 1771 , 793.29 , -10.3 , 30 , 37.73 , 1.408 , 0.018 , 3.07 , 319.08
317 , 1827 , 787.53 , -10.5 , 29 , 37.71 , 1.410 , 0.018 , 3.15 , 319.00
326 , 1881 , 782.02 , -10.6 , 25 , 37.69 , 1.428 , 0.018 , 3.23 , 318.92
336 , 1932 , 776.87 , -10.7 , 22 , 37.67 , 1.443 , 0.019 , 3.31 , 318.85
346 , 1985 , 771.50 , -11.1 , 21 , 37.66 , 1.467 , 0.019 , 3.39 , 318.77
356 , 2042 , 765.84 , -11.6 , 21 , 37.63 , 1.502 , 0.020 , 3.47 , 318.68
366 , 2103 , 759.71 , -12.1 , 22 , 37.56 , 1.505 , 0.020 , 3.57 , 318.59
376 , 2162 , 753.88 , -12.6 , 22 , 37.51 , 1.511 , 0.020 , 3.66 , 318.50
386 , 2222 , 747.96 , -13.2 , 22 , 37.46 , 1.503 , 0.020 , 3.75 , 318.40
396 , 2278 , 742.48 , -13.7 , 23 , 37.42 , 1.497 , 0.020 , 3.84 , 318.32
406 , 2344 , 736.03 , -14.2 , 24 , 37.39 , 1.472 , 0.020 , 3.94 , 318.21
416 , 2406 , 730.06 , -14.8 , 24 , 37.36 , 1.489 , 0.020 , 4.04 , 318.12
426 , 2461 , 724.76 , -15.3 , 25 , 37.30 , 1.468 , 0.020 , 4.12 , 318.03
436 , 2515 , 719.60 , -15.8 , 26 , 37.28 , 1.459 , 0.020 , 4.20 , 317.95
446 , 2574 , 714.02 , -16.0 , 26 , 37.24 , 1.443 , 0.020 , 4.29 , 317.86
456 , 2630 , 708.69 , -16.3 , 26 , 37.24 , 1.424 , 0.020 , 4.38 , 317.78
466 , 2686 , 703.46 , -16.5 , 26 , 37.23 , 1.394 , 0.020 , 4.46 , 317.69
476 , 2747 , 697.70 , -16.7 , 27 , 37.21 , 1.407 , 0.020 , 4.55 , 317.60
486 , 2812 , 691.70 , -17.1 , 28 , 37.17 , 1.438 , 0.021 , 4.65 , 317.51
496 , 2874 , 685.98 , -17.4 , 28 , 37.12 , 1.464 , 0.021 , 4.74 , 317.41
506 , 2940 , 679.96 , -17.7 , 29 , 37.04 , 1.467 , 0.022 , 4.85 , 317.31
515 , 3005 , 674.14 , -18.0 , 31 , 36.98 , 1.488 , 0.022 , 4.95 , 317.21
525 , 3064 , 668.82 , -18.4 , 32 , 36.94 , 1.509 , 0.023 , 5.04 , 317.12
535 , 3120 , 663.76 , -18.5 , 30 , 36.90 , 1.514 , 0.023 , 5.13 , 317.03
545 , 3180 , 658.47 , -18.7 , 27 , 36.89 , 1.532 , 0.023 , 5.23 , 316.93
555 , 3242 , 653.00 , -19.0 , 25 , 36.86 , 1.549 , 0.024 , 5.33 , 316.83
565 , 3302 , 647.75 , -19.3 , 26 , 36.80 , 1.542 , 0.024 , 5.43 , 316.73
575 , 3356 , 643.09 , -19.2 , 24 , 36.74 , 1.537 , 0.024 , 5.51 , 316.64
585 , 3413 , 638.20 , -19.4 , 22 , 36.69 , 1.545 , 0.024 , 5.61 , 316.55
595 , 3472 , 633.13 , -19.6 , 18 , 36.64 , 1.563 , 0.025 , 5.70 , 316.45
605 , 3534 , 627.87 , -19.7 , 14 , 36.59 , 1.591 , 0.025 , 5.81 , 316.35
615 , 3590 , 623.09 , -20.1 , 16 , 36.54 , 1.606 , 0.026 , 5.90 , 316.25
625 , 3645 , 618.48 , -20.2 , 16 , 36.50 , 1.582 , 0.026 , 6.00 , 316.16
635 , 3704 , 613.63 , -20.2 , 16 , 36.49 , 1.594 , 0.026 , 6.10 , 316.06
644 , 3760 , 608.98 , -20.4 , 15 , 36.48 , 1.649 , 0.027 , 6.19 , 315.96
654 , 3814 , 604.53 , -20.8 , 12 , 36.43 , 1.693 , 0.028 , 6.29 , 315.86
664 , 3869 , 600.07 , -21.2 , 10 , 36.36 , 1.731 , 0.029 , 6.39 , 315.76
674 , 3929 , 595.21 , -21.5 , 9 , 36.30 , 1.752 , 0.029 , 6.50 , 315.65
684 , 3989 , 590.35 , -21.7 , 8 , 36.25 , 1.803 , 0.031 , 6.62 , 315.54
694 , 4055 , 585.05 , -22.1 , 9 , 36.22 , 1.796 , 0.031 , 6.75 , 315.41
704 , 4113 , 580.49 , -22.4 , 10 , 36.20 , 1.823 , 0.031 , 6.86 , 315.30
714 , 4171 , 575.95 , -22.6 , 13 , 36.17 , 1.853 , 0.032 , 6.97 , 315.18
724 , 4226 , 571.60 , -23.0 , 13 , 36.15 , 1.860 , 0.033 , 7.08 , 315.07
734 , 4284 , 567.06 , -23.2 , 12 , 36.12 , 1.909 , 0.034 , 7.20 , 314.95
744 , 4343 , 562.57 , -23.3 , 12 , 36.08 , 1.980 , 0.035 , 7.32 , 314.83
754 , 4403 , 557.93 , -22.9 , 15 , 36.06 , 2.091 , 0.037 , 7.46 , 314.70
764 , 4450 , 554.38 , -22.6 , 7 , 36.03 , 2.303 , 0.042 , 7.57 , 314.59
774 , 4504 , 550.29 , -22.6 , 5 , 36.01 , 2.377 , 0.043 , 7.70 , 314.45
784 , 4558 , 546.28 , -22.7 , 6 , 35.96 , 2.437 , 0.045 , 7.84 , 314.31
794 , 4617 , 541.89 , -22.8 , 10 , 35.88 , 2.483 , 0.046 , 8.00 , 314.16
804 , 4672 , 537.81 , -23.2 , 13 , 35.81 , 2.310 , 0.043 , 8.14 , 314.01
814 , 4734 , 533.33 , -23.7 , 16 , 35.75 , 1.963 , 0.037 , 8.28 , 313.87
824 , 4796 , 528.81 , -24.2 , 18 , 35.70 , 1.641 , 0.031 , 8.40 , 313.75
834 , 4859 , 524.21 , -24.7 , 21 , 35.69 , 1.450 , 0.028 , 8.51 , 313.64
844 , 4918 , 519.99 , -25.2 , 23 , 35.65 , 1.339 , 0.026 , 8.60 , 313.56
854 , 4972 , 516.10 , -25.7 , 24 , 35.60 , 1.285 , 0.025 , 8.68 , 313.48
864 , 5031 , 511.98 , -26.2 , 24 , 35.58 , 1.259 , 0.025 , 8.76 , 313.40
874 , 5091 , 507.69 , -26.6 , 25 , 35.54 , 1.252 , 0.025 , 8.84 , 313.31
884 , 5145 , 503.93 , -27.0 , 26 , 35.50 , 1.231 , 0.024 , 8.91 , 313.24
894 , 5202 , 499.96 , -27.4 , 26 , 35.44 , 1.196 , 0.024 , 8.99 , 313.17
904 , 5267 , 495.45 , -27.9 , 28 , 35.38 , 1.164 , 0.023 , 9.07 , 313.08
914 , 5328 , 491.27 , -28.3 , 29 , 35.35 , 1.131 , 0.023 , 9.15 , 313.00
924 , 5385 , 487.39 , -28.7 , 30 , 35.32 , 1.122 , 0.023 , 9.22 , 312.93
934 , 5439 , 483.70 , -29.0 , 31 , 35.26 , 1.157 , 0.024 , 9.29 , 312.87
944 , 5492 , 480.09 , -29.3 , 29 , 35.22 , 1.150 , 0.024 , 9.36 , 312.80
953 , 5550 , 476.23 , -29.7 , 31 , 35.19 , 1.132 , 0.024 , 9.43 , 312.72
963 , 5615 , 471.93 , -30.3 , 36 , 35.16 , 1.126 , 0.024 , 9.51 , 312.64
973 , 5673 , 468.07 , -30.8 , 37 , 35.11 , 1.101 , 0.024 , 9.58 , 312.57
983 , 5734 , 464.08 , -31.3 , 38 , 35.07 , 1.092 , 0.024 , 9.66 , 312.50
993 , 5795 , 460.07 , -31.9 , 42 , 35.03 , 1.093 , 0.024 , 9.73 , 312.42
1003 , 5862 , 455.70 , -32.3 , 48 , 34.96 , 1.092 , 0.024 , 9.81 , 312.34
1013 , 5922 , 451.86 , -32.8 , 53 , 34.90 , 1.077 , 0.024 , 9.89 , 312.27
1023 , 5982 , 448.03 , -33.3 , 56 , 34.87 , 1.088 , 0.024 , 9.96 , 312.20
1033 , 6043 , 444.13 , -33.7 , 57 , 34.82 , 1.078 , 0.024 , 10.03 , 312.12
1043 , 6098 , 440.63 , -34.2 , 57 , 34.79 , 1.099 , 0.025 , 10.10 , 312.05
1053 , 6155 , 437.08 , -34.6 , 58 , 34.73 , 1.133 , 0.026 , 10.17 , 311.98
1063 , 6218 , 433.14 , -35.2 , 59 , 34.68 , 1.123 , 0.026 , 10.25 , 311.90
1073 , 6278 , 429.42 , -35.6 , 58 , 34.64 , 1.112 , 0.026 , 10.33 , 311.82
1083 , 6340 , 425.60 , -36.1 , 59 , 34.60 , 1.117 , 0.026 , 10.41 , 311.75
1093 , 6397 , 422.11 , -36.5 , 58 , 34.54 , 1.108 , 0.026 , 10.48 , 311.67
1103 , 6455 , 418.59 , -37.0 , 58 , 34.50 , 1.106 , 0.026 , 10.55 , 311.60
1113 , 6517 , 414.88 , -37.5 , 59 , 34.45 , 1.089 , 0.026 , 10.63 , 311.52
1123 , 6575 , 411.42 , -37.9 , 58 , 34.40 , 1.092 , 0.027 , 10.70 , 311.45
1133 , 6638 , 407.66 , -38.3 , 55 , 34.33 , 1.072 , 0.026 , 10.78 , 311.37
1143 , 6701 , 403.93 , -38.8 , 54 , 34.28 , 1.044 , 0.026 , 10.86 , 311.30
1153 , 6771 , 399.83 , -39.4 , 55 , 34.21 , 1.026 , 0.026 , 10.94 , 311.21
1163 , 6836 , 396.04 , -39.9 , 58 , 34.17 , 1.010 , 0.026 , 11.02 , 311.14
1173 , 6896 , 392.57 , -40.3 , 60 , 34.12 , 0.922 , 0.023 , 11.09 , 311.07
1183 , 6950 , 389.48 , -40.8 , 61 , 34.07 , 0.858 , 0.022 , 11.14 , 311.01
1193 , 7013 , 385.88 , -41.1 , 60 , 34.03 , 0.817 , 0.021 , 11.20 , 310.95
1202 , 7074 , 382.44 , -41.7 , 60 , 33.99 , 0.823 , 0.022 , 11.26 , 310.89
1212 , 7126 , 379.49 , -42.1 , 61 , 33.94 , 0.819 , 0.022 , 11.31 , 310.84
1222 , 7180 , 376.49 , -42.4 , 59 , 33.90 , 0.841 , 0.022 , 11.36 , 310.79
1232 , 7235 , 373.42 , -42.8 , 56 , 33.85 , 0.861 , 0.023 , 11.42 , 310.74
1242 , 7294 , 370.17 , -43.3 , 54 , 33.80 , 0.870 , 0.024 , 11.48 , 310.68
1252 , 7353 , 366.91 , -43.8 , 55 , 33.76 , 0.870 , 0.024 , 11.54 , 310.62
1261 , 7404 , 364.12 , -44.3 , 56 , 33.72 , 0.852 , 0.023 , 11.59 , 310.57
1271 , 7452 , 361.57 , -44.7 , 56 , 33.65 , 0.856 , 0.024 , 11.64 , 310.52
1281 , 7502 , 358.85 , -45.1 , 56 , 33.59 , 0.845 , 0.024 , 11.69 , 310.47
1291 , 7572 , 355.12 , -45.7 , 57 , 33.55 , 0.849 , 0.024 , 11.76 , 310.40
1301 , 7643 , 351.34 , -46.3 , 55 , 33.51 , 0.845 , 0.024 , 11.83 , 310.33
1310 , 7703 , 348.15 , -46.8 , 52 , 33.45 , 0.832 , 0.024 , 11.89 , 310.27
1320 , 7748 , 345.83 , -47.1 , 52 , 33.41 , 0.833 , 0.024 , 11.93 , 310.22
1330 , 7800 , 343.10 , -47.5 , 55 , 33.35 , 0.822 , 0.024 , 11.99 , 310.17
1340 , 7858 , 340.12 , -48.1 , 58 , 33.31 , 0.818 , 0.024 , 12.04 , 310.11
1350 , 7922 , 336.80 , -48.5 , 61 , 33.24 , 0.824 , 0.024 , 12.11 , 310.05
1360 , 7970 , 334.33 , -48.9 , 62 , 33.17 , 0.768 , 0.023 , 12.15 , 310.00
1370 , 8024 , 331.61 , -49.3 , 63 , 33.12 , 0.744 , 0.022 , 12.20 , 309.95
1380 , 8089 , 328.33 , -49.8 , 62 , 33.06 , 0.734 , 0.022 , 12.26 , 309.90
1390 , 8147 , 325.42 , -50.4 , 62 , 33.00 , 0.713 , 0.022 , 12.31 , 309.85
1400 , 8203 , 322.67 , -50.8 , 62 , 32.94 , 0.719 , 0.022 , 12.36 , 309.80
1410 , 8264 , 319.63 , -51.3 , 64 , 32.89 , 0.716 , 0.022 , 12.41 , 309.74
1420 , 8326 , 316.59 , -51.8 , 63 , 32.82 , 0.698 , 0.022 , 12.46 , 309.69
1430 , 8374 , 314.26 , -52.1 , 63 , 32.77 , 0.734 , 0.023 , 12.51 , 309.65
1440 , 8422 , 311.94 , -52.4 , 62 , 32.73 , 0.922 , 0.030 , 12.55 , 309.60
1450 , 8474 , 309.44 , -52.8 , 60 , 32.68 , 1.133 , 0.037 , 12.62 , 309.54
1460 , 8531 , 306.69 , -53.1 , 59 , 32.61 , 1.210 , 0.039 , 12.70 , 309.45
1470 , 8583 , 304.21 , -53.6 , 59 , 32.54 , 1.231 , 0.040 , 12.78 , 309.38
1480 , 8630 , 302.02 , -53.9 , 58 , 32.49 , 1.277 , 0.042 , 12.85 , 309.30
1490 , 8685 , 299.42 , -54.3 , 57 , 32.45 , 1.279 , 0.043 , 12.94 , 309.22
1500 , 8744 , 296.67 , -54.8 , 56 , 32.41 , 1.240 , 0.042 , 13.03 , 309.12
1510 , 8790 , 294.55 , -55.2 , 56 , 32.35 , 1.183 , 0.040 , 13.10 , 309.06
1520 , 8837 , 292.41 , -55.6 , 56 , 32.29 , 1.110 , 0.038 , 13.17 , 308.99
1530 , 8882 , 290.34 , -56.0 , 57 , 32.23 , 1.077 , 0.037 , 13.23 , 308.93
1540 , 8931 , 288.08 , -56.3 , 55 , 32.17 , 1.053 , 0.037 , 13.29 , 308.86
1550 , 8986 , 285.63 , -56.6 , 56 , 32.12 , 1.100 , 0.039 , 13.36 , 308.79
1560 , 9033 , 283.50 , -56.9 , 55 , 32.06 , 1.195 , 0.042 , 13.43 , 308.72
1569 , 9079 , 281.47 , -57.0 , 54 , 31.98 , 1.523 , 0.054 , 13.51 , 308.65
1578 , 9119 , 279.68 , -57.1 , 54 , 31.93 , 2.005 , 0.072 , 13.60 , 308.56
1588 , 9166 , 277.61 , -57.2 , 53 , 31.88 , 2.493 , 0.090 , 13.73 , 308.43
1598 , 9220 , 275.24 , -56.7 , 50 , 31.82 , 3.252 , 0.118 , 13.92 , 308.23
1608 , 9292 , 272.12 , -56.5 , 47 , 31.75 , 3.617 , 0.133 , 14.23 , 307.92
1618 , 9343 , 269.94 , -56.7 , 51 , 31.68 , 3.481 , 0.129 , 14.46 , 307.70
1628 , 9389 , 268.02 , -56.5 , 50 , 31.63 , 3.432 , 0.128 , 14.65 , 307.50
1638 , 9436 , 266.01 , -56.1 , 45 , 31.58 , 3.711 , 0.139 , 14.87 , 307.29
1648 , 9482 , 264.13 , -55.3 , 36 , 31.51 , 4.164 , 0.158 , 15.09 , 307.07
1658 , 9530 , 262.14 , -54.3 , 26 , 31.46 , 4.809 , 0.183 , 15.35 , 306.80
1668 , 9574 , 260.33 , -54.1 , 18 , 31.39 , 5.357 , 0.206 , 15.63 , 306.52
1678 , 9618 , 258.57 , -53.8 , 13 , 31.30 , 5.630 , 0.218 , 15.93 , 306.23
1687 , 9659 , 256.90 , -53.6 , 10 , 31.23 , 5.775 , 0.225 , 16.22 , 305.94
1696 , 9698 , 255.35 , -53.3 , 8 , 31.16 , 5.828 , 0.228 , 16.49 , 305.66
1706 , 9741 , 253.67 , -52.8 , 6 , 31.11 , 5.917 , 0.233 , 16.80 , 305.35
1716 , 9785 , 251.95 , -52.6 , 5 , 31.04 , 6.035 , 0.240 , 17.12 , 305.03
1726 , 9826 , 250.36 , -52.2 , 4 , 30.97 , 6.118 , 0.244 , 17.42 , 304.73
1736 , 9869 , 248.68 , -51.8 , 3 , 30.90 , 6.220 , 0.250 , 17.75 , 304.40
1746 , 9912 , 247.06 , -51.6 , 3 , 30.84 , 6.186 , 0.250 , 18.07 , 304.08
1756 , 9957 , 245.32 , -51.1 , 2 , 30.76 , 6.182 , 0.252 , 18.42 , 303.74
1766 , 10003 , 243.63 , -50.8 , 2 , 30.70 , 6.153 , 0.253 , 18.76 , 303.40
1776 , 10045 , 242.04 , -50.4 , 2 , 30.64 , 5.906 , 0.244 , 19.07 , 303.09
1786 , 10087 , 240.51 , -49.9 , 2 , 30.57 , 5.824 , 0.242 , 19.36 , 302.80
1796 , 10130 , 238.93 , -49.6 , 2 , 30.52 , 5.850 , 0.245 , 19.66 , 302.49
1806 , 10171 , 237.42 , -49.5 , 1 , 30.47 , 6.066 , 0.255 , 19.96 , 302.19
1816 , 10214 , 235.86 , -49.3 , 1 , 30.43 , 6.201 , 0.263 , 20.28 , 301.88
1826 , 10258 , 234.29 , -49.2 , 1 , 30.37 , 5.919 , 0.253 , 20.60 , 301.56
1835 , 10299 , 232.82 , -49.1 , 2 , 30.30 , 5.606 , 0.241 , 20.88 , 301.27
1845 , 10342 , 231.31 , -49.0 , 2 , 30.23 , 5.458 , 0.236 , 21.17 , 300.99
1855 , 10385 , 229.80 , -49.1 , 2 , 30.15 , 5.424 , 0.236 , 21.45 , 300.70
1865 , 10428 , 228.28 , -49.0 , 1 , 30.10 , 5.511 , 0.241 , 21.74 , 300.42
1874 , 10469 , 226.86 , -49.2 , 1 , 30.06 , 5.602 , 0.247 , 22.01 , 300.15
1884 , 10511 , 225.42 , -49.1 , 1 , 30.01 , 5.627 , 0.250 , 22.29 , 299.86
1894 , 10553 , 223.98 , -49.0 , 1 , 29.95 , 5.640 , 0.252 , 22.58 , 299.58
1904 , 10594 , 222.60 , -48.8 , 1 , 29.88 , 5.690 , 0.256 , 22.85 , 299.30
1914 , 10636 , 221.16 , -48.4 , 0 , 29.81 , 5.835 , 0.264 , 23.15 , 299.01
1924 , 10677 , 219.81 , -48.1 , 0 , 29.75 , 5.982 , 0.272 , 23.44 , 298.72
1934 , 10718 , 218.44 , -48.0 , 0 , 29.69 , 6.133 , 0.281 , 23.73 , 298.42
1944 , 10761 , 217.01 , -47.9 , 0 , 29.64 , 6.168 , 0.284 , 24.05 , 298.10
1954 , 10804 , 215.61 , -47.3 , 0 , 29.59 , 6.156 , 0.286 , 24.37 , 297.79
1964 , 10847 , 214.21 , -47.2 , 0 , 29.55 , 6.148 , 0.287 , 24.68 , 297.47
1974 , 10890 , 212.83 , -47.3 , 0 , 29.51 , 6.093 , 0.286 , 25.00 , 297.16
1983 , 10932 , 211.47 , -47.4 , 0 , 29.47 , 6.168 , 0.292 , 25.31 , 296.85
1993 , 10971 , 210.22 , -47.1 , 0 , 29.41 , 6.178 , 0.294 , 25.60 , 296.56
2003 , 11016 , 208.82 , -47.1 , 0 , 29.33 , 6.168 , 0.295 , 25.92 , 296.23
2013 , 11059 , 207.45 , -47.2 , 0 , 29.27 , 6.162 , 0.297 , 26.24 , 295.91
2023 , 11101 , 206.14 , -47.2 , 0 , 29.20 , 6.083 , 0.295 , 26.55 , 295.61
2033 , 11144 , 204.80 , -47.1 , 0 , 29.15 , 6.129 , 0.299 , 26.86 , 295.29
2043 , 11187 , 203.49 , -46.7 , 0 , 29.11 , 6.185 , 0.304 , 27.17 , 294.98
2053 , 11231 , 202.13 , -46.9 , 0 , 29.07 , 6.251 , 0.309 , 27.50 , 294.65
2063 , 11274 , 200.81 , -47.1 , 0 , 29.03 , 6.314 , 0.314 , 27.83 , 294.33
2073 , 11319 , 199.47 , -47.0 , 0 , 28.96 , 6.374 , 0.320 , 28.16 , 293.99
2083 , 11363 , 198.15 , -47.1 , 0 , 28.91 , 6.411 , 0.324 , 28.50 , 293.66
2093 , 11407 , 196.82 , -47.0 , 0 , 28.86 , 6.324 , 0.321 , 28.84 , 293.32
2103 , 11452 , 195.50 , -46.6 , 0 , 28.80 , 6.149 , 0.315 , 29.17 , 292.99
2113 , 11497 , 194.18 , -46.5 , 0 , 28.73 , 6.028 , 0.310 , 29.49 , 292.66
2123 , 11541 , 192.90 , -46.6 , 0 , 28.67 , 5.876 , 0.305 , 29.80 , 292.35
2133 , 11584 , 191.65 , -46.8 , 0 , 28.62 , 5.731 , 0.299 , 30.10 , 292.06
2143 , 11628 , 190.37 , -47.1 , 0 , 28.58 , 5.660 , 0.297 , 30.40 , 291.75
2153 , 11671 , 189.13 , -47.2 , 0 , 28.51 , 5.642 , 0.298 , 30.69 , 291.46
2163 , 11715 , 187.89 , -47.2 , 0 , 28.46 , 5.632 , 0.300 , 30.99 , 291.17
2173 , 11759 , 186.65 , -46.8 , 0 , 28.40 , 5.802 , 0.311 , 31.28 , 290.87
2183 , 11805 , 185.35 , -47.0 , 0 , 28.35 , 6.124 , 0.330 , 31.61 , 290.54
2192 , 11847 , 184.18 , -47.1 , 0 , 28.29 , 6.182 , 0.336 , 31.92 , 290.23
2201 , 11885 , 183.13 , -47.1 , 0 , 28.25 , 6.220 , 0.340 , 32.20 , 289.96
2211 , 11926 , 182.00 , -47.1 , 0 , 28.20 , 6.329 , 0.348 , 32.51 , 289.65
2221 , 11970 , 180.80 , -47.1 , 0 , 28.14 , 6.394 , 0.354 , 32.84 , 289.31
2231 , 12016 , 179.54 , -47.0 , 0 , 28.08 , 6.327 , 0.352 , 33.19 , 288.96
2241 , 12061 , 178.33 , -46.9 , 0 , 28.03 , 6.477 , 0.363 , 33.53 , 288.62
2251 , 12103 , 177.18 , -46.9 , 0 , 27.97 , 6.602 , 0.373 , 33.87 , 288.29
2261 , 12146 , 176.03 , -47.2 , 0 , 27.92 , 6.686 , 0.380 , 34.21 , 287.95
2271 , 12189 , 174.89 , -47.2 , 0 , 27.86 , 6.476 , 0.370 , 34.54 , 287.61
2281 , 12232 , 173.76 , -47.3 , 0 , 27.81 , 6.020 , 0.346 , 34.87 , 287.29
2291 , 12277 , 172.59 , -47.0 , 0 , 27.77 , 5.928 , 0.343 , 35.18 , 286.97
2301 , 12322 , 171.43 , -46.6 , 0 , 27.72 , 6.049 , 0.353 , 35.50 , 286.65
2311 , 12367 , 170.27 , -46.5 , 0 , 27.66 , 6.196 , 0.364 , 35.83 , 286.32
2321 , 12409 , 169.18 , -46.3 , 0 , 27.61 , 6.279 , 0.371 , 36.15 , 286.01
2331 , 12452 , 168.10 , -46.3 , 0 , 27.56 , 6.349 , 0.378 , 36.47 , 285.69
2341 , 12497 , 166.95 , -46.4 , 0 , 27.50 , 6.362 , 0.381 , 36.81 , 285.35
2351 , 12542 , 165.84 , -46.4 , 0 , 27.47 , 6.401 , 0.386 , 37.15 , 285.01
2360 , 12585 , 164.77 , -46.5 , 0 , 27.43 , 6.457 , 0.392 , 37.47 , 284.68
2370 , 12626 , 163.75 , -46.3 , 0 , 27.40 , 6.468 , 0.395 , 37.79 , 284.37
2380 , 12669 , 162.70 , -46.3 , 0 , 27.36 , 6.666 , 0.410 , 38.12 , 284.03
2390 , 12710 , 161.68 , -46.4 , 0 , 27.32 , 6.794 , 0.420 , 38.46 , 283.70
2400 , 12753 , 160.65 , -46.3 , 0 , 27.26 , 6.840 , 0.426 , 38.80 , 283.35
2410 , 12797 , 159.58 , -46.2 , 0 , 27.20 , 6.891 , 0.432 , 39.17 , 282.99
2420 , 12840 , 158.56 , -46.0 , 0 , 27.14 , 7.001 , 0.442 , 39.52 , 282.64
2430 , 12882 , 157.55 , -45.7 , 0 , 27.09 , 7.234 , 0.459 , 39.87 , 282.28
2440 , 12923 , 156.59 , -45.5 , 0 , 27.04 , 7.359 , 0.470 , 40.23 , 281.93
2450 , 12966 , 155.59 , -45.2 , 0 , 27.00 , 7.503 , 0.482 , 40.60 , 281.55
2460 , 13006 , 154.65 , -45.1 , 0 , 26.96 , 7.358 , 0.476 , 40.96 , 281.20
2470 , 13047 , 153.71 , -45.1 , 0 , 26.91 , 7.054 , 0.459 , 41.31 , 280.85
2480 , 13091 , 152.69 , -45.3 , 0 , 26.86 , 6.862 , 0.449 , 41.67 , 280.49
2490 , 13135 , 151.70 , -45.2 , 0 , 26.82 , 6.682 , 0.441 , 42.02 , 280.14
2499 , 13175 , 150.78 , -45.3 , 0 , 26.78 , 6.588 , 0.437 , 42.34 , 279.82
2509 , 13216 , 149.87 , -45.4 , 0 , 26.74 , 6.548 , 0.437 , 42.65 , 279.51
2519 , 13257 , 148.94 , -45.6 , 0 , 26.70 , 6.342 , 0.426 , 42.97 , 279.19
2529 , 13300 , 147.97 , -45.7 , 0 , 26.64 , 6.066 , 0.410 , 43.29 , 278.87
2539 , 13346 , 146.95 , -46.0 , 0 , 26.59 , 5.893 , 0.401 , 43.61 , 278.54
2549 , 13391 , 145.97 , -46.0 , 0 , 26.54 , 5.530 , 0.379 , 43.91 , 278.24
2559 , 13434 , 145.03 , -46.1 , 0 , 26.48 , 5.233 , 0.361 , 44.19 , 277.97
2569 , 13479 , 144.05 , -46.1 , 0 , 26.43 , 5.103 , 0.354 , 44.46 , 277.69
2579 , 13523 , 143.11 , -46.0 , 0 , 26.38 , 5.042 , 0.352 , 44.73 , 277.43
2589 , 13567 , 142.15 , -46.0 , 0 , 26.34 , 5.119 , 0.360 , 45.00 , 277.16
2599 , 13612 , 141.19 , -46.1 , 0 , 26.28 , 5.229 , 0.370 , 45.27 , 276.88
2609 , 13659 , 140.21 , -45.9 , 0 , 26.22 , 5.309 , 0.379 , 45.56 , 276.59
2619 , 13704 , 139.26 , -45.8 , 0 , 26.19 , 5.550 , 0.399 , 45.86 , 276.30
2629 , 13749 , 138.33 , -46.2 , 0 , 26.16 , 5.677 , 0.410 , 46.15 , 276.00
2639 , 13792 , 137.43 , -46.0 , 0 , 26.13 , 5.752 , 0.419 , 46.45 , 275.71
2649 , 13833 , 136.58 , -46.0 , 0 , 26.09 , 5.745 , 0.421 , 46.73 , 275.43
2659 , 13875 , 135.73 , -45.9 , 0 , 26.06 , 5.663 , 0.417 , 47.01 , 275.15
2669 , 13921 , 134.79 , -45.9 , 0 , 26.01 , 5.755 , 0.427 , 47.32 , 274.83
2679 , 13969 , 133.81 , -45.9 , 0 , 25.97 , 5.784 , 0.432 , 47.65 , 274.50
2689 , 14015 , 132.90 , -45.9 , 0 , 25.92 , 5.793 , 0.436 , 47.97 , 274.19
2699 , 14059 , 132.02 , -45.7 , 0 , 25.87 , 5.848 , 0.443 , 48.27 , 273.88
2709 , 14104 , 131.12 , -45.6 , 0 , 25.82 , 5.910 , 0.451 , 48.59 , 273.57
2719 , 14149 , 130.24 , -45.8 , 0 , 25.77 , 6.018 , 0.462 , 48.91 , 273.25
2729 , 14195 , 129.35 , -45.9 , 0 , 25.74 , 6.068 , 0.469 , 49.23 , 272.92
2739 , 14239 , 128.49 , -45.8 , 0 , 25.69 , 6.145 , 0.478 , 49.55 , 272.60
2749 , 14284 , 127.63 , -45.5 , 0 , 25.65 , 6.187 , 0.485 , 49.88 , 272.28
2759 , 14329 , 126.77 , -45.1 , 0 , 25.60 , 6.367 , 0.502 , 50.21 , 271.94
2769 , 14373 , 125.94 , -45.1 , 0 , 25.55 , 6.410 , 0.509 , 50.55 , 271.61
2779 , 14420 , 125.05 , -45.0 , 0 , 25.50 , 6.522 , 0.521 , 50.91 , 271.25
2789 , 14467 , 124.18 , -45.0 , 0 , 25.46 , 6.801 , 0.548 , 51.28 , 270.88
2799 , 14514 , 123.31 , -45.1 , 0 , 25.41 , 6.999 , 0.568 , 51.66 , 270.50
2809 , 14559 , 122.49 , -44.9 , 0 , 25.37 , 7.158 , 0.584 , 52.03 , 270.12
2818 , 14600 , 121.73 , -44.9 , 0 , 25.32 , 7.255 , 0.596 , 52.39 , 269.77
2828 , 14643 , 120.96 , -45.2 , 0 , 25.28 , 7.370 , 0.609 , 52.75 , 269.40
2838 , 14688 , 120.14 , -45.2 , 0 , 25.24 , 7.342 , 0.611 , 53.15 , 269.01
2848 , 14734 , 119.31 , -45.0 , 0 , 25.20 , 7.372 , 0.618 , 53.55 , 268.61
2858 , 14780 , 118.49 , -44.6 , 0 , 25.16 , 7.442 , 0.628 , 53.95 , 268.20
2868 , 14826 , 117.69 , -44.5 , 0 , 25.12 , 7.688 , 0.653 , 54.36 , 267.80
2878 , 14869 , 116.92 , -44.2 , 0 , 25.07 , 8.191 , 0.701 , 54.77 , 267.39
2888 , 14916 , 116.12 , -43.9 , 0 , 25.03 , 8.825 , 0.760 , 55.23 , 266.93
2898 , 14958 , 115.39 , -43.6 , 0 , 25.01 , 9.333 , 0.809 , 55.68 , 266.47
2908 , 15000 , 114.68 , -43.4 , 0 , 24.97 , 9.727 , 0.848 , 56.15 , 266.01
2918 , 15040 , 113.99 , -43.4 , 0 , 24.92 , 9.997 , 0.877 , 56.61 , 265.54
2928 , 15083 , 113.26 , -43.3 , 0 , 24.88 , 10.228 , 0.903 , 57.12 , 265.03
2938 , 15126 , 112.54 , -43.2 , 0 , 24.84 , 10.614 , 0.943 , 57.65 , 264.50
2948 , 15175 , 111.73 , -43.4 , 0 , 24.79 , 10.818 , 0.968 , 58.26 , 263.89
2958 , 15220 , 110.98 , -43.7 , 0 , 24.75 , 10.804 , 0.974 , 58.84 , 263.31
2968 , 15265 , 110.23 , -43.8 , 0 , 24.71 , 10.798 , 0.980 , 59.41 , 262.74
2978 , 15311 , 109.49 , -43.8 , 0 , 24.66 , 11.081 , 1.012 , 60.00 , 262.16
2988 , 15356 , 108.75 , -43.9 , 0 , 24.63 , 11.244 , 1.034 , 60.60 , 261.56
2998 , 15402 , 108.01 , -44.0 , 0 , 24.61 , 11.351 , 1.051 , 61.20 , 260.95
3008 , 15446 , 107.31 , -44.0 , 0 , 24.59 , 11.475 , 1.069 , 61.79 , 260.37
3018 , 15487 , 106.64 , -44.1 , 0 , 24.54 , 11.428 , 1.072 , 62.35 , 259.80
3028 , 15531 , 105.95 , -43.7 , 0 , 24.51 , 11.328 , 1.069 , 62.94 , 259.22
3038 , 15575 , 105.27 , -43.6 , 0 , 24.47 , 11.386 , 1.082 , 63.52 , 258.64
3048 , 15618 , 104.60 , -43.5 , 0 , 24.44 , 11.403 , 1.090 , 64.09 , 258.06
3058 , 15664 , 103.88 , -43.1 , 0 , 24.42 , 11.565 , 1.113 , 64.71 , 257.44
3068 , 15709 , 103.18 , -43.1 , 0 , 24.39 , 11.721 , 1.136 , 65.34 , 256.82
3078 , 15756 , 102.47 , -43.4 , 0 , 24.36 , 11.789 , 1.151 , 65.98 , 256.18
3087 , 15800 , 101.80 , -43.3 , 0 , 24.32 , 11.946 , 1.174 , 66.59 , 255.56
3097 , 15844 , 101.14 , -43.3 , 0 , 24.29 , 11.989 , 1.185 , 67.21 , 254.95
3107 , 15890 , 100.45 , -43.0 , 0 , 24.26 , 12.097 , 1.204 , 67.85 , 254.30
3116 , 15934 , 99.80 , -42.8 , 0 , 24.24 , 12.246 , 1.227 , 68.48 , 253.68
3126 , 15977 , 99.16 , -42.6 , 0 , 24.20 , 12.245 , 1.235 , 69.10 , 253.05
3136 , 16023 , 98.48 , -42.6 , 0 , 24.16 , 12.103 , 1.229 , 69.76 , 252.40
3146 , 16070 , 97.80 , -42.7 , 0 , 24.12 , 11.725 , 1.199 , 70.41 , 251.74
3156 , 16118 , 97.11 , -43.1 , 0 , 24.08 , 11.398 , 1.174 , 71.06 , 251.09
3166 , 16166 , 96.42 , -43.0 , 0 , 24.05 , 11.498 , 1.192 , 71.70 , 250.45
3176 , 16213 , 95.75 , -42.9 , 0 , 24.02 , 11.445 , 1.195 , 72.34 , 249.82
3186 , 16259 , 95.10 , -42.9 , 0 , 23.99 , 11.309 , 1.189 , 72.95 , 249.21
3196 , 16305 , 94.46 , -42.9 , 0 , 23.95 , 11.294 , 1.196 , 73.55 , 248.60
3206 , 16350 , 93.82 , -42.7 , 0 , 23.91 , 11.233 , 1.197 , 74.15 , 248.01
3216 , 16394 , 93.21 , -42.3 , 0 , 23.87 , 11.442 , 1.228 , 74.74 , 247.42
3226 , 16439 , 92.59 , -42.4 , 0 , 23.84 , 11.490 , 1.241 , 75.34 , 246.82
3235 , 16482 , 92.01 , -42.4 , 0 , 23.81 , 11.699 , 1.271 , 75.92 , 246.24
3245 , 16526 , 91.41 , -42.7 , 0 , 23.77 , 11.911 , 1.303 , 76.53 , 245.63
3255 , 16575 , 90.75 , -43.0 , 0 , 23.74 , 12.084 , 1.332 , 77.22 , 244.94
3265 , 16621 , 90.13 , -42.7 , 0 , 23.72 , 12.087 , 1.341 , 77.86 , 244.29
3275 , 16667 , 89.51 , -42.5 , 0 , 23.69 , 12.296 , 1.374 , 78.53 , 243.63
3285 , 16715 , 88.89 , -42.1 , 0 , 23.66 , 12.345 , 1.389 , 79.21 , 242.95
3295 , 16762 , 88.27 , -41.8 , 0 , 23.63 , 12.458 , 1.411 , 79.89 , 242.27
3305 , 16806 , 87.70 , -41.8 , 0 , 23.60 , 12.641 , 1.441 , 80.53 , 241.62
3315 , 16847 , 87.16 , -41.9 , 0 , 23.57 , 12.673 , 1.454 , 81.15 , 241.01
3325 , 16893 , 86.57 , -42.0 , 0 , 23.54 , 12.911 , 1.491 , 81.83 , 240.32
3335 , 16940 , 85.97 , -41.9 , 0 , 23.50 , 13.159 , 1.531 , 82.55 , 239.61
3345 , 16989 , 85.35 , -42.0 , 0 , 23.46 , 13.231 , 1.550 , 83.30 , 238.86
3355 , 17037 , 84.76 , -42.0 , 0 , 23.44 , 13.276 , 1.566 , 84.04 , 238.12
3365 , 17085 , 84.16 , -41.7 , 0 , 23.40 , 13.214 , 1.570 , 84.77 , 237.38
3375 , 17134 , 83.55 , -41.6 , 0 , 23.36 , 13.079 , 1.565 , 85.53 , 236.63
3385 , 17181 , 82.97 , -41.6 , 0 , 23.33 , 13.020 , 1.569 , 86.25 , 235.91
3395 , 17226 , 82.42 , -41.8 , 0 , 23.30 , 13.113 , 1.591 , 86.93 , 235.22
3405 , 17273 , 81.85 , -41.7 , 0 , 23.28 , 13.408 , 1.638 , 87.66 , 234.50
3415 , 17323 , 81.25 , -41.7 , 0 , 23.25 , 13.756 , 1.693 , 88.44 , 233.71
3425 , 17369 , 80.70 , -41.8 , 0 , 23.22 , 13.857 , 1.717 , 89.19 , 232.97
3435 , 17413 , 80.18 , -42.0 , 0 , 23.18 , 13.862 , 1.729 , 89.90 , 232.26
3444 , 17458 , 79.65 , -41.9 , 0 , 23.15 , 13.922 , 1.748 , 90.62 , 231.54
3454 , 17503 , 79.12 , -41.8 , 0 , 23.12 , 13.991 , 1.768 , 91.36 , 230.80
3464 , 17551 , 78.56 , -41.8 , 0 , 23.09 , 14.003 , 1.782 , 92.14 , 230.02
3474 , 17598 , 78.01 , -41.5 , 0 , 23.05 , 13.996 , 1.794 , 92.91 , 229.24
3484 , 17647 , 77.45 , -41.3 , 0 , 23.02 , 14.086 , 1.819 , 93.71 , 228.44
3494 , 17696 , 76.89 , -41.3 , 0 , 22.99 , 14.385 , 1.871 , 94.53 , 227.63
3504 , 17745 , 76.35 , -41.3 , 0 , 22.97 , 14.671 , 1.922 , 95.34 , 226.81
3514 , 17793 , 75.81 , -41.2 , 0 , 22.94 , 14.740 , 1.944 , 96.16 , 226.00
3524 , 17843 , 75.25 , -41.0 , 0 , 22.91 , 14.884 , 1.978 , 97.02 , 225.13
3534 , 17892 , 74.71 , -41.2 , 0 , 22.89 , 14.966 , 2.003 , 97.88 , 224.27
3544 , 17941 , 74.17 , -41.3 , 0 , 22.86 , 14.889 , 2.007 , 98.73 , 223.43
3554 , 17985 , 73.69 , -41.2 , 0 , 22.82 , 14.685 , 1.993 , 99.48 , 222.67
3564 , 18028 , 73.23 , -40.8 , 0 , 22.79 , 14.435 , 1.971 , 100.21 , 221.94
3574 , 18075 , 72.73 , -40.9 , 0 , 22.76 , 14.048 , 1.932 , 100.98 , 221.17
3584 , 18124 , 72.20 , -40.7 , 0 , 22.73 , 13.522 , 1.873 , 101.78 , 220.38
3594 , 18172 , 71.69 , -40.5 , 0 , 22.70 , 13.146 , 1.834 , 102.52 , 219.64
3604 , 18221 , 71.18 , -40.4 , 0 , 22.68 , 13.152 , 1.848 , 103.27 , 218.89
3614 , 18270 , 70.67 , -40.3 , 0 , 22.66 , 13.384 , 1.894 , 104.02 , 218.14
3624 , 18321 , 70.15 , -40.4 , 0 , 22.63 , 13.709 , 1.954 , 104.80 , 217.35
3634 , 18368 , 69.66 , -40.3 , 0 , 22.60 , 14.177 , 2.035 , 105.57 , 216.58
3644 , 18417 , 69.17 , -40.0 , 0 , 22.57 , 14.608 , 2.112 , 106.38 , 215.77
3654 , 18462 , 68.71 , -39.8 , 0 , 22.55 , 14.809 , 2.155 , 107.16 , 215.00
3664 , 18509 , 68.23 , -39.9 , 0 , 22.52 , 15.014 , 2.200 , 107.97 , 214.19
3674 , 18555 , 67.78 , -39.6 , 0 , 22.50 , 15.147 , 2.235 , 108.77 , 213.39
3684 , 18602 , 67.32 , -39.5 , 0 , 22.48 , 15.292 , 2.272 , 109.59 , 212.57
3693 , 18647 , 66.88 , -39.7 , 0 , 22.45 , 15.403 , 2.303 , 110.38 , 211.77
3703 , 18692 , 66.43 , -39.9 , 0 , 22.42 , 15.460 , 2.327 , 111.19 , 210.97
3713 , 18742 , 65.95 , -40.0 , 0 , 22.40 , 15.519 , 2.353 , 112.08 , 210.07
3723 , 18789 , 65.50 , -39.9 , 0 , 22.38 , 15.491 , 2.365 , 112.93 , 209.22
3733 , 18839 , 65.02 , -40.0 , 0 , 22.35 , 15.327 , 2.357 , 113.81 , 208.34
3742 , 18885 , 64.58 , -39.9 , 0 , 22.33 , 15.143 , 2.345 , 114.64 , 207.52
3752 , 18933 , 64.13 , -39.6 , 0 , 22.31 , 15.090 , 2.353 , 115.46 , 206.69
3762 , 18984 , 63.66 , -39.7 , 0 , 22.28 , 15.045 , 2.364 , 116.35 , 205.81
3772 , 19034 , 63.19 , -39.6 , 0 , 22.26 , 14.987 , 2.372 , 117.22 , 204.94
3782 , 19080 , 62.77 , -39.7 , 0 , 22.23 , 14.812 , 2.360 , 118.01 , 204.14
3792 , 19130 , 62.31 , -39.7 , 0 , 22.20 , 14.842 , 2.382 , 118.86 , 203.29
3802 , 19180 , 61.86 , -39.8 , 0 , 22.18 , 15.122 , 2.445 , 119.73 , 202.42
3812 , 19229 , 61.41 , -39.7 , 0 , 22.16 , 15.357 , 2.501 , 120.60 , 201.56
3822 , 19278 , 60.97 , -39.7 , 0 , 22.13 , 15.592 , 2.557 , 121.47 , 200.68
3832 , 19328 , 60.53 , -39.5 , 0 , 22.11 , 15.777 , 2.607 , 122.38 , 199.78
3842 , 19377 , 60.10 , -39.6 , 0 , 22.08 , 15.785 , 2.627 , 123.27 , 198.89
3852 , 19426 , 59.66 , -39.9 , 0 , 22.06 , 15.755 , 2.641 , 124.17 , 197.99
3862 , 19476 , 59.23 , -39.8 , 0 , 22.03 , 15.793 , 2.666 , 125.07 , 197.08
3872 , 19525 , 58.81 , -40.0 , 0 , 22.01 , 15.905 , 2.704 , 125.97 , 196.19
3882 , 19571 , 58.41 , -40.0 , 0 , 21.98 , 15.933 , 2.728 , 126.83 , 195.33
3892 , 19620 , 57.99 , -39.8 , 0 , 21.96 , 16.091 , 2.775 , 127.73 , 194.43
3902 , 19669 , 57.58 , -40.0 , 0 , 21.94 , 16.227 , 2.818 , 128.64 , 193.51
3912 , 19717 , 57.18 , -40.0 , 0 , 21.91 , 16.313 , 2.853 , 129.55 , 192.61
3922 , 19766 , 56.76 , -39.9 , 0 , 21.89 , 16.281 , 2.868 , 130.47 , 191.68
3932 , 19815 , 56.36 , -39.9 , 0 , 21.86 , 15.987 , 2.837 , 131.38 , 190.78
3942 , 19864 , 55.96 , -39.8 , 0 , 21.84 , 15.859 , 2.834 , 132.28 , 189.88
3952 , 19914 , 55.55 , -39.8 , 0 , 21.81 , 15.635 , 2.814 , 133.18 , 188.97
3962 , 19960 , 55.18 , -40.1 , 0 , 21.79 , 15.434 , 2.797 , 134.01 , 188.14
3972 , 20008 , 54.79 , -40.0 , 0 , 21.76 , 15.382 , 2.807 , 134.87 , 187.29
3982 , 20057 , 54.40 , -40.1 , 0 , 21.74 , 15.431 , 2.837 , 135.74 , 186.41
3992 , 20104 , 54.03 , -40.0 , 0 , 21.71 , 15.453 , 2.860 , 136.58 , 185.57
4002 , 20152 , 53.65 , -39.9 , 0 , 21.68 , 15.610 , 2.910 , 137.45 , 184.71
4012 , 20198 , 53.28 , -39.8 , 0 , 21.66 , 15.863 , 2.977 , 138.29 , 183.86
4022 , 20245 , 52.92 , -39.9 , 0 , 21.63 , 16.183 , 3.058 , 139.15 , 183.01
4032 , 20290 , 52.58 , -39.6 , 0 , 21.61 , 16.332 , 3.106 , 139.99 , 182.16
4042 , 20337 , 52.22 , -39.2 , 0 , 21.58 , 16.375 , 3.136 , 140.88 , 181.27
4052 , 20387 , 51.84 , -38.8 , 0 , 21.56 , 16.361 , 3.156 , 141.82 , 180.33
4061 , 20432 , 51.49 , -38.9 , 0 , 21.53 , 16.392 , 3.183 , 142.69 , 179.47
4070 , 20477 , 51.16 , -38.8 , 0 , 21.51 , 16.321 , 3.190 , 143.52 , 178.64
4080 , 20520 , 50.84 , -38.7 , 0 , 21.49 , 16.376 , 3.221 , 144.34 , 177.82
4090 , 20570 , 50.47 , -38.9 , 0 , 21.47 , 16.282 , 3.226 , 145.27 , 176.88
4100 , 20621 , 50.10 , -38.7 , 0 , 21.44 , 16.188 , 3.231 , 146.22 , 175.94
4110 , 20671 , 49.74 , -38.8 , 0 , 21.42 , 15.911 , 3.199 , 147.14 , 175.02
4120 , 20720 , 49.38 , -38.9 , 0 , 21.39 , 15.497 , 3.139 , 148.04 , 174.12
4130 , 20772 , 49.01 , -39.1 , 0 , 21.37 , 15.286 , 3.119 , 148.95 , 173.21
4140 , 20823 , 48.64 , -39.2 , 0 , 21.34 , 15.246 , 3.134 , 149.85 , 172.31
4150 , 20871 , 48.30 , -39.0 , 0 , 21.32 , 15.059 , 3.118 , 150.68 , 171.47
4160 , 20918 , 47.97 , -38.9 , 0 , 21.29 , 14.914 , 3.109 , 151.51 , 170.65
4170 , 20969 , 47.62 , -39.3 , 0 , 21.27 , 14.869 , 3.123 , 152.37 , 169.79
4180 , 21019 , 47.27 , -39.2 , 0 , 21.25 , 14.934 , 3.159 , 153.23 , 168.92
4190 , 21068 , 46.93 , -38.8 , 0 , 21.22 , 14.750 , 3.143 , 154.07 , 168.09
4200 , 21117 , 46.60 , -38.9 , 0 , 21.20 , 14.708 , 3.156 , 154.90 , 167.26
4210 , 21167 , 46.26 , -39.0 , 0 , 21.17 , 14.805 , 3.200 , 155.75 , 166.40
4220 , 21215 , 45.94 , -39.0 , 0 , 21.15 , 14.850 , 3.233 , 156.57 , 165.59
4230 , 21263 , 45.61 , -38.9 , 0 , 21.12 , 14.753 , 3.234 , 157.40 , 164.76
4240 , 21313 , 45.29 , -38.8 , 0 , 21.10 , 14.711 , 3.248 , 158.23 , 163.92
4250 , 21362 , 44.96 , -38.8 , 0 , 21.08 , 14.820 , 3.296 , 159.07 , 163.08
4259 , 21409 , 44.65 , -38.5 , 0 , 21.05 , 14.899 , 3.336 , 159.88 , 162.28
4269 , 21456 , 44.35 , -38.5 , 0 , 21.03 , 14.874 , 3.353 , 160.67 , 161.48
4279 , 21502 , 44.05 , -38.7 , 0 , 21.01 , 14.948 , 3.393 , 161.47 , 160.69
4289 , 21547 , 43.77 , -38.8 , 0 , 20.98 , 14.888 , 3.402 , 162.23 , 159.93
4299 , 21595 , 43.46 , -38.8 , 0 , 20.96 , 14.826 , 3.411 , 163.05 , 159.10
4309 , 21645 , 43.14 , -38.7 , 0 , 20.94 , 14.801 , 3.431 , 163.92 , 158.24
4319 , 21695 , 42.83 , -38.5 , 0 , 20.91 , 14.723 , 3.437 , 164.76 , 157.40
4329 , 21744 , 42.53 , -38.5 , 0 , 20.89 , 14.458 , 3.400 , 165.58 , 156.58
4339 , 21795 , 42.22 , -38.4 , 0 , 20.86 , 14.242 , 3.374 , 166.41 , 155.74
4349 , 21846 , 41.90 , -38.3 , 0 , 20.84 , 13.958 , 3.331 , 167.24 , 154.91
4359 , 21895 , 41.60 , -38.1 , 0 , 20.82 , 13.728 , 3.300 , 168.03 , 154.13
4368 , 21944 , 41.31 , -38.1 , 0 , 20.80 , 13.487 , 3.265 , 168.80 , 153.36
4378 , 21992 , 41.03 , -38.0 , 0 , 20.78 , 13.424 , 3.272 , 169.52 , 152.63
4388 , 22042 , 40.73 , -38.1 , 0 , 20.75 , 13.435 , 3.299 , 170.30 , 151.86
4398 , 22094 , 40.42 , -37.9 , 0 , 20.73 , 13.374 , 3.309 , 171.09 , 151.06
4408 , 22142 , 40.14 , -37.9 , 0 , 20.71 , 13.263 , 3.304 , 171.83 , 150.32
4418 , 22191 , 39.85 , -37.8 , 0 , 20.69 , 13.281 , 3.332 , 172.58 , 149.58
4428 , 22242 , 39.56 , -37.7 , 0 , 20.66 , 13.229 , 3.344 , 173.35 , 148.80
4438 , 22290 , 39.28 , -37.7 , 0 , 20.64 , 13.198 , 3.360 , 174.08 , 148.07
4448 , 22341 , 39.00 , -37.4 , 0 , 20.61 , 13.240 , 3.395 , 174.84 , 147.31
4458 , 22390 , 38.72 , -37.5 , 0 , 20.59 , 13.312 , 3.438 , 175.59 , 146.57
4468 , 22440 , 38.44 , -37.8 , 0 , 20.57 , 13.243 , 3.445 , 176.36 , 145.80
4478 , 22489 , 38.17 , -38.0 , 0 , 20.55 , 13.278 , 3.479 , 177.09 , 145.06
4488 , 22539 , 37.89 , -38.0 , 0 , 20.52 , 13.366 , 3.527 , 177.86 , 144.30
4498 , 22588 , 37.62 , -37.7 , 0 , 20.50 , 13.643 , 3.626 , 178.62 , 143.54
4508 , 22640 , 37.34 , -37.6 , 0 , 20.48 , 13.763 , 3.686 , 179.43 , 142.72
4518 , 22693 , 37.06 , -37.5 , 0 , 20.46 , 14.002 , 3.779 , 180.27 , 141.88
4528 , 22744 , 36.78 , -37.4 , 0 , 20.44 , 14.074 , 3.826 , 181.09 , 141.06
4538 , 22792 , 36.52 , -37.4 , 0 , 20.41 , 14.109 , 3.863 , 181.87 , 140.28
4548 , 22846 , 36.24 , -37.5 , 0 , 20.39 , 14.038 , 3.874 , 182.74 , 139.41
4558 , 22900 , 35.96 , -37.8 , 0 , 20.37 , 13.846 , 3.851 , 183.61 , 138.55
4568 , 22952 , 35.69 , -38.0 , 0 , 20.35 , 13.507 , 3.785 , 184.42 , 137.74
4578 , 23003 , 35.42 , -38.0 , 0 , 20.33 , 13.121 , 3.704 , 185.20 , 136.96
4588 , 23055 , 35.16 , -38.0 , 0 , 20.30 , 13.021 , 3.703 , 185.97 , 136.18
4598 , 23104 , 34.91 , -37.8 , 0 , 20.28 , 12.956 , 3.712 , 186.71 , 135.44
4608 , 23155 , 34.65 , -37.6 , 0 , 20.26 , 12.906 , 3.725 , 187.47 , 134.69
4618 , 23207 , 34.39 , -37.3 , 0 , 20.24 , 13.003 , 3.781 , 188.23 , 133.93
4628 , 23255 , 34.15 , -37.0 , 0 , 20.22 , 13.010 , 3.809 , 188.94 , 133.21
4638 , 23302 , 33.92 , -36.8 , 0 , 20.19 , 12.882 , 3.798 , 189.64 , 132.51
4648 , 23354 , 33.67 , -36.8 , 0 , 20.17 , 12.905 , 3.833 , 190.40 , 131.75
4658 , 23406 , 33.41 , -36.7 , 0 , 20.15 , 12.861 , 3.849 , 191.17 , 130.98
4668 , 23456 , 33.18 , -36.8 , 0 , 20.13 , 12.842 , 3.871 , 191.89 , 130.26
4678 , 23506 , 32.94 , -36.8 , 0 , 20.11 , 12.751 , 3.871 , 192.63 , 129.53
4687 , 23555 , 32.71 , -36.7 , 0 , 20.09 , 12.769 , 3.904 , 193.34 , 128.82
4697 , 23606 , 32.46 , -36.6 , 0 , 20.07 , 12.844 , 3.956 , 194.09 , 128.07
4707 , 23655 , 32.24 , -36.5 , 0 , 20.04 , 12.789 , 3.967 , 194.80 , 127.36
4717 , 23710 , 31.98 , -36.4 , 0 , 20.02 , 12.856 , 4.020 , 195.61 , 126.55
4727 , 23761 , 31.74 , -36.4 , 0 , 20.00 , 12.872 , 4.055 , 196.36 , 125.80
4737 , 23813 , 31.51 , -36.3 , 0 , 19.98 , 12.812 , 4.066 , 197.12 , 125.04
4747 , 23862 , 31.28 , -36.4 , 0 , 19.96 , 12.797 , 4.091 , 197.83 , 124.32
4757 , 23915 , 31.05 , -36.5 , 0 , 19.94 , 12.657 , 4.077 , 198.60 , 123.56
4767 , 23967 , 30.81 , -36.6 , 0 , 19.92 , 12.617 , 4.095 , 199.35 , 122.81
4777 , 24021 , 30.58 , -36.6 , 0 , 19.90 , 12.564 , 4.109 , 200.12 , 122.04
4787 , 24073 , 30.35 , -36.7 , 0 , 19.88 , 12.476 , 4.111 , 200.86 , 121.29
4797 , 24127 , 30.11 , -36.8 , 0 , 19.86 , 12.467 , 4.140 , 201.62 , 120.53
4807 , 24179 , 29.89 , -36.8 , 0 , 19.84 , 12.498 , 4.182 , 202.37 , 119.78
4817 , 24232 , 29.66 , -36.7 , 0 , 19.82 , 12.393 , 4.179 , 203.12 , 119.03
4827 , 24285 , 29.43 , -36.7 , 0 , 19.80 , 12.333 , 4.190 , 203.86 , 118.29
4837 , 24339 , 29.20 , -36.7 , 0 , 19.78 , 12.167 , 4.166 , 204.62 , 117.53
4847 , 24394 , 28.97 , -36.6 , 0 , 19.76 , 12.096 , 4.175 , 205.38 , 116.78
4857 , 24446 , 28.75 , -36.5 , 0 , 19.74 , 12.044 , 4.188 , 206.10 , 116.05
4867 , 24497 , 28.54 , -36.4 , 0 , 19.72 , 11.876 , 4.160 , 206.80 , 115.36
4877 , 24546 , 28.34 , -36.4 , 0 , 19.70 , 11.860 , 4.184 , 207.45 , 114.70
4887 , 24598 , 28.13 , -36.4 , 0 , 19.68 , 11.870 , 4.220 , 208.16 , 113.99
4897 , 24647 , 27.93 , -36.3 , 0 , 19.66 , 11.916 , 4.266 , 208.82 , 113.33
4907 , 24694 , 27.74 , -36.3 , 0 , 19.64 , 11.978 , 4.317 , 209.47 , 112.69
4917 , 24744 , 27.54 , -36.3 , 0 , 19.63 , 11.970 , 4.346 , 210.15 , 112.01
4927 , 24791 , 27.36 , -36.1 , 0 , 19.61 , 11.965 , 4.373 , 210.79 , 111.37
4937 , 24843 , 27.16 , -36.0 , 0 , 19.58 , 12.047 , 4.436 , 211.49 , 110.66
4946 , 24888 , 26.98 , -36.0 , 0 , 19.57 , 11.903 , 4.412 , 212.11 , 110.04
4956 , 24938 , 26.78 , -35.8 , 0 , 19.55 , 11.827 , 4.416 , 212.78 , 109.37
4966 , 24984 , 26.61 , -35.5 , 0 , 19.53 , 11.790 , 4.431 , 213.40 , 108.75
4976 , 25033 , 26.42 , -35.2 , 0 , 19.51 , 11.869 , 4.492 , 214.06 , 108.10
4986 , 25082 , 26.24 , -34.9 , 0 , 19.49 , 11.993 , 4.571 , 214.71 , 107.45
4995 , 25127 , 26.07 , -34.8 , 0 , 19.47 , 12.050 , 4.622 , 215.33 , 106.83
5005 , 25171 , 25.90 , -34.9 , 0 , 19.46 , 12.019 , 4.640 , 215.93 , 106.22
5015 , 25220 , 25.72 , -35.0 , 0 , 19.44 , 12.012 , 4.669 , 216.59 , 105.57
5025 , 25271 , 25.54 , -35.0 , 0 , 19.41 , 12.097 , 4.737 , 217.29 , 104.87
5035 , 25319 , 25.36 , -35.0 , 0 , 19.40 , 12.111 , 4.776 , 217.95 , 104.21
5045 , 25367 , 25.19 , -34.9 , 0 , 19.38 , 12.054 , 4.786 , 218.60 , 103.56
5055 , 25415 , 25.02 , -34.7 , 0 , 19.36 , 11.956 , 4.779 , 219.25 , 102.91
5065 , 25462 , 24.85 , -34.5 , 0 , 19.34 , 11.973 , 4.819 , 219.89 , 102.27
5075 , 25513 , 24.67 , -34.3 , 0 , 19.32 , 11.877 , 4.815 , 220.57 , 101.58
5085 , 25563 , 24.49 , -34.2 , 0 , 19.30 , 11.727 , 4.789 , 221.24 , 100.92
5095 , 25611 , 24.32 , -34.0 , 0 , 19.28 , 11.739 , 4.826 , 221.88 , 100.28
5105 , 25663 , 24.14 , -33.7 , 0 , 19.27 , 11.772 , 4.876 , 222.57 , 99.59
5115 , 25714 , 23.97 , -33.6 , 0 , 19.25 , 11.775 , 4.913 , 223.24 , 98.91
5125 , 25769 , 23.78 , -33.7 , 0 , 19.23 , 11.789 , 4.957 , 223.97 , 98.19
5135 , 25815 , 23.62 , -33.7 , 0 , 19.21 , 11.776 , 4.985 , 224.59 , 97.57
5144 , 25866 , 23.45 , -33.7 , 0 , 19.19 , 11.761 , 5.015 , 225.26 , 96.90
5155 , 25917 , 23.28 , -33.9 , 0 , 19.17 , 11.659 , 5.007 , 225.93 , 96.23
5165 , 25965 , 23.13 , -34.0 , 0 , 19.16 , 11.658 , 5.041 , 226.56 , 95.60
5175 , 26018 , 22.95 , -34.0 , 0 , 19.14 , 11.676 , 5.088 , 227.26 , 94.89
5184 , 26066 , 22.79 , -34.0 , 0 , 19.12 , 11.494 , 5.043 , 227.88 , 94.27
5194 , 26116 , 22.63 , -34.2 , 0 , 19.10 , 11.466 , 5.067 , 228.54 , 93.62
5204 , 26165 , 22.47 , -34.2 , 0 , 19.09 , 11.533 , 5.132 , 229.17 , 92.99
5213 , 26213 , 22.32 , -33.9 , 0 , 19.07 , 11.529 , 5.166 , 229.79 , 92.36
5223 , 26262 , 22.16 , -33.6 , 0 , 19.05 , 11.494 , 5.186 , 230.43 , 91.73
5233 , 26312 , 22.00 , -33.6 , 0 , 19.03 , 11.507 , 5.229 , 231.08 , 91.07
5243 , 26365 , 21.84 , -33.6 , 0 , 19.02 , 11.546 , 5.286 , 231.76 , 90.39
5253 , 26412 , 21.69 , -33.5 , 0 , 19.00 , 11.525 , 5.312 , 232.37 , 89.78
5263 , 26462 , 21.54 , -33.6 , 0 , 18.98 , 11.499 , 5.338 , 233.02 , 89.14
5273 , 26511 , 21.39 , -33.6 , 0 , 18.96 , 11.328 , 5.296 , 233.66 , 88.50
5283 , 26560 , 21.24 , -33.6 , 0 , 18.95 , 11.240 , 5.291 , 234.28 , 87.88
5293 , 26612 , 21.09 , -33.6 , 0 , 18.93 , 11.270 , 5.345 , 234.93 , 87.23
5303 , 26664 , 20.93 , -33.7 , 0 , 18.91 , 11.105 , 5.306 , 235.59 , 86.57
5312 , 26709 , 20.79 , -33.7 , 0 , 18.90 , 10.909 , 5.246 , 236.15 , 86.01
5322 , 26755 , 20.66 , -33.6 , 0 , 18.88 , 10.812 , 5.234 , 236.71 , 85.45
5332 , 26804 , 20.52 , -33.6 , 0 , 18.86 , 10.702 , 5.217 , 237.30 , 84.86
5342 , 26854 , 20.37 , -33.6 , 0 , 18.84 , 10.654 , 5.230 , 237.90 , 84.25
5352 , 26903 , 20.23 , -33.5 , 0 , 18.82 , 10.565 , 5.224 , 238.49 , 83.67
5362 , 26955 , 20.08 , -33.4 , 0 , 18.81 , 10.407 , 5.183 , 239.09 , 83.06
5372 , 27002 , 19.94 , -33.4 , 0 , 18.79 , 10.314 , 5.171 , 239.64 , 82.51
5382 , 27052 , 19.80 , -33.0 , 0 , 18.78 , 10.216 , 5.159 , 240.23 , 81.93
5391 , 27097 , 19.68 , -33.0 , 0 , 18.76 , 10.178 , 5.173 , 240.74 , 81.42
5402 , 27150 , 19.53 , -33.1 , 0 , 18.74 , 10.109 , 5.177 , 241.35 , 80.81
5412 , 27202 , 19.39 , -33.0 , 0 , 18.72 , 10.033 , 5.175 , 241.93 , 80.23
5421 , 27253 , 19.24 , -32.8 , 0 , 18.71 , 9.966 , 5.179 , 242.50 , 79.65
5431 , 27298 , 19.12 , -32.5 , 0 , 18.69 , 9.853 , 5.153 , 243.01 , 79.15
5440 , 27341 , 19.00 , -32.5 , 0 , 18.67 , 9.824 , 5.170 , 243.48 , 78.67
5451 , 27395 , 18.86 , -32.6 , 0 , 18.66 , 9.919 , 5.260 , 244.08 , 78.08
5461 , 27446 , 18.72 , -32.6 , 0 , 18.64 , 9.854 , 5.263 , 244.64 , 77.51
5471 , 27495 , 18.59 , -32.5 , 0 , 18.63 , 9.813 , 5.277 , 245.18 , 76.98
5480 , 27541 , 18.47 , -32.4 , 0 , 18.61 , 9.722 , 5.263 , 245.68 , 76.47
5490 , 27587 , 18.35 , -32.4 , 0 , 18.59 , 9.597 , 5.229 , 246.18 , 75.98
5499 , 27635 , 18.23 , -32.4 , 0 , 18.58 , 9.569 , 5.249 , 246.69 , 75.46
5510 , 27687 , 18.09 , -32.4 , 0 , 18.56 , 9.514 , 5.258 , 247.25 , 74.90
5520 , 27737 , 17.97 , -32.2 , 0 , 18.54 , 9.445 , 5.257 , 247.78 , 74.38
5530 , 27787 , 17.84 , -31.7 , 0 , 18.53 , 9.373 , 5.254 , 248.31 , 73.85
5539 , 27839 , 17.71 , -31.5 , 0 , 18.51 , 9.391 , 5.303 , 248.85 , 73.31
5549 , 27887 , 17.59 , -31.2 , 0 , 18.50 , 9.245 , 5.256 , 249.35 , 72.81
5559 , 27936 , 17.47 , -31.1 , 0 , 18.48 , 9.049 , 5.180 , 249.85 , 72.31
5569 , 27985 , 17.35 , -30.9 , 0 , 18.46 , 8.948 , 5.158 , 250.34 , 71.82
5579 , 28038 , 17.22 , -31.0 , 0 , 18.45 , 8.958 , 5.202 , 250.87 , 71.29
5589 , 28090 , 17.09 , -31.1 , 0 , 18.43 , 8.809 , 5.153 , 251.38 , 70.78
5599 , 28140 , 16.97 , -31.0 , 0 , 18.42 , 8.700 , 5.126 , 251.87 , 70.28
5608 , 28186 , 16.86 , -31.2 , 0 , 18.40 , 8.641 , 5.124 , 252.31 , 69.84
5617 , 28233 , 16.75 , -31.3 , 0 , 18.39 , 8.585 , 5.125 , 252.77 , 69.39
5627 , 28279 , 16.64 , -31.3 , 0 , 18.37 , 8.534 , 5.127 , 253.20 , 68.95
5637 , 28331 , 16.52 , -31.1 , 0 , 18.36 , 8.432 , 5.104 , 253.69 , 68.46
5647 , 28387 , 16.39 , -30.8 , 0 , 18.34 , 8.437 , 5.147 , 254.22 , 67.93
5657 , 28437 , 16.28 , -30.7 , 0 , 18.32 , 8.384 , 5.151 , 254.69 , 67.47
5667 , 28489 , 16.16 , -30.7 , 0 , 18.31 , 8.390 , 5.193 , 255.17 , 66.98
5676 , 28545 , 16.03 , -30.6 , 0 , 18.29 , 8.359 , 5.214 , 255.70 , 66.46
5687 , 28596 , 15.91 , -30.3 , 0 , 18.28 , 8.284 , 5.205 , 256.17 , 65.98
5697 , 28644 , 15.81 , -30.2 , 0 , 18.26 , 8.222 , 5.201 , 256.60 , 65.55
5707 , 28693 , 15.70 , -30.4 , 0 , 18.25 , 8.246 , 5.252 , 257.05 , 65.10
5716 , 28741 , 15.59 , -30.3 , 0 , 18.23 , 8.175 , 5.242 , 257.49 , 64.67
5726 , 28790 , 15.49 , -29.9 , 0 , 18.22 , 8.088 , 5.222 , 257.94 , 64.22
5735 , 28837 , 15.38 , -29.8 , 0 , 18.21 , 8.005 , 5.203 , 258.36 , 63.80
5745 , 28889 , 15.27 , -29.6 , 0 , 18.19 , 7.904 , 5.175 , 258.81 , 63.35
5755 , 28939 , 15.17 , -29.4 , 0 , 18.18 , 7.924 , 5.225 , 259.25 , 62.91
5765 , 28988 , 15.06 , -29.3 , 0 , 18.16 , 7.834 , 5.201 , 259.68 , 62.47
5774 , 29032 , 14.97 , -29.1 , 0 , 18.15 , 7.779 , 5.197 , 260.06 , 62.10
5785 , 29087 , 14.85 , -29.0 , 0 , 18.13 , 7.783 , 5.240 , 260.53 , 61.62
5795 , 29137 , 14.75 , -28.9 , 0 , 18.12 , 7.804 , 5.290 , 260.96 , 61.20
5805 , 29191 , 14.64 , -28.7 , 0 , 18.10 , 7.737 , 5.284 , 261.42 , 60.74
5815 , 29243 , 14.53 , -28.6 , 0 , 18.09 , 7.717 , 5.309 , 261.87 , 60.29
5825 , 29290 , 14.44 , -28.4 , 0 , 18.07 , 7.648 , 5.297 , 262.27 , 59.89
5835 , 29346 , 14.33 , -28.2 , 0 , 18.05 , 7.735 , 5.398 , 262.73 , 59.42
5845 , 29395 , 14.23 , -28.3 , 0 , 18.04 , 7.662 , 5.385 , 263.16 , 59.00
5855 , 29449 , 14.12 , -28.1 , 0 , 18.02 , 7.664 , 5.426 , 263.61 , 58.54
5865 , 29506 , 14.01 , -28.2 , 0 , 18.01 , 7.694 , 5.491 , 264.09 , 58.07
5875 , 29558 , 13.91 , -28.2 , 0 , 17.99 , 7.630 , 5.485 , 264.53 , 57.63
5885 , 29610 , 13.81 , -28.2 , 0 , 17.98 , 7.573 , 5.484 , 264.97 , 57.19
5895 , 29663 , 13.71 , -28.0 , 0 , 17.96 , 7.526 , 5.491 , 265.41 , 56.75
5904 , 29708 , 13.62 , -28.1 , 0 , 17.95 , 7.471 , 5.485 , 265.78 , 56.38
5914 , 29750 , 13.54 , -28.0 , 0 , 17.94 , 7.296 , 5.388 , 266.12 , 56.04
5924 , 29806 , 13.44 , -28.1 , 0 , 17.92 , 7.288 , 5.424 , 266.56 , 55.59
5934 , 29854 , 13.35 , -28.0 , 0 , 17.91 , 7.206 , 5.399 , 266.95 , 55.20
5943 , 29898 , 13.27 , -27.9 , 0 , 17.89 , 7.073 , 5.331 , 267.29 , 54.86
5953 , 29951 , 13.17 , -27.7 , 0 , 17.88 , 6.890 , 5.232 , 267.70 , 54.45
5963 , 29999 , 13.08 , -27.7 , 0 , 17.86 , 6.706 , 5.126 , 268.06 , 54.10
5973 , 30045 , 13.00 , -27.8 , 0 , 17.85 , 6.595 , 5.074 , 268.40 , 53.76
5983 , 30094 , 12.91 , -27.9 , 0 , 17.83 , 6.515 , 5.048 , 268.75 , 53.40
5993 , 30141 , 12.83 , -27.9 , 0 , 17.82 , 6.465 , 5.041 , 269.08 , 53.07
6003 , 30191 , 12.74 , -27.9 , 0 , 17.80 , 6.498 , 5.102 , 269.44 , 52.72
6013 , 30235 , 12.66 , -27.9 , 0 , 17.79 , 6.484 , 5.123 , 269.76 , 52.40
6023 , 30286 , 12.57 , -27.8 , 0 , 17.77 , 6.457 , 5.137 , 270.11 , 52.04
6033 , 30332 , 12.49 , -27.6 , 0 , 17.76 , 6.407 , 5.131 , 270.44 , 51.71
6043 , 30385 , 12.40 , -27.6 , 0 , 17.75 , 6.323 , 5.101 , 270.81 , 51.34
6053 , 30434 , 12.31 , -27.6 , 0 , 17.73 , 6.284 , 5.103 , 271.15 , 51.01
6063 , 30486 , 12.22 , -27.6 , 0 , 17.72 , 6.226 , 5.093 , 271.51 , 50.65
6073 , 30536 , 12.14 , -27.5 , 0 , 17.70 , 6.200 , 5.107 , 271.85 , 50.31
6083 , 30582 , 12.06 , -27.3 , 0 , 17.69 , 6.137 , 5.088 , 272.16 , 49.99
6093 , 30630 , 11.98 , -27.1 , 0 , 17.67 , 6.106 , 5.096 , 272.48 , 49.67
6103 , 30683 , 11.89 , -27.0 , 0 , 17.66 , 6.079 , 5.112 , 272.84 , 49.32
6113 , 30739 , 11.80 , -26.9 , 0 , 17.64 , 6.031 , 5.110 , 273.21 , 48.95
6123 , 30785 , 11.73 , -26.7 , 0 , 17.63 , 6.022 , 5.135 , 273.51 , 48.64
6132 , 30834 , 11.65 , -26.5 , 0 , 17.61 , 5.998 , 5.150 , 273.83 , 48.32
6142 , 30879 , 11.57 , -26.4 , 0 , 17.60 , 5.991 , 5.176 , 274.13 , 48.03
6152 , 30935 , 11.49 , -26.4 , 0 , 17.58 , 5.950 , 5.181 , 274.49 , 47.66
6162 , 30990 , 11.40 , -26.5 , 0 , 17.57 , 5.903 , 5.179 , 274.85 , 47.31
6172 , 31040 , 11.32 , -26.5 , 0 , 17.55 , 5.896 , 5.209 , 275.17 , 46.98
6182 , 31093 , 11.24 , -26.5 , 0 , 17.54 , 5.895 , 5.246 , 275.51 , 46.64
6192 , 31147 , 11.15 , -26.3 , 0 , 17.52 , 5.863 , 5.257 , 275.86 , 46.29
6202 , 31198 , 11.07 , -26.3 , 0 , 17.51 , 5.808 , 5.244 , 276.18 , 45.97
6212 , 31253 , 10.99 , -26.4 , 0 , 17.49 , 5.781 , 5.260 , 276.54 , 45.62
