# ------------------------------------------------------------
#
# Flight name: V0613
# Station: Davis
# Launch Date: 30 July 2013
# Launch Time: 23:16:09
# 
# This file created: Thu Aug 01 09:56:48 2013
# 
# 
# ------------------------------------------------------------
# DATA COLUMNS
# Time (s)
# Height (m)
# Atmospheric Pressure (hPa)
# Atmospheric Temperature (°C)
# Relative Humidity (%)
# Box Temperature (°C)
# Ozone Partial Pressure (mPa)
# Ozone Mixing Ratio (ppmV)
# Accumulated Ozone to this Height (Dobson Units)
# Remaining Ozone above this Height (Dobson Units)
# 
# ------------------------------------------------------------
# 
# Integrated Ozone = 243.6 DU
# Extrapolated Ozone =  34.1 DU
# 
# Total Ozone = 277.7 DU
# 
# 
# ------------------------------------------------------------
0 , 18 , 980.66 , -25.6 , 73 , 31.04 , 2.994 , 0.031 , 0.00 , 277.71
10 , 58 , 975.15 , -26.2 , 76 , 31.03 , 2.982 , 0.031 , 0.13 , 277.58
20 , 102 , 969.31 , -26.6 , 78 , 31.00 , 2.988 , 0.031 , 0.27 , 277.44
30 , 142 , 963.86 , -26.9 , 80 , 30.92 , 3.023 , 0.031 , 0.41 , 277.31
40 , 192 , 957.30 , -27.4 , 83 , 30.82 , 3.067 , 0.032 , 0.57 , 277.14
49 , 239 , 951.01 , -27.6 , 87 , 30.72 , 3.072 , 0.032 , 0.73 , 276.98
59 , 279 , 945.73 , -27.5 , 89 , 30.62 , 3.056 , 0.032 , 0.87 , 276.85
68 , 321 , 940.19 , -25.8 , 82 , 30.51 , 3.061 , 0.033 , 1.01 , 276.71
79 , 373 , 933.51 , -23.0 , 73 , 30.38 , 3.065 , 0.033 , 1.18 , 276.53
89 , 422 , 927.35 , -21.7 , 73 , 30.23 , 3.073 , 0.033 , 1.34 , 276.37
99 , 473 , 921.01 , -20.0 , 75 , 30.11 , 3.068 , 0.033 , 1.51 , 276.21
109 , 523 , 914.74 , -19.3 , 77 , 30.00 , 3.065 , 0.034 , 1.67 , 276.04
119 , 576 , 908.25 , -19.1 , 81 , 29.88 , 3.033 , 0.033 , 1.84 , 275.87
129 , 620 , 902.90 , -18.8 , 88 , 29.80 , 3.030 , 0.034 , 1.99 , 275.73
139 , 664 , 897.59 , -18.7 , 94 , 29.74 , 3.020 , 0.034 , 2.13 , 275.59
149 , 714 , 891.61 , -18.9 , 94 , 29.70 , 2.976 , 0.033 , 2.28 , 275.43
159 , 763 , 885.71 , -19.2 , 92 , 29.61 , 2.972 , 0.034 , 2.44 , 275.27
169 , 814 , 879.65 , -19.3 , 87 , 29.49 , 2.935 , 0.033 , 2.60 , 275.11
179 , 862 , 874.04 , -19.6 , 84 , 29.41 , 2.929 , 0.034 , 2.75 , 274.97
189 , 912 , 868.12 , -20.0 , 84 , 29.34 , 2.906 , 0.033 , 2.90 , 274.81
199 , 967 , 861.75 , -20.5 , 83 , 29.26 , 2.868 , 0.033 , 3.07 , 274.64
209 , 1012 , 856.53 , -20.9 , 84 , 29.16 , 2.879 , 0.034 , 3.21 , 274.50
219 , 1057 , 851.27 , -21.3 , 85 , 29.12 , 2.868 , 0.034 , 3.35 , 274.36
229 , 1104 , 845.94 , -21.7 , 87 , 29.07 , 2.848 , 0.034 , 3.49 , 274.22
239 , 1147 , 840.97 , -22.1 , 89 , 29.02 , 2.824 , 0.034 , 3.62 , 274.09
249 , 1191 , 835.97 , -22.4 , 90 , 28.99 , 2.814 , 0.034 , 3.76 , 273.96
259 , 1236 , 830.86 , -22.7 , 92 , 28.95 , 2.799 , 0.034 , 3.89 , 273.82
269 , 1283 , 825.49 , -22.9 , 90 , 28.86 , 2.790 , 0.034 , 4.03 , 273.68
279 , 1333 , 819.86 , -23.2 , 87 , 28.74 , 2.766 , 0.034 , 4.18 , 273.53
289 , 1389 , 813.66 , -23.3 , 87 , 28.65 , 2.747 , 0.034 , 4.35 , 273.36
299 , 1443 , 807.70 , -23.5 , 87 , 28.57 , 2.740 , 0.034 , 4.51 , 273.20
309 , 1493 , 802.21 , -23.8 , 89 , 28.49 , 2.710 , 0.034 , 4.66 , 273.06
319 , 1539 , 797.11 , -24.1 , 92 , 28.40 , 2.686 , 0.034 , 4.79 , 272.92
329 , 1583 , 792.36 , -24.4 , 90 , 28.32 , 2.665 , 0.034 , 4.92 , 272.80
339 , 1633 , 786.85 , -24.6 , 92 , 28.28 , 2.649 , 0.034 , 5.06 , 272.65
349 , 1680 , 781.88 , -24.7 , 93 , 28.26 , 2.639 , 0.034 , 5.20 , 272.52
358 , 1727 , 776.81 , -24.8 , 93 , 28.22 , 2.598 , 0.033 , 5.33 , 272.38
368 , 1772 , 772.04 , -25.0 , 93 , 28.17 , 2.602 , 0.034 , 5.46 , 272.26
378 , 1827 , 766.21 , -25.2 , 93 , 28.12 , 2.554 , 0.033 , 5.61 , 272.10
388 , 1873 , 761.33 , -25.5 , 93 , 28.08 , 2.554 , 0.034 , 5.74 , 271.97
398 , 1920 , 756.43 , -25.9 , 95 , 28.04 , 2.530 , 0.033 , 5.87 , 271.84
408 , 1973 , 750.86 , -26.3 , 94 , 27.97 , 2.505 , 0.033 , 6.02 , 271.70
418 , 2030 , 744.97 , -26.8 , 94 , 27.90 , 2.493 , 0.033 , 6.17 , 271.54
428 , 2089 , 738.93 , -27.3 , 94 , 27.84 , 2.477 , 0.034 , 6.33 , 271.38
438 , 2140 , 733.65 , -27.8 , 94 , 27.78 , 2.463 , 0.034 , 6.47 , 271.24
448 , 2194 , 728.18 , -28.3 , 94 , 27.73 , 2.446 , 0.034 , 6.62 , 271.10
458 , 2248 , 722.73 , -28.6 , 93 , 27.69 , 2.420 , 0.033 , 6.76 , 270.95
468 , 2293 , 718.18 , -27.8 , 80 , 27.64 , 2.423 , 0.034 , 6.88 , 270.83
478 , 2335 , 714.04 , -27.2 , 57 , 27.59 , 2.442 , 0.034 , 6.99 , 270.72
487 , 2370 , 710.59 , -26.8 , 43 , 27.56 , 2.447 , 0.034 , 7.09 , 270.63
498 , 2412 , 706.42 , -26.7 , 35 , 27.54 , 2.450 , 0.035 , 7.20 , 270.51
508 , 2455 , 702.28 , -26.8 , 28 , 27.53 , 2.448 , 0.035 , 7.31 , 270.40
517 , 2502 , 697.66 , -26.8 , 22 , 27.52 , 2.431 , 0.035 , 7.44 , 270.27
528 , 2561 , 692.02 , -26.9 , 15 , 27.47 , 2.397 , 0.035 , 7.59 , 270.12
538 , 2619 , 686.47 , -27.1 , 14 , 27.41 , 2.387 , 0.035 , 7.75 , 269.97
548 , 2676 , 681.02 , -27.1 , 14 , 27.36 , 2.358 , 0.035 , 7.90 , 269.82
558 , 2729 , 676.01 , -27.6 , 13 , 27.32 , 2.338 , 0.035 , 8.03 , 269.68
568 , 2787 , 670.63 , -28.1 , 14 , 27.28 , 2.328 , 0.035 , 8.18 , 269.53
578 , 2847 , 664.97 , -28.6 , 15 , 27.23 , 2.301 , 0.035 , 8.33 , 269.38
588 , 2902 , 659.87 , -29.0 , 14 , 27.18 , 2.293 , 0.035 , 8.47 , 269.24
598 , 2961 , 654.52 , -29.2 , 13 , 27.15 , 2.277 , 0.035 , 8.62 , 269.09
608 , 3016 , 649.44 , -29.4 , 13 , 27.12 , 2.284 , 0.035 , 8.76 , 268.95
618 , 3072 , 644.40 , -29.8 , 13 , 27.09 , 2.259 , 0.035 , 8.90 , 268.81
628 , 3126 , 639.51 , -30.3 , 12 , 27.06 , 2.257 , 0.035 , 9.04 , 268.68
638 , 3177 , 634.97 , -30.7 , 11 , 27.02 , 2.260 , 0.036 , 9.16 , 268.55
648 , 3227 , 630.51 , -31.1 , 11 , 26.99 , 2.265 , 0.036 , 9.29 , 268.42
658 , 3276 , 626.13 , -31.4 , 11 , 26.97 , 2.264 , 0.036 , 9.41 , 268.30
667 , 3330 , 621.39 , -31.6 , 12 , 26.94 , 2.238 , 0.036 , 9.55 , 268.16
677 , 3380 , 616.95 , -31.8 , 13 , 26.90 , 2.202 , 0.036 , 9.67 , 268.04
687 , 3435 , 612.16 , -32.2 , 15 , 26.88 , 2.218 , 0.036 , 9.81 , 267.90
697 , 3489 , 607.52 , -32.5 , 28 , 26.85 , 2.204 , 0.036 , 9.94 , 267.77
707 , 3539 , 603.18 , -32.7 , 38 , 26.82 , 2.215 , 0.037 , 10.07 , 267.65
717 , 3599 , 598.10 , -33.1 , 40 , 26.79 , 2.183 , 0.037 , 10.22 , 267.50
727 , 3654 , 593.42 , -33.6 , 39 , 26.75 , 2.170 , 0.037 , 10.35 , 267.36
737 , 3718 , 588.01 , -34.2 , 39 , 26.70 , 2.146 , 0.036 , 10.51 , 267.21
747 , 3780 , 582.83 , -34.6 , 40 , 26.66 , 2.142 , 0.037 , 10.66 , 267.06
757 , 3839 , 577.90 , -35.0 , 43 , 26.63 , 2.115 , 0.037 , 10.80 , 266.92
767 , 3896 , 573.17 , -35.4 , 44 , 26.58 , 2.101 , 0.037 , 10.94 , 266.78
777 , 3948 , 568.96 , -35.8 , 43 , 26.55 , 2.107 , 0.037 , 11.06 , 266.66
787 , 3997 , 564.95 , -36.1 , 43 , 26.52 , 2.065 , 0.037 , 11.17 , 266.54
797 , 4045 , 561.02 , -36.6 , 46 , 26.49 , 2.071 , 0.037 , 11.29 , 266.43
807 , 4103 , 556.34 , -37.0 , 48 , 26.46 , 2.050 , 0.037 , 11.42 , 266.29
817 , 4163 , 551.57 , -37.4 , 47 , 26.42 , 1.999 , 0.036 , 11.56 , 266.15
827 , 4215 , 547.39 , -37.7 , 45 , 26.37 , 1.975 , 0.036 , 11.68 , 266.03
837 , 4265 , 543.43 , -38.0 , 44 , 26.33 , 1.946 , 0.036 , 11.79 , 265.92
847 , 4319 , 539.19 , -38.4 , 44 , 26.29 , 1.907 , 0.035 , 11.91 , 265.80
857 , 4374 , 534.91 , -38.9 , 45 , 26.25 , 1.889 , 0.035 , 12.03 , 265.68
867 , 4426 , 530.82 , -39.3 , 45 , 26.21 , 1.895 , 0.036 , 12.15 , 265.57
877 , 4476 , 527.02 , -39.7 , 44 , 26.18 , 1.871 , 0.035 , 12.25 , 265.46
887 , 4536 , 522.37 , -40.1 , 42 , 26.14 , 1.849 , 0.035 , 12.38 , 265.33
897 , 4591 , 518.21 , -40.5 , 41 , 26.09 , 1.845 , 0.036 , 12.50 , 265.21
907 , 4642 , 514.33 , -40.8 , 39 , 26.03 , 1.833 , 0.036 , 12.61 , 265.10
917 , 4694 , 510.41 , -41.2 , 35 , 25.98 , 1.838 , 0.036 , 12.72 , 264.99
927 , 4749 , 506.27 , -41.7 , 31 , 25.95 , 1.828 , 0.036 , 12.84 , 264.88
937 , 4793 , 503.01 , -42.0 , 26 , 25.92 , 1.857 , 0.037 , 12.93 , 264.78
947 , 4846 , 499.02 , -42.4 , 22 , 25.89 , 1.866 , 0.037 , 13.05 , 264.67
957 , 4901 , 494.98 , -42.7 , 17 , 25.84 , 1.875 , 0.038 , 13.17 , 264.55
967 , 4957 , 490.94 , -43.0 , 13 , 25.79 , 1.904 , 0.039 , 13.29 , 264.42
977 , 5013 , 486.87 , -43.5 , 12 , 25.75 , 1.899 , 0.039 , 13.42 , 264.30
986 , 5066 , 482.99 , -43.9 , 12 , 25.71 , 1.902 , 0.039 , 13.54 , 264.18
996 , 5111 , 479.77 , -44.3 , 11 , 25.68 , 1.866 , 0.039 , 13.64 , 264.08
1006 , 5160 , 476.25 , -44.6 , 11 , 25.66 , 1.855 , 0.039 , 13.74 , 263.97
1016 , 5214 , 472.43 , -45.1 , 11 , 25.61 , 1.833 , 0.039 , 13.86 , 263.85
1026 , 5266 , 468.78 , -45.4 , 11 , 25.55 , 1.823 , 0.039 , 13.97 , 263.74
1036 , 5320 , 465.00 , -45.8 , 12 , 25.50 , 1.815 , 0.039 , 14.09 , 263.63
1046 , 5371 , 461.43 , -46.1 , 14 , 25.47 , 1.801 , 0.039 , 14.20 , 263.52
1056 , 5427 , 457.59 , -46.5 , 15 , 25.43 , 1.772 , 0.039 , 14.32 , 263.40
1066 , 5483 , 453.74 , -47.0 , 16 , 25.40 , 1.752 , 0.039 , 14.43 , 263.28
1076 , 5537 , 450.00 , -47.4 , 17 , 25.36 , 1.707 , 0.038 , 14.55 , 263.17
1086 , 5590 , 446.40 , -47.8 , 18 , 25.31 , 1.680 , 0.038 , 14.65 , 263.06
1096 , 5648 , 442.54 , -48.2 , 18 , 25.26 , 1.676 , 0.038 , 14.77 , 262.94
1106 , 5710 , 438.36 , -48.7 , 17 , 25.21 , 1.676 , 0.038 , 14.89 , 262.82
1116 , 5779 , 433.77 , -49.3 , 18 , 25.14 , 1.674 , 0.039 , 15.03 , 262.68
1126 , 5843 , 429.59 , -49.8 , 19 , 25.08 , 1.654 , 0.038 , 15.16 , 262.55
1136 , 5906 , 425.44 , -50.2 , 22 , 25.02 , 1.637 , 0.038 , 15.29 , 262.43
1146 , 5967 , 421.49 , -50.7 , 23 , 24.98 , 1.638 , 0.039 , 15.41 , 262.31
1156 , 6030 , 417.40 , -51.0 , 22 , 24.93 , 1.646 , 0.039 , 15.53 , 262.18
1166 , 6082 , 414.07 , -51.1 , 19 , 24.88 , 1.704 , 0.041 , 15.64 , 262.07
1176 , 6138 , 410.52 , -51.6 , 17 , 24.85 , 1.757 , 0.043 , 15.76 , 261.96
1186 , 6193 , 407.08 , -52.0 , 16 , 24.80 , 1.762 , 0.043 , 15.87 , 261.84
1196 , 6248 , 403.63 , -52.5 , 16 , 24.76 , 1.732 , 0.043 , 15.99 , 261.72
1206 , 6308 , 399.88 , -52.7 , 16 , 24.71 , 1.678 , 0.042 , 16.12 , 261.60
1216 , 6371 , 395.98 , -53.2 , 16 , 24.66 , 1.650 , 0.042 , 16.25 , 261.47
1226 , 6425 , 392.66 , -53.7 , 16 , 24.60 , 1.613 , 0.041 , 16.35 , 261.36
1236 , 6471 , 389.87 , -54.0 , 16 , 24.55 , 1.600 , 0.041 , 16.44 , 261.27
1246 , 6520 , 386.93 , -54.4 , 17 , 24.51 , 1.588 , 0.041 , 16.54 , 261.17
1256 , 6579 , 383.36 , -54.7 , 17 , 24.47 , 1.567 , 0.041 , 16.66 , 261.06
1266 , 6626 , 380.57 , -55.0 , 17 , 24.42 , 1.569 , 0.041 , 16.75 , 260.97
1276 , 6677 , 377.53 , -55.3 , 17 , 24.38 , 1.576 , 0.042 , 16.85 , 260.87
1286 , 6737 , 374.00 , -55.8 , 18 , 24.33 , 1.574 , 0.042 , 16.96 , 260.75
1295 , 6788 , 371.01 , -56.1 , 19 , 24.29 , 1.559 , 0.042 , 17.06 , 260.65
1305 , 6834 , 368.33 , -56.3 , 18 , 24.24 , 1.567 , 0.043 , 17.15 , 260.56
1315 , 6882 , 365.52 , -56.6 , 18 , 24.19 , 1.557 , 0.043 , 17.25 , 260.47
1325 , 6925 , 363.08 , -57.0 , 18 , 24.13 , 1.562 , 0.043 , 17.33 , 260.39
1335 , 6967 , 360.63 , -57.2 , 19 , 24.08 , 1.558 , 0.043 , 17.41 , 260.30
1345 , 7014 , 358.01 , -57.5 , 19 , 24.03 , 1.561 , 0.044 , 17.50 , 260.21
1355 , 7063 , 355.22 , -57.8 , 19 , 23.98 , 1.540 , 0.043 , 17.60 , 260.12
1365 , 7109 , 352.63 , -58.1 , 19 , 23.93 , 1.541 , 0.044 , 17.69 , 260.03
1375 , 7157 , 349.95 , -58.3 , 19 , 23.88 , 1.529 , 0.044 , 17.78 , 259.94
1385 , 7213 , 346.84 , -58.6 , 20 , 23.83 , 1.530 , 0.044 , 17.89 , 259.83
1395 , 7272 , 343.62 , -58.8 , 20 , 23.77 , 1.530 , 0.045 , 18.00 , 259.72
1405 , 7332 , 340.33 , -59.2 , 19 , 23.71 , 1.521 , 0.045 , 18.11 , 259.60
1415 , 7384 , 337.51 , -59.5 , 19 , 23.65 , 1.514 , 0.045 , 18.21 , 259.50
1425 , 7439 , 334.56 , -59.7 , 19 , 23.60 , 1.508 , 0.045 , 18.32 , 259.40
1435 , 7492 , 331.71 , -60.1 , 18 , 23.55 , 1.487 , 0.045 , 18.42 , 259.29
1445 , 7546 , 328.85 , -60.4 , 17 , 23.49 , 1.473 , 0.045 , 18.52 , 259.19
1455 , 7594 , 326.36 , -60.7 , 17 , 23.43 , 1.474 , 0.045 , 18.61 , 259.10
1465 , 7649 , 323.46 , -60.9 , 16 , 23.38 , 1.500 , 0.046 , 18.71 , 259.00
1475 , 7705 , 320.58 , -61.3 , 16 , 23.32 , 1.508 , 0.047 , 18.82 , 258.89
1485 , 7749 , 318.28 , -61.7 , 16 , 23.27 , 1.546 , 0.049 , 18.91 , 258.81
1495 , 7798 , 315.76 , -61.9 , 16 , 23.21 , 1.537 , 0.049 , 19.00 , 258.71
1505 , 7855 , 312.88 , -62.2 , 16 , 23.16 , 1.513 , 0.048 , 19.11 , 258.60
1515 , 7909 , 310.14 , -62.6 , 16 , 23.10 , 1.480 , 0.048 , 19.22 , 258.50
1525 , 7959 , 307.64 , -62.9 , 16 , 23.04 , 1.462 , 0.048 , 19.31 , 258.40
1535 , 8009 , 305.13 , -63.2 , 16 , 22.99 , 1.450 , 0.048 , 19.41 , 258.31
1545 , 8058 , 302.73 , -63.5 , 15 , 22.93 , 1.420 , 0.047 , 19.50 , 258.22
1555 , 8109 , 300.20 , -63.8 , 15 , 22.87 , 1.386 , 0.046 , 19.59 , 258.13
1565 , 8167 , 297.41 , -64.1 , 15 , 22.82 , 1.369 , 0.046 , 19.69 , 258.02
1575 , 8219 , 294.89 , -64.5 , 16 , 22.76 , 1.366 , 0.046 , 19.78 , 257.93
1585 , 8272 , 292.34 , -64.9 , 16 , 22.70 , 1.359 , 0.047 , 19.87 , 257.84
1595 , 8328 , 289.66 , -65.3 , 16 , 22.65 , 1.353 , 0.047 , 19.97 , 257.74
1604 , 8384 , 287.01 , -65.6 , 16 , 22.60 , 1.340 , 0.047 , 20.07 , 257.64
1613 , 8428 , 284.93 , -65.7 , 16 , 22.54 , 1.372 , 0.048 , 20.15 , 257.57
1623 , 8486 , 282.23 , -66.0 , 16 , 22.49 , 1.418 , 0.050 , 20.25 , 257.46
1633 , 8540 , 279.69 , -66.3 , 16 , 22.43 , 1.447 , 0.052 , 20.36 , 257.36
1643 , 8590 , 277.41 , -66.5 , 16 , 22.38 , 1.480 , 0.053 , 20.45 , 257.26
1653 , 8647 , 274.81 , -66.8 , 16 , 22.32 , 1.515 , 0.055 , 20.56 , 257.15
1663 , 8710 , 271.96 , -67.2 , 16 , 22.26 , 1.505 , 0.055 , 20.69 , 257.03
1673 , 8770 , 269.27 , -67.5 , 16 , 22.20 , 1.535 , 0.057 , 20.81 , 256.91
1683 , 8824 , 266.85 , -67.7 , 16 , 22.14 , 1.528 , 0.057 , 20.91 , 256.80
1693 , 8871 , 264.79 , -67.9 , 17 , 22.09 , 1.537 , 0.058 , 21.01 , 256.71
1703 , 8922 , 262.52 , -68.1 , 17 , 22.03 , 1.572 , 0.060 , 21.11 , 256.60
1713 , 8975 , 260.21 , -68.5 , 17 , 21.97 , 1.602 , 0.062 , 21.22 , 256.49
1723 , 9027 , 257.98 , -68.9 , 17 , 21.91 , 1.663 , 0.064 , 21.34 , 256.38
1733 , 9077 , 255.82 , -69.0 , 17 , 21.85 , 1.756 , 0.069 , 21.45 , 256.27
1743 , 9128 , 253.66 , -69.2 , 17 , 21.79 , 1.871 , 0.074 , 21.57 , 256.14
1752 , 9174 , 251.69 , -69.4 , 17 , 21.73 , 2.014 , 0.080 , 21.69 , 256.02
1762 , 9230 , 249.34 , -69.7 , 17 , 21.67 , 2.142 , 0.086 , 21.84 , 255.87
1772 , 9277 , 247.37 , -69.7 , 17 , 21.61 , 2.292 , 0.093 , 21.98 , 255.73
1782 , 9323 , 245.46 , -69.9 , 17 , 21.55 , 2.430 , 0.099 , 22.13 , 255.59
1792 , 9371 , 243.50 , -70.0 , 17 , 21.48 , 2.550 , 0.105 , 22.28 , 255.43
1802 , 9417 , 241.61 , -70.0 , 17 , 21.42 , 2.710 , 0.112 , 22.45 , 255.27
1812 , 9474 , 239.32 , -70.1 , 17 , 21.36 , 2.934 , 0.123 , 22.66 , 255.06
1822 , 9522 , 237.37 , -70.1 , 17 , 21.31 , 3.083 , 0.130 , 22.85 , 254.86
1832 , 9568 , 235.55 , -70.2 , 17 , 21.24 , 3.154 , 0.134 , 23.04 , 254.67
1842 , 9609 , 233.93 , -70.2 , 16 , 21.18 , 3.172 , 0.136 , 23.21 , 254.50
1852 , 9652 , 232.24 , -70.3 , 16 , 21.12 , 3.131 , 0.135 , 23.39 , 254.32
1862 , 9696 , 230.52 , -70.4 , 16 , 21.05 , 2.961 , 0.128 , 23.57 , 254.14
1872 , 9755 , 228.27 , -70.4 , 16 , 20.99 , 2.776 , 0.122 , 23.80 , 253.92
1882 , 9800 , 226.55 , -70.5 , 15 , 20.93 , 2.624 , 0.116 , 23.96 , 253.76
1892 , 9839 , 225.05 , -70.7 , 15 , 20.87 , 2.498 , 0.111 , 24.09 , 253.62
1902 , 9889 , 223.16 , -70.9 , 15 , 20.81 , 2.418 , 0.108 , 24.25 , 253.46
1912 , 9950 , 220.87 , -71.3 , 15 , 20.74 , 2.317 , 0.105 , 24.45 , 253.27
1922 , 9994 , 219.23 , -71.5 , 15 , 20.69 , 2.321 , 0.106 , 24.58 , 253.13
1931 , 10036 , 217.69 , -71.7 , 15 , 20.63 , 2.492 , 0.114 , 24.72 , 253.00
1941 , 10074 , 216.28 , -71.6 , 15 , 20.58 , 3.018 , 0.140 , 24.86 , 252.85
1951 , 10117 , 214.70 , -71.6 , 15 , 20.52 , 3.584 , 0.167 , 25.05 , 252.66
1961 , 10161 , 213.11 , -71.6 , 15 , 20.46 , 4.056 , 0.190 , 25.27 , 252.44
1971 , 10205 , 211.53 , -71.6 , 14 , 20.40 , 4.401 , 0.208 , 25.52 , 252.19
1981 , 10244 , 210.12 , -71.6 , 14 , 20.36 , 4.659 , 0.222 , 25.76 , 251.95
1991 , 10295 , 208.32 , -71.9 , 14 , 20.32 , 4.893 , 0.235 , 26.09 , 251.63
2001 , 10344 , 206.58 , -72.1 , 14 , 20.29 , 5.026 , 0.243 , 26.41 , 251.30
2011 , 10383 , 205.23 , -72.1 , 14 , 20.25 , 5.134 , 0.250 , 26.68 , 251.04
2021 , 10424 , 203.81 , -72.0 , 14 , 20.21 , 5.256 , 0.258 , 26.96 , 250.75
2031 , 10470 , 202.21 , -71.8 , 14 , 20.17 , 5.432 , 0.269 , 27.29 , 250.42
2041 , 10515 , 200.68 , -71.9 , 14 , 20.13 , 5.522 , 0.275 , 27.62 , 250.09
2051 , 10555 , 199.33 , -71.9 , 14 , 20.08 , 5.428 , 0.272 , 27.91 , 249.80
2061 , 10596 , 197.95 , -71.9 , 14 , 20.03 , 5.338 , 0.270 , 28.21 , 249.50
2071 , 10643 , 196.38 , -72.1 , 14 , 19.98 , 5.105 , 0.260 , 28.54 , 249.18
2081 , 10692 , 194.75 , -72.4 , 14 , 19.93 , 4.914 , 0.252 , 28.87 , 248.85
2091 , 10740 , 193.17 , -72.7 , 14 , 19.88 , 4.797 , 0.248 , 29.18 , 248.54
2101 , 10786 , 191.65 , -72.8 , 13 , 19.82 , 4.774 , 0.249 , 29.48 , 248.24
2111 , 10832 , 190.14 , -72.9 , 13 , 19.77 , 4.800 , 0.252 , 29.78 , 247.94
2121 , 10879 , 188.61 , -73.1 , 13 , 19.72 , 4.893 , 0.259 , 30.08 , 247.63
2131 , 10932 , 186.94 , -73.6 , 14 , 19.67 , 4.935 , 0.264 , 30.43 , 247.28
2141 , 10975 , 185.54 , -73.8 , 14 , 19.62 , 4.928 , 0.266 , 30.72 , 246.99
2151 , 11018 , 184.18 , -73.7 , 14 , 19.56 , 4.888 , 0.265 , 31.01 , 246.71
2161 , 11062 , 182.82 , -73.8 , 14 , 19.51 , 4.800 , 0.263 , 31.29 , 246.42
2171 , 11106 , 181.44 , -74.0 , 14 , 19.45 , 4.749 , 0.262 , 31.58 , 246.14
2181 , 11151 , 180.03 , -73.8 , 14 , 19.39 , 4.855 , 0.270 , 31.87 , 245.84
2191 , 11196 , 178.66 , -74.0 , 14 , 19.33 , 5.201 , 0.291 , 32.17 , 245.54
2201 , 11242 , 177.24 , -74.3 , 14 , 19.27 , 5.420 , 0.306 , 32.51 , 245.21
2211 , 11287 , 175.88 , -74.4 , 14 , 19.21 , 5.611 , 0.319 , 32.85 , 244.87
2221 , 11336 , 174.40 , -74.4 , 14 , 19.15 , 5.773 , 0.331 , 33.22 , 244.49
2231 , 11405 , 172.37 , -74.4 , 14 , 19.09 , 5.997 , 0.348 , 33.77 , 243.95
2241 , 11460 , 170.73 , -74.6 , 14 , 19.04 , 6.129 , 0.359 , 34.23 , 243.49
2250 , 11504 , 169.44 , -74.8 , 14 , 19.00 , 6.205 , 0.366 , 34.59 , 243.12
2260 , 11548 , 168.17 , -74.8 , 14 , 18.95 , 6.304 , 0.375 , 34.96 , 242.75
2270 , 11590 , 166.96 , -74.8 , 15 , 18.89 , 6.534 , 0.391 , 35.33 , 242.38
2280 , 11631 , 165.78 , -74.7 , 15 , 18.84 , 6.675 , 0.403 , 35.70 , 242.01
2290 , 11673 , 164.60 , -74.7 , 15 , 18.77 , 6.821 , 0.414 , 36.08 , 241.63
2300 , 11715 , 163.41 , -74.8 , 15 , 18.71 , 6.936 , 0.424 , 36.48 , 241.24
2310 , 11756 , 162.26 , -75.0 , 15 , 18.65 , 7.006 , 0.432 , 36.86 , 240.85
2320 , 11798 , 161.07 , -75.0 , 15 , 18.58 , 7.009 , 0.435 , 37.27 , 240.44
2330 , 11840 , 159.91 , -75.2 , 15 , 18.51 , 6.934 , 0.434 , 37.67 , 240.04
2340 , 11884 , 158.72 , -75.4 , 15 , 18.45 , 6.887 , 0.434 , 38.08 , 239.64
2350 , 11925 , 157.59 , -75.4 , 15 , 18.39 , 6.848 , 0.435 , 38.46 , 239.25
2360 , 11967 , 156.44 , -75.5 , 15 , 18.33 , 6.846 , 0.438 , 38.86 , 238.86
2370 , 12006 , 155.40 , -75.6 , 15 , 18.27 , 6.899 , 0.444 , 39.22 , 238.49
2380 , 12048 , 154.27 , -75.6 , 15 , 18.21 , 6.961 , 0.451 , 39.62 , 238.09
2390 , 12091 , 153.12 , -75.6 , 15 , 18.15 , 6.961 , 0.455 , 40.03 , 237.68
2400 , 12133 , 152.01 , -75.3 , 15 , 18.09 , 7.105 , 0.467 , 40.43 , 237.28
2410 , 12176 , 150.88 , -75.1 , 15 , 18.03 , 7.390 , 0.490 , 40.86 , 236.85
2420 , 12217 , 149.83 , -75.3 , 15 , 17.97 , 7.758 , 0.518 , 41.28 , 236.44
2430 , 12258 , 148.77 , -75.2 , 15 , 17.90 , 8.139 , 0.547 , 41.73 , 235.99
2440 , 12300 , 147.69 , -75.2 , 15 , 17.84 , 8.419 , 0.570 , 42.20 , 235.51
2450 , 12343 , 146.61 , -75.2 , 15 , 17.79 , 8.409 , 0.574 , 42.69 , 235.02
2460 , 12384 , 145.57 , -75.4 , 15 , 17.73 , 8.462 , 0.581 , 43.16 , 234.55
2470 , 12425 , 144.53 , -75.6 , 15 , 17.67 , 8.573 , 0.593 , 43.64 , 234.07
2480 , 12468 , 143.48 , -75.7 , 15 , 17.61 , 8.641 , 0.602 , 44.14 , 233.58
2490 , 12510 , 142.44 , -75.9 , 15 , 17.55 , 8.631 , 0.606 , 44.63 , 233.08
2500 , 12553 , 141.37 , -76.0 , 15 , 17.49 , 8.638 , 0.611 , 45.15 , 232.56
2510 , 12598 , 140.27 , -76.1 , 15 , 17.43 , 8.785 , 0.626 , 45.69 , 232.03
2520 , 12641 , 139.24 , -76.2 , 15 , 17.37 , 8.922 , 0.641 , 46.20 , 231.51
2530 , 12683 , 138.21 , -76.3 , 15 , 17.31 , 9.050 , 0.655 , 46.73 , 230.99
2540 , 12725 , 137.21 , -76.4 , 15 , 17.25 , 8.989 , 0.655 , 47.24 , 230.47
2549 , 12765 , 136.27 , -76.6 , 15 , 17.19 , 8.919 , 0.655 , 47.73 , 229.98
2559 , 12806 , 135.30 , -76.7 , 15 , 17.13 , 8.852 , 0.654 , 48.23 , 229.48
2569 , 12850 , 134.27 , -76.7 , 15 , 17.06 , 8.840 , 0.658 , 48.77 , 228.95
2579 , 12896 , 133.20 , -76.4 , 15 , 17.00 , 8.910 , 0.669 , 49.32 , 228.39
2589 , 12940 , 132.19 , -76.2 , 15 , 16.93 , 9.137 , 0.691 , 49.87 , 227.85
2599 , 12982 , 131.23 , -76.3 , 15 , 16.87 , 9.395 , 0.716 , 50.40 , 227.31
2609 , 13024 , 130.27 , -76.1 , 15 , 16.81 , 9.631 , 0.739 , 50.95 , 226.76
2619 , 13068 , 129.30 , -76.1 , 15 , 16.74 , 9.690 , 0.749 , 51.52 , 226.19
2629 , 13112 , 128.31 , -76.1 , 15 , 16.68 , 9.811 , 0.765 , 52.11 , 225.60
2639 , 13155 , 127.35 , -76.3 , 15 , 16.62 , 9.931 , 0.780 , 52.70 , 225.02
2649 , 13197 , 126.41 , -76.6 , 15 , 16.56 , 10.023 , 0.793 , 53.28 , 224.44
2659 , 13240 , 125.48 , -76.7 , 15 , 16.49 , 10.145 , 0.808 , 53.87 , 223.85
2669 , 13280 , 124.61 , -76.7 , 15 , 16.43 , 10.376 , 0.833 , 54.43 , 223.28
2679 , 13323 , 123.69 , -76.7 , 15 , 16.37 , 10.667 , 0.862 , 55.05 , 222.67
2689 , 13365 , 122.79 , -76.8 , 15 , 16.30 , 10.999 , 0.896 , 55.67 , 222.04
2699 , 13406 , 121.91 , -76.9 , 15 , 16.24 , 11.204 , 0.919 , 56.30 , 221.41
2709 , 13447 , 121.04 , -77.0 , 15 , 16.17 , 11.388 , 0.941 , 56.94 , 220.77
2719 , 13493 , 120.09 , -77.1 , 15 , 16.11 , 11.486 , 0.956 , 57.66 , 220.06
2729 , 13534 , 119.23 , -77.0 , 15 , 16.05 , 11.645 , 0.977 , 58.31 , 219.41
2739 , 13575 , 118.37 , -77.1 , 15 , 15.98 , 11.839 , 1.000 , 58.98 , 218.73
2749 , 13620 , 117.44 , -77.4 , 15 , 15.92 , 11.917 , 1.015 , 59.72 , 218.00
2759 , 13664 , 116.55 , -77.3 , 15 , 15.86 , 11.885 , 1.020 , 60.43 , 217.28
2769 , 13705 , 115.72 , -77.4 , 15 , 15.79 , 11.806 , 1.020 , 61.10 , 216.62
2779 , 13748 , 114.85 , -77.2 , 14 , 15.72 , 11.564 , 1.007 , 61.79 , 215.92
2789 , 13793 , 113.96 , -77.2 , 15 , 15.66 , 11.821 , 1.037 , 62.51 , 215.20
2799 , 13836 , 113.11 , -77.3 , 15 , 15.60 , 12.172 , 1.076 , 63.23 , 214.49
2809 , 13880 , 112.24 , -77.5 , 15 , 15.53 , 12.308 , 1.097 , 63.97 , 213.75
2819 , 13924 , 111.38 , -77.7 , 15 , 15.47 , 12.319 , 1.106 , 64.72 , 213.00
2829 , 13965 , 110.59 , -77.7 , 14 , 15.41 , 12.341 , 1.116 , 65.41 , 212.30
2839 , 14007 , 109.77 , -77.8 , 15 , 15.35 , 12.234 , 1.114 , 66.13 , 211.59
2849 , 14051 , 108.93 , -77.9 , 15 , 15.28 , 12.121 , 1.113 , 66.87 , 210.85
2858 , 14092 , 108.15 , -78.2 , 15 , 15.22 , 12.015 , 1.111 , 67.55 , 210.16
2868 , 14134 , 107.37 , -78.2 , 15 , 15.16 , 11.891 , 1.108 , 68.24 , 209.48
2878 , 14179 , 106.53 , -78.2 , 15 , 15.10 , 11.696 , 1.098 , 68.97 , 208.74
2888 , 14225 , 105.66 , -78.4 , 15 , 15.04 , 11.529 , 1.091 , 69.72 , 207.99
2898 , 14273 , 104.77 , -78.5 , 15 , 14.97 , 11.621 , 1.109 , 70.49 , 207.22
2908 , 14320 , 103.92 , -78.5 , 15 , 14.91 , 12.228 , 1.177 , 71.26 , 206.45
2918 , 14365 , 103.09 , -78.3 , 15 , 14.85 , 12.741 , 1.236 , 72.05 , 205.67
2928 , 14413 , 102.23 , -78.5 , 15 , 14.79 , 12.936 , 1.265 , 72.90 , 204.81
2938 , 14460 , 101.39 , -78.7 , 15 , 14.72 , 12.974 , 1.280 , 73.74 , 203.98
2948 , 14511 , 100.48 , -78.6 , 15 , 14.66 , 12.910 , 1.285 , 74.66 , 203.06
2958 , 14562 , 99.59 , -79.0 , 15 , 14.60 , 12.859 , 1.291 , 75.56 , 202.15
2968 , 14608 , 98.79 , -79.3 , 15 , 14.54 , 12.770 , 1.293 , 76.39 , 201.33
2978 , 14655 , 97.98 , -79.2 , 14 , 14.48 , 12.817 , 1.308 , 77.22 , 200.50
2988 , 14702 , 97.17 , -79.4 , 14 , 14.41 , 12.861 , 1.324 , 78.06 , 199.66
2998 , 14747 , 96.39 , -79.4 , 14 , 14.35 , 12.739 , 1.322 , 78.86 , 198.85
3008 , 14792 , 95.63 , -79.7 , 14 , 14.29 , 12.529 , 1.310 , 79.65 , 198.06
3018 , 14836 , 94.89 , -79.8 , 14 , 14.23 , 12.484 , 1.316 , 80.42 , 197.29
3027 , 14880 , 94.17 , -79.8 , 14 , 14.17 , 12.544 , 1.332 , 81.18 , 196.54
3037 , 14922 , 93.46 , -79.9 , 15 , 14.11 , 12.935 , 1.384 , 81.94 , 195.78
3047 , 14965 , 92.75 , -80.2 , 15 , 14.04 , 13.176 , 1.421 , 82.72 , 194.99
3057 , 15009 , 92.04 , -80.2 , 15 , 13.98 , 13.437 , 1.460 , 83.54 , 194.18
3067 , 15055 , 91.29 , -80.2 , 15 , 13.92 , 13.756 , 1.507 , 84.40 , 193.31
3077 , 15101 , 90.55 , -80.0 , 15 , 13.86 , 14.106 , 1.558 , 85.31 , 192.41
3087 , 15150 , 89.77 , -80.0 , 15 , 13.79 , 14.505 , 1.616 , 86.28 , 191.43
3097 , 15197 , 89.02 , -80.0 , 15 , 13.73 , 14.710 , 1.652 , 87.25 , 190.47
3107 , 15242 , 88.31 , -80.0 , 15 , 13.67 , 14.832 , 1.680 , 88.18 , 189.54
3117 , 15287 , 87.63 , -79.6 , 15 , 13.60 , 15.071 , 1.720 , 89.09 , 188.62
3127 , 15332 , 86.92 , -79.4 , 15 , 13.54 , 15.502 , 1.783 , 90.07 , 187.65
3137 , 15378 , 86.22 , -79.7 , 15 , 13.48 , 15.750 , 1.827 , 91.07 , 186.65
3146 , 15422 , 85.56 , -80.0 , 15 , 13.42 , 15.973 , 1.867 , 92.03 , 185.69
3155 , 15466 , 84.89 , -80.1 , 15 , 13.36 , 16.005 , 1.885 , 93.02 , 184.69
3165 , 15514 , 84.18 , -80.2 , 15 , 13.31 , 16.153 , 1.919 , 94.09 , 183.62
3175 , 15565 , 83.41 , -80.4 , 15 , 13.24 , 16.154 , 1.937 , 95.26 , 182.45
3185 , 15614 , 82.69 , -80.7 , 15 , 13.18 , 16.155 , 1.954 , 96.37 , 181.34
3195 , 15664 , 81.96 , -81.0 , 15 , 13.12 , 16.126 , 1.968 , 97.50 , 180.21
3205 , 15712 , 81.26 , -81.0 , 14 , 13.06 , 16.066 , 1.977 , 98.58 , 179.13
3214 , 15758 , 80.60 , -80.8 , 14 , 13.00 , 15.995 , 1.985 , 99.62 , 178.10
3224 , 15807 , 79.91 , -80.5 , 14 , 12.94 , 16.034 , 2.007 , 100.70 , 177.01
3234 , 15855 , 79.23 , -80.5 , 14 , 12.88 , 16.226 , 2.048 , 101.80 , 175.92
3244 , 15901 , 78.59 , -80.5 , 14 , 12.82 , 16.336 , 2.079 , 102.84 , 174.87
3254 , 15946 , 77.97 , -80.4 , 14 , 12.76 , 16.556 , 2.123 , 103.87 , 173.85
3264 , 15989 , 77.37 , -80.5 , 14 , 12.70 , 16.682 , 2.156 , 104.88 , 172.83
3274 , 16033 , 76.78 , -80.5 , 14 , 12.64 , 16.795 , 2.188 , 105.89 , 171.82
3284 , 16076 , 76.19 , -80.5 , 14 , 12.59 , 16.923 , 2.221 , 106.91 , 170.80
3294 , 16119 , 75.61 , -80.2 , 14 , 12.53 , 17.047 , 2.255 , 107.94 , 169.77
3304 , 16163 , 75.03 , -80.3 , 14 , 12.47 , 17.122 , 2.282 , 108.98 , 168.73
3314 , 16206 , 74.46 , -80.4 , 14 , 12.41 , 17.141 , 2.302 , 110.01 , 167.70
3324 , 16249 , 73.89 , -80.4 , 14 , 12.35 , 17.176 , 2.325 , 111.05 , 166.66
3334 , 16291 , 73.33 , -79.9 , 14 , 12.29 , 17.306 , 2.360 , 112.07 , 165.64
3344 , 16334 , 72.78 , -79.9 , 14 , 12.24 , 17.336 , 2.382 , 113.11 , 164.60
3354 , 16379 , 72.21 , -80.0 , 14 , 12.18 , 17.348 , 2.402 , 114.18 , 163.53
3364 , 16421 , 71.67 , -80.2 , 14 , 12.12 , 17.300 , 2.414 , 115.21 , 162.50
3374 , 16463 , 71.15 , -80.1 , 14 , 12.07 , 17.174 , 2.414 , 116.21 , 161.51
3384 , 16504 , 70.62 , -80.2 , 14 , 12.01 , 17.001 , 2.407 , 117.21 , 160.50
3394 , 16550 , 70.06 , -80.5 , 14 , 11.95 , 16.757 , 2.392 , 118.28 , 159.44
3404 , 16593 , 69.52 , -80.5 , 14 , 11.90 , 16.727 , 2.406 , 119.30 , 158.41
3413 , 16637 , 68.99 , -80.3 , 13 , 11.84 , 16.692 , 2.420 , 120.31 , 157.40
3422 , 16680 , 68.45 , -80.1 , 13 , 11.79 , 16.710 , 2.441 , 121.33 , 156.38
3432 , 16725 , 67.91 , -80.0 , 13 , 11.74 , 16.752 , 2.467 , 122.39 , 155.33
3442 , 16772 , 67.36 , -80.1 , 13 , 11.68 , 16.918 , 2.512 , 123.47 , 154.24
3452 , 16822 , 66.75 , -80.1 , 13 , 11.62 , 17.148 , 2.569 , 124.68 , 153.03
3462 , 16879 , 66.09 , -80.3 , 13 , 11.56 , 17.214 , 2.605 , 126.04 , 151.68
3472 , 16931 , 65.48 , -80.6 , 13 , 11.51 , 17.255 , 2.635 , 127.30 , 150.41
3481 , 16979 , 64.93 , -80.6 , 13 , 11.45 , 17.239 , 2.655 , 128.45 , 149.26
3491 , 17028 , 64.36 , -80.6 , 13 , 11.40 , 17.273 , 2.684 , 129.64 , 148.07
3501 , 17079 , 63.79 , -80.7 , 13 , 11.34 , 17.279 , 2.709 , 130.86 , 146.85
3511 , 17128 , 63.23 , -80.7 , 13 , 11.28 , 17.132 , 2.710 , 132.06 , 145.65
3521 , 17178 , 62.68 , -80.9 , 13 , 11.22 , 17.058 , 2.722 , 133.24 , 144.47
3531 , 17227 , 62.13 , -80.9 , 13 , 11.16 , 17.051 , 2.744 , 134.41 , 143.30
3541 , 17276 , 61.59 , -80.8 , 12 , 11.11 , 16.857 , 2.737 , 135.59 , 142.12
3551 , 17326 , 61.05 , -81.0 , 13 , 11.05 , 16.654 , 2.728 , 136.76 , 140.95
3561 , 17372 , 60.56 , -81.0 , 12 , 10.99 , 16.687 , 2.756 , 137.83 , 139.89
3571 , 17419 , 60.04 , -80.9 , 12 , 10.93 , 16.619 , 2.768 , 138.95 , 138.77
3581 , 17468 , 59.53 , -80.6 , 12 , 10.87 , 16.531 , 2.777 , 140.08 , 137.64
3591 , 17516 , 59.02 , -80.7 , 12 , 10.81 , 16.327 , 2.766 , 141.17 , 136.54
3601 , 17564 , 58.52 , -81.0 , 12 , 10.76 , 16.092 , 2.750 , 142.27 , 135.44
3611 , 17610 , 58.04 , -81.3 , 12 , 10.70 , 15.925 , 2.744 , 143.30 , 134.41
3621 , 17658 , 57.55 , -81.4 , 12 , 10.64 , 15.722 , 2.732 , 144.38 , 133.34
3631 , 17705 , 57.07 , -81.5 , 12 , 10.58 , 15.672 , 2.746 , 145.40 , 132.32
3641 , 17752 , 56.59 , -81.4 , 12 , 10.52 , 15.585 , 2.754 , 146.44 , 131.27
3651 , 17800 , 56.11 , -81.6 , 12 , 10.46 , 15.491 , 2.761 , 147.49 , 130.23
3661 , 17847 , 55.64 , -81.8 , 12 , 10.41 , 15.380 , 2.764 , 148.51 , 129.21
3671 , 17895 , 55.16 , -81.9 , 12 , 10.36 , 15.343 , 2.781 , 149.56 , 128.15
3681 , 17943 , 54.69 , -82.1 , 12 , 10.30 , 15.312 , 2.800 , 150.60 , 127.12
3691 , 17991 , 54.23 , -82.2 , 12 , 10.24 , 15.267 , 2.815 , 151.63 , 126.08
3701 , 18038 , 53.77 , -82.4 , 12 , 10.19 , 15.246 , 2.835 , 152.65 , 125.07
3710 , 18083 , 53.34 , -82.5 , 12 , 10.14 , 15.095 , 2.830 , 153.61 , 124.11
3720 , 18127 , 52.92 , -82.5 , 12 , 10.10 , 14.871 , 2.810 , 154.54 , 123.17
3730 , 18175 , 52.47 , -82.5 , 12 , 10.05 , 14.708 , 2.803 , 155.54 , 122.18
3740 , 18222 , 52.03 , -82.6 , 12 , 10.00 , 14.607 , 2.807 , 156.51 , 121.20
3750 , 18268 , 51.60 , -82.6 , 12 , 9.96 , 14.429 , 2.796 , 157.46 , 120.25
3760 , 18316 , 51.16 , -82.5 , 12 , 9.92 , 14.375 , 2.810 , 158.44 , 119.27
3770 , 18362 , 50.74 , -82.4 , 12 , 9.88 , 14.317 , 2.822 , 159.37 , 118.34
3780 , 18407 , 50.33 , -82.2 , 12 , 9.83 , 14.331 , 2.847 , 160.29 , 117.43
3790 , 18454 , 49.91 , -82.1 , 12 , 9.80 , 14.240 , 2.853 , 161.22 , 116.49
3800 , 18499 , 49.51 , -82.0 , 12 , 9.76 , 14.208 , 2.870 , 162.14 , 115.58
3810 , 18547 , 49.09 , -82.0 , 12 , 9.72 , 14.127 , 2.878 , 163.09 , 114.63
3820 , 18594 , 48.68 , -82.1 , 12 , 9.68 , 14.060 , 2.888 , 164.02 , 113.69
3830 , 18640 , 48.28 , -82.2 , 12 , 9.64 , 13.994 , 2.899 , 164.94 , 112.78
3840 , 18686 , 47.89 , -82.3 , 12 , 9.59 , 13.933 , 2.910 , 165.84 , 111.88
3850 , 18733 , 47.48 , -82.2 , 12 , 9.55 , 13.855 , 2.918 , 166.77 , 110.95
3860 , 18781 , 47.08 , -82.4 , 12 , 9.51 , 13.743 , 2.919 , 167.70 , 110.01
3870 , 18828 , 46.69 , -82.5 , 12 , 9.46 , 13.715 , 2.938 , 168.61 , 109.11
3880 , 18874 , 46.30 , -82.5 , 12 , 9.42 , 13.660 , 2.950 , 169.49 , 108.22
3890 , 18921 , 45.91 , -82.6 , 12 , 9.37 , 13.547 , 2.951 , 170.41 , 107.30
3900 , 18968 , 45.53 , -82.8 , 12 , 9.33 , 13.432 , 2.950 , 171.30 , 106.41
3910 , 19012 , 45.17 , -82.7 , 12 , 9.29 , 13.294 , 2.943 , 172.13 , 105.58
3920 , 19057 , 44.81 , -82.7 , 12 , 9.25 , 13.100 , 2.924 , 172.97 , 104.74
3930 , 19103 , 44.43 , -82.8 , 12 , 9.21 , 12.851 , 2.892 , 173.83 , 103.88
3940 , 19150 , 44.06 , -82.7 , 12 , 9.18 , 12.602 , 2.860 , 174.67 , 103.04
3950 , 19195 , 43.71 , -82.6 , 12 , 9.14 , 12.350 , 2.826 , 175.47 , 102.24
3960 , 19240 , 43.35 , -82.5 , 12 , 9.11 , 12.001 , 2.768 , 176.25 , 101.47
3970 , 19285 , 43.01 , -82.4 , 12 , 9.08 , 11.665 , 2.712 , 176.99 , 100.72
3979 , 19328 , 42.68 , -82.4 , 12 , 9.04 , 11.453 , 2.683 , 177.69 , 100.02
3989 , 19369 , 42.36 , -82.3 , 12 , 9.01 , 11.192 , 2.642 , 178.36 , 99.36
3999 , 19413 , 42.04 , -82.3 , 12 , 8.98 , 10.908 , 2.595 , 179.04 , 98.68
4009 , 19456 , 41.71 , -82.3 , 12 , 8.94 , 10.718 , 2.570 , 179.69 , 98.02
4019 , 19498 , 41.40 , -82.2 , 12 , 8.91 , 10.568 , 2.553 , 180.33 , 97.39
4029 , 19540 , 41.09 , -81.7 , 12 , 8.87 , 10.468 , 2.548 , 180.95 , 96.76
4039 , 19582 , 40.78 , -81.6 , 12 , 8.83 , 10.377 , 2.544 , 181.57 , 96.15
4049 , 19625 , 40.47 , -81.5 , 12 , 8.79 , 10.308 , 2.547 , 182.19 , 95.52
4059 , 19667 , 40.17 , -81.6 , 12 , 8.75 , 10.263 , 2.555 , 182.81 , 94.91
4069 , 19711 , 39.85 , -81.7 , 12 , 8.71 , 10.193 , 2.558 , 183.44 , 94.28
4079 , 19754 , 39.55 , -81.6 , 12 , 8.67 , 10.105 , 2.555 , 184.04 , 93.67
4089 , 19799 , 39.24 , -81.7 , 12 , 8.63 , 10.007 , 2.550 , 184.68 , 93.03
4099 , 19842 , 38.93 , -81.8 , 12 , 8.58 , 9.901 , 2.543 , 185.29 , 92.42
4109 , 19887 , 38.63 , -81.8 , 12 , 8.54 , 9.832 , 2.545 , 185.91 , 91.81
4119 , 19932 , 38.32 , -81.9 , 12 , 8.49 , 9.780 , 2.552 , 186.53 , 91.18
4129 , 19977 , 38.01 , -81.6 , 12 , 8.44 , 9.709 , 2.555 , 187.15 , 90.56
4139 , 20022 , 37.71 , -81.5 , 12 , 8.39 , 9.724 , 2.579 , 187.77 , 89.95
4149 , 20069 , 37.39 , -81.6 , 12 , 8.34 , 9.678 , 2.589 , 188.42 , 89.30
4159 , 20116 , 37.08 , -81.8 , 12 , 8.28 , 9.613 , 2.593 , 189.05 , 88.67
4169 , 20164 , 36.76 , -81.5 , 12 , 8.23 , 9.479 , 2.578 , 189.69 , 88.03
4179 , 20210 , 36.46 , -81.1 , 11 , 8.17 , 9.284 , 2.546 , 190.30 , 87.41
4189 , 20261 , 36.14 , -80.9 , 11 , 8.11 , 9.158 , 2.534 , 190.95 , 86.76
4199 , 20308 , 35.83 , -80.7 , 11 , 8.06 , 9.066 , 2.530 , 191.56 , 86.15
4209 , 20357 , 35.52 , -80.3 , 11 , 8.00 , 9.022 , 2.540 , 192.18 , 85.53
4219 , 20405 , 35.22 , -80.1 , 11 , 7.94 , 9.035 , 2.565 , 192.79 , 84.93
4229 , 20457 , 34.90 , -80.2 , 11 , 7.87 , 9.036 , 2.589 , 193.44 , 84.27
4239 , 20508 , 34.59 , -80.2 , 11 , 7.81 , 9.018 , 2.607 , 194.08 , 83.63
4249 , 20557 , 34.28 , -80.3 , 11 , 7.75 , 8.983 , 2.620 , 194.71 , 83.01
4258 , 20605 , 33.99 , -80.1 , 11 , 7.69 , 9.001 , 2.648 , 195.31 , 82.40
4268 , 20652 , 33.72 , -80.1 , 11 , 7.63 , 8.966 , 2.659 , 195.89 , 81.82
4278 , 20700 , 33.43 , -79.9 , 11 , 7.56 , 8.888 , 2.659 , 196.50 , 81.22
4288 , 20749 , 33.14 , -79.9 , 11 , 7.50 , 8.838 , 2.667 , 197.10 , 80.62
4298 , 20795 , 32.87 , -79.9 , 11 , 7.44 , 8.749 , 2.662 , 197.67 , 80.05
4308 , 20843 , 32.59 , -79.9 , 11 , 7.37 , 8.663 , 2.658 , 198.25 , 79.47
4318 , 20890 , 32.32 , -79.5 , 11 , 7.31 , 8.612 , 2.664 , 198.82 , 78.90
4328 , 20939 , 32.05 , -79.4 , 11 , 7.25 , 8.540 , 2.665 , 199.39 , 78.32
4338 , 20987 , 31.78 , -79.2 , 11 , 7.19 , 8.488 , 2.671 , 199.97 , 77.75
4348 , 21035 , 31.51 , -79.1 , 11 , 7.13 , 8.449 , 2.681 , 200.53 , 77.18
4358 , 21082 , 31.25 , -79.2 , 11 , 7.07 , 8.390 , 2.685 , 201.08 , 76.63
4368 , 21128 , 31.00 , -79.3 , 11 , 7.01 , 8.357 , 2.696 , 201.62 , 76.09
4378 , 21179 , 30.72 , -79.4 , 10 , 6.95 , 8.337 , 2.714 , 202.21 , 75.51
4388 , 21228 , 30.46 , -79.5 , 10 , 6.89 , 8.330 , 2.735 , 202.78 , 74.94
4398 , 21277 , 30.19 , -79.8 , 10 , 6.84 , 8.243 , 2.730 , 203.35 , 74.37
4408 , 21326 , 29.93 , -79.8 , 10 , 6.78 , 8.212 , 2.744 , 203.91 , 73.81
4417 , 21372 , 29.69 , -79.8 , 10 , 6.73 , 8.191 , 2.759 , 204.44 , 73.28
4427 , 21420 , 29.44 , -79.9 , 10 , 6.68 , 8.121 , 2.758 , 204.98 , 72.74
4437 , 21468 , 29.19 , -79.7 , 10 , 6.63 , 8.095 , 2.773 , 205.52 , 72.20
4447 , 21516 , 28.94 , -79.6 , 10 , 6.58 , 8.058 , 2.784 , 206.06 , 71.65
4457 , 21568 , 28.68 , -79.7 , 10 , 6.53 , 7.990 , 2.786 , 206.64 , 71.07
4467 , 21615 , 28.45 , -79.8 , 10 , 6.48 , 7.927 , 2.787 , 207.16 , 70.56
4477 , 21661 , 28.21 , -79.8 , 10 , 6.44 , 7.840 , 2.779 , 207.67 , 70.05
4487 , 21710 , 27.97 , -79.9 , 10 , 6.40 , 7.802 , 2.790 , 208.20 , 69.51
4497 , 21758 , 27.73 , -79.9 , 10 , 6.35 , 7.753 , 2.796 , 208.73 , 68.99
4507 , 21804 , 27.51 , -79.8 , 10 , 6.31 , 7.703 , 2.800 , 209.22 , 68.50
4517 , 21850 , 27.29 , -79.4 , 10 , 6.27 , 7.576 , 2.776 , 209.71 , 68.01
4527 , 21891 , 27.09 , -79.6 , 10 , 6.23 , 7.467 , 2.756 , 210.14 , 67.57
4537 , 21937 , 26.87 , -79.7 , 10 , 6.19 , 7.380 , 2.746 , 210.61 , 67.10
4547 , 21981 , 26.66 , -79.6 , 10 , 6.15 , 7.284 , 2.732 , 211.06 , 66.65
4557 , 22025 , 26.46 , -79.4 , 10 , 6.12 , 7.225 , 2.731 , 211.51 , 66.21
4566 , 22068 , 26.26 , -79.0 , 10 , 6.08 , 7.245 , 2.759 , 211.94 , 65.77
4576 , 22110 , 26.07 , -78.7 , 10 , 6.05 , 7.324 , 2.810 , 212.36 , 65.35
4586 , 22154 , 25.86 , -78.4 , 10 , 6.01 , 7.433 , 2.874 , 212.82 , 64.90
4596 , 22199 , 25.66 , -78.5 , 10 , 5.98 , 7.551 , 2.943 , 213.28 , 64.43
4606 , 22244 , 25.46 , -78.8 , 10 , 5.94 , 7.612 , 2.990 , 213.76 , 63.96
4616 , 22290 , 25.25 , -78.7 , 10 , 5.90 , 7.572 , 2.998 , 214.24 , 63.47
4626 , 22336 , 25.05 , -78.5 , 10 , 5.86 , 7.513 , 2.999 , 214.72 , 62.99
4636 , 22385 , 24.84 , -78.3 , 10 , 5.83 , 7.448 , 2.999 , 215.23 , 62.49
4646 , 22432 , 24.63 , -77.9 , 10 , 5.80 , 7.331 , 2.976 , 215.71 , 62.01
4656 , 22483 , 24.41 , -78.0 , 10 , 5.78 , 7.168 , 2.936 , 216.22 , 61.49
4666 , 22535 , 24.19 , -78.1 , 10 , 5.75 , 6.973 , 2.882 , 216.72 , 60.99
4676 , 22588 , 23.97 , -78.1 , 10 , 5.72 , 6.815 , 2.843 , 217.23 , 60.48
4685 , 22637 , 23.77 , -77.8 , 9 , 5.70 , 6.655 , 2.801 , 217.68 , 60.03
4695 , 22684 , 23.57 , -77.6 , 9 , 5.68 , 6.509 , 2.762 , 218.12 , 59.60
4705 , 22743 , 23.33 , -77.4 , 9 , 5.66 , 6.324 , 2.711 , 218.64 , 59.07
4715 , 22799 , 23.10 , -77.6 , 9 , 5.63 , 6.217 , 2.691 , 219.12 , 58.59
4725 , 22854 , 22.88 , -77.5 , 9 , 5.60 , 6.110 , 2.670 , 219.58 , 58.13
4735 , 22907 , 22.67 , -77.3 , 9 , 5.57 , 6.073 , 2.679 , 220.03 , 57.69
4745 , 22960 , 22.46 , -77.1 , 9 , 5.54 , 6.080 , 2.707 , 220.48 , 57.24
4755 , 23013 , 22.25 , -77.1 , 9 , 5.51 , 6.093 , 2.738 , 220.92 , 56.79
4765 , 23066 , 22.05 , -77.0 , 9 , 5.49 , 6.049 , 2.743 , 221.36 , 56.35
4775 , 23118 , 21.85 , -76.8 , 9 , 5.46 , 6.025 , 2.758 , 221.79 , 55.92
4785 , 23168 , 21.66 , -76.6 , 9 , 5.43 , 5.991 , 2.766 , 222.21 , 55.51
4795 , 23220 , 21.47 , -76.6 , 9 , 5.41 , 5.984 , 2.787 , 222.63 , 55.09
4805 , 23270 , 21.28 , -76.5 , 9 , 5.38 , 5.980 , 2.810 , 223.04 , 54.68
4815 , 23318 , 21.10 , -76.4 , 9 , 5.34 , 6.003 , 2.844 , 223.44 , 54.28
4825 , 23365 , 20.93 , -76.4 , 9 , 5.31 , 6.054 , 2.892 , 223.82 , 53.89
4835 , 23413 , 20.76 , -76.2 , 9 , 5.27 , 6.096 , 2.936 , 224.23 , 53.49
4845 , 23458 , 20.60 , -75.9 , 9 , 5.22 , 6.140 , 2.981 , 224.60 , 53.11
4854 , 23502 , 20.44 , -75.9 , 9 , 5.18 , 6.163 , 3.015 , 224.97 , 52.75
4863 , 23543 , 20.30 , -76.0 , 9 , 5.14 , 6.192 , 3.051 , 225.32 , 52.40
4873 , 23586 , 20.15 , -76.0 , 9 , 5.09 , 6.224 , 3.089 , 225.68 , 52.04
4883 , 23628 , 20.00 , -76.0 , 8 , 5.04 , 6.217 , 3.108 , 226.04 , 51.68
4893 , 23673 , 19.84 , -75.9 , 8 , 4.99 , 6.185 , 3.117 , 226.42 , 51.29
4903 , 23718 , 19.69 , -75.7 , 8 , 4.94 , 6.183 , 3.140 , 226.80 , 50.91
4913 , 23763 , 19.54 , -75.6 , 8 , 4.90 , 6.183 , 3.164 , 227.18 , 50.54
4923 , 23810 , 19.38 , -75.5 , 8 , 4.86 , 6.145 , 3.171 , 227.58 , 50.14
4933 , 23854 , 19.23 , -75.7 , 8 , 4.82 , 6.111 , 3.177 , 227.94 , 49.77
4943 , 23899 , 19.08 , -75.5 , 8 , 4.79 , 6.106 , 3.200 , 228.32 , 49.39
4953 , 23945 , 18.93 , -75.2 , 8 , 4.76 , 6.167 , 3.258 , 228.71 , 49.01
4963 , 23990 , 18.79 , -75.0 , 8 , 4.73 , 6.164 , 3.281 , 229.08 , 48.63
4973 , 24037 , 18.64 , -74.5 , 8 , 4.70 , 6.118 , 3.283 , 229.47 , 48.24
4983 , 24082 , 18.49 , -73.9 , 8 , 4.67 , 6.079 , 3.287 , 229.84 , 47.87
4993 , 24129 , 18.34 , -73.5 , 8 , 4.64 , 6.072 , 3.310 , 230.23 , 47.48
5003 , 24177 , 18.19 , -73.1 , 7 , 4.61 , 6.032 , 3.316 , 230.62 , 47.09
5013 , 24229 , 18.03 , -73.2 , 7 , 4.57 , 6.006 , 3.331 , 231.04 , 46.67
5023 , 24282 , 17.87 , -73.3 , 7 , 4.53 , 5.986 , 3.350 , 231.48 , 46.24
5033 , 24336 , 17.70 , -73.3 , 7 , 4.49 , 5.963 , 3.368 , 231.91 , 45.80
5043 , 24390 , 17.54 , -73.4 , 7 , 4.45 , 5.935 , 3.383 , 232.35 , 45.37
5053 , 24447 , 17.37 , -73.2 , 7 , 4.40 , 5.930 , 3.414 , 232.80 , 44.91
5063 , 24505 , 17.20 , -72.2 , 7 , 4.36 , 5.922 , 3.443 , 233.26 , 44.45
5073 , 24561 , 17.04 , -71.9 , 7 , 4.30 , 5.930 , 3.480 , 233.71 , 44.01
5083 , 24620 , 16.87 , -71.9 , 7 , 4.25 , 5.932 , 3.516 , 234.18 , 43.54
5093 , 24682 , 16.69 , -71.8 , 7 , 4.20 , 5.884 , 3.525 , 234.67 , 43.05
5103 , 24739 , 16.53 , -71.6 , 6 , 4.14 , 5.816 , 3.518 , 235.11 , 42.60
5113 , 24801 , 16.36 , -71.4 , 6 , 4.09 , 5.736 , 3.506 , 235.59 , 42.12
5123 , 24862 , 16.19 , -71.6 , 6 , 4.03 , 5.627 , 3.475 , 236.05 , 41.66
5133 , 24925 , 16.02 , -71.6 , 6 , 3.97 , 5.548 , 3.463 , 236.53 , 41.19
5143 , 24988 , 15.85 , -71.6 , 6 , 3.91 , 5.455 , 3.442 , 236.99 , 40.73
5153 , 25050 , 15.68 , -71.7 , 6 , 3.86 , 5.382 , 3.431 , 237.44 , 40.28
5163 , 25114 , 15.51 , -71.6 , 6 , 3.80 , 5.341 , 3.443 , 237.90 , 39.82
5173 , 25171 , 15.36 , -71.8 , 6 , 3.74 , 5.272 , 3.432 , 238.31 , 39.41
5182 , 25231 , 15.21 , -71.8 , 6 , 3.69 , 5.225 , 3.435 , 238.73 , 38.99
5192 , 25282 , 15.08 , -71.9 , 5 , 3.64 , 5.167 , 3.427 , 239.08 , 38.63
5202 , 25338 , 14.94 , -71.9 , 5 , 3.58 , 5.075 , 3.398 , 239.46 , 38.25
5212 , 25394 , 14.79 , -72.0 , 5 , 3.52 , 5.002 , 3.381 , 239.84 , 37.87
5222 , 25448 , 14.66 , -71.7 , 5 , 3.46 , 4.936 , 3.367 , 240.20 , 37.51
5232 , 25502 , 14.53 , -71.5 , 5 , 3.41 , 4.903 , 3.375 , 240.56 , 37.16
5242 , 25548 , 14.41 , -71.2 , 5 , 3.35 , 4.876 , 3.383 , 240.85 , 36.86
5252 , 25599 , 14.29 , -71.2 , 5 , 3.29 , 4.761 , 3.332 , 241.19 , 36.53
5262 , 25649 , 14.17 , -71.5 , 5 , 3.23 , 4.660 , 3.289 , 241.50 , 36.21
5272 , 25698 , 14.05 , -71.5 , 5 , 3.17 , 4.599 , 3.273 , 241.80 , 35.91
5282 , 25743 , 13.94 , -71.7 , 4 , 3.12 , 4.562 , 3.272 , 242.08 , 35.63
5292 , 25790 , 13.83 , -72.0 , 4 , 3.06 , 4.515 , 3.264 , 242.36 , 35.35
5302 , 25832 , 13.74 , -72.3 , 4 , 3.01 , 4.473 , 3.256 , 242.62 , 35.10
5312 , 25867 , 13.65 , -72.4 , 4 , 2.96 , 4.421 , 3.238 , 242.82 , 34.89
5322 , 25905 , 13.57 , -72.2 , 4 , 2.91 , 4.407 , 3.249 , 243.05 , 34.66
5332 , 25937 , 13.49 , -72.2 , 4 , 2.86 , 4.401 , 3.261 , 243.24 , 34.47
5342 , 25968 , 13.42 , -72.2 , 4 , 2.81 , 4.356 , 3.245 , 243.42 , 34.29
5352 , 26001 , 13.35 , -72.1 , 4 , 2.76 , 4.321 , 3.237 , 243.61 , 34.10
