# ------------------------------------------------------------
#
# Flight name: V0413
# Station: Davis
# Launch Date: 16 July 2013
# Launch Time: 23:15:44
# 
# This file created: Wed Jul 17 12:06:51 2013
# 
# 
# ------------------------------------------------------------
# DATA COLUMNS
# Time (s)
# Height (m)
# Atmospheric Pressure (hPa)
# Atmospheric Temperature (°C)
# Relative Humidity (%)
# Box Temperature (°C)
# Ozone Partial Pressure (mPa)
# Ozone Mixing Ratio (ppmV)
# Accumulated Ozone to this Height (Dobson Units)
# Remaining Ozone above this Height (Dobson Units)
# 
# ------------------------------------------------------------
# 
# Integrated Ozone = 172.7 DU
# Extrapolated Ozone =  88.6 DU
# 
# Total Ozone = 261.3 DU
# 
# 
# ------------------------------------------------------------
1 , 18 , 961.65 , -13.6 , 35 , 31.08 , 2.558 , 0.027 , 0.00 , 261.25
10 , 54 , 957.02 , -13.8 , 40 , 31.11 , 2.729 , 0.029 , 0.10 , 261.15
20 , 106 , 950.54 , -13.8 , 40 , 31.10 , 2.881 , 0.030 , 0.25 , 261.00
29 , 161 , 943.62 , -13.7 , 38 , 31.09 , 2.993 , 0.032 , 0.42 , 260.83
39 , 215 , 937.03 , -13.7 , 38 , 31.09 , 3.056 , 0.033 , 0.59 , 260.67
49 , 268 , 930.41 , -14.0 , 38 , 31.10 , 3.091 , 0.033 , 0.76 , 260.50
59 , 325 , 923.49 , -14.2 , 38 , 31.09 , 3.107 , 0.034 , 0.94 , 260.31
69 , 384 , 916.34 , -14.5 , 39 , 31.08 , 3.136 , 0.034 , 1.13 , 260.12
79 , 444 , 909.04 , -14.9 , 40 , 31.07 , 3.144 , 0.035 , 1.33 , 259.92
89 , 508 , 901.41 , -14.7 , 40 , 31.06 , 3.123 , 0.035 , 1.54 , 259.71
99 , 578 , 893.18 , -14.5 , 39 , 31.04 , 3.114 , 0.035 , 1.77 , 259.49
109 , 645 , 885.30 , -14.6 , 39 , 31.01 , 3.113 , 0.035 , 1.98 , 259.27
119 , 715 , 877.09 , -15.0 , 40 , 30.97 , 3.086 , 0.035 , 2.21 , 259.04
129 , 783 , 869.26 , -15.6 , 41 , 30.95 , 3.074 , 0.035 , 2.43 , 258.82
139 , 848 , 861.75 , -16.2 , 43 , 30.91 , 3.069 , 0.036 , 2.64 , 258.61
149 , 915 , 854.16 , -16.8 , 45 , 30.87 , 3.060 , 0.036 , 2.85 , 258.40
159 , 979 , 846.87 , -17.4 , 48 , 30.83 , 3.034 , 0.036 , 3.06 , 258.19
169 , 1045 , 839.45 , -18.0 , 51 , 30.82 , 3.004 , 0.036 , 3.27 , 257.98
179 , 1112 , 831.89 , -18.6 , 52 , 30.78 , 2.967 , 0.036 , 3.48 , 257.77
189 , 1178 , 824.60 , -19.3 , 55 , 30.76 , 2.953 , 0.036 , 3.69 , 257.57
199 , 1245 , 817.17 , -19.9 , 57 , 30.72 , 2.914 , 0.036 , 3.90 , 257.36
209 , 1316 , 809.39 , -20.6 , 63 , 30.67 , 2.894 , 0.036 , 4.12 , 257.14
219 , 1392 , 801.14 , -21.3 , 69 , 30.63 , 2.910 , 0.036 , 4.35 , 256.90
228 , 1454 , 794.42 , -21.8 , 76 , 30.60 , 2.890 , 0.036 , 4.55 , 256.71
238 , 1515 , 787.76 , -22.4 , 79 , 30.58 , 2.842 , 0.036 , 4.74 , 256.52
248 , 1576 , 781.30 , -22.9 , 83 , 30.55 , 2.813 , 0.036 , 4.92 , 256.34
258 , 1640 , 774.54 , -23.5 , 87 , 30.51 , 2.782 , 0.036 , 5.11 , 256.14
268 , 1701 , 768.01 , -23.9 , 90 , 30.47 , 2.763 , 0.036 , 5.30 , 255.96
278 , 1761 , 761.75 , -24.4 , 92 , 30.43 , 2.760 , 0.036 , 5.47 , 255.78
288 , 1817 , 755.93 , -24.8 , 94 , 30.39 , 2.755 , 0.036 , 5.64 , 255.61
298 , 1877 , 749.73 , -25.3 , 95 , 30.35 , 2.730 , 0.036 , 5.82 , 255.43
308 , 1941 , 743.06 , -25.9 , 96 , 30.29 , 2.712 , 0.037 , 6.01 , 255.24
318 , 2009 , 736.12 , -26.5 , 97 , 30.23 , 2.706 , 0.037 , 6.21 , 255.04
328 , 2074 , 729.59 , -27.0 , 97 , 30.17 , 2.673 , 0.037 , 6.40 , 254.85
337 , 2125 , 724.42 , -27.0 , 96 , 30.14 , 2.674 , 0.037 , 6.55 , 254.70
348 , 2181 , 718.86 , -24.2 , 97 , 30.11 , 2.611 , 0.036 , 6.71 , 254.54
358 , 2236 , 713.45 , -24.1 , 92 , 30.04 , 2.588 , 0.036 , 6.87 , 254.39
368 , 2295 , 707.70 , -24.4 , 88 , 29.99 , 2.587 , 0.037 , 7.03 , 254.22
378 , 2353 , 702.07 , -24.5 , 86 , 29.94 , 2.576 , 0.037 , 7.20 , 254.06
388 , 2411 , 696.44 , -24.7 , 85 , 29.88 , 2.577 , 0.037 , 7.36 , 253.90
398 , 2471 , 690.79 , -25.1 , 83 , 29.82 , 2.567 , 0.037 , 7.52 , 253.73
408 , 2530 , 685.21 , -25.4 , 83 , 29.79 , 2.568 , 0.037 , 7.69 , 253.57
418 , 2584 , 680.05 , -25.7 , 84 , 29.77 , 2.544 , 0.037 , 7.84 , 253.41
428 , 2640 , 674.88 , -26.0 , 83 , 29.74 , 2.543 , 0.038 , 7.99 , 253.26
438 , 2689 , 670.27 , -26.2 , 80 , 29.71 , 2.520 , 0.038 , 8.13 , 253.12
448 , 2741 , 665.47 , -26.4 , 77 , 29.67 , 2.499 , 0.038 , 8.27 , 252.98
458 , 2796 , 660.42 , -26.6 , 75 , 29.64 , 2.498 , 0.038 , 8.42 , 252.83
468 , 2851 , 655.38 , -26.8 , 72 , 29.59 , 2.483 , 0.038 , 8.57 , 252.68
478 , 2907 , 650.35 , -27.2 , 69 , 29.55 , 2.469 , 0.038 , 8.73 , 252.53
488 , 2963 , 645.29 , -27.5 , 65 , 29.51 , 2.465 , 0.038 , 8.88 , 252.38
498 , 3018 , 640.35 , -27.9 , 61 , 29.46 , 2.441 , 0.038 , 9.03 , 252.23
508 , 3074 , 635.42 , -28.2 , 58 , 29.41 , 2.432 , 0.038 , 9.17 , 252.08
518 , 3130 , 630.43 , -28.3 , 56 , 29.37 , 2.424 , 0.038 , 9.33 , 251.93
528 , 3187 , 625.47 , -28.6 , 57 , 29.30 , 2.396 , 0.038 , 9.48 , 251.78
537 , 3244 , 620.53 , -29.0 , 58 , 29.25 , 2.380 , 0.038 , 9.63 , 251.63
547 , 3296 , 615.97 , -29.4 , 61 , 29.19 , 2.382 , 0.039 , 9.76 , 251.49
557 , 3355 , 610.97 , -29.8 , 63 , 29.14 , 2.371 , 0.039 , 9.92 , 251.34
567 , 3413 , 606.01 , -29.8 , 62 , 29.08 , 2.361 , 0.039 , 10.07 , 251.19
577 , 3466 , 601.45 , -30.1 , 61 , 29.03 , 2.353 , 0.039 , 10.21 , 251.05
587 , 3524 , 596.64 , -30.5 , 61 , 28.99 , 2.335 , 0.039 , 10.36 , 250.90
597 , 3581 , 591.79 , -31.0 , 63 , 28.94 , 2.310 , 0.039 , 10.51 , 250.75
607 , 3642 , 586.77 , -31.3 , 63 , 28.88 , 2.282 , 0.039 , 10.66 , 250.59
617 , 3703 , 581.74 , -31.7 , 62 , 28.84 , 2.275 , 0.039 , 10.82 , 250.44
627 , 3764 , 576.73 , -32.3 , 61 , 28.80 , 2.246 , 0.039 , 10.97 , 250.28
637 , 3824 , 571.81 , -32.8 , 61 , 28.74 , 2.226 , 0.039 , 11.12 , 250.13
647 , 3883 , 567.02 , -33.2 , 60 , 28.68 , 2.196 , 0.039 , 11.27 , 249.99
657 , 3947 , 561.90 , -33.5 , 59 , 28.64 , 2.194 , 0.039 , 11.43 , 249.83
667 , 4008 , 557.05 , -33.7 , 57 , 28.58 , 2.196 , 0.039 , 11.58 , 249.68
677 , 4072 , 551.98 , -34.1 , 53 , 28.53 , 2.172 , 0.039 , 11.73 , 249.52
687 , 4134 , 547.07 , -34.2 , 51 , 28.47 , 2.142 , 0.039 , 11.89 , 249.37
697 , 4193 , 542.46 , -34.2 , 51 , 28.42 , 2.117 , 0.039 , 12.03 , 249.23
707 , 4258 , 537.48 , -34.6 , 54 , 28.36 , 2.080 , 0.039 , 12.18 , 249.07
717 , 4325 , 532.33 , -35.1 , 56 , 28.31 , 2.071 , 0.039 , 12.34 , 248.92
727 , 4391 , 527.29 , -35.7 , 59 , 28.25 , 2.028 , 0.038 , 12.49 , 248.76
737 , 4452 , 522.73 , -36.2 , 61 , 28.19 , 1.990 , 0.038 , 12.63 , 248.62
747 , 4515 , 517.99 , -36.7 , 63 , 28.14 , 1.983 , 0.038 , 12.77 , 248.48
757 , 4578 , 513.28 , -37.2 , 64 , 28.08 , 1.981 , 0.039 , 12.92 , 248.34
767 , 4642 , 508.57 , -37.5 , 62 , 28.02 , 1.949 , 0.038 , 13.06 , 248.20
777 , 4702 , 504.15 , -38.0 , 61 , 27.97 , 1.934 , 0.038 , 13.19 , 248.06
787 , 4761 , 499.85 , -38.5 , 62 , 27.92 , 1.903 , 0.038 , 13.32 , 247.93
797 , 4818 , 495.69 , -38.8 , 61 , 27.87 , 1.875 , 0.038 , 13.45 , 247.81
807 , 4877 , 491.45 , -38.9 , 55 , 27.82 , 1.874 , 0.038 , 13.57 , 247.68
817 , 4939 , 487.00 , -38.3 , 48 , 27.77 , 1.832 , 0.038 , 13.71 , 247.55
827 , 5004 , 482.45 , -38.6 , 44 , 27.72 , 1.810 , 0.038 , 13.84 , 247.41
837 , 5062 , 478.35 , -38.9 , 40 , 27.65 , 1.791 , 0.037 , 13.96 , 247.29
846 , 5120 , 474.37 , -39.3 , 36 , 27.60 , 1.767 , 0.037 , 14.08 , 247.17
856 , 5178 , 470.37 , -39.7 , 35 , 27.54 , 1.754 , 0.037 , 14.20 , 247.06
866 , 5234 , 466.49 , -40.2 , 35 , 27.49 , 1.745 , 0.037 , 14.31 , 246.94
876 , 5295 , 462.32 , -40.7 , 35 , 27.43 , 1.730 , 0.037 , 14.44 , 246.82
886 , 5359 , 458.00 , -41.2 , 36 , 27.38 , 1.703 , 0.037 , 14.56 , 246.69
896 , 5424 , 453.64 , -41.6 , 36 , 27.31 , 1.711 , 0.038 , 14.69 , 246.56
906 , 5493 , 449.02 , -42.2 , 36 , 27.25 , 1.710 , 0.038 , 14.83 , 246.42
916 , 5556 , 444.88 , -42.7 , 36 , 27.19 , 1.688 , 0.038 , 14.95 , 246.30
926 , 5627 , 440.19 , -43.2 , 35 , 27.14 , 1.673 , 0.038 , 15.09 , 246.16
936 , 5698 , 435.56 , -43.6 , 34 , 27.07 , 1.654 , 0.038 , 15.23 , 246.02
946 , 5766 , 431.21 , -44.2 , 33 , 27.01 , 1.632 , 0.038 , 15.36 , 245.89
956 , 5833 , 426.91 , -44.9 , 33 , 26.95 , 1.620 , 0.038 , 15.49 , 245.76
966 , 5898 , 422.76 , -45.4 , 34 , 26.90 , 1.625 , 0.038 , 15.62 , 245.64
976 , 5970 , 418.22 , -46.0 , 37 , 26.85 , 1.610 , 0.038 , 15.76 , 245.50
986 , 6043 , 413.63 , -46.6 , 39 , 26.79 , 1.599 , 0.039 , 15.89 , 245.36
996 , 6116 , 409.14 , -47.3 , 39 , 26.73 , 1.587 , 0.039 , 16.03 , 245.22
1006 , 6179 , 405.21 , -47.9 , 40 , 26.66 , 1.565 , 0.039 , 16.15 , 245.10
1016 , 6245 , 401.18 , -48.4 , 40 , 26.61 , 1.552 , 0.039 , 16.28 , 244.98
1026 , 6307 , 397.42 , -48.9 , 41 , 26.55 , 1.542 , 0.039 , 16.39 , 244.86
1036 , 6370 , 393.61 , -49.3 , 43 , 26.49 , 1.555 , 0.039 , 16.51 , 244.75
1046 , 6439 , 389.50 , -49.8 , 45 , 26.42 , 1.563 , 0.040 , 16.64 , 244.62
1056 , 6506 , 385.53 , -50.4 , 47 , 26.36 , 1.562 , 0.041 , 16.76 , 244.49
1066 , 6569 , 381.82 , -50.9 , 49 , 26.29 , 1.542 , 0.040 , 16.88 , 244.37
1076 , 6635 , 377.93 , -51.4 , 51 , 26.23 , 1.530 , 0.040 , 17.01 , 244.25
1086 , 6700 , 374.16 , -52.0 , 53 , 26.17 , 1.502 , 0.040 , 17.13 , 244.13
1096 , 6766 , 370.38 , -52.6 , 55 , 26.11 , 1.477 , 0.040 , 17.25 , 244.01
1106 , 6832 , 366.63 , -53.0 , 56 , 26.06 , 1.450 , 0.040 , 17.36 , 243.89
1116 , 6903 , 362.60 , -53.5 , 57 , 26.00 , 1.428 , 0.039 , 17.49 , 243.77
1126 , 6972 , 358.70 , -54.0 , 57 , 25.94 , 1.406 , 0.039 , 17.61 , 243.65
1136 , 7045 , 354.65 , -54.6 , 58 , 25.86 , 1.385 , 0.039 , 17.73 , 243.52
1145 , 7108 , 351.15 , -55.1 , 60 , 25.80 , 1.370 , 0.039 , 17.84 , 243.41
1155 , 7180 , 347.23 , -55.8 , 62 , 25.74 , 1.358 , 0.039 , 17.96 , 243.29
1165 , 7252 , 343.29 , -56.5 , 65 , 25.66 , 1.355 , 0.039 , 18.09 , 243.17
1175 , 7317 , 339.80 , -57.0 , 65 , 25.59 , 1.366 , 0.040 , 18.19 , 243.06
1185 , 7380 , 336.44 , -57.1 , 64 , 25.53 , 1.376 , 0.041 , 18.30 , 242.95
1195 , 7444 , 333.06 , -57.3 , 62 , 25.48 , 1.388 , 0.042 , 18.41 , 242.84
1205 , 7510 , 329.60 , -57.6 , 59 , 25.41 , 1.338 , 0.041 , 18.52 , 242.73
1215 , 7573 , 326.30 , -58.0 , 58 , 25.34 , 1.312 , 0.040 , 18.63 , 242.62
1225 , 7639 , 322.89 , -58.5 , 58 , 25.28 , 1.310 , 0.041 , 18.74 , 242.52
1235 , 7700 , 319.80 , -59.0 , 57 , 25.21 , 1.311 , 0.041 , 18.84 , 242.42
1245 , 7766 , 316.43 , -59.5 , 57 , 25.14 , 1.335 , 0.042 , 18.95 , 242.31
1255 , 7828 , 313.32 , -60.1 , 58 , 25.07 , 1.323 , 0.042 , 19.05 , 242.20
1265 , 7895 , 309.94 , -60.5 , 58 , 24.99 , 1.302 , 0.042 , 19.16 , 242.09
1275 , 7960 , 306.71 , -61.1 , 58 , 24.93 , 1.279 , 0.042 , 19.27 , 241.98
1285 , 8026 , 303.47 , -61.6 , 58 , 24.86 , 1.268 , 0.042 , 19.38 , 241.88
1295 , 8089 , 300.39 , -62.1 , 57 , 24.79 , 1.257 , 0.042 , 19.48 , 241.77
1305 , 8157 , 297.10 , -62.7 , 58 , 24.72 , 1.239 , 0.042 , 19.59 , 241.67
1315 , 8220 , 294.09 , -63.2 , 58 , 24.65 , 1.211 , 0.041 , 19.69 , 241.57
1325 , 8273 , 291.56 , -63.7 , 59 , 24.59 , 1.193 , 0.041 , 19.77 , 241.49
1335 , 8340 , 288.38 , -64.2 , 60 , 24.52 , 1.192 , 0.041 , 19.87 , 241.38
1345 , 8404 , 285.39 , -64.6 , 60 , 24.45 , 1.201 , 0.042 , 19.97 , 241.28
1355 , 8464 , 282.56 , -64.9 , 59 , 24.38 , 1.175 , 0.042 , 20.06 , 241.19
1365 , 8533 , 279.38 , -65.4 , 59 , 24.31 , 1.146 , 0.041 , 20.17 , 241.09
1375 , 8602 , 276.23 , -66.0 , 59 , 24.24 , 1.142 , 0.041 , 20.27 , 240.98
1385 , 8676 , 272.90 , -66.7 , 59 , 24.16 , 1.128 , 0.041 , 20.38 , 240.88
1395 , 8743 , 269.88 , -67.3 , 59 , 24.08 , 1.133 , 0.042 , 20.48 , 240.78
1405 , 8803 , 267.21 , -67.9 , 59 , 24.01 , 1.127 , 0.042 , 20.57 , 240.69
1415 , 8857 , 264.80 , -68.3 , 59 , 23.93 , 1.097 , 0.041 , 20.65 , 240.61
1425 , 8914 , 262.29 , -68.7 , 59 , 23.86 , 1.070 , 0.041 , 20.73 , 240.53
1435 , 8967 , 259.98 , -69.0 , 59 , 23.78 , 1.077 , 0.041 , 20.80 , 240.45
1445 , 9033 , 257.13 , -69.4 , 58 , 23.71 , 1.075 , 0.042 , 20.90 , 240.36
1455 , 9102 , 254.17 , -69.7 , 58 , 23.63 , 1.034 , 0.041 , 20.99 , 240.26
1464 , 9158 , 251.77 , -70.1 , 57 , 23.55 , 1.015 , 0.040 , 21.07 , 240.19
1474 , 9205 , 249.81 , -70.4 , 56 , 23.47 , 1.028 , 0.041 , 21.13 , 240.12
1484 , 9266 , 247.24 , -70.7 , 55 , 23.40 , 1.071 , 0.043 , 21.22 , 240.04
1494 , 9330 , 244.60 , -71.1 , 55 , 23.32 , 1.082 , 0.044 , 21.31 , 239.95
1504 , 9391 , 242.07 , -71.5 , 55 , 23.25 , 1.075 , 0.044 , 21.40 , 239.86
1514 , 9460 , 239.24 , -72.0 , 55 , 23.18 , 1.077 , 0.045 , 21.50 , 239.76
1524 , 9525 , 236.63 , -72.4 , 55 , 23.11 , 1.101 , 0.047 , 21.59 , 239.66
1534 , 9587 , 234.14 , -72.7 , 55 , 23.03 , 1.130 , 0.048 , 21.68 , 239.57
1544 , 9637 , 232.15 , -72.7 , 55 , 22.95 , 1.202 , 0.052 , 21.76 , 239.49
1554 , 9688 , 230.14 , -72.7 , 56 , 22.87 , 1.320 , 0.057 , 21.85 , 239.41
1564 , 9753 , 227.59 , -72.7 , 56 , 22.79 , 1.412 , 0.062 , 21.97 , 239.28
1574 , 9809 , 225.43 , -72.9 , 56 , 22.71 , 1.462 , 0.065 , 22.08 , 239.18
1584 , 9853 , 223.74 , -73.2 , 56 , 22.64 , 1.517 , 0.068 , 22.17 , 239.09
1594 , 9908 , 221.66 , -73.5 , 56 , 22.56 , 1.523 , 0.069 , 22.28 , 238.98
1604 , 9970 , 219.31 , -73.6 , 56 , 22.47 , 1.469 , 0.067 , 22.40 , 238.85
1614 , 10038 , 216.77 , -73.1 , 55 , 22.39 , 1.503 , 0.069 , 22.54 , 238.71
1624 , 10102 , 214.41 , -73.3 , 55 , 22.30 , 1.520 , 0.071 , 22.67 , 238.58
1634 , 10173 , 211.82 , -73.8 , 55 , 22.22 , 1.507 , 0.071 , 22.82 , 238.44
1644 , 10224 , 210.00 , -74.2 , 54 , 22.13 , 1.466 , 0.070 , 22.92 , 238.34
1654 , 10269 , 208.36 , -74.6 , 54 , 22.05 , 1.445 , 0.069 , 23.01 , 238.25
1664 , 10314 , 206.77 , -74.8 , 54 , 21.97 , 1.434 , 0.069 , 23.09 , 238.16
1674 , 10357 , 205.25 , -75.0 , 54 , 21.89 , 1.454 , 0.071 , 23.18 , 238.08
1684 , 10405 , 203.56 , -75.2 , 54 , 21.81 , 1.499 , 0.074 , 23.28 , 237.98
1694 , 10460 , 201.62 , -75.2 , 54 , 21.72 , 1.656 , 0.082 , 23.39 , 237.86
1704 , 10533 , 199.09 , -75.6 , 54 , 21.65 , 1.867 , 0.094 , 23.57 , 237.69
1714 , 10591 , 197.12 , -76.1 , 55 , 21.56 , 2.049 , 0.104 , 23.72 , 237.53
1724 , 10638 , 195.49 , -75.9 , 55 , 21.48 , 2.263 , 0.116 , 23.86 , 237.39
1734 , 10691 , 193.74 , -76.0 , 55 , 21.39 , 2.468 , 0.127 , 24.03 , 237.22
1744 , 10745 , 191.91 , -75.9 , 56 , 21.32 , 2.482 , 0.129 , 24.22 , 237.04
1754 , 10801 , 190.07 , -75.8 , 56 , 21.25 , 2.384 , 0.125 , 24.40 , 236.85
1763 , 10849 , 188.50 , -75.8 , 56 , 21.18 , 2.384 , 0.126 , 24.56 , 236.70
1773 , 10895 , 186.98 , -75.6 , 56 , 21.10 , 2.392 , 0.128 , 24.71 , 236.54
1782 , 10944 , 185.42 , -75.5 , 56 , 21.02 , 2.506 , 0.135 , 24.87 , 236.38
1792 , 10985 , 184.10 , -75.6 , 56 , 20.94 , 2.672 , 0.145 , 25.02 , 236.23
1802 , 11030 , 182.67 , -75.7 , 56 , 20.86 , 2.835 , 0.155 , 25.19 , 236.07
1812 , 11077 , 181.19 , -75.8 , 56 , 20.78 , 2.994 , 0.165 , 25.38 , 235.88
1822 , 11125 , 179.71 , -76.1 , 56 , 20.68 , 3.170 , 0.176 , 25.58 , 235.68
1832 , 11171 , 178.27 , -76.3 , 56 , 20.59 , 3.296 , 0.185 , 25.78 , 235.47
1842 , 11220 , 176.77 , -76.1 , 56 , 20.50 , 3.395 , 0.192 , 26.00 , 235.25
1852 , 11268 , 175.30 , -76.1 , 57 , 20.41 , 3.402 , 0.194 , 26.23 , 235.03
1862 , 11319 , 173.74 , -75.8 , 57 , 20.32 , 3.484 , 0.201 , 26.47 , 234.78
1871 , 11362 , 172.46 , -75.8 , 57 , 20.24 , 3.627 , 0.210 , 26.68 , 234.58
1881 , 11403 , 171.26 , -75.9 , 57 , 20.16 , 3.823 , 0.223 , 26.88 , 234.37
1891 , 11450 , 169.87 , -76.3 , 57 , 20.08 , 4.031 , 0.237 , 27.14 , 234.12
1901 , 11498 , 168.46 , -76.4 , 57 , 20.00 , 4.174 , 0.248 , 27.41 , 233.85
1911 , 11542 , 167.17 , -76.1 , 56 , 19.92 , 4.488 , 0.268 , 27.67 , 233.59
1921 , 11586 , 165.89 , -76.0 , 55 , 19.84 , 4.922 , 0.297 , 27.95 , 233.30
1931 , 11631 , 164.61 , -75.8 , 55 , 19.77 , 5.174 , 0.314 , 28.26 , 232.99
1941 , 11675 , 163.36 , -76.0 , 54 , 19.70 , 5.176 , 0.317 , 28.57 , 232.68
1951 , 11717 , 162.17 , -76.1 , 54 , 19.63 , 5.098 , 0.314 , 28.87 , 232.38
1961 , 11760 , 160.96 , -76.1 , 53 , 19.55 , 4.968 , 0.309 , 29.17 , 232.09
1971 , 11803 , 159.78 , -76.2 , 53 , 19.48 , 4.941 , 0.309 , 29.45 , 231.80
1981 , 11843 , 158.67 , -76.5 , 53 , 19.41 , 4.939 , 0.311 , 29.73 , 231.53
1991 , 11883 , 157.57 , -76.5 , 52 , 19.33 , 5.006 , 0.318 , 30.00 , 231.25
2001 , 11924 , 156.46 , -76.5 , 52 , 19.25 , 5.117 , 0.327 , 30.28 , 230.97
2011 , 11965 , 155.35 , -76.5 , 51 , 19.18 , 5.217 , 0.336 , 30.57 , 230.68
2021 , 12005 , 154.27 , -76.5 , 51 , 19.10 , 5.274 , 0.342 , 30.86 , 230.39
2031 , 12045 , 153.20 , -76.3 , 50 , 19.02 , 5.065 , 0.331 , 31.15 , 230.11
2041 , 12087 , 152.10 , -76.2 , 50 , 18.95 , 4.909 , 0.323 , 31.43 , 229.82
2051 , 12128 , 151.00 , -76.3 , 50 , 18.88 , 4.824 , 0.319 , 31.71 , 229.55
2061 , 12171 , 149.89 , -76.2 , 49 , 18.80 , 4.830 , 0.322 , 31.99 , 229.26
2071 , 12211 , 148.84 , -76.2 , 48 , 18.73 , 4.896 , 0.329 , 32.26 , 229.00
2081 , 12253 , 147.76 , -76.4 , 48 , 18.66 , 4.954 , 0.335 , 32.54 , 228.71
2090 , 12293 , 146.75 , -76.4 , 47 , 18.59 , 5.000 , 0.341 , 32.81 , 228.44
2099 , 12328 , 145.85 , -76.2 , 47 , 18.52 , 5.199 , 0.356 , 33.06 , 228.19
2109 , 12367 , 144.88 , -76.1 , 46 , 18.46 , 5.513 , 0.381 , 33.34 , 227.91
2119 , 12405 , 143.93 , -76.1 , 46 , 18.39 , 5.842 , 0.406 , 33.64 , 227.62
2129 , 12441 , 143.02 , -76.2 , 45 , 18.31 , 6.076 , 0.425 , 33.93 , 227.32
2139 , 12481 , 142.04 , -76.4 , 44 , 18.23 , 6.154 , 0.433 , 34.27 , 226.99
2149 , 12521 , 141.05 , -76.5 , 44 , 18.16 , 6.224 , 0.441 , 34.61 , 226.65
2159 , 12561 , 140.07 , -76.4 , 43 , 18.08 , 6.498 , 0.464 , 34.96 , 226.30
2169 , 12603 , 139.06 , -76.4 , 43 , 18.01 , 6.920 , 0.498 , 35.34 , 225.92
2179 , 12645 , 138.04 , -76.5 , 42 , 17.94 , 7.297 , 0.529 , 35.75 , 225.50
2189 , 12685 , 137.08 , -76.7 , 42 , 17.87 , 7.545 , 0.550 , 36.16 , 225.09
2199 , 12727 , 136.09 , -76.9 , 41 , 17.79 , 7.658 , 0.563 , 36.60 , 224.66
2209 , 12769 , 135.11 , -77.2 , 41 , 17.72 , 7.741 , 0.573 , 37.04 , 224.22
2219 , 12809 , 134.16 , -77.3 , 40 , 17.65 , 7.844 , 0.585 , 37.47 , 223.79
2229 , 12851 , 133.18 , -77.4 , 40 , 17.58 , 7.951 , 0.597 , 37.93 , 223.33
2239 , 12891 , 132.27 , -77.5 , 40 , 17.51 , 8.077 , 0.611 , 38.36 , 222.89
2249 , 12930 , 131.36 , -77.7 , 40 , 17.43 , 8.209 , 0.625 , 38.81 , 222.45
2259 , 12969 , 130.47 , -77.9 , 39 , 17.36 , 8.261 , 0.633 , 39.25 , 222.01
2269 , 13007 , 129.60 , -78.0 , 39 , 17.29 , 8.235 , 0.635 , 39.68 , 221.57
2279 , 13047 , 128.70 , -78.1 , 39 , 17.21 , 8.206 , 0.638 , 40.13 , 221.12
2289 , 13085 , 127.85 , -78.2 , 39 , 17.14 , 8.165 , 0.639 , 40.56 , 220.69
2299 , 13122 , 127.02 , -78.4 , 38 , 17.07 , 8.190 , 0.645 , 40.98 , 220.27
2309 , 13160 , 126.17 , -78.6 , 38 , 17.00 , 8.111 , 0.643 , 41.42 , 219.84
2319 , 13198 , 125.32 , -78.7 , 38 , 16.92 , 8.017 , 0.640 , 41.84 , 219.41
2329 , 13236 , 124.50 , -78.9 , 38 , 16.84 , 7.883 , 0.633 , 42.26 , 219.00
2339 , 13275 , 123.66 , -78.9 , 38 , 16.77 , 7.733 , 0.625 , 42.68 , 218.58
2349 , 13313 , 122.83 , -78.8 , 38 , 16.69 , 7.591 , 0.618 , 43.08 , 218.17
2359 , 13351 , 122.01 , -78.8 , 38 , 16.61 , 7.467 , 0.612 , 43.48 , 217.77
2369 , 13391 , 121.15 , -78.9 , 38 , 16.53 , 7.339 , 0.606 , 43.89 , 217.36
2379 , 13430 , 120.33 , -78.9 , 39 , 16.45 , 7.298 , 0.607 , 44.28 , 216.97
2389 , 13469 , 119.49 , -79.0 , 39 , 16.38 , 7.344 , 0.615 , 44.69 , 216.57
2398 , 13508 , 118.68 , -79.3 , 39 , 16.31 , 7.548 , 0.636 , 45.09 , 216.17
2408 , 13546 , 117.89 , -79.5 , 39 , 16.23 , 7.822 , 0.663 , 45.49 , 215.76
2418 , 13586 , 117.06 , -79.6 , 39 , 16.15 , 8.113 , 0.693 , 45.94 , 215.32
2428 , 13628 , 116.20 , -79.8 , 39 , 16.07 , 8.539 , 0.735 , 46.42 , 214.83
2438 , 13669 , 115.36 , -79.9 , 39 , 15.99 , 9.013 , 0.781 , 46.92 , 214.33
2448 , 13710 , 114.51 , -79.8 , 39 , 15.90 , 9.721 , 0.849 , 47.47 , 213.79
2458 , 13752 , 113.67 , -79.7 , 40 , 15.83 , 10.357 , 0.911 , 48.06 , 213.20
2468 , 13794 , 112.83 , -79.7 , 40 , 15.74 , 10.949 , 0.970 , 48.68 , 212.58
2478 , 13836 , 112.00 , -79.6 , 40 , 15.66 , 11.209 , 1.001 , 49.33 , 211.93
2488 , 13879 , 111.16 , -79.7 , 40 , 15.58 , 11.072 , 0.996 , 49.98 , 211.27
2498 , 13920 , 110.35 , -79.8 , 40 , 15.50 , 10.917 , 0.989 , 50.62 , 210.64
2508 , 13962 , 109.54 , -79.9 , 40 , 15.42 , 11.043 , 1.008 , 51.26 , 209.99
2518 , 14005 , 108.71 , -79.8 , 40 , 15.33 , 11.365 , 1.045 , 51.93 , 209.32
2528 , 14047 , 107.90 , -80.0 , 40 , 15.25 , 11.370 , 1.054 , 52.60 , 208.65
2538 , 14089 , 107.10 , -80.2 , 40 , 15.17 , 10.942 , 1.022 , 53.26 , 207.99
2548 , 14131 , 106.31 , -80.3 , 40 , 15.09 , 10.560 , 0.993 , 53.89 , 207.37
2558 , 14173 , 105.53 , -80.5 , 40 , 15.01 , 10.490 , 0.994 , 54.50 , 206.76
2568 , 14213 , 104.77 , -80.6 , 40 , 14.93 , 10.821 , 1.033 , 55.11 , 206.15
2578 , 14253 , 104.04 , -80.5 , 40 , 14.85 , 11.329 , 1.089 , 55.72 , 205.54
2588 , 14293 , 103.30 , -80.6 , 40 , 14.77 , 11.866 , 1.149 , 56.37 , 204.88
2598 , 14330 , 102.62 , -80.7 , 40 , 14.68 , 12.154 , 1.184 , 57.00 , 204.26
2608 , 14368 , 101.93 , -80.8 , 40 , 14.60 , 12.215 , 1.198 , 57.64 , 203.61
2618 , 14406 , 101.26 , -80.7 , 39 , 14.52 , 12.137 , 1.199 , 58.28 , 202.97
2628 , 14443 , 100.59 , -80.7 , 39 , 14.44 , 12.254 , 1.218 , 58.92 , 202.34
2638 , 14478 , 99.96 , -80.5 , 39 , 14.36 , 12.325 , 1.233 , 59.53 , 201.72
2648 , 14512 , 99.36 , -80.5 , 39 , 14.28 , 12.273 , 1.235 , 60.12 , 201.14
2658 , 14548 , 98.73 , -80.5 , 39 , 14.21 , 12.562 , 1.272 , 60.74 , 200.52
2668 , 14582 , 98.14 , -80.5 , 39 , 14.13 , 12.935 , 1.318 , 61.34 , 199.91
2678 , 14617 , 97.54 , -80.6 , 39 , 14.05 , 13.365 , 1.370 , 61.98 , 199.28
2687 , 14651 , 96.95 , -80.5 , 39 , 13.98 , 13.816 , 1.425 , 62.62 , 198.63
2697 , 14686 , 96.34 , -80.6 , 38 , 13.91 , 14.108 , 1.464 , 63.33 , 197.93
2707 , 14723 , 95.72 , -80.6 , 38 , 13.83 , 14.487 , 1.514 , 64.05 , 197.20
2717 , 14760 , 95.09 , -80.8 , 38 , 13.75 , 14.711 , 1.547 , 64.81 , 196.45
2727 , 14798 , 94.45 , -80.8 , 38 , 13.68 , 14.883 , 1.576 , 65.60 , 195.65
2737 , 14835 , 93.83 , -80.8 , 38 , 13.60 , 15.090 , 1.608 , 66.38 , 194.88
2747 , 14872 , 93.22 , -80.9 , 38 , 13.53 , 15.351 , 1.647 , 67.16 , 194.09
2756 , 14908 , 92.61 , -80.9 , 38 , 13.46 , 15.483 , 1.672 , 67.96 , 193.30
2766 , 14946 , 91.99 , -81.0 , 38 , 13.39 , 15.565 , 1.692 , 68.78 , 192.47
2776 , 14986 , 91.35 , -81.0 , 38 , 13.32 , 15.672 , 1.716 , 69.65 , 191.61
2786 , 15027 , 90.68 , -81.0 , 38 , 13.25 , 15.896 , 1.753 , 70.56 , 190.69
2796 , 15068 , 90.03 , -81.0 , 38 , 13.17 , 15.969 , 1.774 , 71.47 , 189.78
2806 , 15111 , 89.33 , -81.1 , 38 , 13.10 , 16.119 , 1.804 , 72.46 , 188.80
2816 , 15154 , 88.65 , -81.1 , 37 , 13.02 , 16.250 , 1.833 , 73.43 , 187.83
2826 , 15198 , 87.96 , -81.2 , 37 , 12.95 , 16.716 , 1.900 , 74.44 , 186.82
2836 , 15244 , 87.25 , -81.2 , 37 , 12.88 , 16.921 , 1.939 , 75.52 , 185.73
2846 , 15291 , 86.52 , -81.3 , 37 , 12.81 , 17.007 , 1.966 , 76.65 , 184.61
2856 , 15335 , 85.84 , -81.3 , 37 , 12.74 , 17.177 , 2.001 , 77.71 , 183.55
2866 , 15380 , 85.16 , -81.4 , 37 , 12.67 , 17.144 , 2.013 , 78.80 , 182.46
2876 , 15427 , 84.45 , -81.6 , 37 , 12.60 , 17.380 , 2.058 , 79.93 , 181.32
2886 , 15474 , 83.74 , -81.7 , 36 , 12.52 , 17.606 , 2.103 , 81.09 , 180.16
2896 , 15518 , 83.09 , -81.9 , 36 , 12.45 , 17.618 , 2.120 , 82.18 , 179.07
2906 , 15564 , 82.41 , -82.0 , 36 , 12.38 , 17.072 , 2.072 , 83.30 , 177.96
2916 , 15608 , 81.76 , -82.2 , 36 , 12.31 , 16.691 , 2.041 , 84.35 , 176.90
2926 , 15652 , 81.12 , -82.4 , 36 , 12.24 , 15.926 , 1.963 , 85.37 , 175.89
2936 , 15696 , 80.48 , -82.6 , 36 , 12.17 , 15.122 , 1.879 , 86.34 , 174.92
2946 , 15739 , 79.86 , -82.6 , 36 , 12.10 , 14.596 , 1.828 , 87.25 , 174.01
2956 , 15781 , 79.26 , -82.7 , 36 , 12.03 , 14.251 , 1.798 , 88.10 , 173.15
2966 , 15824 , 78.66 , -82.8 , 35 , 11.96 , 13.901 , 1.767 , 88.95 , 172.31
2975 , 15862 , 78.13 , -82.7 , 35 , 11.90 , 13.725 , 1.757 , 89.69 , 171.56
2985 , 15900 , 77.59 , -82.9 , 35 , 11.83 , 14.016 , 1.806 , 90.45 , 170.80
2995 , 15938 , 77.06 , -83.0 , 35 , 11.77 , 14.193 , 1.842 , 91.21 , 170.05
3005 , 15977 , 76.53 , -83.1 , 35 , 11.70 , 14.103 , 1.843 , 91.98 , 169.28
3015 , 16015 , 76.01 , -83.2 , 35 , 11.63 , 14.062 , 1.850 , 92.74 , 168.51
3025 , 16053 , 75.49 , -83.2 , 35 , 11.56 , 14.026 , 1.858 , 93.50 , 167.75
3035 , 16091 , 74.97 , -83.3 , 35 , 11.49 , 14.044 , 1.873 , 94.26 , 166.99
3045 , 16129 , 74.47 , -83.4 , 35 , 11.43 , 14.027 , 1.884 , 95.01 , 166.24
3055 , 16164 , 73.99 , -83.3 , 35 , 11.36 , 14.281 , 1.930 , 95.72 , 165.53
3065 , 16201 , 73.51 , -83.2 , 34 , 11.29 , 14.250 , 1.939 , 96.46 , 164.79
3075 , 16239 , 73.00 , -83.2 , 34 , 11.23 , 14.147 , 1.938 , 97.24 , 164.02
3085 , 16276 , 72.52 , -83.1 , 34 , 11.16 , 14.097 , 1.944 , 97.97 , 163.28
3095 , 16312 , 72.05 , -83.1 , 34 , 11.10 , 14.132 , 1.962 , 98.70 , 162.55
3105 , 16348 , 71.58 , -83.1 , 34 , 11.03 , 14.281 , 1.995 , 99.43 , 161.83
3115 , 16388 , 71.08 , -83.0 , 34 , 10.97 , 14.493 , 2.039 , 100.23 , 161.02
3125 , 16428 , 70.57 , -83.2 , 34 , 10.90 , 14.440 , 2.046 , 101.05 , 160.20
3135 , 16466 , 70.08 , -83.3 , 34 , 10.84 , 14.331 , 2.045 , 101.84 , 159.41
3145 , 16505 , 69.59 , -83.2 , 34 , 10.78 , 14.218 , 2.043 , 102.63 , 158.62
3155 , 16545 , 69.09 , -83.3 , 33 , 10.71 , 14.272 , 2.066 , 103.44 , 157.81
3165 , 16586 , 68.59 , -83.4 , 33 , 10.65 , 14.128 , 2.060 , 104.25 , 157.00
3175 , 16626 , 68.09 , -83.4 , 33 , 10.59 , 14.204 , 2.086 , 105.08 , 156.18
3185 , 16668 , 67.58 , -83.5 , 33 , 10.54 , 14.346 , 2.123 , 105.92 , 155.33
3195 , 16708 , 67.10 , -83.5 , 33 , 10.48 , 14.570 , 2.171 , 106.74 , 154.51
3205 , 16748 , 66.62 , -83.6 , 33 , 10.43 , 14.871 , 2.232 , 107.57 , 153.68
3215 , 16788 , 66.14 , -83.7 , 33 , 10.38 , 15.111 , 2.285 , 108.43 , 152.82
3224 , 16827 , 65.67 , -83.6 , 32 , 10.32 , 15.308 , 2.331 , 109.28 , 151.97
3233 , 16864 , 65.23 , -83.6 , 32 , 10.28 , 15.396 , 2.360 , 110.09 , 151.16
3243 , 16901 , 64.80 , -83.5 , 32 , 10.22 , 15.390 , 2.375 , 110.90 , 150.35
3253 , 16942 , 64.32 , -83.6 , 32 , 10.17 , 15.407 , 2.395 , 111.79 , 149.46
3263 , 16982 , 63.86 , -83.6 , 32 , 10.11 , 15.230 , 2.385 , 112.66 , 148.60
3273 , 17020 , 63.42 , -83.6 , 32 , 10.06 , 15.067 , 2.376 , 113.49 , 147.77
3283 , 17058 , 62.99 , -83.8 , 32 , 10.00 , 15.012 , 2.383 , 114.30 , 146.96
3293 , 17095 , 62.57 , -83.8 , 31 , 9.95 , 14.901 , 2.381 , 115.08 , 146.17
3303 , 17132 , 62.15 , -83.8 , 31 , 9.89 , 14.807 , 2.382 , 115.88 , 145.38
3313 , 17169 , 61.75 , -83.8 , 31 , 9.83 , 14.825 , 2.401 , 116.64 , 144.61
3323 , 17208 , 61.31 , -83.8 , 31 , 9.78 , 14.810 , 2.415 , 117.47 , 143.79
3333 , 17244 , 60.91 , -83.7 , 31 , 9.72 , 15.088 , 2.477 , 118.24 , 143.02
3343 , 17280 , 60.52 , -83.9 , 31 , 9.66 , 15.182 , 2.509 , 119.02 , 142.24
3353 , 17317 , 60.12 , -84.1 , 30 , 9.60 , 15.204 , 2.529 , 119.82 , 141.44
3363 , 17356 , 59.70 , -83.9 , 30 , 9.54 , 15.244 , 2.553 , 120.65 , 140.61
3373 , 17394 , 59.29 , -83.9 , 30 , 9.48 , 15.218 , 2.567 , 121.48 , 139.77
3383 , 17432 , 58.89 , -84.0 , 30 , 9.42 , 15.199 , 2.581 , 122.30 , 138.95
3393 , 17472 , 58.46 , -84.1 , 30 , 9.36 , 15.373 , 2.630 , 123.18 , 138.07
3403 , 17511 , 58.04 , -84.3 , 30 , 9.29 , 15.401 , 2.653 , 124.04 , 137.21
3413 , 17551 , 57.63 , -84.5 , 30 , 9.23 , 15.455 , 2.682 , 124.91 , 136.35
3423 , 17591 , 57.21 , -84.7 , 29 , 9.16 , 15.411 , 2.694 , 125.81 , 135.45
3433 , 17633 , 56.78 , -84.7 , 29 , 9.10 , 15.315 , 2.697 , 126.72 , 134.54
3443 , 17674 , 56.36 , -84.8 , 29 , 9.04 , 15.272 , 2.710 , 127.62 , 133.63
3453 , 17716 , 55.93 , -84.8 , 29 , 8.97 , 15.169 , 2.712 , 128.54 , 132.72
3463 , 17759 , 55.49 , -84.8 , 29 , 8.90 , 15.103 , 2.722 , 129.47 , 131.78
3473 , 17801 , 55.07 , -84.6 , 29 , 8.84 , 14.988 , 2.721 , 130.37 , 130.88
3483 , 17844 , 54.64 , -84.6 , 29 , 8.77 , 14.877 , 2.723 , 131.30 , 129.95
3493 , 17886 , 54.23 , -84.8 , 28 , 8.71 , 14.911 , 2.750 , 132.19 , 129.07
3502 , 17925 , 53.85 , -84.8 , 28 , 8.64 , 14.793 , 2.747 , 133.01 , 128.25
3512 , 17962 , 53.49 , -84.7 , 28 , 8.58 , 14.723 , 2.752 , 133.79 , 127.46
3522 , 18001 , 53.12 , -84.7 , 28 , 8.51 , 14.861 , 2.798 , 134.61 , 126.64
3532 , 18041 , 52.73 , -84.6 , 28 , 8.45 , 14.883 , 2.822 , 135.46 , 125.79
3542 , 18077 , 52.39 , -84.6 , 28 , 8.38 , 14.869 , 2.838 , 136.23 , 125.02
3552 , 18114 , 52.04 , -84.6 , 28 , 8.32 , 14.822 , 2.848 , 137.01 , 124.24
3562 , 18151 , 51.69 , -84.6 , 28 , 8.26 , 14.706 , 2.845 , 137.80 , 123.46
3572 , 18187 , 51.36 , -84.7 , 27 , 8.19 , 14.590 , 2.841 , 138.55 , 122.70
3582 , 18224 , 51.01 , -84.6 , 27 , 8.13 , 14.461 , 2.835 , 139.32 , 121.93
3592 , 18262 , 50.66 , -84.5 , 27 , 8.06 , 14.377 , 2.838 , 140.12 , 121.14
3602 , 18300 , 50.31 , -84.7 , 27 , 8.00 , 14.149 , 2.812 , 140.88 , 120.38
3612 , 18339 , 49.96 , -84.7 , 27 , 7.93 , 14.059 , 2.814 , 141.67 , 119.59
3622 , 18376 , 49.62 , -84.7 , 27 , 7.87 , 14.019 , 2.825 , 142.42 , 118.84
3632 , 18412 , 49.30 , -84.8 , 27 , 7.81 , 13.760 , 2.791 , 143.14 , 118.12
3641 , 18450 , 48.96 , -84.8 , 27 , 7.75 , 13.734 , 2.805 , 143.88 , 117.38
3652 , 18490 , 48.61 , -84.7 , 26 , 7.68 , 13.805 , 2.840 , 144.66 , 116.59
3662 , 18527 , 48.28 , -84.8 , 26 , 7.62 , 13.675 , 2.832 , 145.40 , 115.85
3672 , 18565 , 47.95 , -85.0 , 26 , 7.56 , 13.486 , 2.813 , 146.14 , 115.11
3682 , 18606 , 47.60 , -85.1 , 26 , 7.50 , 13.239 , 2.781 , 146.91 , 114.34
3692 , 18645 , 47.26 , -85.3 , 26 , 7.44 , 13.145 , 2.781 , 147.66 , 113.60
3702 , 18687 , 46.90 , -85.3 , 26 , 7.37 , 13.180 , 2.810 , 148.45 , 112.80
3712 , 18729 , 46.54 , -85.5 , 26 , 7.31 , 13.202 , 2.837 , 149.25 , 112.01
3722 , 18772 , 46.18 , -85.7 , 26 , 7.26 , 13.086 , 2.834 , 150.06 , 111.20
3732 , 18815 , 45.82 , -85.8 , 25 , 7.19 , 13.026 , 2.843 , 150.86 , 110.39
3742 , 18859 , 45.45 , -85.9 , 25 , 7.14 , 12.967 , 2.853 , 151.69 , 109.57
3752 , 18901 , 45.10 , -85.9 , 25 , 7.07 , 12.738 , 2.824 , 152.47 , 108.78
3761 , 18941 , 44.78 , -85.7 , 25 , 7.02 , 12.507 , 2.793 , 153.19 , 108.06
3771 , 18981 , 44.45 , -85.6 , 25 , 6.96 , 12.237 , 2.753 , 153.91 , 107.35
3781 , 19024 , 44.10 , -85.5 , 25 , 6.90 , 12.310 , 2.791 , 154.67 , 106.59
3791 , 19068 , 43.76 , -85.7 , 25 , 6.84 , 12.280 , 2.807 , 155.44 , 105.82
3801 , 19110 , 43.42 , -85.8 , 25 , 6.78 , 12.255 , 2.823 , 156.19 , 105.06
3811 , 19155 , 43.07 , -86.0 , 25 , 6.73 , 12.432 , 2.887 , 156.98 , 104.28
3821 , 19199 , 42.72 , -86.3 , 25 , 6.67 , 12.492 , 2.924 , 157.77 , 103.48
3831 , 19241 , 42.39 , -86.5 , 25 , 6.61 , 12.480 , 2.944 , 158.53 , 102.72
3841 , 19283 , 42.07 , -86.8 , 24 , 6.55 , 12.460 , 2.962 , 159.28 , 101.98
3851 , 19324 , 41.76 , -87.0 , 24 , 6.49 , 12.516 , 2.998 , 160.02 , 101.23
3861 , 19366 , 41.43 , -87.1 , 24 , 6.44 , 12.548 , 3.028 , 160.79 , 100.47
3871 , 19405 , 41.14 , -86.9 , 24 , 6.38 , 12.457 , 3.028 , 161.50 , 99.75
3881 , 19445 , 40.84 , -86.8 , 24 , 6.32 , 12.218 , 2.992 , 162.21 , 99.04
3891 , 19483 , 40.55 , -86.9 , 24 , 6.26 , 11.949 , 2.947 , 162.88 , 98.37
3901 , 19523 , 40.26 , -86.8 , 24 , 6.21 , 11.539 , 2.866 , 163.56 , 97.70
3911 , 19561 , 39.97 , -86.8 , 24 , 6.15 , 11.201 , 2.802 , 164.19 , 97.07
3921 , 19600 , 39.69 , -86.8 , 24 , 6.09 , 10.902 , 2.747 , 164.80 , 96.45
3931 , 19640 , 39.40 , -86.8 , 24 , 6.04 , 10.668 , 2.707 , 165.43 , 95.82
3941 , 19680 , 39.11 , -86.9 , 24 , 5.98 , 10.548 , 2.697 , 166.05 , 95.21
3951 , 19719 , 38.83 , -87.0 , 24 , 5.92 , 10.435 , 2.687 , 166.64 , 94.61
3961 , 19760 , 38.54 , -87.0 , 24 , 5.87 , 10.324 , 2.679 , 167.26 , 94.00
3971 , 19800 , 38.26 , -87.0 , 24 , 5.81 , 10.241 , 2.677 , 167.85 , 93.41
3981 , 19839 , 37.99 , -86.9 , 24 , 5.76 , 10.111 , 2.662 , 168.43 , 92.83
3991 , 19878 , 37.72 , -86.7 , 24 , 5.70 , 10.439 , 2.767 , 169.00 , 92.26
4001 , 19917 , 37.45 , -86.7 , 24 , 5.65 , 10.849 , 2.897 , 169.61 , 91.65
4011 , 19955 , 37.19 , -86.6 , 24 , 5.59 , 11.076 , 2.978 , 170.21 , 91.05
4020 , 19993 , 36.93 , -86.6 , 24 , 5.54 , 11.284 , 3.055 , 170.82 , 90.43
4030 , 20029 , 36.69 , -86.4 , 24 , 5.49 , 11.249 , 3.066 , 171.41 , 89.85
4040 , 20067 , 36.43 , -86.4 , 24 , 5.44 , 11.259 , 3.090 , 172.03 , 89.22
4050 , 20106 , 36.18 , -86.5 , 24 , 5.38 , 11.227 , 3.103 , 172.65 , 88.60
