# ------------------------------------------------------------
#
# Flight name: V1213
# Station: Davis
# Launch Date: 10 September 2013
# Launch Time: 23:16:15
# 
# This file created: Wed Sep 11 16:15:05 2013
# 
# 
# ------------------------------------------------------------
# DATA COLUMNS
# Time (s)
# Height (m)
# Atmospheric Pressure (hPa)
# Atmospheric Temperature (°C)
# Relative Humidity (%)
# Box Temperature (°C)
# Ozone Partial Pressure (mPa)
# Ozone Mixing Ratio (ppmV)
# Accumulated Ozone to this Height (Dobson Units)
# Remaining Ozone above this Height (Dobson Units)
# 
# ------------------------------------------------------------
# 
# Integrated Ozone = 234.2 DU
# Extrapolated Ozone =  77.0 DU
# 
# Total Ozone = 311.2 DU
# 
# 
# ------------------------------------------------------------
2 , 18 , 980.03 , -16.6 , 48 , 35.91 , 2.717 , 0.028 , 0.00 , 311.18
10 , 47 , 976.22 , -15.6 , 49 , 35.90 , 2.833 , 0.029 , 0.09 , 311.09
19 , 82 , 971.63 , -14.2 , 44 , 35.89 , 2.931 , 0.030 , 0.19 , 310.99
29 , 120 , 966.79 , -14.0 , 42 , 35.84 , 2.976 , 0.031 , 0.31 , 310.87
39 , 166 , 960.96 , -14.3 , 43 , 35.79 , 2.983 , 0.031 , 0.45 , 310.73
49 , 211 , 955.32 , -14.4 , 44 , 35.74 , 3.021 , 0.032 , 0.59 , 310.59
59 , 256 , 949.63 , -14.6 , 44 , 35.67 , 3.040 , 0.032 , 0.73 , 310.45
69 , 304 , 943.68 , -14.9 , 45 , 35.60 , 3.030 , 0.032 , 0.88 , 310.30
79 , 353 , 937.54 , -14.9 , 45 , 35.54 , 3.030 , 0.032 , 1.04 , 310.14
89 , 404 , 931.18 , -15.1 , 47 , 35.48 , 3.022 , 0.032 , 1.20 , 309.98
99 , 455 , 924.91 , -14.9 , 49 , 35.45 , 3.006 , 0.033 , 1.36 , 309.82
109 , 505 , 918.90 , -14.2 , 41 , 35.38 , 2.953 , 0.032 , 1.52 , 309.66
119 , 554 , 912.97 , -14.2 , 38 , 35.32 , 2.947 , 0.032 , 1.67 , 309.51
129 , 601 , 907.31 , -14.0 , 38 , 35.29 , 2.914 , 0.032 , 1.81 , 309.37
139 , 645 , 902.13 , -13.9 , 38 , 35.27 , 2.914 , 0.032 , 1.94 , 309.24
149 , 689 , 896.89 , -13.7 , 39 , 35.21 , 2.889 , 0.032 , 2.08 , 309.10
159 , 737 , 891.23 , -13.5 , 41 , 35.16 , 2.871 , 0.032 , 2.22 , 308.96
169 , 780 , 886.16 , -12.8 , 36 , 35.13 , 2.830 , 0.032 , 2.35 , 308.83
179 , 826 , 880.82 , -12.0 , 32 , 35.06 , 2.797 , 0.032 , 2.48 , 308.70
189 , 874 , 875.32 , -11.7 , 32 , 35.00 , 2.788 , 0.032 , 2.62 , 308.56
199 , 928 , 869.25 , -11.4 , 35 , 34.96 , 2.746 , 0.032 , 2.77 , 308.41
209 , 980 , 863.35 , -11.7 , 37 , 34.91 , 2.729 , 0.032 , 2.92 , 308.26
219 , 1030 , 857.67 , -12.2 , 38 , 34.85 , 2.698 , 0.031 , 3.06 , 308.12
229 , 1076 , 852.60 , -12.5 , 40 , 34.80 , 2.689 , 0.032 , 3.19 , 307.99
239 , 1127 , 846.84 , -12.8 , 41 , 34.73 , 2.675 , 0.032 , 3.33 , 307.85
249 , 1176 , 841.40 , -13.1 , 40 , 34.64 , 2.646 , 0.031 , 3.47 , 307.71
259 , 1226 , 836.00 , -13.4 , 40 , 34.60 , 2.655 , 0.032 , 3.60 , 307.58
269 , 1276 , 830.48 , -13.8 , 40 , 34.57 , 2.651 , 0.032 , 3.74 , 307.44
279 , 1325 , 825.13 , -14.1 , 40 , 34.52 , 2.629 , 0.032 , 3.87 , 307.30
289 , 1371 , 820.12 , -14.5 , 40 , 34.49 , 2.606 , 0.032 , 4.00 , 307.18
298 , 1414 , 815.44 , -14.8 , 39 , 34.43 , 2.594 , 0.032 , 4.12 , 307.06
308 , 1460 , 810.49 , -15.2 , 39 , 34.36 , 2.566 , 0.032 , 4.24 , 306.94
318 , 1510 , 805.14 , -15.6 , 40 , 34.31 , 2.571 , 0.032 , 4.38 , 306.80
327 , 1556 , 800.28 , -15.6 , 37 , 34.29 , 2.545 , 0.032 , 4.50 , 306.68
336 , 1600 , 795.59 , -15.6 , 36 , 34.23 , 2.553 , 0.032 , 4.62 , 306.56
346 , 1652 , 790.21 , -15.8 , 40 , 34.16 , 2.533 , 0.032 , 4.75 , 306.43
356 , 1707 , 784.42 , -16.0 , 42 , 34.09 , 2.514 , 0.032 , 4.90 , 306.28
366 , 1758 , 779.07 , -15.7 , 19 , 34.04 , 2.532 , 0.033 , 5.03 , 306.14
376 , 1809 , 773.84 , -15.7 , 8 , 34.01 , 2.598 , 0.034 , 5.17 , 306.01
386 , 1861 , 768.50 , -16.1 , 8 , 33.96 , 2.619 , 0.034 , 5.31 , 305.87
396 , 1910 , 763.57 , -16.5 , 8 , 33.90 , 2.615 , 0.034 , 5.45 , 305.73
406 , 1960 , 758.50 , -17.0 , 9 , 33.84 , 2.597 , 0.034 , 5.58 , 305.60
416 , 2013 , 753.12 , -17.2 , 9 , 33.76 , 2.568 , 0.034 , 5.73 , 305.45
426 , 2070 , 747.44 , -17.5 , 10 , 33.69 , 2.544 , 0.034 , 5.88 , 305.30
436 , 2124 , 742.02 , -17.9 , 12 , 33.61 , 2.531 , 0.034 , 6.03 , 305.15
446 , 2177 , 736.82 , -18.3 , 16 , 33.55 , 2.534 , 0.034 , 6.17 , 305.01
456 , 2231 , 731.49 , -18.6 , 21 , 33.50 , 2.540 , 0.035 , 6.31 , 304.87
466 , 2283 , 726.43 , -19.0 , 24 , 33.44 , 2.557 , 0.035 , 6.45 , 304.73
476 , 2336 , 721.21 , -19.4 , 27 , 33.40 , 2.569 , 0.036 , 6.60 , 304.58
486 , 2384 , 716.56 , -19.8 , 28 , 33.34 , 2.552 , 0.036 , 6.73 , 304.45
496 , 2436 , 711.57 , -20.1 , 29 , 33.26 , 2.558 , 0.036 , 6.87 , 304.31
506 , 2489 , 706.50 , -20.4 , 30 , 33.18 , 2.573 , 0.036 , 7.02 , 304.16
516 , 2540 , 701.68 , -20.7 , 33 , 33.11 , 2.606 , 0.037 , 7.15 , 304.02
526 , 2588 , 697.05 , -21.1 , 34 , 33.05 , 2.629 , 0.038 , 7.29 , 303.89
536 , 2641 , 692.07 , -21.4 , 35 , 32.99 , 2.663 , 0.038 , 7.44 , 303.74
546 , 2697 , 686.85 , -21.7 , 34 , 32.95 , 2.696 , 0.039 , 7.60 , 303.58
556 , 2746 , 682.29 , -22.0 , 32 , 32.92 , 2.723 , 0.040 , 7.74 , 303.44
566 , 2796 , 677.69 , -22.2 , 29 , 32.85 , 2.684 , 0.040 , 7.89 , 303.29
576 , 2841 , 673.58 , -22.6 , 29 , 32.79 , 2.675 , 0.040 , 8.02 , 303.16
586 , 2892 , 668.90 , -23.0 , 29 , 32.73 , 2.644 , 0.040 , 8.16 , 303.02
596 , 2943 , 664.20 , -23.4 , 28 , 32.68 , 2.593 , 0.039 , 8.31 , 302.87
606 , 2992 , 659.76 , -23.8 , 26 , 32.60 , 2.554 , 0.039 , 8.45 , 302.73
616 , 3045 , 654.98 , -23.8 , 15 , 32.55 , 2.507 , 0.038 , 8.59 , 302.59
626 , 3095 , 650.57 , -24.2 , 17 , 32.50 , 2.472 , 0.038 , 8.72 , 302.46
635 , 3145 , 646.04 , -24.6 , 26 , 32.45 , 2.481 , 0.038 , 8.86 , 302.32
644 , 3196 , 641.59 , -25.0 , 27 , 32.40 , 2.490 , 0.039 , 9.00 , 302.18
654 , 3242 , 637.48 , -25.4 , 27 , 32.35 , 2.510 , 0.039 , 9.12 , 302.06
664 , 3293 , 633.02 , -25.8 , 28 , 32.30 , 2.515 , 0.040 , 9.26 , 301.92
674 , 3346 , 628.41 , -26.2 , 28 , 32.25 , 2.495 , 0.040 , 9.41 , 301.77
684 , 3402 , 623.58 , -26.6 , 27 , 32.17 , 2.473 , 0.040 , 9.56 , 301.62
694 , 3453 , 619.16 , -27.0 , 27 , 32.09 , 2.457 , 0.040 , 9.70 , 301.48
704 , 3501 , 615.09 , -27.4 , 28 , 32.04 , 2.454 , 0.040 , 9.82 , 301.36
714 , 3547 , 611.14 , -27.8 , 27 , 31.98 , 2.450 , 0.040 , 9.95 , 301.23
724 , 3599 , 606.74 , -28.1 , 27 , 31.94 , 2.426 , 0.040 , 10.09 , 301.09
734 , 3652 , 602.23 , -28.5 , 26 , 31.90 , 2.446 , 0.041 , 10.23 , 300.95
744 , 3714 , 597.07 , -29.0 , 25 , 31.85 , 2.401 , 0.040 , 10.39 , 300.78
754 , 3767 , 592.61 , -29.4 , 25 , 31.77 , 2.362 , 0.040 , 10.54 , 300.64
764 , 3819 , 588.35 , -29.9 , 26 , 31.70 , 2.319 , 0.039 , 10.67 , 300.51
774 , 3870 , 584.16 , -30.2 , 26 , 31.64 , 2.321 , 0.040 , 10.80 , 300.38
784 , 3922 , 579.84 , -30.5 , 25 , 31.58 , 2.289 , 0.039 , 10.94 , 300.24
794 , 3978 , 575.31 , -30.8 , 25 , 31.54 , 2.269 , 0.039 , 11.08 , 300.10
804 , 4026 , 571.45 , -31.1 , 25 , 31.48 , 2.229 , 0.039 , 11.20 , 299.98
814 , 4079 , 567.18 , -31.5 , 25 , 31.43 , 2.195 , 0.039 , 11.33 , 299.85
824 , 4135 , 562.73 , -31.9 , 25 , 31.38 , 2.164 , 0.038 , 11.46 , 299.72
834 , 4194 , 558.02 , -32.4 , 25 , 31.33 , 2.142 , 0.038 , 11.60 , 299.57
844 , 4253 , 553.38 , -32.9 , 25 , 31.27 , 2.113 , 0.038 , 11.74 , 299.43
854 , 4313 , 548.65 , -33.3 , 24 , 31.21 , 2.121 , 0.039 , 11.89 , 299.29
863 , 4368 , 544.34 , -33.8 , 24 , 31.16 , 2.109 , 0.039 , 12.02 , 299.16
873 , 4423 , 540.14 , -34.1 , 23 , 31.10 , 2.108 , 0.039 , 12.15 , 299.03
883 , 4485 , 535.37 , -34.7 , 23 , 31.02 , 2.086 , 0.039 , 12.30 , 298.88
893 , 4543 , 530.93 , -35.1 , 23 , 30.95 , 2.065 , 0.039 , 12.43 , 298.75
903 , 4605 , 526.17 , -35.6 , 24 , 30.89 , 2.061 , 0.039 , 12.58 , 298.60
913 , 4664 , 521.77 , -36.1 , 26 , 30.83 , 2.048 , 0.039 , 12.72 , 298.46
923 , 4724 , 517.27 , -36.5 , 26 , 30.77 , 2.034 , 0.039 , 12.85 , 298.32
933 , 4780 , 513.09 , -36.8 , 24 , 30.71 , 2.031 , 0.040 , 12.98 , 298.19
943 , 4835 , 509.05 , -37.1 , 23 , 30.65 , 2.026 , 0.040 , 13.11 , 298.07
953 , 4891 , 504.87 , -37.6 , 23 , 30.59 , 2.010 , 0.040 , 13.24 , 297.94
962 , 4949 , 500.65 , -37.9 , 22 , 30.55 , 2.015 , 0.040 , 13.38 , 297.80
972 , 5013 , 496.03 , -38.4 , 21 , 30.49 , 2.014 , 0.041 , 13.52 , 297.66
982 , 5072 , 491.79 , -38.9 , 21 , 30.42 , 1.995 , 0.041 , 13.66 , 297.52
992 , 5135 , 487.30 , -39.3 , 21 , 30.36 , 1.991 , 0.041 , 13.80 , 297.38
1002 , 5195 , 483.03 , -39.6 , 21 , 30.30 , 1.972 , 0.041 , 13.94 , 297.24
1011 , 5249 , 479.23 , -40.0 , 21 , 30.24 , 1.979 , 0.041 , 14.06 , 297.11
1021 , 5305 , 475.31 , -40.4 , 21 , 30.19 , 1.973 , 0.042 , 14.19 , 296.99
1031 , 5365 , 471.12 , -40.9 , 20 , 30.14 , 1.961 , 0.042 , 14.33 , 296.85
1041 , 5421 , 467.27 , -41.4 , 20 , 30.09 , 1.961 , 0.042 , 14.46 , 296.72
1051 , 5480 , 463.25 , -41.9 , 22 , 30.04 , 1.939 , 0.042 , 14.59 , 296.59
1061 , 5542 , 459.01 , -42.5 , 22 , 29.98 , 1.918 , 0.042 , 14.73 , 296.45
1071 , 5604 , 454.81 , -43.0 , 22 , 29.92 , 1.899 , 0.042 , 14.87 , 296.31
1081 , 5654 , 451.45 , -43.5 , 22 , 29.86 , 1.889 , 0.042 , 14.98 , 296.20
1091 , 5713 , 447.45 , -44.0 , 23 , 29.81 , 1.868 , 0.042 , 15.11 , 296.07
1101 , 5772 , 443.55 , -44.5 , 25 , 29.77 , 1.858 , 0.042 , 15.24 , 295.94
1111 , 5834 , 439.46 , -44.9 , 26 , 29.71 , 1.844 , 0.042 , 15.37 , 295.80
1121 , 5893 , 435.58 , -45.4 , 25 , 29.64 , 1.830 , 0.042 , 15.50 , 295.68
1131 , 5953 , 431.70 , -45.7 , 24 , 29.58 , 1.885 , 0.044 , 15.63 , 295.54
1141 , 6009 , 428.06 , -45.6 , 22 , 29.51 , 2.113 , 0.049 , 15.77 , 295.41
1151 , 6062 , 424.68 , -45.6 , 19 , 29.45 , 2.230 , 0.053 , 15.90 , 295.27
1161 , 6116 , 421.24 , -45.9 , 17 , 29.39 , 2.122 , 0.050 , 16.04 , 295.14
1171 , 6171 , 417.80 , -46.3 , 15 , 29.32 , 2.018 , 0.048 , 16.18 , 295.00
1181 , 6229 , 414.12 , -46.7 , 14 , 29.26 , 1.934 , 0.047 , 16.32 , 294.86
1191 , 6289 , 410.42 , -47.2 , 14 , 29.19 , 1.900 , 0.046 , 16.45 , 294.73
1201 , 6342 , 407.11 , -47.5 , 12 , 29.13 , 1.905 , 0.047 , 16.57 , 294.61
1211 , 6398 , 403.66 , -48.0 , 11 , 29.06 , 1.880 , 0.047 , 16.70 , 294.48
1221 , 6458 , 400.01 , -48.4 , 10 , 28.99 , 1.860 , 0.047 , 16.83 , 294.34
1231 , 6518 , 396.41 , -48.8 , 9 , 28.92 , 1.857 , 0.047 , 16.97 , 294.21
1241 , 6578 , 392.77 , -49.3 , 9 , 28.86 , 1.845 , 0.047 , 17.10 , 294.08
1251 , 6636 , 389.31 , -49.7 , 9 , 28.79 , 1.807 , 0.046 , 17.23 , 293.95
1260 , 6684 , 386.44 , -50.1 , 8 , 28.73 , 1.778 , 0.046 , 17.33 , 293.85
1269 , 6734 , 383.52 , -50.4 , 8 , 28.67 , 1.756 , 0.046 , 17.44 , 293.74
1279 , 6782 , 380.67 , -50.7 , 7 , 28.61 , 1.753 , 0.046 , 17.54 , 293.64
1289 , 6838 , 377.41 , -51.2 , 6 , 28.54 , 1.733 , 0.046 , 17.66 , 293.52
1299 , 6899 , 373.93 , -51.7 , 6 , 28.47 , 1.723 , 0.046 , 17.79 , 293.39
1309 , 6955 , 370.71 , -51.9 , 6 , 28.40 , 1.706 , 0.046 , 17.90 , 293.27
1319 , 7020 , 366.99 , -52.4 , 5 , 28.33 , 1.688 , 0.046 , 18.04 , 293.14
1329 , 7084 , 363.34 , -52.9 , 5 , 28.27 , 1.658 , 0.046 , 18.17 , 293.01
1339 , 7139 , 360.24 , -53.4 , 5 , 28.20 , 1.638 , 0.045 , 18.28 , 292.90
1349 , 7195 , 357.14 , -53.8 , 6 , 28.13 , 1.635 , 0.046 , 18.39 , 292.78
1359 , 7251 , 354.03 , -54.3 , 7 , 28.07 , 1.638 , 0.046 , 18.51 , 292.67
1369 , 7308 , 350.89 , -54.8 , 7 , 28.01 , 1.638 , 0.047 , 18.62 , 292.56
1379 , 7364 , 347.83 , -55.2 , 8 , 27.95 , 1.648 , 0.047 , 18.74 , 292.44
1389 , 7417 , 344.93 , -55.6 , 8 , 27.88 , 1.630 , 0.047 , 18.84 , 292.33
1399 , 7467 , 342.25 , -56.0 , 8 , 27.80 , 1.619 , 0.047 , 18.94 , 292.23
1409 , 7536 , 338.55 , -56.5 , 9 , 27.73 , 1.590 , 0.047 , 19.08 , 292.10
1419 , 7592 , 335.55 , -57.0 , 9 , 27.66 , 1.576 , 0.047 , 19.19 , 291.99
1428 , 7642 , 332.93 , -57.3 , 10 , 27.59 , 1.624 , 0.049 , 19.29 , 291.89
1438 , 7693 , 330.23 , -57.7 , 10 , 27.54 , 1.658 , 0.050 , 19.40 , 291.78
1448 , 7750 , 327.30 , -58.0 , 11 , 27.47 , 1.670 , 0.051 , 19.52 , 291.66
1458 , 7818 , 323.76 , -58.5 , 12 , 27.39 , 1.645 , 0.051 , 19.66 , 291.52
1468 , 7876 , 320.77 , -58.9 , 12 , 27.32 , 1.617 , 0.050 , 19.78 , 291.40
1478 , 7932 , 317.93 , -59.3 , 13 , 27.26 , 1.601 , 0.050 , 19.89 , 291.29
1488 , 7991 , 314.93 , -59.8 , 13 , 27.19 , 1.575 , 0.050 , 20.01 , 291.17
1498 , 8039 , 312.52 , -60.1 , 13 , 27.13 , 1.583 , 0.051 , 20.10 , 291.08
1508 , 8094 , 309.78 , -60.5 , 14 , 27.06 , 1.561 , 0.050 , 20.21 , 290.97
1518 , 8158 , 306.61 , -60.9 , 14 , 26.99 , 1.524 , 0.050 , 20.34 , 290.84
1528 , 8211 , 303.98 , -61.2 , 15 , 26.90 , 1.487 , 0.049 , 20.44 , 290.74
1538 , 8269 , 301.19 , -61.6 , 15 , 26.83 , 1.470 , 0.049 , 20.55 , 290.63
1548 , 8329 , 298.25 , -62.0 , 16 , 26.77 , 1.470 , 0.049 , 20.66 , 290.52
1558 , 8389 , 295.36 , -62.2 , 16 , 26.70 , 1.518 , 0.051 , 20.78 , 290.40
1568 , 8446 , 292.68 , -62.5 , 16 , 26.62 , 1.565 , 0.053 , 20.89 , 290.29
1577 , 8486 , 290.76 , -62.7 , 17 , 26.56 , 1.621 , 0.056 , 20.97 , 290.21
1587 , 8542 , 288.12 , -62.9 , 17 , 26.49 , 1.626 , 0.056 , 21.09 , 290.09
1597 , 8599 , 285.50 , -63.2 , 18 , 26.42 , 1.630 , 0.057 , 21.21 , 289.97
1607 , 8645 , 283.34 , -63.5 , 18 , 26.35 , 1.592 , 0.056 , 21.30 , 289.88
1617 , 8693 , 281.13 , -63.8 , 19 , 26.27 , 1.557 , 0.055 , 21.40 , 289.78
1627 , 8753 , 278.41 , -64.3 , 20 , 26.19 , 1.518 , 0.055 , 21.52 , 289.66
1637 , 8803 , 276.11 , -64.7 , 20 , 26.12 , 1.486 , 0.054 , 21.62 , 289.56
1647 , 8850 , 274.02 , -65.0 , 21 , 26.05 , 1.444 , 0.053 , 21.70 , 289.48
1657 , 8889 , 272.25 , -65.3 , 22 , 25.98 , 1.436 , 0.053 , 21.78 , 289.40
1667 , 8934 , 270.26 , -65.5 , 23 , 25.91 , 1.432 , 0.053 , 21.86 , 289.32
1677 , 8976 , 268.38 , -65.8 , 23 , 25.83 , 1.452 , 0.054 , 21.94 , 289.24
1687 , 9028 , 266.09 , -66.0 , 24 , 25.76 , 1.454 , 0.055 , 22.04 , 289.14
1697 , 9095 , 263.16 , -66.3 , 24 , 25.68 , 1.373 , 0.052 , 22.16 , 289.02
1707 , 9146 , 260.97 , -66.8 , 23 , 25.60 , 1.351 , 0.052 , 22.25 , 288.93
1717 , 9190 , 259.05 , -67.2 , 23 , 25.53 , 1.308 , 0.051 , 22.33 , 288.85
1727 , 9246 , 256.66 , -67.7 , 24 , 25.46 , 1.267 , 0.049 , 22.42 , 288.76
1737 , 9306 , 254.13 , -68.2 , 24 , 25.38 , 1.223 , 0.048 , 22.52 , 288.66
1747 , 9356 , 252.00 , -68.4 , 25 , 25.31 , 1.249 , 0.050 , 22.60 , 288.58
1757 , 9404 , 250.01 , -68.7 , 26 , 25.23 , 1.291 , 0.052 , 22.68 , 288.50
1767 , 9454 , 247.91 , -68.8 , 27 , 25.16 , 1.482 , 0.060 , 22.77 , 288.41
1777 , 9495 , 246.21 , -68.8 , 27 , 25.07 , 1.842 , 0.075 , 22.86 , 288.31
1787 , 9549 , 244.00 , -69.0 , 27 , 25.00 , 2.125 , 0.087 , 23.00 , 288.17
1797 , 9615 , 241.32 , -69.1 , 27 , 24.92 , 2.318 , 0.096 , 23.20 , 287.98
1807 , 9672 , 239.04 , -68.8 , 26 , 24.85 , 2.667 , 0.112 , 23.39 , 287.79
1817 , 9729 , 236.79 , -68.8 , 24 , 24.77 , 2.988 , 0.126 , 23.60 , 287.58
1827 , 9789 , 234.42 , -68.9 , 23 , 24.70 , 3.229 , 0.138 , 23.84 , 287.34
1837 , 9828 , 232.88 , -69.0 , 22 , 24.62 , 3.361 , 0.144 , 24.01 , 287.17
1847 , 9869 , 231.30 , -68.7 , 21 , 24.55 , 3.462 , 0.150 , 24.20 , 286.98
1857 , 9912 , 229.64 , -68.5 , 20 , 24.48 , 3.595 , 0.157 , 24.40 , 286.78
1867 , 9961 , 227.75 , -68.6 , 19 , 24.40 , 3.757 , 0.165 , 24.64 , 286.54
1877 , 10014 , 225.77 , -68.7 , 18 , 24.33 , 3.879 , 0.172 , 24.90 , 286.28
1886 , 10059 , 224.07 , -68.3 , 17 , 24.25 , 4.076 , 0.182 , 25.14 , 286.04
1896 , 10110 , 222.19 , -68.2 , 16 , 24.18 , 4.332 , 0.195 , 25.42 , 285.76
1906 , 10167 , 220.07 , -68.1 , 15 , 24.10 , 4.507 , 0.205 , 25.75 , 285.43
1916 , 10218 , 218.23 , -68.0 , 15 , 24.03 , 4.770 , 0.219 , 26.06 , 285.12
1926 , 10260 , 216.67 , -68.0 , 14 , 23.96 , 4.939 , 0.228 , 26.33 , 284.85
1936 , 10305 , 215.05 , -68.1 , 14 , 23.88 , 5.083 , 0.236 , 26.63 , 284.55
1946 , 10357 , 213.23 , -68.1 , 13 , 23.81 , 5.195 , 0.244 , 26.98 , 284.20
1956 , 10412 , 211.26 , -68.3 , 12 , 23.73 , 5.377 , 0.255 , 27.36 , 283.82
1966 , 10469 , 209.26 , -68.5 , 12 , 23.65 , 5.160 , 0.247 , 27.76 , 283.42
1976 , 10512 , 207.75 , -68.9 , 12 , 23.57 , 4.917 , 0.237 , 28.05 , 283.13
1986 , 10556 , 206.24 , -69.0 , 12 , 23.49 , 4.682 , 0.227 , 28.32 , 282.86
1996 , 10602 , 204.67 , -69.0 , 12 , 23.41 , 4.538 , 0.222 , 28.60 , 282.58
2006 , 10648 , 203.11 , -69.0 , 11 , 23.34 , 4.554 , 0.224 , 28.88 , 282.30
2016 , 10693 , 201.58 , -68.8 , 11 , 23.26 , 4.764 , 0.236 , 29.15 , 282.03
2026 , 10741 , 199.97 , -68.8 , 11 , 23.18 , 5.069 , 0.254 , 29.46 , 281.72
2036 , 10787 , 198.42 , -68.9 , 11 , 23.10 , 5.451 , 0.275 , 29.79 , 281.39
2046 , 10831 , 196.99 , -69.2 , 11 , 23.03 , 5.736 , 0.291 , 30.11 , 281.07
2056 , 10874 , 195.54 , -69.0 , 10 , 22.95 , 5.918 , 0.303 , 30.45 , 280.73
2066 , 10917 , 194.14 , -68.9 , 10 , 22.87 , 5.981 , 0.308 , 30.78 , 280.40
2076 , 10962 , 192.70 , -69.0 , 10 , 22.80 , 6.021 , 0.312 , 31.14 , 280.04
2086 , 11004 , 191.36 , -69.1 , 10 , 22.72 , 6.096 , 0.319 , 31.47 , 279.71
2096 , 11047 , 190.00 , -68.8 , 10 , 22.64 , 6.293 , 0.331 , 31.82 , 279.36
2106 , 11089 , 188.66 , -68.9 , 9 , 22.56 , 6.547 , 0.347 , 32.18 , 279.00
2116 , 11131 , 187.32 , -68.9 , 9 , 22.48 , 6.636 , 0.354 , 32.55 , 278.63
2126 , 11177 , 185.89 , -68.7 , 9 , 22.41 , 6.716 , 0.361 , 32.95 , 278.23
2136 , 11221 , 184.54 , -68.7 , 9 , 22.33 , 6.867 , 0.372 , 33.34 , 277.83
2146 , 11263 , 183.25 , -68.7 , 9 , 22.25 , 6.876 , 0.375 , 33.72 , 277.46
2156 , 11305 , 181.95 , -68.8 , 8 , 22.17 , 6.922 , 0.380 , 34.11 , 277.07
2166 , 11349 , 180.62 , -68.9 , 8 , 22.09 , 6.993 , 0.387 , 34.51 , 276.66
2176 , 11398 , 179.16 , -68.9 , 8 , 22.01 , 7.037 , 0.393 , 34.96 , 276.22
2186 , 11447 , 177.70 , -69.2 , 8 , 21.93 , 6.979 , 0.393 , 35.42 , 275.76
2195 , 11491 , 176.40 , -69.3 , 8 , 21.86 , 6.886 , 0.390 , 35.82 , 275.36
2205 , 11532 , 175.19 , -69.4 , 8 , 21.79 , 6.783 , 0.387 , 36.19 , 274.99
2215 , 11577 , 173.86 , -69.5 , 8 , 21.71 , 6.710 , 0.386 , 36.59 , 274.59
2225 , 11621 , 172.57 , -69.5 , 8 , 21.63 , 6.746 , 0.391 , 36.99 , 274.19
2235 , 11667 , 171.25 , -69.6 , 8 , 21.55 , 6.784 , 0.396 , 37.40 , 273.78
2245 , 11709 , 170.05 , -69.7 , 8 , 21.48 , 6.830 , 0.402 , 37.78 , 273.40
2255 , 11753 , 168.80 , -69.8 , 8 , 21.40 , 6.938 , 0.411 , 38.18 , 273.00
2265 , 11798 , 167.54 , -69.9 , 8 , 21.32 , 7.022 , 0.419 , 38.59 , 272.59
2275 , 11839 , 166.37 , -69.9 , 8 , 21.24 , 6.943 , 0.417 , 38.98 , 272.20
2285 , 11884 , 165.12 , -70.1 , 8 , 21.17 , 6.923 , 0.419 , 39.39 , 271.79
2295 , 11925 , 163.99 , -70.0 , 8 , 21.09 , 6.955 , 0.424 , 39.77 , 271.41
2305 , 11966 , 162.86 , -70.0 , 8 , 21.02 , 6.932 , 0.426 , 40.14 , 271.04
2315 , 12005 , 161.80 , -70.1 , 8 , 20.94 , 6.925 , 0.428 , 40.50 , 270.68
2325 , 12044 , 160.74 , -70.0 , 8 , 20.86 , 6.965 , 0.433 , 40.86 , 270.32
2335 , 12084 , 159.66 , -70.1 , 8 , 20.78 , 7.025 , 0.440 , 41.23 , 269.94
2345 , 12122 , 158.65 , -70.3 , 8 , 20.71 , 7.133 , 0.450 , 41.59 , 269.59
2355 , 12161 , 157.61 , -70.3 , 7 , 20.63 , 7.143 , 0.453 , 41.96 , 269.22
2365 , 12200 , 156.57 , -70.0 , 7 , 20.56 , 7.148 , 0.457 , 42.33 , 268.85
2375 , 12241 , 155.49 , -69.7 , 7 , 20.48 , 7.215 , 0.464 , 42.72 , 268.46
2385 , 12285 , 154.34 , -69.6 , 7 , 20.41 , 7.374 , 0.478 , 43.15 , 268.03
2395 , 12329 , 153.21 , -69.6 , 7 , 20.33 , 7.471 , 0.488 , 43.58 , 267.59
2405 , 12372 , 152.13 , -69.6 , 7 , 20.26 , 7.552 , 0.496 , 44.00 , 267.18
2415 , 12415 , 151.01 , -69.5 , 7 , 20.18 , 7.578 , 0.502 , 44.44 , 266.74
2425 , 12460 , 149.89 , -69.5 , 6 , 20.11 , 7.612 , 0.508 , 44.89 , 266.29
2435 , 12506 , 148.74 , -69.5 , 6 , 20.04 , 7.607 , 0.511 , 45.35 , 265.83
2445 , 12552 , 147.58 , -69.5 , 6 , 19.97 , 7.598 , 0.515 , 45.82 , 265.36
2455 , 12601 , 146.39 , -69.9 , 6 , 19.90 , 7.608 , 0.520 , 46.31 , 264.87
2465 , 12649 , 145.21 , -70.1 , 6 , 19.83 , 7.580 , 0.522 , 46.79 , 264.39
2475 , 12697 , 144.04 , -69.9 , 6 , 19.76 , 7.551 , 0.524 , 47.27 , 263.90
2485 , 12744 , 142.90 , -69.8 , 6 , 19.70 , 7.624 , 0.534 , 47.75 , 263.43
2495 , 12788 , 141.85 , -69.7 , 5 , 19.64 , 7.667 , 0.540 , 48.20 , 262.98
2505 , 12833 , 140.78 , -69.6 , 5 , 19.57 , 7.452 , 0.529 , 48.65 , 262.53
2514 , 12875 , 139.81 , -69.4 , 5 , 19.50 , 7.254 , 0.519 , 49.05 , 262.13
2524 , 12916 , 138.84 , -69.0 , 5 , 19.44 , 7.295 , 0.525 , 49.45 , 261.73
2534 , 12961 , 137.80 , -69.0 , 5 , 19.37 , 7.438 , 0.540 , 49.89 , 261.29
2544 , 13006 , 136.77 , -69.0 , 5 , 19.31 , 7.557 , 0.552 , 50.33 , 260.85
2554 , 13050 , 135.77 , -68.8 , 4 , 19.24 , 7.536 , 0.555 , 50.77 , 260.41
2564 , 13094 , 134.76 , -68.9 , 4 , 19.18 , 7.427 , 0.551 , 51.21 , 259.97
2574 , 13134 , 133.86 , -69.0 , 4 , 19.12 , 7.297 , 0.545 , 51.60 , 259.58
2584 , 13171 , 133.05 , -68.8 , 4 , 19.05 , 7.100 , 0.534 , 51.94 , 259.24
2594 , 13210 , 132.18 , -68.9 , 4 , 18.99 , 6.966 , 0.527 , 52.31 , 258.87
2604 , 13250 , 131.29 , -69.1 , 4 , 18.93 , 6.881 , 0.524 , 52.68 , 258.50
2614 , 13289 , 130.44 , -69.0 , 4 , 18.87 , 6.838 , 0.524 , 53.03 , 258.15
2624 , 13327 , 129.61 , -68.9 , 4 , 18.80 , 6.748 , 0.521 , 53.37 , 257.81
2634 , 13364 , 128.83 , -68.3 , 4 , 18.74 , 6.742 , 0.523 , 53.69 , 257.49
2644 , 13402 , 128.00 , -68.3 , 4 , 18.68 , 6.752 , 0.528 , 54.04 , 257.14
2654 , 13440 , 127.20 , -67.9 , 4 , 18.62 , 6.795 , 0.534 , 54.37 , 256.81
2664 , 13477 , 126.42 , -67.6 , 4 , 18.56 , 6.750 , 0.534 , 54.70 , 256.48
2674 , 13514 , 125.63 , -67.3 , 3 , 18.51 , 6.573 , 0.523 , 55.03 , 256.15
2684 , 13554 , 124.81 , -67.5 , 3 , 18.45 , 6.263 , 0.502 , 55.36 , 255.82
2694 , 13591 , 124.04 , -67.4 , 3 , 18.40 , 5.963 , 0.481 , 55.66 , 255.52
2704 , 13632 , 123.20 , -66.9 , 3 , 18.35 , 5.705 , 0.463 , 55.97 , 255.21
2714 , 13672 , 122.39 , -66.8 , 3 , 18.30 , 5.530 , 0.452 , 56.26 , 254.92
2724 , 13711 , 121.60 , -67.0 , 3 , 18.25 , 5.438 , 0.447 , 56.55 , 254.63
2734 , 13751 , 120.79 , -67.1 , 3 , 18.20 , 5.328 , 0.441 , 56.83 , 254.35
2744 , 13793 , 119.97 , -67.0 , 3 , 18.15 , 5.339 , 0.445 , 57.12 , 254.06
2754 , 13834 , 119.14 , -67.0 , 3 , 18.09 , 5.432 , 0.456 , 57.41 , 253.77
2764 , 13876 , 118.33 , -67.1 , 2 , 18.04 , 5.663 , 0.479 , 57.71 , 253.47
2774 , 13919 , 117.47 , -67.2 , 2 , 17.99 , 5.983 , 0.509 , 58.04 , 253.14
2784 , 13964 , 116.61 , -67.4 , 2 , 17.94 , 6.279 , 0.539 , 58.40 , 252.78
2794 , 14008 , 115.75 , -67.2 , 2 , 17.88 , 6.578 , 0.568 , 58.77 , 252.40
2804 , 14051 , 114.94 , -66.8 , 2 , 17.83 , 6.824 , 0.594 , 59.15 , 252.03
2813 , 14089 , 114.21 , -66.8 , 2 , 17.78 , 7.002 , 0.613 , 59.49 , 251.69
2823 , 14130 , 113.44 , -66.9 , 2 , 17.72 , 7.156 , 0.631 , 59.87 , 251.31
2833 , 14175 , 112.60 , -67.0 , 2 , 17.66 , 7.175 , 0.637 , 60.29 , 250.89
2843 , 14218 , 111.80 , -67.2 , 2 , 17.60 , 7.247 , 0.648 , 60.70 , 250.48
2853 , 14259 , 111.03 , -67.3 , 2 , 17.54 , 7.175 , 0.646 , 61.09 , 250.09
2863 , 14303 , 110.23 , -67.2 , 2 , 17.48 , 7.068 , 0.641 , 61.50 , 249.68
2873 , 14347 , 109.43 , -67.1 , 2 , 17.42 , 6.975 , 0.637 , 61.90 , 249.28
2883 , 14391 , 108.64 , -67.1 , 2 , 17.36 , 7.160 , 0.659 , 62.30 , 248.88
2893 , 14435 , 107.84 , -67.0 , 1 , 17.30 , 7.346 , 0.681 , 62.73 , 248.45
2903 , 14482 , 107.00 , -67.0 , 1 , 17.24 , 7.149 , 0.668 , 63.17 , 248.01
2913 , 14523 , 106.28 , -67.0 , 1 , 17.18 , 6.638 , 0.625 , 63.54 , 247.64
2923 , 14564 , 105.57 , -67.0 , 1 , 17.12 , 6.304 , 0.597 , 63.89 , 247.29
2933 , 14608 , 104.80 , -66.9 , 1 , 17.06 , 6.100 , 0.582 , 64.24 , 246.94
2943 , 14653 , 104.02 , -66.7 , 1 , 17.00 , 6.250 , 0.601 , 64.61 , 246.57
2953 , 14699 , 103.23 , -66.5 , 1 , 16.93 , 6.587 , 0.638 , 65.00 , 246.18
2963 , 14743 , 102.48 , -66.7 , 1 , 16.87 , 6.982 , 0.681 , 65.38 , 245.80
2973 , 14789 , 101.71 , -66.9 , 1 , 16.81 , 7.128 , 0.701 , 65.80 , 245.37
2983 , 14832 , 100.98 , -66.9 , 1 , 16.75 , 7.178 , 0.711 , 66.21 , 244.97
2993 , 14876 , 100.25 , -66.8 , 1 , 16.68 , 7.291 , 0.727 , 66.63 , 244.55
3003 , 14920 , 99.52 , -66.8 , 1 , 16.62 , 7.458 , 0.749 , 67.05 , 244.13
3013 , 14963 , 98.82 , -66.6 , 1 , 16.56 , 7.394 , 0.748 , 67.47 , 243.71
3023 , 15007 , 98.10 , -66.5 , 1 , 16.50 , 7.445 , 0.759 , 67.89 , 243.28
3033 , 15052 , 97.37 , -66.7 , 1 , 16.44 , 7.433 , 0.763 , 68.33 , 242.85
3043 , 15097 , 96.66 , -66.7 , 1 , 16.38 , 7.569 , 0.783 , 68.76 , 242.41
3053 , 15145 , 95.89 , -66.6 , 1 , 16.31 , 7.584 , 0.791 , 69.24 , 241.94
3063 , 15193 , 95.12 , -66.4 , 1 , 16.25 , 7.597 , 0.799 , 69.72 , 241.46
3073 , 15241 , 94.38 , -66.5 , 1 , 16.18 , 7.409 , 0.785 , 70.19 , 240.99
3083 , 15289 , 93.63 , -66.7 , 1 , 16.12 , 7.399 , 0.790 , 70.65 , 240.53
3093 , 15336 , 92.90 , -66.8 , 1 , 16.06 , 7.230 , 0.778 , 71.10 , 240.08
3103 , 15384 , 92.17 , -66.8 , 1 , 16.00 , 7.073 , 0.767 , 71.55 , 239.63
3113 , 15431 , 91.46 , -66.8 , 1 , 15.93 , 6.874 , 0.752 , 71.98 , 239.20
3122 , 15471 , 90.85 , -66.8 , 1 , 15.88 , 6.913 , 0.761 , 72.34 , 238.84
3131 , 15508 , 90.29 , -66.9 , 1 , 15.82 , 6.929 , 0.767 , 72.68 , 238.50
3141 , 15549 , 89.69 , -66.8 , 1 , 15.76 , 6.940 , 0.774 , 73.04 , 238.13
3151 , 15592 , 89.05 , -66.7 , 1 , 15.70 , 7.037 , 0.790 , 73.44 , 237.74
3161 , 15636 , 88.40 , -66.3 , 1 , 15.64 , 7.003 , 0.792 , 73.84 , 237.34
3171 , 15680 , 87.77 , -66.2 , 1 , 15.58 , 6.641 , 0.757 , 74.23 , 236.95
3181 , 15723 , 87.15 , -66.1 , 1 , 15.51 , 6.684 , 0.767 , 74.60 , 236.58
3191 , 15767 , 86.52 , -65.9 , 1 , 15.45 , 6.937 , 0.802 , 74.99 , 236.19
3201 , 15810 , 85.90 , -65.9 , 1 , 15.39 , 7.114 , 0.828 , 75.39 , 235.79
3211 , 15855 , 85.27 , -65.9 , 1 , 15.33 , 7.005 , 0.822 , 75.80 , 235.38
3221 , 15899 , 84.66 , -65.8 , 1 , 15.28 , 6.689 , 0.790 , 76.19 , 234.99
3231 , 15938 , 84.11 , -65.7 , 1 , 15.22 , 6.087 , 0.724 , 76.52 , 234.66
3241 , 15981 , 83.52 , -65.5 , 1 , 15.16 , 5.695 , 0.682 , 76.84 , 234.34
3251 , 16025 , 82.91 , -65.6 , 1 , 15.10 , 5.605 , 0.676 , 77.17 , 234.01
3261 , 16070 , 82.31 , -65.8 , 1 , 15.04 , 5.596 , 0.680 , 77.49 , 233.69
3271 , 16116 , 81.68 , -65.8 , 1 , 14.98 , 5.641 , 0.691 , 77.83 , 233.35
3281 , 16163 , 81.05 , -65.8 , 1 , 14.92 , 5.588 , 0.689 , 78.18 , 233.00
3291 , 16208 , 80.45 , -65.6 , 1 , 14.86 , 5.726 , 0.712 , 78.51 , 232.67
3301 , 16256 , 79.82 , -65.6 , 1 , 14.80 , 6.157 , 0.771 , 78.87 , 232.31
3310 , 16298 , 79.27 , -65.4 , 1 , 14.75 , 6.932 , 0.875 , 79.24 , 231.94
3320 , 16345 , 78.66 , -65.4 , 1 , 14.69 , 8.046 , 1.023 , 79.69 , 231.49
3330 , 16395 , 78.02 , -65.5 , 1 , 14.64 , 9.046 , 1.159 , 80.24 , 230.94
3340 , 16444 , 77.39 , -65.5 , 1 , 14.58 , 9.791 , 1.265 , 80.85 , 230.33
3350 , 16493 , 76.77 , -65.3 , 1 , 14.52 , 10.418 , 1.357 , 81.49 , 229.69
3360 , 16542 , 76.15 , -65.2 , 1 , 14.47 , 10.905 , 1.432 , 82.17 , 229.01
3370 , 16587 , 75.59 , -65.3 , 1 , 14.41 , 11.438 , 1.513 , 82.82 , 228.36
3380 , 16633 , 75.02 , -65.5 , 1 , 14.35 , 11.865 , 1.582 , 83.51 , 227.67
3390 , 16676 , 74.49 , -65.8 , 1 , 14.30 , 12.096 , 1.624 , 84.19 , 226.99
3400 , 16722 , 73.93 , -65.8 , 1 , 14.24 , 12.226 , 1.654 , 84.91 , 226.27
3410 , 16768 , 73.37 , -65.7 , 1 , 14.18 , 12.303 , 1.677 , 85.64 , 225.54
3420 , 16813 , 72.83 , -65.5 , 1 , 14.12 , 11.898 , 1.634 , 86.34 , 224.83
3429 , 16855 , 72.33 , -65.4 , 1 , 14.07 , 11.608 , 1.605 , 86.99 , 224.19
3439 , 16896 , 71.85 , -65.5 , 1 , 14.02 , 11.342 , 1.579 , 87.60 , 223.58
3449 , 16936 , 71.37 , -65.5 , 1 , 13.96 , 11.150 , 1.562 , 88.19 , 222.99
3459 , 16976 , 70.91 , -65.6 , 1 , 13.90 , 10.941 , 1.543 , 88.76 , 222.42
3469 , 17016 , 70.43 , -65.6 , 1 , 13.84 , 10.743 , 1.525 , 89.33 , 221.85
3479 , 17058 , 69.96 , -65.7 , 1 , 13.79 , 10.422 , 1.490 , 89.90 , 221.28
3489 , 17096 , 69.51 , -65.4 , 1 , 13.73 , 10.024 , 1.442 , 90.41 , 220.77
3499 , 17136 , 69.07 , -65.1 , 1 , 13.68 , 9.644 , 1.396 , 90.91 , 220.27
3509 , 17176 , 68.61 , -65.0 , 1 , 13.62 , 9.226 , 1.345 , 91.40 , 219.78
3519 , 17216 , 68.16 , -64.8 , 1 , 13.57 , 8.649 , 1.269 , 91.87 , 219.31
3529 , 17257 , 67.71 , -64.5 , 1 , 13.52 , 8.375 , 1.237 , 92.31 , 218.86
3539 , 17299 , 67.24 , -64.6 , 1 , 13.46 , 8.358 , 1.243 , 92.77 , 218.41
3549 , 17339 , 66.80 , -64.6 , 1 , 13.41 , 8.539 , 1.278 , 93.21 , 217.97
3559 , 17380 , 66.35 , -64.5 , 1 , 13.35 , 8.607 , 1.297 , 93.66 , 217.51
3569 , 17419 , 65.93 , -64.2 , 1 , 13.30 , 8.560 , 1.298 , 94.10 , 217.08
3579 , 17461 , 65.48 , -64.0 , 1 , 13.25 , 8.000 , 1.222 , 94.54 , 216.64
3589 , 17504 , 65.02 , -64.1 , 1 , 13.19 , 7.597 , 1.168 , 94.98 , 216.20
3599 , 17548 , 64.55 , -64.1 , 1 , 13.14 , 7.370 , 1.142 , 95.40 , 215.77
3609 , 17592 , 64.09 , -64.1 , 1 , 13.08 , 7.474 , 1.166 , 95.82 , 215.36
3619 , 17635 , 63.64 , -64.0 , 1 , 13.03 , 7.568 , 1.189 , 96.24 , 214.94
3629 , 17680 , 63.18 , -63.5 , 1 , 12.97 , 7.752 , 1.227 , 96.68 , 214.50
3639 , 17722 , 62.75 , -63.2 , 1 , 12.92 , 8.260 , 1.316 , 97.11 , 214.07
3649 , 17765 , 62.31 , -63.0 , 1 , 12.86 , 9.080 , 1.457 , 97.60 , 213.58
3659 , 17809 , 61.87 , -62.8 , 1 , 12.81 , 10.015 , 1.619 , 98.13 , 213.05
3669 , 17852 , 61.44 , -62.7 , 1 , 12.75 , 10.714 , 1.744 , 98.70 , 212.48
3679 , 17896 , 61.00 , -62.7 , 1 , 12.70 , 11.295 , 1.852 , 99.33 , 211.85
3689 , 17938 , 60.58 , -62.5 , 1 , 12.64 , 12.200 , 2.014 , 99.96 , 211.22
3699 , 17981 , 60.16 , -62.2 , 1 , 12.59 , 13.456 , 2.237 , 100.67 , 210.51
3709 , 18023 , 59.76 , -62.1 , 1 , 12.54 , 14.672 , 2.455 , 101.41 , 209.77
3719 , 18065 , 59.35 , -61.9 , 1 , 12.48 , 15.535 , 2.617 , 102.22 , 208.96
3729 , 18107 , 58.95 , -61.8 , 1 , 12.43 , 15.946 , 2.705 , 103.08 , 208.10
3738 , 18151 , 58.54 , -61.6 , 0 , 12.38 , 16.292 , 2.783 , 103.97 , 207.21
3748 , 18196 , 58.11 , -61.5 , 0 , 12.33 , 16.306 , 2.806 , 104.91 , 206.27
3758 , 18244 , 57.66 , -61.3 , 0 , 12.27 , 16.390 , 2.842 , 105.90 , 205.28
3768 , 18292 , 57.22 , -61.0 , 0 , 12.22 , 16.461 , 2.877 , 106.91 , 204.27
3778 , 18342 , 56.76 , -61.0 , 0 , 12.17 , 16.724 , 2.946 , 107.96 , 203.22
3788 , 18392 , 56.30 , -61.1 , 0 , 12.11 , 16.925 , 3.006 , 109.04 , 202.14
3798 , 18445 , 55.82 , -60.9 , 0 , 12.06 , 16.971 , 3.040 , 110.18 , 201.00
3808 , 18502 , 55.32 , -60.7 , 0 , 12.01 , 16.918 , 3.058 , 111.40 , 199.78
3818 , 18561 , 54.80 , -61.0 , 0 , 11.96 , 17.015 , 3.105 , 112.66 , 198.52
3828 , 18616 , 54.31 , -61.2 , 0 , 11.91 , 17.097 , 3.148 , 113.86 , 197.32
3838 , 18668 , 53.86 , -61.2 , 0 , 11.86 , 17.320 , 3.216 , 115.00 , 196.18
3848 , 18716 , 53.44 , -61.4 , 0 , 11.82 , 17.507 , 3.276 , 116.07 , 195.11
3858 , 18765 , 53.02 , -61.6 , 0 , 11.78 , 17.391 , 3.280 , 117.16 , 194.02
3868 , 18811 , 52.62 , -61.7 , 0 , 11.74 , 17.385 , 3.304 , 118.19 , 192.99
3878 , 18859 , 52.22 , -61.7 , 0 , 11.70 , 17.216 , 3.297 , 119.24 , 191.94
3888 , 18907 , 51.82 , -61.5 , 0 , 11.66 , 17.102 , 3.300 , 120.28 , 190.90
3898 , 18956 , 51.41 , -61.2 , 0 , 11.62 , 16.837 , 3.275 , 121.35 , 189.83
3908 , 19008 , 50.98 , -61.1 , 0 , 11.58 , 16.442 , 3.225 , 122.44 , 188.73
3918 , 19057 , 50.58 , -61.0 , 0 , 11.55 , 15.836 , 3.131 , 123.46 , 187.72
3928 , 19109 , 50.16 , -61.1 , 0 , 11.51 , 15.247 , 3.040 , 124.47 , 186.71
3938 , 19157 , 49.77 , -61.0 , 0 , 11.48 , 14.863 , 2.986 , 125.39 , 185.79
3948 , 19206 , 49.38 , -61.1 , 0 , 11.45 , 14.628 , 2.962 , 126.31 , 184.87
3958 , 19252 , 49.01 , -60.9 , 0 , 11.41 , 14.528 , 2.964 , 127.17 , 184.00
3968 , 19302 , 48.62 , -60.9 , 0 , 11.37 , 14.694 , 3.022 , 128.10 , 183.08
3978 , 19352 , 48.23 , -61.0 , 0 , 11.33 , 14.824 , 3.073 , 129.03 , 182.15
3988 , 19403 , 47.84 , -61.0 , 0 , 11.29 , 14.954 , 3.126 , 129.99 , 181.19
3998 , 19450 , 47.48 , -61.0 , 0 , 11.25 , 15.025 , 3.165 , 130.89 , 180.29
4008 , 19498 , 47.11 , -60.9 , 0 , 11.22 , 15.146 , 3.215 , 131.81 , 179.37
4018 , 19544 , 46.77 , -60.5 , 0 , 11.18 , 15.193 , 3.249 , 132.69 , 178.48
4028 , 19588 , 46.44 , -60.1 , 0 , 11.14 , 15.277 , 3.290 , 133.54 , 177.64
4037 , 19630 , 46.13 , -59.9 , 0 , 11.10 , 15.389 , 3.336 , 134.35 , 176.83
4047 , 19670 , 45.83 , -59.7 , 0 , 11.06 , 15.486 , 3.379 , 135.14 , 176.03
4057 , 19712 , 45.52 , -59.6 , 0 , 11.03 , 15.626 , 3.433 , 135.97 , 175.21
4067 , 19754 , 45.22 , -59.6 , 0 , 11.00 , 15.636 , 3.458 , 136.79 , 174.39
4077 , 19794 , 44.93 , -59.5 , 0 , 10.97 , 15.774 , 3.511 , 137.59 , 173.59
4087 , 19834 , 44.65 , -59.3 , 0 , 10.94 , 15.940 , 3.570 , 138.38 , 172.80
4097 , 19873 , 44.37 , -59.2 , 0 , 10.91 , 16.136 , 3.637 , 139.17 , 172.00
4107 , 19911 , 44.10 , -59.4 , 0 , 10.88 , 16.282 , 3.692 , 139.96 , 171.22
4117 , 19953 , 43.80 , -59.4 , 0 , 10.86 , 16.405 , 3.745 , 140.82 , 170.36
4127 , 19994 , 43.52 , -59.4 , 0 , 10.84 , 16.530 , 3.798 , 141.66 , 169.52
4137 , 20039 , 43.21 , -59.3 , 0 , 10.82 , 16.629 , 3.849 , 142.60 , 168.58
4147 , 20082 , 42.91 , -59.0 , 0 , 10.79 , 16.553 , 3.858 , 143.51 , 167.66
4157 , 20128 , 42.60 , -58.8 , 0 , 10.77 , 16.521 , 3.878 , 144.46 , 166.72
4167 , 20173 , 42.29 , -58.3 , 0 , 10.74 , 16.580 , 3.921 , 145.41 , 165.77
4177 , 20221 , 41.97 , -58.1 , 0 , 10.71 , 16.380 , 3.902 , 146.39 , 164.79
4187 , 20272 , 41.63 , -57.8 , 0 , 10.69 , 16.182 , 3.887 , 147.44 , 163.74
4197 , 20322 , 41.30 , -57.6 , 0 , 10.66 , 15.939 , 3.859 , 148.44 , 162.74
4207 , 20371 , 40.98 , -57.8 , 0 , 10.64 , 15.748 , 3.843 , 149.41 , 161.77
4217 , 20423 , 40.65 , -58.1 , 0 , 10.61 , 15.361 , 3.779 , 150.42 , 160.76
4227 , 20474 , 40.32 , -58.3 , 0 , 10.59 , 14.964 , 3.712 , 151.39 , 159.79
4237 , 20527 , 39.98 , -57.9 , 0 , 10.56 , 14.556 , 3.641 , 152.38 , 158.80
4247 , 20576 , 39.67 , -57.8 , 0 , 10.53 , 14.213 , 3.583 , 153.26 , 157.91
4257 , 20624 , 39.37 , -57.4 , 0 , 10.50 , 14.088 , 3.579 , 154.12 , 157.06
4267 , 20671 , 39.08 , -57.3 , 0 , 10.46 , 14.161 , 3.624 , 154.94 , 156.24
4277 , 20714 , 38.81 , -57.3 , 0 , 10.42 , 14.169 , 3.651 , 155.70 , 155.48
4287 , 20758 , 38.55 , -57.2 , 0 , 10.38 , 14.180 , 3.679 , 156.47 , 154.71
4297 , 20802 , 38.27 , -57.0 , 0 , 10.34 , 14.150 , 3.697 , 157.26 , 153.92
4307 , 20844 , 38.02 , -56.7 , 0 , 10.30 , 14.206 , 3.736 , 158.00 , 153.18
4317 , 20881 , 37.80 , -56.3 , 0 , 10.26 , 14.296 , 3.782 , 158.65 , 152.53
4327 , 20920 , 37.57 , -55.8 , 0 , 10.22 , 14.392 , 3.831 , 159.36 , 151.82
4337 , 20956 , 37.36 , -55.6 , 0 , 10.19 , 14.375 , 3.848 , 160.00 , 151.18
4346 , 20991 , 37.15 , -55.4 , 0 , 10.16 , 14.357 , 3.864 , 160.62 , 150.56
4356 , 21026 , 36.95 , -55.3 , 0 , 10.13 , 14.227 , 3.850 , 161.23 , 149.95
4366 , 21065 , 36.73 , -55.2 , 0 , 10.10 , 14.373 , 3.913 , 161.92 , 149.26
4376 , 21103 , 36.51 , -55.0 , 0 , 10.07 , 14.234 , 3.899 , 162.59 , 148.59
4386 , 21141 , 36.29 , -55.0 , 0 , 10.04 , 14.006 , 3.860 , 163.27 , 147.91
4396 , 21181 , 36.07 , -54.9 , 0 , 10.01 , 13.772 , 3.819 , 163.94 , 147.24
4406 , 21222 , 35.83 , -54.8 , 0 , 9.98 , 13.375 , 3.733 , 164.64 , 146.54
4416 , 21266 , 35.59 , -54.8 , 0 , 9.95 , 12.880 , 3.620 , 165.35 , 145.83
4426 , 21315 , 35.32 , -54.9 , 0 , 9.91 , 12.448 , 3.525 , 166.11 , 145.07
4436 , 21362 , 35.06 , -54.4 , 0 , 9.88 , 12.018 , 3.428 , 166.82 , 144.36
4446 , 21411 , 34.79 , -54.0 , 0 , 9.85 , 11.721 , 3.369 , 167.54 , 143.63
4456 , 21466 , 34.49 , -54.1 , 0 , 9.81 , 11.517 , 3.339 , 168.33 , 142.85
4466 , 21522 , 34.20 , -53.7 , 0 , 9.78 , 11.314 , 3.309 , 169.10 , 142.07
4476 , 21578 , 33.90 , -53.7 , 0 , 9.75 , 11.190 , 3.301 , 169.88 , 141.29
4486 , 21634 , 33.60 , -53.7 , 0 , 9.72 , 11.163 , 3.322 , 170.66 , 140.52
4496 , 21689 , 33.31 , -53.3 , 0 , 9.69 , 11.282 , 3.387 , 171.41 , 139.76
4506 , 21744 , 33.03 , -52.4 , 0 , 9.65 , 11.372 , 3.443 , 172.17 , 139.01
4516 , 21797 , 32.76 , -52.4 , 0 , 9.62 , 11.322 , 3.455 , 172.90 , 138.27
4526 , 21848 , 32.51 , -52.5 , 0 , 9.58 , 11.209 , 3.448 , 173.61 , 137.57
4536 , 21896 , 32.26 , -52.4 , 0 , 9.54 , 11.100 , 3.440 , 174.27 , 136.91
4546 , 21941 , 32.04 , -52.7 , 0 , 9.50 , 11.009 , 3.436 , 174.87 , 136.30
4556 , 21985 , 31.82 , -52.9 , 0 , 9.46 , 10.933 , 3.435 , 175.46 , 135.72
4566 , 22029 , 31.61 , -53.0 , 0 , 9.42 , 10.888 , 3.445 , 176.05 , 135.13
4576 , 22069 , 31.41 , -52.8 , 0 , 9.37 , 10.814 , 3.443 , 176.59 , 134.59
4586 , 22108 , 31.22 , -52.2 , 0 , 9.33 , 10.754 , 3.444 , 177.09 , 134.09
4596 , 22146 , 31.04 , -51.5 , 0 , 9.28 , 10.696 , 3.446 , 177.59 , 133.59
4606 , 22182 , 30.87 , -50.9 , 0 , 9.24 , 10.701 , 3.467 , 178.06 , 133.12
4616 , 22219 , 30.69 , -50.7 , 0 , 9.21 , 10.657 , 3.472 , 178.54 , 132.63
4626 , 22258 , 30.51 , -50.4 , 0 , 9.17 , 10.584 , 3.469 , 179.05 , 132.13
4636 , 22301 , 30.31 , -50.3 , 0 , 9.13 , 10.498 , 3.464 , 179.58 , 131.59
4645 , 22339 , 30.13 , -50.0 , 0 , 9.09 , 10.381 , 3.445 , 180.07 , 131.11
4654 , 22380 , 29.94 , -49.6 , 0 , 9.05 , 10.325 , 3.448 , 180.59 , 130.59
4664 , 22423 , 29.75 , -49.5 , 0 , 9.01 , 10.259 , 3.449 , 181.11 , 130.06
4674 , 22470 , 29.54 , -48.9 , 0 , 8.96 , 10.207 , 3.456 , 181.70 , 129.48
4684 , 22517 , 29.32 , -48.8 , 0 , 8.92 , 10.155 , 3.463 , 182.27 , 128.91
4694 , 22566 , 29.11 , -48.9 , 0 , 8.87 , 10.150 , 3.487 , 182.87 , 128.31
4704 , 22614 , 28.90 , -49.1 , 0 , 8.82 , 10.096 , 3.494 , 183.45 , 127.73
4714 , 22666 , 28.67 , -48.9 , 0 , 8.77 , 10.036 , 3.501 , 184.08 , 127.10
4724 , 22717 , 28.45 , -48.8 , 0 , 8.72 , 10.013 , 3.520 , 184.69 , 126.49
4734 , 22771 , 28.21 , -48.7 , 0 , 8.67 , 9.983 , 3.539 , 185.35 , 125.83
4744 , 22823 , 27.99 , -48.3 , 0 , 8.62 , 9.906 , 3.539 , 185.96 , 125.22
4754 , 22879 , 27.75 , -48.0 , 0 , 8.57 , 9.866 , 3.555 , 186.63 , 124.55
4764 , 22931 , 27.54 , -48.2 , 0 , 8.52 , 9.865 , 3.583 , 187.24 , 123.94
4774 , 22984 , 27.31 , -48.5 , 0 , 8.47 , 9.833 , 3.600 , 187.87 , 123.31
4784 , 23038 , 27.09 , -48.7 , 0 , 8.42 , 9.850 , 3.636 , 188.51 , 122.67
4794 , 23088 , 26.89 , -48.9 , 0 , 8.37 , 9.867 , 3.670 , 189.10 , 122.08
4804 , 23140 , 26.67 , -48.9 , 0 , 8.33 , 9.834 , 3.687 , 189.71 , 121.47
4814 , 23189 , 26.47 , -48.8 , 0 , 8.28 , 9.762 , 3.688 , 190.30 , 120.88
4824 , 23240 , 26.27 , -48.6 , 0 , 8.23 , 9.661 , 3.677 , 190.88 , 120.30
4834 , 23285 , 26.09 , -48.5 , 0 , 8.19 , 9.578 , 3.671 , 191.41 , 119.77
4844 , 23333 , 25.90 , -48.4 , 0 , 8.15 , 9.522 , 3.676 , 191.96 , 119.22
4854 , 23381 , 25.71 , -48.1 , 0 , 8.10 , 9.494 , 3.692 , 192.50 , 118.68
4864 , 23426 , 25.54 , -47.6 , 0 , 8.06 , 9.453 , 3.702 , 193.01 , 118.16
4874 , 23475 , 25.35 , -47.5 , 0 , 8.01 , 9.406 , 3.711 , 193.57 , 117.61
4884 , 23518 , 25.18 , -47.5 , 0 , 7.97 , 9.350 , 3.713 , 194.05 , 117.13
4894 , 23563 , 25.01 , -47.1 , 0 , 7.93 , 9.328 , 3.729 , 194.55 , 116.63
4904 , 23606 , 24.85 , -47.1 , 0 , 7.89 , 9.315 , 3.748 , 195.03 , 116.15
4914 , 23654 , 24.67 , -47.0 , 0 , 7.85 , 9.298 , 3.768 , 195.56 , 115.62
4923 , 23693 , 24.53 , -46.7 , 0 , 7.80 , 9.293 , 3.789 , 195.99 , 115.19
4933 , 23733 , 24.38 , -46.2 , 0 , 7.76 , 9.287 , 3.810 , 196.44 , 114.74
4943 , 23778 , 24.21 , -45.7 , 0 , 7.72 , 9.312 , 3.846 , 196.93 , 114.24
4953 , 23822 , 24.06 , -45.5 , 0 , 7.68 , 9.361 , 3.891 , 197.42 , 113.76
4962 , 23865 , 23.90 , -45.6 , 0 , 7.65 , 9.390 , 3.929 , 197.89 , 113.29
4971 , 23905 , 23.76 , -45.3 , 0 , 7.61 , 9.454 , 3.979 , 198.34 , 112.84
4981 , 23946 , 23.61 , -44.8 , 0 , 7.58 , 9.525 , 4.034 , 198.80 , 112.38
4991 , 23992 , 23.45 , -44.5 , 0 , 7.54 , 9.586 , 4.088 , 199.32 , 111.85
5001 , 24039 , 23.29 , -44.6 , 0 , 7.51 , 9.622 , 4.132 , 199.85 , 111.33
5011 , 24087 , 23.12 , -44.7 , 0 , 7.48 , 9.663 , 4.179 , 200.39 , 110.78
5021 , 24133 , 22.96 , -44.5 , 0 , 7.45 , 9.741 , 4.242 , 200.93 , 110.25
5031 , 24178 , 22.81 , -44.3 , 0 , 7.42 , 9.815 , 4.303 , 201.44 , 109.74
5041 , 24223 , 22.66 , -43.9 , 0 , 7.39 , 9.747 , 4.302 , 201.96 , 109.22
5051 , 24265 , 22.52 , -44.1 , 0 , 7.36 , 9.697 , 4.307 , 202.44 , 108.74
5061 , 24309 , 22.37 , -44.4 , 0 , 7.33 , 9.660 , 4.319 , 202.94 , 108.24
5071 , 24353 , 22.22 , -44.4 , 0 , 7.30 , 9.594 , 4.318 , 203.45 , 107.73
5081 , 24396 , 22.08 , -44.1 , 0 , 7.26 , 9.563 , 4.332 , 203.93 , 107.25
5091 , 24447 , 21.91 , -44.3 , 0 , 7.23 , 9.554 , 4.360 , 204.50 , 106.68
5101 , 24494 , 21.76 , -44.6 , 0 , 7.20 , 9.559 , 4.394 , 205.04 , 106.14
5111 , 24540 , 21.61 , -44.6 , 0 , 7.17 , 9.555 , 4.422 , 205.56 , 105.62
5121 , 24589 , 21.45 , -44.3 , 0 , 7.14 , 9.560 , 4.457 , 206.10 , 105.08
5131 , 24635 , 21.30 , -44.4 , 0 , 7.11 , 9.591 , 4.502 , 206.62 , 104.56
5141 , 24684 , 21.15 , -44.6 , 0 , 7.08 , 9.736 , 4.604 , 207.18 , 104.00
5151 , 24736 , 20.98 , -44.7 , 0 , 7.05 , 9.981 , 4.756 , 207.79 , 103.39
5161 , 24783 , 20.84 , -44.9 , 0 , 7.02 , 10.304 , 4.945 , 208.35 , 102.83
5171 , 24832 , 20.68 , -45.0 , 0 , 6.99 , 10.548 , 5.099 , 208.96 , 102.22
5181 , 24886 , 20.52 , -45.1 , 0 , 6.96 , 10.697 , 5.214 , 209.63 , 101.55
5191 , 24935 , 20.37 , -45.0 , 0 , 6.94 , 10.804 , 5.304 , 210.26 , 100.92
5201 , 24982 , 20.23 , -45.1 , 0 , 6.91 , 10.975 , 5.426 , 210.86 , 100.32
5211 , 25033 , 20.07 , -44.9 , 0 , 6.89 , 11.019 , 5.490 , 211.53 , 99.65
5221 , 25079 , 19.93 , -44.1 , 0 , 6.87 , 11.129 , 5.583 , 212.12 , 99.06
5231 , 25129 , 19.79 , -44.1 , 0 , 6.85 , 11.203 , 5.662 , 212.78 , 98.40
5241 , 25176 , 19.65 , -43.7 , 0 , 6.83 , 11.232 , 5.717 , 213.40 , 97.78
5251 , 25218 , 19.52 , -43.0 , 0 , 6.81 , 11.316 , 5.796 , 213.96 , 97.22
5260 , 25262 , 19.40 , -42.3 , 0 , 6.79 , 11.360 , 5.856 , 214.53 , 96.65
5270 , 25304 , 19.28 , -41.7 , 0 , 6.77 , 11.336 , 5.880 , 215.10 , 96.08
5280 , 25351 , 19.15 , -41.5 , 0 , 6.75 , 11.339 , 5.922 , 215.72 , 95.46
5290 , 25395 , 19.02 , -41.5 , 0 , 6.73 , 11.331 , 5.957 , 216.30 , 94.88
5300 , 25443 , 18.89 , -41.2 , 0 , 6.70 , 11.309 , 5.987 , 216.92 , 94.26
5310 , 25486 , 18.77 , -40.8 , 0 , 6.67 , 11.289 , 6.014 , 217.48 , 93.69
5320 , 25530 , 18.65 , -40.8 , 0 , 6.64 , 11.302 , 6.061 , 218.06 , 93.11
5330 , 25576 , 18.52 , -40.7 , 0 , 6.61 , 11.240 , 6.068 , 218.67 , 92.51
5340 , 25623 , 18.40 , -40.7 , 0 , 6.58 , 11.179 , 6.077 , 219.28 , 91.90
5350 , 25669 , 18.27 , -40.8 , 0 , 6.55 , 11.132 , 6.092 , 219.87 , 91.31
5360 , 25714 , 18.15 , -40.9 , 0 , 6.52 , 11.074 , 6.101 , 220.45 , 90.73
5370 , 25762 , 18.02 , -40.9 , 0 , 6.49 , 11.020 , 6.114 , 221.06 , 90.11
5380 , 25808 , 17.90 , -41.0 , 0 , 6.46 , 10.956 , 6.120 , 221.66 , 89.52
5390 , 25862 , 17.76 , -41.1 , 0 , 6.44 , 10.896 , 6.135 , 222.34 , 88.84
5400 , 25914 , 17.62 , -40.8 , 0 , 6.40 , 10.836 , 6.149 , 223.00 , 88.18
5410 , 25962 , 17.50 , -40.4 , 0 , 6.38 , 10.760 , 6.149 , 223.60 , 87.58
5420 , 26014 , 17.37 , -40.5 , 0 , 6.35 , 10.682 , 6.151 , 224.24 , 86.94
5430 , 26065 , 17.24 , -40.3 , 0 , 6.31 , 10.601 , 6.150 , 224.87 , 86.31
5440 , 26116 , 17.11 , -39.7 , 0 , 6.29 , 10.571 , 6.179 , 225.50 , 85.68
5450 , 26170 , 16.98 , -39.3 , 0 , 6.26 , 10.548 , 6.214 , 226.15 , 85.03
5460 , 26220 , 16.85 , -39.4 , 0 , 6.23 , 10.473 , 6.215 , 226.76 , 84.42
5470 , 26273 , 16.72 , -39.0 , 0 , 6.20 , 10.409 , 6.225 , 227.40 , 83.78
5480 , 26324 , 16.60 , -38.2 , 0 , 6.17 , 10.376 , 6.252 , 228.00 , 83.17
5490 , 26377 , 16.47 , -37.3 , 0 , 6.15 , 10.366 , 6.293 , 228.63 , 82.54
5500 , 26422 , 16.36 , -37.2 , 0 , 6.12 , 10.292 , 6.290 , 229.18 , 82.00
5510 , 26470 , 16.25 , -36.9 , 0 , 6.10 , 10.233 , 6.298 , 229.74 , 81.44
5520 , 26517 , 16.14 , -37.0 , 0 , 6.07 , 10.148 , 6.288 , 230.28 , 80.90
5530 , 26561 , 16.04 , -37.3 , 0 , 6.05 , 10.120 , 6.310 , 230.79 , 80.39
5540 , 26607 , 15.93 , -37.4 , 0 , 6.02 , 10.081 , 6.328 , 231.32 , 79.86
5550 , 26656 , 15.82 , -37.1 , 0 , 6.00 , 10.011 , 6.329 , 231.88 , 79.30
5560 , 26698 , 15.72 , -36.9 , 0 , 5.97 , 9.933 , 6.318 , 232.36 , 78.82
5569 , 26735 , 15.64 , -36.5 , 0 , 5.95 , 9.842 , 6.294 , 232.78 , 78.40
5578 , 26780 , 15.54 , -36.2 , 0 , 5.92 , 9.781 , 6.296 , 233.28 , 77.90
5587 , 26818 , 15.45 , -35.2 , 0 , 5.90 , 9.792 , 6.337 , 233.71 , 77.47
5597 , 26859 , 15.36 , -34.7 , 0 , 5.88 , 9.760 , 6.353 , 234.15 , 77.03
