# ------------------------------------------------------------
#
# Flight name: V1313
# Station: Davis
# Launch Date: 17 September 2013
# Launch Time: 23:14:52
# 
# This file created: Wed Sep 18 15:27:01 2013
# 
# 
# ------------------------------------------------------------
# DATA COLUMNS
# Time (s)
# Height (m)
# Atmospheric Pressure (hPa)
# Atmospheric Temperature (°C)
# Relative Humidity (%)
# Box Temperature (°C)
# Ozone Partial Pressure (mPa)
# Ozone Mixing Ratio (ppmV)
# Accumulated Ozone to this Height (Dobson Units)
# Remaining Ozone above this Height (Dobson Units)
# 
# ------------------------------------------------------------
# 
# Integrated Ozone = 232.7 DU
# Extrapolated Ozone = 129.3 DU
# 
# Total Ozone = 362.0 DU
# 
# 
# ------------------------------------------------------------
0 , 18 , 1002.98 , -11.3 , 48 , 35.19 , 2.669 , 0.027 , 0.00 , 362.00
9 , 55 , 998.05 , -8.8 , 47 , 35.22 , 2.858 , 0.029 , 0.11 , 361.89
19 , 97 , 992.72 , -7.1 , 43 , 35.25 , 2.817 , 0.028 , 0.23 , 361.77
29 , 145 , 986.68 , -7.0 , 43 , 35.20 , 2.891 , 0.029 , 0.36 , 361.63
39 , 189 , 981.03 , -7.2 , 45 , 35.12 , 2.864 , 0.029 , 0.50 , 361.50
49 , 233 , 975.51 , -7.3 , 48 , 35.04 , 2.862 , 0.029 , 0.62 , 361.37
59 , 280 , 969.63 , -7.5 , 49 , 34.97 , 2.875 , 0.030 , 0.76 , 361.24
69 , 323 , 964.28 , -7.8 , 50 , 34.90 , 2.846 , 0.030 , 0.88 , 361.11
79 , 365 , 959.13 , -7.8 , 52 , 34.86 , 2.821 , 0.029 , 1.00 , 360.99
89 , 408 , 953.89 , -8.1 , 53 , 34.83 , 2.832 , 0.030 , 1.13 , 360.87
99 , 454 , 948.22 , -8.2 , 53 , 34.80 , 2.825 , 0.030 , 1.26 , 360.74
109 , 503 , 942.26 , -8.5 , 53 , 34.77 , 2.821 , 0.030 , 1.40 , 360.60
119 , 553 , 936.18 , -8.8 , 53 , 34.74 , 2.830 , 0.030 , 1.54 , 360.45
129 , 607 , 929.70 , -8.9 , 50 , 34.70 , 2.787 , 0.030 , 1.70 , 360.30
139 , 650 , 924.47 , -8.9 , 48 , 34.64 , 2.801 , 0.030 , 1.82 , 360.17
149 , 697 , 918.93 , -8.7 , 48 , 34.57 , 2.764 , 0.030 , 1.95 , 360.04
159 , 749 , 912.75 , -8.9 , 53 , 34.51 , 2.768 , 0.030 , 2.10 , 359.89
169 , 801 , 906.61 , -8.8 , 53 , 34.46 , 2.750 , 0.030 , 2.25 , 359.75
179 , 847 , 901.26 , -9.1 , 54 , 34.41 , 2.740 , 0.030 , 2.38 , 359.62
189 , 890 , 896.30 , -9.4 , 56 , 34.37 , 2.717 , 0.030 , 2.50 , 359.50
199 , 934 , 891.18 , -9.7 , 56 , 34.33 , 2.710 , 0.030 , 2.62 , 359.38
209 , 978 , 886.08 , -9.9 , 56 , 34.30 , 2.696 , 0.030 , 2.74 , 359.25
219 , 1026 , 880.62 , -9.7 , 56 , 34.27 , 2.692 , 0.031 , 2.87 , 359.12
229 , 1074 , 875.20 , -9.9 , 56 , 34.20 , 2.682 , 0.031 , 3.00 , 358.99
239 , 1120 , 869.99 , -10.1 , 58 , 34.12 , 2.653 , 0.030 , 3.13 , 358.87
249 , 1163 , 865.07 , -10.4 , 59 , 34.08 , 2.635 , 0.030 , 3.25 , 358.75
259 , 1213 , 859.55 , -10.6 , 59 , 34.04 , 2.628 , 0.031 , 3.38 , 358.61
269 , 1262 , 854.06 , -10.8 , 57 , 33.99 , 2.616 , 0.031 , 3.51 , 358.48
279 , 1306 , 849.16 , -10.9 , 54 , 33.93 , 2.601 , 0.031 , 3.63 , 358.36
289 , 1354 , 843.91 , -11.2 , 54 , 33.89 , 2.596 , 0.031 , 3.76 , 358.24
299 , 1404 , 838.36 , -11.6 , 54 , 33.84 , 2.579 , 0.031 , 3.89 , 358.10
309 , 1454 , 832.95 , -11.8 , 52 , 33.77 , 2.564 , 0.031 , 4.02 , 357.97
319 , 1498 , 828.16 , -11.8 , 47 , 33.69 , 2.565 , 0.031 , 4.14 , 357.85
328 , 1541 , 823.56 , -12.1 , 46 , 33.64 , 2.538 , 0.031 , 4.25 , 357.74
338 , 1589 , 818.32 , -12.3 , 44 , 33.60 , 2.566 , 0.031 , 4.38 , 357.61
348 , 1647 , 812.21 , -12.7 , 43 , 33.53 , 2.541 , 0.031 , 4.53 , 357.46
358 , 1694 , 807.20 , -13.0 , 43 , 33.48 , 2.544 , 0.032 , 4.66 , 357.34
368 , 1746 , 801.71 , -13.4 , 42 , 33.43 , 2.531 , 0.032 , 4.79 , 357.20
378 , 1790 , 797.09 , -13.8 , 41 , 33.36 , 2.511 , 0.032 , 4.91 , 357.09
388 , 1836 , 792.27 , -14.2 , 41 , 33.30 , 2.498 , 0.032 , 5.03 , 356.97
398 , 1885 , 787.17 , -14.6 , 41 , 33.26 , 2.496 , 0.032 , 5.16 , 356.84
408 , 1935 , 781.89 , -15.0 , 42 , 33.21 , 2.488 , 0.032 , 5.29 , 356.71
418 , 1985 , 776.75 , -15.4 , 44 , 33.14 , 2.480 , 0.032 , 5.42 , 356.58
428 , 2037 , 771.44 , -15.8 , 44 , 33.08 , 2.474 , 0.032 , 5.55 , 356.44
438 , 2087 , 766.37 , -16.1 , 43 , 32.99 , 2.452 , 0.032 , 5.68 , 356.32
448 , 2132 , 761.81 , -16.3 , 46 , 32.95 , 2.460 , 0.032 , 5.80 , 356.20
458 , 2183 , 756.62 , -16.7 , 47 , 32.90 , 2.437 , 0.032 , 5.93 , 356.07
468 , 2233 , 751.62 , -17.1 , 49 , 32.84 , 2.434 , 0.032 , 6.06 , 355.94
478 , 2279 , 746.97 , -17.5 , 50 , 32.78 , 2.424 , 0.032 , 6.17 , 355.82
488 , 2329 , 741.98 , -17.3 , 44 , 32.72 , 2.403 , 0.032 , 6.30 , 355.69
498 , 2378 , 737.19 , -17.1 , 37 , 32.66 , 2.422 , 0.033 , 6.43 , 355.57
508 , 2429 , 732.21 , -17.2 , 35 , 32.60 , 2.443 , 0.033 , 6.56 , 355.44
518 , 2476 , 727.65 , -17.6 , 37 , 32.53 , 2.436 , 0.033 , 6.68 , 355.32
528 , 2521 , 723.25 , -18.0 , 39 , 32.47 , 2.438 , 0.034 , 6.79 , 355.20
538 , 2568 , 718.74 , -18.4 , 40 , 32.42 , 2.432 , 0.034 , 6.91 , 355.08
548 , 2619 , 713.77 , -18.8 , 40 , 32.38 , 2.443 , 0.034 , 7.05 , 354.95
558 , 2675 , 708.40 , -19.3 , 41 , 32.32 , 2.398 , 0.034 , 7.19 , 354.81
568 , 2726 , 703.60 , -19.7 , 41 , 32.25 , 2.413 , 0.034 , 7.32 , 354.68
578 , 2781 , 698.42 , -20.2 , 41 , 32.19 , 2.398 , 0.034 , 7.46 , 354.54
588 , 2836 , 693.19 , -20.5 , 36 , 32.12 , 2.374 , 0.034 , 7.60 , 354.39
597 , 2881 , 689.00 , -20.8 , 34 , 32.08 , 2.351 , 0.034 , 7.71 , 354.28
607 , 2927 , 684.70 , -21.1 , 32 , 32.04 , 2.315 , 0.034 , 7.83 , 354.17
617 , 2977 , 680.09 , -21.4 , 30 , 32.00 , 2.294 , 0.034 , 7.95 , 354.04
627 , 3027 , 675.56 , -21.2 , 26 , 31.94 , 2.273 , 0.034 , 8.07 , 353.92
636 , 3077 , 670.94 , -21.4 , 23 , 31.88 , 2.238 , 0.033 , 8.19 , 353.80
646 , 3125 , 666.63 , -21.7 , 24 , 31.81 , 2.214 , 0.033 , 8.31 , 353.69
656 , 3172 , 662.35 , -22.1 , 24 , 31.74 , 2.211 , 0.033 , 8.42 , 353.57
666 , 3218 , 658.17 , -22.3 , 22 , 31.68 , 2.201 , 0.033 , 8.53 , 353.46
676 , 3267 , 653.81 , -22.7 , 21 , 31.65 , 2.190 , 0.033 , 8.65 , 353.35
686 , 3315 , 649.60 , -23.0 , 21 , 31.59 , 2.193 , 0.034 , 8.76 , 353.24
696 , 3368 , 644.86 , -23.4 , 20 , 31.52 , 2.215 , 0.034 , 8.88 , 353.11
705 , 3417 , 640.55 , -23.5 , 19 , 31.45 , 2.223 , 0.035 , 9.00 , 352.99
715 , 3468 , 636.11 , -23.7 , 18 , 31.38 , 2.228 , 0.035 , 9.12 , 352.87
725 , 3516 , 631.94 , -24.0 , 18 , 31.32 , 2.232 , 0.035 , 9.24 , 352.75
735 , 3568 , 627.41 , -24.2 , 16 , 31.27 , 2.220 , 0.035 , 9.37 , 352.63
745 , 3620 , 623.01 , -24.3 , 15 , 31.21 , 2.210 , 0.035 , 9.49 , 352.51
755 , 3671 , 618.63 , -24.4 , 17 , 31.13 , 2.231 , 0.036 , 9.61 , 352.38
765 , 3719 , 614.58 , -24.4 , 16 , 31.08 , 2.218 , 0.036 , 9.73 , 352.27
775 , 3771 , 610.21 , -24.1 , 5 , 31.01 , 2.276 , 0.037 , 9.85 , 352.14
785 , 3823 , 605.88 , -24.3 , 7 , 30.94 , 2.367 , 0.039 , 9.99 , 352.01
795 , 3878 , 601.34 , -24.6 , 11 , 30.87 , 2.407 , 0.040 , 10.13 , 351.87
805 , 3925 , 597.47 , -24.6 , 11 , 30.80 , 2.496 , 0.042 , 10.25 , 351.74
815 , 3971 , 593.71 , -24.1 , 11 , 30.76 , 2.737 , 0.046 , 10.38 , 351.61
825 , 4017 , 589.90 , -23.9 , 8 , 30.72 , 2.793 , 0.047 , 10.52 , 351.47
835 , 4070 , 585.71 , -24.0 , 8 , 30.65 , 2.605 , 0.044 , 10.67 , 351.32
845 , 4127 , 581.08 , -24.4 , 9 , 30.58 , 2.429 , 0.042 , 10.83 , 351.16
855 , 4182 , 576.76 , -24.6 , 8 , 30.50 , 2.281 , 0.040 , 10.97 , 351.02
865 , 4232 , 572.75 , -24.8 , 6 , 30.44 , 2.263 , 0.040 , 11.10 , 350.90
875 , 4289 , 568.33 , -24.7 , 7 , 30.38 , 2.268 , 0.040 , 11.23 , 350.76
885 , 4342 , 564.20 , -24.9 , 6 , 30.31 , 2.207 , 0.039 , 11.36 , 350.63
895 , 4397 , 559.94 , -24.8 , 4 , 30.25 , 2.253 , 0.040 , 11.50 , 350.50
905 , 4450 , 555.89 , -25.0 , 5 , 30.19 , 2.340 , 0.042 , 11.63 , 350.37
915 , 4497 , 552.28 , -25.2 , 6 , 30.13 , 2.368 , 0.043 , 11.75 , 350.25
925 , 4552 , 548.10 , -25.2 , 3 , 30.07 , 2.368 , 0.043 , 11.89 , 350.10
935 , 4611 , 543.63 , -25.7 , 4 , 29.99 , 2.320 , 0.043 , 12.04 , 349.95
945 , 4666 , 539.57 , -26.2 , 8 , 29.93 , 2.305 , 0.043 , 12.18 , 349.82
954 , 4716 , 535.80 , -26.2 , 13 , 29.88 , 2.408 , 0.045 , 12.31 , 349.69
964 , 4760 , 532.55 , -26.3 , 14 , 29.83 , 2.394 , 0.045 , 12.43 , 349.57
974 , 4810 , 528.91 , -26.6 , 14 , 29.79 , 2.255 , 0.043 , 12.55 , 349.44
984 , 4865 , 524.89 , -27.0 , 15 , 29.73 , 2.146 , 0.041 , 12.68 , 349.31
994 , 4923 , 520.70 , -27.4 , 14 , 29.67 , 2.056 , 0.039 , 12.82 , 349.18
1004 , 4977 , 516.78 , -27.7 , 15 , 29.61 , 2.051 , 0.040 , 12.94 , 349.06
1014 , 5030 , 512.97 , -28.1 , 17 , 29.54 , 2.053 , 0.040 , 13.06 , 348.94
1024 , 5086 , 509.01 , -28.5 , 17 , 29.49 , 2.072 , 0.041 , 13.19 , 348.81
1034 , 5139 , 505.23 , -29.0 , 17 , 29.42 , 2.079 , 0.041 , 13.31 , 348.69
1044 , 5196 , 501.23 , -29.4 , 20 , 29.37 , 2.031 , 0.041 , 13.44 , 348.56
1054 , 5255 , 497.10 , -29.7 , 20 , 29.31 , 1.917 , 0.039 , 13.57 , 348.43
1064 , 5306 , 493.54 , -30.1 , 20 , 29.25 , 1.873 , 0.038 , 13.67 , 348.32
1074 , 5358 , 489.95 , -30.5 , 21 , 29.19 , 1.834 , 0.037 , 13.78 , 348.22
1084 , 5410 , 486.34 , -30.9 , 23 , 29.14 , 1.810 , 0.037 , 13.89 , 348.11
1094 , 5473 , 482.03 , -31.3 , 24 , 29.08 , 1.800 , 0.037 , 14.01 , 347.98
1104 , 5530 , 478.19 , -31.5 , 25 , 29.02 , 1.814 , 0.038 , 14.13 , 347.87
1114 , 5588 , 474.28 , -31.5 , 19 , 28.97 , 1.838 , 0.039 , 14.24 , 347.75
1124 , 5643 , 470.60 , -31.8 , 14 , 28.91 , 1.924 , 0.041 , 14.36 , 347.63
1134 , 5703 , 466.62 , -32.1 , 12 , 28.85 , 2.013 , 0.043 , 14.49 , 347.50
1144 , 5754 , 463.27 , -32.4 , 11 , 28.79 , 2.111 , 0.046 , 14.61 , 347.39
1154 , 5809 , 459.69 , -32.6 , 11 , 28.73 , 2.145 , 0.047 , 14.74 , 347.26
1164 , 5868 , 455.84 , -33.0 , 12 , 28.67 , 2.175 , 0.048 , 14.88 , 347.11
1174 , 5929 , 451.90 , -33.6 , 14 , 28.62 , 2.163 , 0.048 , 15.03 , 346.96
1184 , 5992 , 447.84 , -34.1 , 17 , 28.56 , 2.164 , 0.048 , 15.19 , 346.81
1194 , 6049 , 444.21 , -34.6 , 20 , 28.50 , 2.133 , 0.048 , 15.32 , 346.67
1203 , 6107 , 440.54 , -34.9 , 23 , 28.44 , 2.129 , 0.048 , 15.46 , 346.53
1213 , 6164 , 436.91 , -35.4 , 29 , 28.39 , 2.091 , 0.048 , 15.60 , 346.39
1223 , 6226 , 433.04 , -36.0 , 32 , 28.33 , 2.025 , 0.047 , 15.75 , 346.25
1233 , 6278 , 429.79 , -36.5 , 36 , 28.27 , 2.010 , 0.047 , 15.87 , 346.13
1243 , 6333 , 426.41 , -37.0 , 39 , 28.22 , 1.989 , 0.047 , 15.99 , 346.00
1253 , 6382 , 423.37 , -37.4 , 40 , 28.17 , 1.968 , 0.046 , 16.10 , 345.89
1262 , 6431 , 420.37 , -37.8 , 40 , 28.12 , 1.924 , 0.046 , 16.21 , 345.78
1272 , 6480 , 417.41 , -38.1 , 38 , 28.07 , 1.909 , 0.046 , 16.32 , 345.68
1282 , 6541 , 413.74 , -38.6 , 36 , 28.02 , 1.885 , 0.046 , 16.45 , 345.54
1292 , 6599 , 410.26 , -39.1 , 34 , 27.96 , 1.858 , 0.045 , 16.58 , 345.42
1302 , 6656 , 406.87 , -39.4 , 31 , 27.90 , 1.781 , 0.044 , 16.69 , 345.30
1312 , 6713 , 403.45 , -39.6 , 25 , 27.84 , 1.695 , 0.042 , 16.81 , 345.18
1322 , 6775 , 399.84 , -39.9 , 21 , 27.79 , 1.625 , 0.041 , 16.93 , 345.07
1332 , 6835 , 396.32 , -40.4 , 21 , 27.72 , 1.599 , 0.040 , 17.04 , 344.95
1342 , 6897 , 392.75 , -40.9 , 23 , 27.67 , 1.561 , 0.040 , 17.15 , 344.84
1351 , 6962 , 389.01 , -41.4 , 26 , 27.61 , 1.537 , 0.040 , 17.27 , 344.73
1361 , 7021 , 385.64 , -41.9 , 27 , 27.56 , 1.534 , 0.040 , 17.38 , 344.62
1371 , 7080 , 382.26 , -42.4 , 27 , 27.50 , 1.515 , 0.040 , 17.48 , 344.51
1381 , 7135 , 379.18 , -42.9 , 27 , 27.44 , 1.502 , 0.040 , 17.58 , 344.42
1391 , 7191 , 376.05 , -43.4 , 29 , 27.39 , 1.487 , 0.040 , 17.68 , 344.32
1401 , 7253 , 372.55 , -43.9 , 28 , 27.34 , 1.480 , 0.040 , 17.79 , 344.21
1411 , 7310 , 369.41 , -44.3 , 26 , 27.28 , 1.505 , 0.041 , 17.88 , 344.11
1421 , 7372 , 366.01 , -44.7 , 25 , 27.22 , 1.507 , 0.041 , 17.99 , 344.00
1431 , 7434 , 362.61 , -45.1 , 25 , 27.16 , 1.497 , 0.041 , 18.11 , 343.89
1441 , 7497 , 359.24 , -45.4 , 25 , 27.10 , 1.524 , 0.042 , 18.22 , 343.78
1451 , 7558 , 355.95 , -45.8 , 24 , 27.04 , 1.552 , 0.044 , 18.33 , 343.67
1461 , 7619 , 352.69 , -46.3 , 22 , 26.99 , 1.612 , 0.046 , 18.44 , 343.55
1471 , 7671 , 349.93 , -46.7 , 21 , 26.92 , 1.637 , 0.047 , 18.54 , 343.45
1481 , 7726 , 347.03 , -47.1 , 21 , 26.87 , 1.644 , 0.047 , 18.65 , 343.34
1491 , 7781 , 344.14 , -47.6 , 22 , 26.81 , 1.661 , 0.048 , 18.76 , 343.23
1501 , 7846 , 340.78 , -48.2 , 22 , 26.75 , 1.657 , 0.049 , 18.89 , 343.11
1511 , 7897 , 338.15 , -48.7 , 24 , 26.69 , 1.659 , 0.049 , 18.99 , 343.00
1521 , 7955 , 335.21 , -49.1 , 25 , 26.63 , 1.643 , 0.049 , 19.10 , 342.89
1531 , 8007 , 332.55 , -49.5 , 25 , 26.57 , 1.642 , 0.049 , 19.21 , 342.79
1541 , 8055 , 330.10 , -50.0 , 25 , 26.51 , 1.638 , 0.050 , 19.30 , 342.69
1551 , 8108 , 327.42 , -50.4 , 25 , 26.45 , 1.627 , 0.050 , 19.41 , 342.59
1561 , 8155 , 325.08 , -50.8 , 25 , 26.39 , 1.613 , 0.050 , 19.50 , 342.50
1570 , 8214 , 322.12 , -51.3 , 26 , 26.33 , 1.611 , 0.050 , 19.62 , 342.38
1580 , 8271 , 319.32 , -51.8 , 26 , 26.28 , 1.593 , 0.050 , 19.73 , 342.27
1590 , 8334 , 316.24 , -52.3 , 26 , 26.21 , 1.584 , 0.050 , 19.85 , 342.15
1600 , 8395 , 313.26 , -52.9 , 26 , 26.15 , 1.559 , 0.050 , 19.97 , 342.03
1610 , 8447 , 310.74 , -53.3 , 25 , 26.08 , 1.550 , 0.050 , 20.06 , 341.93
1620 , 8499 , 308.22 , -53.8 , 26 , 26.02 , 1.531 , 0.050 , 20.16 , 341.83
1630 , 8548 , 305.87 , -54.3 , 27 , 25.96 , 1.516 , 0.050 , 20.26 , 341.74
1640 , 8606 , 303.12 , -54.8 , 29 , 25.90 , 1.527 , 0.050 , 20.36 , 341.63
1650 , 8668 , 300.21 , -55.3 , 30 , 25.83 , 1.529 , 0.051 , 20.48 , 341.51
1660 , 8730 , 297.28 , -55.7 , 32 , 25.76 , 1.512 , 0.051 , 20.60 , 341.40
1670 , 8789 , 294.54 , -56.2 , 34 , 25.69 , 1.519 , 0.052 , 20.71 , 341.29
1680 , 8851 , 291.69 , -56.7 , 36 , 25.62 , 1.498 , 0.051 , 20.82 , 341.17
1690 , 8910 , 288.95 , -57.3 , 37 , 25.56 , 1.429 , 0.049 , 20.93 , 341.06
1700 , 8969 , 286.28 , -57.8 , 37 , 25.48 , 1.411 , 0.049 , 21.04 , 340.96
1710 , 9026 , 283.72 , -58.3 , 38 , 25.41 , 1.400 , 0.049 , 21.14 , 340.86
1720 , 9089 , 280.89 , -58.8 , 39 , 25.34 , 1.368 , 0.049 , 21.25 , 340.75
1730 , 9152 , 278.07 , -59.3 , 41 , 25.27 , 1.352 , 0.049 , 21.36 , 340.64
1740 , 9220 , 275.05 , -59.9 , 42 , 25.20 , 1.327 , 0.048 , 21.47 , 340.52
1750 , 9279 , 272.48 , -60.4 , 44 , 25.13 , 1.298 , 0.048 , 21.57 , 340.43
1760 , 9335 , 270.02 , -60.9 , 44 , 25.06 , 1.285 , 0.048 , 21.66 , 340.33
1770 , 9391 , 267.60 , -61.5 , 44 , 24.99 , 1.260 , 0.047 , 21.75 , 340.24
1780 , 9455 , 264.85 , -62.1 , 43 , 24.92 , 1.249 , 0.047 , 21.85 , 340.14
1790 , 9521 , 262.03 , -62.7 , 43 , 24.85 , 1.246 , 0.048 , 21.96 , 340.04
1800 , 9581 , 259.48 , -63.2 , 44 , 24.79 , 1.205 , 0.046 , 22.05 , 339.94
1809 , 9637 , 257.13 , -63.7 , 43 , 24.73 , 1.185 , 0.046 , 22.14 , 339.86
1819 , 9690 , 254.91 , -64.1 , 43 , 24.67 , 1.198 , 0.047 , 22.22 , 339.77
1829 , 9758 , 252.08 , -64.7 , 42 , 24.60 , 1.171 , 0.046 , 22.32 , 339.67
1839 , 9812 , 249.87 , -65.2 , 42 , 24.53 , 1.159 , 0.046 , 22.41 , 339.59
1849 , 9876 , 247.26 , -65.7 , 42 , 24.46 , 1.157 , 0.047 , 22.50 , 339.49
1859 , 9960 , 243.83 , -66.3 , 42 , 24.38 , 1.153 , 0.047 , 22.63 , 339.37
1869 , 10032 , 240.95 , -66.5 , 41 , 24.30 , 1.159 , 0.048 , 22.74 , 339.26
1878 , 10074 , 239.30 , -66.7 , 41 , 24.23 , 1.242 , 0.052 , 22.80 , 339.19
1888 , 10128 , 237.16 , -66.6 , 40 , 24.17 , 1.340 , 0.057 , 22.89 , 339.10
1898 , 10187 , 234.85 , -66.4 , 40 , 24.09 , 1.466 , 0.062 , 23.00 , 338.99
1908 , 10242 , 232.74 , -66.1 , 40 , 24.03 , 1.675 , 0.072 , 23.11 , 338.88
1918 , 10298 , 230.59 , -66.3 , 41 , 23.96 , 1.943 , 0.084 , 23.25 , 338.75
1928 , 10360 , 228.25 , -66.7 , 41 , 23.89 , 2.162 , 0.095 , 23.41 , 338.58
1938 , 10437 , 225.34 , -67.3 , 42 , 23.81 , 2.327 , 0.103 , 23.64 , 338.36
1948 , 10493 , 223.28 , -67.6 , 43 , 23.73 , 2.468 , 0.111 , 23.81 , 338.18
1957 , 10540 , 221.53 , -68.0 , 44 , 23.67 , 2.622 , 0.118 , 23.97 , 338.02
1967 , 10604 , 219.16 , -68.1 , 45 , 23.60 , 2.748 , 0.125 , 24.20 , 337.80
1977 , 10651 , 217.47 , -68.1 , 47 , 23.52 , 2.961 , 0.136 , 24.37 , 337.62
1987 , 10697 , 215.82 , -68.1 , 47 , 23.45 , 3.159 , 0.146 , 24.56 , 337.44
1997 , 10742 , 214.19 , -68.2 , 48 , 23.37 , 3.323 , 0.155 , 24.75 , 337.24
2007 , 10783 , 212.73 , -68.1 , 48 , 23.30 , 3.507 , 0.165 , 24.94 , 337.06
2017 , 10824 , 211.28 , -67.8 , 47 , 23.22 , 3.679 , 0.174 , 25.13 , 336.86
2027 , 10869 , 209.71 , -67.2 , 46 , 23.15 , 3.869 , 0.184 , 25.35 , 336.64
2037 , 10911 , 208.27 , -66.2 , 43 , 23.07 , 4.115 , 0.198 , 25.57 , 336.43
2047 , 10950 , 206.92 , -65.0 , 40 , 23.00 , 4.294 , 0.208 , 25.78 , 336.21
2057 , 10992 , 205.53 , -64.3 , 37 , 22.92 , 4.439 , 0.216 , 26.02 , 335.98
2067 , 11035 , 204.08 , -62.8 , 33 , 22.85 , 4.535 , 0.222 , 26.27 , 335.73
2077 , 11073 , 202.82 , -61.6 , 29 , 22.77 , 4.703 , 0.232 , 26.49 , 335.50
2087 , 11112 , 201.54 , -61.1 , 25 , 22.70 , 4.993 , 0.248 , 26.74 , 335.26
2097 , 11153 , 200.22 , -60.7 , 21 , 22.62 , 5.317 , 0.266 , 27.00 , 334.99
2107 , 11193 , 198.94 , -60.1 , 18 , 22.55 , 5.710 , 0.287 , 27.28 , 334.71
2117 , 11236 , 197.59 , -60.0 , 14 , 22.47 , 6.086 , 0.308 , 27.60 , 334.40
2127 , 11277 , 196.28 , -59.6 , 12 , 22.40 , 6.427 , 0.327 , 27.93 , 334.07
2137 , 11317 , 195.04 , -59.3 , 10 , 22.32 , 6.608 , 0.339 , 28.25 , 333.74
2147 , 11356 , 193.81 , -58.9 , 8 , 22.24 , 6.515 , 0.336 , 28.58 , 333.41
2157 , 11396 , 192.60 , -58.7 , 7 , 22.17 , 6.238 , 0.324 , 28.90 , 333.10
2167 , 11435 , 191.41 , -58.4 , 6 , 22.09 , 5.935 , 0.310 , 29.19 , 332.80
2177 , 11475 , 190.19 , -58.4 , 5 , 22.02 , 5.696 , 0.299 , 29.49 , 332.51
2186 , 11513 , 189.05 , -58.5 , 5 , 21.94 , 5.458 , 0.289 , 29.75 , 332.24
2196 , 11552 , 187.86 , -58.6 , 4 , 21.88 , 5.273 , 0.281 , 30.02 , 331.98
2206 , 11595 , 186.58 , -58.7 , 4 , 21.80 , 5.081 , 0.272 , 30.30 , 331.70
2216 , 11639 , 185.29 , -59.0 , 3 , 21.73 , 4.994 , 0.270 , 30.58 , 331.42
2226 , 11687 , 183.86 , -59.2 , 3 , 21.66 , 5.032 , 0.274 , 30.88 , 331.12
2236 , 11758 , 181.79 , -59.5 , 3 , 21.58 , 5.190 , 0.285 , 31.34 , 330.66
2246 , 11817 , 180.10 , -59.7 , 3 , 21.51 , 5.363 , 0.298 , 31.73 , 330.27
2256 , 11859 , 178.88 , -59.8 , 3 , 21.43 , 5.595 , 0.313 , 32.02 , 329.98
2266 , 11906 , 177.55 , -59.9 , 3 , 21.36 , 5.811 , 0.327 , 32.36 , 329.64
2276 , 11950 , 176.30 , -59.9 , 2 , 21.29 , 6.107 , 0.346 , 32.69 , 329.31
2286 , 11991 , 175.15 , -60.1 , 2 , 21.22 , 6.636 , 0.379 , 33.02 , 328.98
2296 , 12032 , 173.99 , -60.3 , 2 , 21.15 , 7.085 , 0.407 , 33.38 , 328.62
2306 , 12074 , 172.82 , -60.2 , 2 , 21.08 , 7.407 , 0.429 , 33.76 , 328.23
2316 , 12121 , 171.52 , -60.3 , 2 , 21.01 , 7.598 , 0.443 , 34.21 , 327.79
2326 , 12170 , 170.18 , -60.4 , 2 , 20.94 , 7.775 , 0.457 , 34.69 , 327.31
2336 , 12210 , 169.08 , -60.5 , 2 , 20.87 , 8.016 , 0.474 , 35.09 , 326.91
2346 , 12251 , 167.97 , -60.5 , 2 , 20.79 , 8.211 , 0.489 , 35.51 , 326.48
2356 , 12298 , 166.72 , -60.2 , 2 , 20.72 , 8.319 , 0.499 , 36.00 , 326.00
2366 , 12358 , 165.12 , -60.1 , 2 , 20.66 , 8.411 , 0.509 , 36.64 , 325.36
2376 , 12411 , 163.73 , -60.5 , 2 , 20.59 , 8.358 , 0.510 , 37.19 , 324.80
2386 , 12460 , 162.44 , -60.9 , 2 , 20.52 , 8.275 , 0.509 , 37.72 , 324.28
2396 , 12503 , 161.32 , -60.8 , 2 , 20.45 , 8.074 , 0.500 , 38.16 , 323.84
2406 , 12546 , 160.20 , -60.8 , 1 , 20.38 , 7.654 , 0.478 , 38.59 , 323.40
2415 , 12586 , 159.17 , -60.7 , 1 , 20.32 , 7.363 , 0.463 , 38.97 , 323.02
2425 , 12626 , 158.16 , -60.5 , 1 , 20.26 , 7.053 , 0.446 , 39.34 , 322.66
2435 , 12668 , 157.09 , -60.3 , 1 , 20.19 , 7.095 , 0.452 , 39.72 , 322.28
2445 , 12709 , 156.05 , -60.4 , 1 , 20.13 , 7.086 , 0.454 , 40.09 , 321.91
2455 , 12751 , 155.02 , -60.3 , 1 , 20.06 , 7.030 , 0.453 , 40.46 , 321.54
2465 , 12793 , 153.98 , -60.2 , 1 , 20.00 , 7.059 , 0.458 , 40.83 , 321.17
2475 , 12836 , 152.92 , -60.1 , 1 , 19.94 , 7.113 , 0.465 , 41.22 , 320.78
2485 , 12878 , 151.88 , -60.0 , 1 , 19.87 , 7.137 , 0.470 , 41.60 , 320.39
2495 , 12922 , 150.83 , -59.9 , 1 , 19.81 , 7.108 , 0.471 , 41.99 , 320.00
2504 , 12963 , 149.85 , -59.9 , 1 , 19.75 , 7.215 , 0.481 , 42.36 , 319.63
2514 , 13002 , 148.90 , -59.8 , 1 , 19.69 , 7.160 , 0.481 , 42.72 , 319.27
2524 , 13043 , 147.93 , -59.9 , 1 , 19.62 , 7.020 , 0.475 , 43.08 , 318.91
2534 , 13084 , 146.95 , -60.0 , 1 , 19.56 , 6.956 , 0.473 , 43.45 , 318.54
2544 , 13126 , 145.97 , -60.1 , 1 , 19.50 , 6.876 , 0.471 , 43.82 , 318.18
2554 , 13166 , 145.03 , -60.1 , 1 , 19.44 , 6.812 , 0.470 , 44.17 , 317.83
2563 , 13205 , 144.14 , -60.2 , 1 , 19.38 , 6.791 , 0.471 , 44.50 , 317.50
2573 , 13245 , 143.20 , -60.3 , 1 , 19.33 , 6.807 , 0.475 , 44.85 , 317.15
2583 , 13288 , 142.23 , -60.2 , 1 , 19.26 , 6.729 , 0.473 , 45.21 , 316.78
2593 , 13331 , 141.25 , -59.9 , 1 , 19.21 , 6.838 , 0.484 , 45.58 , 316.42
2603 , 13373 , 140.29 , -59.7 , 1 , 19.15 , 7.069 , 0.504 , 45.95 , 316.04
2613 , 13417 , 139.32 , -60.0 , 1 , 19.09 , 7.225 , 0.519 , 46.35 , 315.65
2623 , 13459 , 138.37 , -60.0 , 1 , 19.04 , 7.334 , 0.530 , 46.74 , 315.26
2633 , 13502 , 137.43 , -60.0 , 1 , 18.98 , 7.356 , 0.535 , 47.13 , 314.86
2643 , 13547 , 136.44 , -60.0 , 1 , 18.92 , 7.299 , 0.535 , 47.55 , 314.44
2653 , 13589 , 135.52 , -60.1 , 1 , 18.86 , 7.192 , 0.531 , 47.94 , 314.06
2663 , 13633 , 134.57 , -59.8 , 1 , 18.80 , 7.274 , 0.540 , 48.34 , 313.65
2673 , 13677 , 133.63 , -59.7 , 1 , 18.75 , 7.505 , 0.562 , 48.75 , 313.25
2683 , 13722 , 132.67 , -59.9 , 1 , 18.70 , 7.623 , 0.575 , 49.18 , 312.82
2693 , 13768 , 131.70 , -60.1 , 1 , 18.65 , 7.730 , 0.587 , 49.62 , 312.37
2703 , 13812 , 130.76 , -60.0 , 1 , 18.60 , 7.733 , 0.591 , 50.06 , 311.93
2713 , 13857 , 129.83 , -59.7 , 1 , 18.54 , 7.723 , 0.595 , 50.50 , 311.50
2723 , 13903 , 128.89 , -59.8 , 1 , 18.50 , 7.817 , 0.607 , 50.94 , 311.05
2733 , 13947 , 127.97 , -59.9 , 1 , 18.44 , 7.974 , 0.623 , 51.39 , 310.60
2743 , 13992 , 127.06 , -60.1 , 1 , 18.39 , 8.111 , 0.638 , 51.84 , 310.15
2753 , 14035 , 126.18 , -60.0 , 1 , 18.34 , 8.297 , 0.658 , 52.29 , 309.70
2763 , 14078 , 125.31 , -60.0 , 1 , 18.28 , 8.453 , 0.675 , 52.75 , 309.24
2773 , 14121 , 124.46 , -60.0 , 1 , 18.22 , 8.688 , 0.698 , 53.21 , 308.79
2783 , 14163 , 123.62 , -60.0 , 1 , 18.17 , 8.390 , 0.679 , 53.67 , 308.33
2792 , 14203 , 122.83 , -60.0 , 1 , 18.12 , 7.957 , 0.648 , 54.08 , 307.92
2802 , 14241 , 122.08 , -59.8 , 1 , 18.07 , 7.813 , 0.640 , 54.46 , 307.53
2812 , 14282 , 121.29 , -59.7 , 1 , 18.03 , 7.963 , 0.657 , 54.87 , 307.13
2821 , 14321 , 120.54 , -59.6 , 1 , 17.98 , 8.393 , 0.696 , 55.27 , 306.73
2831 , 14358 , 119.82 , -59.3 , 1 , 17.94 , 8.915 , 0.744 , 55.67 , 306.32
2841 , 14396 , 119.10 , -59.0 , 1 , 17.88 , 9.392 , 0.789 , 56.11 , 305.88
2851 , 14434 , 118.37 , -58.9 , 1 , 17.84 , 9.818 , 0.829 , 56.58 , 305.42
2861 , 14473 , 117.64 , -58.6 , 1 , 17.79 , 10.122 , 0.860 , 57.06 , 304.93
2871 , 14512 , 116.91 , -58.3 , 1 , 17.75 , 10.375 , 0.887 , 57.56 , 304.43
2881 , 14550 , 116.20 , -58.2 , 1 , 17.70 , 10.613 , 0.913 , 58.07 , 303.93
2891 , 14592 , 115.44 , -58.1 , 1 , 17.65 , 10.898 , 0.944 , 58.63 , 303.37
2901 , 14631 , 114.73 , -58.2 , 1 , 17.60 , 11.084 , 0.966 , 59.17 , 302.83
2911 , 14670 , 114.01 , -58.1 , 1 , 17.56 , 11.232 , 0.985 , 59.72 , 302.28
2921 , 14710 , 113.29 , -58.2 , 1 , 17.51 , 11.444 , 1.010 , 60.29 , 301.71
2931 , 14752 , 112.54 , -57.9 , 1 , 17.47 , 11.863 , 1.054 , 60.90 , 301.10
2940 , 14793 , 111.81 , -57.7 , 1 , 17.42 , 12.497 , 1.118 , 61.52 , 300.47
2950 , 14833 , 111.11 , -57.7 , 1 , 17.38 , 12.999 , 1.170 , 62.15 , 299.84
2960 , 14874 , 110.39 , -57.1 , 1 , 17.33 , 13.510 , 1.224 , 62.83 , 299.16
2970 , 14917 , 109.64 , -56.4 , 1 , 17.29 , 14.023 , 1.279 , 63.57 , 298.42
2980 , 14960 , 108.90 , -56.1 , 1 , 17.25 , 14.574 , 1.338 , 64.34 , 297.65
2990 , 15002 , 108.18 , -55.9 , 1 , 17.21 , 15.124 , 1.398 , 65.11 , 296.88
3000 , 15047 , 107.42 , -55.6 , 1 , 17.16 , 15.428 , 1.436 , 65.96 , 296.03
3010 , 15090 , 106.70 , -55.7 , 1 , 17.11 , 15.694 , 1.471 , 66.79 , 295.20
3020 , 15134 , 105.96 , -55.6 , 0 , 17.07 , 15.906 , 1.501 , 67.66 , 294.33
3030 , 15178 , 105.24 , -55.7 , 0 , 17.02 , 16.135 , 1.533 , 68.52 , 293.47
3040 , 15223 , 104.50 , -55.5 , 0 , 16.97 , 16.294 , 1.559 , 69.43 , 292.57
3050 , 15268 , 103.76 , -55.4 , 0 , 16.93 , 16.410 , 1.581 , 70.34 , 291.66
3060 , 15309 , 103.09 , -55.3 , 0 , 16.88 , 16.602 , 1.610 , 71.19 , 290.81
3070 , 15351 , 102.42 , -54.9 , 0 , 16.84 , 16.554 , 1.616 , 72.04 , 289.96
3080 , 15392 , 101.76 , -54.6 , 0 , 16.79 , 16.529 , 1.624 , 72.88 , 289.11
3090 , 15433 , 101.11 , -54.2 , 0 , 16.75 , 16.583 , 1.640 , 73.72 , 288.28
3100 , 15476 , 100.44 , -54.2 , 0 , 16.70 , 16.749 , 1.668 , 74.60 , 287.40
3110 , 15518 , 99.78 , -54.4 , 0 , 16.65 , 16.669 , 1.671 , 75.47 , 286.53
3120 , 15559 , 99.14 , -54.1 , 0 , 16.61 , 16.526 , 1.667 , 76.31 , 285.68
3129 , 15599 , 98.52 , -54.3 , 0 , 16.56 , 16.287 , 1.653 , 77.11 , 284.88
3139 , 15638 , 97.92 , -54.4 , 0 , 16.51 , 16.195 , 1.654 , 77.90 , 284.10
3149 , 15681 , 97.27 , -54.5 , 0 , 16.46 , 16.000 , 1.645 , 78.75 , 283.24
3159 , 15722 , 96.65 , -54.5 , 0 , 16.42 , 15.990 , 1.654 , 79.55 , 282.44
3169 , 15763 , 96.03 , -54.4 , 0 , 16.36 , 16.121 , 1.679 , 80.37 , 281.63
3179 , 15804 , 95.42 , -54.5 , 0 , 16.32 , 16.022 , 1.679 , 81.18 , 280.81
3189 , 15847 , 94.78 , -54.5 , 0 , 16.27 , 15.840 , 1.671 , 82.02 , 279.97
3199 , 15890 , 94.14 , -54.4 , 0 , 16.23 , 15.811 , 1.679 , 82.87 , 279.13
3209 , 15933 , 93.51 , -54.3 , 0 , 16.18 , 15.856 , 1.696 , 83.71 , 278.29
3219 , 15976 , 92.89 , -54.1 , 0 , 16.13 , 16.018 , 1.724 , 84.55 , 277.45
3229 , 16021 , 92.24 , -53.7 , 0 , 16.08 , 16.264 , 1.763 , 85.44 , 276.56
3239 , 16066 , 91.60 , -53.2 , 0 , 16.03 , 16.513 , 1.803 , 86.34 , 275.65
3249 , 16111 , 90.96 , -53.2 , 0 , 15.98 , 16.604 , 1.825 , 87.26 , 274.73
3259 , 16158 , 90.31 , -53.0 , 0 , 15.93 , 16.730 , 1.853 , 88.21 , 273.79
3269 , 16202 , 89.68 , -52.9 , 0 , 15.88 , 16.690 , 1.861 , 89.13 , 272.87
3279 , 16248 , 89.04 , -52.8 , 0 , 15.83 , 16.665 , 1.872 , 90.06 , 271.93
3289 , 16294 , 88.41 , -52.8 , 0 , 15.79 , 16.640 , 1.882 , 91.00 , 271.00
3299 , 16342 , 87.76 , -52.8 , 0 , 15.74 , 16.497 , 1.880 , 91.96 , 270.03
3309 , 16391 , 87.10 , -52.7 , 0 , 15.69 , 16.447 , 1.888 , 92.95 , 269.05
3319 , 16439 , 86.46 , -52.1 , 0 , 15.64 , 16.834 , 1.947 , 93.92 , 268.08
3329 , 16486 , 85.83 , -52.0 , 0 , 15.60 , 17.104 , 1.993 , 94.90 , 267.10
3339 , 16533 , 85.20 , -51.6 , 0 , 15.55 , 17.136 , 2.011 , 95.89 , 266.11
3349 , 16578 , 84.62 , -51.3 , 0 , 15.50 , 17.422 , 2.059 , 96.83 , 265.17
3359 , 16623 , 84.03 , -50.8 , 0 , 15.45 , 17.607 , 2.095 , 97.79 , 264.20
3369 , 16669 , 83.44 , -50.6 , 0 , 15.41 , 17.647 , 2.115 , 98.77 , 263.23
3379 , 16713 , 82.88 , -50.2 , 0 , 15.36 , 17.599 , 2.124 , 99.71 , 262.29
3389 , 16755 , 82.35 , -50.0 , 0 , 15.32 , 17.609 , 2.138 , 100.59 , 261.40
3398 , 16794 , 81.86 , -49.6 , 0 , 15.27 , 17.823 , 2.177 , 101.43 , 260.57
3408 , 16831 , 81.40 , -49.1 , 0 , 15.23 , 17.930 , 2.203 , 102.23 , 259.77
3418 , 16872 , 80.89 , -49.0 , 0 , 15.19 , 18.098 , 2.237 , 103.11 , 258.88
3428 , 16911 , 80.41 , -49.3 , 0 , 15.14 , 18.133 , 2.255 , 103.97 , 258.02
3437 , 16949 , 79.95 , -49.3 , 0 , 15.10 , 17.872 , 2.235 , 104.79 , 257.21
3447 , 16986 , 79.50 , -49.5 , 0 , 15.06 , 17.798 , 2.239 , 105.58 , 256.41
3457 , 17025 , 79.02 , -49.5 , 0 , 15.01 , 18.054 , 2.285 , 106.43 , 255.56
3467 , 17065 , 78.54 , -49.5 , 0 , 14.97 , 18.049 , 2.298 , 107.31 , 254.69
3477 , 17104 , 78.07 , -49.7 , 0 , 14.93 , 18.143 , 2.324 , 108.16 , 253.83
3487 , 17145 , 77.58 , -50.1 , 0 , 14.89 , 18.049 , 2.326 , 109.06 , 252.94
3497 , 17188 , 77.08 , -50.3 , 0 , 14.85 , 18.023 , 2.338 , 109.98 , 252.01
3507 , 17228 , 76.60 , -50.6 , 0 , 14.81 , 17.995 , 2.349 , 110.87 , 251.13
3517 , 17270 , 76.11 , -50.8 , 0 , 14.77 , 17.930 , 2.356 , 111.78 , 250.22
3527 , 17314 , 75.59 , -51.0 , 0 , 14.73 , 17.755 , 2.349 , 112.74 , 249.26
3537 , 17360 , 75.06 , -51.2 , 0 , 14.68 , 17.690 , 2.357 , 113.72 , 248.28
3546 , 17402 , 74.58 , -51.3 , 0 , 14.65 , 17.432 , 2.337 , 114.61 , 247.38
3556 , 17447 , 74.07 , -51.1 , 0 , 14.61 , 17.367 , 2.345 , 115.56 , 246.44
3566 , 17496 , 73.51 , -50.7 , 0 , 14.57 , 17.239 , 2.345 , 116.59 , 245.41
3576 , 17546 , 72.95 , -50.5 , 0 , 14.53 , 17.374 , 2.382 , 117.65 , 244.35
3586 , 17597 , 72.38 , -50.4 , 0 , 14.48 , 17.370 , 2.400 , 118.71 , 243.29
3596 , 17645 , 71.85 , -49.9 , 0 , 14.45 , 17.325 , 2.411 , 119.72 , 242.28
3606 , 17694 , 71.31 , -50.1 , 0 , 14.41 , 17.156 , 2.406 , 120.75 , 241.25
3616 , 17744 , 70.77 , -50.1 , 0 , 14.37 , 17.030 , 2.406 , 121.76 , 240.23
3626 , 17795 , 70.22 , -49.7 , 0 , 14.33 , 17.060 , 2.430 , 122.83 , 239.17
3636 , 17844 , 69.69 , -49.9 , 0 , 14.29 , 17.273 , 2.478 , 123.84 , 238.15
3646 , 17894 , 69.16 , -50.1 , 0 , 14.25 , 17.436 , 2.521 , 124.89 , 237.10
3656 , 17943 , 68.65 , -50.2 , 0 , 14.21 , 17.184 , 2.503 , 125.91 , 236.09
3666 , 17995 , 68.11 , -50.3 , 0 , 14.18 , 17.258 , 2.534 , 126.99 , 235.01
3676 , 18042 , 67.61 , -50.6 , 0 , 14.14 , 17.311 , 2.560 , 127.98 , 234.01
3686 , 18092 , 67.09 , -50.9 , 0 , 14.10 , 17.350 , 2.586 , 129.03 , 232.96
3696 , 18141 , 66.59 , -51.2 , 0 , 14.06 , 16.976 , 2.549 , 130.05 , 231.95
3706 , 18190 , 66.09 , -51.2 , 0 , 14.02 , 16.805 , 2.543 , 131.06 , 230.94
3716 , 18237 , 65.61 , -51.0 , 0 , 13.98 , 17.014 , 2.593 , 132.03 , 229.97
3726 , 18282 , 65.16 , -51.2 , 0 , 13.95 , 17.003 , 2.609 , 132.95 , 229.05
3736 , 18328 , 64.70 , -51.1 , 0 , 13.91 , 16.779 , 2.593 , 133.89 , 228.11
3745 , 18368 , 64.30 , -51.0 , 0 , 13.87 , 16.829 , 2.617 , 134.72 , 227.28
3754 , 18409 , 63.90 , -51.0 , 0 , 13.84 , 16.750 , 2.621 , 135.54 , 226.46
3764 , 18449 , 63.51 , -51.1 , 0 , 13.80 , 16.665 , 2.624 , 136.36 , 225.63
3774 , 18493 , 63.08 , -51.1 , 0 , 13.77 , 16.754 , 2.656 , 137.26 , 224.74
3784 , 18536 , 62.67 , -51.1 , 0 , 13.73 , 16.588 , 2.647 , 138.11 , 223.88
3794 , 18579 , 62.25 , -51.2 , 0 , 13.69 , 16.713 , 2.685 , 138.99 , 223.00
3804 , 18624 , 61.82 , -51.2 , 0 , 13.65 , 16.730 , 2.706 , 139.90 , 222.10
3814 , 18670 , 61.38 , -51.2 , 0 , 13.62 , 16.678 , 2.717 , 140.84 , 221.16
3824 , 18719 , 60.92 , -51.0 , 0 , 13.58 , 16.654 , 2.734 , 141.83 , 220.16
3834 , 18769 , 60.46 , -50.5 , 0 , 13.54 , 16.753 , 2.771 , 142.84 , 219.16
3844 , 18817 , 60.01 , -50.1 , 0 , 13.51 , 16.968 , 2.827 , 143.82 , 218.17
3854 , 18869 , 59.54 , -49.6 , 0 , 13.47 , 16.934 , 2.844 , 144.88 , 217.12
3864 , 18926 , 59.02 , -49.3 , 0 , 13.43 , 17.008 , 2.882 , 146.05 , 215.94
3874 , 18983 , 58.51 , -49.4 , 0 , 13.39 , 17.203 , 2.940 , 147.22 , 214.77
3884 , 19033 , 58.07 , -49.2 , 0 , 13.35 , 17.522 , 3.017 , 148.27 , 213.73
3894 , 19085 , 57.61 , -48.9 , 0 , 13.32 , 17.858 , 3.100 , 149.39 , 212.61
3904 , 19138 , 57.14 , -49.2 , 0 , 13.28 , 18.035 , 3.156 , 150.52 , 211.47
3914 , 19192 , 56.67 , -49.6 , 0 , 13.24 , 18.161 , 3.205 , 151.71 , 210.29
3923 , 19244 , 56.23 , -50.0 , 0 , 13.21 , 18.086 , 3.217 , 152.84 , 209.16
3933 , 19294 , 55.79 , -50.5 , 0 , 13.17 , 17.810 , 3.192 , 153.93 , 208.06
3943 , 19348 , 55.34 , -50.9 , 0 , 13.14 , 17.432 , 3.150 , 155.08 , 206.92
3953 , 19401 , 54.89 , -51.3 , 0 , 13.10 , 17.084 , 3.113 , 156.19 , 205.81
3963 , 19451 , 54.47 , -51.2 , 0 , 13.06 , 16.862 , 3.096 , 157.21 , 204.78
3973 , 19500 , 54.06 , -51.2 , 0 , 13.02 , 16.505 , 3.053 , 158.21 , 203.78
3983 , 19546 , 53.68 , -51.5 , 0 , 12.99 , 16.465 , 3.068 , 159.13 , 202.86
3993 , 19591 , 53.31 , -51.6 , 0 , 12.95 , 16.395 , 3.076 , 160.03 , 201.96
4003 , 19636 , 52.93 , -51.2 , 0 , 12.91 , 16.352 , 3.089 , 160.93 , 201.06
4013 , 19680 , 52.58 , -51.3 , 0 , 12.87 , 16.342 , 3.108 , 161.81 , 200.18
4023 , 19725 , 52.22 , -51.3 , 0 , 12.84 , 16.300 , 3.122 , 162.69 , 199.30
4033 , 19769 , 51.87 , -51.5 , 0 , 12.80 , 16.187 , 3.121 , 163.56 , 198.44
4042 , 19812 , 51.52 , -51.5 , 0 , 12.76 , 16.112 , 3.127 , 164.41 , 197.59
4052 , 19855 , 51.18 , -51.6 , 0 , 12.73 , 15.873 , 3.102 , 165.25 , 196.74
4062 , 19900 , 50.83 , -51.3 , 0 , 12.69 , 15.935 , 3.135 , 166.11 , 195.88
4072 , 19945 , 50.47 , -51.0 , 0 , 12.66 , 16.072 , 3.184 , 167.00 , 195.00
4082 , 19994 , 50.09 , -50.8 , 0 , 12.62 , 16.093 , 3.213 , 167.95 , 194.04
4092 , 20042 , 49.73 , -50.4 , 0 , 12.58 , 16.063 , 3.230 , 168.88 , 193.11
4102 , 20091 , 49.36 , -49.7 , 0 , 12.54 , 16.035 , 3.249 , 169.83 , 192.17
4112 , 20142 , 48.97 , -49.2 , 0 , 12.51 , 16.220 , 3.312 , 170.83 , 191.16
4122 , 20194 , 48.59 , -48.8 , 0 , 12.47 , 16.246 , 3.343 , 171.83 , 190.16
4132 , 20250 , 48.18 , -48.5 , 0 , 12.44 , 16.282 , 3.380 , 172.93 , 189.07
4142 , 20304 , 47.78 , -48.7 , 0 , 12.40 , 16.289 , 3.409 , 173.99 , 188.00
4152 , 20362 , 47.36 , -49.1 , 0 , 12.36 , 16.173 , 3.415 , 175.12 , 186.87
4162 , 20421 , 46.93 , -49.6 , 0 , 12.33 , 15.912 , 3.390 , 176.27 , 185.73
4172 , 20485 , 46.48 , -49.9 , 0 , 12.29 , 15.639 , 3.365 , 177.48 , 184.52
4182 , 20548 , 46.03 , -50.3 , 0 , 12.26 , 15.594 , 3.388 , 178.67 , 183.33
4192 , 20609 , 45.60 , -50.7 , 0 , 12.22 , 15.678 , 3.438 , 179.83 , 182.17
4202 , 20672 , 45.17 , -51.0 , 0 , 12.19 , 15.744 , 3.486 , 181.02 , 180.98
4212 , 20733 , 44.74 , -51.1 , 0 , 12.16 , 15.791 , 3.529 , 182.19 , 179.81
4222 , 20795 , 44.31 , -51.2 , 0 , 12.12 , 15.855 , 3.578 , 183.39 , 178.60
4232 , 20855 , 43.91 , -50.8 , 0 , 12.08 , 15.635 , 3.561 , 184.53 , 177.46
4242 , 20916 , 43.50 , -50.4 , 0 , 12.05 , 15.535 , 3.571 , 185.68 , 176.31
4252 , 20974 , 43.11 , -50.4 , 0 , 12.02 , 15.418 , 3.576 , 186.77 , 175.22
4262 , 21032 , 42.74 , -50.7 , 0 , 11.99 , 15.467 , 3.619 , 187.85 , 174.15
4272 , 21090 , 42.36 , -50.9 , 0 , 11.95 , 15.517 , 3.663 , 188.94 , 173.06
4282 , 21144 , 42.00 , -50.9 , 0 , 11.92 , 15.421 , 3.672 , 189.96 , 172.03
4292 , 21201 , 41.64 , -50.8 , 0 , 11.89 , 15.387 , 3.695 , 191.02 , 170.98
4302 , 21254 , 41.30 , -50.7 , 0 , 11.86 , 15.354 , 3.717 , 192.00 , 169.99
4312 , 21305 , 40.98 , -50.6 , 0 , 11.83 , 15.257 , 3.723 , 192.96 , 169.04
4322 , 21353 , 40.68 , -50.8 , 0 , 11.80 , 15.058 , 3.702 , 193.83 , 168.16
4332 , 21400 , 40.39 , -51.1 , 0 , 11.77 , 15.014 , 3.718 , 194.69 , 167.30
4341 , 21444 , 40.11 , -51.1 , 0 , 11.75 , 14.800 , 3.690 , 195.50 , 166.50
4351 , 21485 , 39.86 , -51.1 , 0 , 11.72 , 14.733 , 3.696 , 196.23 , 165.77
4361 , 21528 , 39.60 , -50.4 , 0 , 11.69 , 14.703 , 3.713 , 197.00 , 165.00
4371 , 21572 , 39.33 , -49.9 , 0 , 11.67 , 14.653 , 3.725 , 197.77 , 164.23
4381 , 21612 , 39.09 , -49.2 , 0 , 11.64 , 14.516 , 3.713 , 198.48 , 163.52
4391 , 21652 , 38.86 , -48.8 , 0 , 11.61 , 14.839 , 3.819 , 199.17 , 162.82
4401 , 21691 , 38.62 , -48.4 , 0 , 11.59 , 14.994 , 3.882 , 199.89 , 162.11
4411 , 21732 , 38.38 , -48.4 , 0 , 11.56 , 14.974 , 3.901 , 200.62 , 161.37
4421 , 21774 , 38.14 , -48.4 , 0 , 11.54 , 14.889 , 3.904 , 201.37 , 160.63
4431 , 21816 , 37.90 , -48.5 , 0 , 11.51 , 14.866 , 3.923 , 202.12 , 159.88
4441 , 21860 , 37.65 , -48.4 , 0 , 11.49 , 15.002 , 3.985 , 202.90 , 159.09
4451 , 21902 , 37.41 , -48.2 , 0 , 11.47 , 14.994 , 4.008 , 203.66 , 158.34
4461 , 21946 , 37.16 , -47.0 , 0 , 11.44 , 15.130 , 4.072 , 204.46 , 157.54
4471 , 21990 , 36.91 , -46.6 , 0 , 11.42 , 15.389 , 4.169 , 205.25 , 156.75
4481 , 22036 , 36.66 , -46.6 , 0 , 11.41 , 15.722 , 4.289 , 206.10 , 155.89
4491 , 22080 , 36.41 , -46.7 , 0 , 11.39 , 15.803 , 4.340 , 206.94 , 155.06
4501 , 22130 , 36.14 , -46.6 , 0 , 11.37 , 15.750 , 4.358 , 207.87 , 154.12
4511 , 22179 , 35.87 , -46.5 , 0 , 11.35 , 15.630 , 4.357 , 208.79 , 153.21
4521 , 22228 , 35.61 , -46.0 , 0 , 11.33 , 15.576 , 4.374 , 209.69 , 152.30
4531 , 22278 , 35.34 , -45.4 , 0 , 11.31 , 15.810 , 4.473 , 210.63 , 151.37
4541 , 22330 , 35.07 , -44.5 , 0 , 11.29 , 15.939 , 4.545 , 211.60 , 150.39
4551 , 22382 , 34.80 , -44.8 , 0 , 11.28 , 16.265 , 4.674 , 212.60 , 149.40
4561 , 22434 , 34.53 , -45.3 , 0 , 11.26 , 16.185 , 4.687 , 213.58 , 148.41
4571 , 22485 , 34.27 , -45.7 , 0 , 11.24 , 16.205 , 4.729 , 214.56 , 147.43
4581 , 22539 , 33.99 , -46.0 , 0 , 11.23 , 16.102 , 4.737 , 215.59 , 146.40
4591 , 22587 , 33.74 , -45.7 , 0 , 11.21 , 16.092 , 4.769 , 216.52 , 145.48
4601 , 22637 , 33.49 , -45.0 , 0 , 11.19 , 16.122 , 4.814 , 217.47 , 144.52
4611 , 22687 , 33.24 , -45.2 , 0 , 11.18 , 16.200 , 4.873 , 218.42 , 143.58
4621 , 22738 , 32.99 , -45.2 , 0 , 11.16 , 16.265 , 4.931 , 219.41 , 142.58
4631 , 22791 , 32.73 , -45.2 , 0 , 11.14 , 16.235 , 4.961 , 220.42 , 141.57
4641 , 22844 , 32.47 , -45.6 , 0 , 11.12 , 16.320 , 5.027 , 221.45 , 140.54
4651 , 22890 , 32.24 , -45.6 , 0 , 11.11 , 16.403 , 5.087 , 222.34 , 139.65
4660 , 22937 , 32.02 , -45.9 , 0 , 11.09 , 16.348 , 5.106 , 223.25 , 138.75
4670 , 22981 , 31.81 , -46.3 , 0 , 11.07 , 16.311 , 5.128 , 224.09 , 137.90
4680 , 23026 , 31.59 , -46.6 , 0 , 11.05 , 16.284 , 5.155 , 224.98 , 137.01
4690 , 23070 , 31.39 , -46.5 , 0 , 11.04 , 16.183 , 5.156 , 225.81 , 136.18
4700 , 23114 , 31.18 , -45.8 , 0 , 11.02 , 16.118 , 5.170 , 226.66 , 135.33
4710 , 23156 , 30.98 , -45.7 , 0 , 11.00 , 16.154 , 5.214 , 227.47 , 134.53
4720 , 23200 , 30.78 , -45.8 , 0 , 10.98 , 16.133 , 5.242 , 228.31 , 133.69
4730 , 23242 , 30.58 , -45.6 , 0 , 10.97 , 16.116 , 5.270 , 229.12 , 132.88
4740 , 23288 , 30.37 , -45.1 , 0 , 10.95 , 16.179 , 5.327 , 230.00 , 131.99
4750 , 23333 , 30.17 , -45.2 , 0 , 10.93 , 16.307 , 5.405 , 230.86 , 131.14
4760 , 23380 , 29.96 , -45.6 , 0 , 10.91 , 16.341 , 5.455 , 231.76 , 130.23
4770 , 23429 , 29.74 , -45.8 , 0 , 10.90 , 16.382 , 5.509 , 232.71 , 129.28
