# ------------------------------------------------------------
#
# Flight name: V1413
# Station: Davis
# Launch Date: 24 September 2013
# Launch Time: 23:14:59
# 
# This file created: Wed Sep 25 12:14:38 2013
# 
# 
# ------------------------------------------------------------
# DATA COLUMNS
# Time (s)
# Height (m)
# Atmospheric Pressure (hPa)
# Atmospheric Temperature (°C)
# Relative Humidity (%)
# Box Temperature (°C)
# Ozone Partial Pressure (mPa)
# Ozone Mixing Ratio (ppmV)
# Accumulated Ozone to this Height (Dobson Units)
# Remaining Ozone above this Height (Dobson Units)
# 
# ------------------------------------------------------------
# 
# Integrated Ozone = 152.5 DU
# Extrapolated Ozone =  38.0 DU
# 
# Total Ozone = 190.5 DU
# 
# 
# ------------------------------------------------------------
0 , 18 , 990.93 , -17.4 , 43 , 35.16 , 2.706 , 0.027 , 0.00 , 190.52
10 , 57 , 985.71 , -17.2 , 44 , 35.18 , 2.794 , 0.028 , 0.11 , 190.41
20 , 104 , 979.55 , -17.3 , 45 , 35.13 , 2.816 , 0.029 , 0.25 , 190.27
29 , 149 , 973.69 , -17.6 , 46 , 35.02 , 2.826 , 0.029 , 0.39 , 190.14
38 , 184 , 969.19 , -17.7 , 47 , 34.93 , 2.850 , 0.029 , 0.49 , 190.03
48 , 226 , 963.66 , -17.8 , 49 , 34.84 , 2.850 , 0.030 , 0.62 , 189.91
58 , 269 , 958.16 , -18.1 , 50 , 34.74 , 2.829 , 0.030 , 0.75 , 189.78
68 , 309 , 953.03 , -18.4 , 52 , 34.66 , 2.833 , 0.030 , 0.87 , 189.66
78 , 348 , 948.08 , -18.8 , 54 , 34.55 , 2.826 , 0.030 , 0.98 , 189.54
88 , 392 , 942.49 , -19.1 , 56 , 34.45 , 2.812 , 0.030 , 1.12 , 189.41
98 , 445 , 935.76 , -19.5 , 58 , 34.32 , 2.796 , 0.030 , 1.27 , 189.25
108 , 495 , 929.55 , -20.0 , 60 , 34.22 , 2.779 , 0.030 , 1.42 , 189.10
118 , 538 , 924.15 , -20.3 , 64 , 34.11 , 2.769 , 0.030 , 1.55 , 188.98
128 , 585 , 918.28 , -20.8 , 66 , 34.00 , 2.761 , 0.030 , 1.69 , 188.84
138 , 632 , 912.41 , -21.3 , 70 , 33.88 , 2.753 , 0.030 , 1.83 , 188.70
148 , 684 , 906.04 , -21.7 , 73 , 33.78 , 2.738 , 0.030 , 1.98 , 188.55
158 , 735 , 899.78 , -22.2 , 74 , 33.71 , 2.724 , 0.030 , 2.13 , 188.40
168 , 784 , 893.81 , -22.6 , 75 , 33.64 , 2.706 , 0.030 , 2.27 , 188.25
178 , 827 , 888.57 , -23.0 , 75 , 33.61 , 2.686 , 0.030 , 2.40 , 188.13
188 , 871 , 883.22 , -23.3 , 74 , 33.55 , 2.675 , 0.030 , 2.52 , 188.00
198 , 921 , 877.25 , -23.8 , 77 , 33.42 , 2.664 , 0.030 , 2.67 , 187.86
208 , 967 , 871.74 , -24.1 , 74 , 33.29 , 2.646 , 0.030 , 2.80 , 187.73
218 , 1011 , 866.43 , -24.4 , 73 , 33.18 , 2.627 , 0.030 , 2.93 , 187.60
228 , 1059 , 860.79 , -24.8 , 74 , 33.07 , 2.623 , 0.030 , 3.06 , 187.46
238 , 1110 , 854.77 , -25.2 , 76 , 32.95 , 2.604 , 0.030 , 3.21 , 187.32
248 , 1159 , 848.95 , -25.5 , 77 , 32.85 , 2.595 , 0.031 , 3.35 , 187.18
258 , 1212 , 842.76 , -25.8 , 76 , 32.73 , 2.571 , 0.031 , 3.49 , 187.03
268 , 1262 , 837.03 , -26.1 , 73 , 32.63 , 2.552 , 0.030 , 3.63 , 186.89
278 , 1309 , 831.54 , -26.5 , 74 , 32.50 , 2.548 , 0.031 , 3.77 , 186.76
288 , 1357 , 826.00 , -27.0 , 76 , 32.39 , 2.543 , 0.031 , 3.90 , 186.63
298 , 1407 , 820.29 , -27.4 , 77 , 32.30 , 2.514 , 0.031 , 4.04 , 186.49
308 , 1462 , 814.08 , -27.9 , 77 , 32.21 , 2.503 , 0.031 , 4.19 , 186.34
318 , 1517 , 807.88 , -28.4 , 79 , 32.18 , 2.482 , 0.031 , 4.34 , 186.19
328 , 1563 , 802.73 , -28.8 , 80 , 32.13 , 2.468 , 0.031 , 4.46 , 186.06
338 , 1605 , 798.02 , -29.2 , 82 , 32.07 , 2.458 , 0.031 , 4.58 , 185.95
347 , 1647 , 793.34 , -29.6 , 84 , 32.01 , 2.435 , 0.031 , 4.69 , 185.83
357 , 1688 , 788.75 , -29.9 , 83 , 31.96 , 2.417 , 0.031 , 4.80 , 185.72
367 , 1731 , 783.96 , -30.3 , 85 , 31.88 , 2.395 , 0.031 , 4.92 , 185.61
377 , 1770 , 779.70 , -30.6 , 84 , 31.82 , 2.391 , 0.031 , 5.02 , 185.50
387 , 1810 , 775.34 , -31.0 , 85 , 31.73 , 2.390 , 0.031 , 5.13 , 185.40
397 , 1849 , 771.08 , -31.3 , 86 , 31.61 , 2.356 , 0.031 , 5.23 , 185.29
407 , 1885 , 767.12 , -31.7 , 88 , 31.54 , 2.334 , 0.030 , 5.33 , 185.20
416 , 1921 , 763.30 , -32.0 , 90 , 31.45 , 2.332 , 0.031 , 5.42 , 185.11
426 , 1959 , 759.19 , -32.3 , 88 , 31.38 , 2.311 , 0.030 , 5.52 , 185.01
436 , 2002 , 754.56 , -32.4 , 85 , 31.27 , 2.317 , 0.031 , 5.63 , 184.90
446 , 2045 , 750.00 , -32.0 , 71 , 31.11 , 2.294 , 0.031 , 5.74 , 184.79
456 , 2086 , 745.66 , -31.8 , 60 , 31.05 , 2.285 , 0.031 , 5.84 , 184.68
466 , 2131 , 740.85 , -31.6 , 54 , 30.96 , 2.269 , 0.031 , 5.96 , 184.57
476 , 2174 , 736.40 , -31.4 , 52 , 30.87 , 2.253 , 0.031 , 6.07 , 184.46
486 , 2220 , 731.62 , -31.2 , 49 , 30.82 , 2.253 , 0.031 , 6.18 , 184.34
496 , 2268 , 726.65 , -30.7 , 44 , 30.73 , 2.238 , 0.031 , 6.30 , 184.22
506 , 2312 , 722.17 , -30.5 , 41 , 30.65 , 2.222 , 0.031 , 6.41 , 184.11
516 , 2359 , 717.41 , -29.9 , 37 , 30.54 , 2.202 , 0.031 , 6.53 , 184.00
526 , 2405 , 712.83 , -29.2 , 35 , 30.45 , 2.183 , 0.031 , 6.64 , 183.89
536 , 2452 , 708.14 , -27.1 , 34 , 30.34 , 2.183 , 0.031 , 6.75 , 183.77
546 , 2505 , 703.02 , -25.7 , 30 , 30.26 , 2.209 , 0.031 , 6.88 , 183.65
556 , 2555 , 698.17 , -25.5 , 28 , 30.21 , 2.229 , 0.032 , 7.00 , 183.53
566 , 2603 , 693.52 , -25.6 , 27 , 30.17 , 2.198 , 0.032 , 7.12 , 183.41
576 , 2650 , 689.09 , -25.8 , 27 , 30.12 , 2.169 , 0.031 , 7.23 , 183.30
586 , 2699 , 684.41 , -26.0 , 27 , 30.12 , 2.131 , 0.031 , 7.34 , 183.18
596 , 2749 , 679.69 , -26.3 , 25 , 30.11 , 2.094 , 0.031 , 7.46 , 183.07
606 , 2798 , 675.11 , -26.6 , 24 , 30.10 , 2.051 , 0.030 , 7.57 , 182.96
616 , 2846 , 670.62 , -26.8 , 23 , 30.05 , 2.022 , 0.030 , 7.68 , 182.85
626 , 2896 , 666.03 , -27.1 , 23 , 29.99 , 2.020 , 0.030 , 7.78 , 182.74
636 , 2948 , 661.18 , -27.5 , 23 , 29.93 , 2.012 , 0.030 , 7.90 , 182.62
646 , 2996 , 656.79 , -27.7 , 23 , 29.89 , 2.010 , 0.031 , 8.01 , 182.52
655 , 3040 , 652.78 , -27.9 , 24 , 29.86 , 2.001 , 0.031 , 8.10 , 182.42
664 , 3085 , 648.71 , -28.2 , 24 , 29.81 , 2.001 , 0.031 , 8.20 , 182.32
674 , 3138 , 643.95 , -28.7 , 25 , 29.77 , 2.000 , 0.031 , 8.32 , 182.21
684 , 3195 , 638.84 , -29.2 , 26 , 29.69 , 1.987 , 0.031 , 8.44 , 182.08
694 , 3248 , 634.11 , -29.5 , 26 , 29.63 , 1.977 , 0.031 , 8.56 , 181.96
704 , 3302 , 629.25 , -30.0 , 27 , 29.57 , 1.966 , 0.031 , 8.68 , 181.84
714 , 3356 , 624.49 , -30.4 , 27 , 29.51 , 1.942 , 0.031 , 8.80 , 181.73
724 , 3404 , 620.36 , -30.5 , 24 , 29.48 , 1.927 , 0.031 , 8.90 , 181.63
734 , 3449 , 616.39 , -30.7 , 23 , 29.48 , 1.921 , 0.031 , 9.00 , 181.53
744 , 3496 , 612.36 , -30.8 , 20 , 29.46 , 1.905 , 0.031 , 9.10 , 181.43
754 , 3545 , 608.12 , -30.8 , 14 , 29.41 , 1.949 , 0.032 , 9.20 , 181.32
764 , 3597 , 603.72 , -31.0 , 11 , 29.33 , 1.991 , 0.033 , 9.31 , 181.21
774 , 3643 , 599.79 , -31.3 , 10 , 29.29 , 2.020 , 0.034 , 9.42 , 181.11
784 , 3694 , 595.50 , -31.6 , 10 , 29.25 , 2.035 , 0.034 , 9.53 , 180.99
794 , 3748 , 590.95 , -31.8 , 9 , 29.18 , 2.026 , 0.034 , 9.65 , 180.87
804 , 3792 , 587.27 , -32.0 , 9 , 29.15 , 2.022 , 0.034 , 9.75 , 180.77
814 , 3840 , 583.30 , -32.3 , 10 , 29.14 , 2.022 , 0.035 , 9.86 , 180.66
824 , 3897 , 578.57 , -32.6 , 10 , 29.08 , 2.008 , 0.035 , 9.99 , 180.53
834 , 3949 , 574.34 , -32.9 , 9 , 29.01 , 1.993 , 0.035 , 10.11 , 180.42
844 , 3993 , 570.78 , -33.1 , 8 , 28.99 , 1.997 , 0.035 , 10.21 , 180.32
854 , 4040 , 566.93 , -33.4 , 8 , 28.96 , 2.002 , 0.035 , 10.31 , 180.21
864 , 4089 , 562.98 , -33.7 , 8 , 28.91 , 1.990 , 0.035 , 10.42 , 180.10
874 , 4137 , 559.16 , -34.1 , 8 , 28.87 , 1.978 , 0.035 , 10.53 , 180.00
884 , 4191 , 554.81 , -34.4 , 8 , 28.85 , 1.975 , 0.036 , 10.65 , 179.87
894 , 4243 , 550.73 , -34.8 , 8 , 28.79 , 1.966 , 0.036 , 10.77 , 179.76
904 , 4305 , 545.81 , -35.2 , 8 , 28.74 , 1.956 , 0.036 , 10.91 , 179.62
914 , 4358 , 541.68 , -35.5 , 8 , 28.69 , 1.941 , 0.036 , 11.02 , 179.50
924 , 4412 , 537.52 , -35.8 , 7 , 28.66 , 1.941 , 0.036 , 11.14 , 179.38
934 , 4466 , 533.35 , -35.9 , 6 , 28.63 , 1.984 , 0.037 , 11.26 , 179.26
944 , 4520 , 529.24 , -36.3 , 5 , 28.60 , 2.011 , 0.038 , 11.38 , 179.14
954 , 4573 , 525.18 , -36.6 , 5 , 28.57 , 2.026 , 0.039 , 11.51 , 179.02
964 , 4625 , 521.27 , -37.0 , 5 , 28.52 , 2.031 , 0.039 , 11.62 , 178.90
973 , 4673 , 517.62 , -37.4 , 5 , 28.49 , 2.036 , 0.039 , 11.74 , 178.79
983 , 4727 , 513.64 , -37.7 , 6 , 28.45 , 2.042 , 0.040 , 11.86 , 178.66
993 , 4785 , 509.28 , -38.0 , 6 , 28.39 , 2.020 , 0.040 , 12.00 , 178.53
1003 , 4836 , 505.54 , -38.2 , 5 , 28.36 , 2.021 , 0.040 , 12.12 , 178.41
1013 , 4884 , 502.00 , -38.6 , 5 , 28.33 , 2.028 , 0.040 , 12.23 , 178.30
1023 , 4945 , 497.56 , -38.8 , 5 , 28.28 , 2.015 , 0.041 , 12.37 , 178.15
1033 , 4998 , 493.73 , -39.0 , 4 , 28.24 , 2.039 , 0.041 , 12.49 , 178.03
1043 , 5045 , 490.35 , -39.4 , 4 , 28.21 , 2.053 , 0.042 , 12.60 , 177.92
1053 , 5090 , 487.16 , -39.7 , 4 , 28.18 , 2.082 , 0.043 , 12.71 , 177.81
1063 , 5146 , 483.15 , -40.0 , 4 , 28.14 , 2.080 , 0.043 , 12.85 , 177.68
1073 , 5203 , 479.15 , -40.4 , 4 , 28.09 , 2.084 , 0.043 , 12.98 , 177.54
1083 , 5256 , 475.44 , -40.8 , 4 , 28.05 , 2.088 , 0.044 , 13.11 , 177.41
1093 , 5306 , 471.92 , -41.2 , 4 , 28.01 , 2.093 , 0.044 , 13.23 , 177.29
1103 , 5360 , 468.21 , -41.5 , 4 , 27.96 , 2.101 , 0.045 , 13.36 , 177.16
1113 , 5411 , 464.69 , -41.8 , 5 , 27.92 , 2.102 , 0.045 , 13.49 , 177.03
1123 , 5456 , 461.59 , -42.0 , 5 , 27.89 , 2.116 , 0.046 , 13.60 , 176.92
1133 , 5507 , 458.13 , -42.4 , 5 , 27.85 , 2.137 , 0.047 , 13.73 , 176.80
1143 , 5567 , 454.09 , -42.7 , 5 , 27.79 , 2.143 , 0.047 , 13.88 , 176.65
1153 , 5618 , 450.69 , -42.9 , 5 , 27.75 , 2.157 , 0.048 , 14.00 , 176.52
1163 , 5670 , 447.19 , -43.2 , 4 , 27.71 , 2.174 , 0.049 , 14.14 , 176.39
1173 , 5722 , 443.77 , -43.4 , 4 , 27.66 , 2.159 , 0.049 , 14.27 , 176.26
1183 , 5782 , 439.80 , -43.8 , 5 , 27.61 , 2.065 , 0.047 , 14.42 , 176.11
1193 , 5848 , 435.48 , -44.3 , 5 , 27.55 , 1.952 , 0.045 , 14.58 , 175.95
1203 , 5902 , 432.00 , -44.7 , 5 , 27.50 , 1.888 , 0.044 , 14.70 , 175.83
1213 , 5955 , 428.61 , -44.9 , 5 , 27.46 , 1.858 , 0.043 , 14.81 , 175.71
1223 , 6014 , 424.85 , -45.3 , 5 , 27.41 , 1.784 , 0.042 , 14.94 , 175.58
1233 , 6065 , 421.61 , -45.5 , 5 , 27.37 , 1.736 , 0.041 , 15.05 , 175.48
1243 , 6111 , 418.65 , -45.8 , 5 , 27.33 , 1.713 , 0.041 , 15.14 , 175.38
1253 , 6162 , 415.51 , -46.1 , 5 , 27.31 , 1.701 , 0.041 , 15.24 , 175.28
1263 , 6221 , 411.80 , -46.4 , 5 , 27.25 , 1.687 , 0.041 , 15.36 , 175.16
1273 , 6276 , 408.39 , -46.7 , 5 , 27.20 , 1.679 , 0.041 , 15.47 , 175.05
1282 , 6327 , 405.29 , -47.0 , 6 , 27.15 , 1.662 , 0.041 , 15.57 , 174.95
1292 , 6370 , 402.64 , -47.2 , 6 , 27.12 , 1.670 , 0.041 , 15.66 , 174.86
1302 , 6421 , 399.57 , -47.6 , 6 , 27.07 , 1.671 , 0.042 , 15.76 , 174.76
1312 , 6477 , 396.18 , -48.1 , 6 , 27.03 , 1.669 , 0.042 , 15.87 , 174.65
1322 , 6527 , 393.16 , -48.4 , 5 , 26.99 , 1.657 , 0.042 , 15.97 , 174.55
1332 , 6578 , 390.15 , -48.8 , 6 , 26.94 , 1.656 , 0.042 , 16.07 , 174.45
1342 , 6628 , 387.19 , -49.1 , 6 , 26.89 , 1.655 , 0.043 , 16.17 , 174.35
1352 , 6680 , 384.10 , -49.4 , 6 , 26.84 , 1.655 , 0.043 , 16.28 , 174.25
1362 , 6729 , 381.24 , -49.7 , 5 , 26.81 , 1.662 , 0.044 , 16.38 , 174.15
1372 , 6773 , 378.71 , -50.0 , 5 , 26.78 , 1.680 , 0.044 , 16.46 , 174.06
1382 , 6817 , 376.15 , -50.3 , 5 , 26.74 , 1.695 , 0.045 , 16.56 , 173.97
1392 , 6859 , 373.71 , -50.6 , 5 , 26.70 , 1.706 , 0.046 , 16.64 , 173.88
1402 , 6906 , 371.06 , -50.8 , 5 , 26.65 , 1.725 , 0.046 , 16.74 , 173.79
1412 , 6953 , 368.39 , -51.2 , 5 , 26.61 , 1.731 , 0.047 , 16.84 , 173.69
1422 , 6994 , 366.09 , -51.5 , 5 , 26.58 , 1.732 , 0.047 , 16.92 , 173.60
1432 , 7036 , 363.69 , -51.7 , 5 , 26.53 , 1.739 , 0.048 , 17.01 , 173.51
1442 , 7082 , 361.10 , -52.0 , 5 , 26.48 , 1.746 , 0.048 , 17.11 , 173.41
1452 , 7131 , 358.38 , -52.2 , 4 , 26.43 , 1.729 , 0.048 , 17.21 , 173.31
1462 , 7182 , 355.59 , -52.5 , 4 , 26.39 , 1.716 , 0.048 , 17.32 , 173.20
1472 , 7228 , 353.03 , -52.7 , 4 , 26.32 , 1.738 , 0.049 , 17.42 , 173.11
1482 , 7272 , 350.68 , -52.8 , 4 , 26.28 , 1.774 , 0.051 , 17.51 , 173.01
1492 , 7316 , 348.29 , -53.1 , 4 , 26.23 , 1.827 , 0.052 , 17.61 , 172.92
1502 , 7371 , 345.29 , -53.4 , 4 , 26.18 , 1.866 , 0.054 , 17.74 , 172.79
1512 , 7423 , 342.53 , -53.6 , 4 , 26.13 , 1.911 , 0.056 , 17.85 , 172.67
1522 , 7465 , 340.27 , -53.9 , 4 , 26.08 , 1.968 , 0.058 , 17.96 , 172.57
1532 , 7510 , 337.92 , -54.1 , 4 , 26.03 , 2.023 , 0.060 , 18.07 , 172.46
1542 , 7551 , 335.77 , -54.2 , 4 , 25.99 , 2.049 , 0.061 , 18.17 , 172.36
1552 , 7597 , 333.38 , -54.3 , 4 , 25.94 , 2.094 , 0.063 , 18.28 , 172.24
1562 , 7645 , 330.87 , -54.7 , 4 , 25.89 , 2.148 , 0.065 , 18.41 , 172.11
1572 , 7691 , 328.47 , -55.1 , 4 , 25.84 , 2.176 , 0.066 , 18.54 , 171.99
1582 , 7741 , 325.91 , -55.3 , 4 , 25.79 , 2.201 , 0.068 , 18.67 , 171.85
1592 , 7789 , 323.49 , -55.5 , 4 , 25.74 , 2.248 , 0.069 , 18.80 , 171.72
1601 , 7831 , 321.37 , -55.8 , 4 , 25.69 , 2.253 , 0.070 , 18.92 , 171.61
1611 , 7871 , 319.32 , -55.8 , 4 , 25.65 , 2.302 , 0.072 , 19.03 , 171.49
1621 , 7926 , 316.60 , -56.0 , 4 , 25.60 , 2.366 , 0.075 , 19.19 , 171.33
1631 , 7987 , 313.57 , -56.4 , 4 , 25.55 , 2.471 , 0.079 , 19.37 , 171.15
1641 , 8043 , 310.82 , -56.9 , 4 , 25.50 , 2.556 , 0.082 , 19.55 , 170.98
1650 , 8093 , 308.35 , -57.3 , 5 , 25.45 , 2.633 , 0.085 , 19.71 , 170.81
1660 , 8140 , 306.07 , -57.7 , 5 , 25.40 , 2.679 , 0.088 , 19.87 , 170.66
1670 , 8191 , 303.58 , -58.1 , 5 , 25.35 , 2.705 , 0.089 , 20.04 , 170.48
1680 , 8247 , 300.92 , -58.4 , 5 , 25.30 , 2.760 , 0.092 , 20.23 , 170.29
1690 , 8304 , 298.21 , -58.9 , 5 , 25.25 , 2.748 , 0.092 , 20.43 , 170.10
1700 , 8350 , 296.00 , -58.9 , 5 , 25.21 , 2.832 , 0.096 , 20.59 , 169.93
1710 , 8394 , 293.94 , -58.9 , 5 , 25.16 , 2.884 , 0.098 , 20.75 , 169.78
1720 , 8433 , 292.13 , -58.8 , 5 , 25.12 , 2.944 , 0.101 , 20.89 , 169.63
1730 , 8468 , 290.48 , -58.9 , 5 , 25.08 , 2.995 , 0.103 , 21.02 , 169.50
1740 , 8519 , 288.15 , -59.1 , 5 , 25.05 , 3.097 , 0.107 , 21.22 , 169.31
1750 , 8563 , 286.10 , -59.3 , 5 , 25.05 , 3.106 , 0.109 , 21.39 , 169.13
1760 , 8609 , 284.04 , -59.6 , 5 , 25.00 , 3.139 , 0.110 , 21.57 , 168.95
1770 , 8660 , 281.73 , -59.9 , 5 , 24.95 , 3.153 , 0.112 , 21.77 , 168.75
1780 , 8711 , 279.44 , -60.1 , 5 , 24.90 , 3.151 , 0.113 , 21.98 , 168.55
1790 , 8747 , 277.80 , -59.9 , 5 , 24.86 , 3.247 , 0.117 , 22.12 , 168.40
1800 , 8787 , 276.05 , -59.7 , 5 , 24.82 , 3.371 , 0.122 , 22.29 , 168.24
1810 , 8835 , 273.95 , -59.4 , 5 , 24.78 , 3.480 , 0.127 , 22.50 , 168.03
1820 , 8877 , 272.08 , -59.2 , 5 , 24.74 , 3.641 , 0.134 , 22.69 , 167.84
1830 , 8923 , 270.11 , -59.3 , 4 , 24.69 , 3.806 , 0.141 , 22.90 , 167.62
1840 , 8975 , 267.89 , -59.3 , 4 , 24.64 , 3.869 , 0.144 , 23.15 , 167.37
1850 , 9027 , 265.65 , -59.3 , 4 , 24.60 , 3.967 , 0.149 , 23.41 , 167.11
1860 , 9080 , 263.41 , -59.1 , 4 , 24.60 , 4.082 , 0.155 , 23.68 , 166.84
1870 , 9134 , 261.16 , -58.7 , 4 , 24.58 , 4.249 , 0.163 , 23.96 , 166.56
1880 , 9181 , 259.23 , -58.3 , 3 , 24.53 , 4.490 , 0.173 , 24.22 , 166.31
1890 , 9238 , 256.90 , -57.6 , 3 , 24.47 , 4.627 , 0.180 , 24.54 , 165.98
1899 , 9286 , 254.94 , -57.4 , 3 , 24.42 , 4.943 , 0.194 , 24.83 , 165.69
1909 , 9331 , 253.11 , -57.4 , 2 , 24.37 , 5.094 , 0.201 , 25.12 , 165.41
1919 , 9388 , 250.86 , -57.5 , 2 , 24.31 , 5.247 , 0.209 , 25.48 , 165.04
1929 , 9444 , 248.65 , -58.0 , 2 , 24.25 , 5.232 , 0.210 , 25.85 , 164.68
1939 , 9500 , 246.41 , -58.4 , 2 , 24.19 , 5.192 , 0.211 , 26.22 , 164.31
1949 , 9546 , 244.64 , -58.7 , 2 , 24.14 , 5.293 , 0.216 , 26.52 , 164.01
1959 , 9597 , 242.65 , -59.2 , 2 , 24.10 , 5.335 , 0.220 , 26.86 , 163.66
1969 , 9650 , 240.61 , -59.6 , 2 , 24.06 , 5.300 , 0.220 , 27.22 , 163.31
1979 , 9704 , 238.53 , -60.1 , 2 , 24.02 , 5.240 , 0.220 , 27.58 , 162.95
1989 , 9756 , 236.53 , -60.5 , 2 , 23.98 , 5.161 , 0.218 , 27.92 , 162.60
1999 , 9806 , 234.64 , -60.9 , 2 , 23.93 , 5.091 , 0.217 , 28.25 , 162.28
2009 , 9856 , 232.79 , -60.9 , 2 , 23.87 , 5.109 , 0.219 , 28.57 , 161.96
2019 , 9916 , 230.53 , -61.2 , 2 , 23.82 , 4.985 , 0.216 , 28.95 , 161.57
2029 , 9976 , 228.31 , -61.6 , 2 , 23.77 , 5.007 , 0.219 , 29.34 , 161.19
2039 , 10037 , 226.07 , -61.9 , 3 , 23.72 , 5.021 , 0.222 , 29.73 , 160.80
2049 , 10092 , 224.07 , -62.3 , 3 , 23.68 , 4.941 , 0.221 , 30.08 , 160.45
2059 , 10143 , 222.23 , -62.6 , 3 , 23.63 , 4.763 , 0.214 , 30.39 , 160.13
2069 , 10198 , 220.25 , -63.0 , 3 , 23.58 , 4.875 , 0.221 , 30.73 , 159.79
2079 , 10255 , 218.21 , -63.5 , 3 , 23.53 , 4.896 , 0.224 , 31.09 , 159.44
2089 , 10301 , 216.57 , -63.7 , 3 , 23.48 , 4.865 , 0.225 , 31.38 , 159.14
2099 , 10348 , 214.94 , -64.1 , 3 , 23.43 , 4.872 , 0.227 , 31.67 , 158.85
2109 , 10395 , 213.29 , -64.5 , 3 , 23.38 , 4.776 , 0.224 , 31.96 , 158.56
2119 , 10446 , 211.51 , -64.8 , 4 , 23.33 , 4.784 , 0.226 , 32.28 , 158.24
2129 , 10500 , 209.66 , -65.1 , 4 , 23.28 , 4.754 , 0.227 , 32.61 , 157.91
2139 , 10551 , 207.89 , -65.5 , 4 , 23.23 , 4.728 , 0.227 , 32.93 , 157.60
2149 , 10595 , 206.38 , -65.8 , 4 , 23.18 , 4.734 , 0.229 , 33.20 , 157.32
2159 , 10642 , 204.81 , -66.1 , 4 , 23.13 , 4.710 , 0.230 , 33.49 , 157.04
2169 , 10686 , 203.33 , -66.4 , 5 , 23.08 , 4.690 , 0.231 , 33.75 , 156.77
2179 , 10734 , 201.71 , -66.6 , 5 , 23.04 , 4.816 , 0.239 , 34.05 , 156.47
2189 , 10790 , 199.85 , -66.7 , 5 , 22.99 , 4.903 , 0.245 , 34.41 , 156.12
2199 , 10840 , 198.19 , -66.7 , 5 , 22.93 , 4.948 , 0.250 , 34.73 , 155.79
2209 , 10897 , 196.34 , -66.8 , 5 , 22.89 , 5.060 , 0.258 , 35.10 , 155.42
2219 , 10955 , 194.45 , -66.6 , 5 , 22.84 , 5.049 , 0.260 , 35.49 , 155.04
2228 , 11009 , 192.73 , -66.6 , 5 , 22.82 , 5.092 , 0.264 , 35.85 , 154.68
2238 , 11069 , 190.83 , -66.9 , 5 , 22.78 , 5.121 , 0.268 , 36.25 , 154.28
2246 , 11121 , 189.19 , -67.2 , 5 , 22.73 , 5.134 , 0.271 , 36.59 , 153.93
2255 , 11180 , 187.34 , -67.5 , 5 , 22.68 , 4.973 , 0.265 , 36.99 , 153.54
2264 , 11231 , 185.76 , -66.8 , 5 , 22.63 , 5.069 , 0.273 , 37.32 , 153.20
2274 , 11293 , 183.88 , -66.9 , 5 , 22.57 , 5.205 , 0.283 , 37.73 , 152.79
2284 , 11353 , 182.07 , -67.1 , 5 , 22.52 , 5.215 , 0.286 , 38.14 , 152.38
2294 , 11411 , 180.30 , -67.3 , 5 , 22.48 , 5.209 , 0.289 , 38.54 , 151.98
2304 , 11473 , 178.45 , -67.6 , 5 , 22.44 , 5.096 , 0.286 , 38.96 , 151.56
2314 , 11536 , 176.61 , -67.9 , 5 , 22.40 , 5.058 , 0.286 , 39.38 , 151.15
2324 , 11599 , 174.75 , -68.0 , 5 , 22.35 , 5.080 , 0.291 , 39.80 , 150.73
2334 , 11665 , 172.86 , -68.3 , 5 , 22.30 , 5.073 , 0.293 , 40.24 , 150.29
2344 , 11730 , 170.98 , -68.5 , 5 , 22.24 , 4.929 , 0.288 , 40.67 , 149.86
2354 , 11794 , 169.18 , -68.3 , 5 , 22.20 , 5.022 , 0.297 , 41.08 , 149.44
2364 , 11862 , 167.25 , -68.4 , 5 , 22.14 , 5.179 , 0.310 , 41.54 , 148.98
2374 , 11920 , 165.65 , -68.1 , 5 , 22.08 , 5.233 , 0.316 , 41.94 , 148.59
2384 , 11976 , 164.11 , -67.8 , 5 , 22.03 , 5.325 , 0.324 , 42.33 , 148.20
2394 , 12037 , 162.46 , -67.6 , 4 , 22.00 , 5.381 , 0.331 , 42.76 , 147.77
2404 , 12098 , 160.81 , -67.6 , 4 , 21.96 , 5.500 , 0.342 , 43.19 , 147.33
2414 , 12161 , 159.16 , -67.7 , 4 , 21.92 , 5.426 , 0.341 , 43.64 , 146.89
2424 , 12219 , 157.61 , -67.9 , 4 , 21.88 , 5.454 , 0.346 , 44.06 , 146.46
2434 , 12279 , 156.06 , -68.0 , 4 , 21.83 , 5.562 , 0.356 , 44.49 , 146.04
2444 , 12335 , 154.59 , -68.0 , 4 , 21.78 , 5.549 , 0.359 , 44.90 , 145.62
2454 , 12393 , 153.12 , -67.9 , 4 , 21.73 , 5.651 , 0.369 , 45.33 , 145.20
2464 , 12454 , 151.57 , -67.6 , 4 , 21.68 , 5.565 , 0.367 , 45.78 , 144.75
2474 , 12511 , 150.14 , -67.3 , 4 , 21.64 , 5.482 , 0.365 , 46.19 , 144.33
2484 , 12570 , 148.69 , -67.4 , 4 , 21.59 , 5.473 , 0.368 , 46.61 , 143.91
2494 , 12626 , 147.29 , -67.5 , 4 , 21.53 , 5.494 , 0.373 , 47.02 , 143.51
2504 , 12681 , 145.96 , -67.5 , 4 , 21.48 , 5.460 , 0.374 , 47.41 , 143.11
2514 , 12732 , 144.72 , -67.5 , 4 , 21.44 , 5.176 , 0.358 , 47.77 , 142.76
2524 , 12788 , 143.40 , -67.4 , 4 , 21.40 , 4.911 , 0.342 , 48.13 , 142.39
2534 , 12850 , 141.93 , -67.5 , 4 , 21.35 , 4.749 , 0.335 , 48.53 , 142.00
2543 , 12910 , 140.52 , -67.6 , 4 , 21.30 , 4.849 , 0.345 , 48.90 , 141.62
2553 , 12967 , 139.20 , -67.7 , 4 , 21.26 , 4.759 , 0.342 , 49.26 , 141.26
2563 , 13023 , 137.89 , -67.6 , 4 , 21.22 , 4.934 , 0.358 , 49.62 , 140.90
2573 , 13071 , 136.80 , -67.6 , 4 , 21.19 , 5.136 , 0.375 , 49.94 , 140.59
2583 , 13112 , 135.87 , -67.4 , 4 , 21.15 , 5.193 , 0.382 , 50.22 , 140.31
2593 , 13156 , 134.88 , -67.6 , 3 , 21.12 , 5.349 , 0.397 , 50.52 , 140.00
2603 , 13199 , 133.92 , -67.6 , 3 , 21.08 , 5.450 , 0.407 , 50.83 , 139.70
2613 , 13241 , 132.99 , -67.6 , 3 , 21.03 , 5.583 , 0.420 , 51.13 , 139.40
2623 , 13279 , 132.16 , -67.5 , 3 , 20.97 , 5.322 , 0.403 , 51.40 , 139.13
2633 , 13318 , 131.31 , -67.4 , 3 , 20.93 , 5.442 , 0.414 , 51.67 , 138.85
2643 , 13357 , 130.45 , -67.4 , 3 , 20.88 , 5.336 , 0.409 , 51.95 , 138.57
2653 , 13397 , 129.60 , -67.6 , 3 , 20.83 , 5.255 , 0.405 , 52.22 , 138.30
2663 , 13436 , 128.75 , -67.7 , 3 , 20.78 , 5.291 , 0.411 , 52.50 , 138.03
2673 , 13475 , 127.93 , -67.8 , 3 , 20.74 , 5.301 , 0.414 , 52.77 , 137.76
2683 , 13513 , 127.11 , -67.8 , 3 , 20.71 , 5.078 , 0.399 , 53.03 , 137.50
2693 , 13553 , 126.27 , -67.8 , 3 , 20.66 , 5.084 , 0.403 , 53.29 , 137.23
2703 , 13593 , 125.43 , -67.9 , 3 , 20.62 , 4.875 , 0.389 , 53.56 , 136.97
2713 , 13633 , 124.60 , -68.0 , 3 , 20.57 , 4.670 , 0.375 , 53.81 , 136.72
2723 , 13671 , 123.82 , -68.1 , 2 , 20.53 , 4.420 , 0.357 , 54.03 , 136.49
2733 , 13708 , 123.05 , -68.1 , 2 , 20.49 , 4.205 , 0.342 , 54.24 , 136.28
2743 , 13745 , 122.30 , -67.9 , 2 , 20.44 , 4.144 , 0.339 , 54.45 , 136.08
2753 , 13784 , 121.51 , -68.0 , 2 , 20.40 , 4.238 , 0.349 , 54.66 , 135.86
2763 , 13823 , 120.73 , -68.2 , 2 , 20.35 , 4.421 , 0.366 , 54.88 , 135.64
2773 , 13863 , 119.92 , -68.3 , 2 , 20.30 , 4.510 , 0.376 , 55.12 , 135.41
2783 , 13903 , 119.12 , -68.2 , 2 , 20.25 , 4.515 , 0.379 , 55.36 , 135.17
2793 , 13943 , 118.33 , -68.3 , 2 , 20.21 , 4.568 , 0.386 , 55.59 , 134.93
2803 , 13982 , 117.56 , -68.3 , 2 , 20.16 , 4.537 , 0.386 , 55.83 , 134.70
2813 , 14020 , 116.82 , -68.4 , 2 , 20.12 , 4.388 , 0.376 , 56.05 , 134.47
2823 , 14059 , 116.07 , -68.3 , 2 , 20.08 , 4.261 , 0.367 , 56.27 , 134.25
2833 , 14098 , 115.31 , -68.3 , 2 , 20.02 , 4.112 , 0.357 , 56.49 , 134.03
2843 , 14137 , 114.56 , -68.2 , 2 , 19.99 , 4.016 , 0.351 , 56.70 , 133.83
2852 , 14173 , 113.87 , -68.3 , 2 , 19.95 , 4.006 , 0.352 , 56.89 , 133.64
2861 , 14207 , 113.23 , -68.3 , 2 , 19.91 , 3.967 , 0.350 , 57.07 , 133.46
2871 , 14245 , 112.52 , -68.5 , 2 , 19.88 , 3.834 , 0.341 , 57.26 , 133.26
2881 , 14285 , 111.77 , -68.6 , 2 , 19.83 , 3.951 , 0.354 , 57.47 , 133.06
2891 , 14326 , 111.00 , -68.7 , 2 , 19.80 , 3.914 , 0.353 , 57.68 , 132.84
2901 , 14366 , 110.27 , -68.9 , 2 , 19.76 , 3.724 , 0.338 , 57.88 , 132.64
2911 , 14408 , 109.50 , -69.1 , 2 , 19.71 , 3.644 , 0.333 , 58.08 , 132.44
2921 , 14448 , 108.75 , -69.2 , 2 , 19.67 , 3.526 , 0.324 , 58.28 , 132.25
2931 , 14489 , 108.02 , -69.1 , 2 , 19.62 , 3.382 , 0.313 , 58.46 , 132.06
2941 , 14530 , 107.28 , -69.2 , 2 , 19.57 , 3.240 , 0.302 , 58.64 , 131.88
2951 , 14571 , 106.54 , -69.0 , 2 , 19.52 , 3.257 , 0.306 , 58.82 , 131.71
2961 , 14611 , 105.83 , -69.0 , 2 , 19.48 , 3.336 , 0.315 , 58.99 , 131.53
2971 , 14653 , 105.10 , -69.0 , 2 , 19.43 , 3.641 , 0.346 , 59.18 , 131.34
2981 , 14694 , 104.37 , -69.1 , 2 , 19.39 , 3.993 , 0.383 , 59.39 , 131.13
2991 , 14736 , 103.64 , -69.2 , 2 , 19.35 , 4.316 , 0.416 , 59.62 , 130.90
3001 , 14776 , 102.95 , -69.3 , 2 , 19.31 , 4.545 , 0.441 , 59.86 , 130.67
3011 , 14818 , 102.22 , -69.5 , 2 , 19.27 , 4.837 , 0.473 , 60.12 , 130.41
3021 , 14862 , 101.48 , -69.6 , 2 , 19.23 , 5.207 , 0.513 , 60.41 , 130.12
3031 , 14905 , 100.74 , -69.8 , 2 , 19.20 , 5.413 , 0.537 , 60.71 , 129.81
3041 , 14949 , 100.00 , -69.8 , 2 , 19.16 , 5.407 , 0.541 , 61.03 , 129.50
3051 , 14993 , 99.27 , -69.8 , 2 , 19.11 , 5.466 , 0.551 , 61.34 , 129.18
3061 , 15035 , 98.57 , -69.8 , 2 , 19.07 , 5.528 , 0.561 , 61.65 , 128.87
3071 , 15077 , 97.87 , -69.9 , 2 , 19.03 , 5.587 , 0.571 , 61.96 , 128.56
3081 , 15121 , 97.16 , -70.1 , 2 , 18.99 , 5.875 , 0.605 , 62.29 , 128.23
3091 , 15164 , 96.45 , -70.3 , 2 , 18.94 , 6.076 , 0.630 , 62.64 , 127.88
3100 , 15205 , 95.79 , -70.4 , 3 , 18.91 , 6.227 , 0.650 , 62.97 , 127.55
3110 , 15245 , 95.14 , -70.2 , 3 , 18.86 , 6.225 , 0.654 , 63.31 , 127.22
3120 , 15289 , 94.44 , -70.3 , 3 , 18.82 , 6.270 , 0.664 , 63.67 , 126.85
3130 , 15333 , 93.75 , -70.1 , 3 , 18.78 , 6.317 , 0.674 , 64.03 , 126.49
3140 , 15373 , 93.11 , -70.2 , 3 , 18.74 , 6.519 , 0.700 , 64.38 , 126.15
3150 , 15414 , 92.48 , -70.3 , 3 , 18.70 , 6.667 , 0.721 , 64.73 , 125.79
3160 , 15453 , 91.87 , -70.3 , 3 , 18.65 , 6.723 , 0.732 , 65.09 , 125.44
3169 , 15492 , 91.27 , -70.3 , 3 , 18.62 , 6.874 , 0.753 , 65.44 , 125.09
3179 , 15531 , 90.67 , -70.3 , 3 , 18.58 , 6.937 , 0.765 , 65.80 , 124.73
3189 , 15572 , 90.04 , -70.4 , 3 , 18.55 , 6.902 , 0.766 , 66.17 , 124.35
3199 , 15613 , 89.42 , -70.4 , 3 , 18.50 , 6.943 , 0.776 , 66.55 , 123.97
3209 , 15654 , 88.81 , -70.3 , 3 , 18.46 , 6.847 , 0.771 , 66.92 , 123.60
3219 , 15694 , 88.22 , -70.4 , 3 , 18.42 , 6.703 , 0.760 , 67.28 , 123.24
3229 , 15733 , 87.64 , -70.7 , 3 , 18.38 , 6.423 , 0.733 , 67.63 , 122.90
3239 , 15773 , 87.04 , -70.9 , 3 , 18.33 , 6.004 , 0.690 , 67.96 , 122.57
3249 , 15814 , 86.45 , -70.9 , 3 , 18.29 , 5.684 , 0.657 , 68.27 , 122.25
3259 , 15854 , 85.87 , -70.9 , 3 , 18.25 , 5.535 , 0.645 , 68.57 , 121.95
3269 , 15894 , 85.28 , -70.9 , 3 , 18.20 , 5.542 , 0.650 , 68.87 , 121.65
3279 , 15934 , 84.71 , -70.8 , 3 , 18.16 , 5.516 , 0.651 , 69.17 , 121.36
3289 , 15976 , 84.12 , -70.8 , 3 , 18.12 , 5.444 , 0.647 , 69.47 , 121.05
3299 , 16016 , 83.54 , -70.8 , 3 , 18.08 , 5.432 , 0.650 , 69.76 , 120.76
3309 , 16057 , 82.97 , -71.0 , 3 , 18.03 , 5.288 , 0.637 , 70.05 , 120.47
3319 , 16099 , 82.39 , -71.1 , 3 , 17.99 , 5.065 , 0.615 , 70.34 , 120.18
3328 , 16139 , 81.83 , -71.1 , 3 , 17.95 , 4.813 , 0.588 , 70.61 , 119.92
3338 , 16182 , 81.24 , -70.8 , 3 , 17.91 , 4.556 , 0.561 , 70.87 , 119.65
3348 , 16226 , 80.64 , -70.9 , 3 , 17.87 , 4.156 , 0.515 , 71.13 , 119.39
3358 , 16268 , 80.07 , -71.2 , 3 , 17.82 , 4.088 , 0.511 , 71.36 , 119.16
3368 , 16312 , 79.47 , -71.2 , 3 , 17.78 , 4.010 , 0.505 , 71.60 , 118.92
3378 , 16357 , 78.87 , -71.2 , 3 , 17.74 , 3.900 , 0.495 , 71.84 , 118.69
3388 , 16402 , 78.28 , -71.3 , 3 , 17.69 , 3.649 , 0.466 , 72.06 , 118.46
3398 , 16448 , 77.67 , -71.4 , 3 , 17.66 , 3.377 , 0.435 , 72.28 , 118.24
3408 , 16492 , 77.09 , -71.3 , 3 , 17.62 , 3.185 , 0.413 , 72.47 , 118.05
3418 , 16536 , 76.51 , -71.5 , 3 , 17.58 , 3.083 , 0.403 , 72.66 , 117.87
3428 , 16580 , 75.94 , -71.6 , 3 , 17.54 , 2.941 , 0.387 , 72.84 , 117.69
3438 , 16625 , 75.38 , -71.5 , 2 , 17.49 , 2.964 , 0.393 , 73.01 , 117.51
3448 , 16669 , 74.81 , -71.4 , 2 , 17.45 , 2.909 , 0.389 , 73.18 , 117.34
3458 , 16711 , 74.28 , -71.3 , 2 , 17.41 , 2.817 , 0.379 , 73.35 , 117.18
3468 , 16754 , 73.74 , -71.4 , 2 , 17.37 , 2.677 , 0.363 , 73.50 , 117.02
3478 , 16796 , 73.22 , -71.5 , 2 , 17.32 , 2.367 , 0.323 , 73.65 , 116.88
3487 , 16836 , 72.73 , -71.5 , 2 , 17.28 , 2.441 , 0.336 , 73.77 , 116.75
3497 , 16876 , 72.24 , -71.4 , 2 , 17.24 , 2.327 , 0.322 , 73.90 , 116.62
3507 , 16916 , 71.75 , -71.4 , 2 , 17.20 , 2.304 , 0.321 , 74.02 , 116.50
3517 , 16958 , 71.24 , -71.1 , 2 , 17.16 , 2.205 , 0.310 , 74.15 , 116.37
3527 , 16998 , 70.76 , -71.0 , 2 , 17.12 , 2.091 , 0.296 , 74.27 , 116.26
3537 , 17038 , 70.28 , -71.0 , 2 , 17.08 , 2.114 , 0.301 , 74.38 , 116.15
3547 , 17077 , 69.82 , -71.1 , 2 , 17.03 , 2.121 , 0.304 , 74.49 , 116.04
3556 , 17113 , 69.40 , -71.0 , 2 , 16.99 , 2.136 , 0.308 , 74.59 , 115.93
3566 , 17151 , 68.95 , -70.7 , 2 , 16.95 , 2.239 , 0.325 , 74.70 , 115.82
3576 , 17189 , 68.51 , -70.5 , 2 , 16.91 , 2.199 , 0.321 , 74.81 , 115.71
3586 , 17229 , 68.05 , -70.3 , 2 , 16.87 , 2.152 , 0.316 , 74.93 , 115.60
3596 , 17269 , 67.59 , -70.4 , 2 , 16.83 , 1.947 , 0.288 , 75.04 , 115.49
3606 , 17306 , 67.17 , -70.4 , 2 , 16.79 , 1.786 , 0.266 , 75.13 , 115.39
3616 , 17347 , 66.72 , -70.1 , 2 , 16.75 , 1.730 , 0.259 , 75.23 , 115.30
3626 , 17385 , 66.28 , -69.7 , 2 , 16.71 , 1.689 , 0.255 , 75.31 , 115.21
3636 , 17427 , 65.82 , -69.5 , 2 , 16.67 , 1.652 , 0.251 , 75.41 , 115.12
3646 , 17470 , 65.35 , -69.2 , 2 , 16.63 , 1.601 , 0.245 , 75.50 , 115.03
3656 , 17511 , 64.90 , -69.0 , 2 , 16.58 , 1.661 , 0.256 , 75.59 , 114.94
3666 , 17553 , 64.45 , -69.0 , 2 , 16.55 , 1.789 , 0.278 , 75.68 , 114.84
3676 , 17597 , 63.98 , -68.8 , 2 , 16.50 , 1.741 , 0.272 , 75.78 , 114.74
3686 , 17639 , 63.53 , -68.5 , 2 , 16.47 , 1.641 , 0.258 , 75.88 , 114.65
3696 , 17682 , 63.07 , -68.0 , 2 , 16.42 , 1.658 , 0.263 , 75.97 , 114.55
3706 , 17727 , 62.60 , -67.8 , 2 , 16.38 , 1.697 , 0.271 , 76.07 , 114.45
3716 , 17774 , 62.12 , -67.5 , 2 , 16.34 , 1.750 , 0.282 , 76.18 , 114.35
3726 , 17821 , 61.63 , -67.5 , 1 , 16.31 , 1.796 , 0.291 , 76.29 , 114.24
3736 , 17867 , 61.16 , -67.6 , 1 , 16.27 , 1.914 , 0.313 , 76.40 , 114.13
3746 , 17914 , 60.69 , -67.5 , 1 , 16.23 , 1.881 , 0.310 , 76.51 , 114.01
3756 , 17960 , 60.22 , -67.5 , 1 , 16.19 , 1.846 , 0.307 , 76.63 , 113.90
3766 , 18007 , 59.75 , -67.5 , 1 , 16.15 , 1.834 , 0.307 , 76.74 , 113.78
3776 , 18055 , 59.28 , -67.5 , 1 , 16.12 , 1.811 , 0.305 , 76.86 , 113.67
3786 , 18103 , 58.81 , -67.6 , 1 , 16.08 , 1.805 , 0.307 , 76.97 , 113.56
3795 , 18146 , 58.39 , -67.5 , 1 , 16.05 , 1.777 , 0.304 , 77.07 , 113.45
3805 , 18190 , 57.97 , -67.6 , 1 , 16.01 , 1.808 , 0.312 , 77.17 , 113.35
3815 , 18235 , 57.54 , -67.3 , 1 , 15.98 , 1.851 , 0.322 , 77.28 , 113.24
3825 , 18280 , 57.11 , -67.2 , 1 , 15.95 , 1.870 , 0.327 , 77.39 , 113.13
3835 , 18325 , 56.68 , -67.2 , 1 , 15.92 , 1.858 , 0.328 , 77.50 , 113.02
3845 , 18368 , 56.28 , -67.1 , 1 , 15.88 , 1.769 , 0.314 , 77.60 , 112.92
3855 , 18411 , 55.88 , -67.1 , 1 , 15.84 , 1.464 , 0.262 , 77.69 , 112.83
3865 , 18454 , 55.49 , -67.1 , 1 , 15.81 , 1.463 , 0.264 , 77.78 , 112.75
3875 , 18495 , 55.10 , -66.7 , 1 , 15.78 , 1.340 , 0.243 , 77.85 , 112.67
3885 , 18537 , 54.72 , -66.5 , 1 , 15.75 , 1.465 , 0.268 , 77.93 , 112.60
3894 , 18578 , 54.36 , -66.3 , 1 , 15.72 , 1.508 , 0.277 , 78.01 , 112.52
3905 , 18623 , 53.95 , -66.3 , 1 , 15.69 , 1.451 , 0.269 , 78.09 , 112.43
3915 , 18666 , 53.57 , -65.9 , 1 , 15.66 , 1.435 , 0.268 , 78.18 , 112.35
3925 , 18709 , 53.20 , -65.8 , 0 , 15.63 , 1.423 , 0.268 , 78.25 , 112.27
3935 , 18756 , 52.79 , -65.4 , 0 , 15.59 , 1.447 , 0.274 , 78.34 , 112.18
3945 , 18802 , 52.39 , -65.5 , 0 , 15.56 , 1.532 , 0.292 , 78.43 , 112.09
3954 , 18847 , 52.00 , -65.5 , 0 , 15.54 , 1.593 , 0.306 , 78.52 , 112.00
3964 , 18892 , 51.61 , -65.7 , 1 , 15.52 , 1.691 , 0.328 , 78.62 , 111.90
3974 , 18938 , 51.23 , -65.5 , 0 , 15.50 , 1.807 , 0.353 , 78.72 , 111.80
3984 , 18985 , 50.83 , -65.0 , 0 , 15.47 , 1.852 , 0.364 , 78.84 , 111.69
3994 , 19032 , 50.45 , -65.1 , 0 , 15.44 , 1.789 , 0.355 , 78.95 , 111.58
4002 , 19072 , 50.11 , -65.0 , 0 , 15.42 , 1.739 , 0.347 , 79.04 , 111.49
4014 , 19125 , 49.68 , -64.8 , 0 , 15.39 , 1.716 , 0.345 , 79.16 , 111.37
4024 , 19171 , 49.31 , -64.8 , 0 , 15.37 , 1.713 , 0.347 , 79.26 , 111.27
4034 , 19218 , 48.93 , -64.5 , 0 , 15.34 , 1.733 , 0.354 , 79.36 , 111.16
4044 , 19261 , 48.58 , -64.4 , 0 , 15.32 , 1.691 , 0.348 , 79.46 , 111.07
4054 , 19308 , 48.21 , -64.2 , 0 , 15.29 , 1.680 , 0.348 , 79.56 , 110.96
4064 , 19352 , 47.87 , -63.6 , 0 , 15.28 , 1.670 , 0.349 , 79.66 , 110.87
4074 , 19397 , 47.52 , -63.6 , 0 , 15.25 , 1.614 , 0.340 , 79.75 , 110.78
4084 , 19441 , 47.18 , -63.6 , 0 , 15.23 , 1.566 , 0.332 , 79.84 , 110.69
4093 , 19482 , 46.87 , -63.2 , 0 , 15.21 , 1.526 , 0.326 , 79.92 , 110.60
4102 , 19521 , 46.57 , -62.8 , 0 , 15.19 , 1.567 , 0.337 , 80.00 , 110.53
4112 , 19564 , 46.25 , -62.6 , 0 , 15.17 , 1.628 , 0.352 , 80.09 , 110.44
4122 , 19608 , 45.91 , -62.2 , 0 , 15.15 , 1.734 , 0.378 , 80.18 , 110.34
4132 , 19652 , 45.59 , -61.8 , 0 , 15.13 , 1.910 , 0.419 , 80.28 , 110.24
4142 , 19698 , 45.25 , -61.6 , 0 , 15.12 , 2.034 , 0.449 , 80.40 , 110.13
4152 , 19746 , 44.90 , -61.9 , 0 , 15.10 , 2.151 , 0.479 , 80.53 , 110.00
4162 , 19792 , 44.57 , -62.0 , 0 , 15.08 , 2.283 , 0.512 , 80.66 , 109.87
4172 , 19838 , 44.24 , -62.1 , 0 , 15.07 , 2.342 , 0.530 , 80.79 , 109.73
4182 , 19885 , 43.90 , -61.7 , 0 , 15.05 , 2.447 , 0.557 , 80.94 , 109.59
4192 , 19932 , 43.57 , -61.6 , 0 , 15.03 , 2.583 , 0.593 , 81.09 , 109.44
4202 , 19978 , 43.25 , -61.6 , 0 , 15.01 , 2.802 , 0.648 , 81.24 , 109.28
4212 , 20027 , 42.91 , -61.6 , 0 , 14.99 , 3.071 , 0.716 , 81.43 , 109.10
4222 , 20074 , 42.58 , -61.4 , 0 , 14.97 , 3.299 , 0.775 , 81.62 , 108.90
4232 , 20123 , 42.25 , -60.8 , 0 , 14.95 , 3.485 , 0.825 , 81.83 , 108.69
4242 , 20175 , 41.90 , -60.3 , 0 , 14.94 , 3.664 , 0.874 , 82.07 , 108.46
4252 , 20224 , 41.57 , -60.3 , 0 , 14.91 , 4.047 , 0.974 , 82.31 , 108.22
4262 , 20277 , 41.22 , -60.0 , 0 , 14.90 , 4.395 , 1.066 , 82.59 , 107.94
4272 , 20331 , 40.86 , -59.5 , 0 , 14.88 , 4.573 , 1.119 , 82.90 , 107.63
4282 , 20384 , 40.52 , -59.1 , 0 , 14.86 , 4.658 , 1.150 , 83.21 , 107.32
4292 , 20438 , 40.17 , -59.0 , 0 , 14.84 , 5.233 , 1.303 , 83.54 , 106.98
4302 , 20491 , 39.83 , -58.6 , 0 , 14.82 , 5.998 , 1.506 , 83.92 , 106.61
4312 , 20545 , 39.49 , -58.3 , 0 , 14.80 , 6.590 , 1.669 , 84.34 , 106.18
4321 , 20596 , 39.17 , -58.6 , 0 , 14.78 , 7.048 , 1.799 , 84.78 , 105.75
4331 , 20647 , 38.85 , -58.8 , 0 , 14.76 , 7.351 , 1.892 , 85.24 , 105.28
4341 , 20699 , 38.53 , -58.8 , 0 , 14.74 , 7.611 , 1.975 , 85.73 , 104.79
4351 , 20750 , 38.22 , -58.8 , 0 , 14.72 , 7.900 , 2.067 , 86.22 , 104.30
4361 , 20801 , 37.91 , -58.8 , 0 , 14.70 , 8.145 , 2.148 , 86.74 , 103.79
4371 , 20850 , 37.62 , -58.8 , 0 , 14.68 , 8.305 , 2.208 , 87.24 , 103.28
4381 , 20897 , 37.34 , -58.5 , 0 , 14.66 , 8.420 , 2.255 , 87.74 , 102.79
4391 , 20942 , 37.07 , -58.1 , 0 , 14.64 , 8.494 , 2.291 , 88.22 , 102.31
4400 , 20983 , 36.83 , -57.5 , 0 , 14.62 , 8.452 , 2.295 , 88.65 , 101.88
4409 , 21022 , 36.61 , -57.7 , 0 , 14.60 , 8.396 , 2.294 , 89.06 , 101.46
4419 , 21062 , 36.37 , -57.7 , 0 , 14.58 , 8.277 , 2.276 , 89.48 , 101.04
4429 , 21104 , 36.13 , -57.8 , 0 , 14.56 , 8.134 , 2.251 , 89.91 , 100.61
4439 , 21146 , 35.89 , -58.0 , 0 , 14.53 , 7.876 , 2.194 , 90.34 , 100.19
4449 , 21186 , 35.66 , -58.0 , 0 , 14.51 , 7.827 , 2.195 , 90.73 , 99.80
4459 , 21229 , 35.42 , -58.0 , 0 , 14.49 , 7.856 , 2.218 , 91.15 , 99.38
4469 , 21270 , 35.19 , -57.7 , 0 , 14.47 , 7.752 , 2.203 , 91.55 , 98.97
4479 , 21311 , 34.97 , -57.6 , 0 , 14.46 , 7.823 , 2.237 , 91.95 , 98.58
4489 , 21354 , 34.72 , -57.1 , 0 , 14.44 , 7.890 , 2.272 , 92.38 , 98.15
4499 , 21400 , 34.48 , -56.8 , 0 , 14.41 , 7.944 , 2.304 , 92.83 , 97.70
4509 , 21444 , 34.23 , -56.6 , 0 , 14.40 , 7.966 , 2.327 , 93.27 , 97.26
4519 , 21493 , 33.97 , -56.6 , 0 , 14.38 , 8.018 , 2.360 , 93.75 , 96.78
4529 , 21539 , 33.73 , -56.4 , 0 , 14.36 , 8.047 , 2.386 , 94.21 , 96.31
4539 , 21589 , 33.46 , -56.5 , 0 , 14.34 , 8.100 , 2.421 , 94.71 , 95.81
4549 , 21638 , 33.20 , -56.6 , 0 , 14.32 , 8.081 , 2.434 , 95.21 , 95.32
4559 , 21691 , 32.93 , -56.4 , 0 , 14.30 , 8.043 , 2.443 , 95.74 , 94.78
4569 , 21739 , 32.68 , -55.8 , 0 , 14.28 , 8.029 , 2.457 , 96.22 , 94.30
4579 , 21788 , 32.43 , -55.3 , 0 , 14.26 , 7.954 , 2.453 , 96.71 , 93.82
4589 , 21839 , 32.17 , -54.6 , 0 , 14.24 , 7.876 , 2.448 , 97.20 , 93.32
4599 , 21890 , 31.92 , -54.5 , 0 , 14.22 , 7.847 , 2.459 , 97.70 , 92.83
4609 , 21940 , 31.67 , -54.3 , 0 , 14.19 , 7.789 , 2.460 , 98.18 , 92.35
4619 , 21989 , 31.43 , -54.0 , 0 , 14.18 , 7.742 , 2.463 , 98.65 , 91.88
4629 , 22037 , 31.19 , -54.0 , 0 , 14.16 , 7.681 , 2.462 , 99.10 , 91.42
4639 , 22087 , 30.95 , -53.7 , 0 , 14.14 , 7.607 , 2.458 , 99.57 , 90.95
4649 , 22133 , 30.73 , -53.7 , 0 , 14.12 , 7.578 , 2.466 , 100.00 , 90.53
4659 , 22181 , 30.50 , -53.8 , 0 , 14.10 , 7.528 , 2.468 , 100.45 , 90.08
4669 , 22228 , 30.28 , -53.6 , 0 , 14.09 , 7.539 , 2.490 , 100.88 , 89.65
4679 , 22272 , 30.07 , -53.7 , 0 , 14.06 , 7.469 , 2.483 , 101.29 , 89.24
4689 , 22318 , 29.86 , -53.6 , 0 , 14.05 , 7.441 , 2.492 , 101.71 , 88.81
4699 , 22366 , 29.64 , -53.9 , 0 , 14.03 , 7.431 , 2.508 , 102.15 , 88.38
4709 , 22409 , 29.44 , -53.6 , 0 , 14.02 , 7.409 , 2.517 , 102.54 , 87.98
4718 , 22453 , 29.24 , -53.3 , 0 , 14.00 , 7.375 , 2.523 , 102.94 , 87.58
4727 , 22493 , 29.05 , -53.0 , 0 , 13.98 , 7.393 , 2.544 , 103.30 , 87.22
4737 , 22539 , 28.85 , -53.0 , 0 , 13.97 , 7.341 , 2.545 , 103.71 , 86.81
4747 , 22585 , 28.64 , -52.5 , 0 , 13.95 , 7.363 , 2.571 , 104.13 , 86.39
4757 , 22633 , 28.43 , -52.3 , 0 , 13.93 , 7.383 , 2.597 , 104.56 , 85.96
4767 , 22680 , 28.23 , -52.7 , 0 , 13.91 , 7.350 , 2.604 , 104.98 , 85.54
4777 , 22725 , 28.03 , -52.8 , 0 , 13.89 , 7.339 , 2.618 , 105.39 , 85.13
4787 , 22773 , 27.82 , -53.0 , 0 , 13.87 , 7.115 , 2.558 , 105.82 , 84.71
4797 , 22819 , 27.62 , -53.0 , 0 , 13.85 , 7.230 , 2.617 , 106.22 , 84.31
4807 , 22867 , 27.42 , -52.8 , 0 , 13.83 , 7.253 , 2.645 , 106.64 , 83.88
4817 , 22914 , 27.22 , -52.5 , 0 , 13.82 , 7.244 , 2.661 , 107.06 , 83.47
4827 , 22961 , 27.02 , -52.1 , 0 , 13.79 , 7.154 , 2.647 , 107.47 , 83.06
4837 , 23009 , 26.82 , -51.8 , 0 , 13.77 , 7.141 , 2.662 , 107.89 , 82.63
4847 , 23059 , 26.62 , -51.6 , 0 , 13.75 , 7.176 , 2.696 , 108.32 , 82.20
4857 , 23105 , 26.43 , -51.5 , 0 , 13.73 , 7.151 , 2.706 , 108.73 , 81.80
4867 , 23155 , 26.22 , -51.6 , 0 , 13.71 , 7.112 , 2.712 , 109.16 , 81.36
4877 , 23203 , 26.03 , -51.0 , 0 , 13.69 , 7.112 , 2.732 , 109.58 , 80.95
4887 , 23253 , 25.83 , -50.9 , 0 , 13.67 , 7.151 , 2.768 , 110.01 , 80.52
4897 , 23302 , 25.64 , -50.9 , 0 , 13.65 , 7.114 , 2.774 , 110.43 , 80.09
4907 , 23351 , 25.45 , -51.3 , 0 , 13.62 , 7.101 , 2.790 , 110.86 , 79.67
4917 , 23400 , 25.26 , -50.7 , 0 , 13.60 , 7.059 , 2.795 , 111.27 , 79.25
4927 , 23447 , 25.07 , -50.5 , 0 , 13.58 , 7.082 , 2.824 , 111.68 , 78.84
4937 , 23492 , 24.90 , -50.4 , 0 , 13.55 , 7.033 , 2.824 , 112.07 , 78.46
4947 , 23540 , 24.72 , -50.1 , 0 , 13.54 , 7.046 , 2.851 , 112.47 , 78.05
4957 , 23584 , 24.55 , -49.7 , 0 , 13.51 , 6.984 , 2.844 , 112.85 , 77.68
4967 , 23629 , 24.38 , -49.0 , 0 , 13.49 , 7.002 , 2.871 , 113.23 , 77.30
4977 , 23671 , 24.23 , -48.5 , 0 , 13.47 , 7.024 , 2.899 , 113.58 , 76.95
4987 , 23716 , 24.06 , -48.3 , 0 , 13.44 , 7.051 , 2.930 , 113.96 , 76.56
4997 , 23762 , 23.90 , -48.4 , 0 , 13.42 , 7.098 , 2.970 , 114.35 , 76.18
5007 , 23806 , 23.74 , -48.2 , 0 , 13.40 , 7.098 , 2.990 , 114.73 , 75.80
5017 , 23855 , 23.56 , -48.0 , 0 , 13.38 , 7.053 , 2.993 , 115.14 , 75.39
5026 , 23897 , 23.41 , -48.1 , 0 , 13.36 , 7.057 , 3.014 , 115.49 , 75.03
5036 , 23938 , 23.27 , -48.1 , 0 , 13.34 , 6.998 , 3.008 , 115.84 , 74.68
5046 , 23983 , 23.11 , -47.8 , 0 , 13.32 , 7.078 , 3.063 , 116.22 , 74.31
5056 , 24027 , 22.95 , -47.4 , 0 , 13.30 , 7.134 , 3.108 , 116.60 , 73.93
5066 , 24072 , 22.80 , -47.4 , 0 , 13.27 , 7.153 , 3.137 , 116.98 , 73.55
5076 , 24119 , 22.64 , -47.2 , 0 , 13.26 , 7.180 , 3.172 , 117.38 , 73.14
5086 , 24166 , 22.48 , -47.4 , 0 , 13.24 , 7.136 , 3.175 , 117.78 , 72.74
5096 , 24212 , 22.32 , -47.1 , 0 , 13.21 , 7.129 , 3.194 , 118.18 , 72.35
5106 , 24262 , 22.15 , -46.7 , 0 , 13.19 , 7.092 , 3.201 , 118.60 , 71.93
5116 , 24311 , 21.99 , -46.7 , 0 , 13.17 , 7.137 , 3.246 , 119.01 , 71.51
5126 , 24360 , 21.83 , -46.7 , 0 , 13.15 , 7.115 , 3.259 , 119.42 , 71.10
5136 , 24411 , 21.66 , -46.9 , 0 , 13.14 , 7.128 , 3.290 , 119.85 , 70.67
5146 , 24460 , 21.50 , -46.9 , 0 , 13.12 , 7.083 , 3.294 , 120.27 , 70.25
5156 , 24511 , 21.34 , -46.8 , 0 , 13.10 , 6.981 , 3.272 , 120.70 , 69.83
5166 , 24564 , 21.17 , -46.4 , 0 , 13.07 , 7.053 , 3.332 , 121.15 , 69.38
5176 , 24619 , 20.99 , -46.1 , 0 , 13.06 , 7.081 , 3.373 , 121.61 , 68.92
5186 , 24671 , 20.83 , -45.6 , 0 , 13.04 , 7.115 , 3.416 , 122.05 , 68.48
5196 , 24725 , 20.66 , -45.8 , 0 , 13.03 , 7.127 , 3.450 , 122.50 , 68.03
5206 , 24778 , 20.50 , -45.6 , 0 , 13.01 , 7.072 , 3.450 , 122.94 , 67.58
5216 , 24831 , 20.33 , -45.8 , 0 , 12.99 , 7.009 , 3.447 , 123.39 , 67.14
5226 , 24888 , 20.16 , -45.8 , 0 , 12.98 , 7.093 , 3.518 , 123.86 , 66.66
5236 , 24942 , 20.00 , -45.4 , 0 , 12.96 , 7.104 , 3.552 , 124.32 , 66.21
5246 , 24998 , 19.83 , -44.9 , 0 , 12.95 , 7.120 , 3.591 , 124.79 , 65.74
5256 , 25052 , 19.67 , -44.8 , 0 , 12.92 , 7.160 , 3.640 , 125.25 , 65.28
5266 , 25106 , 19.51 , -45.0 , 0 , 12.91 , 7.129 , 3.653 , 125.70 , 64.83
5276 , 25158 , 19.36 , -45.3 , 0 , 12.89 , 7.136 , 3.686 , 126.14 , 64.38
5286 , 25214 , 19.20 , -45.6 , 0 , 12.88 , 7.127 , 3.712 , 126.62 , 63.91
5296 , 25262 , 19.06 , -45.2 , 0 , 12.86 , 7.115 , 3.732 , 127.01 , 63.51
5306 , 25312 , 18.92 , -44.3 , 0 , 12.85 , 7.134 , 3.771 , 127.44 , 63.09
5316 , 25360 , 18.78 , -44.2 , 0 , 12.84 , 7.093 , 3.776 , 127.84 , 62.68
5325 , 25411 , 18.64 , -43.9 , 0 , 12.83 , 7.113 , 3.816 , 128.26 , 62.26
5335 , 25454 , 18.52 , -43.7 , 0 , 12.81 , 7.132 , 3.850 , 128.63 , 61.90
5345 , 25498 , 18.40 , -43.5 , 0 , 12.80 , 7.132 , 3.876 , 128.99 , 61.53
5355 , 25541 , 18.28 , -43.2 , 0 , 12.79 , 7.112 , 3.890 , 129.35 , 61.17
5365 , 25586 , 18.16 , -43.3 , 0 , 12.77 , 7.134 , 3.928 , 129.73 , 60.80
5375 , 25630 , 18.04 , -43.3 , 0 , 12.76 , 7.057 , 3.911 , 130.10 , 60.43
5385 , 25673 , 17.93 , -43.3 , 0 , 12.74 , 7.097 , 3.959 , 130.45 , 60.07
5394 , 25716 , 17.82 , -42.9 , 0 , 12.74 , 6.883 , 3.863 , 130.80 , 59.72
5404 , 25753 , 17.72 , -42.4 , 0 , 12.72 , 6.940 , 3.917 , 131.11 , 59.42
5414 , 25797 , 17.60 , -42.4 , 0 , 12.71 , 6.995 , 3.973 , 131.46 , 59.07
5424 , 25842 , 17.49 , -42.0 , 0 , 12.70 , 6.963 , 3.982 , 131.83 , 58.70
5434 , 25890 , 17.36 , -41.8 , 0 , 12.69 , 6.987 , 4.024 , 132.22 , 58.31
5444 , 25928 , 17.27 , -41.6 , 0 , 12.68 , 6.993 , 4.050 , 132.53 , 58.00
5454 , 25974 , 17.15 , -41.5 , 0 , 12.67 , 6.964 , 4.061 , 132.90 , 57.62
5464 , 26024 , 17.02 , -40.9 , 0 , 12.66 , 6.934 , 4.073 , 133.30 , 57.22
5474 , 26072 , 16.90 , -41.2 , 0 , 12.65 , 6.893 , 4.077 , 133.69 , 56.84
5484 , 26123 , 16.78 , -40.8 , 0 , 12.63 , 6.960 , 4.149 , 134.10 , 56.42
5494 , 26177 , 16.64 , -39.9 , 0 , 12.62 , 6.963 , 4.183 , 134.54 , 55.98
5504 , 26231 , 16.51 , -40.1 , 0 , 12.61 , 6.958 , 4.213 , 134.97 , 55.55
5514 , 26286 , 16.38 , -40.1 , 0 , 12.60 , 6.917 , 4.222 , 135.41 , 55.11
5524 , 26342 , 16.25 , -40.5 , 0 , 12.59 , 6.925 , 4.262 , 135.86 , 54.66
5534 , 26392 , 16.13 , -40.4 , 0 , 12.59 , 6.892 , 4.274 , 136.26 , 54.26
5544 , 26455 , 15.98 , -39.8 , 0 , 12.57 , 6.824 , 4.270 , 136.76 , 53.77
5554 , 26507 , 15.86 , -39.0 , 0 , 12.57 , 6.804 , 4.290 , 137.17 , 53.36
5564 , 26568 , 15.72 , -38.9 , 0 , 12.55 , 6.826 , 4.342 , 137.65 , 52.88
5574 , 26624 , 15.59 , -38.8 , 0 , 12.55 , 6.767 , 4.341 , 138.09 , 52.44
5583 , 26677 , 15.47 , -38.6 , 0 , 12.54 , 6.767 , 4.374 , 138.50 , 52.02
5594 , 26735 , 15.34 , -37.9 , 0 , 12.53 , 6.740 , 4.394 , 138.95 , 51.57
5604 , 26790 , 15.22 , -37.9 , 0 , 12.52 , 6.820 , 4.482 , 139.38 , 51.15
5614 , 26845 , 15.10 , -38.0 , 0 , 12.51 , 6.796 , 4.501 , 139.80 , 50.72
5624 , 26901 , 14.97 , -38.6 , 0 , 12.50 , 6.761 , 4.515 , 140.24 , 50.28
5634 , 26947 , 14.88 , -38.7 , 0 , 12.49 , 6.672 , 4.485 , 140.59 , 49.93
5643 , 26996 , 14.77 , -38.3 , 0 , 12.49 , 6.612 , 4.477 , 140.97 , 49.56
5653 , 27039 , 14.68 , -38.6 , 0 , 12.48 , 6.625 , 4.514 , 141.29 , 49.23
5662 , 27091 , 14.57 , -38.3 , 0 , 12.47 , 6.585 , 4.521 , 141.69 , 48.84
5673 , 27140 , 14.46 , -38.4 , 0 , 12.46 , 6.595 , 4.559 , 142.06 , 48.46
5682 , 27184 , 14.37 , -38.8 , 0 , 12.46 , 6.537 , 4.549 , 142.39 , 48.13
5692 , 27228 , 14.28 , -38.9 , 0 , 12.45 , 6.494 , 4.548 , 142.73 , 47.80
5702 , 27273 , 14.19 , -38.5 , 0 , 12.44 , 6.434 , 4.535 , 143.06 , 47.47
5712 , 27318 , 14.09 , -38.6 , 0 , 12.43 , 6.309 , 4.477 , 143.39 , 47.14
5722 , 27366 , 13.99 , -37.4 , 0 , 12.42 , 6.336 , 4.527 , 143.74 , 46.79
5732 , 27412 , 13.90 , -36.9 , 0 , 12.42 , 6.300 , 4.532 , 144.07 , 46.45
5742 , 27452 , 13.82 , -36.5 , 0 , 12.41 , 6.299 , 4.557 , 144.36 , 46.17
5752 , 27499 , 13.73 , -36.6 , 0 , 12.40 , 6.209 , 4.523 , 144.69 , 45.84
5762 , 27535 , 13.66 , -37.0 , 0 , 12.40 , 6.238 , 4.568 , 144.95 , 45.58
5772 , 27581 , 13.57 , -37.3 , 0 , 12.39 , 6.197 , 4.568 , 145.27 , 45.26
5782 , 27626 , 13.48 , -37.0 , 0 , 12.38 , 6.168 , 4.576 , 145.59 , 44.94
5792 , 27671 , 13.39 , -37.3 , 0 , 12.38 , 6.079 , 4.539 , 145.90 , 44.62
5802 , 27716 , 13.30 , -37.1 , 0 , 12.38 , 6.020 , 4.525 , 146.22 , 44.31
5812 , 27758 , 13.22 , -36.0 , 0 , 12.37 , 6.039 , 4.567 , 146.50 , 44.02
5822 , 27803 , 13.14 , -35.5 , 0 , 12.37 , 6.016 , 4.579 , 146.81 , 43.71
5832 , 27849 , 13.05 , -35.2 , 0 , 12.36 , 6.002 , 4.599 , 147.13 , 43.40
5842 , 27887 , 12.98 , -35.0 , 0 , 12.36 , 5.942 , 4.578 , 147.39 , 43.14
5852 , 27939 , 12.89 , -34.8 , 0 , 12.35 , 5.918 , 4.593 , 147.73 , 42.80
5862 , 27985 , 12.80 , -35.2 , 0 , 12.35 , 5.876 , 4.591 , 148.04 , 42.48
5871 , 28024 , 12.73 , -34.9 , 0 , 12.34 , 5.837 , 4.586 , 148.30 , 42.23
5881 , 28072 , 12.64 , -34.6 , 0 , 12.34 , 5.767 , 4.562 , 148.61 , 41.91
5891 , 28116 , 12.56 , -34.8 , 0 , 12.33 , 5.678 , 4.520 , 148.90 , 41.63
5901 , 28157 , 12.49 , -35.1 , 0 , 12.33 , 5.602 , 4.486 , 149.16 , 41.36
5911 , 28213 , 12.39 , -35.1 , 0 , 12.33 , 5.428 , 4.382 , 149.51 , 41.01
5921 , 28262 , 12.30 , -34.8 , 0 , 12.33 , 5.532 , 4.497 , 149.81 , 40.71
5931 , 28308 , 12.22 , -34.7 , 0 , 12.33 , 5.468 , 4.474 , 150.10 , 40.43
5941 , 28357 , 12.13 , -34.5 , 0 , 12.34 , 5.427 , 4.472 , 150.40 , 40.13
5949 , 28397 , 12.07 , -34.5 , 0 , 12.34 , 5.319 , 4.408 , 150.64 , 39.88
5960 , 28449 , 11.98 , -34.3 , 0 , 12.35 , 5.270 , 4.400 , 150.95 , 39.57
5969 , 28496 , 11.90 , -34.1 , 0 , 12.35 , 4.896 , 4.116 , 151.23 , 39.30
5979 , 28537 , 11.83 , -34.5 , 0 , 12.36 , 4.948 , 4.184 , 151.45 , 39.07
5989 , 28588 , 11.74 , -34.7 , 0 , 12.36 , 5.155 , 4.391 , 151.74 , 38.78
5999 , 28632 , 11.67 , -34.2 , 0 , 12.37 , 5.180 , 4.440 , 152.00 , 38.53
6009 , 28683 , 11.58 , -34.2 , 0 , 12.37 , 5.097 , 4.401 , 152.30 , 38.23
6018 , 28726 , 11.51 , -33.6 , 0 , 12.38 , 4.814 , 4.182 , 152.53 , 37.99
