# ------------------------------------------------------------
#
# Flight name: V2013
# Station: Davis
# Launch Date: 05 November 2013
# Launch Time: 23:15:20
# 
# This file created: Fri Nov 15 15:34:42 2013
# 
# 
# ------------------------------------------------------------
# DATA COLUMNS
# Time (s)
# Height (m)
# Atmospheric Pressure (hPa)
# Atmospheric Temperature (°C)
# Relative Humidity (%)
# Box Temperature (°C)
# Ozone Partial Pressure (mPa)
# Ozone Mixing Ratio (ppmV)
# Accumulated Ozone to this Height (Dobson Units)
# Remaining Ozone above this Height (Dobson Units)
# 
# ------------------------------------------------------------
# 
# Integrated Ozone = 178.8 DU
# Extrapolated Ozone =  23.6 DU
# 
# Total Ozone = 202.4 DU
# 
# 
# ------------------------------------------------------------
0 , 18 , 982.48 , -13.1 , 47 , 33.72 , 2.413 , 0.025 , 0.00 , 202.40
10 , 61 , 976.85 , -13.8 , 46 , 33.69 , 2.433 , 0.025 , 0.11 , 202.29
20 , 115 , 969.99 , -14.2 , 45 , 33.62 , 2.410 , 0.025 , 0.24 , 202.15
30 , 168 , 963.19 , -14.4 , 47 , 33.53 , 2.408 , 0.025 , 0.38 , 202.02
40 , 219 , 956.77 , -14.1 , 51 , 33.45 , 2.441 , 0.026 , 0.51 , 201.89
50 , 270 , 950.28 , -14.0 , 47 , 33.37 , 2.429 , 0.026 , 0.64 , 201.76
60 , 320 , 944.11 , -13.8 , 41 , 33.29 , 2.416 , 0.026 , 0.76 , 201.64
70 , 370 , 937.93 , -13.8 , 38 , 33.21 , 2.411 , 0.026 , 0.89 , 201.51
80 , 418 , 932.01 , -13.9 , 37 , 33.13 , 2.385 , 0.026 , 1.01 , 201.39
90 , 462 , 926.59 , -14.2 , 38 , 33.08 , 2.358 , 0.025 , 1.12 , 201.28
99 , 511 , 920.65 , -14.6 , 43 , 33.07 , 2.370 , 0.026 , 1.24 , 201.16
109 , 558 , 914.93 , -15.0 , 47 , 32.97 , 2.411 , 0.026 , 1.35 , 201.05
119 , 610 , 908.63 , -15.4 , 50 , 32.72 , 2.421 , 0.027 , 1.48 , 200.91
129 , 662 , 902.42 , -15.7 , 49 , 32.45 , 2.436 , 0.027 , 1.62 , 200.78
139 , 715 , 896.08 , -16.1 , 43 , 32.19 , 2.381 , 0.027 , 1.75 , 200.65
149 , 765 , 890.17 , -16.4 , 46 , 32.06 , 2.328 , 0.026 , 1.87 , 200.52
158 , 811 , 884.68 , -16.6 , 55 , 31.96 , 2.309 , 0.026 , 1.99 , 200.41
168 , 861 , 878.88 , -16.9 , 57 , 31.90 , 2.289 , 0.026 , 2.11 , 200.29
178 , 910 , 873.12 , -17.2 , 58 , 31.83 , 2.301 , 0.026 , 2.23 , 200.17
188 , 962 , 867.07 , -17.5 , 60 , 31.71 , 2.300 , 0.027 , 2.35 , 200.05
198 , 1020 , 860.43 , -17.9 , 61 , 31.57 , 2.303 , 0.027 , 2.49 , 199.91
208 , 1076 , 853.96 , -18.3 , 57 , 31.40 , 2.232 , 0.026 , 2.63 , 199.77
218 , 1131 , 847.72 , -18.5 , 55 , 31.27 , 2.233 , 0.026 , 2.76 , 199.64
228 , 1181 , 841.97 , -18.4 , 50 , 31.23 , 2.254 , 0.027 , 2.88 , 199.52
238 , 1236 , 835.78 , -18.1 , 42 , 31.14 , 2.229 , 0.027 , 3.01 , 199.39
247 , 1283 , 830.60 , -17.7 , 34 , 31.04 , 2.209 , 0.027 , 3.12 , 199.28
257 , 1333 , 825.05 , -17.7 , 28 , 30.93 , 2.182 , 0.026 , 3.23 , 199.17
267 , 1386 , 819.20 , -17.9 , 26 , 30.59 , 2.169 , 0.026 , 3.35 , 199.04
277 , 1436 , 813.71 , -17.7 , 22 , 30.48 , 2.142 , 0.026 , 3.47 , 198.93
287 , 1483 , 808.67 , -17.4 , 18 , 30.43 , 2.148 , 0.027 , 3.57 , 198.83
297 , 1533 , 803.26 , -17.5 , 18 , 30.28 , 2.107 , 0.026 , 3.69 , 198.71
307 , 1582 , 797.99 , -17.6 , 19 , 30.17 , 2.067 , 0.026 , 3.79 , 198.60
317 , 1632 , 792.68 , -17.5 , 19 , 30.26 , 2.020 , 0.025 , 3.90 , 198.50
327 , 1679 , 787.72 , -17.2 , 18 , 30.31 , 2.033 , 0.026 , 4.00 , 198.40
337 , 1730 , 782.38 , -16.9 , 16 , 30.24 , 2.036 , 0.026 , 4.11 , 198.29
347 , 1784 , 776.83 , -16.8 , 16 , 30.08 , 2.058 , 0.026 , 4.23 , 198.17
357 , 1829 , 772.20 , -16.8 , 16 , 30.00 , 2.058 , 0.027 , 4.32 , 198.07
367 , 1877 , 767.26 , -17.0 , 16 , 30.02 , 2.035 , 0.027 , 4.43 , 197.97
377 , 1923 , 762.57 , -16.8 , 15 , 30.00 , 2.024 , 0.027 , 4.53 , 197.87
387 , 1972 , 757.57 , -16.5 , 15 , 29.94 , 1.996 , 0.026 , 4.63 , 197.77
397 , 2023 , 752.49 , -16.4 , 13 , 29.92 , 1.988 , 0.026 , 4.74 , 197.66
407 , 2078 , 747.00 , -16.5 , 12 , 29.85 , 1.988 , 0.027 , 4.85 , 197.55
417 , 2130 , 741.81 , -16.9 , 13 , 29.70 , 2.024 , 0.027 , 4.96 , 197.44
427 , 2187 , 736.24 , -17.0 , 12 , 29.47 , 1.996 , 0.027 , 5.08 , 197.32
437 , 2241 , 730.93 , -17.3 , 15 , 29.37 , 1.960 , 0.027 , 5.19 , 197.20
447 , 2295 , 725.66 , -17.6 , 18 , 29.39 , 1.954 , 0.027 , 5.31 , 197.09
457 , 2352 , 720.14 , -18.1 , 22 , 29.34 , 1.967 , 0.027 , 5.42 , 196.98
466 , 2407 , 714.86 , -18.5 , 23 , 29.23 , 1.957 , 0.027 , 5.54 , 196.86
475 , 2457 , 710.09 , -18.9 , 24 , 29.16 , 1.898 , 0.027 , 5.64 , 196.76
485 , 2513 , 704.79 , -19.2 , 21 , 29.07 , 1.841 , 0.026 , 5.75 , 196.65
495 , 2567 , 699.61 , -19.6 , 24 , 28.97 , 1.858 , 0.027 , 5.86 , 196.54
505 , 2625 , 694.24 , -20.1 , 27 , 28.88 , 1.812 , 0.026 , 5.97 , 196.43
515 , 2684 , 688.66 , -20.5 , 27 , 28.83 , 1.767 , 0.026 , 6.08 , 196.32
525 , 2741 , 683.36 , -20.9 , 26 , 28.76 , 1.754 , 0.026 , 6.19 , 196.21
535 , 2796 , 678.32 , -21.4 , 26 , 28.75 , 1.705 , 0.025 , 6.29 , 196.11
545 , 2846 , 673.70 , -21.7 , 25 , 28.79 , 1.740 , 0.026 , 6.38 , 196.01
555 , 2900 , 668.82 , -22.2 , 25 , 28.75 , 1.728 , 0.026 , 6.48 , 195.91
565 , 2947 , 664.51 , -22.4 , 26 , 28.73 , 1.755 , 0.026 , 6.57 , 195.83
575 , 3000 , 659.71 , -22.7 , 25 , 28.73 , 1.745 , 0.026 , 6.67 , 195.73
585 , 3053 , 654.96 , -22.9 , 25 , 28.60 , 1.829 , 0.028 , 6.77 , 195.62
595 , 3113 , 649.67 , -22.9 , 22 , 28.42 , 1.860 , 0.029 , 6.89 , 195.51
605 , 3164 , 645.11 , -23.2 , 20 , 28.38 , 1.846 , 0.029 , 7.00 , 195.40
615 , 3220 , 640.20 , -23.4 , 19 , 28.35 , 1.854 , 0.029 , 7.11 , 195.29
624 , 3272 , 635.68 , -23.7 , 17 , 28.23 , 1.871 , 0.029 , 7.21 , 195.19
634 , 3324 , 631.14 , -24.0 , 17 , 28.00 , 1.860 , 0.029 , 7.32 , 195.08
644 , 3376 , 626.68 , -24.3 , 16 , 27.85 , 1.862 , 0.030 , 7.42 , 194.98
654 , 3438 , 621.39 , -24.6 , 15 , 27.70 , 1.870 , 0.030 , 7.55 , 194.85
664 , 3490 , 616.96 , -24.8 , 14 , 27.58 , 1.902 , 0.031 , 7.65 , 194.75
674 , 3544 , 612.38 , -25.1 , 13 , 27.63 , 1.891 , 0.031 , 7.76 , 194.63
684 , 3596 , 608.04 , -25.2 , 12 , 27.66 , 1.958 , 0.032 , 7.87 , 194.53
694 , 3656 , 603.02 , -25.3 , 8 , 27.57 , 1.993 , 0.033 , 8.00 , 194.40
704 , 3709 , 598.57 , -25.7 , 8 , 27.45 , 1.962 , 0.033 , 8.12 , 194.28
714 , 3762 , 594.22 , -25.9 , 6 , 27.36 , 1.940 , 0.033 , 8.23 , 194.17
724 , 3812 , 590.16 , -26.1 , 6 , 27.34 , 1.928 , 0.033 , 8.33 , 194.06
734 , 3863 , 585.99 , -26.5 , 7 , 27.33 , 1.930 , 0.033 , 8.44 , 193.96
744 , 3918 , 581.58 , -26.9 , 6 , 27.25 , 1.933 , 0.033 , 8.56 , 193.84
754 , 3973 , 577.10 , -27.0 , 8 , 27.18 , 1.909 , 0.033 , 8.67 , 193.72
764 , 4019 , 573.49 , -27.3 , 10 , 27.16 , 1.839 , 0.032 , 8.77 , 193.63
774 , 4068 , 569.54 , -27.6 , 10 , 27.15 , 1.745 , 0.031 , 8.86 , 193.53
783 , 4117 , 565.67 , -28.0 , 12 , 27.10 , 1.721 , 0.030 , 8.96 , 193.44
792 , 4164 , 561.97 , -28.4 , 13 , 27.06 , 1.671 , 0.030 , 9.05 , 193.35
802 , 4215 , 557.98 , -28.8 , 14 , 26.98 , 1.672 , 0.030 , 9.14 , 193.26
812 , 4269 , 553.78 , -29.3 , 16 , 26.88 , 1.635 , 0.030 , 9.24 , 193.16
822 , 4321 , 549.75 , -29.8 , 21 , 26.84 , 1.615 , 0.029 , 9.33 , 193.07
832 , 4379 , 545.28 , -30.3 , 32 , 26.78 , 1.629 , 0.030 , 9.44 , 192.96
842 , 4438 , 540.78 , -30.9 , 35 , 26.54 , 1.605 , 0.030 , 9.54 , 192.86
852 , 4496 , 536.42 , -31.4 , 43 , 26.32 , 1.602 , 0.030 , 9.64 , 192.75
862 , 4556 , 531.88 , -31.4 , 56 , 26.16 , 1.571 , 0.030 , 9.75 , 192.65
872 , 4609 , 527.87 , -31.6 , 58 , 26.05 , 1.450 , 0.027 , 9.84 , 192.56
882 , 4663 , 523.89 , -31.9 , 60 , 26.01 , 1.345 , 0.026 , 9.92 , 192.47
892 , 4710 , 520.40 , -32.1 , 61 , 26.08 , 1.286 , 0.025 , 9.99 , 192.40
902 , 4762 , 516.55 , -32.4 , 62 , 26.13 , 1.286 , 0.025 , 10.07 , 192.33
912 , 4820 , 512.37 , -32.7 , 62 , 26.12 , 1.389 , 0.027 , 10.16 , 192.24
922 , 4878 , 508.13 , -33.2 , 64 , 26.01 , 1.456 , 0.029 , 10.25 , 192.15
932 , 4935 , 504.04 , -33.7 , 64 , 25.84 , 1.477 , 0.029 , 10.34 , 192.06
942 , 4992 , 499.94 , -34.1 , 64 , 25.74 , 1.525 , 0.030 , 10.44 , 191.96
952 , 5057 , 495.32 , -34.6 , 63 , 25.52 , 1.515 , 0.031 , 10.55 , 191.85
961 , 5115 , 491.19 , -34.9 , 63 , 25.42 , 1.473 , 0.030 , 10.65 , 191.75
971 , 5174 , 487.10 , -35.3 , 64 , 25.47 , 1.418 , 0.029 , 10.74 , 191.65
981 , 5233 , 482.98 , -35.9 , 65 , 25.52 , 1.370 , 0.028 , 10.84 , 191.56
991 , 5284 , 479.44 , -36.2 , 66 , 25.56 , 1.333 , 0.028 , 10.92 , 191.48
1001 , 5336 , 475.80 , -36.6 , 66 , 25.57 , 1.317 , 0.028 , 11.00 , 191.40
1011 , 5388 , 472.28 , -37.1 , 68 , 25.56 , 1.284 , 0.027 , 11.07 , 191.33
1021 , 5449 , 468.12 , -37.6 , 69 , 25.52 , 1.254 , 0.027 , 11.16 , 191.24
1031 , 5510 , 464.00 , -38.0 , 69 , 25.49 , 1.267 , 0.027 , 11.25 , 191.15
1041 , 5570 , 459.96 , -38.5 , 69 , 25.33 , 1.264 , 0.027 , 11.34 , 191.06
1051 , 5632 , 455.84 , -39.0 , 68 , 25.07 , 1.260 , 0.028 , 11.43 , 190.97
1061 , 5690 , 452.00 , -39.3 , 69 , 24.95 , 1.282 , 0.028 , 11.51 , 190.89
1071 , 5746 , 448.32 , -39.6 , 67 , 24.85 , 1.294 , 0.029 , 11.59 , 190.80
1081 , 5804 , 444.50 , -40.0 , 67 , 24.87 , 1.313 , 0.030 , 11.68 , 190.72
1091 , 5869 , 440.29 , -40.5 , 66 , 24.88 , 1.319 , 0.030 , 11.78 , 190.62
1101 , 5927 , 436.53 , -40.9 , 66 , 24.82 , 1.266 , 0.029 , 11.87 , 190.53
1110 , 5981 , 433.10 , -41.3 , 66 , 24.78 , 1.272 , 0.029 , 11.95 , 190.45
1120 , 6037 , 429.52 , -41.7 , 67 , 24.76 , 1.256 , 0.029 , 12.03 , 190.37
1130 , 6089 , 426.27 , -42.1 , 67 , 24.75 , 1.238 , 0.029 , 12.10 , 190.29
1140 , 6135 , 423.35 , -42.5 , 67 , 24.73 , 1.202 , 0.028 , 12.17 , 190.23
1150 , 6182 , 420.44 , -42.9 , 66 , 24.73 , 1.165 , 0.028 , 12.23 , 190.16
1160 , 6233 , 417.27 , -43.3 , 65 , 24.73 , 1.130 , 0.027 , 12.30 , 190.09
1170 , 6290 , 413.70 , -43.7 , 65 , 24.67 , 1.117 , 0.027 , 12.38 , 190.02
1180 , 6341 , 410.60 , -44.1 , 63 , 24.59 , 1.111 , 0.027 , 12.45 , 189.95
1190 , 6406 , 406.60 , -44.5 , 63 , 24.49 , 1.092 , 0.027 , 12.53 , 189.87
1200 , 6459 , 403.43 , -45.0 , 64 , 24.41 , 1.097 , 0.027 , 12.60 , 189.80
1210 , 6510 , 400.35 , -45.4 , 65 , 24.37 , 1.084 , 0.027 , 12.66 , 189.73
1220 , 6565 , 397.05 , -45.9 , 66 , 24.32 , 1.078 , 0.027 , 12.73 , 189.66
1230 , 6630 , 393.18 , -46.4 , 68 , 24.23 , 1.044 , 0.027 , 12.82 , 189.58
1240 , 6685 , 389.92 , -46.8 , 67 , 24.15 , 1.049 , 0.027 , 12.89 , 189.51
1250 , 6735 , 386.99 , -47.3 , 65 , 24.08 , 1.036 , 0.027 , 12.95 , 189.45
1260 , 6782 , 384.28 , -47.6 , 66 , 24.05 , 1.045 , 0.027 , 13.01 , 189.39
1270 , 6827 , 381.67 , -47.9 , 66 , 24.04 , 1.045 , 0.027 , 13.06 , 189.34
1280 , 6883 , 378.43 , -48.4 , 65 , 24.04 , 1.050 , 0.028 , 13.13 , 189.27
1290 , 6941 , 375.09 , -48.9 , 68 , 23.99 , 1.064 , 0.028 , 13.21 , 189.19
1300 , 6997 , 371.87 , -49.4 , 68 , 23.88 , 1.069 , 0.029 , 13.28 , 189.12
1310 , 7055 , 368.61 , -49.8 , 66 , 23.79 , 1.086 , 0.029 , 13.35 , 189.04
1320 , 7116 , 365.16 , -50.4 , 66 , 23.68 , 1.084 , 0.030 , 13.43 , 188.96
1330 , 7170 , 362.17 , -50.8 , 69 , 23.57 , 1.082 , 0.030 , 13.50 , 188.89
1340 , 7228 , 358.93 , -51.4 , 73 , 23.53 , 1.039 , 0.029 , 13.58 , 188.82
1350 , 7279 , 356.11 , -51.9 , 75 , 23.51 , 1.029 , 0.029 , 13.64 , 188.75
1360 , 7332 , 353.23 , -52.3 , 77 , 23.48 , 1.030 , 0.029 , 13.71 , 188.69
1370 , 7388 , 350.16 , -52.7 , 77 , 23.43 , 1.027 , 0.029 , 13.78 , 188.62
1380 , 7449 , 346.91 , -53.2 , 76 , 23.36 , 1.020 , 0.029 , 13.86 , 188.54
1390 , 7500 , 344.15 , -53.7 , 76 , 23.26 , 1.003 , 0.029 , 13.92 , 188.48
1400 , 7552 , 341.38 , -54.1 , 74 , 23.20 , 0.985 , 0.029 , 13.98 , 188.42
1410 , 7607 , 338.47 , -54.5 , 70 , 23.16 , 0.978 , 0.029 , 14.05 , 188.35
1419 , 7655 , 335.95 , -54.9 , 67 , 23.11 , 0.968 , 0.029 , 14.11 , 188.29
1429 , 7704 , 333.37 , -55.2 , 63 , 23.07 , 0.956 , 0.029 , 14.17 , 188.23
1439 , 7762 , 330.36 , -55.7 , 61 , 23.01 , 0.945 , 0.029 , 14.23 , 188.16
1449 , 7819 , 327.40 , -56.0 , 59 , 22.93 , 0.951 , 0.029 , 14.30 , 188.10
1459 , 7875 , 324.53 , -56.5 , 57 , 22.87 , 0.958 , 0.030 , 14.37 , 188.03
1469 , 7926 , 321.90 , -56.9 , 56 , 22.82 , 0.988 , 0.031 , 14.43 , 187.97
1479 , 7986 , 318.87 , -57.4 , 55 , 22.77 , 0.993 , 0.031 , 14.50 , 187.89
1489 , 8032 , 316.56 , -57.7 , 54 , 22.73 , 1.000 , 0.032 , 14.56 , 187.84
1499 , 8079 , 314.21 , -58.1 , 53 , 22.70 , 0.991 , 0.032 , 14.62 , 187.78
1509 , 8135 , 311.39 , -58.6 , 52 , 22.69 , 0.968 , 0.031 , 14.69 , 187.71
1519 , 8189 , 308.75 , -58.9 , 50 , 22.66 , 0.957 , 0.031 , 14.75 , 187.64
1529 , 8245 , 306.01 , -59.3 , 48 , 22.63 , 0.997 , 0.033 , 14.82 , 187.58
1539 , 8294 , 303.63 , -59.7 , 45 , 22.59 , 1.102 , 0.036 , 14.89 , 187.51
1549 , 8353 , 300.76 , -60.2 , 43 , 22.54 , 1.190 , 0.040 , 14.97 , 187.43
1559 , 8408 , 298.09 , -60.6 , 43 , 22.49 , 1.232 , 0.041 , 15.06 , 187.34
1569 , 8464 , 295.42 , -60.9 , 44 , 22.43 , 1.263 , 0.043 , 15.15 , 187.25
1579 , 8532 , 292.23 , -61.3 , 48 , 22.37 , 1.198 , 0.041 , 15.25 , 187.15
1589 , 8582 , 289.86 , -61.7 , 50 , 22.31 , 1.152 , 0.040 , 15.33 , 187.07
1599 , 8636 , 287.37 , -62.0 , 52 , 22.24 , 1.109 , 0.039 , 15.40 , 186.99
1609 , 8684 , 285.12 , -62.4 , 54 , 22.17 , 1.069 , 0.038 , 15.47 , 186.93
1619 , 8735 , 282.79 , -62.6 , 54 , 22.09 , 1.054 , 0.037 , 15.54 , 186.86
1629 , 8782 , 280.63 , -62.9 , 54 , 22.01 , 1.056 , 0.038 , 15.60 , 186.79
1639 , 8852 , 277.44 , -63.3 , 53 , 21.95 , 1.055 , 0.038 , 15.70 , 186.70
1649 , 8903 , 275.13 , -63.6 , 53 , 21.89 , 1.061 , 0.039 , 15.77 , 186.63
1659 , 8958 , 272.68 , -63.9 , 52 , 21.81 , 1.173 , 0.043 , 15.85 , 186.55
1669 , 9011 , 270.36 , -64.2 , 52 , 21.74 , 1.416 , 0.052 , 15.94 , 186.46
1679 , 9060 , 268.20 , -64.4 , 51 , 21.67 , 1.570 , 0.059 , 16.03 , 186.37
1689 , 9107 , 266.14 , -64.6 , 50 , 21.60 , 1.637 , 0.062 , 16.13 , 186.27
1699 , 9154 , 264.10 , -64.9 , 49 , 21.52 , 1.662 , 0.063 , 16.23 , 186.17
1709 , 9203 , 261.97 , -65.3 , 48 , 21.47 , 1.590 , 0.061 , 16.33 , 186.07
1719 , 9258 , 259.61 , -65.6 , 48 , 21.40 , 1.545 , 0.059 , 16.44 , 185.95
1728 , 9309 , 257.42 , -65.8 , 48 , 21.32 , 1.518 , 0.059 , 16.55 , 185.85
1738 , 9358 , 255.36 , -66.1 , 48 , 21.25 , 1.477 , 0.058 , 16.64 , 185.76
1748 , 9405 , 253.41 , -66.5 , 48 , 21.19 , 1.456 , 0.057 , 16.73 , 185.67
1758 , 9452 , 251.43 , -66.8 , 48 , 21.13 , 1.465 , 0.058 , 16.82 , 185.58
1768 , 9501 , 249.42 , -66.9 , 48 , 21.06 , 1.558 , 0.062 , 16.92 , 185.48
1778 , 9543 , 247.65 , -66.9 , 49 , 21.00 , 1.711 , 0.069 , 17.01 , 185.39
1788 , 9587 , 245.86 , -67.1 , 49 , 20.94 , 1.837 , 0.075 , 17.11 , 185.29
1798 , 9631 , 244.10 , -67.1 , 50 , 20.87 , 1.895 , 0.078 , 17.22 , 185.18
1808 , 9673 , 242.40 , -66.8 , 49 , 20.81 , 1.902 , 0.078 , 17.32 , 185.08
1818 , 9718 , 240.59 , -66.7 , 49 , 20.75 , 2.008 , 0.083 , 17.44 , 184.96
1828 , 9765 , 238.74 , -66.7 , 48 , 20.69 , 2.137 , 0.090 , 17.56 , 184.84
1838 , 9811 , 236.94 , -66.4 , 47 , 20.63 , 2.324 , 0.098 , 17.70 , 184.70
1848 , 9852 , 235.34 , -66.0 , 44 , 20.57 , 2.562 , 0.109 , 17.83 , 184.57
1858 , 9891 , 233.82 , -65.9 , 41 , 20.50 , 2.796 , 0.120 , 17.96 , 184.44
1868 , 9931 , 232.27 , -65.5 , 37 , 20.43 , 3.190 , 0.137 , 18.12 , 184.28
1878 , 9970 , 230.81 , -65.2 , 34 , 20.38 , 3.813 , 0.165 , 18.29 , 184.10
1888 , 10012 , 229.20 , -65.2 , 31 , 20.32 , 4.049 , 0.177 , 18.51 , 183.89
1898 , 10056 , 227.57 , -65.0 , 28 , 20.27 , 4.302 , 0.189 , 18.75 , 183.65
1908 , 10101 , 225.89 , -64.7 , 25 , 20.21 , 4.514 , 0.200 , 19.00 , 183.39
1918 , 10142 , 224.35 , -64.5 , 23 , 20.14 , 4.685 , 0.209 , 19.25 , 183.15
1928 , 10185 , 222.79 , -64.5 , 21 , 20.08 , 4.838 , 0.217 , 19.51 , 182.88
1938 , 10228 , 221.22 , -64.5 , 20 , 20.03 , 4.887 , 0.221 , 19.79 , 182.61
1948 , 10271 , 219.69 , -64.7 , 18 , 19.97 , 4.903 , 0.223 , 20.05 , 182.34
1958 , 10315 , 218.11 , -64.7 , 17 , 19.92 , 4.903 , 0.225 , 20.33 , 182.07
1968 , 10361 , 216.47 , -65.0 , 17 , 19.86 , 4.934 , 0.228 , 20.63 , 181.77
1978 , 10408 , 214.79 , -65.4 , 16 , 19.80 , 4.948 , 0.230 , 20.93 , 181.47
1988 , 10454 , 213.17 , -65.6 , 15 , 19.74 , 4.962 , 0.233 , 21.23 , 181.17
1998 , 10499 , 211.59 , -65.8 , 15 , 19.69 , 5.013 , 0.237 , 21.52 , 180.88
2008 , 10543 , 210.09 , -65.8 , 15 , 19.64 , 5.075 , 0.242 , 21.80 , 180.60
2018 , 10587 , 208.57 , -65.9 , 15 , 19.58 , 5.100 , 0.245 , 22.09 , 180.30
2028 , 10630 , 207.08 , -66.2 , 14 , 19.53 , 5.164 , 0.249 , 22.38 , 180.01
2037 , 10673 , 205.62 , -66.1 , 13 , 19.48 , 5.340 , 0.260 , 22.68 , 179.72
2047 , 10716 , 204.16 , -66.2 , 12 , 19.43 , 5.468 , 0.268 , 22.98 , 179.42
2057 , 10765 , 202.52 , -66.2 , 11 , 19.37 , 5.537 , 0.273 , 23.33 , 179.07
2067 , 10814 , 200.88 , -66.1 , 11 , 19.32 , 5.613 , 0.279 , 23.69 , 178.71
2077 , 10861 , 199.35 , -66.0 , 10 , 19.26 , 5.654 , 0.284 , 24.03 , 178.37
2087 , 10905 , 197.90 , -66.3 , 10 , 19.21 , 5.610 , 0.283 , 24.35 , 178.04
2097 , 10948 , 196.49 , -66.3 , 9 , 19.15 , 5.585 , 0.284 , 24.67 , 177.73
2107 , 10992 , 195.07 , -66.2 , 9 , 19.10 , 5.567 , 0.285 , 24.99 , 177.41
2117 , 11034 , 193.73 , -66.2 , 8 , 19.05 , 5.583 , 0.288 , 25.29 , 177.11
2127 , 11076 , 192.38 , -66.2 , 8 , 18.99 , 5.638 , 0.293 , 25.60 , 176.80
2137 , 11118 , 191.06 , -66.0 , 8 , 18.93 , 5.726 , 0.300 , 25.91 , 176.49
2147 , 11159 , 189.77 , -66.1 , 8 , 18.88 , 5.743 , 0.303 , 26.22 , 176.18
2157 , 11205 , 188.32 , -66.0 , 7 , 18.82 , 5.725 , 0.304 , 26.56 , 175.83
2167 , 11254 , 186.81 , -65.6 , 7 , 18.77 , 5.720 , 0.306 , 26.93 , 175.47
2177 , 11298 , 185.48 , -65.6 , 7 , 18.71 , 5.747 , 0.310 , 27.25 , 175.15
2187 , 11341 , 184.16 , -65.8 , 6 , 18.67 , 5.751 , 0.312 , 27.58 , 174.82
2197 , 11385 , 182.84 , -65.8 , 6 , 18.61 , 5.719 , 0.313 , 27.90 , 174.50
2207 , 11428 , 181.53 , -66.0 , 6 , 18.56 , 5.708 , 0.314 , 28.22 , 174.17
2217 , 11475 , 180.13 , -66.0 , 6 , 18.49 , 5.701 , 0.317 , 28.57 , 173.82
2227 , 11524 , 178.69 , -66.2 , 5 , 18.42 , 5.724 , 0.320 , 28.93 , 173.46
2237 , 11571 , 177.31 , -66.4 , 5 , 18.37 , 5.702 , 0.322 , 29.28 , 173.11
2247 , 11615 , 176.02 , -66.6 , 5 , 18.31 , 5.684 , 0.323 , 29.61 , 172.78
2257 , 11662 , 174.67 , -66.8 , 5 , 18.25 , 5.667 , 0.324 , 29.96 , 172.44
2267 , 11707 , 173.37 , -66.8 , 5 , 18.20 , 5.622 , 0.324 , 30.29 , 172.11
2277 , 11752 , 172.07 , -66.9 , 5 , 18.14 , 5.589 , 0.325 , 30.62 , 171.77
2287 , 11796 , 170.82 , -67.1 , 5 , 18.10 , 5.552 , 0.325 , 30.94 , 171.45
2297 , 11841 , 169.56 , -67.2 , 5 , 18.05 , 5.534 , 0.326 , 31.27 , 171.13
2306 , 11882 , 168.39 , -67.1 , 5 , 18.00 , 5.510 , 0.327 , 31.57 , 170.83
2316 , 11924 , 167.24 , -67.2 , 5 , 17.95 , 5.510 , 0.329 , 31.87 , 170.53
2326 , 11968 , 166.03 , -67.2 , 5 , 17.90 , 5.466 , 0.329 , 32.18 , 170.21
2336 , 12010 , 164.86 , -67.2 , 5 , 17.85 , 5.467 , 0.332 , 32.49 , 169.91
2345 , 12051 , 163.75 , -67.2 , 4 , 17.80 , 5.448 , 0.333 , 32.78 , 169.62
2355 , 12092 , 162.64 , -67.0 , 4 , 17.76 , 5.457 , 0.336 , 33.07 , 169.33
2365 , 12133 , 161.53 , -67.0 , 4 , 17.72 , 5.493 , 0.340 , 33.37 , 169.03
2375 , 12174 , 160.44 , -67.2 , 4 , 17.67 , 5.485 , 0.342 , 33.66 , 168.74
2385 , 12217 , 159.31 , -67.4 , 4 , 17.62 , 5.474 , 0.344 , 33.97 , 168.43
2395 , 12258 , 158.23 , -67.7 , 4 , 17.58 , 5.469 , 0.346 , 34.26 , 168.14
2405 , 12299 , 157.15 , -67.6 , 4 , 17.52 , 5.413 , 0.344 , 34.55 , 167.84
2415 , 12341 , 156.04 , -67.6 , 4 , 17.46 , 5.425 , 0.348 , 34.86 , 167.54
2425 , 12383 , 154.98 , -67.7 , 4 , 17.41 , 5.406 , 0.349 , 35.15 , 167.25
2435 , 12423 , 153.93 , -67.7 , 4 , 17.36 , 5.414 , 0.352 , 35.44 , 166.96
2445 , 12461 , 152.96 , -67.7 , 4 , 17.31 , 5.365 , 0.351 , 35.71 , 166.69
2455 , 12502 , 151.94 , -67.3 , 4 , 17.26 , 5.301 , 0.349 , 35.99 , 166.41
2465 , 12544 , 150.88 , -67.2 , 4 , 17.21 , 5.233 , 0.347 , 36.28 , 166.12
2475 , 12587 , 149.82 , -67.3 , 4 , 17.17 , 5.167 , 0.345 , 36.57 , 165.83
2485 , 12628 , 148.78 , -67.5 , 3 , 17.12 , 5.084 , 0.342 , 36.85 , 165.55
2494 , 12668 , 147.80 , -67.4 , 3 , 17.08 , 5.043 , 0.341 , 37.12 , 165.28
2504 , 12713 , 146.70 , -67.6 , 3 , 17.03 , 5.040 , 0.344 , 37.41 , 164.99
2514 , 12759 , 145.59 , -67.5 , 3 , 16.98 , 4.980 , 0.342 , 37.71 , 164.68
2524 , 12804 , 144.49 , -67.3 , 3 , 16.93 , 4.974 , 0.344 , 38.01 , 164.39
2534 , 12848 , 143.46 , -67.4 , 3 , 16.88 , 4.994 , 0.348 , 38.29 , 164.11
2544 , 12892 , 142.41 , -67.6 , 3 , 16.83 , 5.006 , 0.352 , 38.58 , 163.82
2554 , 12936 , 141.37 , -67.7 , 3 , 16.78 , 4.986 , 0.353 , 38.87 , 163.53
2564 , 12980 , 140.33 , -67.7 , 3 , 16.74 , 4.924 , 0.351 , 39.16 , 163.24
2574 , 13024 , 139.31 , -67.8 , 3 , 16.69 , 4.829 , 0.347 , 39.44 , 162.96
2584 , 13068 , 138.29 , -67.8 , 3 , 16.64 , 4.742 , 0.343 , 39.72 , 162.68
2594 , 13115 , 137.22 , -67.7 , 3 , 16.59 , 4.642 , 0.338 , 40.01 , 162.39
2604 , 13164 , 136.11 , -67.8 , 3 , 16.55 , 4.562 , 0.335 , 40.30 , 162.10
2614 , 13213 , 135.01 , -68.0 , 3 , 16.51 , 4.443 , 0.329 , 40.59 , 161.81
2624 , 13257 , 134.02 , -68.1 , 3 , 16.47 , 4.337 , 0.324 , 40.84 , 161.56
2634 , 13302 , 133.02 , -68.3 , 3 , 16.43 , 4.280 , 0.322 , 41.10 , 161.30
2643 , 13345 , 132.07 , -68.2 , 2 , 16.39 , 4.237 , 0.321 , 41.34 , 161.06
2653 , 13390 , 131.07 , -68.1 , 3 , 16.34 , 4.188 , 0.319 , 41.59 , 160.81
2663 , 13436 , 130.08 , -68.2 , 2 , 16.30 , 4.124 , 0.317 , 41.84 , 160.56
2673 , 13478 , 129.17 , -68.2 , 2 , 16.25 , 4.112 , 0.318 , 42.07 , 160.33
2683 , 13519 , 128.29 , -68.1 , 2 , 16.21 , 4.178 , 0.326 , 42.29 , 160.11
2693 , 13561 , 127.40 , -68.2 , 3 , 16.16 , 4.191 , 0.329 , 42.52 , 159.88
2703 , 13604 , 126.48 , -68.3 , 3 , 16.11 , 4.113 , 0.325 , 42.76 , 159.64
2713 , 13649 , 125.54 , -68.3 , 3 , 16.06 , 3.964 , 0.316 , 43.00 , 159.40
2723 , 13693 , 124.63 , -68.2 , 2 , 16.02 , 3.917 , 0.314 , 43.22 , 159.17
2733 , 13736 , 123.74 , -68.2 , 2 , 15.97 , 3.869 , 0.313 , 43.44 , 158.95
2743 , 13780 , 122.84 , -68.0 , 2 , 15.92 , 3.820 , 0.311 , 43.67 , 158.73
2753 , 13826 , 121.90 , -67.7 , 2 , 15.89 , 3.775 , 0.310 , 43.90 , 158.50
2763 , 13872 , 120.97 , -67.8 , 2 , 15.85 , 3.631 , 0.300 , 44.12 , 158.28
2773 , 13914 , 120.13 , -67.9 , 2 , 15.82 , 3.495 , 0.291 , 44.32 , 158.08
2783 , 13956 , 119.28 , -68.0 , 2 , 15.78 , 3.405 , 0.285 , 44.51 , 157.89
2793 , 14000 , 118.40 , -68.2 , 2 , 15.74 , 3.323 , 0.281 , 44.70 , 157.69
2803 , 14047 , 117.50 , -68.3 , 2 , 15.69 , 3.248 , 0.276 , 44.90 , 157.49
2813 , 14095 , 116.55 , -68.7 , 2 , 15.65 , 3.203 , 0.275 , 45.11 , 157.29
2823 , 14141 , 115.65 , -68.7 , 2 , 15.60 , 3.141 , 0.272 , 45.30 , 157.09
2833 , 14188 , 114.76 , -68.6 , 2 , 15.56 , 3.030 , 0.264 , 45.49 , 156.91
2843 , 14236 , 113.85 , -68.6 , 2 , 15.51 , 2.892 , 0.254 , 45.68 , 156.72
2853 , 14284 , 112.93 , -68.8 , 2 , 15.47 , 2.741 , 0.243 , 45.86 , 156.54
2863 , 14331 , 112.05 , -68.9 , 2 , 15.42 , 2.656 , 0.237 , 46.03 , 156.37
2873 , 14377 , 111.18 , -69.3 , 2 , 15.37 , 2.587 , 0.233 , 46.19 , 156.21
2883 , 14423 , 110.33 , -69.5 , 2 , 15.32 , 2.507 , 0.227 , 46.34 , 156.06
2893 , 14467 , 109.52 , -69.8 , 2 , 15.27 , 2.395 , 0.219 , 46.48 , 155.92
2903 , 14511 , 108.72 , -69.9 , 2 , 15.22 , 2.289 , 0.211 , 46.62 , 155.78
2913 , 14555 , 107.91 , -70.1 , 2 , 15.18 , 2.176 , 0.202 , 46.75 , 155.65
2923 , 14600 , 107.09 , -70.4 , 2 , 15.13 , 2.102 , 0.196 , 46.88 , 155.52
2933 , 14647 , 106.25 , -70.4 , 2 , 15.08 , 2.075 , 0.195 , 47.01 , 155.39
2943 , 14694 , 105.42 , -70.3 , 2 , 15.03 , 2.055 , 0.195 , 47.14 , 155.26
2953 , 14740 , 104.60 , -70.4 , 2 , 14.98 , 2.035 , 0.195 , 47.26 , 155.14
2962 , 14783 , 103.84 , -70.4 , 2 , 14.94 , 2.019 , 0.194 , 47.38 , 155.02
2972 , 14827 , 103.08 , -70.2 , 2 , 14.89 , 2.008 , 0.195 , 47.50 , 154.90
2982 , 14874 , 102.27 , -70.1 , 2 , 14.84 , 1.973 , 0.193 , 47.62 , 154.78
2992 , 14918 , 101.51 , -70.3 , 2 , 14.78 , 1.950 , 0.192 , 47.74 , 154.66
3002 , 14965 , 100.71 , -70.6 , 2 , 14.73 , 1.930 , 0.192 , 47.86 , 154.54
3012 , 15012 , 99.91 , -70.7 , 2 , 14.68 , 1.892 , 0.189 , 47.98 , 154.42
3022 , 15058 , 99.14 , -70.6 , 2 , 14.62 , 1.865 , 0.188 , 48.09 , 154.31
3032 , 15104 , 98.38 , -70.4 , 2 , 14.57 , 1.814 , 0.184 , 48.20 , 154.20
3042 , 15148 , 97.65 , -69.5 , 1 , 14.52 , 1.694 , 0.173 , 48.31 , 154.09
3052 , 15194 , 96.90 , -69.1 , 2 , 14.47 , 1.590 , 0.164 , 48.41 , 153.99
3062 , 15242 , 96.12 , -68.8 , 1 , 14.42 , 1.521 , 0.158 , 48.51 , 153.89
3072 , 15289 , 95.38 , -68.3 , 1 , 14.37 , 1.498 , 0.157 , 48.60 , 153.80
3082 , 15335 , 94.64 , -67.9 , 1 , 14.32 , 1.540 , 0.163 , 48.69 , 153.71
3092 , 15382 , 93.91 , -67.7 , 1 , 14.27 , 1.700 , 0.181 , 48.79 , 153.61
3102 , 15432 , 93.13 , -67.5 , 1 , 14.22 , 1.948 , 0.209 , 48.91 , 153.49
3112 , 15478 , 92.43 , -67.1 , 1 , 14.17 , 2.218 , 0.240 , 49.03 , 153.36
3122 , 15524 , 91.72 , -66.9 , 1 , 14.12 , 2.491 , 0.272 , 49.18 , 153.22
3132 , 15571 , 91.01 , -67.1 , 1 , 14.08 , 2.603 , 0.286 , 49.33 , 153.06
3142 , 15615 , 90.34 , -67.3 , 1 , 14.04 , 2.642 , 0.292 , 49.49 , 152.91
3152 , 15662 , 89.64 , -67.4 , 1 , 13.99 , 2.717 , 0.303 , 49.65 , 152.75
3162 , 15712 , 88.90 , -67.6 , 1 , 13.94 , 2.957 , 0.333 , 49.84 , 152.56
3172 , 15757 , 88.25 , -67.5 , 1 , 13.89 , 3.418 , 0.387 , 50.02 , 152.38
3182 , 15799 , 87.63 , -67.2 , 1 , 13.84 , 3.932 , 0.449 , 50.23 , 152.17
3192 , 15844 , 86.98 , -67.3 , 1 , 13.79 , 4.291 , 0.493 , 50.47 , 151.93
3202 , 15890 , 86.31 , -67.6 , 1 , 13.75 , 4.300 , 0.498 , 50.73 , 151.67
3212 , 15940 , 85.60 , -67.9 , 1 , 13.70 , 4.150 , 0.485 , 51.00 , 151.40
3222 , 15992 , 84.86 , -68.3 , 1 , 13.66 , 3.946 , 0.465 , 51.28 , 151.12
3232 , 16045 , 84.11 , -68.1 , 1 , 13.61 , 3.711 , 0.441 , 51.55 , 150.85
3242 , 16099 , 83.36 , -67.7 , 1 , 13.57 , 3.627 , 0.435 , 51.81 , 150.59
3252 , 16151 , 82.65 , -67.6 , 1 , 13.52 , 3.547 , 0.429 , 52.05 , 150.35
3261 , 16201 , 81.96 , -67.8 , 1 , 13.48 , 3.428 , 0.418 , 52.28 , 150.12
3271 , 16251 , 81.29 , -68.1 , 1 , 13.44 , 3.274 , 0.403 , 52.50 , 149.90
3281 , 16305 , 80.56 , -68.4 , 1 , 13.39 , 3.166 , 0.393 , 52.73 , 149.67
3291 , 16358 , 79.84 , -68.4 , 1 , 13.35 , 3.018 , 0.378 , 52.95 , 149.45
3301 , 16412 , 79.13 , -68.3 , 1 , 13.30 , 2.815 , 0.356 , 53.15 , 149.25
3311 , 16462 , 78.48 , -67.9 , 1 , 13.25 , 2.644 , 0.337 , 53.33 , 149.07
3321 , 16512 , 77.82 , -67.9 , 1 , 13.21 , 2.553 , 0.328 , 53.50 , 148.89
3331 , 16558 , 77.23 , -68.1 , 1 , 13.17 , 2.503 , 0.324 , 53.66 , 148.74
3341 , 16604 , 76.63 , -67.8 , 1 , 13.12 , 2.402 , 0.313 , 53.81 , 148.59
3351 , 16650 , 76.05 , -67.6 , 1 , 13.08 , 2.294 , 0.302 , 53.95 , 148.45
3361 , 16698 , 75.45 , -67.0 , 1 , 13.04 , 2.324 , 0.308 , 54.09 , 148.31
3371 , 16746 , 74.86 , -66.4 , 1 , 13.00 , 2.543 , 0.340 , 54.24 , 148.15
3381 , 16792 , 74.29 , -66.2 , 1 , 12.96 , 2.699 , 0.363 , 54.40 , 148.00
3391 , 16840 , 73.70 , -66.2 , 1 , 12.92 , 2.830 , 0.384 , 54.57 , 147.82
3401 , 16888 , 73.12 , -66.0 , 1 , 12.87 , 3.055 , 0.418 , 54.76 , 147.64
3411 , 16935 , 72.55 , -65.9 , 1 , 12.83 , 3.219 , 0.444 , 54.95 , 147.45
3421 , 16982 , 72.00 , -65.7 , 1 , 12.79 , 3.116 , 0.433 , 55.14 , 147.26
3431 , 17027 , 71.46 , -65.5 , 1 , 12.75 , 3.015 , 0.422 , 55.32 , 147.07
3441 , 17076 , 70.89 , -65.0 , 0 , 12.71 , 3.228 , 0.455 , 55.52 , 146.88
3451 , 17125 , 70.33 , -64.9 , 1 , 12.67 , 3.618 , 0.514 , 55.74 , 146.66
3461 , 17174 , 69.76 , -64.7 , 1 , 12.63 , 3.891 , 0.558 , 55.98 , 146.42
3471 , 17223 , 69.21 , -64.4 , 1 , 12.58 , 4.099 , 0.592 , 56.23 , 146.17
3481 , 17271 , 68.66 , -64.5 , 1 , 12.55 , 4.189 , 0.610 , 56.49 , 145.91
3491 , 17320 , 68.11 , -64.5 , 1 , 12.51 , 4.096 , 0.601 , 56.75 , 145.65
3501 , 17369 , 67.57 , -64.9 , 0 , 12.47 , 3.913 , 0.579 , 57.00 , 145.39
3511 , 17420 , 67.00 , -64.7 , 0 , 12.43 , 3.703 , 0.553 , 57.26 , 145.14
3521 , 17470 , 66.45 , -64.8 , 0 , 12.40 , 3.481 , 0.524 , 57.49 , 144.91
3531 , 17521 , 65.90 , -64.5 , 0 , 12.36 , 3.188 , 0.484 , 57.71 , 144.69
3541 , 17573 , 65.35 , -64.6 , 0 , 12.33 , 2.931 , 0.449 , 57.91 , 144.49
3551 , 17624 , 64.80 , -64.7 , 0 , 12.30 , 2.764 , 0.427 , 58.10 , 144.30
3561 , 17674 , 64.28 , -65.1 , 0 , 12.26 , 2.642 , 0.411 , 58.27 , 144.12
3570 , 17721 , 63.78 , -64.9 , 0 , 12.23 , 2.543 , 0.399 , 58.43 , 143.96
3579 , 17765 , 63.32 , -64.8 , 0 , 12.21 , 2.475 , 0.391 , 58.58 , 143.82
3589 , 17811 , 62.84 , -64.9 , 0 , 12.18 , 2.405 , 0.383 , 58.72 , 143.68
3599 , 17863 , 62.31 , -65.0 , 0 , 12.14 , 2.398 , 0.385 , 58.88 , 143.52
3609 , 17914 , 61.79 , -65.4 , 0 , 12.11 , 2.405 , 0.389 , 59.04 , 143.36
3619 , 17963 , 61.30 , -65.0 , 0 , 12.08 , 2.448 , 0.399 , 59.20 , 143.20
3629 , 18014 , 60.79 , -64.5 , 0 , 12.05 , 2.600 , 0.428 , 59.36 , 143.04
3639 , 18062 , 60.31 , -64.0 , 0 , 12.02 , 2.811 , 0.466 , 59.53 , 142.87
3649 , 18112 , 59.82 , -63.9 , 0 , 11.99 , 3.004 , 0.502 , 59.72 , 142.68
3659 , 18161 , 59.34 , -63.9 , 0 , 11.95 , 3.177 , 0.535 , 59.91 , 142.48
3669 , 18212 , 58.85 , -64.0 , 0 , 11.92 , 3.311 , 0.563 , 60.13 , 142.27
3679 , 18261 , 58.38 , -64.1 , 0 , 11.89 , 3.407 , 0.584 , 60.34 , 142.06
3689 , 18312 , 57.90 , -63.9 , 0 , 11.86 , 3.507 , 0.606 , 60.57 , 141.83
3699 , 18362 , 57.43 , -63.2 , 0 , 11.83 , 3.659 , 0.637 , 60.79 , 141.60
3709 , 18413 , 56.95 , -62.7 , 0 , 11.80 , 3.930 , 0.690 , 61.04 , 141.35
3719 , 18464 , 56.49 , -62.7 , 0 , 11.77 , 4.200 , 0.744 , 61.31 , 141.09
3729 , 18515 , 56.02 , -62.3 , 0 , 11.75 , 4.431 , 0.791 , 61.59 , 140.81
3739 , 18562 , 55.59 , -62.1 , 0 , 11.72 , 4.497 , 0.809 , 61.86 , 140.54
3749 , 18611 , 55.15 , -62.3 , 0 , 11.69 , 4.449 , 0.807 , 62.14 , 140.26
3758 , 18658 , 54.73 , -62.4 , 0 , 11.67 , 4.374 , 0.799 , 62.41 , 139.99
3768 , 18706 , 54.31 , -62.4 , 0 , 11.65 , 4.267 , 0.786 , 62.67 , 139.73
3778 , 18756 , 53.88 , -62.0 , 0 , 11.62 , 4.213 , 0.782 , 62.94 , 139.46
3788 , 18806 , 53.44 , -61.9 , 0 , 11.60 , 4.144 , 0.775 , 63.21 , 139.19
3798 , 18856 , 53.01 , -61.3 , 0 , 11.58 , 4.024 , 0.759 , 63.47 , 138.93
3808 , 18907 , 52.58 , -61.1 , 0 , 11.55 , 3.832 , 0.729 , 63.72 , 138.68
3818 , 18958 , 52.14 , -60.9 , 0 , 11.53 , 3.571 , 0.685 , 63.96 , 138.43
3828 , 19010 , 51.71 , -60.5 , 0 , 11.50 , 3.322 , 0.642 , 64.19 , 138.21
3838 , 19060 , 51.30 , -60.5 , 0 , 11.48 , 3.102 , 0.605 , 64.39 , 138.00
3848 , 19111 , 50.88 , -60.7 , 0 , 11.45 , 2.965 , 0.583 , 64.59 , 137.81
3858 , 19163 , 50.45 , -60.5 , 0 , 11.43 , 2.922 , 0.579 , 64.79 , 137.61
3868 , 19213 , 50.05 , -60.3 , 0 , 11.40 , 3.025 , 0.604 , 64.97 , 137.42
3877 , 19261 , 49.67 , -60.3 , 0 , 11.38 , 3.236 , 0.651 , 65.16 , 137.24
3886 , 19306 , 49.31 , -60.3 , 0 , 11.36 , 3.452 , 0.700 , 65.35 , 137.04
3896 , 19355 , 48.93 , -60.1 , 0 , 11.34 , 3.751 , 0.767 , 65.58 , 136.82
3906 , 19407 , 48.52 , -60.1 , 0 , 11.32 , 4.159 , 0.857 , 65.84 , 136.56
3916 , 19460 , 48.11 , -59.8 , 0 , 11.30 , 4.587 , 0.953 , 66.13 , 136.27
3926 , 19514 , 47.70 , -59.6 , 0 , 11.28 , 4.972 , 1.043 , 66.45 , 135.94
3936 , 19566 , 47.30 , -59.4 , 0 , 11.26 , 5.328 , 1.127 , 66.80 , 135.60
3946 , 19621 , 46.88 , -59.1 , 0 , 11.24 , 5.622 , 1.199 , 67.17 , 135.22
3956 , 19673 , 46.49 , -59.0 , 0 , 11.22 , 5.902 , 1.269 , 67.56 , 134.84
3966 , 19728 , 46.09 , -59.0 , 0 , 11.19 , 6.109 , 1.325 , 67.96 , 134.43
3976 , 19780 , 45.71 , -59.1 , 0 , 11.17 , 6.240 , 1.365 , 68.38 , 134.02
3986 , 19832 , 45.33 , -58.7 , 0 , 11.15 , 6.313 , 1.393 , 68.78 , 133.61
3996 , 19886 , 44.95 , -58.6 , 0 , 11.13 , 6.432 , 1.431 , 69.21 , 133.19
4006 , 19939 , 44.57 , -58.5 , 0 , 11.11 , 6.454 , 1.448 , 69.64 , 132.76
4016 , 19990 , 44.21 , -58.0 , 0 , 11.09 , 6.449 , 1.459 , 70.06 , 132.34
4026 , 20040 , 43.86 , -57.5 , 0 , 11.07 , 6.441 , 1.469 , 70.46 , 131.93
4036 , 20092 , 43.50 , -57.1 , 0 , 11.05 , 6.511 , 1.497 , 70.88 , 131.51
4046 , 20141 , 43.16 , -56.2 , 0 , 11.03 , 6.657 , 1.542 , 71.29 , 131.11
4056 , 20192 , 42.82 , -55.4 , 0 , 11.01 , 6.813 , 1.591 , 71.71 , 130.69
4066 , 20241 , 42.49 , -54.9 , 0 , 10.99 , 6.953 , 1.636 , 72.13 , 130.27
4076 , 20291 , 42.16 , -54.6 , 0 , 10.96 , 7.041 , 1.670 , 72.56 , 129.84
4086 , 20340 , 41.84 , -54.8 , 0 , 10.94 , 7.114 , 1.701 , 72.99 , 129.41
4096 , 20393 , 41.49 , -54.9 , 0 , 10.92 , 7.146 , 1.722 , 73.45 , 128.94
4106 , 20446 , 41.15 , -54.5 , 0 , 10.89 , 7.220 , 1.755 , 73.92 , 128.48
4116 , 20497 , 40.82 , -54.2 , 0 , 10.86 , 7.255 , 1.777 , 74.38 , 128.02
4126 , 20550 , 40.48 , -54.2 , 0 , 10.83 , 7.325 , 1.809 , 74.86 , 127.54
4136 , 20601 , 40.16 , -54.0 , 0 , 10.81 , 7.330 , 1.825 , 75.32 , 127.08
4146 , 20656 , 39.83 , -52.9 , 0 , 10.78 , 7.403 , 1.859 , 75.81 , 126.59
4156 , 20711 , 39.49 , -52.8 , 0 , 10.75 , 7.477 , 1.894 , 76.31 , 126.09
4166 , 20768 , 39.14 , -53.1 , 0 , 10.73 , 7.525 , 1.923 , 76.84 , 125.56
4175 , 20820 , 38.83 , -53.1 , 0 , 10.70 , 7.543 , 1.943 , 77.31 , 125.09
4185 , 20874 , 38.50 , -52.7 , 0 , 10.68 , 7.583 , 1.969 , 77.81 , 124.58
4195 , 20930 , 38.17 , -52.4 , 0 , 10.66 , 7.630 , 1.999 , 78.34 , 124.06
4205 , 20986 , 37.84 , -51.8 , 0 , 10.65 , 7.748 , 2.048 , 78.86 , 123.54
4215 , 21039 , 37.53 , -51.4 , 0 , 10.63 , 7.908 , 2.107 , 79.36 , 123.04
4225 , 21093 , 37.22 , -51.3 , 0 , 10.61 , 8.035 , 2.159 , 79.89 , 122.51
4235 , 21146 , 36.92 , -51.4 , 0 , 10.60 , 8.155 , 2.209 , 80.41 , 121.99
4245 , 21202 , 36.60 , -51.4 , 0 , 10.58 , 8.208 , 2.243 , 80.96 , 121.44
4255 , 21252 , 36.32 , -51.1 , 0 , 10.56 , 8.315 , 2.289 , 81.47 , 120.93
4265 , 21307 , 36.01 , -50.8 , 0 , 10.54 , 8.470 , 2.352 , 82.03 , 120.37
4275 , 21361 , 35.72 , -50.5 , 0 , 10.52 , 8.584 , 2.403 , 82.59 , 119.81
4285 , 21413 , 35.43 , -50.1 , 0 , 10.51 , 8.715 , 2.460 , 83.14 , 119.26
4295 , 21467 , 35.14 , -50.0 , 0 , 10.48 , 8.839 , 2.515 , 83.71 , 118.69
4305 , 21521 , 34.85 , -49.6 , 0 , 10.46 , 8.964 , 2.572 , 84.28 , 118.12
4315 , 21572 , 34.58 , -49.3 , 0 , 10.43 , 9.075 , 2.624 , 84.84 , 117.55
4325 , 21624 , 34.31 , -49.4 , 0 , 10.41 , 9.128 , 2.660 , 85.41 , 116.99
4335 , 21676 , 34.04 , -48.8 , 0 , 10.38 , 9.165 , 2.692 , 85.98 , 116.42
4345 , 21731 , 33.76 , -47.9 , 0 , 10.36 , 9.223 , 2.732 , 86.58 , 115.82
4355 , 21784 , 33.48 , -47.2 , 0 , 10.33 , 9.289 , 2.774 , 87.17 , 115.23
4365 , 21838 , 33.21 , -47.0 , 0 , 10.31 , 9.308 , 2.803 , 87.78 , 114.62
4375 , 21893 , 32.94 , -47.5 , 0 , 10.28 , 9.290 , 2.821 , 88.38 , 114.02
4385 , 21945 , 32.68 , -47.9 , 0 , 10.26 , 9.203 , 2.816 , 88.96 , 113.44
4395 , 22001 , 32.40 , -48.2 , 0 , 10.23 , 9.199 , 2.839 , 89.57 , 112.82
4404 , 22054 , 32.14 , -48.1 , 0 , 10.21 , 9.186 , 2.858 , 90.16 , 112.24
4414 , 22105 , 31.90 , -47.6 , 0 , 10.18 , 9.152 , 2.869 , 90.71 , 111.68
4424 , 22161 , 31.63 , -47.6 , 0 , 10.16 , 9.108 , 2.880 , 91.33 , 111.07
4434 , 22216 , 31.36 , -47.3 , 0 , 10.13 , 9.091 , 2.899 , 91.93 , 110.47
4444 , 22270 , 31.11 , -46.6 , 0 , 10.11 , 9.098 , 2.924 , 92.51 , 109.89
4454 , 22324 , 30.86 , -46.3 , 0 , 10.09 , 9.118 , 2.955 , 93.10 , 109.30
4464 , 22378 , 30.61 , -46.2 , 0 , 10.06 , 9.172 , 2.996 , 93.68 , 108.72
4474 , 22431 , 30.36 , -46.2 , 0 , 10.04 , 9.251 , 3.047 , 94.27 , 108.13
4484 , 22488 , 30.10 , -46.2 , 0 , 10.02 , 9.448 , 3.139 , 94.90 , 107.50
4493 , 22538 , 29.88 , -45.6 , 0 , 9.99 , 9.625 , 3.221 , 95.46 , 106.93
4503 , 22587 , 29.66 , -45.1 , 0 , 9.97 , 9.749 , 3.287 , 96.03 , 106.37
4513 , 22638 , 29.43 , -44.9 , 0 , 9.95 , 9.842 , 3.344 , 96.62 , 105.78
4523 , 22694 , 29.19 , -44.3 , 0 , 9.93 , 9.911 , 3.396 , 97.26 , 105.13
4533 , 22745 , 28.97 , -43.7 , 0 , 9.91 , 9.845 , 3.398 , 97.86 , 104.54
4543 , 22799 , 28.74 , -42.9 , 0 , 9.88 , 9.784 , 3.405 , 98.48 , 103.91
4552 , 22851 , 28.52 , -41.9 , 0 , 9.86 , 9.811 , 3.441 , 99.08 , 103.32
4562 , 22904 , 28.29 , -41.4 , 0 , 9.84 , 9.835 , 3.476 , 99.68 , 102.71
4572 , 22961 , 28.06 , -41.1 , 0 , 9.82 , 9.856 , 3.513 , 100.33 , 102.07
4582 , 23016 , 27.83 , -40.9 , 0 , 9.79 , 9.899 , 3.557 , 100.96 , 101.43
4592 , 23071 , 27.61 , -41.0 , 0 , 9.77 , 9.889 , 3.582 , 101.60 , 100.80
4602 , 23127 , 27.38 , -40.7 , 0 , 9.74 , 9.916 , 3.622 , 102.25 , 100.15
4612 , 23182 , 27.16 , -40.6 , 0 , 9.72 , 9.933 , 3.658 , 102.88 , 99.52
4622 , 23239 , 26.93 , -40.7 , 0 , 9.69 , 9.884 , 3.670 , 103.54 , 98.86
4632 , 23295 , 26.71 , -40.7 , 0 , 9.67 , 9.842 , 3.685 , 104.17 , 98.23
4642 , 23350 , 26.50 , -41.0 , 0 , 9.65 , 9.809 , 3.702 , 104.80 , 97.60
4652 , 23408 , 26.27 , -40.6 , 0 , 9.63 , 9.773 , 3.720 , 105.46 , 96.93
4662 , 23464 , 26.06 , -40.6 , 0 , 9.61 , 9.720 , 3.730 , 106.09 , 96.31
4672 , 23517 , 25.85 , -40.5 , 0 , 9.59 , 9.691 , 3.748 , 106.69 , 95.71
4682 , 23574 , 25.64 , -40.3 , 0 , 9.56 , 9.655 , 3.765 , 107.32 , 95.07
4692 , 23631 , 25.43 , -39.9 , 0 , 9.54 , 9.611 , 3.780 , 107.96 , 94.44
4702 , 23684 , 25.23 , -38.7 , 0 , 9.53 , 9.524 , 3.775 , 108.55 , 93.85
4712 , 23744 , 25.01 , -37.5 , 0 , 9.51 , 9.522 , 3.807 , 109.20 , 93.20
4722 , 23800 , 24.81 , -36.7 , 0 , 9.49 , 9.469 , 3.817 , 109.81 , 92.59
4732 , 23856 , 24.61 , -36.6 , 0 , 9.47 , 9.477 , 3.851 , 110.41 , 91.99
4742 , 23915 , 24.40 , -36.6 , 0 , 9.46 , 9.528 , 3.905 , 111.06 , 91.34
4752 , 23972 , 24.20 , -36.7 , 0 , 9.44 , 9.561 , 3.951 , 111.67 , 90.73
4762 , 24028 , 24.00 , -36.4 , 0 , 9.43 , 9.495 , 3.956 , 112.29 , 90.11
4772 , 24086 , 23.80 , -36.1 , 0 , 9.42 , 9.479 , 3.982 , 112.91 , 89.49
4782 , 24145 , 23.60 , -35.7 , 0 , 9.40 , 9.485 , 4.019 , 113.54 , 88.86
4792 , 24197 , 23.43 , -35.5 , 0 , 9.39 , 9.468 , 4.041 , 114.10 , 88.29
4801 , 24250 , 23.25 , -35.5 , 0 , 9.38 , 9.435 , 4.058 , 114.67 , 87.73
4811 , 24305 , 23.07 , -35.5 , 0 , 9.36 , 9.371 , 4.063 , 115.26 , 87.14
4821 , 24362 , 22.88 , -35.6 , 0 , 9.35 , 9.300 , 4.065 , 115.86 , 86.54
4831 , 24416 , 22.70 , -35.6 , 0 , 9.34 , 9.230 , 4.066 , 116.43 , 85.97
4841 , 24471 , 22.52 , -35.4 , 0 , 9.33 , 9.174 , 4.073 , 117.00 , 85.40
4851 , 24523 , 22.35 , -35.5 , 0 , 9.32 , 9.134 , 4.086 , 117.55 , 84.85
4861 , 24578 , 22.18 , -35.5 , 0 , 9.31 , 9.024 , 4.068 , 118.11 , 84.29
4871 , 24636 , 22.00 , -35.3 , 0 , 9.30 , 8.850 , 4.024 , 118.70 , 83.70
4881 , 24693 , 21.82 , -35.1 , 0 , 9.29 , 8.807 , 4.037 , 119.27 , 83.13
4891 , 24749 , 21.64 , -35.0 , 0 , 9.28 , 8.753 , 4.044 , 119.82 , 82.58
4901 , 24807 , 21.46 , -34.9 , 0 , 9.26 , 8.645 , 4.028 , 120.39 , 82.01
4911 , 24858 , 21.31 , -34.8 , 0 , 9.25 , 8.539 , 4.008 , 120.89 , 81.51
4921 , 24916 , 21.13 , -34.3 , 0 , 9.24 , 8.486 , 4.016 , 121.45 , 80.95
4931 , 24976 , 20.95 , -33.4 , 0 , 9.23 , 8.542 , 4.078 , 122.03 , 80.37
4941 , 25030 , 20.79 , -32.9 , 0 , 9.22 , 8.421 , 4.050 , 122.54 , 79.86
4951 , 25089 , 20.62 , -32.9 , 0 , 9.21 , 8.323 , 4.037 , 123.09 , 79.31
4961 , 25146 , 20.45 , -32.7 , 0 , 9.20 , 8.235 , 4.027 , 123.62 , 78.77
4971 , 25202 , 20.29 , -32.2 , 0 , 9.19 , 8.032 , 3.959 , 124.13 , 78.27
4981 , 25255 , 20.13 , -32.0 , 0 , 9.19 , 7.840 , 3.894 , 124.60 , 77.79
4991 , 25312 , 19.97 , -32.0 , 0 , 9.18 , 7.723 , 3.867 , 125.10 , 77.30
5001 , 25368 , 19.82 , -31.6 , 0 , 9.17 , 7.680 , 3.876 , 125.58 , 76.82
5011 , 25422 , 19.66 , -31.6 , 0 , 9.16 , 7.572 , 3.851 , 126.04 , 76.35
5021 , 25478 , 19.51 , -31.7 , 0 , 9.15 , 7.446 , 3.817 , 126.51 , 75.88
5031 , 25537 , 19.35 , -31.9 , 0 , 9.14 , 7.370 , 3.809 , 127.00 , 75.40
5041 , 25593 , 19.19 , -31.5 , 0 , 9.14 , 7.270 , 3.788 , 127.46 , 74.94
5050 , 25648 , 19.05 , -31.3 , 0 , 9.13 , 7.273 , 3.818 , 127.90 , 74.50
5060 , 25701 , 18.90 , -31.4 , 0 , 9.12 , 7.312 , 3.868 , 128.33 , 74.06
5070 , 25753 , 18.77 , -31.3 , 0 , 9.11 , 7.264 , 3.871 , 128.76 , 73.64
5080 , 25813 , 18.61 , -31.2 , 0 , 9.10 , 7.274 , 3.909 , 129.24 , 73.15
5090 , 25867 , 18.46 , -31.4 , 0 , 9.09 , 7.292 , 3.949 , 129.68 , 72.71
5100 , 25921 , 18.33 , -31.6 , 0 , 9.08 , 7.215 , 3.937 , 130.12 , 72.28
5110 , 25977 , 18.18 , -31.5 , 0 , 9.08 , 7.142 , 3.928 , 130.56 , 71.84
5120 , 26035 , 18.03 , -31.3 , 0 , 9.07 , 7.124 , 3.951 , 131.03 , 71.37
5129 , 26082 , 17.91 , -31.1 , 0 , 9.06 , 7.133 , 3.982 , 131.40 , 71.00
5139 , 26137 , 17.77 , -30.8 , 0 , 9.06 , 7.127 , 4.010 , 131.84 , 70.56
5149 , 26192 , 17.64 , -30.4 , 0 , 9.05 , 7.172 , 4.066 , 132.27 , 70.13
5159 , 26249 , 17.50 , -30.2 , 0 , 9.05 , 7.258 , 4.148 , 132.73 , 69.67
5169 , 26305 , 17.36 , -29.6 , 0 , 9.04 , 7.323 , 4.218 , 133.18 , 69.21
5179 , 26367 , 17.21 , -28.7 , 0 , 9.04 , 7.335 , 4.262 , 133.68 , 68.71
5189 , 26424 , 17.07 , -28.0 , 0 , 9.04 , 7.379 , 4.322 , 134.15 , 68.25
5199 , 26487 , 16.92 , -27.6 , 0 , 9.05 , 7.369 , 4.354 , 134.66 , 67.74
5209 , 26541 , 16.80 , -26.9 , 0 , 9.06 , 7.382 , 4.395 , 135.10 , 67.30
5219 , 26603 , 16.65 , -26.6 , 0 , 9.07 , 7.396 , 4.441 , 135.60 , 66.80
5229 , 26662 , 16.52 , -26.2 , 0 , 9.08 , 7.398 , 4.479 , 136.08 , 66.32
5239 , 26720 , 16.39 , -26.1 , 0 , 9.09 , 7.364 , 4.493 , 136.54 , 65.86
5249 , 26781 , 16.25 , -26.2 , 0 , 9.10 , 7.361 , 4.530 , 137.03 , 65.37
5259 , 26840 , 16.12 , -26.3 , 0 , 9.11 , 7.330 , 4.548 , 137.50 , 64.89
5269 , 26900 , 15.98 , -26.2 , 0 , 9.12 , 7.286 , 4.559 , 137.98 , 64.42
5279 , 26956 , 15.86 , -26.1 , 0 , 9.14 , 7.216 , 4.550 , 138.43 , 63.97
5289 , 27013 , 15.74 , -25.9 , 0 , 9.15 , 7.184 , 4.565 , 138.87 , 63.52
5299 , 27072 , 15.61 , -25.4 , 0 , 9.16 , 7.195 , 4.609 , 139.33 , 63.07
5309 , 27128 , 15.49 , -24.7 , 0 , 9.17 , 7.210 , 4.655 , 139.78 , 62.62
5319 , 27189 , 15.36 , -24.9 , 0 , 9.18 , 7.219 , 4.700 , 140.25 , 62.15
5329 , 27248 , 15.23 , -25.1 , 0 , 9.18 , 7.223 , 4.741 , 140.71 , 61.68
5339 , 27300 , 15.13 , -25.3 , 0 , 9.19 , 7.204 , 4.763 , 141.12 , 61.28
5349 , 27361 , 15.00 , -25.5 , 0 , 9.19 , 7.184 , 4.789 , 141.60 , 60.80
5359 , 27417 , 14.88 , -25.8 , 0 , 9.19 , 7.180 , 4.824 , 142.04 , 60.36
5369 , 27471 , 14.77 , -25.4 , 0 , 9.19 , 7.152 , 4.842 , 142.46 , 59.94
5379 , 27533 , 14.65 , -24.9 , 0 , 9.19 , 7.082 , 4.835 , 142.94 , 59.46
5389 , 27587 , 14.54 , -24.5 , 0 , 9.19 , 7.082 , 4.871 , 143.35 , 59.05
5399 , 27644 , 14.43 , -24.6 , 0 , 9.20 , 7.076 , 4.905 , 143.79 , 58.61
5409 , 27700 , 14.31 , -24.1 , 0 , 9.21 , 7.047 , 4.923 , 144.22 , 58.18
5419 , 27752 , 14.21 , -23.9 , 0 , 9.22 , 6.980 , 4.911 , 144.62 , 57.78
5429 , 27815 , 14.09 , -24.0 , 0 , 9.23 , 6.978 , 4.952 , 145.09 , 57.31
5438 , 27864 , 14.00 , -24.0 , 0 , 9.24 , 6.923 , 4.946 , 145.46 , 56.94
5448 , 27917 , 13.90 , -23.5 , 0 , 9.25 , 6.897 , 4.964 , 145.85 , 56.54
5458 , 27984 , 13.77 , -22.9 , 0 , 9.26 , 6.927 , 5.031 , 146.35 , 56.05
5468 , 28041 , 13.66 , -23.2 , 0 , 9.27 , 6.849 , 5.013 , 146.78 , 55.62
5478 , 28100 , 13.55 , -23.2 , 0 , 9.29 , 6.858 , 5.060 , 147.21 , 55.19
5488 , 28164 , 13.44 , -23.1 , 0 , 9.30 , 6.859 , 5.105 , 147.68 , 54.72
5498 , 28226 , 13.32 , -23.2 , 0 , 9.31 , 6.794 , 5.100 , 148.14 , 54.26
5508 , 28281 , 13.22 , -23.3 , 0 , 9.32 , 6.756 , 5.110 , 148.54 , 53.86
5518 , 28343 , 13.11 , -23.4 , 0 , 9.33 , 6.708 , 5.117 , 148.99 , 53.40
5528 , 28401 , 13.01 , -23.2 , 0 , 9.33 , 6.616 , 5.087 , 149.41 , 52.98
5538 , 28457 , 12.91 , -23.1 , 0 , 9.33 , 6.588 , 5.105 , 149.81 , 52.58
5548 , 28516 , 12.80 , -23.4 , 0 , 9.33 , 6.562 , 5.125 , 150.23 , 52.17
5558 , 28572 , 12.71 , -23.2 , 0 , 9.33 , 6.469 , 5.092 , 150.62 , 51.78
5568 , 28631 , 12.60 , -23.0 , 0 , 9.32 , 6.345 , 5.034 , 151.03 , 51.37
5578 , 28688 , 12.51 , -22.9 , 0 , 9.31 , 6.335 , 5.066 , 151.42 , 50.98
5588 , 28751 , 12.40 , -22.7 , 0 , 9.30 , 6.205 , 5.004 , 151.84 , 50.55
5598 , 28803 , 12.31 , -22.9 , 0 , 9.30 , 6.208 , 5.042 , 152.19 , 50.21
5608 , 28857 , 12.22 , -22.9 , 0 , 9.29 , 6.152 , 5.034 , 152.55 , 49.85
5618 , 28913 , 12.13 , -22.5 , 0 , 9.28 , 6.072 , 5.006 , 152.92 , 49.48
5628 , 28965 , 12.04 , -21.5 , 0 , 9.27 , 6.123 , 5.085 , 153.26 , 49.13
5638 , 29023 , 11.95 , -20.2 , 0 , 9.26 , 6.104 , 5.109 , 153.64 , 48.76
5648 , 29075 , 11.87 , -19.5 , 0 , 9.25 , 6.141 , 5.175 , 153.98 , 48.42
5658 , 29128 , 11.78 , -18.7 , 0 , 9.24 , 6.165 , 5.233 , 154.32 , 48.08
5668 , 29178 , 11.70 , -18.4 , 0 , 9.23 , 6.160 , 5.264 , 154.65 , 47.75
5678 , 29233 , 11.62 , -18.1 , 0 , 9.22 , 6.207 , 5.343 , 155.01 , 47.39
5688 , 29292 , 11.52 , -17.7 , 0 , 9.21 , 6.186 , 5.368 , 155.40 , 47.00
5697 , 29343 , 11.45 , -17.5 , 0 , 9.20 , 6.192 , 5.410 , 155.73 , 46.67
5707 , 29393 , 11.37 , -17.4 , 0 , 9.19 , 6.190 , 5.443 , 156.05 , 46.35
5717 , 29450 , 11.28 , -17.5 , 0 , 9.19 , 6.167 , 5.465 , 156.42 , 45.97
5727 , 29500 , 11.21 , -17.5 , 0 , 9.18 , 6.115 , 5.456 , 156.75 , 45.65
5737 , 29559 , 11.12 , -17.3 , 0 , 9.17 , 6.124 , 5.507 , 157.13 , 45.27
5747 , 29616 , 11.04 , -17.0 , 0 , 9.17 , 6.089 , 5.517 , 157.49 , 44.90
5756 , 29668 , 10.96 , -16.9 , 0 , 9.16 , 6.125 , 5.588 , 157.83 , 44.57
5766 , 29726 , 10.88 , -17.0 , 0 , 9.15 , 6.071 , 5.581 , 158.20 , 44.20
5776 , 29785 , 10.79 , -16.8 , 0 , 9.15 , 6.075 , 5.630 , 158.58 , 43.81
5786 , 29841 , 10.71 , -16.3 , 0 , 9.14 , 6.040 , 5.639 , 158.94 , 43.46
5796 , 29897 , 10.63 , -16.3 , 0 , 9.13 , 5.975 , 5.620 , 159.29 , 43.11
5805 , 29945 , 10.56 , -16.4 , 0 , 9.12 , 5.918 , 5.602 , 159.59 , 42.81
5815 , 30003 , 10.48 , -16.3 , 0 , 9.11 , 5.929 , 5.656 , 159.95 , 42.45
5825 , 30052 , 10.41 , -15.9 , 0 , 9.10 , 5.841 , 5.609 , 160.25 , 42.14
5835 , 30111 , 10.33 , -15.9 , 0 , 9.09 , 5.851 , 5.663 , 160.61 , 41.78
5845 , 30169 , 10.25 , -16.0 , 0 , 9.08 , 5.830 , 5.686 , 160.97 , 41.43
5855 , 30224 , 10.18 , -15.9 , 0 , 9.08 , 5.772 , 5.671 , 161.30 , 41.10
5865 , 30281 , 10.10 , -16.0 , 0 , 9.06 , 5.711 , 5.653 , 161.64 , 40.75
5875 , 30342 , 10.02 , -15.6 , 0 , 9.06 , 5.727 , 5.715 , 162.01 , 40.39
5885 , 30398 , 9.95 , -15.6 , 0 , 9.05 , 5.746 , 5.776 , 162.35 , 40.05
5895 , 30452 , 9.88 , -15.6 , 0 , 9.05 , 5.711 , 5.783 , 162.67 , 39.73
5905 , 30508 , 9.80 , -15.7 , 0 , 9.04 , 5.678 , 5.793 , 163.01 , 39.39
5915 , 30556 , 9.74 , -15.0 , 0 , 9.04 , 5.573 , 5.722 , 163.29 , 39.11
5925 , 30623 , 9.65 , -14.9 , 0 , 9.03 , 5.529 , 5.726 , 163.68 , 38.72
5935 , 30675 , 9.59 , -15.1 , 0 , 9.03 , 5.500 , 5.736 , 163.98 , 38.42
5945 , 30732 , 9.52 , -15.2 , 0 , 9.03 , 5.503 , 5.783 , 164.30 , 38.10
5955 , 30781 , 9.46 , -14.9 , 0 , 9.03 , 5.539 , 5.858 , 164.58 , 37.82
5965 , 30842 , 9.38 , -14.3 , 0 , 9.03 , 5.552 , 5.920 , 164.94 , 37.46
5975 , 30903 , 9.30 , -13.9 , 0 , 9.03 , 5.530 , 5.944 , 165.29 , 37.11
5985 , 30949 , 9.25 , -13.4 , 0 , 9.03 , 5.479 , 5.925 , 165.55 , 36.85
5995 , 31001 , 9.18 , -13.2 , 0 , 9.03 , 5.399 , 5.878 , 165.85 , 36.55
6005 , 31059 , 9.12 , -13.4 , 0 , 9.03 , 5.361 , 5.881 , 166.17 , 36.23
6015 , 31111 , 9.05 , -13.1 , 0 , 9.04 , 5.283 , 5.836 , 166.46 , 35.94
6025 , 31172 , 8.98 , -13.0 , 0 , 9.03 , 5.273 , 5.871 , 166.79 , 35.61
6034 , 31222 , 8.92 , -12.9 , 0 , 9.03 , 5.188 , 5.815 , 167.06 , 35.34
6044 , 31274 , 8.86 , -12.3 , 0 , 9.04 , 5.176 , 5.841 , 167.34 , 35.06
6054 , 31333 , 8.79 , -12.0 , 0 , 9.04 , 5.097 , 5.797 , 167.65 , 34.74
6064 , 31383 , 8.74 , -11.7 , 0 , 9.03 , 5.084 , 5.820 , 167.92 , 34.48
6073 , 31439 , 8.67 , -11.6 , 0 , 9.03 , 5.086 , 5.865 , 168.21 , 34.19
6082 , 31495 , 8.61 , -11.4 , 0 , 9.03 , 5.029 , 5.841 , 168.50 , 33.90
6092 , 31539 , 8.56 , -11.0 , 0 , 9.03 , 5.033 , 5.880 , 168.73 , 33.67
6102 , 31604 , 8.49 , -10.8 , 0 , 9.03 , 4.967 , 5.853 , 169.06 , 33.33
6112 , 31658 , 8.43 , -11.1 , 0 , 9.03 , 4.967 , 5.893 , 169.34 , 33.06
6122 , 31719 , 8.36 , -11.6 , 0 , 9.03 , 4.898 , 5.858 , 169.65 , 32.75
6132 , 31772 , 8.30 , -12.1 , 0 , 9.02 , 4.808 , 5.790 , 169.91 , 32.48
6142 , 31826 , 8.25 , -12.3 , 0 , 9.02 , 4.751 , 5.762 , 170.18 , 32.22
6152 , 31881 , 8.19 , -12.6 , 0 , 9.02 , 4.687 , 5.726 , 170.45 , 31.95
6162 , 31937 , 8.13 , -12.9 , 0 , 9.02 , 4.696 , 5.778 , 170.72 , 31.68
6172 , 31983 , 8.08 , -13.1 , 0 , 9.02 , 4.640 , 5.744 , 170.94 , 31.46
6182 , 32041 , 8.02 , -13.1 , 0 , 9.03 , 4.575 , 5.707 , 171.22 , 31.18
6192 , 32091 , 7.96 , -12.9 , 0 , 9.03 , 4.495 , 5.644 , 171.45 , 30.94
6202 , 32143 , 7.91 , -12.7 , 0 , 9.03 , 4.406 , 5.571 , 171.69 , 30.70
6212 , 32201 , 7.85 , -12.6 , 0 , 9.03 , 4.382 , 5.582 , 171.95 , 30.44
6222 , 32239 , 7.81 , -12.4 , 0 , 9.03 , 4.331 , 5.545 , 172.13 , 30.27
6232 , 32294 , 7.75 , -12.0 , 0 , 9.03 , 4.267 , 5.502 , 172.37 , 30.03
6242 , 32348 , 7.70 , -11.7 , 0 , 9.03 , 4.188 , 5.439 , 172.61 , 29.79
6252 , 32404 , 7.64 , -11.7 , 0 , 9.03 , 4.134 , 5.408 , 172.85 , 29.55
6262 , 32454 , 7.59 , -11.5 , 0 , 9.03 , 4.063 , 5.350 , 173.06 , 29.34
6272 , 32494 , 7.55 , -11.3 , 0 , 9.03 , 4.011 , 5.310 , 173.23 , 29.17
6282 , 32552 , 7.50 , -11.2 , 0 , 9.03 , 3.973 , 5.299 , 173.46 , 28.94
6292 , 32601 , 7.45 , -11.2 , 0 , 9.04 , 3.924 , 5.267 , 173.66 , 28.74
6302 , 32646 , 7.41 , -11.4 , 0 , 9.04 , 3.841 , 5.186 , 173.84 , 28.56
6312 , 32701 , 7.35 , -11.7 , 0 , 9.04 , 3.833 , 5.213 , 174.06 , 28.34
6322 , 32742 , 7.31 , -11.8 , 0 , 9.04 , 3.819 , 5.221 , 174.22 , 28.18
6332 , 32795 , 7.26 , -12.0 , 0 , 9.05 , 3.787 , 5.214 , 174.43 , 27.97
6342 , 32852 , 7.21 , -11.9 , 0 , 9.05 , 3.746 , 5.195 , 174.65 , 27.75
6352 , 32895 , 7.17 , -11.9 , 0 , 9.06 , 3.702 , 5.164 , 174.82 , 27.58
6362 , 32951 , 7.12 , -12.1 , 0 , 9.06 , 3.677 , 5.167 , 175.03 , 27.37
6372 , 33003 , 7.07 , -12.5 , 0 , 9.07 , 3.618 , 5.118 , 175.22 , 27.17
6382 , 33052 , 7.02 , -12.7 , 0 , 9.08 , 3.559 , 5.068 , 175.41 , 26.99
6392 , 33099 , 6.98 , -13.3 , 0 , 9.08 , 3.344 , 4.791 , 175.58 , 26.82
6401 , 33158 , 6.93 , -13.5 , 0 , 9.08 , 3.371 , 4.868 , 175.78 , 26.62
6411 , 33222 , 6.87 , -13.9 , 0 , 9.09 , 3.424 , 4.986 , 176.01 , 26.39
6421 , 33257 , 6.84 , -14.5 , 0 , 9.09 , 3.396 , 4.968 , 176.13 , 26.27
6431 , 33316 , 6.78 , -14.6 , 0 , 9.09 , 3.416 , 5.035 , 176.34 , 26.06
6441 , 33375 , 6.73 , -15.1 , 0 , 9.09 , 3.403 , 5.055 , 176.55 , 25.85
6451 , 33421 , 6.69 , -15.2 , 0 , 9.10 , 3.404 , 5.089 , 176.71 , 25.68
6461 , 33475 , 6.64 , -14.5 , 0 , 9.10 , 3.343 , 5.033 , 176.90 , 25.50
6471 , 33529 , 6.60 , -14.0 , 0 , 9.11 , 3.298 , 5.001 , 177.09 , 25.31
6481 , 33581 , 6.55 , -13.8 , 0 , 9.13 , 3.254 , 4.967 , 177.27 , 25.13
6491 , 33640 , 6.50 , -13.4 , 0 , 9.14 , 3.227 , 4.964 , 177.46 , 24.93
6501 , 33697 , 6.45 , -13.0 , 0 , 9.15 , 3.206 , 4.970 , 177.66 , 24.74
6511 , 33751 , 6.41 , -12.4 , 0 , 9.17 , 3.199 , 4.993 , 177.84 , 24.56
6521 , 33801 , 6.36 , -12.1 , 0 , 9.18 , 3.149 , 4.948 , 178.00 , 24.40
6531 , 33848 , 6.32 , -12.0 , 0 , 9.19 , 3.107 , 4.912 , 178.15 , 24.25
6541 , 33894 , 6.29 , -11.9 , 0 , 9.20 , 3.083 , 4.903 , 178.30 , 24.10
6551 , 33941 , 6.25 , -11.7 , 0 , 9.22 , 3.058 , 4.894 , 178.45 , 23.95
6561 , 34004 , 6.20 , -11.7 , 0 , 9.22 , 3.022 , 4.876 , 178.64 , 23.75
6571 , 34039 , 6.17 , -11.2 , 0 , 9.23 , 2.996 , 4.857 , 178.75 , 23.65
