# ------------------------------------------------------------
#
# Flight name: V0114
# Station: Davis
# Launch Date: 28 February 2014
# Launch Time: 11:13:54
# 
# This file created: Fri Mar 07 10:16:24 2014
# 
# 
# ------------------------------------------------------------
# DATA COLUMNS
# Time (s)
# Height (m)
# Atmospheric Pressure (hPa)
# Atmospheric Temperature (°C)
# Relative Humidity (%)
# Box Temperature (°C)
# Ozone Partial Pressure (mPa)
# Ozone Mixing Ratio (ppmV)
# Accumulated Ozone to this Height (Dobson Units)
# Remaining Ozone above this Height (Dobson Units)
# 
# ------------------------------------------------------------
# 
# Integrated Ozone = 227.8 DU
# Extrapolated Ozone =  22.0 DU
# 
# Total Ozone = 249.8 DU
# 
# 
# ------------------------------------------------------------
0 , 18 , 978.03 , -3.5 , 48 , 36.84 , 0.521 , 0.005 , 0.00 , 249.83
10 , 62 , 972.56 , -5.1 , 61 , 36.86 , 0.585 , 0.006 , 0.02 , 249.80
20 , 120 , 965.29 , -5.9 , 64 , 36.86 , 0.619 , 0.006 , 0.06 , 249.77
30 , 181 , 957.82 , -6.6 , 62 , 36.85 , 0.661 , 0.007 , 0.10 , 249.73
40 , 249 , 949.52 , -7.3 , 65 , 36.85 , 0.689 , 0.007 , 0.15 , 249.68
50 , 312 , 941.89 , -7.9 , 67 , 36.86 , 0.693 , 0.007 , 0.19 , 249.64
60 , 375 , 934.25 , -8.5 , 70 , 36.87 , 0.720 , 0.008 , 0.24 , 249.59
70 , 440 , 926.47 , -9.1 , 72 , 36.88 , 0.756 , 0.008 , 0.28 , 249.54
80 , 499 , 919.38 , -9.7 , 74 , 36.86 , 0.745 , 0.008 , 0.33 , 249.50
90 , 556 , 912.70 , -10.2 , 76 , 36.85 , 0.748 , 0.008 , 0.37 , 249.45
100 , 611 , 906.10 , -10.7 , 79 , 36.86 , 0.767 , 0.008 , 0.42 , 249.41
109 , 668 , 899.44 , -11.3 , 83 , 36.84 , 0.779 , 0.009 , 0.46 , 249.37
119 , 713 , 894.20 , -11.7 , 82 , 36.82 , 0.785 , 0.009 , 0.50 , 249.33
128 , 758 , 888.97 , -12.2 , 83 , 36.81 , 0.784 , 0.009 , 0.53 , 249.29
138 , 805 , 883.54 , -12.7 , 89 , 36.79 , 0.795 , 0.009 , 0.57 , 249.26
149 , 867 , 876.38 , -13.0 , 80 , 36.80 , 0.792 , 0.009 , 0.62 , 249.20
158 , 922 , 870.06 , -13.4 , 77 , 36.80 , 0.798 , 0.009 , 0.67 , 249.16
168 , 984 , 862.98 , -13.4 , 58 , 36.79 , 0.806 , 0.009 , 0.72 , 249.11
179 , 1045 , 856.02 , -13.4 , 36 , 36.75 , 0.808 , 0.009 , 0.77 , 249.06
189 , 1105 , 849.37 , -13.4 , 30 , 36.75 , 0.813 , 0.010 , 0.82 , 249.01
199 , 1162 , 842.99 , -13.7 , 29 , 36.75 , 0.818 , 0.010 , 0.87 , 248.96
209 , 1216 , 837.07 , -13.7 , 31 , 36.74 , 0.814 , 0.010 , 0.91 , 248.91
219 , 1265 , 831.61 , -13.5 , 37 , 36.72 , 0.814 , 0.010 , 0.96 , 248.87
229 , 1316 , 826.12 , -13.4 , 48 , 36.72 , 0.803 , 0.010 , 1.00 , 248.83
239 , 1369 , 820.37 , -13.8 , 52 , 36.73 , 0.790 , 0.010 , 1.04 , 248.78
249 , 1421 , 814.75 , -14.2 , 54 , 36.73 , 0.776 , 0.010 , 1.09 , 248.74
259 , 1468 , 809.67 , -14.6 , 54 , 36.73 , 0.760 , 0.009 , 1.12 , 248.70
269 , 1518 , 804.40 , -15.0 , 55 , 36.71 , 0.753 , 0.009 , 1.16 , 248.66
279 , 1573 , 798.55 , -15.4 , 55 , 36.69 , 0.753 , 0.009 , 1.21 , 248.62
289 , 1629 , 792.63 , -15.8 , 55 , 36.67 , 0.750 , 0.009 , 1.25 , 248.58
299 , 1681 , 787.19 , -15.9 , 49 , 36.64 , 0.747 , 0.009 , 1.29 , 248.54
309 , 1736 , 781.42 , -16.3 , 43 , 36.61 , 0.752 , 0.010 , 1.33 , 248.49
319 , 1790 , 775.82 , -16.8 , 39 , 36.56 , 0.772 , 0.010 , 1.38 , 248.45
329 , 1845 , 770.23 , -17.1 , 34 , 36.52 , 0.799 , 0.010 , 1.42 , 248.40
339 , 1903 , 764.26 , -17.2 , 28 , 36.48 , 0.800 , 0.010 , 1.47 , 248.36
349 , 1961 , 758.30 , -17.5 , 30 , 36.43 , 0.777 , 0.010 , 1.52 , 248.31
359 , 2017 , 752.69 , -17.7 , 31 , 36.38 , 0.733 , 0.010 , 1.56 , 248.26
369 , 2064 , 747.94 , -18.0 , 32 , 36.37 , 0.708 , 0.009 , 1.60 , 248.23
379 , 2119 , 742.49 , -18.4 , 34 , 36.35 , 0.696 , 0.009 , 1.64 , 248.19
389 , 2175 , 736.94 , -18.9 , 34 , 36.34 , 0.688 , 0.009 , 1.68 , 248.15
398 , 2226 , 731.87 , -19.3 , 35 , 36.33 , 0.679 , 0.009 , 1.72 , 248.11
408 , 2282 , 726.43 , -19.6 , 35 , 36.30 , 0.665 , 0.009 , 1.76 , 248.07
417 , 2333 , 721.39 , -20.0 , 36 , 36.24 , 0.658 , 0.009 , 1.79 , 248.03
427 , 2382 , 716.69 , -20.3 , 36 , 36.20 , 0.638 , 0.009 , 1.83 , 248.00
437 , 2439 , 711.17 , -20.7 , 35 , 36.17 , 0.634 , 0.009 , 1.87 , 247.96
447 , 2496 , 705.71 , -21.0 , 34 , 36.13 , 0.638 , 0.009 , 1.91 , 247.92
457 , 2551 , 700.41 , -21.4 , 33 , 36.09 , 0.649 , 0.009 , 1.94 , 247.88
467 , 2606 , 695.22 , -21.7 , 35 , 36.05 , 0.627 , 0.009 , 1.98 , 247.85
477 , 2657 , 690.44 , -22.0 , 34 , 36.03 , 0.629 , 0.009 , 2.02 , 247.81
487 , 2718 , 684.77 , -22.5 , 34 , 35.99 , 0.627 , 0.009 , 2.06 , 247.77
497 , 2769 , 679.94 , -22.8 , 33 , 35.97 , 0.638 , 0.009 , 2.09 , 247.74
507 , 2818 , 675.41 , -23.0 , 32 , 35.94 , 0.643 , 0.010 , 2.13 , 247.70
517 , 2873 , 670.38 , -23.2 , 31 , 35.91 , 0.648 , 0.010 , 2.16 , 247.66
527 , 2931 , 665.06 , -23.5 , 30 , 35.86 , 0.655 , 0.010 , 2.20 , 247.62
537 , 2986 , 660.08 , -23.8 , 31 , 35.81 , 0.638 , 0.010 , 2.24 , 247.58
546 , 3035 , 655.66 , -24.1 , 31 , 35.78 , 0.637 , 0.010 , 2.28 , 247.55
556 , 3089 , 650.84 , -24.4 , 31 , 35.75 , 0.640 , 0.010 , 2.31 , 247.51
566 , 3136 , 646.63 , -24.4 , 27 , 35.70 , 0.646 , 0.010 , 2.35 , 247.48
576 , 3183 , 642.52 , -24.6 , 24 , 35.67 , 0.648 , 0.010 , 2.38 , 247.45
586 , 3236 , 637.84 , -24.9 , 24 , 35.62 , 0.656 , 0.010 , 2.42 , 247.41
596 , 3295 , 632.63 , -25.2 , 24 , 35.57 , 0.654 , 0.010 , 2.46 , 247.37
606 , 3353 , 627.63 , -25.7 , 27 , 35.53 , 0.651 , 0.010 , 2.50 , 247.33
616 , 3399 , 623.70 , -25.9 , 28 , 35.50 , 0.671 , 0.011 , 2.53 , 247.29
626 , 3441 , 620.09 , -26.1 , 29 , 35.47 , 0.696 , 0.011 , 2.56 , 247.26
636 , 3482 , 616.51 , -26.3 , 30 , 35.44 , 0.705 , 0.011 , 2.60 , 247.23
646 , 3532 , 612.29 , -26.5 , 29 , 35.41 , 0.741 , 0.012 , 2.64 , 247.19
656 , 3579 , 608.34 , -26.7 , 29 , 35.36 , 0.783 , 0.013 , 2.67 , 247.15
666 , 3627 , 604.31 , -26.9 , 29 , 35.32 , 0.810 , 0.013 , 2.72 , 247.11
676 , 3679 , 599.96 , -27.0 , 29 , 35.28 , 0.857 , 0.014 , 2.76 , 247.06
686 , 3741 , 594.75 , -27.0 , 25 , 35.23 , 0.897 , 0.015 , 2.82 , 247.00
696 , 3807 , 589.37 , -27.4 , 19 , 35.15 , 0.927 , 0.016 , 2.89 , 246.94
706 , 3857 , 585.27 , -27.7 , 18 , 35.10 , 0.971 , 0.017 , 2.94 , 246.89
716 , 3908 , 581.15 , -28.0 , 17 , 35.06 , 0.998 , 0.017 , 3.00 , 246.83
726 , 3959 , 577.05 , -28.1 , 17 , 35.02 , 1.024 , 0.018 , 3.05 , 246.77
735 , 4017 , 572.41 , -28.1 , 15 , 34.99 , 1.034 , 0.018 , 3.12 , 246.71
745 , 4075 , 567.76 , -28.1 , 11 , 34.94 , 1.083 , 0.019 , 3.19 , 246.64
755 , 4133 , 563.21 , -28.1 , 9 , 34.89 , 1.183 , 0.021 , 3.26 , 246.57
765 , 4179 , 559.56 , -28.2 , 8 , 34.84 , 1.232 , 0.022 , 3.32 , 246.51
775 , 4228 , 555.82 , -28.2 , 7 , 34.80 , 1.232 , 0.022 , 3.39 , 246.44
785 , 4274 , 552.22 , -28.4 , 7 , 34.76 , 1.218 , 0.022 , 3.45 , 246.38
795 , 4318 , 548.85 , -28.5 , 7 , 34.73 , 1.205 , 0.022 , 3.51 , 246.32
805 , 4361 , 545.57 , -28.7 , 8 , 34.70 , 1.198 , 0.022 , 3.56 , 246.26
815 , 4407 , 542.06 , -29.0 , 10 , 34.66 , 1.177 , 0.022 , 3.62 , 246.20
825 , 4455 , 538.41 , -29.3 , 11 , 34.62 , 1.098 , 0.020 , 3.69 , 246.14
835 , 4516 , 533.83 , -29.8 , 12 , 34.56 , 1.020 , 0.019 , 3.76 , 246.07
845 , 4566 , 530.08 , -30.0 , 12 , 34.51 , 0.981 , 0.019 , 3.81 , 246.01
855 , 4619 , 526.18 , -30.4 , 12 , 34.45 , 0.929 , 0.018 , 3.87 , 245.96
865 , 4669 , 522.48 , -30.8 , 12 , 34.40 , 0.925 , 0.018 , 3.92 , 245.91
875 , 4725 , 518.34 , -31.2 , 11 , 34.37 , 0.951 , 0.018 , 3.98 , 245.85
885 , 4782 , 514.23 , -31.5 , 9 , 34.31 , 0.973 , 0.019 , 4.04 , 245.79
895 , 4826 , 511.03 , -31.6 , 8 , 34.27 , 1.058 , 0.021 , 4.09 , 245.74
905 , 4878 , 507.27 , -31.8 , 9 , 34.24 , 1.071 , 0.021 , 4.15 , 245.68
915 , 4925 , 503.89 , -32.0 , 10 , 34.18 , 1.049 , 0.021 , 4.21 , 245.62
925 , 4983 , 499.78 , -32.4 , 9 , 34.14 , 1.030 , 0.021 , 4.27 , 245.55
935 , 5040 , 495.72 , -32.8 , 9 , 34.10 , 1.067 , 0.022 , 4.34 , 245.49
945 , 5092 , 492.10 , -32.9 , 8 , 34.06 , 1.109 , 0.023 , 4.40 , 245.42
955 , 5135 , 489.10 , -33.1 , 8 , 34.02 , 1.149 , 0.023 , 4.46 , 245.37
965 , 5176 , 486.22 , -33.3 , 8 , 33.98 , 1.132 , 0.023 , 4.51 , 245.31
975 , 5220 , 483.25 , -33.6 , 9 , 33.93 , 1.060 , 0.022 , 4.57 , 245.26
985 , 5267 , 479.99 , -33.9 , 9 , 33.89 , 0.987 , 0.021 , 4.62 , 245.21
995 , 5314 , 476.80 , -34.2 , 10 , 33.85 , 0.918 , 0.019 , 4.67 , 245.16
1005 , 5369 , 473.01 , -34.5 , 10 , 33.80 , 0.869 , 0.018 , 4.73 , 245.10
1015 , 5425 , 469.26 , -34.8 , 9 , 33.74 , 0.888 , 0.019 , 4.78 , 245.05
1025 , 5482 , 465.40 , -35.0 , 9 , 33.70 , 0.871 , 0.019 , 4.84 , 244.99
1034 , 5529 , 462.33 , -35.2 , 8 , 33.66 , 0.868 , 0.019 , 4.88 , 244.94
1044 , 5573 , 459.42 , -34.9 , 6 , 33.63 , 1.079 , 0.023 , 4.93 , 244.89
1054 , 5619 , 456.40 , -34.7 , 5 , 33.60 , 1.564 , 0.034 , 5.00 , 244.83
1064 , 5662 , 453.56 , -34.7 , 4 , 33.56 , 2.067 , 0.046 , 5.09 , 244.74
1074 , 5704 , 450.84 , -34.8 , 4 , 33.54 , 2.572 , 0.057 , 5.20 , 244.63
1084 , 5758 , 447.40 , -35.0 , 4 , 33.50 , 2.882 , 0.064 , 5.37 , 244.46
1094 , 5802 , 444.53 , -35.0 , 4 , 33.45 , 2.903 , 0.065 , 5.51 , 244.31
1104 , 5844 , 441.91 , -34.9 , 5 , 33.42 , 2.582 , 0.058 , 5.64 , 244.19
1114 , 5892 , 438.83 , -35.1 , 7 , 33.39 , 2.056 , 0.047 , 5.77 , 244.06
1124 , 5948 , 435.32 , -35.5 , 6 , 33.35 , 1.936 , 0.044 , 5.90 , 243.93
1134 , 5995 , 432.44 , -35.8 , 6 , 33.31 , 1.976 , 0.046 , 6.00 , 243.83
1144 , 6037 , 429.82 , -35.9 , 6 , 33.28 , 1.940 , 0.045 , 6.09 , 243.74
1154 , 6082 , 427.05 , -36.0 , 11 , 33.24 , 1.632 , 0.038 , 6.18 , 243.64
1164 , 6146 , 423.11 , -36.4 , 13 , 33.20 , 1.320 , 0.031 , 6.29 , 243.54
1173 , 6209 , 419.30 , -36.8 , 23 , 33.15 , 1.123 , 0.027 , 6.38 , 243.45
1183 , 6262 , 416.05 , -37.0 , 32 , 33.10 , 0.997 , 0.024 , 6.44 , 243.38
1194 , 6318 , 412.70 , -37.1 , 28 , 33.06 , 0.962 , 0.023 , 6.51 , 243.32
1204 , 6394 , 408.19 , -36.9 , 31 , 33.02 , 1.124 , 0.028 , 6.60 , 243.23
1214 , 6450 , 404.90 , -36.8 , 28 , 32.99 , 1.375 , 0.034 , 6.68 , 243.15
1224 , 6505 , 401.68 , -37.0 , 21 , 32.95 , 1.482 , 0.037 , 6.77 , 243.06
1234 , 6558 , 398.66 , -37.1 , 17 , 32.91 , 1.598 , 0.040 , 6.86 , 242.97
1244 , 6608 , 395.74 , -36.9 , 12 , 32.87 , 1.688 , 0.043 , 6.95 , 242.87
1254 , 6658 , 392.88 , -37.0 , 11 , 32.83 , 1.608 , 0.041 , 7.05 , 242.78
1264 , 6709 , 390.00 , -37.2 , 13 , 32.79 , 1.412 , 0.036 , 7.13 , 242.69
1274 , 6759 , 387.18 , -37.5 , 20 , 32.75 , 1.275 , 0.033 , 7.21 , 242.62
1284 , 6816 , 384.01 , -37.9 , 34 , 32.71 , 1.174 , 0.031 , 7.29 , 242.54
1294 , 6882 , 380.32 , -38.4 , 47 , 32.68 , 1.114 , 0.029 , 7.38 , 242.45
1304 , 6951 , 376.56 , -38.9 , 54 , 32.65 , 1.090 , 0.029 , 7.46 , 242.36
1314 , 7020 , 372.78 , -39.2 , 54 , 32.62 , 1.023 , 0.027 , 7.55 , 242.28
1324 , 7075 , 369.79 , -39.6 , 52 , 32.57 , 1.012 , 0.027 , 7.61 , 242.21
1333 , 7121 , 367.29 , -40.0 , 54 , 32.53 , 0.953 , 0.026 , 7.67 , 242.16
1342 , 7173 , 364.49 , -40.4 , 55 , 32.50 , 0.901 , 0.025 , 7.72 , 242.10
1352 , 7234 , 361.26 , -40.9 , 57 , 32.45 , 0.855 , 0.024 , 7.78 , 242.04
1362 , 7292 , 358.21 , -41.4 , 60 , 32.41 , 0.803 , 0.022 , 7.84 , 241.99
1372 , 7350 , 355.16 , -41.7 , 61 , 32.37 , 0.770 , 0.022 , 7.89 , 241.93
1382 , 7401 , 352.47 , -42.1 , 63 , 32.34 , 0.779 , 0.022 , 7.94 , 241.89
1392 , 7449 , 349.96 , -42.4 , 66 , 32.31 , 0.769 , 0.022 , 7.98 , 241.84
1402 , 7495 , 347.62 , -42.7 , 69 , 32.28 , 0.760 , 0.022 , 8.02 , 241.80
1412 , 7554 , 344.59 , -43.2 , 71 , 32.25 , 0.754 , 0.022 , 8.08 , 241.75
1422 , 7610 , 341.69 , -43.6 , 73 , 32.20 , 0.749 , 0.022 , 8.13 , 241.70
1432 , 7656 , 339.37 , -43.7 , 69 , 32.17 , 0.751 , 0.022 , 8.17 , 241.66
1442 , 7704 , 336.94 , -44.0 , 64 , 32.13 , 0.723 , 0.021 , 8.21 , 241.62
1452 , 7756 , 334.35 , -44.4 , 62 , 32.09 , 0.701 , 0.021 , 8.25 , 241.58
1462 , 7805 , 331.94 , -44.6 , 60 , 32.05 , 0.684 , 0.021 , 8.29 , 241.54
1472 , 7858 , 329.31 , -45.0 , 57 , 32.00 , 0.661 , 0.020 , 8.33 , 241.49
1482 , 7904 , 327.04 , -45.4 , 57 , 31.96 , 0.635 , 0.019 , 8.37 , 241.46
1492 , 7949 , 324.86 , -45.8 , 59 , 31.92 , 0.599 , 0.018 , 8.40 , 241.43
1502 , 7992 , 322.72 , -46.2 , 60 , 31.88 , 0.594 , 0.018 , 8.43 , 241.40
1512 , 8045 , 320.16 , -46.6 , 63 , 31.84 , 0.595 , 0.019 , 8.47 , 241.36
1522 , 8091 , 317.96 , -47.1 , 65 , 31.80 , 0.591 , 0.019 , 8.50 , 241.33
1532 , 8135 , 315.85 , -47.4 , 65 , 31.76 , 0.613 , 0.019 , 8.53 , 241.29
1541 , 8181 , 313.66 , -47.9 , 65 , 31.72 , 0.630 , 0.020 , 8.57 , 241.26
1551 , 8230 , 311.31 , -48.2 , 64 , 31.67 , 0.611 , 0.020 , 8.60 , 241.22
1561 , 8284 , 308.79 , -48.5 , 63 , 31.62 , 0.571 , 0.018 , 8.64 , 241.19
1571 , 8338 , 306.25 , -48.6 , 62 , 31.58 , 0.538 , 0.018 , 8.68 , 241.15
1581 , 8389 , 303.89 , -48.9 , 63 , 31.54 , 0.491 , 0.016 , 8.71 , 241.12
1591 , 8436 , 301.73 , -49.1 , 66 , 31.50 , 0.466 , 0.015 , 8.74 , 241.09
1601 , 8482 , 299.63 , -49.4 , 66 , 31.46 , 0.475 , 0.016 , 8.76 , 241.06
1611 , 8529 , 297.49 , -49.5 , 63 , 31.42 , 0.498 , 0.017 , 8.79 , 241.04
1621 , 8587 , 294.86 , -49.9 , 60 , 31.37 , 0.567 , 0.019 , 8.83 , 241.00
1631 , 8643 , 292.35 , -50.2 , 59 , 31.31 , 0.572 , 0.020 , 8.87 , 240.96
1640 , 8683 , 290.55 , -50.3 , 52 , 31.28 , 0.572 , 0.020 , 8.89 , 240.93
1650 , 8722 , 288.83 , -50.3 , 41 , 31.24 , 0.602 , 0.021 , 8.92 , 240.91
1660 , 8770 , 286.70 , -50.5 , 31 , 31.19 , 0.765 , 0.027 , 8.96 , 240.87
1670 , 8828 , 284.15 , -50.6 , 26 , 31.15 , 0.871 , 0.031 , 9.02 , 240.81
1680 , 8886 , 281.64 , -50.7 , 23 , 31.10 , 1.015 , 0.036 , 9.08 , 240.74
1690 , 8942 , 279.20 , -50.9 , 22 , 31.05 , 1.088 , 0.039 , 9.16 , 240.67
1700 , 8993 , 277.02 , -51.2 , 22 , 30.99 , 1.130 , 0.041 , 9.23 , 240.60
1710 , 9045 , 274.83 , -51.3 , 22 , 30.95 , 1.169 , 0.043 , 9.30 , 240.53
1720 , 9103 , 272.40 , -51.5 , 22 , 30.92 , 1.256 , 0.046 , 9.38 , 240.44
1729 , 9148 , 270.48 , -51.7 , 21 , 30.87 , 1.231 , 0.045 , 9.45 , 240.38
1739 , 9197 , 268.46 , -52.0 , 21 , 30.82 , 1.290 , 0.048 , 9.53 , 240.30
1749 , 9258 , 265.93 , -52.6 , 22 , 30.74 , 1.374 , 0.052 , 9.63 , 240.20
1759 , 9307 , 263.92 , -52.7 , 22 , 30.69 , 1.451 , 0.055 , 9.71 , 240.12
1769 , 9353 , 262.06 , -52.7 , 22 , 30.63 , 1.601 , 0.061 , 9.80 , 240.03
1779 , 9404 , 259.99 , -52.1 , 22 , 30.58 , 1.821 , 0.070 , 9.90 , 239.92
1789 , 9459 , 257.80 , -51.6 , 19 , 30.54 , 1.905 , 0.074 , 10.03 , 239.80
1799 , 9511 , 255.73 , -51.2 , 16 , 30.51 , 1.683 , 0.066 , 10.14 , 239.69
1809 , 9556 , 253.99 , -50.7 , 14 , 30.47 , 1.672 , 0.066 , 10.23 , 239.60
1819 , 9604 , 252.10 , -49.9 , 12 , 30.42 , 1.770 , 0.070 , 10.33 , 239.49
1829 , 9655 , 250.14 , -49.5 , 10 , 30.34 , 1.861 , 0.074 , 10.44 , 239.38
1839 , 9700 , 248.43 , -49.3 , 8 , 30.28 , 1.870 , 0.075 , 10.55 , 239.28
1849 , 9745 , 246.73 , -49.3 , 7 , 30.23 , 1.967 , 0.080 , 10.65 , 239.18
1859 , 9789 , 245.07 , -49.6 , 7 , 30.17 , 2.005 , 0.082 , 10.76 , 239.07
1869 , 9840 , 243.18 , -50.0 , 7 , 30.12 , 2.025 , 0.083 , 10.88 , 238.95
1879 , 9889 , 241.35 , -50.0 , 7 , 30.06 , 2.039 , 0.084 , 11.00 , 238.83
1889 , 9940 , 239.49 , -49.8 , 6 , 30.00 , 2.081 , 0.087 , 11.13 , 238.70
1899 , 9991 , 237.63 , -49.4 , 6 , 29.96 , 2.160 , 0.091 , 11.26 , 238.57
1909 , 10039 , 235.90 , -48.9 , 5 , 29.93 , 2.171 , 0.092 , 11.38 , 238.45
1919 , 10089 , 234.13 , -48.0 , 4 , 29.88 , 2.266 , 0.097 , 11.51 , 238.31
1929 , 10140 , 232.31 , -47.0 , 3 , 29.83 , 2.462 , 0.106 , 11.66 , 238.17
1939 , 10190 , 230.55 , -46.7 , 2 , 29.78 , 2.644 , 0.115 , 11.81 , 238.02
1948 , 10237 , 228.93 , -46.6 , 1 , 29.73 , 2.855 , 0.125 , 11.96 , 237.86
1958 , 10280 , 227.46 , -46.0 , 1 , 29.66 , 3.152 , 0.139 , 12.12 , 237.71
1968 , 10326 , 225.88 , -45.7 , 1 , 29.60 , 3.242 , 0.144 , 12.29 , 237.53
1978 , 10374 , 224.28 , -45.3 , 0 , 29.56 , 3.342 , 0.149 , 12.48 , 237.35
1988 , 10420 , 222.74 , -45.3 , 0 , 29.53 , 3.407 , 0.153 , 12.66 , 237.17
1998 , 10462 , 221.34 , -45.5 , 0 , 29.50 , 3.381 , 0.153 , 12.83 , 237.00
2008 , 10501 , 220.04 , -45.6 , 0 , 29.45 , 3.387 , 0.154 , 12.99 , 236.84
2018 , 10542 , 218.70 , -45.4 , 0 , 29.40 , 3.343 , 0.153 , 13.15 , 236.68
2028 , 10596 , 216.93 , -45.0 , 0 , 29.35 , 3.198 , 0.147 , 13.36 , 236.47
2038 , 10653 , 215.08 , -45.0 , 0 , 29.30 , 3.033 , 0.141 , 13.57 , 236.26
2048 , 10702 , 213.51 , -45.1 , 0 , 29.24 , 3.003 , 0.141 , 13.75 , 236.08
2058 , 10746 , 212.10 , -45.2 , 0 , 29.20 , 2.717 , 0.128 , 13.89 , 235.93
2068 , 10791 , 210.67 , -45.3 , 0 , 29.15 , 2.518 , 0.120 , 14.03 , 235.79
2078 , 10837 , 209.22 , -45.5 , 0 , 29.11 , 2.375 , 0.114 , 14.17 , 235.66
2088 , 10882 , 207.82 , -45.7 , 0 , 29.08 , 2.251 , 0.108 , 14.29 , 235.54
2098 , 10930 , 206.32 , -45.5 , 0 , 29.05 , 2.156 , 0.105 , 14.42 , 235.41
2108 , 10981 , 204.76 , -45.3 , 0 , 29.00 , 2.107 , 0.103 , 14.54 , 235.28
2118 , 11031 , 203.23 , -45.0 , 0 , 28.95 , 2.176 , 0.107 , 14.67 , 235.16
2128 , 11081 , 201.72 , -44.7 , 0 , 28.88 , 2.208 , 0.109 , 14.80 , 235.03
2138 , 11126 , 200.35 , -44.4 , 0 , 28.83 , 2.207 , 0.110 , 14.92 , 234.91
2148 , 11174 , 198.94 , -44.2 , 0 , 28.77 , 2.253 , 0.113 , 15.04 , 234.78
2158 , 11220 , 197.56 , -44.2 , 0 , 28.72 , 2.297 , 0.116 , 15.17 , 234.66
2168 , 11272 , 196.04 , -44.4 , 0 , 28.67 , 2.371 , 0.121 , 15.31 , 234.52
2178 , 11320 , 194.65 , -44.3 , 0 , 28.62 , 2.356 , 0.121 , 15.44 , 234.38
2188 , 11368 , 193.25 , -44.2 , 0 , 28.57 , 2.318 , 0.120 , 15.57 , 234.25
2198 , 11416 , 191.88 , -44.2 , 0 , 28.53 , 2.347 , 0.122 , 15.71 , 234.12
2208 , 11464 , 190.52 , -44.1 , 0 , 28.49 , 2.389 , 0.125 , 15.84 , 233.99
2218 , 11513 , 189.12 , -44.2 , 0 , 28.45 , 2.387 , 0.126 , 15.98 , 233.85
2227 , 11563 , 187.71 , -44.4 , 0 , 28.42 , 2.381 , 0.127 , 16.12 , 233.71
2237 , 11608 , 186.45 , -44.5 , 0 , 28.39 , 2.334 , 0.125 , 16.24 , 233.58
2247 , 11654 , 185.16 , -44.7 , 0 , 28.34 , 2.327 , 0.126 , 16.37 , 233.46
2256 , 11702 , 183.86 , -44.7 , 0 , 28.30 , 2.347 , 0.128 , 16.50 , 233.33
2266 , 11748 , 182.59 , -44.8 , 0 , 28.25 , 2.349 , 0.129 , 16.63 , 233.20
2276 , 11800 , 181.18 , -45.0 , 0 , 28.20 , 2.324 , 0.128 , 16.77 , 233.05
2286 , 11850 , 179.82 , -44.9 , 0 , 28.15 , 2.263 , 0.126 , 16.91 , 232.92
2296 , 11899 , 178.51 , -44.8 , 0 , 28.11 , 2.235 , 0.125 , 17.04 , 232.79
2306 , 11947 , 177.22 , -44.9 , 0 , 28.07 , 2.187 , 0.123 , 17.17 , 232.66
2316 , 11993 , 176.01 , -45.1 , 0 , 28.03 , 2.141 , 0.122 , 17.28 , 232.54
2326 , 12039 , 174.80 , -45.3 , 0 , 28.00 , 2.101 , 0.120 , 17.40 , 232.43
2336 , 12085 , 173.62 , -45.5 , 0 , 27.96 , 2.093 , 0.121 , 17.51 , 232.32
2346 , 12132 , 172.39 , -45.6 , 0 , 27.91 , 2.107 , 0.122 , 17.63 , 232.20
2356 , 12181 , 171.11 , -45.9 , 0 , 27.87 , 2.128 , 0.124 , 17.75 , 232.07
2366 , 12235 , 169.74 , -46.0 , 0 , 27.82 , 2.133 , 0.126 , 17.89 , 231.94
2375 , 12282 , 168.54 , -46.0 , 0 , 27.77 , 2.144 , 0.127 , 18.01 , 231.82
2385 , 12324 , 167.48 , -46.1 , 0 , 27.73 , 2.087 , 0.125 , 18.11 , 231.71
2395 , 12369 , 166.35 , -46.2 , 0 , 27.68 , 2.121 , 0.127 , 18.23 , 231.60
2405 , 12411 , 165.29 , -46.2 , 0 , 27.64 , 2.128 , 0.129 , 18.33 , 231.49
2415 , 12452 , 164.27 , -46.2 , 0 , 27.60 , 2.141 , 0.130 , 18.44 , 231.39
2425 , 12495 , 163.22 , -46.5 , 0 , 27.56 , 2.208 , 0.135 , 18.55 , 231.28
2435 , 12538 , 162.16 , -46.0 , 0 , 27.52 , 2.221 , 0.137 , 18.66 , 231.17
2445 , 12584 , 161.06 , -46.0 , 0 , 27.47 , 2.284 , 0.142 , 18.78 , 231.04
2455 , 12626 , 160.03 , -45.9 , 0 , 27.43 , 2.357 , 0.147 , 18.90 , 230.93
2465 , 12669 , 159.00 , -45.6 , 0 , 27.40 , 2.513 , 0.158 , 19.02 , 230.80
2475 , 12715 , 157.92 , -45.6 , 0 , 27.37 , 2.672 , 0.169 , 19.16 , 230.66
2485 , 12761 , 156.82 , -45.5 , 0 , 27.33 , 2.776 , 0.177 , 19.31 , 230.51
2495 , 12808 , 155.72 , -45.2 , 0 , 27.29 , 2.897 , 0.186 , 19.47 , 230.36
2505 , 12860 , 154.51 , -44.9 , 0 , 27.25 , 2.980 , 0.193 , 19.65 , 230.17
2515 , 12907 , 153.42 , -44.8 , 0 , 27.20 , 2.992 , 0.195 , 19.82 , 230.01
2525 , 12955 , 152.33 , -45.1 , 0 , 27.16 , 3.089 , 0.203 , 19.99 , 229.84
2535 , 13002 , 151.27 , -45.4 , 0 , 27.12 , 3.185 , 0.211 , 20.16 , 229.66
2545 , 13047 , 150.25 , -45.3 , 0 , 27.08 , 3.288 , 0.219 , 20.33 , 229.49
2555 , 13092 , 149.24 , -45.2 , 0 , 27.04 , 3.407 , 0.228 , 20.51 , 229.31
2564 , 13134 , 148.31 , -45.2 , 0 , 27.00 , 3.519 , 0.237 , 20.69 , 229.14
2574 , 13178 , 147.33 , -45.1 , 0 , 26.96 , 3.587 , 0.243 , 20.87 , 228.96
2584 , 13225 , 146.28 , -45.1 , 0 , 26.92 , 3.677 , 0.251 , 21.07 , 228.75
2594 , 13270 , 145.30 , -45.1 , 0 , 26.88 , 3.738 , 0.257 , 21.27 , 228.55
2604 , 13317 , 144.29 , -45.1 , 0 , 26.85 , 3.788 , 0.263 , 21.48 , 228.35
2614 , 13362 , 143.32 , -45.2 , 0 , 26.81 , 3.794 , 0.265 , 21.68 , 228.15
2624 , 13406 , 142.39 , -45.1 , 0 , 26.76 , 3.768 , 0.265 , 21.88 , 227.95
2634 , 13449 , 141.46 , -45.1 , 0 , 26.72 , 3.757 , 0.266 , 22.07 , 227.76
2644 , 13493 , 140.54 , -45.1 , 0 , 26.68 , 3.781 , 0.269 , 22.26 , 227.56
2654 , 13537 , 139.61 , -45.6 , 0 , 26.64 , 3.787 , 0.271 , 22.46 , 227.36
2664 , 13582 , 138.66 , -45.8 , 0 , 26.60 , 3.814 , 0.275 , 22.67 , 227.16
2674 , 13627 , 137.74 , -46.0 , 0 , 26.56 , 3.764 , 0.273 , 22.87 , 226.96
2684 , 13672 , 136.81 , -46.0 , 0 , 26.52 , 3.802 , 0.278 , 23.07 , 226.76
2694 , 13716 , 135.90 , -45.9 , 0 , 26.48 , 3.866 , 0.284 , 23.27 , 226.56
2704 , 13761 , 135.00 , -45.3 , 0 , 26.45 , 3.967 , 0.294 , 23.48 , 226.35
2714 , 13808 , 134.04 , -45.4 , 0 , 26.41 , 4.028 , 0.301 , 23.70 , 226.13
2724 , 13852 , 133.16 , -45.5 , 0 , 26.37 , 4.091 , 0.307 , 23.91 , 225.91
2734 , 13895 , 132.29 , -45.6 , 0 , 26.33 , 4.097 , 0.310 , 24.12 , 225.70
2744 , 13937 , 131.47 , -45.5 , 0 , 26.29 , 4.184 , 0.318 , 24.33 , 225.50
2754 , 13981 , 130.60 , -45.5 , 0 , 26.24 , 4.289 , 0.328 , 24.55 , 225.28
2764 , 14024 , 129.77 , -45.6 , 0 , 26.21 , 4.424 , 0.341 , 24.77 , 225.06
2774 , 14068 , 128.92 , -45.6 , 0 , 26.17 , 4.496 , 0.349 , 25.00 , 224.83
2784 , 14110 , 128.09 , -45.6 , 0 , 26.13 , 4.635 , 0.362 , 25.23 , 224.60
2794 , 14153 , 127.27 , -45.0 , 0 , 26.08 , 4.869 , 0.383 , 25.47 , 224.36
2804 , 14195 , 126.49 , -44.8 , 0 , 26.03 , 5.130 , 0.406 , 25.72 , 224.11
2814 , 14237 , 125.68 , -44.9 , 0 , 25.98 , 5.382 , 0.428 , 25.98 , 223.85
2824 , 14280 , 124.89 , -45.0 , 0 , 25.94 , 5.518 , 0.442 , 26.25 , 223.57
2834 , 14324 , 124.07 , -44.9 , 0 , 25.91 , 5.609 , 0.452 , 26.54 , 223.28
2844 , 14366 , 123.28 , -45.2 , 0 , 25.87 , 5.732 , 0.465 , 26.83 , 223.00
2854 , 14407 , 122.53 , -45.2 , 0 , 25.82 , 5.827 , 0.476 , 27.11 , 222.72
2863 , 14449 , 121.77 , -45.5 , 0 , 25.79 , 5.936 , 0.487 , 27.40 , 222.43
2872 , 14485 , 121.10 , -45.5 , 0 , 25.75 , 5.962 , 0.492 , 27.66 , 222.17
2882 , 14523 , 120.42 , -45.3 , 0 , 25.71 , 6.139 , 0.510 , 27.92 , 221.90
2892 , 14565 , 119.66 , -45.1 , 0 , 25.67 , 6.409 , 0.536 , 28.24 , 221.59
2902 , 14610 , 118.85 , -45.3 , 0 , 25.63 , 6.659 , 0.560 , 28.59 , 221.24
2912 , 14654 , 118.06 , -45.6 , 0 , 25.59 , 6.827 , 0.578 , 28.94 , 220.89
2922 , 14699 , 117.27 , -45.7 , 0 , 25.56 , 7.012 , 0.598 , 29.31 , 220.52
2932 , 14743 , 116.51 , -45.7 , 0 , 25.52 , 7.025 , 0.603 , 29.67 , 220.16
2942 , 14789 , 115.71 , -45.5 , 0 , 25.49 , 7.346 , 0.635 , 30.06 , 219.77
2952 , 14834 , 114.93 , -45.8 , 0 , 25.45 , 7.659 , 0.666 , 30.46 , 219.37
2962 , 14882 , 114.09 , -45.8 , 0 , 25.41 , 7.832 , 0.686 , 30.91 , 218.92
2972 , 14932 , 113.24 , -46.1 , 0 , 25.38 , 7.803 , 0.689 , 31.37 , 218.46
2982 , 14982 , 112.40 , -46.1 , 0 , 25.35 , 7.687 , 0.684 , 31.83 , 218.00
2992 , 15034 , 111.52 , -46.1 , 0 , 25.31 , 7.478 , 0.671 , 32.29 , 217.53
3002 , 15083 , 110.70 , -45.8 , 0 , 25.28 , 7.334 , 0.663 , 32.73 , 217.10
3012 , 15134 , 109.86 , -45.7 , 0 , 25.25 , 7.293 , 0.664 , 33.17 , 216.66
3022 , 15184 , 109.03 , -45.5 , 0 , 25.22 , 7.379 , 0.677 , 33.61 , 216.22
3032 , 15233 , 108.23 , -45.2 , 0 , 25.19 , 7.745 , 0.716 , 34.05 , 215.78
3042 , 15279 , 107.49 , -45.1 , 0 , 25.16 , 8.448 , 0.786 , 34.48 , 215.34
3052 , 15328 , 106.70 , -45.2 , 0 , 25.12 , 9.125 , 0.855 , 34.99 , 214.84
3062 , 15382 , 105.85 , -45.3 , 0 , 25.09 , 9.481 , 0.896 , 35.58 , 214.24
3072 , 15435 , 105.00 , -45.8 , 0 , 25.05 , 9.661 , 0.920 , 36.19 , 213.64
3082 , 15485 , 104.23 , -45.9 , 0 , 25.02 , 9.539 , 0.915 , 36.75 , 213.08
3092 , 15531 , 103.49 , -45.9 , 0 , 24.98 , 9.335 , 0.902 , 37.28 , 212.55
3101 , 15575 , 102.81 , -45.9 , 0 , 24.94 , 9.529 , 0.927 , 37.77 , 212.06
3111 , 15620 , 102.12 , -45.9 , 0 , 24.90 , 9.815 , 0.961 , 38.28 , 211.54
3121 , 15667 , 101.40 , -45.9 , 0 , 24.87 , 9.969 , 0.983 , 38.83 , 210.99
3131 , 15714 , 100.70 , -45.8 , 0 , 24.83 , 10.116 , 1.005 , 39.39 , 210.44
3141 , 15758 , 100.04 , -45.7 , 0 , 24.80 , 10.165 , 1.016 , 39.91 , 209.91
3151 , 15800 , 99.40 , -45.8 , 0 , 24.77 , 10.293 , 1.036 , 40.43 , 209.40
3161 , 15842 , 98.77 , -45.9 , 0 , 24.74 , 10.379 , 1.051 , 40.95 , 208.88
3170 , 15886 , 98.12 , -45.8 , 0 , 24.70 , 10.481 , 1.068 , 41.49 , 208.34
3179 , 15928 , 97.50 , -45.6 , 0 , 24.67 , 10.523 , 1.079 , 42.01 , 207.81
3189 , 15971 , 96.88 , -45.5 , 0 , 24.64 , 10.660 , 1.100 , 42.55 , 207.28
3199 , 16015 , 96.24 , -45.1 , 0 , 24.61 , 10.717 , 1.114 , 43.11 , 206.72
3209 , 16059 , 95.61 , -44.7 , 0 , 24.57 , 10.840 , 1.134 , 43.67 , 206.16
3219 , 16105 , 94.95 , -44.3 , 0 , 24.54 , 10.898 , 1.148 , 44.26 , 205.57
3229 , 16150 , 94.32 , -44.2 , 0 , 24.50 , 10.871 , 1.153 , 44.83 , 205.00
3239 , 16194 , 93.70 , -44.3 , 0 , 24.47 , 10.807 , 1.153 , 45.40 , 204.43
3249 , 16237 , 93.10 , -44.2 , 0 , 24.43 , 10.762 , 1.156 , 45.95 , 203.88
3259 , 16280 , 92.51 , -44.5 , 0 , 24.40 , 10.697 , 1.156 , 46.48 , 203.35
3269 , 16326 , 91.87 , -44.7 , 0 , 24.37 , 10.630 , 1.157 , 47.07 , 202.76
3279 , 16372 , 91.25 , -44.4 , 0 , 24.34 , 10.281 , 1.127 , 47.63 , 202.20
3289 , 16417 , 90.63 , -44.4 , 0 , 24.30 , 10.058 , 1.110 , 48.17 , 201.65
3299 , 16464 , 89.99 , -44.6 , 0 , 24.27 , 9.852 , 1.095 , 48.73 , 201.10
3309 , 16508 , 89.41 , -44.7 , 0 , 24.23 , 9.648 , 1.079 , 49.22 , 200.60
3319 , 16551 , 88.84 , -44.8 , 0 , 24.20 , 9.592 , 1.080 , 49.71 , 200.11
3329 , 16595 , 88.25 , -44.8 , 0 , 24.16 , 9.457 , 1.072 , 50.21 , 199.61
3339 , 16643 , 87.63 , -44.7 , 0 , 24.14 , 9.304 , 1.062 , 50.74 , 199.09
3349 , 16688 , 87.03 , -44.7 , 0 , 24.10 , 9.199 , 1.057 , 51.24 , 198.59
3359 , 16734 , 86.43 , -44.6 , 0 , 24.07 , 9.215 , 1.066 , 51.74 , 198.09
3369 , 16779 , 85.86 , -44.6 , 0 , 24.04 , 9.292 , 1.082 , 52.22 , 197.61
3379 , 16824 , 85.29 , -44.4 , 0 , 24.00 , 9.450 , 1.108 , 52.72 , 197.11
3389 , 16867 , 84.74 , -44.5 , 0 , 23.97 , 9.803 , 1.157 , 53.21 , 196.62
3399 , 16911 , 84.18 , -44.8 , 0 , 23.93 , 10.361 , 1.231 , 53.74 , 196.09
3409 , 16957 , 83.60 , -44.9 , 0 , 23.90 , 10.683 , 1.278 , 54.31 , 195.52
3419 , 17005 , 83.00 , -45.0 , 0 , 23.87 , 10.941 , 1.318 , 54.92 , 194.91
3429 , 17052 , 82.42 , -45.2 , 0 , 23.84 , 11.122 , 1.349 , 55.53 , 194.29
3439 , 17101 , 81.82 , -45.3 , 0 , 23.80 , 11.146 , 1.362 , 56.17 , 193.66
3449 , 17149 , 81.24 , -45.2 , 0 , 23.77 , 11.136 , 1.371 , 56.80 , 193.02
3459 , 17196 , 80.66 , -45.1 , 0 , 23.74 , 10.726 , 1.330 , 57.42 , 192.41
3469 , 17246 , 80.06 , -45.2 , 0 , 23.70 , 10.266 , 1.282 , 58.04 , 191.79
3478 , 17290 , 79.53 , -45.3 , 0 , 23.68 , 9.906 , 1.246 , 58.56 , 191.26
3487 , 17331 , 79.05 , -45.4 , 0 , 23.64 , 9.750 , 1.233 , 59.04 , 190.79
3497 , 17376 , 78.52 , -45.3 , 0 , 23.62 , 9.613 , 1.224 , 59.55 , 190.27
3507 , 17422 , 77.97 , -45.3 , 0 , 23.58 , 9.554 , 1.225 , 60.08 , 189.74
3517 , 17469 , 77.43 , -45.4 , 0 , 23.55 , 9.669 , 1.249 , 60.61 , 189.21
3527 , 17518 , 76.86 , -45.4 , 0 , 23.52 , 9.713 , 1.264 , 61.18 , 188.65
3537 , 17565 , 76.32 , -45.3 , 0 , 23.49 , 9.721 , 1.274 , 61.71 , 188.11
3547 , 17614 , 75.76 , -45.1 , 0 , 23.46 , 9.999 , 1.320 , 62.28 , 187.54
3557 , 17660 , 75.25 , -45.1 , 0 , 23.43 , 10.331 , 1.373 , 62.84 , 186.99
3567 , 17704 , 74.75 , -45.0 , 0 , 23.40 , 10.915 , 1.460 , 63.39 , 186.44
3577 , 17752 , 74.21 , -45.1 , 0 , 23.37 , 11.487 , 1.548 , 64.02 , 185.80
3587 , 17800 , 73.68 , -45.3 , 0 , 23.34 , 11.734 , 1.592 , 64.68 , 185.15
3597 , 17846 , 73.17 , -45.5 , 0 , 23.30 , 11.864 , 1.621 , 65.33 , 184.50
3607 , 17890 , 72.70 , -45.4 , 0 , 23.27 , 11.946 , 1.643 , 65.95 , 183.88
3617 , 17933 , 72.22 , -45.7 , 0 , 23.24 , 11.988 , 1.660 , 66.56 , 183.26
3627 , 17978 , 71.74 , -45.8 , 0 , 23.21 , 12.024 , 1.676 , 67.20 , 182.62
3637 , 18023 , 71.25 , -45.7 , 0 , 23.18 , 12.082 , 1.696 , 67.85 , 181.98
3647 , 18070 , 70.75 , -45.6 , 0 , 23.15 , 12.077 , 1.707 , 68.52 , 181.31
3657 , 18115 , 70.28 , -45.5 , 0 , 23.12 , 12.174 , 1.732 , 69.16 , 180.67
3666 , 18156 , 69.85 , -45.1 , 0 , 23.09 , 12.203 , 1.747 , 69.75 , 180.07
3676 , 18197 , 69.41 , -44.9 , 0 , 23.06 , 12.245 , 1.764 , 70.35 , 179.48
3686 , 18242 , 68.95 , -44.8 , 0 , 23.03 , 12.268 , 1.779 , 71.00 , 178.83
3696 , 18289 , 68.47 , -45.0 , 0 , 23.00 , 12.337 , 1.802 , 71.68 , 178.15
3706 , 18334 , 68.01 , -44.9 , 0 , 22.97 , 12.354 , 1.817 , 72.34 , 177.49
3716 , 18381 , 67.53 , -44.9 , 0 , 22.94 , 12.476 , 1.847 , 73.03 , 176.80
3726 , 18425 , 67.09 , -44.7 , 0 , 22.91 , 12.591 , 1.877 , 73.68 , 176.14
3736 , 18471 , 66.63 , -44.6 , 0 , 22.88 , 12.680 , 1.903 , 74.37 , 175.46
3746 , 18514 , 66.20 , -44.4 , 0 , 22.85 , 12.700 , 1.918 , 75.01 , 174.82
3756 , 18559 , 65.76 , -44.2 , 0 , 22.82 , 12.764 , 1.941 , 75.68 , 174.14
3766 , 18606 , 65.31 , -44.1 , 0 , 22.79 , 12.885 , 1.973 , 76.38 , 173.44
3776 , 18655 , 64.83 , -43.5 , 0 , 22.76 , 12.961 , 1.999 , 77.13 , 172.70
3785 , 18701 , 64.39 , -43.2 , 0 , 22.73 , 12.928 , 2.008 , 77.83 , 172.00
3795 , 18752 , 63.90 , -43.6 , 0 , 22.70 , 12.777 , 2.000 , 78.60 , 171.23
3805 , 18804 , 63.41 , -44.0 , 0 , 22.67 , 12.749 , 2.011 , 79.38 , 170.45
3815 , 18852 , 62.95 , -44.4 , 0 , 22.64 , 12.412 , 1.972 , 80.10 , 169.73
3825 , 18899 , 62.51 , -44.6 , 0 , 22.61 , 12.172 , 1.947 , 80.77 , 169.05
3835 , 18946 , 62.08 , -44.6 , 0 , 22.59 , 12.083 , 1.946 , 81.44 , 168.38
3845 , 18993 , 61.64 , -44.7 , 0 , 22.56 , 12.027 , 1.951 , 82.11 , 167.71
3855 , 19042 , 61.19 , -44.7 , 0 , 22.53 , 12.357 , 2.019 , 82.81 , 167.01
3865 , 19089 , 60.76 , -44.6 , 0 , 22.50 , 12.335 , 2.030 , 83.51 , 166.32
3875 , 19137 , 60.33 , -44.4 , 0 , 22.47 , 12.203 , 2.023 , 84.20 , 165.63
3885 , 19184 , 59.91 , -44.5 , 0 , 22.44 , 12.181 , 2.033 , 84.87 , 164.95
3895 , 19233 , 59.47 , -44.4 , 0 , 22.41 , 12.166 , 2.046 , 85.57 , 164.25
3905 , 19279 , 59.06 , -44.5 , 0 , 22.38 , 12.224 , 2.070 , 86.24 , 163.59
3915 , 19328 , 58.63 , -44.6 , 0 , 22.35 , 12.268 , 2.092 , 86.94 , 162.89
3925 , 19376 , 58.21 , -44.7 , 0 , 22.32 , 12.270 , 2.108 , 87.64 , 162.19
3935 , 19426 , 57.78 , -44.7 , 0 , 22.29 , 12.245 , 2.119 , 88.37 , 161.46
3945 , 19476 , 57.35 , -44.6 , 0 , 22.22 , 12.268 , 2.139 , 89.08 , 160.74
3955 , 19525 , 56.93 , -44.7 , 0 , 22.17 , 12.220 , 2.146 , 89.79 , 160.04
3965 , 19574 , 56.51 , -44.9 , 0 , 22.15 , 12.216 , 2.162 , 90.50 , 159.32
3975 , 19622 , 56.11 , -44.8 , 0 , 22.13 , 12.366 , 2.204 , 91.20 , 158.62
3985 , 19671 , 55.70 , -44.8 , 0 , 22.11 , 12.382 , 2.223 , 91.91 , 157.91
3995 , 19721 , 55.28 , -44.8 , 0 , 22.09 , 12.448 , 2.252 , 92.65 , 157.18
4005 , 19770 , 54.88 , -44.7 , 0 , 22.06 , 12.599 , 2.296 , 93.38 , 156.45
4015 , 19818 , 54.48 , -44.8 , 0 , 22.03 , 12.698 , 2.331 , 94.10 , 155.73
4025 , 19867 , 54.09 , -45.0 , 0 , 22.01 , 12.672 , 2.343 , 94.83 , 155.00
4035 , 19918 , 53.67 , -45.2 , 0 , 21.97 , 12.708 , 2.368 , 95.59 , 154.23
4045 , 19967 , 53.28 , -44.9 , 0 , 21.94 , 12.596 , 2.364 , 96.32 , 153.50
4055 , 20014 , 52.91 , -45.0 , 0 , 21.91 , 12.604 , 2.382 , 97.03 , 152.80
4065 , 20065 , 52.50 , -45.2 , 0 , 21.88 , 12.500 , 2.381 , 97.79 , 152.04
4075 , 20114 , 52.13 , -45.0 , 0 , 21.85 , 12.486 , 2.395 , 98.50 , 151.33
4084 , 20161 , 51.76 , -44.9 , 0 , 21.83 , 12.439 , 2.403 , 99.19 , 150.63
4094 , 20208 , 51.40 , -45.0 , 0 , 21.80 , 12.439 , 2.420 , 99.89 , 149.94
4104 , 20253 , 51.05 , -45.3 , 0 , 21.77 , 12.395 , 2.428 , 100.55 , 149.27
4114 , 20300 , 50.69 , -45.3 , 0 , 21.74 , 12.321 , 2.430 , 101.23 , 148.60
4124 , 20346 , 50.34 , -45.3 , 0 , 21.71 , 12.242 , 2.432 , 101.90 , 147.93
4134 , 20395 , 49.98 , -45.3 , 0 , 21.68 , 12.245 , 2.450 , 102.61 , 147.22
4144 , 20445 , 49.60 , -45.6 , 0 , 21.65 , 12.234 , 2.466 , 103.34 , 146.49
4154 , 20493 , 49.24 , -45.6 , 0 , 21.62 , 12.140 , 2.465 , 104.04 , 145.79
4164 , 20543 , 48.88 , -45.6 , 0 , 21.59 , 12.151 , 2.486 , 104.74 , 145.08
4174 , 20592 , 48.52 , -45.3 , 0 , 21.56 , 11.960 , 2.465 , 105.45 , 144.38
4184 , 20640 , 48.17 , -45.4 , 0 , 21.53 , 11.917 , 2.474 , 106.12 , 143.70
4194 , 20689 , 47.82 , -45.5 , 0 , 21.50 , 11.795 , 2.466 , 106.81 , 143.02
4204 , 20734 , 47.49 , -45.6 , 0 , 21.47 , 11.691 , 2.462 , 107.44 , 142.38
4214 , 20784 , 47.14 , -45.7 , 0 , 21.44 , 11.557 , 2.452 , 108.14 , 141.69
4224 , 20835 , 46.78 , -45.7 , 0 , 21.41 , 11.531 , 2.465 , 108.82 , 141.00
4234 , 20884 , 46.44 , -45.1 , 0 , 21.38 , 11.422 , 2.460 , 109.50 , 140.33
4244 , 20931 , 46.11 , -45.1 , 0 , 21.35 , 11.408 , 2.474 , 110.13 , 139.69
4254 , 20982 , 45.76 , -45.1 , 0 , 21.32 , 11.357 , 2.482 , 110.82 , 139.01
4264 , 21031 , 45.43 , -45.3 , 0 , 21.29 , 11.340 , 2.496 , 111.47 , 138.36
4274 , 21083 , 45.07 , -45.5 , 0 , 21.26 , 11.396 , 2.528 , 112.18 , 137.65
4284 , 21135 , 44.72 , -45.7 , 0 , 21.23 , 11.379 , 2.544 , 112.87 , 136.95
4294 , 21186 , 44.38 , -45.8 , 0 , 21.21 , 11.447 , 2.579 , 113.56 , 136.27
4304 , 21235 , 44.06 , -45.7 , 0 , 21.18 , 11.530 , 2.617 , 114.23 , 135.60
4314 , 21283 , 43.74 , -45.4 , 0 , 21.15 , 11.561 , 2.643 , 114.89 , 134.94
4324 , 21330 , 43.43 , -45.4 , 0 , 21.12 , 11.439 , 2.634 , 115.53 , 134.29
4334 , 21380 , 43.11 , -45.3 , 0 , 21.09 , 11.444 , 2.655 , 116.21 , 133.62
4344 , 21429 , 42.79 , -45.4 , 0 , 21.06 , 11.383 , 2.660 , 116.86 , 132.96
4354 , 21479 , 42.48 , -45.1 , 0 , 21.04 , 11.204 , 2.638 , 117.53 , 132.30
4364 , 21529 , 42.15 , -45.4 , 0 , 21.01 , 10.667 , 2.530 , 118.18 , 131.64
4374 , 21578 , 41.85 , -45.5 , 0 , 20.98 , 9.893 , 2.364 , 118.77 , 131.05
4384 , 21626 , 41.54 , -45.4 , 0 , 20.95 , 9.283 , 2.234 , 119.33 , 130.50
4393 , 21672 , 41.26 , -45.4 , 0 , 20.93 , 8.973 , 2.175 , 119.82 , 130.00
4402 , 21718 , 40.98 , -45.2 , 0 , 20.91 , 8.923 , 2.177 , 120.31 , 129.52
4412 , 21763 , 40.70 , -45.2 , 0 , 20.88 , 8.968 , 2.203 , 120.78 , 129.04
4422 , 21812 , 40.41 , -45.1 , 0 , 20.85 , 8.998 , 2.227 , 121.30 , 128.53
4432 , 21863 , 40.10 , -45.2 , 0 , 20.83 , 9.013 , 2.248 , 121.84 , 127.98
4442 , 21913 , 39.80 , -45.1 , 0 , 20.80 , 9.060 , 2.276 , 122.38 , 127.45
4452 , 21962 , 39.51 , -45.2 , 0 , 20.78 , 9.188 , 2.326 , 122.90 , 126.92
4462 , 22012 , 39.21 , -45.3 , 0 , 20.75 , 9.271 , 2.364 , 123.46 , 126.37
4472 , 22063 , 38.91 , -45.4 , 0 , 20.73 , 9.327 , 2.397 , 124.02 , 125.81
4482 , 22111 , 38.63 , -45.4 , 0 , 20.70 , 9.487 , 2.456 , 124.55 , 125.28
4492 , 22163 , 38.33 , -45.5 , 0 , 20.68 , 8.715 , 2.273 , 125.11 , 124.72
4502 , 22214 , 38.04 , -45.5 , 0 , 20.65 , 8.884 , 2.335 , 125.64 , 124.18
4512 , 22265 , 37.75 , -45.6 , 0 , 20.63 , 9.214 , 2.441 , 126.19 , 123.64
4522 , 22317 , 37.46 , -45.7 , 0 , 20.61 , 9.357 , 2.498 , 126.77 , 123.06
4532 , 22367 , 37.18 , -45.4 , 0 , 20.58 , 9.601 , 2.583 , 127.32 , 122.50
4542 , 22419 , 36.89 , -45.2 , 0 , 20.56 , 9.915 , 2.688 , 127.92 , 121.91
4552 , 22468 , 36.62 , -45.2 , 0 , 20.54 , 10.143 , 2.770 , 128.50 , 121.32
4562 , 22518 , 36.34 , -45.0 , 0 , 20.52 , 10.387 , 2.858 , 129.12 , 120.71
4572 , 22571 , 36.06 , -45.0 , 0 , 20.50 , 10.652 , 2.954 , 129.77 , 120.06
4582 , 22622 , 35.79 , -45.0 , 0 , 20.48 , 11.007 , 3.076 , 130.42 , 119.41
4592 , 22674 , 35.51 , -45.2 , 0 , 20.45 , 11.307 , 3.184 , 131.11 , 118.72
4602 , 22724 , 35.24 , -45.2 , 0 , 20.43 , 11.511 , 3.266 , 131.79 , 118.04
4612 , 22775 , 34.97 , -45.1 , 0 , 20.41 , 11.643 , 3.329 , 132.48 , 117.34
4621 , 22825 , 34.71 , -45.0 , 0 , 20.39 , 11.724 , 3.377 , 133.17 , 116.66
4631 , 22872 , 34.47 , -44.7 , 0 , 20.37 , 11.787 , 3.420 , 133.82 , 116.01
4641 , 22924 , 34.20 , -44.5 , 0 , 20.35 , 11.810 , 3.453 , 134.54 , 115.28
4651 , 22976 , 33.94 , -44.4 , 0 , 20.32 , 11.865 , 3.496 , 135.27 , 114.55
4661 , 23030 , 33.67 , -44.4 , 0 , 20.30 , 11.991 , 3.562 , 136.03 , 113.80
4671 , 23079 , 33.42 , -44.5 , 0 , 20.28 , 11.893 , 3.559 , 136.72 , 113.11
4681 , 23128 , 33.18 , -44.5 , 0 , 20.26 , 11.735 , 3.537 , 137.41 , 112.42
4691 , 23179 , 32.92 , -44.4 , 0 , 20.24 , 11.669 , 3.545 , 138.12 , 111.71
4701 , 23232 , 32.66 , -44.2 , 0 , 20.22 , 11.504 , 3.522 , 138.83 , 111.00
4710 , 23280 , 32.43 , -44.2 , 0 , 20.20 , 11.263 , 3.473 , 139.47 , 110.36
4720 , 23324 , 32.22 , -44.2 , 0 , 20.18 , 11.103 , 3.446 , 140.06 , 109.77
4730 , 23372 , 31.99 , -44.1 , 0 , 20.16 , 11.018 , 3.444 , 140.69 , 109.14
4740 , 23422 , 31.75 , -44.1 , 0 , 20.13 , 10.952 , 3.449 , 141.33 , 108.50
4750 , 23472 , 31.52 , -44.1 , 0 , 20.11 , 10.963 , 3.479 , 141.97 , 107.86
4760 , 23524 , 31.27 , -44.2 , 0 , 20.10 , 10.954 , 3.503 , 142.64 , 107.19
4770 , 23575 , 31.04 , -44.4 , 0 , 20.08 , 10.923 , 3.519 , 143.29 , 106.53
4780 , 23628 , 30.79 , -44.6 , 0 , 20.05 , 10.849 , 3.524 , 143.98 , 105.84
4790 , 23678 , 30.56 , -44.2 , 0 , 20.04 , 10.804 , 3.535 , 144.62 , 105.21
4800 , 23729 , 30.33 , -43.7 , 0 , 20.02 , 10.927 , 3.603 , 145.27 , 104.56
4809 , 23778 , 30.11 , -43.1 , 0 , 20.00 , 11.035 , 3.665 , 145.90 , 103.92
4819 , 23825 , 29.90 , -43.0 , 0 , 19.98 , 11.168 , 3.735 , 146.51 , 103.32
4829 , 23877 , 29.67 , -42.8 , 0 , 19.96 , 11.379 , 3.835 , 147.20 , 102.62
4839 , 23930 , 29.44 , -42.5 , 0 , 19.95 , 11.539 , 3.920 , 147.91 , 101.92
4849 , 23981 , 29.22 , -42.4 , 0 , 19.93 , 11.676 , 3.996 , 148.60 , 101.22
4859 , 24032 , 29.00 , -42.3 , 0 , 19.91 , 11.822 , 4.077 , 149.30 , 100.52
4869 , 24084 , 28.77 , -42.2 , 0 , 19.89 , 11.874 , 4.127 , 150.03 , 99.80
4879 , 24136 , 28.55 , -42.4 , 0 , 19.87 , 11.885 , 4.163 , 150.75 , 99.08
4889 , 24189 , 28.33 , -42.5 , 0 , 19.85 , 11.825 , 4.174 , 151.48 , 98.35
4899 , 24243 , 28.11 , -42.7 , 0 , 19.84 , 11.652 , 4.146 , 152.22 , 97.61
4909 , 24298 , 27.88 , -42.9 , 0 , 19.82 , 11.459 , 4.110 , 152.96 , 96.87
4919 , 24351 , 27.66 , -43.0 , 0 , 19.79 , 11.399 , 4.121 , 153.67 , 96.16
4929 , 24404 , 27.44 , -42.9 , 0 , 19.78 , 11.235 , 4.094 , 154.37 , 95.45
4939 , 24459 , 27.22 , -43.0 , 0 , 19.76 , 11.113 , 4.083 , 155.09 , 94.73
4949 , 24508 , 27.02 , -43.0 , 0 , 19.73 , 11.003 , 4.072 , 155.73 , 94.09
4959 , 24561 , 26.81 , -43.1 , 0 , 19.71 , 10.897 , 4.065 , 156.41 , 93.41
4969 , 24615 , 26.59 , -43.1 , 0 , 19.69 , 10.850 , 4.080 , 157.10 , 92.73
4979 , 24668 , 26.39 , -43.2 , 0 , 19.67 , 10.770 , 4.081 , 157.77 , 92.06
4989 , 24718 , 26.19 , -43.2 , 0 , 19.65 , 10.728 , 4.096 , 158.40 , 91.42
4999 , 24772 , 25.98 , -43.3 , 0 , 19.62 , 10.655 , 4.101 , 159.07 , 90.75
5008 , 24823 , 25.79 , -43.2 , 0 , 19.60 , 10.604 , 4.112 , 159.71 , 90.12
5018 , 24874 , 25.59 , -43.1 , 0 , 19.58 , 10.537 , 4.117 , 160.34 , 89.49
5028 , 24926 , 25.39 , -43.0 , 0 , 19.56 , 10.468 , 4.122 , 160.99 , 88.84
5038 , 24981 , 25.19 , -43.0 , 0 , 19.54 , 10.443 , 4.146 , 161.66 , 88.17
5048 , 25034 , 24.99 , -43.0 , 0 , 19.51 , 10.325 , 4.132 , 162.30 , 87.52
5058 , 25085 , 24.80 , -42.7 , 0 , 19.49 , 10.221 , 4.121 , 162.92 , 86.91
5068 , 25140 , 24.60 , -42.8 , 0 , 19.46 , 10.092 , 4.102 , 163.57 , 86.26
5078 , 25192 , 24.41 , -42.9 , 0 , 19.44 , 9.989 , 4.092 , 164.18 , 85.65
5088 , 25244 , 24.22 , -42.9 , 0 , 19.41 , 9.928 , 4.098 , 164.79 , 85.04
5098 , 25297 , 24.04 , -42.9 , 0 , 19.38 , 9.871 , 4.107 , 165.40 , 84.43
5108 , 25349 , 23.85 , -43.1 , 0 , 19.36 , 9.817 , 4.116 , 166.00 , 83.83
5118 , 25401 , 23.67 , -43.1 , 0 , 19.33 , 9.731 , 4.112 , 166.59 , 83.24
5128 , 25453 , 23.48 , -43.2 , 0 , 19.31 , 9.675 , 4.120 , 167.19 , 82.63
5138 , 25504 , 23.31 , -43.2 , 0 , 19.28 , 9.661 , 4.145 , 167.77 , 82.06
5148 , 25556 , 23.13 , -43.4 , 0 , 19.26 , 9.610 , 4.155 , 168.36 , 81.47
5158 , 25608 , 22.95 , -43.5 , 0 , 19.23 , 9.525 , 4.151 , 168.94 , 80.88
5168 , 25662 , 22.76 , -43.5 , 0 , 19.20 , 9.457 , 4.154 , 169.54 , 80.28
5178 , 25713 , 22.59 , -43.4 , 0 , 19.17 , 9.492 , 4.201 , 170.11 , 79.72
5188 , 25766 , 22.42 , -43.2 , 0 , 19.15 , 9.449 , 4.215 , 170.69 , 79.13
5198 , 25819 , 22.24 , -43.2 , 0 , 19.12 , 9.413 , 4.233 , 171.28 , 78.54
5208 , 25876 , 22.05 , -43.0 , 0 , 19.09 , 9.414 , 4.269 , 171.92 , 77.91
5218 , 25931 , 21.87 , -42.5 , 0 , 19.06 , 9.457 , 4.323 , 172.52 , 77.31
5228 , 25984 , 21.70 , -42.3 , 0 , 19.04 , 9.505 , 4.379 , 173.10 , 76.73
5238 , 26036 , 21.53 , -42.1 , 0 , 19.01 , 9.420 , 4.374 , 173.69 , 76.14
5248 , 26087 , 21.37 , -42.0 , 0 , 18.98 , 9.526 , 4.457 , 174.25 , 75.58
5258 , 26138 , 21.21 , -41.9 , 0 , 18.95 , 9.614 , 4.532 , 174.81 , 75.01
5268 , 26195 , 21.04 , -41.9 , 0 , 18.93 , 9.656 , 4.590 , 175.45 , 74.37
5278 , 26249 , 20.87 , -42.2 , 0 , 18.90 , 9.617 , 4.609 , 176.07 , 73.76
5288 , 26304 , 20.70 , -42.2 , 0 , 18.88 , 9.577 , 4.626 , 176.67 , 73.16
5298 , 26355 , 20.55 , -42.1 , 0 , 18.85 , 9.548 , 4.647 , 177.24 , 72.59
5307 , 26407 , 20.39 , -42.1 , 0 , 18.83 , 9.543 , 4.681 , 177.83 , 72.00
5317 , 26459 , 20.23 , -42.1 , 0 , 18.80 , 9.509 , 4.700 , 178.40 , 71.43
5327 , 26515 , 20.06 , -41.7 , 0 , 18.77 , 9.502 , 4.736 , 179.02 , 70.80
5337 , 26569 , 19.91 , -41.8 , 0 , 18.75 , 9.653 , 4.849 , 179.62 , 70.20
5347 , 26627 , 19.73 , -42.1 , 0 , 18.73 , 9.670 , 4.900 , 180.28 , 69.55
5357 , 26679 , 19.58 , -42.2 , 0 , 18.70 , 9.569 , 4.886 , 180.86 , 68.97
5367 , 26733 , 19.43 , -42.6 , 0 , 18.68 , 9.444 , 4.861 , 181.46 , 68.36
5377 , 26788 , 19.27 , -42.7 , 0 , 18.65 , 9.401 , 4.879 , 182.07 , 67.75
5387 , 26842 , 19.12 , -42.8 , 0 , 18.62 , 9.458 , 4.947 , 182.66 , 67.16
5397 , 26895 , 18.97 , -42.8 , 0 , 18.60 , 9.433 , 4.973 , 183.25 , 66.58
5407 , 26952 , 18.81 , -43.0 , 0 , 18.58 , 9.432 , 5.015 , 183.88 , 65.95
5417 , 27007 , 18.65 , -43.1 , 0 , 18.55 , 9.377 , 5.027 , 184.49 , 65.34
5427 , 27063 , 18.50 , -42.9 , 0 , 18.53 , 9.367 , 5.063 , 185.10 , 64.73
5437 , 27120 , 18.34 , -42.5 , 0 , 18.51 , 9.353 , 5.098 , 185.72 , 64.10
5447 , 27172 , 18.20 , -42.3 , 0 , 18.48 , 9.248 , 5.081 , 186.29 , 63.53
5457 , 27230 , 18.05 , -42.0 , 0 , 18.46 , 9.130 , 5.059 , 186.91 , 62.92
5467 , 27280 , 17.91 , -41.9 , 0 , 18.43 , 9.006 , 5.027 , 187.45 , 62.38
5477 , 27340 , 17.76 , -41.8 , 0 , 18.41 , 8.916 , 5.021 , 188.07 , 61.76
5487 , 27395 , 17.61 , -41.6 , 0 , 18.39 , 8.739 , 4.962 , 188.63 , 61.20
5497 , 27450 , 17.47 , -41.7 , 0 , 18.36 , 8.650 , 4.951 , 189.19 , 60.63
5507 , 27506 , 17.33 , -41.7 , 0 , 18.34 , 8.617 , 4.973 , 189.75 , 60.07
5517 , 27559 , 17.19 , -41.9 , 0 , 18.32 , 8.561 , 4.980 , 190.28 , 59.54
5527 , 27611 , 17.06 , -42.1 , 0 , 18.29 , 8.488 , 4.975 , 190.80 , 59.02
5537 , 27664 , 16.93 , -42.3 , 0 , 18.27 , 8.391 , 4.957 , 191.32 , 58.50
5547 , 27717 , 16.80 , -42.5 , 0 , 18.25 , 8.265 , 4.921 , 191.84 , 57.99
5557 , 27772 , 16.66 , -42.4 , 0 , 18.23 , 8.156 , 4.896 , 192.37 , 57.46
5567 , 27827 , 16.52 , -42.5 , 0 , 18.20 , 8.034 , 4.862 , 192.89 , 56.94
5577 , 27879 , 16.40 , -42.5 , 0 , 18.18 , 7.927 , 4.835 , 193.37 , 56.45
5587 , 27932 , 16.27 , -42.4 , 0 , 18.16 , 7.807 , 4.799 , 193.86 , 55.96
5597 , 27990 , 16.13 , -42.4 , 0 , 18.14 , 7.725 , 4.789 , 194.38 , 55.44
5607 , 28041 , 16.01 , -42.5 , 0 , 18.12 , 7.630 , 4.766 , 194.84 , 54.98
5616 , 28094 , 15.88 , -42.4 , 0 , 18.10 , 7.560 , 4.760 , 195.31 , 54.51
5625 , 28150 , 15.75 , -42.6 , 0 , 18.08 , 7.482 , 4.750 , 195.80 , 54.02
5635 , 28204 , 15.63 , -42.3 , 0 , 18.06 , 7.374 , 4.719 , 196.27 , 53.55
5645 , 28266 , 15.48 , -42.4 , 0 , 18.03 , 7.273 , 4.697 , 196.80 , 53.02
5655 , 28321 , 15.36 , -42.6 , 0 , 18.01 , 7.166 , 4.666 , 197.27 , 52.56
5665 , 28376 , 15.23 , -42.6 , 0 , 17.99 , 7.066 , 4.638 , 197.73 , 52.10
5675 , 28432 , 15.11 , -42.5 , 0 , 17.97 , 6.949 , 4.599 , 198.18 , 51.64
5685 , 28489 , 14.98 , -42.5 , 0 , 17.95 , 6.863 , 4.581 , 198.64 , 51.18
5695 , 28546 , 14.86 , -42.6 , 0 , 17.93 , 6.744 , 4.540 , 199.10 , 50.73
5705 , 28602 , 14.73 , -42.7 , 0 , 17.91 , 6.700 , 4.548 , 199.54 , 50.29
5715 , 28657 , 14.61 , -42.9 , 0 , 17.89 , 6.638 , 4.543 , 199.97 , 49.85
5725 , 28716 , 14.49 , -43.1 , 0 , 17.86 , 6.605 , 4.560 , 200.42 , 49.40
5735 , 28769 , 14.37 , -42.1 , 0 , 17.84 , 6.538 , 4.549 , 200.83 , 48.99
5745 , 28822 , 14.26 , -41.9 , 0 , 17.82 , 6.512 , 4.567 , 201.23 , 48.59
5755 , 28879 , 14.14 , -42.0 , 0 , 17.80 , 6.440 , 4.555 , 201.67 , 48.16
5765 , 28933 , 14.03 , -42.0 , 0 , 17.78 , 6.371 , 4.542 , 202.07 , 47.76
5775 , 28989 , 13.91 , -41.9 , 0 , 17.75 , 6.324 , 4.546 , 202.49 , 47.34
5785 , 29044 , 13.80 , -41.8 , 0 , 17.73 , 6.256 , 4.534 , 202.89 , 46.94
5795 , 29103 , 13.68 , -41.9 , 0 , 17.71 , 6.224 , 4.550 , 203.32 , 46.51
5804 , 29152 , 13.58 , -41.6 , 0 , 17.69 , 6.148 , 4.527 , 203.67 , 46.15
5814 , 29205 , 13.47 , -41.5 , 0 , 17.67 , 6.135 , 4.553 , 204.05 , 45.78
5824 , 29262 , 13.36 , -41.7 , 0 , 17.65 , 6.056 , 4.532 , 204.46 , 45.37
5834 , 29314 , 13.26 , -41.5 , 0 , 17.63 , 6.066 , 4.575 , 204.82 , 45.01
5844 , 29373 , 13.14 , -41.8 , 0 , 17.61 , 6.032 , 4.589 , 205.24 , 44.59
5854 , 29426 , 13.04 , -41.6 , 0 , 17.58 , 6.017 , 4.614 , 205.61 , 44.22
5864 , 29478 , 12.94 , -41.3 , 0 , 17.56 , 6.018 , 4.650 , 205.97 , 43.86
5874 , 29535 , 12.84 , -41.2 , 0 , 17.54 , 5.998 , 4.673 , 206.37 , 43.46
5884 , 29587 , 12.74 , -40.9 , 0 , 17.52 , 6.005 , 4.715 , 206.74 , 43.09
5894 , 29641 , 12.64 , -40.7 , 0 , 17.50 , 5.980 , 4.732 , 207.11 , 42.72
5904 , 29696 , 12.53 , -40.7 , 0 , 17.47 , 5.928 , 4.729 , 207.49 , 42.33
5914 , 29746 , 12.44 , -40.5 , 0 , 17.45 , 5.880 , 4.726 , 207.83 , 41.99
5923 , 29801 , 12.34 , -40.6 , 0 , 17.43 , 5.835 , 4.727 , 208.20 , 41.62
5933 , 29854 , 12.25 , -40.5 , 0 , 17.41 , 5.778 , 4.718 , 208.56 , 41.27
5943 , 29907 , 12.15 , -40.2 , 0 , 17.39 , 5.709 , 4.698 , 208.91 , 40.92
5953 , 29958 , 12.06 , -40.1 , 0 , 17.37 , 5.707 , 4.732 , 209.25 , 40.58
5963 , 30014 , 11.96 , -40.3 , 0 , 17.34 , 5.628 , 4.705 , 209.62 , 40.21
5972 , 30061 , 11.88 , -40.4 , 0 , 17.32 , 5.510 , 4.638 , 209.92 , 39.90
5982 , 30115 , 11.79 , -40.5 , 0 , 17.30 , 5.483 , 4.652 , 210.26 , 39.56
5992 , 30161 , 11.71 , -40.4 , 0 , 17.28 , 5.401 , 4.613 , 210.56 , 39.27
6002 , 30216 , 11.61 , -40.2 , 0 , 17.25 , 5.359 , 4.615 , 210.90 , 38.93
6012 , 30270 , 11.52 , -40.2 , 0 , 17.23 , 5.303 , 4.603 , 211.23 , 38.59
6022 , 30324 , 11.43 , -40.4 , 0 , 17.21 , 5.299 , 4.636 , 211.56 , 38.26
6032 , 30380 , 11.34 , -39.7 , 0 , 17.19 , 5.227 , 4.610 , 211.90 , 37.92
6042 , 30434 , 11.25 , -39.7 , 0 , 17.17 , 5.162 , 4.590 , 212.23 , 37.60
6051 , 30488 , 11.16 , -39.6 , 0 , 17.14 , 5.100 , 4.569 , 212.55 , 37.28
6062 , 30550 , 11.06 , -39.7 , 0 , 17.12 , 5.045 , 4.562 , 212.91 , 36.92
6072 , 30604 , 10.97 , -39.5 , 0 , 17.10 , 4.993 , 4.550 , 213.22 , 36.60
6082 , 30650 , 10.90 , -39.5 , 0 , 17.08 , 4.991 , 4.580 , 213.49 , 36.34
6092 , 30708 , 10.81 , -39.5 , 0 , 17.05 , 4.954 , 4.584 , 213.82 , 36.01
6102 , 30757 , 10.73 , -39.5 , 0 , 17.03 , 4.888 , 4.555 , 214.10 , 35.73
6112 , 30815 , 10.64 , -39.7 , 0 , 17.01 , 4.841 , 4.551 , 214.43 , 35.40
6122 , 30866 , 10.56 , -39.7 , 0 , 16.99 , 4.807 , 4.552 , 214.71 , 35.12
6132 , 30921 , 10.47 , -39.9 , 0 , 16.97 , 4.772 , 4.556 , 215.01 , 34.81
6142 , 30976 , 10.39 , -40.0 , 0 , 16.95 , 4.728 , 4.550 , 215.31 , 34.51
6152 , 31031 , 10.31 , -40.1 , 0 , 16.92 , 4.642 , 4.504 , 215.61 , 34.21
6162 , 31085 , 10.23 , -40.1 , 0 , 16.90 , 4.620 , 4.518 , 215.90 , 33.93
6172 , 31138 , 10.15 , -40.2 , 0 , 16.88 , 4.581 , 4.514 , 216.18 , 33.64
6182 , 31189 , 10.07 , -39.8 , 0 , 16.86 , 4.514 , 4.482 , 216.45 , 33.37
6192 , 31245 , 9.99 , -40.0 , 0 , 16.84 , 4.498 , 4.504 , 216.75 , 33.08
6202 , 31302 , 9.91 , -40.0 , 0 , 16.82 , 4.452 , 4.495 , 217.04 , 32.79
6212 , 31354 , 9.83 , -39.5 , 0 , 16.79 , 4.427 , 4.503 , 217.31 , 32.52
6221 , 31406 , 9.76 , -39.3 , 0 , 16.78 , 4.391 , 4.501 , 217.57 , 32.26
6230 , 31452 , 9.69 , -39.2 , 0 , 16.75 , 4.355 , 4.494 , 217.80 , 32.02
6240 , 31506 , 9.61 , -39.1 , 0 , 16.74 , 4.299 , 4.471 , 218.07 , 31.75
6250 , 31558 , 9.54 , -39.1 , 0 , 16.71 , 4.291 , 4.496 , 218.33 , 31.50
6260 , 31613 , 9.47 , -38.5 , 0 , 16.69 , 4.250 , 4.490 , 218.60 , 31.23
6270 , 31667 , 9.39 , -38.4 , 0 , 16.67 , 4.220 , 4.494 , 218.86 , 30.96
6280 , 31717 , 9.32 , -38.0 , 0 , 16.65 , 4.177 , 4.481 , 219.10 , 30.72
6290 , 31768 , 9.26 , -37.9 , 0 , 16.63 , 4.131 , 4.464 , 219.34 , 30.48
6300 , 31822 , 9.18 , -37.6 , 0 , 16.61 , 4.094 , 4.458 , 219.60 , 30.23
6310 , 31873 , 9.11 , -37.2 , 0 , 16.59 , 4.094 , 4.492 , 219.84 , 29.99
6320 , 31929 , 9.04 , -36.7 , 0 , 16.57 , 4.062 , 4.492 , 220.10 , 29.73
6330 , 31975 , 8.98 , -36.2 , 0 , 16.55 , 4.053 , 4.512 , 220.31 , 29.51
6340 , 32033 , 8.91 , -36.0 , 0 , 16.53 , 4.033 , 4.528 , 220.58 , 29.25
6350 , 32083 , 8.84 , -36.0 , 0 , 16.51 , 3.995 , 4.517 , 220.81 , 29.02
6360 , 32140 , 8.77 , -35.9 , 0 , 16.49 , 3.979 , 4.536 , 221.07 , 28.76
6370 , 32196 , 8.70 , -35.9 , 0 , 16.47 , 3.950 , 4.540 , 221.32 , 28.51
6380 , 32242 , 8.64 , -35.6 , 0 , 16.45 , 3.891 , 4.502 , 221.52 , 28.30
6390 , 32291 , 8.58 , -35.4 , 0 , 16.43 , 3.837 , 4.471 , 221.74 , 28.09
6400 , 32348 , 8.51 , -35.1 , 0 , 16.42 , 3.781 , 4.441 , 221.98 , 27.84
6409 , 32397 , 8.45 , -34.7 , 0 , 16.40 , 3.726 , 4.408 , 222.19 , 27.64
6419 , 32444 , 8.40 , -34.4 , 0 , 16.38 , 3.696 , 4.402 , 222.39 , 27.44
6429 , 32500 , 8.33 , -33.9 , 0 , 16.36 , 3.649 , 4.381 , 222.62 , 27.21
6439 , 32545 , 8.28 , -33.6 , 0 , 16.34 , 3.608 , 4.359 , 222.81 , 27.02
6449 , 32599 , 8.21 , -33.6 , 0 , 16.32 , 3.567 , 4.344 , 223.02 , 26.81
6459 , 32652 , 8.15 , -34.1 , 0 , 16.31 , 3.524 , 4.324 , 223.23 , 26.59
6469 , 32704 , 8.09 , -34.4 , 0 , 16.29 , 3.488 , 4.312 , 223.44 , 26.39
6479 , 32766 , 8.02 , -34.6 , 0 , 16.27 , 3.450 , 4.302 , 223.68 , 26.15
6488 , 32812 , 7.97 , -34.7 , 0 , 16.25 , 3.396 , 4.263 , 223.86 , 25.97
6499 , 32860 , 7.91 , -35.0 , 0 , 16.23 , 3.363 , 4.251 , 224.05 , 25.78
6509 , 32919 , 7.84 , -35.1 , 0 , 16.21 , 3.335 , 4.252 , 224.27 , 25.56
6519 , 32977 , 7.78 , -35.3 , 0 , 16.19 , 3.314 , 4.259 , 224.49 , 25.34
6528 , 33021 , 7.73 , -35.5 , 0 , 16.18 , 3.278 , 4.241 , 224.65 , 25.17
6538 , 33074 , 7.67 , -35.8 , 0 , 16.16 , 3.233 , 4.214 , 224.85 , 24.98
6548 , 33122 , 7.62 , -35.9 , 0 , 16.14 , 3.215 , 4.220 , 225.02 , 24.80
6558 , 33173 , 7.56 , -36.3 , 0 , 16.12 , 3.202 , 4.233 , 225.21 , 24.62
6568 , 33227 , 7.50 , -36.1 , 0 , 16.10 , 3.153 , 4.202 , 225.41 , 24.42
6578 , 33279 , 7.45 , -36.2 , 0 , 16.08 , 3.120 , 4.189 , 225.59 , 24.24
6587 , 33331 , 7.39 , -36.1 , 0 , 16.07 , 3.099 , 4.192 , 225.77 , 24.05
6598 , 33389 , 7.33 , -36.1 , 0 , 16.04 , 3.084 , 4.207 , 225.98 , 23.85
6608 , 33438 , 7.28 , -35.8 , 0 , 16.03 , 3.037 , 4.171 , 226.15 , 23.68
6618 , 33492 , 7.22 , -35.6 , 0 , 16.01 , 3.009 , 4.166 , 226.33 , 23.49
6628 , 33540 , 7.17 , -35.7 , 0 , 15.99 , 2.986 , 4.162 , 226.50 , 23.33
6638 , 33593 , 7.12 , -35.4 , 0 , 15.97 , 2.986 , 4.195 , 226.68 , 23.15
6648 , 33639 , 7.07 , -35.4 , 0 , 15.95 , 2.947 , 4.167 , 226.83 , 23.00
6658 , 33691 , 7.02 , -35.3 , 0 , 15.93 , 2.914 , 4.151 , 227.00 , 22.82
6668 , 33740 , 6.97 , -34.8 , 0 , 15.91 , 2.891 , 4.147 , 227.16 , 22.66
6678 , 33791 , 6.92 , -35.2 , 0 , 15.89 , 2.866 , 4.142 , 227.33 , 22.50
6688 , 33844 , 6.87 , -34.8 , 0 , 15.87 , 2.827 , 4.116 , 227.50 , 22.32
6698 , 33890 , 6.82 , -34.7 , 0 , 15.86 , 2.804 , 4.110 , 227.65 , 22.18
6708 , 33945 , 6.77 , -34.8 , 0 , 15.84 , 2.788 , 4.119 , 227.82 , 22.01
