# ------------------------------------------------------------
#
# Flight name: V0314
# Station: Davis
# Launch Date: 16 April 2014
# Launch Time: 11:21:58
# 
# This file created: Wed Apr 23 17:15:10 2014
# 
# 
# ------------------------------------------------------------
# DATA COLUMNS
# Time (s)
# Height (m)
# Atmospheric Pressure (hPa)
# Atmospheric Temperature (°C)
# Relative Humidity (%)
# Box Temperature (°C)
# Ozone Partial Pressure (mPa)
# Ozone Mixing Ratio (ppmV)
# Accumulated Ozone to this Height (Dobson Units)
# Remaining Ozone above this Height (Dobson Units)
# 
# ------------------------------------------------------------
# 
# Integrated Ozone = 258.0 DU
# Extrapolated Ozone =  16.3 DU
# 
# Total Ozone = 274.3 DU
# 
# 
# ------------------------------------------------------------
1 , 18 , 988.22 , -21.4 , 39 , 31.68 , 2.259 , 0.023 , 0.00 , 274.32
10 , 58 , 982.87 , -20.4 , 49 , 31.70 , 2.442 , 0.025 , 0.10 , 274.22
20 , 109 , 976.02 , -20.4 , 54 , 31.72 , 2.533 , 0.026 , 0.24 , 274.09
30 , 160 , 969.40 , -20.9 , 55 , 31.74 , 2.545 , 0.026 , 0.37 , 273.95
40 , 210 , 962.86 , -21.3 , 58 , 31.75 , 2.547 , 0.026 , 0.51 , 273.81
50 , 264 , 955.71 , -21.8 , 63 , 31.76 , 2.492 , 0.026 , 0.66 , 273.66
60 , 319 , 948.65 , -22.2 , 67 , 31.77 , 2.451 , 0.026 , 0.80 , 273.52
69 , 374 , 941.54 , -22.8 , 70 , 31.77 , 2.389 , 0.025 , 0.95 , 273.38
79 , 425 , 935.00 , -23.3 , 71 , 31.77 , 2.379 , 0.025 , 1.08 , 273.25
89 , 477 , 928.36 , -23.8 , 75 , 31.77 , 2.402 , 0.026 , 1.21 , 273.11
99 , 524 , 922.48 , -24.2 , 79 , 31.77 , 2.411 , 0.026 , 1.33 , 272.99
109 , 566 , 917.08 , -24.6 , 82 , 31.77 , 2.414 , 0.026 , 1.44 , 272.88
119 , 611 , 911.51 , -25.1 , 85 , 31.75 , 2.389 , 0.026 , 1.56 , 272.76
129 , 657 , 905.74 , -25.5 , 88 , 31.73 , 2.369 , 0.026 , 1.68 , 272.64
139 , 712 , 898.91 , -26.0 , 89 , 31.71 , 2.367 , 0.026 , 1.82 , 272.50
149 , 771 , 891.55 , -25.9 , 73 , 31.70 , 2.325 , 0.026 , 1.97 , 272.35
159 , 830 , 884.30 , -25.0 , 49 , 31.67 , 2.285 , 0.026 , 2.12 , 272.20
169 , 888 , 877.31 , -24.6 , 38 , 31.65 , 2.255 , 0.026 , 2.26 , 272.06
179 , 949 , 870.05 , -25.1 , 37 , 31.62 , 2.233 , 0.026 , 2.41 , 271.91
189 , 1010 , 862.72 , -24.8 , 35 , 31.58 , 2.278 , 0.026 , 2.56 , 271.76
199 , 1069 , 855.80 , -24.2 , 38 , 31.55 , 2.259 , 0.026 , 2.71 , 271.62
208 , 1124 , 849.30 , -23.8 , 48 , 31.51 , 2.212 , 0.026 , 2.84 , 271.48
219 , 1182 , 842.64 , -23.7 , 38 , 31.47 , 2.173 , 0.026 , 2.98 , 271.35
229 , 1236 , 836.37 , -24.0 , 43 , 31.43 , 2.132 , 0.025 , 3.10 , 271.22
239 , 1287 , 830.62 , -23.7 , 44 , 31.39 , 2.093 , 0.025 , 3.22 , 271.10
249 , 1336 , 825.00 , -23.3 , 39 , 31.34 , 2.064 , 0.025 , 3.33 , 270.99
259 , 1383 , 819.73 , -23.1 , 31 , 31.29 , 2.068 , 0.025 , 3.43 , 270.89
269 , 1434 , 814.02 , -22.9 , 28 , 31.25 , 2.046 , 0.025 , 3.55 , 270.78
279 , 1487 , 808.19 , -22.3 , 22 , 31.19 , 2.012 , 0.025 , 3.66 , 270.66
289 , 1539 , 802.47 , -21.7 , 18 , 31.13 , 1.981 , 0.025 , 3.77 , 270.55
298 , 1583 , 797.72 , -21.4 , 15 , 31.08 , 2.010 , 0.025 , 3.87 , 270.45
308 , 1625 , 793.20 , -21.2 , 13 , 31.04 , 2.014 , 0.025 , 3.96 , 270.36
318 , 1676 , 787.69 , -20.6 , 8 , 30.98 , 2.072 , 0.026 , 4.07 , 270.25
328 , 1723 , 782.69 , -20.5 , 7 , 30.93 , 2.140 , 0.027 , 4.18 , 270.15
338 , 1772 , 777.53 , -20.6 , 7 , 30.87 , 2.179 , 0.028 , 4.29 , 270.03
348 , 1828 , 771.74 , -20.7 , 7 , 30.80 , 2.199 , 0.028 , 4.42 , 269.90
358 , 1881 , 766.21 , -20.8 , 7 , 30.74 , 2.199 , 0.029 , 4.54 , 269.78
368 , 1936 , 760.46 , -21.0 , 7 , 30.68 , 2.171 , 0.029 , 4.67 , 269.65
378 , 1989 , 755.00 , -21.3 , 8 , 30.61 , 2.098 , 0.028 , 4.79 , 269.53
388 , 2044 , 749.42 , -21.6 , 8 , 30.55 , 2.050 , 0.027 , 4.92 , 269.41
398 , 2100 , 743.76 , -21.9 , 10 , 30.49 , 2.025 , 0.027 , 5.04 , 269.29
408 , 2157 , 737.96 , -21.9 , 8 , 30.43 , 2.031 , 0.028 , 5.16 , 269.16
418 , 2214 , 732.29 , -22.1 , 6 , 30.38 , 2.031 , 0.028 , 5.29 , 269.04
428 , 2274 , 726.34 , -22.5 , 9 , 30.31 , 2.058 , 0.028 , 5.42 , 268.90
438 , 2332 , 720.68 , -22.6 , 10 , 30.25 , 2.031 , 0.028 , 5.54 , 268.78
448 , 2387 , 715.20 , -22.9 , 12 , 30.18 , 1.988 , 0.028 , 5.67 , 268.66
457 , 2441 , 710.02 , -23.2 , 18 , 30.12 , 1.930 , 0.027 , 5.78 , 268.55
468 , 2493 , 704.96 , -23.5 , 21 , 30.05 , 1.839 , 0.026 , 5.88 , 268.44
478 , 2548 , 699.69 , -23.9 , 22 , 29.99 , 1.748 , 0.025 , 5.99 , 268.33
488 , 2601 , 694.57 , -24.4 , 23 , 29.94 , 1.708 , 0.025 , 6.09 , 268.23
498 , 2657 , 689.29 , -24.8 , 26 , 29.88 , 1.648 , 0.024 , 6.19 , 268.13
508 , 2713 , 683.95 , -25.2 , 26 , 29.83 , 1.624 , 0.024 , 6.29 , 268.03
518 , 2767 , 678.86 , -25.5 , 15 , 29.77 , 1.621 , 0.024 , 6.39 , 267.94
528 , 2825 , 673.45 , -25.7 , 11 , 29.71 , 1.647 , 0.024 , 6.49 , 267.83
538 , 2884 , 668.03 , -26.1 , 10 , 29.66 , 1.649 , 0.025 , 6.60 , 267.73
548 , 2938 , 663.02 , -26.4 , 9 , 29.58 , 1.680 , 0.025 , 6.70 , 267.63
558 , 2997 , 657.68 , -26.7 , 9 , 29.53 , 1.704 , 0.026 , 6.80 , 267.52
567 , 3052 , 652.67 , -27.1 , 9 , 29.49 , 1.684 , 0.026 , 6.91 , 267.42
577 , 3103 , 648.03 , -27.5 , 9 , 29.45 , 1.672 , 0.026 , 7.00 , 267.32
587 , 3157 , 643.23 , -27.8 , 10 , 29.39 , 1.646 , 0.026 , 7.10 , 267.23
597 , 3215 , 638.02 , -28.1 , 12 , 29.31 , 1.649 , 0.026 , 7.20 , 267.12
607 , 3265 , 633.62 , -28.3 , 12 , 29.23 , 1.596 , 0.025 , 7.29 , 267.03
616 , 3319 , 628.84 , -28.8 , 22 , 29.16 , 1.560 , 0.025 , 7.39 , 266.94
626 , 3370 , 624.36 , -29.2 , 27 , 29.10 , 1.588 , 0.025 , 7.47 , 266.85
636 , 3425 , 619.51 , -29.8 , 33 , 29.04 , 1.600 , 0.026 , 7.57 , 266.75
646 , 3477 , 615.02 , -30.2 , 37 , 28.97 , 1.615 , 0.026 , 7.67 , 266.66
656 , 3528 , 610.67 , -30.4 , 38 , 28.91 , 1.672 , 0.027 , 7.76 , 266.57
666 , 3581 , 606.08 , -30.6 , 38 , 28.84 , 1.678 , 0.028 , 7.86 , 266.47
675 , 3632 , 601.81 , -30.9 , 38 , 28.77 , 1.669 , 0.028 , 7.95 , 266.37
685 , 3686 , 597.20 , -31.2 , 39 , 28.70 , 1.707 , 0.029 , 8.05 , 266.27
695 , 3744 , 592.37 , -31.6 , 39 , 28.63 , 1.733 , 0.029 , 8.16 , 266.16
705 , 3798 , 587.80 , -31.8 , 39 , 28.57 , 1.747 , 0.030 , 8.27 , 266.05
715 , 3853 , 583.25 , -32.1 , 39 , 28.50 , 1.733 , 0.030 , 8.38 , 265.95
725 , 3911 , 578.48 , -32.5 , 39 , 28.44 , 1.742 , 0.030 , 8.49 , 265.83
735 , 3970 , 573.67 , -32.9 , 35 , 28.37 , 1.701 , 0.030 , 8.60 , 265.72
745 , 4028 , 568.98 , -33.3 , 34 , 28.31 , 1.644 , 0.029 , 8.71 , 265.61
755 , 4083 , 564.52 , -33.7 , 36 , 28.24 , 1.521 , 0.027 , 8.81 , 265.51
765 , 4137 , 560.13 , -34.1 , 37 , 28.18 , 1.462 , 0.026 , 8.90 , 265.42
775 , 4193 , 555.69 , -34.6 , 39 , 28.11 , 1.417 , 0.026 , 8.99 , 265.33
785 , 4247 , 551.40 , -35.0 , 40 , 28.04 , 1.376 , 0.025 , 9.08 , 265.25
795 , 4303 , 546.96 , -35.3 , 39 , 27.98 , 1.354 , 0.025 , 9.16 , 265.16
805 , 4358 , 542.66 , -35.7 , 39 , 27.91 , 1.354 , 0.025 , 9.25 , 265.08
815 , 4408 , 538.81 , -35.9 , 39 , 27.85 , 1.312 , 0.024 , 9.32 , 265.00
825 , 4453 , 535.35 , -36.2 , 37 , 27.79 , 1.258 , 0.024 , 9.39 , 264.93
835 , 4497 , 531.97 , -36.5 , 36 , 27.73 , 1.228 , 0.023 , 9.45 , 264.87
845 , 4547 , 528.11 , -36.8 , 36 , 27.67 , 1.231 , 0.023 , 9.52 , 264.80
855 , 4605 , 523.66 , -37.1 , 36 , 27.60 , 1.250 , 0.024 , 9.60 , 264.72
865 , 4662 , 519.40 , -37.4 , 36 , 27.53 , 1.268 , 0.024 , 9.69 , 264.64
875 , 4725 , 514.67 , -37.8 , 35 , 27.46 , 1.256 , 0.024 , 9.78 , 264.55
885 , 4782 , 510.43 , -38.3 , 34 , 27.39 , 1.217 , 0.024 , 9.86 , 264.47
895 , 4838 , 506.28 , -38.7 , 35 , 27.32 , 1.199 , 0.024 , 9.93 , 264.39
905 , 4896 , 501.97 , -39.2 , 35 , 27.26 , 1.219 , 0.024 , 10.02 , 264.31
915 , 4951 , 497.96 , -39.6 , 36 , 27.19 , 1.223 , 0.025 , 10.09 , 264.23
924 , 4996 , 494.70 , -39.9 , 36 , 27.12 , 1.166 , 0.024 , 10.16 , 264.17
933 , 5036 , 491.80 , -40.1 , 37 , 27.07 , 1.139 , 0.023 , 10.21 , 264.11
943 , 5082 , 488.48 , -40.4 , 37 , 27.01 , 1.148 , 0.024 , 10.27 , 264.05
953 , 5130 , 485.06 , -40.7 , 34 , 26.95 , 1.161 , 0.024 , 10.33 , 263.99
963 , 5187 , 481.06 , -40.9 , 30 , 26.88 , 1.223 , 0.025 , 10.41 , 263.91
973 , 5237 , 477.48 , -41.2 , 28 , 26.80 , 1.171 , 0.025 , 10.48 , 263.84
983 , 5284 , 474.21 , -41.5 , 27 , 26.74 , 1.102 , 0.023 , 10.54 , 263.78
993 , 5330 , 471.01 , -41.8 , 28 , 26.67 , 1.053 , 0.022 , 10.60 , 263.72
1003 , 5375 , 467.90 , -42.1 , 29 , 26.60 , 1.026 , 0.022 , 10.66 , 263.67
1013 , 5419 , 464.83 , -42.5 , 30 , 26.54 , 1.042 , 0.022 , 10.71 , 263.61
1023 , 5468 , 461.46 , -42.8 , 35 , 26.48 , 1.037 , 0.022 , 10.77 , 263.55
1033 , 5526 , 457.54 , -43.3 , 37 , 26.40 , 1.041 , 0.023 , 10.84 , 263.48
1043 , 5581 , 453.81 , -43.7 , 42 , 26.32 , 1.004 , 0.022 , 10.91 , 263.42
1053 , 5632 , 450.35 , -44.1 , 46 , 26.23 , 0.992 , 0.022 , 10.97 , 263.36
1063 , 5695 , 446.15 , -44.5 , 47 , 26.15 , 1.002 , 0.022 , 11.04 , 263.28
1073 , 5757 , 442.06 , -45.0 , 49 , 26.08 , 1.051 , 0.024 , 11.11 , 263.21
1083 , 5816 , 438.17 , -45.4 , 53 , 26.02 , 1.193 , 0.027 , 11.19 , 263.13
1092 , 5868 , 434.73 , -45.6 , 55 , 25.97 , 1.292 , 0.030 , 11.27 , 263.05
1102 , 5919 , 431.43 , -45.9 , 56 , 25.90 , 1.311 , 0.030 , 11.35 , 262.98
1112 , 5977 , 427.66 , -46.2 , 58 , 25.83 , 1.258 , 0.029 , 11.44 , 262.89
1122 , 6030 , 424.28 , -46.5 , 54 , 25.77 , 1.187 , 0.028 , 11.51 , 262.81
1132 , 6075 , 421.43 , -46.8 , 54 , 25.70 , 1.145 , 0.027 , 11.58 , 262.75
1142 , 6130 , 417.91 , -47.1 , 53 , 25.62 , 1.131 , 0.027 , 11.65 , 262.67
1152 , 6191 , 414.05 , -47.5 , 55 , 25.55 , 1.140 , 0.028 , 11.73 , 262.59
1162 , 6249 , 410.43 , -47.7 , 54 , 25.47 , 1.153 , 0.028 , 11.81 , 262.51
1172 , 6306 , 406.94 , -47.9 , 53 , 25.38 , 1.153 , 0.028 , 11.89 , 262.43
1182 , 6366 , 403.21 , -48.2 , 52 , 25.30 , 1.072 , 0.027 , 11.97 , 262.35
1192 , 6424 , 399.71 , -48.7 , 52 , 25.22 , 0.970 , 0.024 , 12.04 , 262.28
1202 , 6477 , 396.49 , -49.1 , 51 , 25.15 , 0.933 , 0.024 , 12.10 , 262.22
1212 , 6538 , 392.82 , -49.5 , 51 , 25.07 , 0.934 , 0.024 , 12.17 , 262.15
1222 , 6596 , 389.31 , -49.9 , 49 , 24.99 , 0.906 , 0.023 , 12.24 , 262.09
1232 , 6655 , 385.83 , -50.3 , 48 , 24.91 , 0.914 , 0.024 , 12.30 , 262.02
1241 , 6707 , 382.75 , -50.8 , 49 , 24.84 , 0.913 , 0.024 , 12.36 , 261.96
1251 , 6763 , 379.46 , -51.2 , 50 , 24.78 , 0.894 , 0.024 , 12.42 , 261.90
1261 , 6819 , 376.25 , -51.6 , 50 , 24.70 , 0.867 , 0.023 , 12.48 , 261.84
1271 , 6877 , 372.87 , -52.1 , 51 , 24.63 , 0.834 , 0.022 , 12.54 , 261.78
1281 , 6932 , 369.73 , -52.6 , 52 , 24.55 , 0.814 , 0.022 , 12.60 , 261.73
1291 , 6988 , 366.49 , -53.0 , 53 , 24.48 , 0.828 , 0.023 , 12.65 , 261.67
1301 , 7046 , 363.25 , -53.5 , 54 , 24.41 , 0.841 , 0.023 , 12.71 , 261.61
1311 , 7107 , 359.79 , -53.9 , 56 , 24.34 , 0.851 , 0.024 , 12.77 , 261.55
1321 , 7174 , 356.03 , -54.4 , 59 , 24.26 , 0.813 , 0.023 , 12.84 , 261.48
1331 , 7231 , 352.88 , -54.8 , 60 , 24.19 , 0.849 , 0.024 , 12.90 , 261.42
1341 , 7284 , 349.96 , -55.2 , 61 , 24.12 , 0.859 , 0.025 , 12.96 , 261.37
1351 , 7342 , 346.83 , -55.6 , 61 , 24.06 , 0.830 , 0.024 , 13.02 , 261.31
1361 , 7392 , 344.11 , -56.0 , 60 , 23.98 , 0.821 , 0.024 , 13.07 , 261.25
1371 , 7446 , 341.17 , -56.2 , 60 , 23.91 , 0.867 , 0.025 , 13.13 , 261.20
1381 , 7506 , 337.98 , -56.5 , 61 , 23.85 , 1.005 , 0.030 , 13.20 , 261.13
1391 , 7558 , 335.20 , -56.8 , 61 , 23.78 , 1.000 , 0.030 , 13.26 , 261.06
1401 , 7605 , 332.72 , -56.9 , 61 , 23.69 , 0.906 , 0.027 , 13.32 , 261.01
1411 , 7657 , 330.00 , -57.0 , 60 , 23.62 , 0.976 , 0.030 , 13.38 , 260.95
1421 , 7712 , 327.15 , -57.2 , 57 , 23.54 , 1.090 , 0.033 , 13.45 , 260.87
1431 , 7771 , 324.13 , -57.5 , 55 , 23.46 , 1.141 , 0.035 , 13.53 , 260.79
1441 , 7830 , 321.12 , -57.9 , 55 , 23.38 , 1.176 , 0.037 , 13.62 , 260.71
1451 , 7887 , 318.21 , -58.1 , 56 , 23.30 , 1.278 , 0.040 , 13.70 , 260.62
1461 , 7942 , 315.41 , -58.2 , 54 , 23.22 , 1.249 , 0.040 , 13.79 , 260.53
1471 , 8000 , 312.52 , -58.4 , 51 , 23.14 , 1.235 , 0.040 , 13.88 , 260.44
1481 , 8066 , 309.28 , -58.7 , 50 , 23.06 , 1.236 , 0.040 , 13.98 , 260.34
1491 , 8121 , 306.56 , -59.1 , 50 , 22.98 , 1.173 , 0.038 , 14.07 , 260.26
1501 , 8176 , 303.87 , -59.4 , 49 , 22.90 , 1.190 , 0.039 , 14.15 , 260.17
1511 , 8229 , 301.32 , -59.7 , 50 , 22.82 , 1.192 , 0.040 , 14.23 , 260.09
1521 , 8286 , 298.59 , -60.0 , 51 , 22.75 , 1.208 , 0.040 , 14.32 , 260.01
1531 , 8340 , 296.01 , -60.3 , 53 , 22.68 , 1.242 , 0.042 , 14.40 , 259.92
1541 , 8402 , 293.09 , -60.5 , 54 , 22.61 , 1.285 , 0.044 , 14.50 , 259.83
1550 , 8458 , 290.47 , -60.1 , 54 , 22.53 , 1.699 , 0.058 , 14.60 , 259.72
1560 , 8503 , 288.36 , -59.6 , 50 , 22.46 , 2.365 , 0.082 , 14.72 , 259.60
1570 , 8564 , 285.57 , -58.7 , 45 , 22.37 , 2.947 , 0.103 , 14.92 , 259.40
1580 , 8612 , 283.42 , -58.3 , 38 , 22.29 , 3.488 , 0.123 , 15.12 , 259.21
1590 , 8667 , 280.95 , -58.1 , 32 , 22.22 , 3.818 , 0.136 , 15.37 , 258.95
1600 , 8715 , 278.81 , -57.7 , 27 , 22.15 , 4.005 , 0.144 , 15.60 , 258.72
1610 , 8765 , 276.60 , -57.3 , 23 , 22.07 , 4.157 , 0.150 , 15.86 , 258.46
1620 , 8817 , 274.32 , -56.7 , 18 , 21.97 , 4.398 , 0.160 , 16.14 , 258.18
1630 , 8868 , 272.15 , -56.7 , 14 , 21.89 , 4.623 , 0.170 , 16.42 , 257.90
1640 , 8917 , 270.04 , -56.9 , 12 , 21.81 , 4.810 , 0.178 , 16.71 , 257.61
1650 , 8970 , 267.78 , -56.7 , 9 , 21.73 , 5.009 , 0.187 , 17.04 , 257.29
1660 , 9018 , 265.79 , -55.6 , 7 , 21.65 , 5.305 , 0.200 , 17.34 , 256.98
1670 , 9063 , 263.92 , -55.3 , 5 , 21.57 , 5.529 , 0.210 , 17.64 , 256.68
1680 , 9111 , 261.93 , -55.1 , 4 , 21.50 , 5.603 , 0.214 , 17.98 , 256.35
1690 , 9154 , 260.17 , -55.1 , 3 , 21.42 , 5.621 , 0.216 , 18.27 , 256.05
1700 , 9197 , 258.41 , -55.1 , 3 , 21.33 , 5.623 , 0.218 , 18.58 , 255.75
1710 , 9241 , 256.66 , -54.8 , 3 , 21.25 , 5.640 , 0.220 , 18.88 , 255.45
1720 , 9283 , 254.97 , -54.4 , 2 , 21.17 , 5.640 , 0.221 , 19.17 , 255.15
1730 , 9327 , 253.21 , -54.4 , 2 , 21.09 , 5.674 , 0.224 , 19.48 , 254.84
1740 , 9373 , 251.41 , -53.9 , 2 , 21.01 , 5.715 , 0.227 , 19.80 , 254.52
1750 , 9415 , 249.75 , -53.4 , 1 , 20.94 , 5.713 , 0.229 , 20.10 , 254.22
1760 , 9459 , 248.06 , -53.3 , 1 , 20.87 , 5.686 , 0.229 , 20.41 , 253.92
1770 , 9505 , 246.31 , -53.4 , 1 , 20.79 , 5.605 , 0.228 , 20.72 , 253.60
1780 , 9549 , 244.62 , -53.4 , 1 , 20.71 , 5.556 , 0.227 , 21.02 , 253.30
1790 , 9600 , 242.68 , -53.3 , 1 , 20.62 , 5.521 , 0.228 , 21.37 , 252.95
1800 , 9652 , 240.73 , -53.1 , 1 , 20.54 , 5.573 , 0.232 , 21.73 , 252.60
1810 , 9702 , 238.86 , -52.8 , 1 , 20.47 , 5.615 , 0.235 , 22.07 , 252.25
1820 , 9752 , 237.02 , -52.6 , 1 , 20.39 , 5.659 , 0.239 , 22.41 , 251.91
1830 , 9802 , 235.20 , -52.5 , 1 , 20.30 , 5.535 , 0.235 , 22.75 , 251.57
1840 , 9850 , 233.48 , -52.4 , 1 , 20.22 , 5.417 , 0.232 , 23.07 , 251.25
1849 , 9895 , 231.83 , -52.4 , 1 , 20.16 , 5.391 , 0.233 , 23.37 , 250.95
1859 , 9942 , 230.17 , -52.4 , 1 , 20.09 , 5.360 , 0.233 , 23.68 , 250.64
1869 , 9990 , 228.48 , -52.4 , 1 , 20.01 , 5.358 , 0.235 , 23.99 , 250.33
1879 , 10044 , 226.55 , -52.3 , 0 , 19.94 , 5.217 , 0.230 , 24.35 , 249.98
1889 , 10094 , 224.81 , -52.2 , 0 , 19.86 , 5.535 , 0.246 , 24.67 , 249.65
1899 , 10142 , 223.16 , -51.9 , 0 , 19.79 , 5.880 , 0.263 , 25.00 , 249.32
1909 , 10185 , 221.68 , -51.7 , 0 , 19.70 , 5.842 , 0.264 , 25.31 , 249.01
1919 , 10228 , 220.20 , -51.4 , 0 , 19.64 , 6.014 , 0.273 , 25.62 , 248.70
1929 , 10272 , 218.72 , -51.2 , 0 , 19.57 , 5.641 , 0.258 , 25.94 , 248.39
1939 , 10318 , 217.19 , -51.0 , 0 , 19.49 , 5.105 , 0.235 , 26.23 , 248.09
1949 , 10359 , 215.80 , -51.0 , 0 , 19.41 , 4.832 , 0.224 , 26.48 , 247.84
1959 , 10404 , 214.34 , -50.8 , 0 , 19.33 , 4.754 , 0.222 , 26.74 , 247.58
1969 , 10448 , 212.89 , -50.9 , 0 , 19.25 , 4.780 , 0.225 , 27.00 , 247.33
1979 , 10492 , 211.44 , -50.9 , 0 , 19.18 , 4.660 , 0.220 , 27.25 , 247.07
1989 , 10535 , 210.05 , -50.9 , 0 , 19.11 , 4.430 , 0.211 , 27.49 , 246.84
1999 , 10578 , 208.67 , -50.9 , 0 , 19.04 , 4.390 , 0.210 , 27.72 , 246.61
2009 , 10625 , 207.17 , -51.0 , 0 , 18.97 , 4.234 , 0.204 , 27.96 , 246.36
2019 , 10669 , 205.76 , -51.1 , 0 , 18.90 , 3.961 , 0.192 , 28.18 , 246.14
2029 , 10715 , 204.32 , -51.2 , 0 , 18.84 , 3.992 , 0.195 , 28.40 , 245.92
2039 , 10761 , 202.87 , -51.2 , 0 , 18.77 , 4.589 , 0.226 , 28.65 , 245.68
2049 , 10810 , 201.34 , -51.3 , 0 , 18.69 , 5.176 , 0.257 , 28.94 , 245.39
2059 , 10856 , 199.93 , -51.4 , 0 , 18.63 , 5.462 , 0.273 , 29.23 , 245.09
2069 , 10904 , 198.47 , -51.6 , 0 , 18.58 , 5.590 , 0.282 , 29.55 , 244.77
2079 , 10951 , 197.01 , -51.8 , 0 , 18.52 , 5.670 , 0.288 , 29.88 , 244.44
2089 , 10998 , 195.61 , -51.9 , 0 , 18.46 , 5.684 , 0.291 , 30.20 , 244.12
2099 , 11044 , 194.22 , -52.0 , 0 , 18.40 , 5.591 , 0.288 , 30.52 , 243.81
2109 , 11092 , 192.80 , -52.1 , 0 , 18.33 , 5.518 , 0.286 , 30.84 , 243.48
2119 , 11138 , 191.42 , -52.1 , 0 , 18.26 , 5.499 , 0.287 , 31.15 , 243.17
2129 , 11188 , 189.95 , -52.1 , 0 , 18.19 , 5.880 , 0.310 , 31.50 , 242.83
2139 , 11237 , 188.50 , -52.4 , 0 , 18.13 , 6.270 , 0.333 , 31.86 , 242.46
2149 , 11284 , 187.15 , -52.5 , 0 , 18.07 , 6.088 , 0.325 , 32.21 , 242.11
2158 , 11329 , 185.85 , -52.4 , 0 , 18.02 , 5.883 , 0.317 , 32.54 , 241.78
2168 , 11374 , 184.55 , -52.3 , 0 , 17.96 , 5.934 , 0.322 , 32.87 , 241.45
2178 , 11423 , 183.16 , -52.5 , 0 , 17.89 , 6.175 , 0.337 , 33.23 , 241.09
2188 , 11472 , 181.79 , -52.5 , 0 , 17.82 , 6.308 , 0.347 , 33.60 , 240.72
2198 , 11525 , 180.29 , -52.5 , 0 , 17.75 , 6.727 , 0.373 , 34.03 , 240.30
2208 , 11575 , 178.89 , -52.6 , 0 , 17.70 , 7.081 , 0.396 , 34.45 , 239.87
2218 , 11622 , 177.59 , -52.7 , 0 , 17.63 , 7.258 , 0.409 , 34.86 , 239.46
2228 , 11669 , 176.33 , -52.8 , 0 , 17.58 , 7.291 , 0.413 , 35.28 , 239.05
2238 , 11711 , 175.18 , -52.9 , 0 , 17.52 , 7.193 , 0.411 , 35.65 , 238.67
2248 , 11755 , 173.98 , -52.8 , 0 , 17.46 , 7.275 , 0.418 , 36.04 , 238.28
2258 , 11801 , 172.73 , -52.9 , 0 , 17.40 , 7.394 , 0.428 , 36.46 , 237.86
2268 , 11848 , 171.48 , -52.9 , 0 , 17.33 , 7.622 , 0.445 , 36.89 , 237.43
2278 , 11893 , 170.30 , -53.0 , 0 , 17.27 , 7.800 , 0.458 , 37.31 , 237.01
2288 , 11937 , 169.13 , -53.2 , 0 , 17.21 , 7.956 , 0.470 , 37.74 , 236.59
2298 , 11983 , 167.92 , -53.4 , 0 , 17.15 , 7.998 , 0.476 , 38.19 , 236.13
2308 , 12027 , 166.77 , -53.5 , 0 , 17.09 , 7.899 , 0.474 , 38.62 , 235.70
2318 , 12072 , 165.61 , -53.5 , 0 , 17.03 , 7.716 , 0.466 , 39.05 , 235.27
2328 , 12117 , 164.47 , -53.5 , 0 , 16.98 , 7.612 , 0.463 , 39.47 , 234.85
2338 , 12162 , 163.31 , -53.3 , 0 , 16.92 , 7.591 , 0.465 , 39.89 , 234.43
2347 , 12204 , 162.25 , -53.1 , 0 , 16.88 , 7.688 , 0.474 , 40.28 , 234.04
2356 , 12246 , 161.19 , -53.1 , 0 , 16.83 , 7.782 , 0.483 , 40.68 , 233.64
2366 , 12290 , 160.10 , -53.2 , 0 , 16.78 , 7.860 , 0.491 , 41.10 , 233.22
2376 , 12334 , 159.00 , -53.3 , 0 , 16.71 , 7.864 , 0.495 , 41.53 , 232.79
2386 , 12381 , 157.86 , -53.3 , 0 , 16.65 , 7.807 , 0.495 , 41.98 , 232.35
2396 , 12430 , 156.65 , -53.2 , 0 , 16.60 , 7.845 , 0.501 , 42.45 , 231.87
2406 , 12478 , 155.50 , -53.5 , 0 , 16.54 , 7.934 , 0.510 , 42.91 , 231.41
2416 , 12525 , 154.35 , -53.5 , 0 , 16.49 , 7.963 , 0.516 , 43.38 , 230.95
2426 , 12573 , 153.21 , -53.4 , 0 , 16.44 , 7.994 , 0.522 , 43.85 , 230.48
2436 , 12622 , 152.06 , -53.3 , 0 , 16.38 , 8.081 , 0.531 , 44.32 , 230.00
2446 , 12672 , 150.88 , -53.3 , 0 , 16.33 , 8.268 , 0.548 , 44.83 , 229.50
2456 , 12719 , 149.78 , -53.3 , 0 , 16.27 , 8.380 , 0.560 , 45.31 , 229.02
2466 , 12767 , 148.67 , -53.4 , 0 , 16.21 , 8.431 , 0.567 , 45.80 , 228.53
2475 , 12809 , 147.69 , -53.3 , 0 , 16.15 , 8.499 , 0.575 , 46.24 , 228.08
2485 , 12853 , 146.70 , -53.5 , 0 , 16.10 , 8.549 , 0.583 , 46.69 , 227.63
2495 , 12898 , 145.66 , -53.8 , 0 , 16.04 , 8.567 , 0.588 , 47.17 , 227.15
2505 , 12946 , 144.59 , -54.1 , 0 , 15.99 , 8.491 , 0.587 , 47.67 , 226.65
2515 , 12994 , 143.50 , -54.3 , 0 , 15.92 , 8.431 , 0.588 , 48.17 , 226.15
2525 , 13040 , 142.47 , -54.3 , 0 , 15.87 , 8.378 , 0.588 , 48.65 , 225.67
2535 , 13089 , 141.39 , -54.3 , 0 , 15.81 , 8.272 , 0.585 , 49.15 , 225.17
2544 , 13134 , 140.40 , -54.2 , 0 , 15.76 , 8.070 , 0.575 , 49.61 , 224.72
2554 , 13181 , 139.37 , -54.3 , 0 , 15.71 , 7.679 , 0.551 , 50.06 , 224.26
2564 , 13231 , 138.29 , -54.6 , 0 , 15.67 , 7.325 , 0.530 , 50.52 , 223.80
2574 , 13278 , 137.28 , -54.5 , 0 , 15.62 , 7.110 , 0.518 , 50.94 , 223.38
2584 , 13325 , 136.28 , -54.4 , 0 , 15.56 , 7.107 , 0.521 , 51.35 , 222.97
2594 , 13369 , 135.33 , -54.5 , 0 , 15.51 , 7.073 , 0.523 , 51.74 , 222.58
2604 , 13415 , 134.36 , -54.5 , 0 , 15.46 , 7.020 , 0.523 , 52.14 , 222.18
2614 , 13461 , 133.42 , -54.4 , 0 , 15.40 , 6.892 , 0.517 , 52.53 , 221.79
2624 , 13505 , 132.49 , -54.2 , 0 , 15.34 , 6.883 , 0.520 , 52.91 , 221.42
2634 , 13550 , 131.57 , -54.0 , 0 , 15.28 , 6.995 , 0.532 , 53.29 , 221.03
2644 , 13597 , 130.61 , -53.8 , 0 , 15.23 , 7.276 , 0.557 , 53.70 , 220.62
2654 , 13644 , 129.66 , -53.7 , 0 , 15.16 , 7.655 , 0.590 , 54.13 , 220.19
2664 , 13690 , 128.74 , -53.7 , 0 , 15.10 , 8.065 , 0.626 , 54.58 , 219.75
2674 , 13738 , 127.77 , -54.0 , 0 , 15.05 , 8.303 , 0.650 , 55.06 , 219.26
2684 , 13789 , 126.76 , -54.3 , 0 , 14.98 , 8.479 , 0.669 , 55.59 , 218.74
2694 , 13837 , 125.82 , -54.6 , 0 , 14.93 , 8.552 , 0.680 , 56.09 , 218.23
2704 , 13883 , 124.92 , -54.6 , 0 , 14.87 , 8.525 , 0.682 , 56.57 , 217.75
2714 , 13931 , 123.98 , -54.6 , 0 , 14.80 , 8.663 , 0.699 , 57.09 , 217.24
2724 , 13980 , 123.04 , -54.8 , 0 , 14.75 , 8.854 , 0.720 , 57.61 , 216.71
2734 , 14026 , 122.14 , -55.1 , 0 , 14.70 , 8.939 , 0.732 , 58.13 , 216.20
2744 , 14073 , 121.26 , -55.0 , 0 , 14.65 , 9.053 , 0.747 , 58.64 , 215.68
2754 , 14117 , 120.42 , -54.9 , 0 , 14.60 , 9.127 , 0.758 , 59.14 , 215.18
2764 , 14164 , 119.53 , -54.5 , 0 , 14.54 , 9.238 , 0.773 , 59.67 , 214.65
2774 , 14214 , 118.62 , -54.3 , 0 , 14.47 , 9.681 , 0.816 , 60.25 , 214.07
2783 , 14261 , 117.74 , -54.4 , 0 , 14.42 , 10.237 , 0.869 , 60.83 , 213.49
2793 , 14309 , 116.87 , -54.3 , 0 , 14.36 , 10.706 , 0.916 , 61.45 , 212.88
2803 , 14358 , 115.97 , -54.6 , 0 , 14.31 , 11.065 , 0.954 , 62.11 , 212.21
2813 , 14409 , 115.05 , -54.6 , 0 , 14.26 , 11.179 , 0.972 , 62.81 , 211.52
2823 , 14459 , 114.15 , -54.5 , 0 , 14.21 , 11.174 , 0.979 , 63.50 , 210.83
2833 , 14505 , 113.33 , -54.6 , 0 , 14.15 , 11.044 , 0.975 , 64.13 , 210.19
2843 , 14555 , 112.45 , -54.7 , 0 , 14.09 , 11.085 , 0.986 , 64.81 , 209.51
2853 , 14606 , 111.56 , -54.8 , 0 , 14.03 , 11.498 , 1.031 , 65.52 , 208.81
2863 , 14656 , 110.68 , -54.9 , 0 , 13.97 , 11.821 , 1.068 , 66.25 , 208.08
2873 , 14708 , 109.79 , -55.0 , 0 , 13.92 , 12.144 , 1.106 , 67.02 , 207.31
2883 , 14760 , 108.90 , -55.2 , 0 , 13.86 , 12.426 , 1.141 , 67.80 , 206.52
2893 , 14819 , 107.89 , -55.2 , 0 , 13.81 , 12.403 , 1.150 , 68.71 , 205.61
2903 , 14875 , 106.96 , -55.3 , 0 , 13.76 , 12.588 , 1.177 , 69.57 , 204.76
2913 , 14924 , 106.13 , -55.5 , 0 , 13.71 , 12.750 , 1.201 , 70.35 , 203.98
2923 , 14974 , 105.31 , -55.4 , 0 , 13.66 , 12.922 , 1.227 , 71.13 , 203.19
2933 , 15022 , 104.51 , -55.4 , 0 , 13.61 , 13.165 , 1.260 , 71.92 , 202.41
2943 , 15074 , 103.67 , -55.5 , 0 , 13.56 , 13.387 , 1.291 , 72.76 , 201.56
2953 , 15126 , 102.82 , -55.6 , 0 , 13.51 , 13.794 , 1.342 , 73.64 , 200.68
2963 , 15180 , 101.96 , -55.4 , 0 , 13.46 , 14.216 , 1.394 , 74.58 , 199.75
2973 , 15233 , 101.12 , -55.6 , 0 , 13.41 , 14.803 , 1.464 , 75.53 , 198.80
2983 , 15284 , 100.31 , -56.0 , 0 , 13.36 , 15.354 , 1.531 , 76.48 , 197.85
2993 , 15332 , 99.56 , -56.1 , 0 , 13.30 , 15.651 , 1.572 , 77.40 , 196.92
3003 , 15382 , 98.78 , -56.2 , 0 , 13.25 , 16.202 , 1.640 , 78.39 , 195.93
3013 , 15433 , 97.98 , -56.4 , 0 , 13.19 , 16.591 , 1.693 , 79.44 , 194.88
3023 , 15484 , 97.19 , -56.6 , 0 , 13.14 , 16.811 , 1.730 , 80.51 , 193.81
3033 , 15537 , 96.38 , -57.0 , 0 , 13.08 , 16.928 , 1.756 , 81.62 , 192.70
3043 , 15591 , 95.56 , -57.1 , 0 , 13.03 , 17.055 , 1.785 , 82.76 , 191.56
3053 , 15643 , 94.79 , -57.2 , 0 , 12.99 , 16.919 , 1.785 , 83.86 , 190.47
3063 , 15694 , 94.02 , -57.2 , 0 , 12.94 , 16.935 , 1.801 , 84.94 , 189.38
3073 , 15746 , 93.24 , -57.3 , 0 , 12.89 , 17.074 , 1.831 , 86.05 , 188.27
3082 , 15793 , 92.55 , -56.9 , 0 , 12.84 , 17.088 , 1.846 , 87.05 , 187.27
3092 , 15842 , 91.85 , -57.0 , 0 , 12.78 , 17.159 , 1.868 , 88.08 , 186.24
3102 , 15892 , 91.13 , -57.0 , 0 , 12.72 , 17.076 , 1.874 , 89.15 , 185.17
3112 , 15941 , 90.42 , -57.0 , 0 , 12.66 , 17.076 , 1.889 , 90.20 , 184.12
3122 , 15990 , 89.73 , -57.0 , 0 , 12.61 , 17.012 , 1.896 , 91.24 , 183.08
3132 , 16042 , 89.00 , -56.8 , 0 , 12.56 , 16.920 , 1.901 , 92.33 , 181.99
3142 , 16094 , 88.26 , -56.9 , 0 , 12.51 , 16.923 , 1.917 , 93.44 , 180.88
3152 , 16146 , 87.53 , -57.1 , 0 , 12.45 , 16.969 , 1.939 , 94.55 , 179.78
3162 , 16198 , 86.82 , -56.9 , 0 , 12.39 , 17.212 , 1.982 , 95.65 , 178.68
3172 , 16249 , 86.12 , -56.8 , 0 , 12.33 , 17.467 , 2.028 , 96.75 , 177.57
3182 , 16307 , 85.35 , -56.6 , 0 , 12.28 , 17.854 , 2.092 , 98.02 , 176.31
3192 , 16368 , 84.52 , -56.9 , 0 , 12.23 , 18.321 , 2.168 , 99.41 , 174.91
3202 , 16421 , 83.82 , -57.1 , 0 , 12.17 , 18.517 , 2.209 , 100.62 , 173.71
3212 , 16463 , 83.27 , -56.7 , 0 , 12.12 , 18.683 , 2.244 , 101.59 , 172.74
3222 , 16508 , 82.67 , -56.8 , 0 , 12.07 , 18.797 , 2.274 , 102.65 , 171.67
3232 , 16556 , 82.05 , -56.8 , 0 , 12.02 , 18.911 , 2.305 , 103.77 , 170.56
3242 , 16603 , 81.45 , -57.0 , 0 , 11.96 , 18.796 , 2.308 , 104.87 , 169.46
3252 , 16650 , 80.84 , -57.2 , 0 , 11.91 , 18.694 , 2.312 , 105.97 , 168.35
3262 , 16698 , 80.23 , -57.1 , 0 , 11.86 , 18.762 , 2.338 , 107.09 , 167.23
3272 , 16747 , 79.61 , -57.1 , 0 , 11.80 , 18.788 , 2.360 , 108.25 , 166.07
3282 , 16796 , 78.99 , -57.1 , 0 , 11.74 , 18.720 , 2.370 , 109.40 , 164.92
3292 , 16846 , 78.38 , -57.0 , 0 , 11.69 , 18.612 , 2.375 , 110.55 , 163.77
3302 , 16894 , 77.78 , -57.1 , 0 , 11.64 , 18.587 , 2.390 , 111.68 , 162.65
3312 , 16942 , 77.19 , -57.4 , 0 , 11.59 , 18.460 , 2.391 , 112.78 , 161.55
3322 , 16989 , 76.62 , -57.8 , 0 , 11.54 , 18.252 , 2.382 , 113.86 , 160.47
3332 , 17037 , 76.03 , -58.1 , 0 , 11.48 , 18.022 , 2.370 , 114.96 , 159.36
3342 , 17087 , 75.44 , -58.3 , 0 , 11.42 , 17.883 , 2.370 , 116.07 , 158.25
3352 , 17135 , 74.87 , -58.5 , 0 , 11.37 , 17.932 , 2.395 , 117.15 , 157.18
3362 , 17181 , 74.32 , -58.3 , 0 , 11.32 , 17.836 , 2.400 , 118.18 , 156.14
3372 , 17227 , 73.77 , -58.2 , 0 , 11.27 , 17.764 , 2.408 , 119.22 , 155.10
3382 , 17278 , 73.18 , -58.0 , 0 , 11.22 , 17.358 , 2.372 , 120.33 , 153.99
3391 , 17326 , 72.62 , -58.3 , 0 , 11.17 , 16.940 , 2.333 , 121.38 , 152.94
3401 , 17376 , 72.05 , -58.6 , 0 , 11.12 , 16.738 , 2.323 , 122.42 , 151.90
3411 , 17428 , 71.45 , -58.8 , 0 , 11.06 , 16.663 , 2.332 , 123.52 , 150.80
3421 , 17481 , 70.85 , -59.0 , 0 , 11.01 , 16.528 , 2.333 , 124.63 , 149.69
3431 , 17534 , 70.25 , -59.1 , 0 , 10.95 , 16.390 , 2.333 , 125.73 , 148.59
3441 , 17587 , 69.66 , -59.4 , 0 , 10.90 , 16.228 , 2.330 , 126.83 , 147.50
3451 , 17641 , 69.06 , -59.4 , 0 , 10.85 , 16.200 , 2.346 , 127.92 , 146.40
3461 , 17694 , 68.48 , -59.5 , 0 , 10.80 , 16.204 , 2.366 , 129.00 , 145.32
3471 , 17745 , 67.92 , -59.6 , 1 , 10.75 , 16.177 , 2.382 , 130.05 , 144.27
3481 , 17800 , 67.33 , -59.8 , 1 , 10.70 , 16.152 , 2.399 , 131.17 , 143.15
3491 , 17852 , 66.77 , -60.0 , 1 , 10.65 , 15.924 , 2.385 , 132.23 , 142.10
3501 , 17902 , 66.23 , -60.2 , 1 , 10.60 , 15.749 , 2.378 , 133.23 , 141.09
3511 , 17954 , 65.69 , -60.1 , 1 , 10.55 , 15.734 , 2.395 , 134.26 , 140.07
3521 , 18007 , 65.13 , -60.1 , 1 , 10.50 , 15.751 , 2.418 , 135.32 , 139.01
3531 , 18057 , 64.61 , -59.9 , 1 , 10.45 , 15.744 , 2.437 , 136.31 , 138.01
3541 , 18110 , 64.07 , -60.2 , 1 , 10.41 , 15.645 , 2.442 , 137.36 , 136.96
3551 , 18164 , 63.51 , -60.4 , 1 , 10.37 , 15.608 , 2.457 , 138.43 , 135.89
3561 , 18214 , 63.00 , -60.5 , 1 , 10.33 , 15.716 , 2.494 , 139.43 , 134.89
3571 , 18265 , 62.49 , -60.7 , 1 , 10.29 , 15.705 , 2.513 , 140.44 , 133.89
3581 , 18316 , 61.98 , -60.8 , 1 , 10.24 , 15.660 , 2.527 , 141.45 , 132.87
3591 , 18362 , 61.53 , -60.8 , 1 , 10.20 , 15.643 , 2.543 , 142.37 , 131.96
3601 , 18411 , 61.04 , -60.8 , 1 , 10.17 , 15.535 , 2.545 , 143.34 , 130.99
3611 , 18461 , 60.55 , -60.9 , 1 , 10.13 , 15.536 , 2.566 , 144.32 , 130.00
3621 , 18510 , 60.08 , -60.7 , 1 , 10.09 , 15.629 , 2.601 , 145.29 , 129.03
3631 , 18561 , 59.59 , -60.4 , 1 , 10.05 , 15.658 , 2.628 , 146.30 , 128.02
3641 , 18611 , 59.10 , -60.3 , 1 , 10.02 , 15.659 , 2.649 , 147.31 , 127.01
3651 , 18660 , 58.64 , -60.1 , 1 , 9.98 , 15.545 , 2.651 , 148.28 , 126.04
3661 , 18708 , 58.20 , -59.6 , 1 , 9.95 , 15.588 , 2.679 , 149.21 , 125.11
3671 , 18756 , 57.75 , -59.7 , 1 , 9.91 , 15.549 , 2.693 , 150.16 , 124.16
3681 , 18804 , 57.31 , -59.8 , 1 , 9.87 , 15.568 , 2.716 , 151.10 , 123.23
3690 , 18852 , 56.87 , -59.9 , 1 , 9.84 , 15.498 , 2.725 , 152.05 , 122.28
3699 , 18899 , 56.44 , -60.1 , 1 , 9.81 , 15.370 , 2.723 , 152.96 , 121.36
3709 , 18948 , 56.00 , -60.1 , 1 , 9.78 , 15.193 , 2.713 , 153.90 , 120.42
3719 , 19002 , 55.52 , -59.9 , 1 , 9.75 , 15.094 , 2.719 , 154.94 , 119.39
3729 , 19056 , 55.04 , -59.9 , 1 , 9.71 , 15.037 , 2.732 , 155.98 , 118.34
3739 , 19109 , 54.57 , -60.2 , 1 , 9.67 , 14.891 , 2.729 , 156.98 , 117.34
3749 , 19162 , 54.11 , -60.3 , 1 , 9.63 , 14.747 , 2.725 , 157.97 , 116.35
3759 , 19217 , 53.64 , -60.2 , 1 , 9.60 , 14.596 , 2.721 , 158.99 , 115.33
3769 , 19275 , 53.14 , -60.5 , 1 , 9.56 , 14.550 , 2.738 , 160.06 , 114.26
3779 , 19332 , 52.66 , -60.8 , 1 , 9.51 , 14.363 , 2.728 , 161.10 , 113.22
3789 , 19389 , 52.18 , -60.9 , 1 , 9.47 , 14.317 , 2.744 , 162.14 , 112.18
3799 , 19446 , 51.70 , -61.2 , 1 , 9.43 , 14.110 , 2.729 , 163.18 , 111.14
3809 , 19502 , 51.23 , -61.5 , 1 , 9.38 , 13.935 , 2.720 , 164.17 , 110.15
3819 , 19560 , 50.75 , -61.8 , 1 , 9.34 , 13.828 , 2.725 , 165.21 , 109.12
3829 , 19615 , 50.30 , -62.0 , 1 , 9.30 , 13.687 , 2.721 , 166.17 , 108.15
3839 , 19666 , 49.89 , -61.9 , 1 , 9.25 , 13.550 , 2.716 , 167.05 , 107.27
3848 , 19716 , 49.49 , -61.9 , 1 , 9.21 , 13.408 , 2.709 , 167.92 , 106.40
3858 , 19767 , 49.08 , -62.1 , 1 , 9.17 , 13.291 , 2.708 , 168.78 , 105.54
3868 , 19816 , 48.69 , -61.9 , 1 , 9.12 , 13.134 , 2.697 , 169.62 , 104.70
3878 , 19866 , 48.30 , -61.6 , 1 , 9.08 , 12.967 , 2.685 , 170.45 , 103.87
3888 , 19918 , 47.90 , -61.6 , 1 , 9.04 , 12.805 , 2.673 , 171.30 , 103.03
3898 , 19970 , 47.50 , -61.9 , 1 , 8.99 , 12.696 , 2.673 , 172.14 , 102.18
3908 , 20021 , 47.11 , -61.9 , 1 , 8.96 , 12.607 , 2.676 , 172.97 , 101.36
3918 , 20072 , 46.72 , -61.9 , 1 , 8.92 , 12.574 , 2.691 , 173.79 , 100.53
3928 , 20122 , 46.35 , -61.8 , 1 , 8.89 , 12.581 , 2.714 , 174.58 , 99.74
3938 , 20171 , 45.98 , -61.7 , 1 , 8.85 , 12.597 , 2.740 , 175.38 , 98.95
3948 , 20220 , 45.62 , -61.4 , 1 , 8.81 , 12.569 , 2.756 , 176.17 , 98.16
3958 , 20272 , 45.24 , -61.2 , 1 , 8.77 , 12.568 , 2.778 , 176.99 , 97.34
3968 , 20322 , 44.87 , -61.4 , 1 , 8.73 , 12.496 , 2.785 , 177.79 , 96.53
3978 , 20370 , 44.53 , -61.4 , 1 , 8.69 , 12.414 , 2.788 , 178.56 , 95.77
3988 , 20419 , 44.18 , -61.7 , 1 , 8.64 , 12.343 , 2.794 , 179.32 , 95.00
3998 , 20468 , 43.83 , -61.8 , 1 , 8.59 , 12.282 , 2.802 , 180.09 , 94.23
4007 , 20514 , 43.50 , -62.1 , 1 , 8.54 , 12.190 , 2.802 , 180.82 , 93.51
4017 , 20561 , 43.17 , -62.4 , 1 , 8.50 , 12.077 , 2.797 , 181.54 , 92.78
4027 , 20611 , 42.83 , -62.6 , 1 , 8.45 , 11.954 , 2.791 , 182.30 , 92.02
4037 , 20660 , 42.49 , -62.5 , 1 , 8.40 , 11.838 , 2.786 , 183.05 , 91.27
4047 , 20710 , 42.14 , -62.2 , 1 , 8.34 , 11.750 , 2.788 , 183.81 , 90.51
4057 , 20761 , 41.80 , -62.4 , 1 , 8.30 , 11.715 , 2.803 , 184.58 , 89.75
4067 , 20816 , 41.42 , -62.7 , 1 , 8.25 , 11.589 , 2.798 , 185.40 , 88.92
4077 , 20868 , 41.08 , -63.0 , 1 , 8.19 , 11.454 , 2.789 , 186.17 , 88.16
4087 , 20921 , 40.73 , -63.1 , 1 , 8.14 , 11.289 , 2.772 , 186.93 , 87.39
4097 , 20973 , 40.38 , -63.4 , 1 , 8.09 , 11.141 , 2.759 , 187.69 , 86.63
4107 , 21029 , 40.02 , -63.9 , 1 , 8.04 , 10.969 , 2.741 , 188.48 , 85.84
4117 , 21086 , 39.64 , -64.0 , 1 , 7.99 , 10.859 , 2.739 , 189.29 , 85.04
4127 , 21145 , 39.26 , -64.2 , 1 , 7.95 , 10.733 , 2.733 , 190.10 , 84.22
4137 , 21202 , 38.90 , -64.6 , 1 , 7.90 , 10.563 , 2.715 , 190.89 , 83.44
4147 , 21260 , 38.53 , -64.6 , 1 , 7.87 , 10.501 , 2.725 , 191.69 , 82.64
4157 , 21318 , 38.17 , -63.9 , 1 , 7.83 , 10.358 , 2.714 , 192.46 , 81.86
4167 , 21377 , 37.80 , -63.6 , 1 , 7.80 , 10.175 , 2.692 , 193.24 , 81.08
4177 , 21435 , 37.44 , -63.9 , 1 , 7.76 , 9.938 , 2.654 , 193.99 , 80.33
4187 , 21493 , 37.09 , -64.3 , 1 , 7.72 , 9.860 , 2.658 , 194.74 , 79.59
4197 , 21550 , 36.75 , -64.3 , 1 , 7.69 , 9.737 , 2.650 , 195.45 , 78.87
4207 , 21606 , 36.42 , -64.0 , 1 , 7.65 , 9.706 , 2.665 , 196.15 , 78.17
4217 , 21664 , 36.07 , -63.9 , 1 , 7.62 , 9.587 , 2.658 , 196.88 , 77.44
4227 , 21721 , 35.74 , -64.0 , 1 , 7.58 , 9.504 , 2.659 , 197.57 , 76.75
4237 , 21776 , 35.42 , -63.7 , 1 , 7.55 , 9.397 , 2.653 , 198.25 , 76.08
4247 , 21831 , 35.10 , -63.7 , 1 , 7.50 , 9.242 , 2.633 , 198.91 , 75.41
4257 , 21887 , 34.78 , -63.7 , 1 , 7.47 , 9.112 , 2.620 , 199.57 , 74.75
4267 , 21942 , 34.47 , -63.7 , 1 , 7.43 , 9.048 , 2.625 , 200.21 , 74.12
4277 , 21996 , 34.17 , -63.7 , 1 , 7.39 , 8.999 , 2.634 , 200.84 , 73.48
4287 , 22052 , 33.86 , -63.9 , 1 , 7.35 , 8.970 , 2.649 , 201.49 , 72.84
4297 , 22105 , 33.57 , -63.9 , 1 , 7.31 , 8.966 , 2.671 , 202.10 , 72.23
4306 , 22154 , 33.30 , -64.0 , 1 , 7.27 , 8.941 , 2.685 , 202.67 , 71.65
4316 , 22209 , 33.00 , -63.9 , 1 , 7.24 , 8.914 , 2.701 , 203.29 , 71.03
4326 , 22262 , 32.71 , -63.8 , 1 , 7.19 , 8.892 , 2.718 , 203.91 , 70.41
4336 , 22318 , 32.42 , -63.9 , 1 , 7.15 , 8.710 , 2.687 , 204.54 , 69.78
4346 , 22375 , 32.12 , -63.9 , 1 , 7.10 , 8.651 , 2.693 , 205.18 , 69.15
4356 , 22431 , 31.83 , -63.8 , 1 , 7.04 , 8.594 , 2.700 , 205.80 , 68.53
4366 , 22486 , 31.54 , -63.8 , 1 , 7.00 , 8.448 , 2.678 , 206.41 , 67.91
4376 , 22543 , 31.25 , -63.9 , 1 , 6.94 , 8.332 , 2.666 , 207.02 , 67.31
4386 , 22599 , 30.97 , -63.7 , 1 , 6.89 , 8.269 , 2.670 , 207.62 , 66.71
4396 , 22656 , 30.68 , -63.8 , 1 , 6.85 , 8.186 , 2.668 , 208.22 , 66.10
4406 , 22713 , 30.40 , -63.9 , 1 , 6.80 , 8.110 , 2.668 , 208.82 , 65.51
4416 , 22767 , 30.13 , -64.1 , 1 , 6.76 , 8.026 , 2.664 , 209.38 , 64.94
4426 , 22827 , 29.83 , -64.3 , 1 , 6.72 , 7.996 , 2.680 , 210.00 , 64.32
4436 , 22885 , 29.55 , -64.8 , 1 , 6.69 , 7.961 , 2.694 , 210.60 , 63.72
4446 , 22944 , 29.27 , -64.5 , 1 , 6.65 , 7.874 , 2.690 , 211.20 , 63.12
4456 , 23001 , 29.00 , -64.6 , 1 , 6.61 , 7.840 , 2.704 , 211.78 , 62.54
4466 , 23061 , 28.71 , -64.5 , 1 , 6.57 , 7.765 , 2.705 , 212.39 , 61.93
4476 , 23121 , 28.43 , -64.5 , 1 , 6.53 , 7.619 , 2.680 , 212.99 , 61.34
4486 , 23182 , 28.15 , -64.4 , 1 , 6.49 , 7.404 , 2.630 , 213.58 , 60.74
4496 , 23239 , 27.89 , -64.6 , 1 , 6.45 , 7.161 , 2.568 , 214.11 , 60.21
4506 , 23295 , 27.63 , -64.7 , 1 , 6.41 , 6.965 , 2.521 , 214.63 , 59.70
4516 , 23357 , 27.35 , -64.6 , 1 , 6.37 , 6.829 , 2.496 , 215.17 , 59.15
4526 , 23415 , 27.10 , -64.8 , 1 , 6.33 , 6.667 , 2.461 , 215.68 , 58.64
4536 , 23471 , 26.84 , -64.8 , 1 , 6.29 , 6.587 , 2.454 , 216.17 , 58.16
4546 , 23528 , 26.60 , -64.6 , 1 , 6.24 , 6.372 , 2.396 , 216.64 , 57.68
4556 , 23587 , 26.34 , -64.7 , 1 , 6.20 , 6.089 , 2.312 , 217.12 , 57.21
4566 , 23645 , 26.09 , -64.9 , 1 , 6.16 , 5.896 , 2.260 , 217.57 , 56.75
4576 , 23700 , 25.86 , -64.8 , 1 , 6.11 , 5.730 , 2.216 , 217.98 , 56.34
4586 , 23759 , 25.61 , -64.6 , 1 , 6.07 , 5.670 , 2.214 , 218.41 , 55.91
4596 , 23813 , 25.38 , -64.6 , 1 , 6.02 , 5.662 , 2.231 , 218.81 , 55.51
4606 , 23870 , 25.15 , -64.4 , 1 , 5.97 , 5.659 , 2.250 , 219.23 , 55.10
4615 , 23923 , 24.93 , -64.4 , 1 , 5.92 , 5.754 , 2.308 , 219.62 , 54.71
4625 , 23977 , 24.71 , -64.4 , 1 , 5.87 , 5.844 , 2.365 , 220.02 , 54.30
4635 , 24032 , 24.49 , -64.5 , 1 , 5.83 , 5.924 , 2.419 , 220.44 , 53.88
4645 , 24093 , 24.25 , -64.6 , 1 , 5.77 , 5.928 , 2.445 , 220.91 , 53.42
4655 , 24149 , 24.03 , -64.5 , 1 , 5.72 , 5.936 , 2.471 , 221.34 , 52.99
4665 , 24206 , 23.80 , -64.4 , 1 , 5.67 , 5.985 , 2.515 , 221.78 , 52.54
4675 , 24263 , 23.58 , -64.4 , 1 , 5.61 , 6.045 , 2.564 , 222.22 , 52.10
4685 , 24322 , 23.35 , -64.5 , 1 , 5.55 , 6.148 , 2.632 , 222.68 , 51.64
4695 , 24378 , 23.14 , -64.5 , 1 , 5.49 , 6.288 , 2.717 , 223.13 , 51.19
4705 , 24431 , 22.94 , -64.8 , 1 , 5.43 , 6.406 , 2.793 , 223.57 , 50.75
4715 , 24489 , 22.72 , -64.8 , 1 , 5.37 , 6.524 , 2.871 , 224.05 , 50.27
4725 , 24542 , 22.53 , -64.8 , 1 , 5.31 , 6.586 , 2.924 , 224.51 , 49.82
4735 , 24599 , 22.32 , -64.8 , 1 , 5.25 , 6.602 , 2.958 , 224.99 , 49.34
4745 , 24655 , 22.11 , -64.9 , 1 , 5.19 , 6.451 , 2.917 , 225.47 , 48.86
4755 , 24710 , 21.91 , -64.7 , 1 , 5.14 , 6.215 , 2.836 , 225.92 , 48.40
4765 , 24764 , 21.72 , -64.4 , 1 , 5.08 , 6.106 , 2.811 , 226.35 , 47.98
4775 , 24824 , 21.51 , -64.1 , 1 , 5.02 , 6.078 , 2.825 , 226.81 , 47.51
4785 , 24882 , 21.30 , -64.0 , 1 , 4.96 , 6.078 , 2.853 , 227.28 , 47.05
4795 , 24936 , 21.12 , -63.8 , 1 , 4.90 , 6.141 , 2.908 , 227.69 , 46.63
4805 , 24992 , 20.93 , -63.7 , 1 , 4.84 , 6.235 , 2.980 , 228.15 , 46.18
4815 , 25053 , 20.72 , -63.8 , 1 , 4.79 , 6.296 , 3.038 , 228.63 , 45.69
4825 , 25111 , 20.53 , -63.4 , 1 , 4.73 , 6.091 , 2.967 , 229.09 , 45.23
4835 , 25171 , 20.32 , -63.5 , 1 , 4.68 , 5.765 , 2.836 , 229.56 , 44.77
4845 , 25228 , 20.14 , -63.7 , 1 , 4.63 , 5.562 , 2.762 , 229.97 , 44.35
4855 , 25286 , 19.95 , -64.0 , 1 , 4.58 , 5.428 , 2.721 , 230.38 , 43.94
4865 , 25346 , 19.75 , -64.0 , 1 , 4.53 , 5.357 , 2.712 , 230.80 , 43.53
4875 , 25405 , 19.56 , -64.2 , 1 , 4.48 , 5.448 , 2.785 , 231.21 , 43.12
4885 , 25466 , 19.37 , -64.3 , 1 , 4.43 , 5.627 , 2.905 , 231.64 , 42.68
4895 , 25522 , 19.19 , -64.4 , 1 , 4.39 , 5.777 , 3.010 , 232.06 , 42.26
4905 , 25581 , 19.01 , -64.1 , 1 , 4.34 , 5.873 , 3.089 , 232.50 , 41.83
4914 , 25635 , 18.84 , -64.3 , 1 , 4.30 , 5.889 , 3.126 , 232.91 , 41.41
4924 , 25692 , 18.67 , -64.5 , 1 , 4.26 , 5.897 , 3.159 , 233.34 , 40.98
4934 , 25749 , 18.49 , -64.5 , 1 , 4.21 , 5.813 , 3.143 , 233.78 , 40.55
4944 , 25804 , 18.33 , -64.5 , 1 , 4.17 , 5.754 , 3.140 , 234.19 , 40.13
4954 , 25861 , 18.16 , -64.3 , 1 , 4.13 , 5.641 , 3.107 , 234.60 , 39.72
4964 , 25918 , 17.99 , -64.2 , 1 , 4.08 , 5.527 , 3.072 , 235.02 , 39.31
4974 , 25973 , 17.83 , -64.2 , 1 , 4.04 , 5.425 , 3.043 , 235.40 , 38.92
4984 , 26027 , 17.67 , -63.9 , 1 , 3.99 , 5.316 , 3.009 , 235.78 , 38.54
4994 , 26084 , 17.51 , -63.7 , 1 , 3.94 , 5.227 , 2.986 , 236.17 , 38.16
5004 , 26140 , 17.35 , -63.8 , 1 , 3.90 , 5.110 , 2.946 , 236.54 , 37.78
5014 , 26199 , 17.18 , -63.7 , 1 , 3.86 , 4.993 , 2.906 , 236.92 , 37.40
5024 , 26256 , 17.02 , -63.6 , 1 , 3.81 , 4.926 , 2.894 , 237.29 , 37.03
5034 , 26314 , 16.86 , -63.8 , 1 , 3.77 , 4.781 , 2.835 , 237.65 , 36.68
5044 , 26367 , 16.72 , -63.6 , 1 , 3.74 , 4.661 , 2.788 , 237.97 , 36.35
5054 , 26425 , 16.56 , -63.5 , 1 , 3.71 , 4.527 , 2.734 , 238.31 , 36.01
5064 , 26487 , 16.39 , -63.5 , 1 , 3.67 , 4.492 , 2.740 , 238.67 , 35.65
5074 , 26542 , 16.25 , -63.6 , 1 , 3.64 , 4.430 , 2.726 , 238.99 , 35.34
5084 , 26598 , 16.10 , -64.0 , 1 , 3.61 , 4.332 , 2.691 , 239.31 , 35.02
5094 , 26659 , 15.94 , -63.9 , 1 , 3.58 , 4.275 , 2.682 , 239.64 , 34.68
5104 , 26718 , 15.79 , -63.8 , 1 , 3.56 , 4.221 , 2.674 , 239.96 , 34.36
5114 , 26779 , 15.63 , -63.8 , 1 , 3.54 , 4.163 , 2.663 , 240.29 , 34.03
5124 , 26837 , 15.48 , -63.8 , 1 , 3.52 , 4.153 , 2.682 , 240.60 , 33.72
5134 , 26899 , 15.33 , -63.8 , 1 , 3.50 , 4.171 , 2.721 , 240.94 , 33.38
5144 , 26959 , 15.18 , -63.8 , 1 , 3.48 , 4.116 , 2.712 , 241.26 , 33.06
5154 , 27023 , 15.02 , -64.1 , 1 , 3.47 , 4.095 , 2.726 , 241.60 , 32.73
5164 , 27080 , 14.88 , -64.1 , 1 , 3.45 , 4.129 , 2.775 , 241.90 , 32.42
5174 , 27146 , 14.72 , -63.8 , 0 , 3.44 , 4.156 , 2.823 , 242.25 , 32.07
5184 , 27212 , 14.56 , -63.3 , 0 , 3.42 , 4.177 , 2.868 , 242.60 , 31.72
5194 , 27273 , 14.42 , -63.4 , 0 , 3.40 , 4.182 , 2.900 , 242.94 , 31.39
5204 , 27340 , 14.26 , -63.7 , 0 , 3.38 , 4.173 , 2.926 , 243.29 , 31.03
5214 , 27406 , 14.11 , -63.8 , 0 , 3.35 , 4.170 , 2.955 , 243.65 , 30.67
5223 , 27470 , 13.96 , -63.6 , 0 , 3.33 , 4.163 , 2.981 , 243.99 , 30.33
5232 , 27527 , 13.83 , -63.4 , 0 , 3.32 , 4.081 , 2.950 , 244.29 , 30.03
5242 , 27590 , 13.69 , -63.5 , 0 , 3.30 , 3.976 , 2.904 , 244.62 , 29.71
5252 , 27658 , 13.54 , -62.6 , 0 , 3.28 , 3.892 , 2.874 , 244.96 , 29.36
5262 , 27725 , 13.40 , -62.2 , 0 , 3.26 , 3.729 , 2.784 , 245.29 , 29.03
5272 , 27785 , 13.27 , -62.4 , 0 , 3.23 , 3.585 , 2.702 , 245.57 , 28.75
5282 , 27853 , 13.12 , -62.8 , 0 , 3.21 , 3.501 , 2.668 , 245.88 , 28.44
5292 , 27921 , 12.98 , -62.4 , 0 , 3.18 , 3.428 , 2.642 , 246.18 , 28.14
5302 , 27983 , 12.85 , -62.0 , 0 , 3.16 , 3.386 , 2.635 , 246.45 , 27.88
5312 , 28051 , 12.71 , -61.8 , 0 , 3.13 , 3.328 , 2.619 , 246.74 , 27.58
5322 , 28110 , 12.59 , -62.1 , 0 , 3.10 , 3.286 , 2.611 , 246.99 , 27.33
5332 , 28167 , 12.47 , -62.3 , 0 , 3.07 , 3.261 , 2.615 , 247.23 , 27.10
5342 , 28226 , 12.35 , -62.3 , 0 , 3.04 , 3.201 , 2.591 , 247.47 , 26.85
5352 , 28288 , 12.23 , -62.2 , 0 , 3.01 , 3.159 , 2.583 , 247.73 , 26.60
5362 , 28348 , 12.11 , -62.4 , 0 , 2.97 , 3.143 , 2.595 , 247.96 , 26.36
5372 , 28408 , 11.99 , -62.7 , 0 , 2.94 , 3.082 , 2.569 , 248.21 , 26.12
5382 , 28461 , 11.89 , -63.0 , 0 , 2.90 , 3.021 , 2.541 , 248.41 , 25.91
5392 , 28523 , 11.77 , -63.5 , 0 , 2.87 , 2.979 , 2.531 , 248.65 , 25.67
5402 , 28580 , 11.66 , -63.9 , 0 , 2.83 , 2.921 , 2.505 , 248.87 , 25.45
5412 , 28636 , 11.56 , -64.1 , 0 , 2.80 , 2.911 , 2.519 , 249.08 , 25.24
5422 , 28693 , 11.45 , -63.8 , 0 , 2.76 , 2.901 , 2.534 , 249.29 , 25.03
5432 , 28749 , 11.35 , -63.4 , 0 , 2.72 , 2.870 , 2.530 , 249.50 , 24.82
5442 , 28805 , 11.24 , -63.4 , 0 , 2.67 , 2.822 , 2.510 , 249.70 , 24.62
5452 , 28862 , 11.14 , -63.4 , 0 , 2.64 , 2.817 , 2.530 , 249.91 , 24.41
5461 , 28914 , 11.05 , -63.4 , 0 , 2.59 , 2.790 , 2.526 , 250.10 , 24.23
5471 , 28974 , 10.94 , -63.3 , 0 , 2.54 , 2.769 , 2.532 , 250.31 , 24.01
5481 , 29031 , 10.84 , -63.2 , 0 , 2.50 , 2.735 , 2.524 , 250.51 , 23.81
5491 , 29086 , 10.74 , -63.1 , 0 , 2.45 , 2.728 , 2.540 , 250.71 , 23.61
5501 , 29145 , 10.64 , -63.1 , 0 , 2.40 , 2.712 , 2.550 , 250.91 , 23.41
5511 , 29208 , 10.53 , -63.1 , 0 , 2.35 , 2.711 , 2.575 , 251.13 , 23.19
5521 , 29264 , 10.43 , -62.8 , 0 , 2.30 , 2.710 , 2.598 , 251.33 , 22.99
5530 , 29326 , 10.33 , -62.8 , 0 , 2.25 , 2.700 , 2.614 , 251.54 , 22.78
5540 , 29386 , 10.23 , -62.5 , 0 , 2.21 , 2.691 , 2.631 , 251.75 , 22.57
5550 , 29445 , 10.13 , -62.2 , 0 , 2.16 , 2.654 , 2.620 , 251.95 , 22.37
5560 , 29513 , 10.02 , -61.6 , 0 , 2.11 , 2.628 , 2.622 , 252.18 , 22.14
5570 , 29573 , 9.92 , -60.9 , 0 , 2.06 , 2.599 , 2.619 , 252.38 , 21.94
5580 , 29631 , 9.83 , -61.1 , 0 , 2.02 , 2.597 , 2.642 , 252.57 , 21.75
5590 , 29695 , 9.73 , -61.2 , 0 , 1.98 , 2.614 , 2.686 , 252.78 , 21.54
5600 , 29754 , 9.64 , -61.4 , 0 , 1.94 , 2.598 , 2.696 , 252.98 , 21.34
5610 , 29808 , 9.56 , -60.9 , 0 , 1.89 , 2.583 , 2.703 , 253.16 , 21.17
5620 , 29870 , 9.46 , -60.4 , 0 , 1.85 , 2.584 , 2.731 , 253.36 , 20.96
5630 , 29920 , 9.38 , -60.3 , 0 , 1.80 , 2.585 , 2.754 , 253.52 , 20.80
5640 , 29970 , 9.31 , -60.6 , 0 , 1.75 , 2.577 , 2.768 , 253.69 , 20.63
5649 , 30023 , 9.23 , -60.9 , 0 , 1.70 , 2.568 , 2.782 , 253.86 , 20.46
5659 , 30065 , 9.17 , -61.1 , 0 , 1.65 , 2.547 , 2.778 , 254.00 , 20.33
5669 , 30112 , 9.10 , -61.3 , 0 , 1.60 , 2.539 , 2.791 , 254.15 , 20.17
5679 , 30167 , 9.02 , -61.3 , 0 , 1.55 , 2.496 , 2.768 , 254.33 , 20.00
5689 , 30213 , 8.95 , -61.1 , 0 , 1.49 , 2.461 , 2.749 , 254.47 , 19.85
5699 , 30266 , 8.88 , -60.4 , 0 , 1.44 , 2.439 , 2.748 , 254.64 , 19.69
5709 , 30313 , 8.81 , -60.3 , 0 , 1.39 , 2.459 , 2.791 , 254.78 , 19.54
5719 , 30362 , 8.74 , -60.4 , 0 , 1.33 , 2.419 , 2.768 , 254.93 , 19.39
5729 , 30413 , 8.67 , -60.3 , 0 , 1.28 , 2.393 , 2.761 , 255.09 , 19.23
5739 , 30470 , 8.59 , -60.1 , 0 , 1.22 , 2.359 , 2.745 , 255.26 , 19.06
5749 , 30517 , 8.53 , -59.8 , 0 , 1.17 , 2.329 , 2.732 , 255.40 , 18.92
5759 , 30570 , 8.45 , -59.3 , 0 , 1.11 , 2.310 , 2.732 , 255.55 , 18.77
5769 , 30619 , 8.39 , -59.2 , 0 , 1.06 , 2.297 , 2.739 , 255.70 , 18.63
5779 , 30678 , 8.31 , -59.2 , 0 , 1.01 , 2.262 , 2.723 , 255.87 , 18.46
5789 , 30724 , 8.25 , -59.2 , 0 , 0.95 , 2.209 , 2.678 , 256.00 , 18.33
5799 , 30780 , 8.17 , -58.6 , 0 , 0.89 , 2.193 , 2.683 , 256.15 , 18.17
5809 , 30837 , 8.10 , -58.8 , 0 , 0.84 , 2.180 , 2.691 , 256.31 , 18.01
5819 , 30896 , 8.03 , -58.8 , 0 , 0.80 , 2.162 , 2.694 , 256.47 , 17.85
5829 , 30945 , 7.96 , -58.7 , 0 , 0.75 , 2.176 , 2.733 , 256.60 , 17.72
5838 , 30997 , 7.90 , -58.4 , 0 , 0.70 , 2.195 , 2.780 , 256.75 , 17.58
5848 , 31053 , 7.83 , -57.9 , 0 , 0.66 , 2.199 , 2.809 , 256.90 , 17.42
5858 , 31113 , 7.75 , -57.8 , 0 , 0.61 , 2.184 , 2.817 , 257.07 , 17.26
5868 , 31165 , 7.69 , -57.6 , 0 , 0.56 , 2.160 , 2.809 , 257.20 , 17.12
5878 , 31218 , 7.63 , -57.0 , 0 , 0.52 , 2.145 , 2.813 , 257.35 , 16.98
5888 , 31272 , 7.56 , -56.9 , 0 , 0.48 , 2.126 , 2.812 , 257.49 , 16.83
5898 , 31324 , 7.50 , -57.0 , 0 , 0.44 , 2.107 , 2.810 , 257.63 , 16.69
5908 , 31377 , 7.44 , -57.0 , 0 , 0.40 , 2.084 , 2.802 , 257.77 , 16.56
5918 , 31429 , 7.38 , -57.0 , 0 , 0.35 , 2.074 , 2.812 , 257.90 , 16.42
5928 , 31480 , 7.32 , -57.2 , 0 , 0.32 , 2.064 , 2.821 , 258.04 , 16.29
