# ------------------------------------------------------------
#
# Flight name: V0514
# Station: Davis
# Launch Date: 28 May 2014
# Launch Time: 11:16:22
# 
# This file created: Thu May 29 09:38:40 2014
# 
# 
# ------------------------------------------------------------
# DATA COLUMNS
# Time (s)
# Height (m)
# Atmospheric Pressure (hPa)
# Atmospheric Temperature (°C)
# Relative Humidity (%)
# Box Temperature (°C)
# Ozone Partial Pressure (mPa)
# Ozone Mixing Ratio (ppmV)
# Accumulated Ozone to this Height (Dobson Units)
# Remaining Ozone above this Height (Dobson Units)
# 
# ------------------------------------------------------------
# 
# Integrated Ozone =  25.0 DU
# Extrapolated Ozone =  21.2 DU
# 
# Total Ozone =  46.2 DU
# 
# 
# ------------------------------------------------------------
0 , 18 , 981.73 , -5.1 , 40 , 34.90 , 2.833 , 0.029 , 0.00 , 46.23
10 , 67 , 975.58 , -5.0 , 39 , 34.92 , 2.983 , 0.031 , 0.14 , 46.09
20 , 116 , 969.48 , -5.2 , 37 , 34.88 , 3.058 , 0.032 , 0.29 , 45.94
30 , 172 , 962.53 , -5.5 , 37 , 34.82 , 3.111 , 0.032 , 0.47 , 45.76
39 , 235 , 954.88 , -6.2 , 39 , 34.82 , 3.095 , 0.032 , 0.66 , 45.57
49 , 302 , 946.73 , -6.7 , 39 , 34.76 , 3.103 , 0.033 , 0.87 , 45.36
59 , 375 , 937.97 , -6.7 , 38 , 34.61 , 3.107 , 0.033 , 1.10 , 45.13
69 , 450 , 928.87 , -7.3 , 39 , 34.53 , 3.085 , 0.033 , 1.34 , 44.89
79 , 504 , 922.45 , -7.6 , 39 , 34.57 , 3.087 , 0.033 , 1.51 , 44.72
89 , 543 , 917.94 , -7.8 , 39 , 34.51 , 3.075 , 0.033 , 1.63 , 44.60
99 , 592 , 912.08 , -7.1 , 36 , 34.48 , 3.027 , 0.033 , 1.78 , 44.45
109 , 647 , 905.71 , -6.8 , 33 , 34.42 , 3.007 , 0.033 , 1.95 , 44.28
119 , 710 , 898.43 , -7.1 , 32 , 34.28 , 2.993 , 0.033 , 2.14 , 44.09
129 , 776 , 890.80 , -7.7 , 33 , 34.18 , 2.958 , 0.033 , 2.34 , 43.89
139 , 839 , 883.62 , -8.1 , 34 , 34.18 , 2.933 , 0.033 , 2.53 , 43.70
149 , 901 , 876.62 , -8.7 , 35 , 34.09 , 2.875 , 0.033 , 2.71 , 43.52
158 , 957 , 870.33 , -9.2 , 36 , 34.03 , 2.878 , 0.033 , 2.87 , 43.36
169 , 1017 , 863.54 , -9.8 , 37 , 33.99 , 2.869 , 0.033 , 3.05 , 43.18
179 , 1079 , 856.67 , -10.4 , 38 , 33.89 , 2.829 , 0.033 , 3.23 , 43.00
189 , 1142 , 849.68 , -10.9 , 40 , 33.80 , 2.810 , 0.033 , 3.41 , 42.82
199 , 1197 , 843.58 , -11.4 , 41 , 33.76 , 2.785 , 0.033 , 3.57 , 42.66
209 , 1261 , 836.61 , -11.8 , 42 , 33.73 , 2.791 , 0.033 , 3.76 , 42.48
219 , 1323 , 829.80 , -12.4 , 44 , 33.69 , 2.748 , 0.033 , 3.93 , 42.30
228 , 1377 , 824.00 , -12.7 , 44 , 33.62 , 2.732 , 0.033 , 4.09 , 42.15
238 , 1438 , 817.35 , -13.1 , 45 , 33.61 , 2.715 , 0.033 , 4.26 , 41.97
248 , 1499 , 810.86 , -13.7 , 46 , 33.56 , 2.679 , 0.033 , 4.43 , 41.80
258 , 1564 , 803.88 , -14.2 , 48 , 33.48 , 2.660 , 0.033 , 4.61 , 41.62
268 , 1633 , 796.69 , -14.8 , 50 , 33.45 , 2.653 , 0.033 , 4.80 , 41.43
278 , 1712 , 788.34 , -15.6 , 52 , 33.46 , 2.678 , 0.034 , 5.02 , 41.21
288 , 1788 , 780.46 , -16.1 , 55 , 33.51 , 2.625 , 0.034 , 5.23 , 41.00
298 , 1852 , 773.87 , -16.4 , 55 , 33.39 , 2.547 , 0.033 , 5.41 , 40.83
308 , 1918 , 767.02 , -17.1 , 57 , 33.37 , 2.574 , 0.034 , 5.58 , 40.65
318 , 1984 , 760.38 , -17.6 , 60 , 33.30 , 2.525 , 0.033 , 5.76 , 40.47
328 , 2041 , 754.60 , -18.1 , 63 , 33.23 , 2.518 , 0.033 , 5.91 , 40.32
338 , 2102 , 748.38 , -18.7 , 66 , 33.22 , 2.478 , 0.033 , 6.07 , 40.16
348 , 2167 , 741.86 , -19.3 , 69 , 33.19 , 2.445 , 0.033 , 6.24 , 39.99
358 , 2234 , 735.24 , -19.8 , 72 , 33.16 , 2.430 , 0.033 , 6.42 , 39.82
368 , 2293 , 729.40 , -19.3 , 79 , 33.18 , 2.425 , 0.033 , 6.57 , 39.66
378 , 2352 , 723.61 , -18.9 , 86 , 33.09 , 2.376 , 0.033 , 6.72 , 39.51
388 , 2410 , 718.07 , -18.5 , 91 , 32.98 , 2.343 , 0.033 , 6.86 , 39.37
398 , 2467 , 712.63 , -18.5 , 92 , 32.87 , 2.292 , 0.032 , 7.00 , 39.23
408 , 2514 , 708.07 , -18.6 , 90 , 32.93 , 2.278 , 0.032 , 7.12 , 39.11
418 , 2569 , 702.92 , -18.9 , 91 , 32.94 , 2.254 , 0.032 , 7.25 , 38.98
428 , 2612 , 698.86 , -18.9 , 90 , 32.88 , 2.259 , 0.032 , 7.35 , 38.88
438 , 2662 , 694.18 , -19.0 , 92 , 32.84 , 2.252 , 0.032 , 7.47 , 38.76
448 , 2712 , 689.56 , -18.7 , 91 , 32.80 , 2.252 , 0.033 , 7.59 , 38.64
458 , 2757 , 685.34 , -18.5 , 84 , 32.76 , 2.224 , 0.032 , 7.70 , 38.53
468 , 2806 , 680.86 , -18.1 , 78 , 32.68 , 2.219 , 0.033 , 7.81 , 38.42
478 , 2856 , 676.34 , -18.2 , 76 , 32.62 , 2.223 , 0.033 , 7.93 , 38.30
488 , 2912 , 671.32 , -18.3 , 73 , 32.54 , 2.222 , 0.033 , 8.06 , 38.17
498 , 2970 , 666.06 , -18.4 , 69 , 32.56 , 2.224 , 0.033 , 8.20 , 38.03
508 , 3023 , 661.39 , -18.6 , 68 , 32.60 , 2.216 , 0.034 , 8.32 , 37.91
518 , 3082 , 656.21 , -19.0 , 68 , 32.57 , 2.208 , 0.034 , 8.46 , 37.77
528 , 3141 , 650.99 , -19.5 , 68 , 32.52 , 2.189 , 0.034 , 8.60 , 37.63
537 , 3190 , 646.69 , -19.7 , 66 , 32.51 , 2.172 , 0.034 , 8.71 , 37.52
546 , 3234 , 642.87 , -19.4 , 64 , 32.52 , 2.182 , 0.034 , 8.81 , 37.42
556 , 3285 , 638.48 , -18.9 , 61 , 32.46 , 2.198 , 0.034 , 8.93 , 37.30
566 , 3348 , 633.12 , -19.0 , 60 , 32.31 , 2.180 , 0.034 , 9.08 , 37.15
576 , 3411 , 627.82 , -19.1 , 62 , 32.25 , 2.147 , 0.034 , 9.22 , 37.01
586 , 3465 , 623.25 , -19.4 , 63 , 32.26 , 2.124 , 0.034 , 9.35 , 36.89
596 , 3527 , 618.03 , -19.7 , 62 , 32.25 , 2.117 , 0.034 , 9.49 , 36.75
606 , 3591 , 612.72 , -19.8 , 61 , 32.21 , 2.098 , 0.034 , 9.63 , 36.60
616 , 3648 , 608.03 , -20.2 , 60 , 32.18 , 2.055 , 0.034 , 9.76 , 36.48
626 , 3697 , 604.06 , -20.5 , 59 , 32.19 , 2.047 , 0.034 , 9.86 , 36.37
636 , 3749 , 599.81 , -20.8 , 59 , 32.13 , 2.022 , 0.034 , 9.97 , 36.26
646 , 3799 , 595.80 , -21.3 , 62 , 32.10 , 2.019 , 0.034 , 10.08 , 36.15
656 , 3845 , 592.03 , -21.7 , 62 , 32.08 , 1.979 , 0.033 , 10.18 , 36.05
666 , 3890 , 588.45 , -22.1 , 62 , 32.10 , 1.979 , 0.034 , 10.28 , 35.96
676 , 3934 , 584.90 , -22.5 , 64 , 32.06 , 1.957 , 0.033 , 10.37 , 35.86
686 , 3982 , 581.12 , -23.0 , 65 , 32.05 , 1.944 , 0.033 , 10.47 , 35.76
696 , 4033 , 577.10 , -23.4 , 68 , 32.03 , 1.953 , 0.034 , 10.58 , 35.66
706 , 4085 , 572.97 , -23.9 , 70 , 31.98 , 1.923 , 0.034 , 10.69 , 35.55
716 , 4134 , 569.11 , -24.3 , 72 , 31.96 , 1.926 , 0.034 , 10.79 , 35.44
725 , 4196 , 564.34 , -24.9 , 75 , 31.88 , 1.925 , 0.034 , 10.92 , 35.31
735 , 4264 , 559.09 , -25.6 , 77 , 31.82 , 1.896 , 0.034 , 11.06 , 35.17
745 , 4324 , 554.41 , -26.1 , 77 , 31.78 , 1.877 , 0.034 , 11.18 , 35.05
755 , 4382 , 550.00 , -26.5 , 77 , 31.76 , 1.855 , 0.034 , 11.30 , 34.93
765 , 4432 , 546.21 , -26.8 , 76 , 31.78 , 1.854 , 0.034 , 11.40 , 34.83
775 , 4478 , 542.77 , -27.2 , 73 , 31.78 , 1.840 , 0.034 , 11.49 , 34.74
785 , 4524 , 539.31 , -27.5 , 74 , 31.77 , 1.834 , 0.034 , 11.59 , 34.65
795 , 4579 , 535.15 , -27.2 , 67 , 31.73 , 1.834 , 0.034 , 11.70 , 34.53
805 , 4630 , 531.39 , -27.3 , 62 , 31.71 , 1.845 , 0.035 , 11.80 , 34.43
815 , 4688 , 527.13 , -27.6 , 61 , 31.70 , 1.869 , 0.035 , 11.92 , 34.31
825 , 4740 , 523.32 , -28.0 , 60 , 31.66 , 1.878 , 0.036 , 12.03 , 34.21
835 , 4801 , 518.92 , -28.3 , 59 , 31.63 , 1.900 , 0.037 , 12.15 , 34.08
844 , 4858 , 514.81 , -28.7 , 58 , 31.61 , 1.897 , 0.037 , 12.27 , 33.96
853 , 4912 , 510.93 , -29.1 , 57 , 31.60 , 1.897 , 0.037 , 12.39 , 33.85
863 , 4976 , 506.38 , -29.5 , 55 , 31.57 , 1.891 , 0.037 , 12.52 , 33.71
873 , 5044 , 501.55 , -30.0 , 53 , 31.50 , 1.900 , 0.038 , 12.66 , 33.57
883 , 5102 , 497.44 , -30.3 , 51 , 31.47 , 1.898 , 0.038 , 12.79 , 33.45
893 , 5157 , 493.64 , -30.4 , 48 , 31.45 , 1.983 , 0.040 , 12.90 , 33.33
903 , 5208 , 490.10 , -30.2 , 44 , 31.44 , 2.073 , 0.042 , 13.02 , 33.21
913 , 5255 , 486.88 , -30.3 , 38 , 31.45 , 2.102 , 0.043 , 13.13 , 33.11
923 , 5304 , 483.56 , -30.5 , 32 , 31.41 , 2.112 , 0.044 , 13.24 , 32.99
933 , 5354 , 480.17 , -30.4 , 26 , 31.38 , 2.111 , 0.044 , 13.36 , 32.87
943 , 5402 , 476.90 , -30.7 , 21 , 31.38 , 2.121 , 0.044 , 13.47 , 32.76
953 , 5459 , 473.07 , -31.1 , 20 , 31.35 , 2.122 , 0.045 , 13.61 , 32.63
963 , 5511 , 469.65 , -31.5 , 21 , 31.31 , 2.125 , 0.045 , 13.73 , 32.50
973 , 5559 , 466.43 , -32.0 , 21 , 31.29 , 2.120 , 0.045 , 13.84 , 32.39
983 , 5610 , 463.08 , -32.3 , 21 , 31.28 , 2.143 , 0.046 , 13.97 , 32.27
993 , 5660 , 459.79 , -32.6 , 20 , 31.24 , 2.161 , 0.047 , 14.09 , 32.15
1003 , 5709 , 456.63 , -32.6 , 16 , 31.21 , 2.229 , 0.049 , 14.21 , 32.03
1013 , 5763 , 453.13 , -32.6 , 13 , 31.15 , 2.231 , 0.049 , 14.34 , 31.89
1023 , 5813 , 449.92 , -32.5 , 9 , 31.11 , 2.250 , 0.050 , 14.47 , 31.77
1033 , 5866 , 446.54 , -32.5 , 6 , 31.09 , 2.168 , 0.049 , 14.60 , 31.63
1043 , 5930 , 442.50 , -32.9 , 6 , 31.07 , 2.082 , 0.047 , 14.75 , 31.48
1053 , 5988 , 438.90 , -33.2 , 6 , 31.02 , 1.967 , 0.045 , 14.88 , 31.35
1063 , 6035 , 435.95 , -33.5 , 7 , 31.01 , 1.911 , 0.044 , 14.98 , 31.25
1073 , 6081 , 433.09 , -34.0 , 8 , 31.00 , 1.858 , 0.043 , 15.08 , 31.15
1083 , 6129 , 430.13 , -34.4 , 9 , 30.96 , 1.826 , 0.042 , 15.18 , 31.05
1093 , 6177 , 427.21 , -34.8 , 11 , 30.90 , 1.769 , 0.041 , 15.28 , 30.95
1103 , 6225 , 424.28 , -35.2 , 12 , 30.84 , 1.779 , 0.042 , 15.37 , 30.86
1113 , 6280 , 420.92 , -35.7 , 13 , 30.77 , 1.757 , 0.042 , 15.49 , 30.75
1123 , 6330 , 417.89 , -36.1 , 14 , 30.72 , 1.728 , 0.041 , 15.59 , 30.65
1133 , 6375 , 415.17 , -36.5 , 14 , 30.72 , 1.736 , 0.042 , 15.67 , 30.56
1143 , 6426 , 412.14 , -36.9 , 15 , 30.72 , 1.765 , 0.043 , 15.78 , 30.46
1152 , 6475 , 409.23 , -37.3 , 15 , 30.66 , 1.741 , 0.043 , 15.87 , 30.36
1162 , 6518 , 406.70 , -37.6 , 15 , 30.61 , 1.737 , 0.043 , 15.96 , 30.27
1172 , 6561 , 404.14 , -37.9 , 15 , 30.60 , 1.743 , 0.043 , 16.05 , 30.19
1182 , 6606 , 401.54 , -38.2 , 14 , 30.57 , 1.752 , 0.044 , 16.13 , 30.10
1192 , 6648 , 399.10 , -38.6 , 14 , 30.53 , 1.734 , 0.043 , 16.22 , 30.01
1202 , 6694 , 396.43 , -38.9 , 14 , 30.52 , 1.743 , 0.044 , 16.31 , 29.92
1212 , 6740 , 393.76 , -39.4 , 15 , 30.47 , 1.727 , 0.044 , 16.40 , 29.83
1222 , 6790 , 390.89 , -39.8 , 15 , 30.42 , 1.720 , 0.044 , 16.50 , 29.73
1232 , 6840 , 388.03 , -40.3 , 16 , 30.38 , 1.719 , 0.044 , 16.60 , 29.63
1242 , 6890 , 385.20 , -40.8 , 17 , 30.33 , 1.717 , 0.045 , 16.70 , 29.53
1252 , 6948 , 381.90 , -41.3 , 18 , 30.26 , 1.685 , 0.044 , 16.82 , 29.42
1262 , 7003 , 378.81 , -41.9 , 18 , 30.20 , 1.685 , 0.044 , 16.92 , 29.31
1272 , 7054 , 375.97 , -42.4 , 19 , 30.16 , 1.678 , 0.045 , 17.02 , 29.21
1282 , 7111 , 372.85 , -42.9 , 19 , 30.11 , 1.675 , 0.045 , 17.13 , 29.10
1292 , 7168 , 369.67 , -43.4 , 20 , 30.06 , 1.653 , 0.045 , 17.25 , 28.99
1302 , 7218 , 366.92 , -43.8 , 19 , 30.01 , 1.645 , 0.045 , 17.34 , 28.89
1312 , 7265 , 364.38 , -44.2 , 19 , 29.98 , 1.628 , 0.045 , 17.43 , 28.80
1322 , 7317 , 361.58 , -44.7 , 19 , 29.93 , 1.602 , 0.044 , 17.53 , 28.70
1332 , 7365 , 358.98 , -45.2 , 20 , 29.88 , 1.589 , 0.044 , 17.62 , 28.61
1342 , 7414 , 356.36 , -45.6 , 20 , 29.85 , 1.579 , 0.044 , 17.72 , 28.52
1352 , 7468 , 353.49 , -46.1 , 21 , 29.82 , 1.554 , 0.044 , 17.82 , 28.42
1362 , 7531 , 350.15 , -46.8 , 22 , 29.78 , 1.509 , 0.043 , 17.93 , 28.30
1372 , 7590 , 347.00 , -47.3 , 24 , 29.72 , 1.497 , 0.043 , 18.04 , 28.20
1382 , 7641 , 344.33 , -47.8 , 25 , 29.68 , 1.504 , 0.044 , 18.13 , 28.10
1392 , 7693 , 341.64 , -48.3 , 27 , 29.64 , 1.461 , 0.043 , 18.22 , 28.01
1402 , 7745 , 338.95 , -48.8 , 28 , 29.62 , 1.429 , 0.042 , 18.31 , 27.92
1412 , 7799 , 336.18 , -49.3 , 28 , 29.61 , 1.417 , 0.042 , 18.40 , 27.83
1422 , 7850 , 333.57 , -49.8 , 29 , 29.59 , 1.406 , 0.042 , 18.49 , 27.74
1432 , 7900 , 331.03 , -50.3 , 31 , 29.55 , 1.400 , 0.042 , 18.57 , 27.66
1442 , 7952 , 328.37 , -50.8 , 32 , 29.50 , 1.376 , 0.042 , 18.66 , 27.57
1452 , 8012 , 325.39 , -51.4 , 33 , 29.45 , 1.368 , 0.042 , 18.76 , 27.47
1461 , 8081 , 321.93 , -51.9 , 33 , 29.41 , 1.320 , 0.041 , 18.87 , 27.36
1471 , 8132 , 319.38 , -52.4 , 33 , 29.38 , 1.289 , 0.040 , 18.96 , 27.28
1481 , 8182 , 316.91 , -52.9 , 33 , 29.33 , 1.273 , 0.040 , 19.03 , 27.20
1491 , 8234 , 314.38 , -53.3 , 32 , 29.28 , 1.260 , 0.040 , 19.12 , 27.12
1501 , 8282 , 312.02 , -53.8 , 31 , 29.26 , 1.244 , 0.040 , 19.19 , 27.04
1511 , 8339 , 309.29 , -54.3 , 30 , 29.21 , 1.240 , 0.040 , 19.28 , 26.96
1521 , 8401 , 306.31 , -54.9 , 30 , 29.17 , 1.231 , 0.040 , 19.37 , 26.86
1531 , 8465 , 303.25 , -55.5 , 32 , 29.12 , 1.206 , 0.040 , 19.47 , 26.77
1541 , 8519 , 300.68 , -56.1 , 33 , 29.08 , 1.193 , 0.040 , 19.55 , 26.69
1551 , 8579 , 297.86 , -56.6 , 36 , 29.04 , 1.187 , 0.040 , 19.64 , 26.60
1561 , 8643 , 294.85 , -57.2 , 38 , 28.97 , 1.177 , 0.040 , 19.73 , 26.50
1571 , 8708 , 291.83 , -57.8 , 40 , 28.93 , 1.134 , 0.039 , 19.82 , 26.41
1581 , 8762 , 289.32 , -58.3 , 42 , 28.89 , 1.123 , 0.039 , 19.90 , 26.33
1591 , 8821 , 286.65 , -58.7 , 45 , 28.84 , 1.134 , 0.040 , 19.98 , 26.25
1601 , 8884 , 283.78 , -59.3 , 48 , 28.78 , 1.117 , 0.039 , 20.07 , 26.16
1610 , 8954 , 280.60 , -59.8 , 48 , 28.74 , 1.135 , 0.040 , 20.17 , 26.06
1621 , 9028 , 277.28 , -60.3 , 45 , 28.69 , 1.133 , 0.041 , 20.28 , 25.95
1631 , 9102 , 274.04 , -61.0 , 43 , 28.64 , 1.116 , 0.041 , 20.38 , 25.85
1641 , 9169 , 271.09 , -61.3 , 41 , 28.60 , 1.117 , 0.041 , 20.48 , 25.75
1651 , 9242 , 267.90 , -61.7 , 39 , 28.55 , 1.118 , 0.042 , 20.58 , 25.65
1661 , 9317 , 264.69 , -62.1 , 37 , 28.49 , 1.116 , 0.042 , 20.69 , 25.54
1671 , 9393 , 261.43 , -62.6 , 36 , 28.43 , 1.083 , 0.041 , 20.80 , 25.43
1681 , 9444 , 259.28 , -63.0 , 37 , 28.38 , 1.068 , 0.041 , 20.87 , 25.36
1691 , 9499 , 256.97 , -63.5 , 39 , 28.34 , 1.088 , 0.042 , 20.94 , 25.29
1701 , 9570 , 254.02 , -64.1 , 40 , 28.28 , 1.116 , 0.044 , 21.04 , 25.19
1711 , 9641 , 251.07 , -64.7 , 41 , 28.20 , 1.114 , 0.044 , 21.15 , 25.09
1721 , 9712 , 248.15 , -65.0 , 41 , 28.16 , 1.101 , 0.044 , 21.25 , 24.98
1731 , 9787 , 245.13 , -65.4 , 41 , 28.12 , 1.123 , 0.046 , 21.36 , 24.88
1741 , 9864 , 242.04 , -65.6 , 43 , 28.06 , 1.143 , 0.047 , 21.47 , 24.76
1751 , 9937 , 239.13 , -65.8 , 45 , 27.98 , 1.187 , 0.050 , 21.58 , 24.65
1760 , 10009 , 236.33 , -66.4 , 47 , 27.91 , 1.213 , 0.051 , 21.69 , 24.54
1770 , 10077 , 233.68 , -66.7 , 48 , 27.86 , 1.256 , 0.054 , 21.80 , 24.43
1780 , 10161 , 230.45 , -67.4 , 50 , 27.82 , 1.235 , 0.054 , 21.94 , 24.29
1790 , 10240 , 227.44 , -67.8 , 51 , 27.77 , 1.214 , 0.053 , 22.07 , 24.17
1800 , 10308 , 224.90 , -68.3 , 53 , 27.73 , 1.246 , 0.055 , 22.18 , 24.06
1810 , 10384 , 222.04 , -68.8 , 56 , 27.67 , 1.291 , 0.058 , 22.30 , 23.93
1820 , 10458 , 219.30 , -69.2 , 58 , 27.60 , 1.365 , 0.062 , 22.43 , 23.80
1830 , 10529 , 216.72 , -69.8 , 60 , 27.52 , 1.453 , 0.067 , 22.57 , 23.67
1840 , 10596 , 214.28 , -70.4 , 61 , 27.46 , 1.499 , 0.070 , 22.70 , 23.54
1850 , 10670 , 211.64 , -70.4 , 62 , 27.40 , 1.596 , 0.075 , 22.85 , 23.38
1860 , 10743 , 209.04 , -70.5 , 63 , 27.32 , 1.634 , 0.078 , 23.01 , 23.23
1870 , 10814 , 206.57 , -70.2 , 62 , 27.27 , 1.649 , 0.080 , 23.16 , 23.07
1880 , 10886 , 204.06 , -70.3 , 60 , 27.23 , 1.665 , 0.082 , 23.32 , 22.91
1890 , 10954 , 201.73 , -69.9 , 58 , 27.17 , 1.757 , 0.087 , 23.48 , 22.76
1900 , 11024 , 199.40 , -69.5 , 57 , 27.10 , 1.873 , 0.094 , 23.64 , 22.59
1910 , 11106 , 196.67 , -69.7 , 57 , 27.03 , 1.983 , 0.101 , 23.85 , 22.38
1920 , 11169 , 194.59 , -69.9 , 56 , 26.98 , 2.028 , 0.104 , 24.02 , 22.21
1930 , 11230 , 192.60 , -69.5 , 55 , 26.91 , 2.169 , 0.113 , 24.19 , 22.04
1940 , 11296 , 190.50 , -69.6 , 54 , 26.83 , 2.299 , 0.121 , 24.38 , 21.85
1950 , 11363 , 188.37 , -69.7 , 52 , 26.75 , 2.325 , 0.123 , 24.59 , 21.64
1960 , 11405 , 187.03 , -68.9 , 50 , 26.68 , 2.462 , 0.132 , 24.72 , 21.51
1970 , 11447 , 185.73 , -68.6 , 49 , 26.62 , 2.545 , 0.137 , 24.86 , 21.37
1980 , 11497 , 184.18 , -68.0 , 46 , 26.55 , 2.686 , 0.146 , 25.03 , 21.20
