# ------------------------------------------------------------
#
# Flight name: V0414
# Station: Davis
# Launch Date: 20 May 2014
# Launch Time: 11:20:00
# 
# This file created: Fri May 23 17:50:48 2014
# 
# 
# ------------------------------------------------------------
# DATA COLUMNS
# Time (s)
# Height (m)
# Atmospheric Pressure (hPa)
# Atmospheric Temperature (°C)
# Relative Humidity (%)
# Box Temperature (°C)
# Ozone Partial Pressure (mPa)
# Ozone Mixing Ratio (ppmV)
# Accumulated Ozone to this Height (Dobson Units)
# Remaining Ozone above this Height (Dobson Units)
# 
# ------------------------------------------------------------
# 
# Integrated Ozone = 186.5 DU
# Extrapolated Ozone =  46.7 DU
# 
# Total Ozone = 233.2 DU
# 
# 
# ------------------------------------------------------------
1 , 18 , 991.21 , -5.2 , 57 , 31.51 , 2.358 , 0.024 , 0.00 , 233.21
10 , 64 , 985.37 , -5.2 , 54 , 31.53 , 2.476 , 0.025 , 0.11 , 233.10
20 , 117 , 978.67 , -5.5 , 54 , 31.52 , 2.639 , 0.027 , 0.25 , 232.96
29 , 171 , 972.00 , -5.8 , 56 , 31.53 , 2.735 , 0.028 , 0.40 , 232.82
39 , 219 , 966.01 , -6.1 , 57 , 31.57 , 2.787 , 0.029 , 0.53 , 232.68
49 , 279 , 958.70 , -6.0 , 58 , 31.58 , 2.793 , 0.029 , 0.70 , 232.52
59 , 337 , 951.58 , -6.6 , 59 , 31.61 , 2.876 , 0.030 , 0.86 , 232.35
69 , 388 , 945.42 , -6.9 , 61 , 31.63 , 2.847 , 0.030 , 1.01 , 232.20
79 , 429 , 940.48 , -6.9 , 62 , 31.64 , 2.828 , 0.030 , 1.13 , 232.09
89 , 479 , 934.48 , -7.1 , 64 , 31.62 , 2.815 , 0.030 , 1.27 , 231.94
99 , 529 , 928.48 , -7.7 , 65 , 31.62 , 2.833 , 0.031 , 1.41 , 231.80
109 , 584 , 921.86 , -8.0 , 68 , 31.63 , 2.813 , 0.031 , 1.57 , 231.64
119 , 640 , 915.33 , -8.3 , 72 , 31.63 , 2.757 , 0.030 , 1.73 , 231.49
129 , 698 , 908.49 , -8.6 , 75 , 31.62 , 2.825 , 0.031 , 1.90 , 231.32
139 , 756 , 901.66 , -9.1 , 78 , 31.62 , 2.713 , 0.030 , 2.06 , 231.15
148 , 807 , 895.79 , -9.6 , 79 , 31.60 , 2.680 , 0.030 , 2.20 , 231.02
158 , 859 , 889.78 , -10.0 , 85 , 31.59 , 2.704 , 0.030 , 2.34 , 230.87
168 , 915 , 883.29 , -10.2 , 88 , 31.57 , 2.800 , 0.032 , 2.50 , 230.71
178 , 973 , 876.71 , -10.1 , 89 , 31.55 , 2.700 , 0.031 , 2.66 , 230.55
188 , 1029 , 870.27 , -10.3 , 89 , 31.53 , 2.696 , 0.031 , 2.82 , 230.39
198 , 1091 , 863.35 , -10.5 , 89 , 31.52 , 2.641 , 0.031 , 2.99 , 230.23
208 , 1144 , 857.45 , -10.5 , 89 , 31.50 , 2.669 , 0.031 , 3.13 , 230.08
218 , 1204 , 850.78 , -10.8 , 88 , 31.49 , 2.662 , 0.031 , 3.30 , 229.92
228 , 1257 , 844.90 , -11.2 , 90 , 31.48 , 2.683 , 0.032 , 3.44 , 229.77
238 , 1320 , 837.95 , -11.1 , 93 , 31.46 , 2.580 , 0.031 , 3.61 , 229.60
248 , 1383 , 831.16 , -10.9 , 94 , 31.44 , 2.560 , 0.031 , 3.78 , 229.44
258 , 1438 , 825.22 , -11.3 , 94 , 31.42 , 2.537 , 0.031 , 3.92 , 229.29
268 , 1496 , 819.03 , -11.6 , 94 , 31.40 , 2.522 , 0.031 , 4.07 , 229.14
278 , 1551 , 813.10 , -12.0 , 95 , 31.38 , 2.550 , 0.031 , 4.22 , 229.00
288 , 1613 , 806.61 , -12.3 , 96 , 31.37 , 2.550 , 0.032 , 4.38 , 228.83
298 , 1676 , 799.95 , -12.3 , 96 , 31.35 , 2.518 , 0.031 , 4.55 , 228.67
308 , 1742 , 793.08 , -12.2 , 93 , 31.34 , 2.523 , 0.032 , 4.72 , 228.50
318 , 1803 , 786.78 , -12.5 , 80 , 31.31 , 2.518 , 0.032 , 4.88 , 228.34
328 , 1865 , 780.37 , -12.4 , 78 , 31.28 , 2.547 , 0.033 , 5.04 , 228.18
338 , 1921 , 774.73 , -12.2 , 88 , 31.27 , 2.580 , 0.033 , 5.19 , 228.03
348 , 1979 , 768.82 , -12.2 , 96 , 31.26 , 2.641 , 0.034 , 5.34 , 227.87
357 , 2033 , 763.48 , -12.3 , 96 , 31.24 , 2.563 , 0.034 , 5.49 , 227.73
367 , 2086 , 758.13 , -12.7 , 81 , 31.22 , 2.646 , 0.035 , 5.63 , 227.58
375 , 2133 , 753.47 , -12.9 , 67 , 31.21 , 2.647 , 0.035 , 5.76 , 227.45
385 , 2196 , 747.31 , -12.8 , 60 , 31.18 , 2.636 , 0.035 , 5.93 , 227.28
394 , 2245 , 742.50 , -12.6 , 58 , 31.17 , 2.590 , 0.035 , 6.07 , 227.15
404 , 2295 , 737.64 , -12.7 , 60 , 31.14 , 2.551 , 0.035 , 6.20 , 227.02
412 , 2343 , 733.06 , -12.6 , 65 , 31.12 , 2.540 , 0.035 , 6.32 , 226.89
424 , 2407 , 726.93 , -12.7 , 87 , 31.10 , 2.519 , 0.035 , 6.49 , 226.72
433 , 2453 , 722.53 , -12.9 , 94 , 31.07 , 2.492 , 0.034 , 6.61 , 226.60
443 , 2501 , 717.99 , -13.2 , 95 , 31.05 , 2.485 , 0.035 , 6.73 , 226.48
452 , 2558 , 712.63 , -13.4 , 94 , 31.03 , 2.477 , 0.035 , 6.88 , 226.33
462 , 2614 , 707.42 , -13.6 , 92 , 31.00 , 2.449 , 0.035 , 7.02 , 226.19
471 , 2665 , 702.69 , -13.8 , 87 , 30.98 , 2.431 , 0.035 , 7.15 , 226.06
482 , 2725 , 697.18 , -14.0 , 86 , 30.95 , 2.423 , 0.035 , 7.30 , 225.91
492 , 2788 , 691.40 , -14.6 , 89 , 30.92 , 2.417 , 0.035 , 7.46 , 225.75
502 , 2850 , 685.76 , -15.1 , 91 , 30.91 , 2.458 , 0.036 , 7.62 , 225.59
512 , 2904 , 680.85 , -15.6 , 94 , 30.88 , 2.419 , 0.036 , 7.76 , 225.46
522 , 2963 , 675.54 , -16.0 , 88 , 30.84 , 2.393 , 0.035 , 7.91 , 225.31
532 , 3026 , 669.95 , -16.4 , 65 , 30.82 , 2.348 , 0.035 , 8.06 , 225.15
542 , 3085 , 664.69 , -16.7 , 50 , 30.80 , 2.321 , 0.035 , 8.21 , 225.01
552 , 3135 , 660.29 , -17.0 , 48 , 30.77 , 2.251 , 0.034 , 8.33 , 224.89
562 , 3184 , 656.00 , -17.1 , 44 , 30.74 , 2.240 , 0.034 , 8.44 , 224.77
572 , 3235 , 651.58 , -17.2 , 40 , 30.71 , 2.251 , 0.035 , 8.56 , 224.65
581 , 3281 , 647.54 , -17.3 , 43 , 30.68 , 2.230 , 0.034 , 8.67 , 224.54
591 , 3336 , 642.84 , -17.7 , 47 , 30.66 , 2.231 , 0.035 , 8.80 , 224.41
601 , 3397 , 637.56 , -18.2 , 49 , 30.62 , 2.206 , 0.035 , 8.95 , 224.27
611 , 3456 , 632.53 , -18.4 , 48 , 30.59 , 2.201 , 0.035 , 9.08 , 224.13
621 , 3512 , 627.81 , -18.6 , 42 , 30.55 , 2.226 , 0.035 , 9.21 , 224.00
631 , 3578 , 622.30 , -18.8 , 37 , 30.52 , 2.216 , 0.036 , 9.37 , 223.85
641 , 3640 , 617.15 , -19.4 , 37 , 30.49 , 2.195 , 0.036 , 9.51 , 223.70
651 , 3706 , 611.66 , -19.9 , 36 , 30.46 , 2.162 , 0.035 , 9.67 , 223.55
661 , 3769 , 606.47 , -20.5 , 35 , 30.43 , 2.140 , 0.035 , 9.81 , 223.40
671 , 3826 , 601.85 , -20.9 , 30 , 30.40 , 2.128 , 0.035 , 9.94 , 223.27
681 , 3895 , 596.23 , -21.4 , 38 , 30.38 , 2.122 , 0.036 , 10.10 , 223.12
691 , 3964 , 590.65 , -21.9 , 40 , 30.36 , 2.104 , 0.036 , 10.26 , 222.96
701 , 4028 , 585.55 , -22.5 , 39 , 30.32 , 2.049 , 0.035 , 10.40 , 222.82
711 , 4086 , 580.97 , -23.0 , 39 , 30.28 , 2.036 , 0.035 , 10.52 , 222.69
721 , 4151 , 575.83 , -23.6 , 41 , 30.26 , 2.039 , 0.035 , 10.67 , 222.55
731 , 4215 , 570.80 , -24.2 , 41 , 30.23 , 2.017 , 0.035 , 10.81 , 222.41
741 , 4278 , 565.85 , -24.7 , 40 , 30.19 , 1.991 , 0.035 , 10.94 , 222.27
751 , 4344 , 560.75 , -25.2 , 41 , 30.16 , 1.997 , 0.036 , 11.09 , 222.13
761 , 4413 , 555.43 , -25.7 , 43 , 30.12 , 1.983 , 0.036 , 11.24 , 221.98
770 , 4470 , 551.05 , -26.0 , 46 , 30.09 , 1.964 , 0.036 , 11.36 , 221.85
780 , 4525 , 546.92 , -26.3 , 43 , 30.05 , 1.929 , 0.035 , 11.48 , 221.74
790 , 4588 , 542.15 , -26.9 , 42 , 30.02 , 1.924 , 0.035 , 11.61 , 221.61
800 , 4654 , 537.17 , -27.5 , 45 , 29.99 , 1.907 , 0.036 , 11.75 , 221.47
810 , 4720 , 532.32 , -28.0 , 47 , 29.95 , 1.904 , 0.036 , 11.89 , 221.33
820 , 4785 , 527.52 , -28.6 , 48 , 29.92 , 1.886 , 0.036 , 12.02 , 221.19
830 , 4852 , 522.57 , -29.0 , 51 , 29.88 , 1.851 , 0.035 , 12.16 , 221.06
840 , 4914 , 518.07 , -29.5 , 54 , 29.84 , 1.806 , 0.035 , 12.28 , 220.93
850 , 4973 , 513.79 , -29.9 , 51 , 29.81 , 1.808 , 0.035 , 12.40 , 220.81
859 , 5035 , 509.31 , -30.3 , 42 , 29.78 , 1.809 , 0.036 , 12.53 , 220.69
869 , 5102 , 504.55 , -30.7 , 44 , 29.75 , 1.831 , 0.036 , 12.66 , 220.55
879 , 5171 , 499.63 , -31.2 , 48 , 29.71 , 1.790 , 0.036 , 12.80 , 220.41
889 , 5236 , 495.08 , -31.6 , 50 , 29.67 , 1.741 , 0.035 , 12.93 , 220.29
899 , 5298 , 490.77 , -31.8 , 45 , 29.63 , 1.723 , 0.035 , 13.05 , 220.17
909 , 5358 , 486.59 , -32.1 , 40 , 29.58 , 1.716 , 0.035 , 13.17 , 220.05
919 , 5421 , 482.26 , -32.4 , 37 , 29.54 , 1.685 , 0.035 , 13.29 , 219.93
929 , 5483 , 478.07 , -32.6 , 24 , 29.49 , 1.673 , 0.035 , 13.40 , 219.81
939 , 5542 , 474.06 , -32.5 , 16 , 29.45 , 1.681 , 0.035 , 13.51 , 219.70
949 , 5602 , 470.03 , -32.8 , 17 , 29.41 , 1.691 , 0.036 , 13.63 , 219.59
959 , 5667 , 465.73 , -33.5 , 31 , 29.37 , 1.715 , 0.037 , 13.75 , 219.47
969 , 5723 , 461.98 , -33.8 , 49 , 29.35 , 1.719 , 0.037 , 13.86 , 219.36
979 , 5782 , 458.11 , -34.2 , 60 , 29.30 , 1.674 , 0.037 , 13.97 , 219.24
989 , 5843 , 454.17 , -34.5 , 70 , 29.25 , 1.693 , 0.037 , 14.09 , 219.13
998 , 5893 , 450.94 , -35.0 , 72 , 29.21 , 1.690 , 0.037 , 14.18 , 219.03
1008 , 5952 , 447.11 , -35.5 , 67 , 29.17 , 1.657 , 0.037 , 14.29 , 218.92
1018 , 6011 , 443.30 , -35.9 , 61 , 29.13 , 1.638 , 0.037 , 14.41 , 218.81
1028 , 6073 , 439.40 , -36.4 , 61 , 29.08 , 1.616 , 0.037 , 14.52 , 218.70
1038 , 6132 , 435.66 , -36.5 , 66 , 29.04 , 1.606 , 0.037 , 14.63 , 218.59
1048 , 6186 , 432.27 , -36.9 , 67 , 28.99 , 1.587 , 0.037 , 14.73 , 218.49
1058 , 6245 , 428.61 , -37.2 , 66 , 28.95 , 1.568 , 0.037 , 14.83 , 218.38
1068 , 6310 , 424.61 , -37.4 , 67 , 28.92 , 1.568 , 0.037 , 14.95 , 218.27
1078 , 6376 , 420.56 , -37.7 , 64 , 28.88 , 1.563 , 0.037 , 15.07 , 218.15
1088 , 6438 , 416.75 , -38.2 , 63 , 28.86 , 1.625 , 0.039 , 15.18 , 218.03
1097 , 6495 , 413.34 , -38.7 , 62 , 28.81 , 1.659 , 0.040 , 15.29 , 217.93
1107 , 6556 , 409.68 , -39.2 , 62 , 28.76 , 1.693 , 0.041 , 15.41 , 217.81
1117 , 6622 , 405.71 , -39.6 , 62 , 28.71 , 1.699 , 0.042 , 15.54 , 217.68
1127 , 6696 , 401.37 , -40.0 , 62 , 28.66 , 1.694 , 0.042 , 15.68 , 217.54
1137 , 6759 , 397.66 , -40.3 , 61 , 28.61 , 1.662 , 0.042 , 15.80 , 217.41
1146 , 6809 , 394.76 , -40.7 , 59 , 28.56 , 1.642 , 0.042 , 15.90 , 217.32
1156 , 6860 , 391.80 , -41.0 , 58 , 28.52 , 1.651 , 0.042 , 16.00 , 217.22
1166 , 6925 , 388.06 , -41.4 , 59 , 28.47 , 1.613 , 0.042 , 16.12 , 217.10
1176 , 6991 , 384.33 , -41.8 , 61 , 28.43 , 1.620 , 0.042 , 16.24 , 216.97
1186 , 7057 , 380.56 , -42.2 , 61 , 28.37 , 1.634 , 0.043 , 16.37 , 216.85
1196 , 7122 , 376.92 , -42.3 , 61 , 28.31 , 1.603 , 0.043 , 16.49 , 216.72
1206 , 7189 , 373.24 , -42.7 , 60 , 28.26 , 1.578 , 0.042 , 16.62 , 216.60
1216 , 7251 , 369.79 , -43.1 , 59 , 28.20 , 1.525 , 0.041 , 16.73 , 216.49
1226 , 7304 , 366.90 , -43.5 , 58 , 28.15 , 1.462 , 0.040 , 16.82 , 216.39
1236 , 7373 , 363.16 , -44.0 , 57 , 28.10 , 1.405 , 0.039 , 16.94 , 216.28
1246 , 7446 , 359.21 , -44.6 , 56 , 28.05 , 1.338 , 0.037 , 17.06 , 216.16
1256 , 7520 , 355.27 , -45.3 , 55 , 28.00 , 1.306 , 0.037 , 17.17 , 216.04
1266 , 7589 , 351.59 , -45.8 , 55 , 27.95 , 1.262 , 0.036 , 17.28 , 215.94
1276 , 7649 , 348.44 , -46.0 , 55 , 27.89 , 1.244 , 0.036 , 17.37 , 215.85
1286 , 7716 , 344.96 , -46.3 , 55 , 27.84 , 1.209 , 0.035 , 17.46 , 215.75
1296 , 7777 , 341.81 , -46.3 , 56 , 27.78 , 1.227 , 0.036 , 17.55 , 215.66
1306 , 7834 , 338.89 , -46.6 , 56 , 27.74 , 1.346 , 0.040 , 17.64 , 215.58
1316 , 7894 , 335.81 , -47.1 , 55 , 27.68 , 1.333 , 0.040 , 17.73 , 215.48
1326 , 7962 , 332.35 , -47.6 , 55 , 27.63 , 1.321 , 0.040 , 17.84 , 215.37
1336 , 8025 , 329.24 , -48.0 , 55 , 27.57 , 1.310 , 0.040 , 17.94 , 215.27
1346 , 8079 , 326.55 , -48.5 , 55 , 27.51 , 1.301 , 0.040 , 18.02 , 215.19
1356 , 8140 , 323.49 , -49.0 , 54 , 27.46 , 1.315 , 0.041 , 18.12 , 215.09
1366 , 8195 , 320.79 , -49.4 , 54 , 27.40 , 1.302 , 0.041 , 18.21 , 215.01
1376 , 8247 , 318.25 , -49.9 , 53 , 27.35 , 1.269 , 0.040 , 18.29 , 214.93
1385 , 8288 , 316.28 , -50.3 , 53 , 27.28 , 1.250 , 0.040 , 18.35 , 214.86
1394 , 8340 , 313.76 , -50.7 , 53 , 27.23 , 1.240 , 0.040 , 18.43 , 214.79
1404 , 8385 , 311.58 , -51.0 , 53 , 27.19 , 1.204 , 0.039 , 18.50 , 214.72
1414 , 8440 , 308.95 , -51.4 , 53 , 27.13 , 1.172 , 0.038 , 18.58 , 214.64
1424 , 8502 , 306.03 , -51.9 , 52 , 27.07 , 1.146 , 0.037 , 18.66 , 214.55
1434 , 8564 , 303.10 , -52.4 , 52 , 27.00 , 1.095 , 0.036 , 18.75 , 214.47
1444 , 8626 , 300.20 , -52.8 , 52 , 26.94 , 1.079 , 0.036 , 18.83 , 214.38
1454 , 8675 , 297.94 , -53.3 , 52 , 26.88 , 1.061 , 0.036 , 18.89 , 214.32
1464 , 8729 , 295.43 , -53.8 , 51 , 26.82 , 1.048 , 0.035 , 18.96 , 214.25
1474 , 8785 , 292.85 , -54.3 , 51 , 26.76 , 1.028 , 0.035 , 19.04 , 214.18
1484 , 8842 , 290.26 , -54.8 , 51 , 26.71 , 1.019 , 0.035 , 19.11 , 214.11
1494 , 8906 , 287.37 , -55.4 , 51 , 26.64 , 1.011 , 0.035 , 19.19 , 214.03
1504 , 8972 , 284.44 , -55.9 , 51 , 26.59 , 1.009 , 0.035 , 19.27 , 213.94
1514 , 9028 , 281.92 , -56.5 , 50 , 26.52 , 0.992 , 0.035 , 19.34 , 213.87
1524 , 9091 , 279.13 , -57.1 , 50 , 26.45 , 0.974 , 0.035 , 19.42 , 213.80
1534 , 9152 , 276.44 , -57.6 , 51 , 26.39 , 0.973 , 0.035 , 19.49 , 213.72
1544 , 9204 , 274.18 , -58.1 , 51 , 26.32 , 0.956 , 0.035 , 19.55 , 213.66
1554 , 9259 , 271.79 , -58.6 , 51 , 26.26 , 0.956 , 0.035 , 19.62 , 213.59
1564 , 9322 , 269.08 , -59.2 , 51 , 26.20 , 0.932 , 0.035 , 19.70 , 213.52
1574 , 9377 , 266.72 , -59.7 , 51 , 26.15 , 0.932 , 0.035 , 19.76 , 213.45
1584 , 9442 , 263.94 , -60.3 , 50 , 26.08 , 0.925 , 0.035 , 19.84 , 213.38
1594 , 9503 , 261.37 , -60.8 , 50 , 26.01 , 0.927 , 0.035 , 19.91 , 213.31
1603 , 9567 , 258.68 , -61.4 , 49 , 25.95 , 0.917 , 0.035 , 19.98 , 213.23
1613 , 9627 , 256.19 , -62.0 , 49 , 25.89 , 0.896 , 0.035 , 20.05 , 213.16
1623 , 9684 , 253.85 , -62.5 , 48 , 25.84 , 0.885 , 0.035 , 20.12 , 213.10
1633 , 9741 , 251.51 , -63.0 , 48 , 25.77 , 0.877 , 0.035 , 20.18 , 213.03
1643 , 9800 , 249.11 , -63.6 , 48 , 25.71 , 0.841 , 0.034 , 20.25 , 212.97
1653 , 9849 , 247.11 , -64.0 , 48 , 25.64 , 0.847 , 0.034 , 20.30 , 212.91
1663 , 9900 , 245.06 , -64.5 , 48 , 25.57 , 0.844 , 0.034 , 20.36 , 212.86
1673 , 9957 , 242.78 , -65.1 , 48 , 25.51 , 0.834 , 0.034 , 20.42 , 212.80
1683 , 10018 , 240.36 , -65.6 , 48 , 25.45 , 0.826 , 0.034 , 20.48 , 212.73
1692 , 10071 , 238.28 , -66.1 , 48 , 25.38 , 0.823 , 0.035 , 20.54 , 212.67
1701 , 10128 , 236.06 , -66.7 , 49 , 25.32 , 0.812 , 0.034 , 20.60 , 212.61
1711 , 10199 , 233.27 , -67.3 , 49 , 25.25 , 0.805 , 0.035 , 20.68 , 212.54
1721 , 10277 , 230.28 , -68.0 , 49 , 25.18 , 0.803 , 0.035 , 20.76 , 212.46
1731 , 10343 , 227.76 , -68.6 , 49 , 25.11 , 0.802 , 0.035 , 20.83 , 212.39
1741 , 10414 , 225.04 , -69.3 , 49 , 25.03 , 0.777 , 0.035 , 20.90 , 212.31
1751 , 10481 , 222.53 , -70.0 , 49 , 24.95 , 0.778 , 0.035 , 20.97 , 212.24
1761 , 10551 , 219.94 , -70.6 , 49 , 24.89 , 0.760 , 0.035 , 21.04 , 212.17
1771 , 10618 , 217.45 , -71.3 , 49 , 24.81 , 0.763 , 0.035 , 21.11 , 212.10
1781 , 10687 , 214.95 , -71.9 , 49 , 24.74 , 0.752 , 0.035 , 21.18 , 212.03
1791 , 10739 , 213.05 , -72.4 , 49 , 24.66 , 0.740 , 0.035 , 21.23 , 211.98
1801 , 10794 , 211.06 , -72.9 , 49 , 24.60 , 0.739 , 0.035 , 21.29 , 211.93
1811 , 10864 , 208.54 , -73.6 , 49 , 24.53 , 0.734 , 0.035 , 21.36 , 211.86
1821 , 10926 , 206.34 , -74.2 , 49 , 24.46 , 0.723 , 0.035 , 21.42 , 211.80
1831 , 10993 , 203.98 , -74.8 , 49 , 24.39 , 0.712 , 0.035 , 21.48 , 211.73
1841 , 11051 , 201.93 , -75.3 , 49 , 24.33 , 0.709 , 0.035 , 21.54 , 211.67
1851 , 11104 , 200.11 , -75.7 , 48 , 24.26 , 0.695 , 0.035 , 21.59 , 211.62
1861 , 11157 , 198.29 , -76.2 , 48 , 24.19 , 0.692 , 0.035 , 21.64 , 211.57
1871 , 11221 , 196.08 , -76.7 , 48 , 24.12 , 0.696 , 0.035 , 21.70 , 211.51
1881 , 11289 , 193.77 , -77.2 , 48 , 24.04 , 0.695 , 0.036 , 21.77 , 211.45
1891 , 11357 , 191.47 , -77.8 , 47 , 23.96 , 0.715 , 0.037 , 21.83 , 211.38
1901 , 11425 , 189.21 , -78.2 , 47 , 23.89 , 0.719 , 0.038 , 21.90 , 211.31
1911 , 11482 , 187.33 , -78.4 , 47 , 23.81 , 0.739 , 0.039 , 21.96 , 211.26
1921 , 11544 , 185.30 , -78.8 , 47 , 23.74 , 0.747 , 0.040 , 22.02 , 211.19
1931 , 11604 , 183.36 , -79.2 , 46 , 23.66 , 0.762 , 0.042 , 22.08 , 211.13
1941 , 11660 , 181.56 , -79.4 , 46 , 23.58 , 0.785 , 0.043 , 22.14 , 211.07
1951 , 11720 , 179.64 , -79.5 , 46 , 23.51 , 0.820 , 0.046 , 22.21 , 211.00
1961 , 11787 , 177.53 , -79.4 , 46 , 23.43 , 0.862 , 0.049 , 22.29 , 210.92
1971 , 11851 , 175.54 , -79.8 , 46 , 23.35 , 0.907 , 0.052 , 22.37 , 210.85
1981 , 11915 , 173.56 , -80.1 , 46 , 23.27 , 0.917 , 0.053 , 22.45 , 210.76
1991 , 11983 , 171.51 , -79.9 , 45 , 23.19 , 0.970 , 0.057 , 22.54 , 210.68
2001 , 12044 , 169.67 , -79.6 , 45 , 23.13 , 1.075 , 0.063 , 22.63 , 210.59
2010 , 12103 , 167.89 , -79.3 , 45 , 23.05 , 1.144 , 0.068 , 22.72 , 210.50
2020 , 12165 , 166.08 , -79.0 , 45 , 22.98 , 1.185 , 0.071 , 22.82 , 210.40
2030 , 12229 , 164.23 , -78.7 , 46 , 22.89 , 1.265 , 0.077 , 22.93 , 210.29
2040 , 12293 , 162.38 , -78.2 , 46 , 22.81 , 1.630 , 0.100 , 23.06 , 210.16
2050 , 12358 , 160.56 , -77.2 , 47 , 22.74 , 2.204 , 0.137 , 23.23 , 209.99
2060 , 12422 , 158.78 , -76.9 , 47 , 22.66 , 2.757 , 0.174 , 23.44 , 209.77
2070 , 12481 , 157.15 , -76.6 , 47 , 22.58 , 2.890 , 0.184 , 23.67 , 209.54
2080 , 12541 , 155.53 , -75.8 , 47 , 22.51 , 2.988 , 0.192 , 23.91 , 209.30
2090 , 12605 , 153.81 , -75.6 , 47 , 22.44 , 3.123 , 0.203 , 24.18 , 209.03
2100 , 12669 , 152.12 , -75.3 , 46 , 22.36 , 3.269 , 0.215 , 24.46 , 208.75
2110 , 12730 , 150.53 , -74.9 , 45 , 22.27 , 3.468 , 0.230 , 24.74 , 208.47
2120 , 12789 , 149.01 , -74.8 , 43 , 22.19 , 3.760 , 0.252 , 25.03 , 208.18
2130 , 12852 , 147.39 , -75.1 , 42 , 22.11 , 4.017 , 0.273 , 25.37 , 207.85
2140 , 12927 , 145.51 , -75.6 , 41 , 22.03 , 4.200 , 0.289 , 25.78 , 207.43
2150 , 12999 , 143.69 , -75.7 , 40 , 21.95 , 4.383 , 0.305 , 26.21 , 207.01
2160 , 13059 , 142.23 , -75.6 , 39 , 21.86 , 4.601 , 0.323 , 26.57 , 206.64
2170 , 13116 , 140.83 , -75.5 , 37 , 21.77 , 4.844 , 0.344 , 26.94 , 206.28
2180 , 13174 , 139.42 , -75.5 , 37 , 21.68 , 5.058 , 0.363 , 27.33 , 205.88
2190 , 13233 , 138.00 , -75.4 , 36 , 21.60 , 5.214 , 0.378 , 27.75 , 205.47
2200 , 13287 , 136.73 , -75.3 , 35 , 21.52 , 5.395 , 0.395 , 28.13 , 205.08
2210 , 13341 , 135.45 , -75.1 , 34 , 21.44 , 5.577 , 0.412 , 28.54 , 204.67
2220 , 13398 , 134.13 , -75.0 , 33 , 21.36 , 5.502 , 0.410 , 28.97 , 204.24
2230 , 13458 , 132.75 , -74.8 , 32 , 21.28 , 5.467 , 0.412 , 29.42 , 203.80
2240 , 13515 , 131.46 , -74.6 , 31 , 21.20 , 5.201 , 0.396 , 29.83 , 203.39
2250 , 13575 , 130.09 , -74.7 , 30 , 21.12 , 4.932 , 0.379 , 30.25 , 202.97
2260 , 13632 , 128.83 , -74.6 , 29 , 21.03 , 4.847 , 0.376 , 30.62 , 202.59
2270 , 13696 , 127.42 , -74.2 , 28 , 20.94 , 4.993 , 0.392 , 31.05 , 202.17
2280 , 13759 , 126.05 , -74.0 , 27 , 20.86 , 5.183 , 0.411 , 31.49 , 201.73
2290 , 13817 , 124.80 , -74.1 , 26 , 20.78 , 5.258 , 0.421 , 31.90 , 201.32
2299 , 13875 , 123.56 , -74.1 , 26 , 20.71 , 5.303 , 0.429 , 32.31 , 200.90
2309 , 13934 , 122.31 , -74.2 , 25 , 20.64 , 5.426 , 0.444 , 32.74 , 200.48
2319 , 13996 , 121.01 , -74.2 , 24 , 20.56 , 5.494 , 0.454 , 33.20 , 200.01
2329 , 14056 , 119.77 , -74.4 , 23 , 20.48 , 5.555 , 0.464 , 33.65 , 199.56
2339 , 14120 , 118.47 , -74.5 , 23 , 20.40 , 5.608 , 0.473 , 34.13 , 199.08
2349 , 14182 , 117.22 , -74.5 , 22 , 20.31 , 5.681 , 0.485 , 34.60 , 198.61
2359 , 14248 , 115.89 , -74.7 , 22 , 20.23 , 5.781 , 0.499 , 35.12 , 198.10
2369 , 14308 , 114.71 , -74.7 , 21 , 20.15 , 5.832 , 0.508 , 35.59 , 197.63
2379 , 14369 , 113.51 , -74.9 , 21 , 20.06 , 5.905 , 0.520 , 36.08 , 197.14
2389 , 14426 , 112.39 , -75.0 , 20 , 19.98 , 6.069 , 0.540 , 36.55 , 196.67
2399 , 14488 , 111.21 , -75.4 , 20 , 19.91 , 6.244 , 0.561 , 37.06 , 196.16
2409 , 14546 , 110.09 , -75.7 , 20 , 19.83 , 6.390 , 0.580 , 37.56 , 195.65
2419 , 14605 , 108.98 , -75.8 , 19 , 19.74 , 6.860 , 0.629 , 38.09 , 195.12
2429 , 14669 , 107.77 , -75.5 , 19 , 19.67 , 7.962 , 0.739 , 38.74 , 194.47
2439 , 14737 , 106.50 , -75.3 , 19 , 19.60 , 9.152 , 0.859 , 39.54 , 193.67
2449 , 14804 , 105.28 , -75.2 , 18 , 19.52 , 9.321 , 0.885 , 40.39 , 192.83
2459 , 14867 , 104.15 , -75.2 , 18 , 19.45 , 8.937 , 0.858 , 41.16 , 192.05
2469 , 14925 , 103.12 , -74.7 , 18 , 19.37 , 9.176 , 0.890 , 41.88 , 191.34
2479 , 14984 , 102.07 , -74.3 , 18 , 19.30 , 10.495 , 1.028 , 42.67 , 190.55
2489 , 15038 , 101.13 , -74.0 , 17 , 19.23 , 11.991 , 1.186 , 43.49 , 189.72
2499 , 15101 , 100.04 , -73.7 , 17 , 19.15 , 12.724 , 1.272 , 44.55 , 188.67
2509 , 15166 , 98.94 , -73.6 , 17 , 19.07 , 13.583 , 1.373 , 45.70 , 187.52
2519 , 15230 , 97.86 , -73.8 , 16 , 18.99 , 13.343 , 1.363 , 46.86 , 186.35
2529 , 15301 , 96.67 , -74.2 , 16 , 18.91 , 11.979 , 1.239 , 48.08 , 185.14
2539 , 15362 , 95.67 , -74.5 , 16 , 18.84 , 10.627 , 1.111 , 49.01 , 184.21
2549 , 15422 , 94.68 , -74.8 , 15 , 18.76 , 9.711 , 1.026 , 49.84 , 183.37
2558 , 15483 , 93.70 , -75.0 , 15 , 18.69 , 9.337 , 0.997 , 50.63 , 182.59
2567 , 15537 , 92.82 , -75.1 , 15 , 18.62 , 9.296 , 1.002 , 51.32 , 181.89
2577 , 15601 , 91.81 , -75.5 , 15 , 18.55 , 9.378 , 1.021 , 52.13 , 181.09
2587 , 15663 , 90.82 , -75.6 , 14 , 18.47 , 9.658 , 1.063 , 52.94 , 180.28
2597 , 15719 , 89.94 , -75.8 , 14 , 18.39 , 10.238 , 1.138 , 53.70 , 179.51
2607 , 15778 , 89.03 , -75.9 , 14 , 18.32 , 10.564 , 1.187 , 54.54 , 178.67
2617 , 15841 , 88.06 , -75.9 , 14 , 18.25 , 10.607 , 1.205 , 55.45 , 177.76
2627 , 15903 , 87.12 , -75.8 , 14 , 18.17 , 10.928 , 1.254 , 56.36 , 176.85
2637 , 15964 , 86.21 , -75.9 , 14 , 18.10 , 11.567 , 1.342 , 57.30 , 175.91
2647 , 16020 , 85.38 , -76.0 , 14 , 18.03 , 12.211 , 1.430 , 58.21 , 175.01
2657 , 16080 , 84.49 , -76.0 , 14 , 17.96 , 12.500 , 1.479 , 59.23 , 173.99
2667 , 16138 , 83.65 , -75.9 , 14 , 17.89 , 13.028 , 1.558 , 60.24 , 172.98
2677 , 16200 , 82.75 , -75.8 , 14 , 17.82 , 13.465 , 1.627 , 61.36 , 171.85
2687 , 16263 , 81.87 , -75.9 , 14 , 17.74 , 13.729 , 1.677 , 62.52 , 170.70
2697 , 16315 , 81.13 , -76.0 , 14 , 17.67 , 14.089 , 1.737 , 63.51 , 169.71
2707 , 16370 , 80.36 , -76.3 , 14 , 17.60 , 14.305 , 1.780 , 64.58 , 168.64
2717 , 16424 , 79.60 , -76.6 , 14 , 17.53 , 14.420 , 1.811 , 65.65 , 167.56
2727 , 16476 , 78.88 , -77.0 , 14 , 17.47 , 14.408 , 1.827 , 66.68 , 166.53
2737 , 16533 , 78.11 , -77.2 , 14 , 17.40 , 14.346 , 1.837 , 67.80 , 165.41
2747 , 16590 , 77.34 , -77.1 , 13 , 17.33 , 14.457 , 1.869 , 68.93 , 164.29
2757 , 16647 , 76.57 , -77.3 , 14 , 17.26 , 14.558 , 1.901 , 70.07 , 163.14
2767 , 16707 , 75.78 , -77.7 , 14 , 17.19 , 14.771 , 1.949 , 71.28 , 161.94
2777 , 16768 , 74.97 , -78.2 , 14 , 17.12 , 14.699 , 1.961 , 72.53 , 160.69
2787 , 16831 , 74.14 , -78.5 , 14 , 17.06 , 14.656 , 1.977 , 73.81 , 159.41
2797 , 16892 , 73.36 , -78.2 , 14 , 16.99 , 14.752 , 2.011 , 75.04 , 158.18
2807 , 16950 , 72.61 , -78.0 , 14 , 16.92 , 14.985 , 2.064 , 76.24 , 156.97
2817 , 17007 , 71.89 , -78.1 , 14 , 16.85 , 15.263 , 2.123 , 77.43 , 155.79
2826 , 17060 , 71.23 , -78.2 , 14 , 16.79 , 15.431 , 2.166 , 78.55 , 154.67
2836 , 17113 , 70.58 , -78.2 , 14 , 16.72 , 15.490 , 2.195 , 79.68 , 153.54
2846 , 17168 , 69.90 , -78.2 , 14 , 16.66 , 15.571 , 2.228 , 80.87 , 152.35
2856 , 17226 , 69.19 , -78.1 , 14 , 16.59 , 15.739 , 2.275 , 82.13 , 151.09
2866 , 17285 , 68.48 , -78.2 , 14 , 16.52 , 15.831 , 2.312 , 83.41 , 149.81
2876 , 17344 , 67.77 , -78.3 , 14 , 16.45 , 15.836 , 2.337 , 84.70 , 148.52
2886 , 17400 , 67.11 , -78.2 , 14 , 16.38 , 15.593 , 2.324 , 85.92 , 147.29
2896 , 17457 , 66.44 , -78.2 , 14 , 16.31 , 15.495 , 2.332 , 87.14 , 146.07
2906 , 17515 , 65.77 , -77.9 , 14 , 16.24 , 15.550 , 2.364 , 88.39 , 144.82
2916 , 17567 , 65.18 , -77.7 , 14 , 16.17 , 15.708 , 2.410 , 89.51 , 143.70
2926 , 17621 , 64.56 , -77.4 , 14 , 16.10 , 15.798 , 2.447 , 90.69 , 142.52
2936 , 17674 , 63.97 , -77.5 , 14 , 16.03 , 16.047 , 2.509 , 91.85 , 141.36
2946 , 17724 , 63.42 , -77.7 , 14 , 15.96 , 16.493 , 2.601 , 92.96 , 140.25
2956 , 17776 , 62.83 , -77.9 , 14 , 15.90 , 16.878 , 2.686 , 94.18 , 139.04
2966 , 17829 , 62.26 , -78.0 , 14 , 15.82 , 17.071 , 2.742 , 95.40 , 137.82
2976 , 17884 , 61.67 , -78.1 , 14 , 15.76 , 17.109 , 2.774 , 96.70 , 136.52
2986 , 17939 , 61.08 , -78.3 , 14 , 15.69 , 17.115 , 2.802 , 98.00 , 135.22
2996 , 17994 , 60.49 , -78.4 , 14 , 15.62 , 16.997 , 2.810 , 99.29 , 133.92
3006 , 18050 , 59.89 , -78.5 , 14 , 15.55 , 16.954 , 2.831 , 100.63 , 132.59
3016 , 18107 , 59.30 , -78.5 , 14 , 15.48 , 17.031 , 2.872 , 101.96 , 131.25
3026 , 18171 , 58.63 , -78.7 , 14 , 15.41 , 16.904 , 2.883 , 103.48 , 129.74
3036 , 18227 , 58.06 , -78.7 , 14 , 15.34 , 16.778 , 2.890 , 104.78 , 128.43
3046 , 18280 , 57.52 , -78.9 , 14 , 15.28 , 16.556 , 2.878 , 106.00 , 127.22
3056 , 18331 , 57.01 , -79.0 , 14 , 15.21 , 16.275 , 2.855 , 107.17 , 126.05
3066 , 18381 , 56.51 , -79.0 , 14 , 15.14 , 15.927 , 2.819 , 108.29 , 124.92
3076 , 18432 , 56.00 , -78.8 , 14 , 15.07 , 15.714 , 2.806 , 109.41 , 123.81
3085 , 18481 , 55.52 , -78.7 , 14 , 15.00 , 15.517 , 2.795 , 110.47 , 122.74
3094 , 18534 , 55.01 , -78.6 , 14 , 14.94 , 15.403 , 2.800 , 111.60 , 121.62
3104 , 18593 , 54.45 , -78.6 , 14 , 14.87 , 15.076 , 2.769 , 112.84 , 120.38
3114 , 18646 , 53.93 , -78.8 , 14 , 14.80 , 15.080 , 2.796 , 113.96 , 119.25
3124 , 18698 , 53.45 , -78.8 , 14 , 14.74 , 15.084 , 2.822 , 115.04 , 118.18
3134 , 18748 , 52.98 , -78.7 , 14 , 14.67 , 15.004 , 2.832 , 116.09 , 117.12
3144 , 18801 , 52.49 , -78.5 , 14 , 14.60 , 14.931 , 2.845 , 117.19 , 116.03
3154 , 18856 , 51.98 , -78.3 , 14 , 14.53 , 14.780 , 2.843 , 118.32 , 114.89
3164 , 18910 , 51.49 , -78.7 , 14 , 14.46 , 14.632 , 2.842 , 119.42 , 113.79
3174 , 18973 , 50.93 , -79.1 , 14 , 14.39 , 14.508 , 2.849 , 120.68 , 112.53
3184 , 19029 , 50.43 , -78.9 , 14 , 14.33 , 14.330 , 2.842 , 121.81 , 111.40
3194 , 19091 , 49.89 , -78.9 , 14 , 14.26 , 14.245 , 2.856 , 123.03 , 110.18
3204 , 19147 , 49.39 , -79.0 , 14 , 14.19 , 14.098 , 2.854 , 124.14 , 109.07
3214 , 19203 , 48.90 , -79.2 , 14 , 14.13 , 14.080 , 2.879 , 125.25 , 107.97
3223 , 19260 , 48.42 , -79.3 , 14 , 14.07 , 13.909 , 2.873 , 126.36 , 106.86
3233 , 19327 , 47.85 , -79.4 , 14 , 13.99 , 13.695 , 2.862 , 127.63 , 105.59
3243 , 19382 , 47.39 , -79.7 , 14 , 13.93 , 13.527 , 2.854 , 128.68 , 104.54
3253 , 19442 , 46.89 , -80.1 , 14 , 13.86 , 13.289 , 2.834 , 129.79 , 103.42
3263 , 19495 , 46.45 , -79.8 , 14 , 13.79 , 13.218 , 2.846 , 130.78 , 102.43
3273 , 19551 , 45.99 , -79.7 , 14 , 13.73 , 13.087 , 2.845 , 131.80 , 101.41
3283 , 19607 , 45.54 , -79.9 , 14 , 13.66 , 13.062 , 2.868 , 132.82 , 100.39
3293 , 19664 , 45.09 , -79.9 , 14 , 13.59 , 12.991 , 2.881 , 133.85 , 99.36
3303 , 19711 , 44.71 , -80.0 , 14 , 13.52 , 12.887 , 2.882 , 134.72 , 98.50
3313 , 19760 , 44.32 , -79.9 , 14 , 13.45 , 12.871 , 2.904 , 135.59 , 97.62
3323 , 19813 , 43.91 , -80.0 , 14 , 13.38 , 12.936 , 2.946 , 136.55 , 96.66
3333 , 19868 , 43.49 , -80.0 , 14 , 13.32 , 12.914 , 2.969 , 137.53 , 95.68
3343 , 19925 , 43.05 , -79.8 , 14 , 13.25 , 12.786 , 2.970 , 138.56 , 94.65
3352 , 19979 , 42.64 , -79.8 , 14 , 13.18 , 12.624 , 2.961 , 139.51 , 93.70
3361 , 20033 , 42.24 , -79.8 , 14 , 13.12 , 12.447 , 2.947 , 140.45 , 92.76
3371 , 20082 , 41.88 , -80.0 , 14 , 13.06 , 12.309 , 2.939 , 141.30 , 91.92
3381 , 20140 , 41.44 , -80.0 , 14 , 12.99 , 12.193 , 2.942 , 142.31 , 90.91
3391 , 20205 , 40.97 , -80.0 , 14 , 12.93 , 12.042 , 2.939 , 143.40 , 89.81
3401 , 20260 , 40.57 , -80.2 , 14 , 12.86 , 11.803 , 2.909 , 144.32 , 88.90
3411 , 20314 , 40.19 , -80.3 , 14 , 12.80 , 11.620 , 2.892 , 145.20 , 88.01
3420 , 20371 , 39.78 , -80.4 , 14 , 12.74 , 11.488 , 2.888 , 146.12 , 87.09
3430 , 20430 , 39.37 , -80.5 , 14 , 12.68 , 11.461 , 2.911 , 147.07 , 86.14
3440 , 20482 , 39.01 , -80.3 , 14 , 12.62 , 11.405 , 2.924 , 147.90 , 85.32
3450 , 20532 , 38.67 , -80.1 , 14 , 12.55 , 11.339 , 2.932 , 148.69 , 84.53
3460 , 20585 , 38.31 , -80.2 , 14 , 12.49 , 11.241 , 2.934 , 149.52 , 83.69
3470 , 20640 , 37.93 , -80.2 , 14 , 12.43 , 11.086 , 2.923 , 150.39 , 82.83
3480 , 20692 , 37.59 , -80.4 , 14 , 12.37 , 10.968 , 2.918 , 151.19 , 82.03
3490 , 20746 , 37.23 , -80.2 , 14 , 12.32 , 10.738 , 2.884 , 152.00 , 81.21
3500 , 20800 , 36.87 , -80.3 , 14 , 12.26 , 10.576 , 2.868 , 152.81 , 80.40
3510 , 20845 , 36.58 , -80.3 , 14 , 12.20 , 10.484 , 2.866 , 153.48 , 79.74
3520 , 20895 , 36.26 , -80.3 , 14 , 12.15 , 10.360 , 2.857 , 154.20 , 79.02
3530 , 20944 , 35.94 , -80.2 , 14 , 12.09 , 10.240 , 2.849 , 154.91 , 78.30
3540 , 21001 , 35.59 , -80.3 , 14 , 12.04 , 10.112 , 2.842 , 155.71 , 77.50
3550 , 21054 , 35.25 , -80.2 , 14 , 11.98 , 10.012 , 2.840 , 156.47 , 76.75
3560 , 21102 , 34.95 , -80.2 , 14 , 11.92 , 9.859 , 2.821 , 157.13 , 76.08
3570 , 21150 , 34.65 , -80.3 , 14 , 11.87 , 9.756 , 2.815 , 157.79 , 75.42
3580 , 21197 , 34.37 , -80.3 , 14 , 11.82 , 9.704 , 2.823 , 158.43 , 74.79
3590 , 21246 , 34.07 , -80.5 , 14 , 11.76 , 9.565 , 2.807 , 159.09 , 74.13
3600 , 21297 , 33.77 , -80.7 , 14 , 11.71 , 9.464 , 2.803 , 159.76 , 73.45
3609 , 21343 , 33.49 , -80.7 , 14 , 11.66 , 9.388 , 2.803 , 160.38 , 72.84
3619 , 21391 , 33.21 , -80.5 , 14 , 11.62 , 9.304 , 2.802 , 161.01 , 72.21
3629 , 21438 , 32.93 , -80.5 , 14 , 11.57 , 9.144 , 2.777 , 161.61 , 71.60
3639 , 21488 , 32.64 , -80.6 , 14 , 11.52 , 9.075 , 2.780 , 162.24 , 70.97
3649 , 21533 , 32.38 , -80.4 , 14 , 11.46 , 9.042 , 2.792 , 162.82 , 70.40
3659 , 21583 , 32.10 , -80.3 , 14 , 11.41 , 9.050 , 2.820 , 163.45 , 69.77
3669 , 21628 , 31.84 , -80.2 , 14 , 11.35 , 9.082 , 2.852 , 164.02 , 69.20
3679 , 21678 , 31.56 , -80.2 , 14 , 11.29 , 9.198 , 2.915 , 164.66 , 68.55
3689 , 21725 , 31.30 , -80.3 , 14 , 11.23 , 9.213 , 2.944 , 165.27 , 67.95
3699 , 21772 , 31.04 , -80.3 , 14 , 11.17 , 9.185 , 2.959 , 165.87 , 67.35
3709 , 21819 , 30.78 , -79.9 , 14 , 11.10 , 9.102 , 2.957 , 166.47 , 66.75
3719 , 21867 , 30.52 , -79.8 , 14 , 11.04 , 8.871 , 2.906 , 167.07 , 66.15
3729 , 21912 , 30.28 , -79.6 , 14 , 10.98 , 8.693 , 2.871 , 167.62 , 65.60
3739 , 21956 , 30.05 , -79.8 , 14 , 10.92 , 8.449 , 2.812 , 168.15 , 65.07
3749 , 22000 , 29.82 , -80.0 , 14 , 10.85 , 8.230 , 2.760 , 168.65 , 64.56
3759 , 22046 , 29.57 , -80.2 , 14 , 10.79 , 8.032 , 2.716 , 169.18 , 64.03
3769 , 22090 , 29.34 , -80.4 , 14 , 10.72 , 7.919 , 2.699 , 169.67 , 63.55
3779 , 22132 , 29.12 , -80.3 , 14 , 10.66 , 7.885 , 2.707 , 170.14 , 63.08
3789 , 22173 , 28.92 , -80.2 , 14 , 10.59 , 7.825 , 2.706 , 170.58 , 62.63
3799 , 22218 , 28.68 , -80.0 , 14 , 10.52 , 7.737 , 2.697 , 171.08 , 62.14
3809 , 22257 , 28.49 , -80.1 , 14 , 10.46 , 7.705 , 2.705 , 171.50 , 61.72
3819 , 22301 , 28.27 , -79.8 , 13 , 10.39 , 7.667 , 2.712 , 171.97 , 61.25
3829 , 22344 , 28.05 , -79.7 , 13 , 10.32 , 7.614 , 2.714 , 172.42 , 60.79
3839 , 22390 , 27.83 , -79.5 , 13 , 10.26 , 7.586 , 2.726 , 172.91 , 60.31
3849 , 22435 , 27.60 , -79.3 , 13 , 10.20 , 7.527 , 2.727 , 173.39 , 59.83
3859 , 22481 , 27.38 , -79.5 , 13 , 10.13 , 7.455 , 2.722 , 173.86 , 59.35
3869 , 22519 , 27.20 , -79.8 , 13 , 10.06 , 7.429 , 2.731 , 174.26 , 58.95
3879 , 22562 , 27.00 , -79.9 , 13 , 10.00 , 7.407 , 2.744 , 174.70 , 58.51
3888 , 22602 , 26.80 , -79.9 , 13 , 9.95 , 7.403 , 2.762 , 175.12 , 58.10
3898 , 22645 , 26.60 , -79.9 , 13 , 9.89 , 7.400 , 2.782 , 175.56 , 57.66
3908 , 22691 , 26.39 , -80.0 , 13 , 9.83 , 7.375 , 2.795 , 176.03 , 57.18
3918 , 22741 , 26.15 , -79.9 , 13 , 9.77 , 7.379 , 2.822 , 176.55 , 56.66
3928 , 22785 , 25.95 , -79.8 , 13 , 9.70 , 7.323 , 2.822 , 177.00 , 56.21
3938 , 22832 , 25.74 , -79.9 , 13 , 9.64 , 7.242 , 2.814 , 177.48 , 55.74
3948 , 22880 , 25.52 , -80.0 , 13 , 9.57 , 7.204 , 2.823 , 177.97 , 55.25
3958 , 22926 , 25.31 , -80.0 , 13 , 9.50 , 7.172 , 2.834 , 178.42 , 54.79
3968 , 22971 , 25.11 , -80.2 , 13 , 9.44 , 7.111 , 2.832 , 178.88 , 54.34
3978 , 23020 , 24.90 , -80.4 , 13 , 9.37 , 7.059 , 2.835 , 179.35 , 53.86
3988 , 23067 , 24.69 , -80.2 , 13 , 9.31 , 6.957 , 2.818 , 179.82 , 53.39
3998 , 23117 , 24.47 , -80.0 , 12 , 9.24 , 6.841 , 2.796 , 180.30 , 52.92
4008 , 23165 , 24.26 , -80.1 , 12 , 9.18 , 6.727 , 2.772 , 180.75 , 52.46
4018 , 23205 , 24.09 , -79.8 , 12 , 9.11 , 6.659 , 2.764 , 181.13 , 52.08
4028 , 23255 , 23.88 , -79.9 , 12 , 9.05 , 6.611 , 2.769 , 181.59 , 51.62
4038 , 23303 , 23.68 , -80.1 , 12 , 8.98 , 6.575 , 2.777 , 182.03 , 51.18
4048 , 23351 , 23.48 , -80.3 , 12 , 8.92 , 6.505 , 2.771 , 182.47 , 50.74
4058 , 23394 , 23.30 , -80.2 , 12 , 8.85 , 6.421 , 2.756 , 182.86 , 50.36
4068 , 23439 , 23.12 , -80.3 , 12 , 8.78 , 6.377 , 2.758 , 183.26 , 49.96
4078 , 23482 , 22.94 , -80.2 , 12 , 8.71 , 6.281 , 2.738 , 183.64 , 49.57
4088 , 23525 , 22.76 , -79.6 , 12 , 8.64 , 6.247 , 2.744 , 184.02 , 49.19
4098 , 23571 , 22.58 , -79.5 , 12 , 8.58 , 6.169 , 2.732 , 184.42 , 48.80
4108 , 23615 , 22.41 , -79.2 , 12 , 8.51 , 6.110 , 2.727 , 184.80 , 48.42
4118 , 23654 , 22.25 , -79.3 , 12 , 8.44 , 6.035 , 2.712 , 185.12 , 48.10
4128 , 23697 , 22.09 , -79.2 , 12 , 8.38 , 5.973 , 2.704 , 185.48 , 47.74
4138 , 23739 , 21.92 , -79.2 , 12 , 8.31 , 5.911 , 2.696 , 185.83 , 47.38
4147 , 23784 , 21.75 , -79.0 , 12 , 8.25 , 5.911 , 2.718 , 186.19 , 47.02
4156 , 23821 , 21.61 , -78.9 , 12 , 8.19 , 5.919 , 2.739 , 186.50 , 46.71
