# ------------------------------------------------------------
#
# Flight name: V0914
# Station: Davis
# Launch Date: 25 June 2014
# Launch Time: 11:37:02
# 
# This file created: Thu Jun 26 14:47:19 2014
# 
# 
# ------------------------------------------------------------
# DATA COLUMNS
# Time (s)
# Height (m)
# Atmospheric Pressure (hPa)
# Atmospheric Temperature (°C)
# Relative Humidity (%)
# Box Temperature (°C)
# Ozone Partial Pressure (mPa)
# Ozone Mixing Ratio (ppmV)
# Accumulated Ozone to this Height (Dobson Units)
# Remaining Ozone above this Height (Dobson Units)
# 
# ------------------------------------------------------------
# 
# Integrated Ozone = 162.1 DU
# Extrapolated Ozone = 112.7 DU
# 
# Total Ozone = 274.8 DU
# 
# 
# ------------------------------------------------------------
0 , 18 , 996.35 , -10.8 , 44 , 39.76 , 2.740 , 0.028 , 0.00 , 274.80
10 , 62 , 990.54 , -10.8 , 47 , 39.73 , 2.934 , 0.030 , 0.13 , 274.67
20 , 112 , 984.18 , -10.9 , 46 , 39.62 , 3.025 , 0.031 , 0.28 , 274.51
30 , 173 , 976.37 , -11.3 , 47 , 39.48 , 3.093 , 0.032 , 0.47 , 274.32
39 , 226 , 969.59 , -11.7 , 49 , 39.34 , 3.116 , 0.032 , 0.65 , 274.15
48 , 275 , 963.42 , -12.3 , 50 , 39.20 , 3.117 , 0.032 , 0.80 , 273.99
58 , 335 , 955.97 , -12.8 , 52 , 39.05 , 3.182 , 0.033 , 1.00 , 273.80
68 , 393 , 948.64 , -13.2 , 53 , 38.90 , 3.187 , 0.034 , 1.19 , 273.61
78 , 454 , 941.14 , -13.6 , 53 , 38.76 , 3.177 , 0.034 , 1.39 , 273.41
88 , 506 , 934.66 , -14.1 , 53 , 38.61 , 3.168 , 0.034 , 1.56 , 273.24
98 , 561 , 927.89 , -14.6 , 55 , 38.46 , 3.152 , 0.034 , 1.74 , 273.05
108 , 616 , 921.22 , -15.2 , 57 , 38.31 , 3.147 , 0.034 , 1.92 , 272.87
118 , 668 , 914.81 , -15.7 , 58 , 38.14 , 3.064 , 0.033 , 2.09 , 272.70
128 , 719 , 908.68 , -16.0 , 57 , 37.97 , 3.080 , 0.034 , 2.26 , 272.54
138 , 777 , 901.70 , -16.5 , 58 , 37.83 , 3.015 , 0.033 , 2.44 , 272.36
148 , 832 , 895.11 , -16.8 , 60 , 37.67 , 3.051 , 0.034 , 2.62 , 272.18
158 , 886 , 888.66 , -17.3 , 62 , 37.52 , 3.052 , 0.034 , 2.79 , 272.01
168 , 935 , 882.90 , -17.6 , 64 , 37.34 , 3.083 , 0.035 , 2.95 , 271.85
178 , 984 , 877.14 , -17.8 , 66 , 37.15 , 2.984 , 0.034 , 3.11 , 271.69
188 , 1027 , 872.07 , -18.0 , 68 , 37.00 , 2.951 , 0.034 , 3.24 , 271.56
198 , 1074 , 866.59 , -18.1 , 69 , 36.89 , 2.913 , 0.034 , 3.39 , 271.41
208 , 1125 , 860.75 , -18.5 , 71 , 36.79 , 2.901 , 0.034 , 3.54 , 271.25
218 , 1169 , 855.68 , -18.6 , 73 , 36.62 , 2.907 , 0.034 , 3.68 , 271.12
228 , 1221 , 849.69 , -18.2 , 76 , 36.49 , 2.896 , 0.034 , 3.84 , 270.96
238 , 1275 , 843.58 , -18.3 , 77 , 36.38 , 2.896 , 0.034 , 4.00 , 270.79
247 , 1326 , 837.82 , -18.4 , 79 , 36.30 , 2.890 , 0.034 , 4.16 , 270.64
257 , 1380 , 831.86 , -18.6 , 84 , 36.14 , 2.858 , 0.034 , 4.32 , 270.47
267 , 1436 , 825.57 , -18.7 , 88 , 35.99 , 2.802 , 0.034 , 4.49 , 270.31
277 , 1496 , 818.96 , -18.9 , 91 , 35.90 , 2.772 , 0.034 , 4.67 , 270.13
287 , 1555 , 812.51 , -19.0 , 93 , 35.76 , 2.781 , 0.034 , 4.84 , 269.96
297 , 1612 , 806.28 , -18.8 , 95 , 35.61 , 2.730 , 0.034 , 5.01 , 269.79
307 , 1675 , 799.56 , -18.9 , 95 , 35.48 , 2.731 , 0.034 , 5.19 , 269.61
317 , 1749 , 791.59 , -19.2 , 95 , 35.36 , 2.760 , 0.035 , 5.41 , 269.39
327 , 1810 , 785.18 , -19.7 , 95 , 35.26 , 2.795 , 0.036 , 5.58 , 269.21
337 , 1866 , 779.18 , -19.9 , 96 , 35.13 , 2.705 , 0.035 , 5.75 , 269.05
347 , 1925 , 773.02 , -20.1 , 95 , 35.00 , 2.688 , 0.035 , 5.92 , 268.88
356 , 1980 , 767.38 , -20.5 , 93 , 34.91 , 2.662 , 0.035 , 6.07 , 268.72
366 , 2033 , 761.82 , -21.0 , 93 , 34.83 , 2.621 , 0.034 , 6.23 , 268.57
376 , 2086 , 756.40 , -21.4 , 93 , 34.67 , 2.611 , 0.035 , 6.37 , 268.42
386 , 2147 , 750.18 , -21.9 , 94 , 34.57 , 2.583 , 0.034 , 6.54 , 268.25
396 , 2205 , 744.24 , -22.3 , 94 , 34.48 , 2.563 , 0.034 , 6.70 , 268.09
406 , 2260 , 738.71 , -22.6 , 94 , 34.35 , 2.579 , 0.035 , 6.86 , 267.94
416 , 2317 , 733.01 , -22.9 , 94 , 34.26 , 2.548 , 0.035 , 7.01 , 267.78
426 , 2371 , 727.62 , -23.0 , 94 , 34.11 , 2.514 , 0.035 , 7.16 , 267.64
436 , 2430 , 721.82 , -22.7 , 93 , 34.02 , 2.488 , 0.034 , 7.32 , 267.48
446 , 2484 , 716.49 , -22.6 , 92 , 33.90 , 2.507 , 0.035 , 7.46 , 267.33
456 , 2540 , 711.01 , -22.2 , 89 , 33.83 , 2.489 , 0.035 , 7.61 , 267.18
466 , 2594 , 705.82 , -21.7 , 85 , 33.77 , 2.456 , 0.035 , 7.76 , 267.04
476 , 2650 , 700.52 , -22.0 , 79 , 33.68 , 2.468 , 0.035 , 7.90 , 266.89
486 , 2715 , 694.36 , -22.2 , 71 , 33.57 , 2.414 , 0.035 , 8.07 , 266.72
496 , 2777 , 688.48 , -22.7 , 72 , 33.46 , 2.428 , 0.035 , 8.24 , 266.56
506 , 2832 , 683.37 , -23.0 , 73 , 33.36 , 2.399 , 0.035 , 8.38 , 266.42
516 , 2893 , 677.71 , -23.3 , 71 , 33.36 , 2.383 , 0.035 , 8.54 , 266.26
526 , 2952 , 672.25 , -23.8 , 72 , 33.36 , 2.360 , 0.035 , 8.69 , 266.11
536 , 3012 , 666.68 , -24.2 , 71 , 33.30 , 2.337 , 0.035 , 8.84 , 265.96
546 , 3068 , 661.60 , -24.5 , 71 , 33.18 , 2.336 , 0.035 , 8.98 , 265.81
556 , 3127 , 656.29 , -24.9 , 73 , 33.07 , 2.304 , 0.035 , 9.13 , 265.67
566 , 3188 , 650.80 , -25.3 , 73 , 32.96 , 2.308 , 0.035 , 9.28 , 265.51
576 , 3248 , 645.40 , -25.8 , 71 , 32.86 , 2.299 , 0.036 , 9.43 , 265.36
586 , 3303 , 640.48 , -26.2 , 68 , 32.74 , 2.257 , 0.035 , 9.57 , 265.22
596 , 3358 , 635.66 , -26.5 , 63 , 32.66 , 2.237 , 0.035 , 9.71 , 265.09
606 , 3415 , 630.69 , -26.9 , 61 , 32.56 , 2.249 , 0.036 , 9.84 , 264.95
616 , 3476 , 625.37 , -27.4 , 64 , 32.53 , 2.197 , 0.035 , 9.99 , 264.80
626 , 3533 , 620.37 , -27.7 , 69 , 32.47 , 2.159 , 0.035 , 10.13 , 264.67
636 , 3595 , 615.10 , -28.1 , 67 , 32.43 , 2.152 , 0.035 , 10.28 , 264.52
646 , 3655 , 609.98 , -28.6 , 69 , 32.34 , 2.138 , 0.035 , 10.42 , 264.38
656 , 3714 , 604.89 , -29.1 , 65 , 32.25 , 2.092 , 0.035 , 10.56 , 264.24
665 , 3772 , 600.01 , -29.5 , 57 , 32.18 , 2.050 , 0.034 , 10.69 , 264.11
675 , 3828 , 595.34 , -29.8 , 50 , 32.09 , 2.063 , 0.035 , 10.82 , 263.98
685 , 3883 , 590.78 , -30.1 , 45 , 31.98 , 2.041 , 0.035 , 10.94 , 263.86
695 , 3943 , 585.77 , -30.6 , 46 , 31.88 , 2.037 , 0.035 , 11.08 , 263.72
705 , 4003 , 580.87 , -31.1 , 47 , 31.79 , 2.029 , 0.035 , 11.21 , 263.58
715 , 4066 , 575.69 , -31.7 , 46 , 31.75 , 1.999 , 0.035 , 11.36 , 263.44
725 , 4129 , 570.57 , -32.3 , 46 , 31.72 , 1.966 , 0.034 , 11.50 , 263.30
735 , 4191 , 565.59 , -32.8 , 46 , 31.66 , 1.967 , 0.035 , 11.63 , 263.16
745 , 4262 , 559.94 , -33.4 , 44 , 31.61 , 1.944 , 0.035 , 11.79 , 263.01
755 , 4327 , 554.72 , -34.0 , 46 , 31.57 , 1.933 , 0.035 , 11.93 , 262.87
765 , 4395 , 549.40 , -34.5 , 46 , 31.47 , 1.962 , 0.036 , 12.08 , 262.72
775 , 4454 , 544.74 , -35.1 , 45 , 31.36 , 1.932 , 0.035 , 12.21 , 262.59
785 , 4512 , 540.22 , -35.6 , 47 , 31.27 , 1.915 , 0.035 , 12.34 , 262.46
795 , 4581 , 534.86 , -36.2 , 52 , 31.24 , 1.925 , 0.036 , 12.49 , 262.31
805 , 4651 , 529.50 , -36.8 , 58 , 31.19 , 1.884 , 0.036 , 12.64 , 262.16
815 , 4711 , 524.94 , -37.3 , 59 , 31.04 , 1.853 , 0.035 , 12.77 , 262.03
825 , 4775 , 520.09 , -37.9 , 61 , 30.93 , 1.844 , 0.035 , 12.90 , 261.90
835 , 4849 , 514.52 , -38.5 , 61 , 30.89 , 1.799 , 0.035 , 13.06 , 261.74
845 , 4916 , 509.54 , -39.1 , 59 , 30.85 , 1.857 , 0.036 , 13.20 , 261.60
855 , 4980 , 504.79 , -39.7 , 60 , 30.80 , 1.824 , 0.036 , 13.33 , 261.46
865 , 5047 , 499.84 , -40.3 , 63 , 30.73 , 1.794 , 0.036 , 13.47 , 261.32
875 , 5117 , 494.75 , -40.9 , 63 , 30.66 , 1.761 , 0.036 , 13.62 , 261.18
885 , 5179 , 490.26 , -41.4 , 60 , 30.55 , 1.750 , 0.036 , 13.74 , 261.05
895 , 5244 , 485.56 , -42.0 , 59 , 30.45 , 1.720 , 0.035 , 13.87 , 260.92
905 , 5307 , 481.06 , -42.5 , 56 , 30.36 , 1.731 , 0.036 , 14.00 , 260.80
915 , 5362 , 477.16 , -43.0 , 56 , 30.21 , 1.702 , 0.036 , 14.11 , 260.69
925 , 5423 , 472.86 , -43.5 , 56 , 30.12 , 1.699 , 0.036 , 14.23 , 260.56
935 , 5492 , 468.04 , -44.1 , 55 , 30.08 , 1.694 , 0.036 , 14.37 , 260.43
945 , 5550 , 464.00 , -44.7 , 56 , 30.01 , 1.686 , 0.036 , 14.49 , 260.31
955 , 5613 , 459.62 , -45.2 , 56 , 29.91 , 1.682 , 0.037 , 14.61 , 260.18
964 , 5664 , 456.12 , -45.4 , 52 , 29.80 , 1.659 , 0.036 , 14.71 , 260.08
974 , 5725 , 451.92 , -45.6 , 41 , 29.73 , 1.632 , 0.036 , 14.83 , 259.96
984 , 5789 , 447.66 , -46.1 , 32 , 29.69 , 1.594 , 0.036 , 14.95 , 259.84
994 , 5847 , 443.70 , -46.7 , 30 , 29.61 , 1.615 , 0.036 , 15.07 , 259.73
1004 , 5906 , 439.79 , -47.2 , 30 , 29.51 , 1.595 , 0.036 , 15.18 , 259.62
1014 , 5964 , 435.92 , -47.8 , 32 , 29.43 , 1.565 , 0.036 , 15.29 , 259.51
1024 , 6015 , 432.61 , -48.2 , 36 , 29.32 , 1.547 , 0.036 , 15.38 , 259.42
1034 , 6080 , 428.36 , -48.8 , 38 , 29.27 , 1.563 , 0.036 , 15.50 , 259.29
1044 , 6141 , 424.39 , -49.4 , 38 , 29.23 , 1.553 , 0.037 , 15.62 , 259.18
1054 , 6197 , 420.77 , -49.9 , 37 , 29.14 , 1.586 , 0.038 , 15.72 , 259.07
1064 , 6251 , 417.30 , -50.4 , 36 , 29.05 , 1.542 , 0.037 , 15.83 , 258.97
1074 , 6309 , 413.61 , -51.0 , 38 , 28.98 , 1.516 , 0.037 , 15.93 , 258.86
1084 , 6361 , 410.28 , -51.4 , 41 , 28.88 , 1.497 , 0.036 , 16.03 , 258.77
1094 , 6425 , 406.23 , -52.0 , 43 , 28.81 , 1.495 , 0.037 , 16.15 , 258.65
1104 , 6491 , 402.16 , -52.7 , 46 , 28.73 , 1.486 , 0.037 , 16.26 , 258.53
1114 , 6542 , 398.97 , -53.2 , 48 , 28.66 , 1.460 , 0.037 , 16.36 , 258.44
1124 , 6595 , 395.68 , -53.7 , 50 , 28.58 , 1.454 , 0.037 , 16.45 , 258.34
1134 , 6639 , 392.99 , -54.1 , 51 , 28.53 , 1.420 , 0.036 , 16.53 , 258.27
1144 , 6690 , 389.86 , -54.5 , 51 , 28.48 , 1.422 , 0.036 , 16.62 , 258.18
1154 , 6745 , 386.53 , -55.0 , 51 , 28.42 , 1.397 , 0.036 , 16.71 , 258.08
1164 , 6800 , 383.21 , -55.5 , 51 , 28.36 , 1.385 , 0.036 , 16.81 , 257.99
1174 , 6857 , 379.82 , -56.0 , 52 , 28.31 , 1.370 , 0.036 , 16.91 , 257.89
1184 , 6920 , 376.02 , -56.4 , 54 , 28.25 , 1.355 , 0.036 , 17.01 , 257.78
1194 , 6968 , 373.20 , -56.7 , 54 , 28.19 , 1.391 , 0.037 , 17.10 , 257.70
1204 , 7016 , 370.40 , -57.1 , 53 , 28.17 , 1.366 , 0.037 , 17.18 , 257.62
1214 , 7061 , 367.74 , -57.5 , 52 , 28.11 , 1.374 , 0.037 , 17.26 , 257.54
1224 , 7109 , 364.95 , -57.9 , 51 , 28.07 , 1.367 , 0.037 , 17.34 , 257.46
1234 , 7157 , 362.18 , -58.3 , 52 , 28.02 , 1.326 , 0.037 , 17.42 , 257.38
1244 , 7210 , 359.15 , -58.8 , 53 , 27.97 , 1.309 , 0.036 , 17.51 , 257.29
1254 , 7257 , 356.47 , -59.0 , 53 , 27.94 , 1.327 , 0.037 , 17.58 , 257.21
1264 , 7302 , 353.92 , -58.8 , 51 , 27.88 , 1.522 , 0.043 , 17.66 , 257.13
1274 , 7360 , 350.66 , -58.2 , 43 , 27.83 , 1.875 , 0.053 , 17.79 , 257.01
1284 , 7408 , 348.01 , -57.7 , 34 , 27.80 , 2.110 , 0.061 , 17.91 , 256.89
1293 , 7456 , 345.37 , -57.6 , 29 , 27.77 , 2.002 , 0.058 , 18.03 , 256.77
1303 , 7507 , 342.59 , -58.0 , 27 , 27.71 , 1.783 , 0.052 , 18.15 , 256.64
1313 , 7552 , 340.12 , -58.4 , 24 , 27.64 , 1.693 , 0.050 , 18.25 , 256.54
1323 , 7594 , 337.88 , -58.7 , 22 , 27.62 , 1.715 , 0.051 , 18.34 , 256.46
1333 , 7637 , 335.56 , -58.9 , 20 , 27.62 , 1.745 , 0.052 , 18.43 , 256.36
1343 , 7694 , 332.54 , -58.9 , 19 , 27.57 , 1.647 , 0.050 , 18.56 , 256.24
1353 , 7748 , 329.67 , -59.1 , 19 , 27.50 , 1.473 , 0.045 , 18.66 , 256.13
1363 , 7797 , 327.14 , -59.1 , 18 , 27.45 , 1.432 , 0.044 , 18.75 , 256.05
1373 , 7847 , 324.52 , -59.0 , 16 , 27.40 , 1.463 , 0.045 , 18.84 , 255.95
1383 , 7891 , 322.25 , -59.2 , 14 , 27.37 , 1.400 , 0.043 , 18.92 , 255.87
1393 , 7933 , 320.11 , -59.5 , 14 , 27.35 , 1.442 , 0.045 , 19.00 , 255.80
1403 , 7982 , 317.60 , -59.7 , 13 , 27.32 , 1.541 , 0.049 , 19.09 , 255.71
1413 , 8044 , 314.44 , -59.6 , 12 , 27.24 , 1.596 , 0.051 , 19.21 , 255.58
1423 , 8099 , 311.71 , -59.9 , 12 , 27.17 , 1.604 , 0.051 , 19.32 , 255.47
1433 , 8149 , 309.23 , -60.2 , 11 , 27.14 , 1.664 , 0.054 , 19.43 , 255.37
1443 , 8199 , 306.75 , -60.3 , 12 , 27.09 , 1.743 , 0.057 , 19.53 , 255.26
1453 , 8247 , 304.36 , -60.5 , 12 , 27.06 , 1.931 , 0.063 , 19.65 , 255.15
1463 , 8297 , 301.94 , -60.8 , 12 , 27.02 , 2.129 , 0.070 , 19.78 , 255.02
1473 , 8341 , 299.82 , -61.0 , 12 , 26.99 , 2.301 , 0.077 , 19.90 , 254.90
1483 , 8385 , 297.71 , -61.0 , 12 , 26.96 , 2.460 , 0.083 , 20.03 , 254.76
1493 , 8428 , 295.66 , -61.1 , 12 , 26.92 , 2.609 , 0.088 , 20.17 , 254.63
1503 , 8472 , 293.54 , -61.3 , 12 , 26.88 , 2.585 , 0.088 , 20.32 , 254.48
1513 , 8514 , 291.55 , -61.6 , 12 , 26.85 , 2.471 , 0.085 , 20.45 , 254.34
1523 , 8556 , 289.59 , -61.7 , 13 , 26.83 , 2.388 , 0.082 , 20.58 , 254.21
1533 , 8598 , 287.65 , -61.7 , 13 , 26.81 , 2.405 , 0.084 , 20.71 , 254.09
1543 , 8639 , 285.73 , -61.8 , 13 , 26.77 , 2.394 , 0.084 , 20.84 , 253.96
1553 , 8685 , 283.61 , -62.0 , 13 , 26.74 , 2.529 , 0.089 , 20.98 , 253.82
1563 , 8731 , 281.50 , -62.3 , 14 , 26.69 , 2.742 , 0.097 , 21.14 , 253.66
1573 , 8782 , 279.21 , -62.5 , 14 , 26.63 , 2.986 , 0.107 , 21.32 , 253.48
1583 , 8836 , 276.77 , -62.8 , 14 , 26.55 , 3.046 , 0.110 , 21.53 , 253.27
1592 , 8885 , 274.56 , -62.8 , 14 , 26.47 , 2.969 , 0.108 , 21.72 , 253.08
1602 , 8922 , 272.91 , -63.0 , 14 , 26.44 , 2.714 , 0.099 , 21.86 , 252.94
1612 , 8963 , 271.10 , -63.2 , 14 , 26.41 , 2.445 , 0.090 , 21.99 , 252.81
1622 , 9004 , 269.32 , -63.4 , 14 , 26.38 , 2.316 , 0.086 , 22.11 , 252.68
1632 , 9044 , 267.54 , -63.6 , 14 , 26.34 , 2.446 , 0.091 , 22.24 , 252.56
1642 , 9086 , 265.73 , -63.8 , 14 , 26.31 , 2.610 , 0.098 , 22.37 , 252.42
1652 , 9127 , 263.94 , -64.0 , 14 , 26.27 , 2.707 , 0.103 , 22.52 , 252.28
1662 , 9166 , 262.27 , -64.2 , 14 , 26.23 , 2.864 , 0.109 , 22.66 , 252.14
1672 , 9207 , 260.51 , -64.2 , 14 , 26.19 , 3.137 , 0.120 , 22.82 , 251.98
1682 , 9249 , 258.76 , -64.2 , 14 , 26.16 , 3.333 , 0.129 , 22.99 , 251.81
1692 , 9292 , 256.92 , -64.5 , 14 , 26.11 , 3.304 , 0.129 , 23.17 , 251.62
1702 , 9333 , 255.22 , -64.7 , 14 , 26.06 , 3.205 , 0.126 , 23.34 , 251.45
1712 , 9373 , 253.53 , -64.9 , 14 , 26.02 , 3.156 , 0.124 , 23.51 , 251.29
1722 , 9417 , 251.73 , -65.1 , 15 , 25.98 , 3.194 , 0.127 , 23.69 , 251.11
1732 , 9464 , 249.77 , -65.2 , 15 , 25.93 , 3.255 , 0.130 , 23.89 , 250.91
1742 , 9505 , 248.10 , -65.4 , 15 , 25.88 , 3.321 , 0.134 , 24.06 , 250.73
1752 , 9544 , 246.52 , -65.6 , 15 , 25.83 , 3.383 , 0.137 , 24.23 , 250.56
1762 , 9585 , 244.86 , -65.9 , 16 , 25.79 , 3.452 , 0.141 , 24.41 , 250.38
1772 , 9626 , 243.23 , -66.0 , 16 , 25.75 , 3.500 , 0.144 , 24.60 , 250.20
1782 , 9666 , 241.59 , -65.9 , 16 , 25.70 , 3.559 , 0.147 , 24.79 , 250.01
1792 , 9710 , 239.87 , -65.7 , 16 , 25.65 , 3.742 , 0.156 , 24.99 , 249.81
1802 , 9753 , 238.16 , -65.9 , 17 , 25.60 , 3.950 , 0.166 , 25.21 , 249.59
1812 , 9795 , 236.53 , -66.1 , 17 , 25.54 , 4.082 , 0.173 , 25.43 , 249.37
1822 , 9836 , 234.94 , -66.4 , 17 , 25.50 , 4.167 , 0.177 , 25.65 , 249.15
1832 , 9878 , 233.30 , -66.5 , 17 , 25.45 , 4.216 , 0.181 , 25.88 , 248.92
1842 , 9918 , 231.76 , -66.5 , 17 , 25.40 , 4.262 , 0.184 , 26.10 , 248.70
1852 , 9958 , 230.24 , -66.5 , 17 , 25.35 , 4.261 , 0.185 , 26.32 , 248.48
1861 , 9996 , 228.80 , -66.4 , 16 , 25.31 , 4.224 , 0.185 , 26.53 , 248.27
1871 , 10034 , 227.36 , -66.4 , 16 , 25.26 , 4.147 , 0.182 , 26.74 , 248.06
1881 , 10079 , 225.70 , -66.5 , 15 , 25.21 , 4.087 , 0.181 , 26.98 , 247.82
1891 , 10123 , 224.04 , -66.6 , 15 , 25.16 , 3.955 , 0.177 , 27.21 , 247.59
1901 , 10165 , 222.51 , -66.7 , 15 , 25.10 , 3.940 , 0.177 , 27.42 , 247.37
1911 , 10209 , 220.90 , -66.8 , 15 , 25.05 , 4.061 , 0.184 , 27.65 , 247.14
1920 , 10251 , 219.36 , -67.1 , 15 , 25.00 , 4.149 , 0.189 , 27.88 , 246.92
1930 , 10289 , 217.98 , -67.3 , 15 , 24.95 , 4.215 , 0.193 , 28.09 , 246.71
1940 , 10328 , 216.57 , -67.4 , 15 , 24.90 , 4.258 , 0.197 , 28.31 , 246.49
1950 , 10367 , 215.17 , -67.4 , 15 , 24.85 , 4.343 , 0.202 , 28.53 , 246.27
1960 , 10408 , 213.69 , -67.5 , 15 , 24.80 , 4.341 , 0.203 , 28.76 , 246.03
1970 , 10449 , 212.26 , -67.4 , 15 , 24.75 , 4.325 , 0.204 , 28.99 , 245.80
1980 , 10486 , 210.94 , -67.6 , 15 , 24.70 , 4.326 , 0.205 , 29.21 , 245.59
1990 , 10526 , 209.56 , -67.8 , 15 , 24.65 , 4.299 , 0.205 , 29.43 , 245.37
2000 , 10565 , 208.20 , -67.9 , 15 , 24.60 , 4.342 , 0.209 , 29.65 , 245.15
2009 , 10603 , 206.90 , -68.1 , 15 , 24.55 , 4.376 , 0.211 , 29.87 , 244.93
2019 , 10642 , 205.55 , -68.0 , 14 , 24.50 , 4.407 , 0.214 , 30.09 , 244.70
2029 , 10682 , 204.17 , -68.2 , 14 , 24.45 , 4.528 , 0.222 , 30.33 , 244.47
2039 , 10725 , 202.72 , -68.4 , 14 , 24.40 , 4.635 , 0.229 , 30.59 , 244.21
2049 , 10766 , 201.35 , -68.3 , 14 , 24.35 , 4.801 , 0.238 , 30.84 , 243.96
2059 , 10808 , 199.94 , -68.3 , 14 , 24.30 , 4.990 , 0.250 , 31.11 , 243.68
2069 , 10849 , 198.57 , -68.4 , 13 , 24.25 , 5.098 , 0.257 , 31.39 , 243.41
2079 , 10890 , 197.22 , -68.3 , 13 , 24.20 , 5.232 , 0.265 , 31.66 , 243.13
2089 , 10932 , 195.84 , -68.3 , 13 , 24.15 , 5.306 , 0.271 , 31.96 , 242.84
2099 , 10974 , 194.47 , -68.4 , 12 , 24.10 , 5.327 , 0.274 , 32.25 , 242.55
2109 , 11015 , 193.13 , -68.4 , 12 , 24.04 , 5.321 , 0.276 , 32.54 , 242.26
2119 , 11058 , 191.76 , -68.6 , 12 , 23.99 , 5.328 , 0.278 , 32.84 , 241.96
2129 , 11103 , 190.32 , -68.5 , 12 , 23.93 , 5.328 , 0.280 , 33.16 , 241.64
2139 , 11147 , 188.94 , -68.5 , 12 , 23.88 , 5.326 , 0.282 , 33.46 , 241.33
2149 , 11189 , 187.62 , -68.7 , 11 , 23.83 , 5.284 , 0.282 , 33.76 , 241.04
2159 , 11232 , 186.28 , -68.6 , 11 , 23.77 , 5.203 , 0.279 , 34.05 , 240.74
2169 , 11277 , 184.87 , -68.7 , 11 , 23.72 , 5.096 , 0.276 , 34.36 , 240.44
2179 , 11326 , 183.38 , -68.9 , 11 , 23.66 , 5.077 , 0.277 , 34.69 , 240.11
2189 , 11368 , 182.08 , -68.7 , 11 , 23.61 , 4.994 , 0.274 , 34.97 , 239.83
2199 , 11409 , 180.84 , -68.6 , 11 , 23.56 , 4.863 , 0.269 , 35.24 , 239.56
2209 , 11450 , 179.62 , -68.5 , 11 , 23.51 , 4.821 , 0.268 , 35.49 , 239.30
2218 , 11495 , 178.27 , -68.4 , 11 , 23.45 , 4.814 , 0.270 , 35.78 , 239.02
2228 , 11538 , 176.99 , -68.3 , 11 , 23.40 , 4.998 , 0.282 , 36.06 , 238.74
2238 , 11586 , 175.57 , -68.2 , 10 , 23.35 , 5.267 , 0.300 , 36.39 , 238.41
2248 , 11651 , 173.68 , -68.4 , 10 , 23.29 , 5.497 , 0.317 , 36.85 , 237.95
2258 , 11704 , 172.15 , -68.5 , 10 , 23.23 , 5.625 , 0.327 , 37.23 , 237.56
2268 , 11746 , 170.94 , -68.4 , 9 , 23.18 , 5.663 , 0.331 , 37.55 , 237.25
2278 , 11788 , 169.77 , -68.4 , 9 , 23.13 , 5.579 , 0.329 , 37.85 , 236.94
2288 , 11831 , 168.56 , -68.5 , 9 , 23.08 , 5.537 , 0.328 , 38.17 , 236.63
2298 , 11876 , 167.30 , -68.8 , 9 , 23.02 , 5.515 , 0.330 , 38.50 , 236.30
2308 , 11922 , 166.00 , -69.3 , 9 , 22.98 , 5.523 , 0.333 , 38.83 , 235.96
2318 , 11971 , 164.66 , -69.7 , 9 , 22.93 , 5.535 , 0.336 , 39.19 , 235.61
2328 , 12015 , 163.44 , -69.8 , 8 , 22.87 , 5.503 , 0.337 , 39.51 , 235.28
2338 , 12061 , 162.19 , -69.9 , 8 , 22.82 , 5.533 , 0.341 , 39.85 , 234.95
2348 , 12105 , 160.98 , -69.8 , 8 , 22.77 , 5.519 , 0.343 , 40.17 , 234.62
2358 , 12150 , 159.76 , -70.0 , 8 , 22.71 , 5.436 , 0.340 , 40.50 , 234.30
2368 , 12195 , 158.57 , -70.2 , 8 , 22.67 , 5.420 , 0.342 , 40.82 , 233.97
2378 , 12240 , 157.37 , -70.3 , 8 , 22.62 , 5.459 , 0.347 , 41.15 , 233.65
2388 , 12288 , 156.10 , -70.1 , 8 , 22.56 , 5.579 , 0.357 , 41.50 , 233.30
2398 , 12339 , 154.76 , -70.4 , 8 , 22.51 , 5.686 , 0.367 , 41.88 , 232.91
2408 , 12395 , 153.31 , -70.9 , 8 , 22.46 , 5.699 , 0.372 , 42.31 , 232.49
2418 , 12447 , 151.97 , -71.3 , 8 , 22.40 , 5.722 , 0.376 , 42.70 , 232.09
2428 , 12493 , 150.80 , -71.5 , 8 , 22.35 , 5.683 , 0.377 , 43.05 , 231.75
2438 , 12538 , 149.64 , -71.4 , 8 , 22.30 , 5.753 , 0.384 , 43.40 , 231.40
2448 , 12584 , 148.49 , -71.4 , 8 , 22.25 , 5.894 , 0.397 , 43.75 , 231.04
2458 , 12628 , 147.38 , -71.4 , 8 , 22.20 , 6.019 , 0.408 , 44.10 , 230.69
2468 , 12672 , 146.29 , -71.4 , 8 , 22.15 , 6.106 , 0.417 , 44.46 , 230.33
2478 , 12718 , 145.16 , -71.5 , 8 , 22.09 , 6.231 , 0.429 , 44.84 , 229.96
2488 , 12764 , 144.03 , -71.5 , 9 , 22.04 , 6.368 , 0.442 , 45.23 , 229.57
2498 , 12808 , 142.95 , -71.8 , 9 , 21.99 , 6.448 , 0.451 , 45.61 , 229.19
2508 , 12852 , 141.88 , -72.0 , 9 , 21.93 , 6.492 , 0.458 , 45.99 , 228.80
2518 , 12895 , 140.87 , -72.0 , 9 , 21.88 , 6.574 , 0.467 , 46.36 , 228.44
2527 , 12934 , 139.93 , -71.8 , 9 , 21.83 , 6.668 , 0.477 , 46.71 , 228.09
2536 , 12969 , 139.10 , -71.6 , 9 , 21.78 , 6.858 , 0.493 , 47.03 , 227.77
2546 , 13008 , 138.18 , -71.6 , 9 , 21.73 , 7.245 , 0.524 , 47.40 , 227.40
2556 , 13050 , 137.20 , -71.7 , 9 , 21.68 , 7.595 , 0.554 , 47.81 , 226.98
2566 , 13095 , 136.17 , -71.8 , 9 , 21.63 , 7.870 , 0.578 , 48.27 , 226.52
2576 , 13138 , 135.17 , -71.9 , 9 , 21.58 , 7.918 , 0.586 , 48.73 , 226.06
2586 , 13181 , 134.20 , -71.5 , 9 , 21.52 , 7.652 , 0.570 , 49.18 , 225.62
2596 , 13221 , 133.28 , -71.2 , 9 , 21.46 , 7.338 , 0.551 , 49.58 , 225.21
2606 , 13263 , 132.33 , -70.9 , 9 , 21.41 , 6.995 , 0.529 , 49.99 , 224.81
2616 , 13306 , 131.38 , -71.0 , 9 , 21.36 , 6.980 , 0.531 , 50.38 , 224.42
2626 , 13348 , 130.45 , -71.2 , 9 , 21.31 , 7.046 , 0.540 , 50.78 , 224.02
2636 , 13392 , 129.48 , -71.4 , 9 , 21.25 , 7.087 , 0.547 , 51.19 , 223.60
2646 , 13438 , 128.47 , -71.7 , 9 , 21.20 , 7.198 , 0.560 , 51.63 , 223.16
2656 , 13484 , 127.47 , -71.8 , 9 , 21.14 , 7.401 , 0.581 , 52.08 , 222.71
2666 , 13528 , 126.52 , -71.5 , 9 , 21.09 , 8.137 , 0.643 , 52.54 , 222.25
2676 , 13570 , 125.63 , -71.7 , 9 , 21.03 , 9.202 , 0.732 , 53.03 , 221.77
2686 , 13611 , 124.76 , -72.0 , 9 , 20.98 , 10.107 , 0.810 , 53.56 , 221.24
2696 , 13654 , 123.85 , -72.2 , 9 , 20.93 , 10.790 , 0.871 , 54.16 , 220.64
2706 , 13698 , 122.92 , -72.3 , 9 , 20.87 , 11.393 , 0.927 , 54.82 , 219.98
2716 , 13745 , 121.96 , -72.1 , 9 , 20.82 , 11.991 , 0.983 , 55.55 , 219.25
2726 , 13791 , 121.00 , -72.0 , 9 , 20.77 , 12.274 , 1.014 , 56.30 , 218.50
2736 , 13837 , 120.06 , -72.0 , 9 , 20.71 , 12.051 , 1.004 , 57.05 , 217.75
2746 , 13884 , 119.10 , -72.2 , 9 , 20.66 , 11.439 , 0.960 , 57.79 , 217.01
2756 , 13930 , 118.18 , -72.3 , 9 , 20.61 , 11.069 , 0.937 , 58.48 , 216.31
2766 , 13973 , 117.32 , -72.4 , 9 , 20.55 , 11.030 , 0.940 , 59.11 , 215.68
2775 , 14015 , 116.48 , -72.6 , 9 , 20.50 , 11.002 , 0.944 , 59.74 , 215.06
2785 , 14055 , 115.70 , -72.6 , 9 , 20.45 , 11.020 , 0.952 , 60.33 , 214.47
2795 , 14098 , 114.84 , -72.7 , 10 , 20.40 , 11.049 , 0.962 , 60.98 , 213.82
2805 , 14141 , 114.00 , -72.8 , 10 , 20.35 , 11.250 , 0.987 , 61.62 , 213.18
2814 , 14180 , 113.25 , -73.0 , 10 , 20.30 , 11.575 , 1.022 , 62.21 , 212.58
2824 , 14218 , 112.51 , -73.0 , 10 , 20.25 , 11.981 , 1.065 , 62.82 , 211.97
2834 , 14258 , 111.75 , -72.9 , 10 , 20.20 , 12.505 , 1.119 , 63.48 , 211.31
2844 , 14299 , 110.97 , -73.0 , 10 , 20.14 , 13.030 , 1.174 , 64.18 , 210.61
2854 , 14340 , 110.20 , -73.0 , 10 , 20.09 , 13.198 , 1.198 , 64.90 , 209.89
2864 , 14379 , 109.48 , -73.0 , 10 , 20.04 , 13.326 , 1.217 , 65.60 , 209.20
2874 , 14418 , 108.74 , -73.1 , 10 , 19.99 , 13.384 , 1.231 , 66.31 , 208.48
2884 , 14458 , 107.99 , -73.3 , 10 , 19.93 , 13.419 , 1.243 , 67.04 , 207.76
2894 , 14499 , 107.25 , -73.3 , 10 , 19.89 , 13.388 , 1.248 , 67.77 , 207.03
2904 , 14538 , 106.53 , -73.5 , 10 , 19.84 , 13.364 , 1.254 , 68.47 , 206.32
2914 , 14577 , 105.83 , -73.3 , 10 , 19.79 , 13.430 , 1.269 , 69.18 , 205.62
2924 , 14616 , 105.12 , -73.4 , 10 , 19.74 , 13.601 , 1.294 , 69.89 , 204.90
2934 , 14659 , 104.35 , -73.3 , 10 , 19.69 , 13.588 , 1.302 , 70.68 , 204.11
2944 , 14699 , 103.63 , -73.2 , 10 , 19.64 , 13.699 , 1.322 , 71.42 , 203.37
2954 , 14741 , 102.90 , -73.2 , 10 , 19.60 , 13.763 , 1.338 , 72.20 , 202.60
2964 , 14782 , 102.19 , -73.3 , 10 , 19.55 , 13.872 , 1.357 , 72.95 , 201.85
2974 , 14824 , 101.46 , -73.4 , 10 , 19.50 , 14.162 , 1.396 , 73.74 , 201.05
2984 , 14867 , 100.70 , -73.5 , 10 , 19.45 , 14.560 , 1.446 , 74.59 , 200.21
2994 , 14911 , 99.95 , -73.5 , 10 , 19.40 , 14.957 , 1.496 , 75.47 , 199.33
3004 , 14957 , 99.17 , -73.7 , 10 , 19.35 , 15.173 , 1.530 , 76.40 , 198.40
3014 , 15003 , 98.39 , -74.0 , 10 , 19.31 , 15.065 , 1.531 , 77.33 , 197.46
3024 , 15046 , 97.67 , -74.1 , 10 , 19.26 , 14.940 , 1.530 , 78.21 , 196.58
3034 , 15090 , 96.93 , -74.0 , 10 , 19.21 , 15.050 , 1.553 , 79.11 , 195.69
3043 , 15133 , 96.21 , -74.1 , 10 , 19.16 , 15.295 , 1.590 , 80.00 , 194.80
3053 , 15178 , 95.48 , -74.3 , 10 , 19.12 , 15.321 , 1.605 , 80.92 , 193.88
3063 , 15225 , 94.70 , -74.5 , 10 , 19.07 , 15.177 , 1.603 , 81.91 , 192.89
3073 , 15274 , 93.91 , -74.6 , 10 , 19.02 , 14.999 , 1.597 , 82.91 , 191.89
3083 , 15322 , 93.15 , -74.7 , 10 , 18.97 , 14.947 , 1.605 , 83.87 , 190.93
3093 , 15368 , 92.40 , -74.6 , 10 , 18.92 , 14.941 , 1.617 , 84.82 , 189.98
3103 , 15411 , 91.73 , -74.7 , 10 , 18.87 , 14.865 , 1.621 , 85.67 , 189.12
3113 , 15454 , 91.06 , -74.8 , 10 , 18.83 , 14.982 , 1.645 , 86.54 , 188.25
3122 , 15495 , 90.41 , -74.6 , 10 , 18.78 , 15.249 , 1.687 , 87.39 , 187.40
3132 , 15539 , 89.73 , -74.6 , 11 , 18.73 , 15.628 , 1.742 , 88.32 , 186.48
3142 , 15581 , 89.08 , -74.8 , 11 , 18.68 , 15.786 , 1.772 , 89.21 , 185.59
3152 , 15623 , 88.44 , -74.9 , 11 , 18.63 , 16.042 , 1.814 , 90.12 , 184.68
3162 , 15665 , 87.81 , -75.0 , 11 , 18.59 , 16.255 , 1.851 , 91.03 , 183.76
3172 , 15705 , 87.20 , -74.9 , 11 , 18.54 , 16.731 , 1.919 , 91.94 , 182.86
3182 , 15744 , 86.61 , -75.1 , 11 , 18.49 , 16.960 , 1.958 , 92.84 , 181.96
3192 , 15782 , 86.04 , -75.2 , 11 , 18.44 , 16.989 , 1.974 , 93.72 , 181.08
3202 , 15822 , 85.45 , -75.0 , 11 , 18.39 , 16.915 , 1.980 , 94.64 , 180.15
3212 , 15865 , 84.82 , -75.0 , 12 , 18.34 , 16.848 , 1.986 , 95.63 , 179.17
3222 , 15906 , 84.22 , -75.0 , 12 , 18.29 , 16.777 , 1.992 , 96.57 , 178.22
3232 , 15951 , 83.58 , -74.9 , 12 , 18.25 , 16.622 , 1.989 , 97.58 , 177.21
3242 , 15994 , 82.96 , -75.1 , 12 , 18.20 , 16.665 , 2.009 , 98.55 , 176.24
3252 , 16036 , 82.36 , -75.4 , 12 , 18.15 , 16.519 , 2.006 , 99.51 , 175.28
3262 , 16081 , 81.72 , -75.3 , 12 , 18.10 , 16.232 , 1.986 , 100.52 , 174.28
3272 , 16123 , 81.13 , -75.4 , 12 , 18.05 , 15.940 , 1.965 , 101.44 , 173.36
3282 , 16166 , 80.53 , -75.5 , 12 , 18.00 , 15.627 , 1.940 , 102.35 , 172.44
3292 , 16208 , 79.94 , -75.3 , 12 , 17.95 , 15.514 , 1.941 , 103.26 , 171.54
3302 , 16251 , 79.35 , -75.4 , 12 , 17.91 , 15.272 , 1.925 , 104.16 , 170.64
3311 , 16292 , 78.79 , -75.7 , 12 , 17.86 , 15.015 , 1.906 , 105.00 , 169.79
3321 , 16333 , 78.23 , -75.8 , 12 , 17.81 , 14.924 , 1.908 , 105.85 , 168.95
3331 , 16378 , 77.63 , -75.7 , 12 , 17.76 , 14.773 , 1.903 , 106.76 , 168.04
3341 , 16422 , 77.05 , -75.8 , 12 , 17.72 , 14.450 , 1.875 , 107.62 , 167.17
3351 , 16465 , 76.48 , -75.7 , 12 , 17.67 , 14.230 , 1.861 , 108.47 , 166.33
3361 , 16509 , 75.89 , -75.9 , 12 , 17.62 , 13.953 , 1.839 , 109.33 , 165.47
3371 , 16551 , 75.34 , -75.9 , 12 , 17.57 , 13.807 , 1.833 , 110.12 , 164.68
3381 , 16592 , 74.81 , -75.8 , 12 , 17.52 , 13.884 , 1.856 , 110.89 , 163.91
3391 , 16633 , 74.27 , -76.0 , 12 , 17.48 , 13.960 , 1.880 , 111.68 , 163.12
3400 , 16671 , 73.79 , -76.2 , 12 , 17.43 , 14.107 , 1.912 , 112.41 , 162.39
3410 , 16711 , 73.28 , -76.4 , 12 , 17.39 , 14.053 , 1.918 , 113.18 , 161.62
3420 , 16754 , 72.74 , -76.6 , 12 , 17.34 , 13.820 , 1.900 , 113.99 , 160.81
3430 , 16794 , 72.23 , -76.8 , 12 , 17.29 , 13.547 , 1.875 , 114.74 , 160.05
3440 , 16830 , 71.78 , -76.8 , 12 , 17.25 , 13.357 , 1.861 , 115.41 , 159.38
3450 , 16870 , 71.28 , -76.8 , 12 , 17.20 , 13.412 , 1.882 , 116.15 , 158.64
3460 , 16910 , 70.79 , -77.0 , 12 , 17.15 , 13.506 , 1.908 , 116.89 , 157.91
3470 , 16951 , 70.28 , -77.2 , 12 , 17.10 , 13.555 , 1.929 , 117.66 , 157.14
3480 , 16992 , 69.78 , -77.3 , 12 , 17.06 , 13.760 , 1.972 , 118.43 , 156.37
3490 , 17032 , 69.29 , -77.3 , 12 , 17.01 , 13.888 , 2.004 , 119.19 , 155.61
3500 , 17074 , 68.80 , -77.3 , 12 , 16.96 , 13.977 , 2.032 , 119.98 , 154.82
3510 , 17113 , 68.33 , -77.3 , 12 , 16.91 , 14.089 , 2.062 , 120.73 , 154.06
3520 , 17153 , 67.85 , -77.1 , 12 , 16.86 , 14.229 , 2.097 , 121.52 , 153.27
3530 , 17195 , 67.35 , -77.3 , 12 , 16.81 , 14.469 , 2.148 , 122.36 , 152.44
3540 , 17237 , 66.86 , -77.6 , 12 , 16.76 , 14.808 , 2.215 , 123.20 , 151.60
3550 , 17278 , 66.39 , -77.8 , 12 , 16.71 , 14.898 , 2.244 , 124.03 , 150.76
3560 , 17319 , 65.91 , -77.8 , 12 , 16.66 , 15.113 , 2.293 , 124.89 , 149.91
3570 , 17360 , 65.44 , -78.0 , 12 , 16.61 , 15.347 , 2.345 , 125.75 , 149.05
3580 , 17402 , 64.96 , -78.2 , 12 , 16.56 , 15.476 , 2.382 , 126.64 , 148.16
3590 , 17444 , 64.48 , -78.1 , 12 , 16.51 , 15.637 , 2.425 , 127.56 , 147.24
3600 , 17486 , 64.01 , -78.1 , 12 , 16.46 , 15.951 , 2.492 , 128.47 , 146.33
3610 , 17529 , 63.53 , -78.2 , 12 , 16.41 , 16.066 , 2.529 , 129.42 , 145.38
3620 , 17570 , 63.08 , -78.2 , 12 , 16.36 , 16.066 , 2.547 , 130.32 , 144.47
3630 , 17610 , 62.64 , -78.2 , 12 , 16.31 , 16.067 , 2.565 , 131.21 , 143.58
3640 , 17650 , 62.20 , -78.3 , 12 , 16.26 , 16.328 , 2.625 , 132.11 , 142.69
3650 , 17691 , 61.76 , -78.4 , 12 , 16.21 , 16.875 , 2.733 , 133.05 , 141.75
3660 , 17731 , 61.32 , -78.5 , 12 , 16.15 , 16.720 , 2.727 , 133.99 , 140.81
3670 , 17772 , 60.88 , -78.6 , 12 , 16.10 , 16.512 , 2.712 , 134.92 , 139.87
3680 , 17813 , 60.45 , -78.8 , 12 , 16.05 , 16.375 , 2.709 , 135.86 , 138.94
3689 , 17851 , 60.04 , -78.9 , 12 , 16.00 , 16.395 , 2.731 , 136.73 , 138.07
3699 , 17890 , 59.63 , -78.9 , 12 , 15.95 , 16.342 , 2.740 , 137.61 , 137.19
3709 , 17928 , 59.24 , -79.2 , 13 , 15.90 , 16.156 , 2.727 , 138.46 , 136.33
3719 , 17965 , 58.84 , -79.4 , 13 , 15.85 , 16.077 , 2.732 , 139.31 , 135.49
3729 , 18004 , 58.45 , -79.5 , 13 , 15.79 , 16.065 , 2.749 , 140.17 , 134.63
3739 , 18044 , 58.03 , -79.4 , 13 , 15.74 , 16.033 , 2.763 , 141.06 , 133.73
3749 , 18086 , 57.60 , -79.2 , 13 , 15.69 , 15.952 , 2.769 , 142.01 , 132.79
3759 , 18130 , 57.16 , -79.4 , 13 , 15.63 , 15.855 , 2.774 , 142.97 , 131.83
3769 , 18173 , 56.73 , -79.5 , 13 , 15.58 , 15.708 , 2.769 , 143.92 , 130.88
3779 , 18218 , 56.28 , -79.8 , 13 , 15.53 , 15.554 , 2.764 , 144.90 , 129.89
3789 , 18262 , 55.84 , -80.1 , 13 , 15.48 , 15.452 , 2.767 , 145.86 , 128.94
3799 , 18308 , 55.39 , -80.1 , 13 , 15.42 , 15.407 , 2.782 , 146.84 , 127.95
3809 , 18353 , 54.95 , -79.9 , 13 , 15.37 , 15.351 , 2.793 , 147.80 , 127.00
3819 , 18398 , 54.52 , -79.8 , 13 , 15.31 , 15.181 , 2.785 , 148.76 , 126.04
3829 , 18442 , 54.09 , -79.9 , 13 , 15.26 , 15.205 , 2.811 , 149.70 , 125.09
3839 , 18488 , 53.66 , -79.9 , 13 , 15.21 , 15.207 , 2.834 , 150.67 , 124.13
3849 , 18533 , 53.24 , -79.7 , 13 , 15.15 , 15.276 , 2.870 , 151.62 , 123.18
3859 , 18578 , 52.81 , -79.8 , 13 , 15.10 , 15.223 , 2.883 , 152.59 , 122.20
3869 , 18625 , 52.37 , -80.0 , 13 , 15.05 , 15.174 , 2.897 , 153.58 , 121.21
3879 , 18666 , 51.99 , -80.1 , 13 , 15.00 , 14.831 , 2.852 , 154.44 , 120.35
3889 , 18707 , 51.61 , -80.2 , 13 , 14.94 , 14.871 , 2.881 , 155.30 , 119.49
3899 , 18744 , 51.28 , -80.2 , 13 , 14.89 , 15.446 , 3.012 , 156.09 , 118.71
3909 , 18786 , 50.90 , -80.3 , 13 , 14.84 , 15.489 , 3.043 , 156.99 , 117.80
3919 , 18830 , 50.51 , -80.0 , 13 , 14.78 , 15.178 , 3.005 , 157.92 , 116.88
3929 , 18875 , 50.10 , -80.1 , 13 , 14.73 , 14.989 , 2.992 , 158.88 , 115.92
3939 , 18916 , 49.74 , -80.1 , 13 , 14.68 , 14.799 , 2.975 , 159.73 , 115.07
3948 , 18952 , 49.42 , -80.1 , 13 , 14.63 , 14.719 , 2.978 , 160.48 , 114.32
3957 , 18991 , 49.09 , -80.3 , 13 , 14.59 , 14.652 , 2.985 , 161.26 , 113.53
3967 , 19030 , 48.74 , -80.6 , 13 , 14.54 , 14.284 , 2.930 , 162.07 , 112.73
