# ------------------------------------------------------------
#
# Flight name: V1214
# Station: Davis
# Launch Date: 23 July 2014
# Launch Time: 11:16:38
# 
# This file created: Thu Jul 24 09:35:47 2014
# 
# 
# ------------------------------------------------------------
# DATA COLUMNS
# Time (s)
# Height (m)
# Atmospheric Pressure (hPa)
# Atmospheric Temperature (°C)
# Relative Humidity (%)
# Box Temperature (°C)
# Ozone Partial Pressure (mPa)
# Ozone Mixing Ratio (ppmV)
# Accumulated Ozone to this Height (Dobson Units)
# Remaining Ozone above this Height (Dobson Units)
# 
# ------------------------------------------------------------
# 
# Integrated Ozone = 204.1 DU
# Extrapolated Ozone =  87.9 DU
# 
# Total Ozone = 292.0 DU
# 
# 
# ------------------------------------------------------------
0 , 18 , 995.53 , -19.8 , 50 , 33.82 , 3.315 , 0.033 , 0.00 , 291.99
10 , 63 , 989.45 , -19.1 , 50 , 33.82 , 3.483 , 0.035 , 0.16 , 291.83
20 , 115 , 982.61 , -19.3 , 49 , 33.76 , 3.363 , 0.034 , 0.35 , 291.64
30 , 167 , 975.75 , -19.7 , 50 , 33.69 , 3.316 , 0.034 , 0.54 , 291.46
40 , 217 , 969.13 , -20.0 , 49 , 33.62 , 3.374 , 0.035 , 0.72 , 291.28
50 , 268 , 962.47 , -20.3 , 49 , 33.48 , 3.376 , 0.035 , 0.90 , 291.09
60 , 317 , 956.12 , -20.8 , 49 , 33.29 , 3.259 , 0.034 , 1.07 , 290.92
70 , 369 , 949.40 , -21.0 , 50 , 33.16 , 3.137 , 0.033 , 1.25 , 290.74
80 , 421 , 942.82 , -21.3 , 49 , 33.10 , 3.146 , 0.033 , 1.42 , 290.57
90 , 471 , 936.45 , -21.6 , 50 , 33.02 , 3.137 , 0.034 , 1.59 , 290.40
100 , 519 , 930.34 , -22.0 , 50 , 32.96 , 3.140 , 0.034 , 1.75 , 290.24
110 , 572 , 923.67 , -22.4 , 50 , 32.75 , 3.107 , 0.034 , 1.93 , 290.06
120 , 627 , 916.69 , -22.7 , 51 , 32.47 , 3.100 , 0.034 , 2.12 , 289.88
130 , 683 , 909.75 , -22.8 , 52 , 32.32 , 3.117 , 0.034 , 2.30 , 289.69
140 , 736 , 903.15 , -23.2 , 53 , 32.33 , 3.103 , 0.034 , 2.48 , 289.51
150 , 785 , 897.17 , -23.5 , 55 , 32.28 , 3.070 , 0.034 , 2.64 , 289.35
160 , 838 , 890.61 , -23.9 , 56 , 32.13 , 3.039 , 0.034 , 2.82 , 289.17
170 , 896 , 883.65 , -24.4 , 57 , 31.93 , 3.034 , 0.034 , 3.01 , 288.98
180 , 950 , 877.07 , -24.8 , 58 , 31.60 , 3.019 , 0.034 , 3.19 , 288.80
190 , 1004 , 870.57 , -25.2 , 59 , 31.51 , 3.083 , 0.035 , 3.37 , 288.63
200 , 1055 , 864.46 , -25.6 , 60 , 31.54 , 3.073 , 0.036 , 3.54 , 288.45
210 , 1104 , 858.64 , -26.0 , 62 , 31.49 , 3.016 , 0.035 , 3.70 , 288.29
220 , 1158 , 852.27 , -26.2 , 62 , 31.29 , 2.986 , 0.035 , 3.88 , 288.12
230 , 1212 , 845.88 , -26.3 , 62 , 31.17 , 2.990 , 0.035 , 4.05 , 287.94
240 , 1267 , 839.48 , -26.2 , 61 , 31.14 , 2.940 , 0.035 , 4.23 , 287.76
250 , 1319 , 833.55 , -25.9 , 56 , 30.99 , 2.909 , 0.035 , 4.40 , 287.60
260 , 1374 , 827.23 , -26.2 , 55 , 30.88 , 2.903 , 0.035 , 4.57 , 287.42
270 , 1431 , 820.70 , -26.5 , 58 , 30.81 , 2.893 , 0.035 , 4.75 , 287.24
280 , 1482 , 814.85 , -26.9 , 62 , 30.71 , 2.851 , 0.035 , 4.91 , 287.08
290 , 1542 , 808.19 , -27.0 , 67 , 30.52 , 2.828 , 0.035 , 5.10 , 286.90
299 , 1599 , 801.79 , -26.2 , 85 , 30.23 , 2.798 , 0.035 , 5.27 , 286.72
309 , 1653 , 795.86 , -26.6 , 92 , 30.14 , 2.778 , 0.035 , 5.44 , 286.56
319 , 1709 , 789.63 , -27.0 , 92 , 30.03 , 2.753 , 0.035 , 5.61 , 286.38
327 , 1759 , 784.19 , -27.1 , 93 , 29.90 , 2.729 , 0.035 , 5.76 , 286.23
336 , 1811 , 778.63 , -25.5 , 65 , 29.75 , 2.738 , 0.035 , 5.91 , 286.08
346 , 1875 , 771.78 , -23.7 , 26 , 29.58 , 2.802 , 0.036 , 6.10 , 285.89
356 , 1930 , 766.00 , -23.0 , 15 , 29.56 , 2.830 , 0.037 , 6.27 , 285.72
366 , 1984 , 760.39 , -23.2 , 11 , 29.53 , 2.857 , 0.038 , 6.44 , 285.56
376 , 2039 , 754.66 , -23.3 , 10 , 29.42 , 2.840 , 0.038 , 6.61 , 285.39
386 , 2098 , 748.59 , -23.5 , 11 , 29.29 , 2.842 , 0.038 , 6.79 , 285.20
396 , 2154 , 742.88 , -23.8 , 11 , 29.22 , 2.857 , 0.038 , 6.96 , 285.03
406 , 2207 , 737.51 , -24.2 , 16 , 29.04 , 2.811 , 0.038 , 7.12 , 284.87
416 , 2264 , 731.78 , -24.7 , 26 , 28.98 , 2.755 , 0.038 , 7.29 , 284.70
426 , 2318 , 726.34 , -25.0 , 27 , 28.93 , 2.666 , 0.037 , 7.45 , 284.54
436 , 2369 , 721.26 , -25.2 , 25 , 28.92 , 2.568 , 0.036 , 7.60 , 284.39
446 , 2424 , 715.79 , -25.4 , 22 , 28.81 , 2.572 , 0.036 , 7.75 , 284.24
456 , 2481 , 710.21 , -25.5 , 16 , 28.68 , 2.624 , 0.037 , 7.91 , 284.08
466 , 2535 , 704.96 , -25.6 , 12 , 28.58 , 2.576 , 0.037 , 8.07 , 283.93
476 , 2592 , 699.37 , -26.0 , 15 , 28.44 , 2.514 , 0.036 , 8.23 , 283.77
486 , 2657 , 693.17 , -26.6 , 22 , 28.30 , 2.487 , 0.036 , 8.40 , 283.59
496 , 2708 , 688.26 , -26.9 , 26 , 28.23 , 2.458 , 0.036 , 8.54 , 283.45
506 , 2763 , 683.02 , -27.3 , 26 , 28.12 , 2.407 , 0.035 , 8.69 , 283.31
516 , 2818 , 677.80 , -27.7 , 28 , 27.99 , 2.395 , 0.035 , 8.83 , 283.16
526 , 2874 , 672.52 , -28.0 , 27 , 27.88 , 2.413 , 0.036 , 8.98 , 283.01
536 , 2922 , 668.03 , -28.2 , 25 , 27.84 , 2.427 , 0.036 , 9.11 , 282.88
546 , 2973 , 663.28 , -28.4 , 25 , 27.82 , 2.390 , 0.036 , 9.24 , 282.75
556 , 3031 , 657.94 , -28.8 , 24 , 27.72 , 2.355 , 0.036 , 9.39 , 282.60
566 , 3092 , 652.36 , -28.8 , 17 , 27.60 , 2.335 , 0.036 , 9.55 , 282.44
576 , 3146 , 647.49 , -28.8 , 11 , 27.53 , 2.369 , 0.037 , 9.69 , 282.30
586 , 3208 , 641.90 , -29.1 , 11 , 27.44 , 2.378 , 0.037 , 9.85 , 282.14
596 , 3263 , 636.99 , -29.5 , 9 , 27.33 , 2.386 , 0.037 , 10.00 , 281.99
606 , 3321 , 631.79 , -29.6 , 9 , 27.21 , 2.381 , 0.038 , 10.15 , 281.84
615 , 3380 , 626.57 , -29.6 , 14 , 27.06 , 2.413 , 0.039 , 10.31 , 281.68
625 , 3442 , 621.19 , -29.9 , 14 , 26.94 , 2.417 , 0.039 , 10.47 , 281.52
635 , 3505 , 615.69 , -30.2 , 14 , 26.86 , 2.404 , 0.039 , 10.64 , 281.35
645 , 3559 , 611.00 , -30.4 , 14 , 26.83 , 2.399 , 0.039 , 10.79 , 281.20
655 , 3614 , 606.33 , -30.6 , 14 , 26.78 , 2.375 , 0.039 , 10.93 , 281.06
665 , 3673 , 601.32 , -30.9 , 14 , 26.72 , 2.361 , 0.039 , 11.09 , 280.90
675 , 3737 , 595.89 , -31.3 , 15 , 26.66 , 2.338 , 0.039 , 11.26 , 280.74
685 , 3803 , 590.35 , -31.9 , 15 , 26.55 , 2.341 , 0.040 , 11.43 , 280.56
695 , 3858 , 585.73 , -32.3 , 18 , 26.48 , 2.327 , 0.040 , 11.57 , 280.42
705 , 3927 , 580.08 , -32.7 , 20 , 26.42 , 2.287 , 0.039 , 11.75 , 280.24
715 , 3991 , 574.77 , -33.1 , 24 , 26.33 , 2.260 , 0.039 , 11.91 , 280.08
725 , 4059 , 569.28 , -33.6 , 27 , 26.24 , 2.250 , 0.040 , 12.09 , 279.91
735 , 4124 , 564.04 , -34.1 , 29 , 26.16 , 2.226 , 0.039 , 12.25 , 279.74
745 , 4188 , 558.89 , -34.6 , 31 , 26.07 , 2.202 , 0.039 , 12.41 , 279.58
755 , 4247 , 554.13 , -35.1 , 31 , 26.00 , 2.180 , 0.039 , 12.56 , 279.44
765 , 4303 , 549.68 , -35.4 , 31 , 25.94 , 2.139 , 0.039 , 12.69 , 279.30
775 , 4368 , 544.57 , -35.8 , 30 , 25.87 , 2.130 , 0.039 , 12.85 , 279.14
785 , 4433 , 539.53 , -36.1 , 24 , 25.79 , 2.109 , 0.039 , 13.01 , 278.99
795 , 4500 , 534.37 , -36.5 , 15 , 25.69 , 2.101 , 0.039 , 13.17 , 278.83
805 , 4561 , 529.62 , -36.9 , 17 , 25.59 , 2.063 , 0.039 , 13.31 , 278.68
815 , 4623 , 524.90 , -37.3 , 25 , 25.50 , 2.058 , 0.039 , 13.46 , 278.53
825 , 4681 , 520.54 , -37.6 , 24 , 25.39 , 2.039 , 0.039 , 13.59 , 278.40
835 , 4738 , 516.25 , -37.9 , 26 , 25.27 , 2.037 , 0.039 , 13.73 , 278.27
845 , 4794 , 512.07 , -38.2 , 25 , 25.18 , 2.027 , 0.040 , 13.86 , 278.13
855 , 4847 , 508.11 , -38.6 , 21 , 25.13 , 2.020 , 0.040 , 13.98 , 278.01
865 , 4908 , 503.63 , -39.0 , 25 , 25.10 , 2.029 , 0.040 , 14.12 , 277.87
875 , 4968 , 499.25 , -39.3 , 29 , 25.10 , 2.019 , 0.040 , 14.26 , 277.73
884 , 5027 , 494.91 , -39.7 , 28 , 25.04 , 2.001 , 0.040 , 14.40 , 277.59
894 , 5084 , 490.85 , -40.1 , 28 , 24.96 , 2.052 , 0.042 , 14.53 , 277.46
904 , 5137 , 487.01 , -40.5 , 28 , 24.88 , 2.063 , 0.042 , 14.66 , 277.33
914 , 5206 , 482.13 , -41.0 , 28 , 24.83 , 2.024 , 0.042 , 14.82 , 277.17
923 , 5263 , 478.06 , -41.4 , 25 , 24.77 , 1.987 , 0.042 , 14.96 , 277.04
933 , 5319 , 474.10 , -41.9 , 22 , 24.74 , 1.965 , 0.041 , 15.09 , 276.91
943 , 5383 , 469.70 , -42.4 , 15 , 24.70 , 1.937 , 0.041 , 15.23 , 276.76
953 , 5444 , 465.41 , -42.8 , 11 , 24.62 , 1.901 , 0.041 , 15.37 , 276.62
963 , 5498 , 461.71 , -43.1 , 10 , 24.56 , 1.890 , 0.041 , 15.49 , 276.50
973 , 5559 , 457.57 , -43.4 , 10 , 24.46 , 1.883 , 0.041 , 15.62 , 276.37
983 , 5624 , 453.14 , -43.7 , 9 , 24.39 , 1.874 , 0.041 , 15.77 , 276.23
993 , 5688 , 448.87 , -44.0 , 10 , 24.30 , 1.869 , 0.042 , 15.91 , 276.09
1003 , 5747 , 444.90 , -44.3 , 12 , 24.24 , 1.843 , 0.041 , 16.04 , 275.96
1013 , 5807 , 440.98 , -44.8 , 18 , 24.18 , 1.812 , 0.041 , 16.16 , 275.83
1023 , 5869 , 436.85 , -45.4 , 24 , 24.07 , 1.791 , 0.041 , 16.30 , 275.69
1032 , 5932 , 432.78 , -45.8 , 30 , 23.92 , 1.781 , 0.041 , 16.43 , 275.56
1042 , 5983 , 429.49 , -46.2 , 38 , 23.84 , 1.782 , 0.041 , 16.54 , 275.45
1052 , 6041 , 425.74 , -46.7 , 47 , 23.78 , 1.790 , 0.042 , 16.66 , 275.33
1062 , 6100 , 421.96 , -47.1 , 56 , 23.71 , 1.826 , 0.043 , 16.79 , 275.20
1072 , 6160 , 418.12 , -47.6 , 62 , 23.65 , 1.821 , 0.044 , 16.92 , 275.07
1082 , 6228 , 413.87 , -48.2 , 67 , 23.57 , 1.797 , 0.043 , 17.07 , 274.93
1092 , 6285 , 410.28 , -48.5 , 68 , 23.48 , 1.762 , 0.043 , 17.19 , 274.80
1102 , 6346 , 406.47 , -48.9 , 68 , 23.40 , 1.694 , 0.042 , 17.32 , 274.68
1112 , 6414 , 402.31 , -49.4 , 66 , 23.31 , 1.677 , 0.042 , 17.45 , 274.54
1122 , 6485 , 397.92 , -49.9 , 65 , 23.19 , 1.631 , 0.041 , 17.60 , 274.40
1132 , 6552 , 393.86 , -50.5 , 64 , 23.08 , 1.612 , 0.041 , 17.73 , 274.27
1142 , 6615 , 390.11 , -51.0 , 64 , 22.95 , 1.585 , 0.041 , 17.85 , 274.14
1152 , 6669 , 386.89 , -51.5 , 63 , 22.90 , 1.572 , 0.041 , 17.95 , 274.04
1162 , 6722 , 383.69 , -51.8 , 63 , 22.84 , 1.553 , 0.040 , 18.05 , 273.94
1172 , 6787 , 379.85 , -52.3 , 62 , 22.77 , 1.542 , 0.041 , 18.18 , 273.82
1182 , 6845 , 376.50 , -52.7 , 61 , 22.72 , 1.535 , 0.041 , 18.28 , 273.71
1192 , 6899 , 373.34 , -53.2 , 60 , 22.66 , 1.520 , 0.041 , 18.38 , 273.61
1202 , 6953 , 370.21 , -53.6 , 60 , 22.60 , 1.520 , 0.041 , 18.49 , 273.51
1212 , 7021 , 366.32 , -54.2 , 62 , 22.48 , 1.496 , 0.041 , 18.61 , 273.38
1222 , 7083 , 362.76 , -54.9 , 66 , 22.34 , 1.492 , 0.041 , 18.73 , 273.27
1232 , 7143 , 359.41 , -55.4 , 69 , 22.28 , 1.477 , 0.041 , 18.84 , 273.16
1241 , 7200 , 356.18 , -55.9 , 72 , 22.23 , 1.464 , 0.041 , 18.94 , 273.05
1251 , 7259 , 352.86 , -56.4 , 74 , 22.18 , 1.446 , 0.041 , 19.05 , 272.94
1261 , 7317 , 349.66 , -56.9 , 74 , 22.13 , 1.430 , 0.041 , 19.15 , 272.84
1271 , 7371 , 346.70 , -57.3 , 75 , 22.06 , 1.419 , 0.041 , 19.25 , 272.75
1281 , 7426 , 343.68 , -57.7 , 75 , 22.00 , 1.413 , 0.041 , 19.34 , 272.65
1291 , 7486 , 340.41 , -58.2 , 74 , 21.91 , 1.401 , 0.041 , 19.45 , 272.54
1301 , 7543 , 337.35 , -58.6 , 74 , 21.84 , 1.379 , 0.041 , 19.55 , 272.44
1311 , 7605 , 334.03 , -59.2 , 73 , 21.74 , 1.365 , 0.041 , 19.66 , 272.34
1321 , 7668 , 330.67 , -59.7 , 73 , 21.67 , 1.357 , 0.041 , 19.77 , 272.23
1331 , 7731 , 327.40 , -60.0 , 71 , 21.57 , 1.337 , 0.041 , 19.87 , 272.12
1341 , 7788 , 324.37 , -60.3 , 69 , 21.51 , 1.334 , 0.041 , 19.97 , 272.02
1351 , 7840 , 321.71 , -60.4 , 67 , 21.42 , 1.339 , 0.042 , 20.06 , 271.94
1361 , 7900 , 318.64 , -60.8 , 65 , 21.35 , 1.308 , 0.041 , 20.16 , 271.84
1371 , 7953 , 315.92 , -61.3 , 63 , 21.28 , 1.294 , 0.041 , 20.24 , 271.75
1381 , 8011 , 312.95 , -61.7 , 61 , 21.21 , 1.272 , 0.041 , 20.34 , 271.65
1391 , 8072 , 309.90 , -62.2 , 59 , 21.12 , 1.264 , 0.041 , 20.44 , 271.55
1401 , 8135 , 306.74 , -62.6 , 58 , 21.02 , 1.250 , 0.041 , 20.54 , 271.45
1411 , 8197 , 303.66 , -62.8 , 56 , 20.95 , 1.286 , 0.042 , 20.64 , 271.35
1421 , 8246 , 301.28 , -63.0 , 55 , 20.88 , 1.347 , 0.045 , 20.72 , 271.27
1431 , 8299 , 298.69 , -63.3 , 54 , 20.80 , 1.406 , 0.047 , 20.82 , 271.18
1441 , 8354 , 296.03 , -63.5 , 54 , 20.73 , 1.423 , 0.048 , 20.92 , 271.08
1451 , 8411 , 293.29 , -63.7 , 54 , 20.66 , 1.457 , 0.050 , 21.02 , 270.97
1461 , 8466 , 290.66 , -63.9 , 54 , 20.55 , 1.532 , 0.053 , 21.13 , 270.86
1471 , 8512 , 288.48 , -64.1 , 54 , 20.49 , 1.543 , 0.053 , 21.22 , 270.77
1481 , 8563 , 286.09 , -64.4 , 54 , 20.44 , 1.494 , 0.052 , 21.32 , 270.67
1491 , 8618 , 283.50 , -64.7 , 54 , 20.38 , 1.473 , 0.052 , 21.42 , 270.57
1501 , 8674 , 280.93 , -65.0 , 54 , 20.31 , 1.455 , 0.052 , 21.53 , 270.46
1511 , 8733 , 278.21 , -65.4 , 55 , 20.24 , 1.420 , 0.051 , 21.64 , 270.35
1521 , 8797 , 275.29 , -65.9 , 57 , 20.14 , 1.380 , 0.050 , 21.76 , 270.23
1531 , 8845 , 273.11 , -65.8 , 56 , 20.07 , 1.405 , 0.051 , 21.84 , 270.15
1540 , 8889 , 271.18 , -65.6 , 52 , 20.02 , 1.570 , 0.058 , 21.93 , 270.06
1549 , 8932 , 269.23 , -65.7 , 48 , 19.97 , 1.603 , 0.060 , 22.02 , 269.97
1559 , 8980 , 267.12 , -66.0 , 44 , 19.90 , 1.592 , 0.060 , 22.12 , 269.87
1569 , 9029 , 264.96 , -66.2 , 41 , 19.82 , 1.674 , 0.063 , 22.22 , 269.77
1579 , 9078 , 262.85 , -66.5 , 39 , 19.77 , 1.776 , 0.068 , 22.33 , 269.66
1589 , 9129 , 260.61 , -66.7 , 37 , 19.70 , 1.911 , 0.073 , 22.46 , 269.54
1599 , 9186 , 258.19 , -66.9 , 35 , 19.63 , 2.039 , 0.079 , 22.60 , 269.39
1609 , 9239 , 255.91 , -67.1 , 33 , 19.56 , 2.114 , 0.083 , 22.75 , 269.25
1619 , 9299 , 253.39 , -67.5 , 32 , 19.49 , 2.148 , 0.085 , 22.91 , 269.08
1629 , 9352 , 251.16 , -67.8 , 30 , 19.41 , 2.170 , 0.086 , 23.06 , 268.93
1639 , 9406 , 248.93 , -68.0 , 29 , 19.33 , 2.147 , 0.086 , 23.21 , 268.78
1649 , 9465 , 246.47 , -68.4 , 28 , 19.27 , 2.073 , 0.084 , 23.38 , 268.61
1659 , 9513 , 244.52 , -68.8 , 27 , 19.21 , 2.012 , 0.082 , 23.51 , 268.48
1669 , 9562 , 242.49 , -69.1 , 28 , 19.15 , 1.988 , 0.082 , 23.64 , 268.35
1679 , 9607 , 240.69 , -69.2 , 30 , 19.09 , 1.967 , 0.082 , 23.76 , 268.24
1689 , 9663 , 238.45 , -69.4 , 33 , 19.02 , 1.892 , 0.079 , 23.90 , 268.09
1699 , 9721 , 236.15 , -69.5 , 36 , 18.95 , 1.942 , 0.082 , 24.05 , 267.95
1709 , 9772 , 234.14 , -69.7 , 37 , 18.88 , 2.071 , 0.088 , 24.18 , 267.81
1718 , 9819 , 232.29 , -69.9 , 39 , 18.82 , 2.090 , 0.090 , 24.31 , 267.68
1728 , 9865 , 230.50 , -70.1 , 41 , 18.76 , 2.075 , 0.090 , 24.44 , 267.55
1738 , 9915 , 228.57 , -70.3 , 43 , 18.69 , 2.050 , 0.090 , 24.58 , 267.42
1748 , 9967 , 226.55 , -70.4 , 44 , 18.62 , 2.081 , 0.092 , 24.72 , 267.27
1758 , 10022 , 224.49 , -70.3 , 44 , 18.55 , 2.368 , 0.105 , 24.88 , 267.11
1768 , 10073 , 222.57 , -70.7 , 44 , 18.48 , 2.873 , 0.129 , 25.06 , 266.93
1778 , 10128 , 220.51 , -71.1 , 43 , 18.42 , 3.326 , 0.151 , 25.28 , 266.71
1788 , 10175 , 218.77 , -71.2 , 42 , 18.36 , 3.613 , 0.165 , 25.50 , 266.49
1798 , 10219 , 217.13 , -71.2 , 41 , 18.30 , 3.553 , 0.164 , 25.71 , 266.28
1808 , 10270 , 215.26 , -71.3 , 41 , 18.24 , 3.447 , 0.160 , 25.95 , 266.04
1818 , 10330 , 213.09 , -71.4 , 40 , 18.18 , 3.501 , 0.164 , 26.23 , 265.76
1828 , 10387 , 211.06 , -71.5 , 38 , 18.10 , 3.380 , 0.160 , 26.49 , 265.50
1838 , 10431 , 209.48 , -71.9 , 36 , 18.02 , 3.043 , 0.145 , 26.68 , 265.31
1848 , 10476 , 207.86 , -72.2 , 35 , 17.97 , 2.769 , 0.133 , 26.86 , 265.13
1857 , 10521 , 206.31 , -72.4 , 35 , 17.92 , 2.589 , 0.125 , 27.02 , 264.97
1867 , 10563 , 204.82 , -72.5 , 36 , 17.86 , 2.550 , 0.125 , 27.17 , 264.83
1877 , 10611 , 203.17 , -72.3 , 38 , 17.81 , 2.595 , 0.128 , 27.33 , 264.66
1887 , 10661 , 201.43 , -72.1 , 38 , 17.75 , 2.772 , 0.138 , 27.51 , 264.48
1897 , 10716 , 199.57 , -72.0 , 38 , 17.69 , 3.030 , 0.152 , 27.72 , 264.27
1906 , 10761 , 198.05 , -72.2 , 38 , 17.63 , 3.189 , 0.161 , 27.91 , 264.08
1916 , 10805 , 196.56 , -72.4 , 37 , 17.58 , 3.255 , 0.166 , 28.10 , 263.89
1926 , 10850 , 195.06 , -72.7 , 36 , 17.52 , 3.248 , 0.166 , 28.30 , 263.69
1936 , 10899 , 193.45 , -73.0 , 35 , 17.46 , 3.278 , 0.169 , 28.51 , 263.48
1946 , 10959 , 191.47 , -72.9 , 35 , 17.40 , 3.372 , 0.176 , 28.78 , 263.21
1956 , 11001 , 190.10 , -73.1 , 34 , 17.34 , 3.539 , 0.186 , 28.98 , 263.01
1966 , 11042 , 188.77 , -73.2 , 34 , 17.28 , 3.651 , 0.193 , 29.18 , 262.81
1976 , 11082 , 187.49 , -73.2 , 33 , 17.23 , 3.811 , 0.203 , 29.38 , 262.61
1986 , 11128 , 186.04 , -72.9 , 33 , 17.18 , 4.327 , 0.233 , 29.63 , 262.36
1996 , 11171 , 184.67 , -72.4 , 32 , 17.13 , 4.878 , 0.264 , 29.90 , 262.10
2006 , 11216 , 183.25 , -72.4 , 32 , 17.08 , 5.310 , 0.290 , 30.21 , 261.78
2016 , 11265 , 181.75 , -72.6 , 31 , 17.02 , 5.567 , 0.306 , 30.56 , 261.43
2026 , 11313 , 180.26 , -72.8 , 30 , 16.97 , 5.772 , 0.320 , 30.93 , 261.06
2036 , 11354 , 178.99 , -72.8 , 30 , 16.92 , 5.934 , 0.332 , 31.26 , 260.74
2046 , 11401 , 177.57 , -73.0 , 29 , 16.86 , 6.025 , 0.339 , 31.63 , 260.36
2056 , 11446 , 176.22 , -73.1 , 29 , 16.80 , 6.101 , 0.346 , 32.00 , 260.00
2066 , 11491 , 174.86 , -73.3 , 28 , 16.75 , 6.172 , 0.353 , 32.37 , 259.62
2076 , 11534 , 173.59 , -73.3 , 28 , 16.70 , 6.261 , 0.361 , 32.73 , 259.26
2086 , 11581 , 172.20 , -73.5 , 28 , 16.65 , 6.306 , 0.366 , 33.13 , 258.86
2096 , 11627 , 170.85 , -73.2 , 27 , 16.60 , 6.405 , 0.375 , 33.52 , 258.47
2106 , 11670 , 169.60 , -72.8 , 27 , 16.54 , 6.503 , 0.383 , 33.90 , 258.10
2116 , 11715 , 168.31 , -73.0 , 26 , 16.49 , 6.582 , 0.391 , 34.29 , 257.70
2126 , 11760 , 167.00 , -73.0 , 26 , 16.44 , 6.552 , 0.392 , 34.70 , 257.30
2136 , 11807 , 165.69 , -73.0 , 25 , 16.39 , 6.566 , 0.396 , 35.10 , 256.89
2146 , 11853 , 164.38 , -72.9 , 25 , 16.34 , 6.756 , 0.411 , 35.52 , 256.47
2156 , 11901 , 163.05 , -73.2 , 25 , 16.28 , 6.948 , 0.426 , 35.96 , 256.03
2165 , 11948 , 161.75 , -73.2 , 24 , 16.23 , 7.174 , 0.444 , 36.41 , 255.59
2175 , 11998 , 160.35 , -73.3 , 24 , 16.18 , 7.521 , 0.469 , 36.91 , 255.08
2185 , 12054 , 158.82 , -73.8 , 24 , 16.12 , 7.715 , 0.486 , 37.49 , 254.50
2195 , 12107 , 157.38 , -74.2 , 23 , 16.06 , 7.509 , 0.477 , 38.03 , 253.96
2205 , 12150 , 156.22 , -74.3 , 23 , 16.01 , 7.057 , 0.452 , 38.46 , 253.54
2215 , 12198 , 154.96 , -74.3 , 23 , 15.96 , 6.624 , 0.427 , 38.90 , 253.10
2225 , 12245 , 153.69 , -74.4 , 23 , 15.91 , 6.416 , 0.417 , 39.32 , 252.67
2235 , 12297 , 152.33 , -74.8 , 23 , 15.85 , 6.306 , 0.414 , 39.76 , 252.23
2245 , 12343 , 151.12 , -75.1 , 23 , 15.79 , 6.398 , 0.423 , 40.16 , 251.83
2255 , 12389 , 149.94 , -74.9 , 23 , 15.74 , 6.605 , 0.441 , 40.57 , 251.43
2265 , 12441 , 148.61 , -75.1 , 23 , 15.69 , 7.050 , 0.474 , 41.05 , 250.94
2275 , 12490 , 147.36 , -75.3 , 22 , 15.64 , 7.426 , 0.504 , 41.53 , 250.46
2285 , 12532 , 146.28 , -75.0 , 22 , 15.59 , 8.044 , 0.550 , 41.98 , 250.01
2295 , 12574 , 145.22 , -75.1 , 22 , 15.54 , 8.747 , 0.602 , 42.46 , 249.53
2305 , 12616 , 144.19 , -75.2 , 21 , 15.48 , 9.289 , 0.644 , 42.97 , 249.02
2315 , 12657 , 143.15 , -75.4 , 21 , 15.43 , 9.673 , 0.676 , 43.51 , 248.49
2325 , 12700 , 142.11 , -75.2 , 21 , 15.38 , 10.203 , 0.718 , 44.08 , 247.91
2335 , 12743 , 141.04 , -75.1 , 20 , 15.33 , 10.360 , 0.735 , 44.69 , 247.30
2345 , 12787 , 139.98 , -74.9 , 20 , 15.28 , 10.010 , 0.715 , 45.30 , 246.69
2355 , 12833 , 138.89 , -74.8 , 20 , 15.22 , 9.614 , 0.692 , 45.91 , 246.09
2365 , 12876 , 137.85 , -74.8 , 19 , 15.17 , 9.329 , 0.677 , 46.47 , 245.52
2375 , 12920 , 136.83 , -74.7 , 19 , 15.12 , 9.051 , 0.661 , 47.01 , 244.98
2385 , 12964 , 135.78 , -74.8 , 19 , 15.07 , 8.777 , 0.646 , 47.55 , 244.45
2395 , 13009 , 134.73 , -75.0 , 19 , 15.02 , 8.464 , 0.628 , 48.07 , 243.92
2405 , 13053 , 133.70 , -74.9 , 18 , 14.96 , 8.239 , 0.616 , 48.58 , 243.41
2415 , 13098 , 132.69 , -74.9 , 18 , 14.90 , 8.221 , 0.620 , 49.07 , 242.92
2425 , 13144 , 131.62 , -75.2 , 19 , 14.85 , 8.299 , 0.630 , 49.60 , 242.39
2435 , 13192 , 130.55 , -75.5 , 19 , 14.79 , 8.369 , 0.641 , 50.14 , 241.85
2445 , 13239 , 129.49 , -75.5 , 19 , 14.74 , 8.415 , 0.650 , 50.68 , 241.31
2455 , 13286 , 128.43 , -75.6 , 19 , 14.68 , 8.518 , 0.663 , 51.23 , 240.76
2464 , 13332 , 127.42 , -75.8 , 19 , 14.63 , 8.651 , 0.679 , 51.76 , 240.23
2473 , 13374 , 126.51 , -75.8 , 19 , 14.58 , 9.056 , 0.716 , 52.27 , 239.73
2483 , 13421 , 125.48 , -76.0 , 19 , 14.53 , 9.679 , 0.771 , 52.87 , 239.13
2493 , 13468 , 124.46 , -76.1 , 19 , 14.47 , 10.108 , 0.812 , 53.51 , 238.48
2503 , 13512 , 123.51 , -76.1 , 19 , 14.41 , 10.659 , 0.863 , 54.13 , 237.86
2513 , 13555 , 122.61 , -76.2 , 19 , 14.36 , 11.297 , 0.921 , 54.77 , 237.22
2523 , 13601 , 121.63 , -76.4 , 19 , 14.30 , 11.756 , 0.967 , 55.50 , 236.49
2533 , 13648 , 120.62 , -76.8 , 19 , 14.24 , 12.072 , 1.001 , 56.28 , 235.71
2543 , 13695 , 119.65 , -76.8 , 19 , 14.18 , 12.442 , 1.040 , 57.06 , 234.93
2553 , 13741 , 118.69 , -76.8 , 19 , 14.12 , 13.023 , 1.097 , 57.87 , 234.12
2563 , 13789 , 117.71 , -77.1 , 19 , 14.06 , 13.369 , 1.136 , 58.73 , 233.26
2573 , 13836 , 116.74 , -77.0 , 18 , 14.01 , 13.342 , 1.143 , 59.61 , 232.39
2583 , 13882 , 115.82 , -77.1 , 18 , 13.95 , 13.274 , 1.146 , 60.44 , 231.55
2593 , 13929 , 114.88 , -76.7 , 18 , 13.89 , 13.030 , 1.134 , 61.29 , 230.71
2603 , 13973 , 113.99 , -76.8 , 18 , 13.83 , 13.004 , 1.141 , 62.08 , 229.91
2613 , 14018 , 113.11 , -76.9 , 18 , 13.76 , 13.105 , 1.159 , 62.88 , 229.11
2623 , 14062 , 112.25 , -77.0 , 18 , 13.70 , 13.359 , 1.190 , 63.68 , 228.31
2633 , 14108 , 111.35 , -77.2 , 18 , 13.65 , 13.518 , 1.214 , 64.53 , 227.46
2643 , 14152 , 110.50 , -77.3 , 18 , 13.58 , 13.376 , 1.210 , 65.34 , 226.65
2653 , 14193 , 109.71 , -77.1 , 18 , 13.52 , 13.347 , 1.217 , 66.10 , 225.89
2663 , 14236 , 108.89 , -77.0 , 18 , 13.46 , 13.500 , 1.240 , 66.90 , 225.10
2673 , 14277 , 108.11 , -77.1 , 18 , 13.40 , 13.823 , 1.279 , 67.67 , 224.32
2683 , 14318 , 107.34 , -76.9 , 18 , 13.34 , 14.082 , 1.312 , 68.46 , 223.54
2693 , 14361 , 106.55 , -77.0 , 18 , 13.28 , 14.029 , 1.317 , 69.27 , 222.72
2703 , 14403 , 105.77 , -77.2 , 17 , 13.21 , 14.141 , 1.337 , 70.09 , 221.90
2713 , 14444 , 105.01 , -77.4 , 17 , 13.15 , 14.164 , 1.349 , 70.90 , 221.09
2723 , 14484 , 104.28 , -77.6 , 17 , 13.09 , 14.138 , 1.356 , 71.68 , 220.31
2733 , 14523 , 103.57 , -77.7 , 17 , 13.02 , 14.132 , 1.364 , 72.44 , 219.55
2743 , 14565 , 102.81 , -77.6 , 17 , 12.96 , 14.073 , 1.369 , 73.26 , 218.73
2753 , 14612 , 101.98 , -77.5 , 17 , 12.89 , 14.122 , 1.385 , 74.17 , 217.82
2762 , 14657 , 101.19 , -77.7 , 17 , 12.84 , 14.257 , 1.409 , 75.04 , 216.95
2772 , 14699 , 100.43 , -77.9 , 17 , 12.78 , 14.367 , 1.431 , 75.88 , 216.11
2782 , 14746 , 99.61 , -78.0 , 17 , 12.71 , 14.441 , 1.450 , 76.81 , 215.18
2792 , 14792 , 98.81 , -78.3 , 17 , 12.65 , 14.431 , 1.460 , 77.74 , 214.26
2802 , 14840 , 97.99 , -77.9 , 17 , 12.58 , 14.446 , 1.474 , 78.68 , 213.31
2812 , 14887 , 97.19 , -77.6 , 17 , 12.52 , 14.703 , 1.513 , 79.62 , 212.37
2822 , 14935 , 96.38 , -77.0 , 17 , 12.46 , 14.936 , 1.550 , 80.61 , 211.39
2832 , 14984 , 95.55 , -76.9 , 17 , 12.39 , 15.344 , 1.606 , 81.64 , 210.36
2842 , 15034 , 94.73 , -76.8 , 17 , 12.33 , 15.703 , 1.658 , 82.69 , 209.30
2852 , 15083 , 93.92 , -76.8 , 17 , 12.27 , 15.942 , 1.697 , 83.77 , 208.23
2862 , 15132 , 93.13 , -77.0 , 17 , 12.20 , 16.252 , 1.745 , 84.84 , 207.15
2872 , 15179 , 92.37 , -77.3 , 17 , 12.14 , 16.423 , 1.778 , 85.89 , 206.10
2882 , 15229 , 91.57 , -77.5 , 17 , 12.08 , 16.375 , 1.788 , 87.02 , 204.97
2892 , 15278 , 90.78 , -77.8 , 17 , 12.01 , 16.310 , 1.797 , 88.15 , 203.85
2902 , 15324 , 90.05 , -77.7 , 17 , 11.95 , 16.230 , 1.802 , 89.17 , 202.82
2912 , 15366 , 89.40 , -77.9 , 17 , 11.88 , 16.168 , 1.808 , 90.10 , 201.89
2922 , 15407 , 88.76 , -77.7 , 17 , 11.82 , 16.031 , 1.806 , 91.02 , 200.98
2932 , 15453 , 88.05 , -77.7 , 17 , 11.76 , 15.828 , 1.798 , 92.03 , 199.96
2942 , 15495 , 87.40 , -77.6 , 17 , 11.69 , 15.529 , 1.777 , 92.94 , 199.05
2952 , 15538 , 86.74 , -77.5 , 17 , 11.63 , 15.059 , 1.736 , 93.85 , 198.14
2962 , 15585 , 86.04 , -77.7 , 17 , 11.56 , 14.741 , 1.713 , 94.81 , 197.18
2972 , 15628 , 85.39 , -77.7 , 17 , 11.50 , 14.221 , 1.665 , 95.68 , 196.31
2982 , 15671 , 84.75 , -77.7 , 17 , 11.43 , 13.644 , 1.610 , 96.50 , 195.49
2992 , 15713 , 84.13 , -78.0 , 17 , 11.37 , 13.115 , 1.559 , 97.28 , 194.71
3002 , 15756 , 83.50 , -78.1 , 17 , 11.30 , 12.938 , 1.549 , 98.05 , 193.94
3012 , 15802 , 82.83 , -78.2 , 16 , 11.24 , 12.874 , 1.554 , 98.87 , 193.12
3022 , 15847 , 82.18 , -78.4 , 16 , 11.18 , 12.969 , 1.578 , 99.67 , 192.32
3032 , 15891 , 81.56 , -78.4 , 16 , 11.11 , 13.234 , 1.623 , 100.47 , 191.53
3041 , 15932 , 80.96 , -78.3 , 16 , 11.05 , 13.517 , 1.670 , 101.23 , 190.76
3051 , 15975 , 80.36 , -78.3 , 16 , 10.99 , 13.894 , 1.729 , 102.04 , 189.95
3061 , 16022 , 79.70 , -78.7 , 16 , 10.92 , 14.939 , 1.874 , 102.99 , 189.01
3071 , 16069 , 79.04 , -78.6 , 16 , 10.85 , 15.679 , 1.984 , 103.98 , 188.01
3081 , 16117 , 78.38 , -78.3 , 16 , 10.79 , 16.221 , 2.069 , 105.04 , 186.96
3091 , 16165 , 77.73 , -78.2 , 16 , 10.72 , 16.695 , 2.148 , 106.13 , 185.86
3100 , 16213 , 77.08 , -78.3 , 16 , 10.67 , 17.154 , 2.226 , 107.25 , 184.74
3110 , 16260 , 76.45 , -78.3 , 16 , 10.60 , 17.487 , 2.288 , 108.38 , 183.62
3120 , 16309 , 75.78 , -78.0 , 16 , 10.54 , 17.789 , 2.347 , 109.59 , 182.40
3130 , 16358 , 75.14 , -78.1 , 16 , 10.47 , 17.959 , 2.390 , 110.80 , 181.20
3140 , 16409 , 74.47 , -78.2 , 16 , 10.41 , 18.093 , 2.430 , 112.07 , 179.92
3150 , 16459 , 73.82 , -78.6 , 16 , 10.34 , 18.157 , 2.460 , 113.32 , 178.67
3160 , 16509 , 73.17 , -78.7 , 16 , 10.28 , 18.078 , 2.471 , 114.58 , 177.41
3170 , 16558 , 72.55 , -78.4 , 16 , 10.22 , 17.908 , 2.469 , 115.80 , 176.20
3180 , 16606 , 71.94 , -78.6 , 16 , 10.16 , 17.633 , 2.451 , 116.98 , 175.01
3190 , 16657 , 71.30 , -78.8 , 16 , 10.09 , 17.342 , 2.432 , 118.20 , 173.79
3200 , 16706 , 70.69 , -78.9 , 16 , 10.03 , 16.957 , 2.399 , 119.38 , 172.61
3210 , 16754 , 70.09 , -78.8 , 16 , 9.97 , 16.694 , 2.382 , 120.50 , 171.49
3220 , 16801 , 69.52 , -78.7 , 16 , 9.92 , 16.599 , 2.388 , 121.57 , 170.42
3230 , 16846 , 68.97 , -78.7 , 16 , 9.87 , 16.518 , 2.395 , 122.62 , 169.37
3240 , 16893 , 68.41 , -78.5 , 16 , 9.82 , 16.317 , 2.385 , 123.68 , 168.31
3250 , 16936 , 67.89 , -78.5 , 16 , 9.76 , 16.202 , 2.387 , 124.65 , 167.34
3260 , 16980 , 67.36 , -78.8 , 16 , 9.72 , 15.996 , 2.375 , 125.64 , 166.36
3270 , 17026 , 66.82 , -78.9 , 16 , 9.67 , 15.947 , 2.387 , 126.66 , 165.33
3280 , 17075 , 66.25 , -79.0 , 16 , 9.63 , 15.934 , 2.405 , 127.74 , 164.25
3290 , 17128 , 65.63 , -79.4 , 16 , 9.58 , 15.898 , 2.422 , 128.92 , 163.07
3300 , 17179 , 65.04 , -79.8 , 16 , 9.54 , 15.658 , 2.407 , 130.04 , 161.95
3310 , 17227 , 64.49 , -80.1 , 16 , 9.49 , 15.573 , 2.415 , 131.09 , 160.90
3320 , 17274 , 63.96 , -80.3 , 16 , 9.44 , 15.428 , 2.412 , 132.09 , 159.90
3330 , 17321 , 63.43 , -80.2 , 16 , 9.40 , 15.467 , 2.438 , 133.11 , 158.89
3339 , 17365 , 62.94 , -80.2 , 16 , 9.36 , 15.640 , 2.485 , 134.06 , 157.93
3349 , 17409 , 62.44 , -80.4 , 16 , 9.31 , 15.866 , 2.541 , 135.05 , 156.94
3359 , 17456 , 61.93 , -80.5 , 16 , 9.26 , 15.992 , 2.582 , 136.09 , 155.90
3369 , 17504 , 61.41 , -80.4 , 16 , 9.21 , 16.217 , 2.641 , 137.16 , 154.83
3379 , 17549 , 60.92 , -80.4 , 16 , 9.16 , 16.366 , 2.687 , 138.20 , 153.79
3389 , 17595 , 60.42 , -80.5 , 16 , 9.10 , 16.530 , 2.736 , 139.26 , 152.73
3399 , 17642 , 59.92 , -80.3 , 16 , 9.05 , 16.626 , 2.775 , 140.35 , 151.64
3409 , 17686 , 59.46 , -80.1 , 16 , 9.00 , 16.735 , 2.815 , 141.37 , 150.62
3419 , 17729 , 59.01 , -80.1 , 16 , 8.95 , 16.792 , 2.846 , 142.37 , 149.62
3429 , 17773 , 58.55 , -80.3 , 16 , 8.89 , 16.815 , 2.872 , 143.41 , 148.59
3439 , 17819 , 58.07 , -80.6 , 16 , 8.84 , 16.839 , 2.900 , 144.49 , 147.50
3448 , 17862 , 57.63 , -80.8 , 16 , 8.78 , 16.758 , 2.908 , 145.50 , 146.49
3458 , 17904 , 57.21 , -80.5 , 16 , 8.73 , 16.617 , 2.905 , 146.47 , 145.52
3468 , 17948 , 56.76 , -80.4 , 17 , 8.67 , 16.460 , 2.900 , 147.50 , 144.49
3478 , 17990 , 56.34 , -80.3 , 17 , 8.62 , 16.303 , 2.894 , 148.47 , 143.52
3488 , 18033 , 55.91 , -80.2 , 17 , 8.56 , 16.243 , 2.905 , 149.45 , 142.55
3498 , 18076 , 55.49 , -80.1 , 17 , 8.51 , 16.190 , 2.918 , 150.41 , 141.58
3508 , 18121 , 55.05 , -80.1 , 17 , 8.45 , 16.224 , 2.947 , 151.44 , 140.55
3518 , 18164 , 54.63 , -80.0 , 17 , 8.39 , 16.181 , 2.962 , 152.42 , 139.57
3528 , 18206 , 54.23 , -80.2 , 17 , 8.34 , 16.164 , 2.981 , 153.35 , 138.64
3538 , 18248 , 53.82 , -80.3 , 17 , 8.28 , 16.122 , 2.995 , 154.30 , 137.69
3548 , 18289 , 53.44 , -80.3 , 17 , 8.22 , 15.976 , 2.990 , 155.22 , 136.78
3558 , 18331 , 53.04 , -80.4 , 17 , 8.16 , 15.831 , 2.985 , 156.16 , 135.84
3568 , 18373 , 52.64 , -80.3 , 17 , 8.11 , 15.674 , 2.977 , 157.09 , 134.90
3578 , 18416 , 52.24 , -80.2 , 17 , 8.05 , 15.482 , 2.964 , 158.03 , 133.96
3588 , 18459 , 51.85 , -80.2 , 17 , 7.99 , 15.269 , 2.945 , 158.94 , 133.05
3598 , 18502 , 51.46 , -80.3 , 17 , 7.93 , 15.073 , 2.929 , 159.85 , 132.14
3608 , 18545 , 51.06 , -80.6 , 17 , 7.87 , 14.875 , 2.913 , 160.77 , 131.23
3617 , 18588 , 50.67 , -80.9 , 17 , 7.82 , 14.731 , 2.907 , 161.66 , 130.33
3627 , 18630 , 50.30 , -80.7 , 17 , 7.76 , 14.607 , 2.904 , 162.52 , 129.47
3637 , 18675 , 49.90 , -80.3 , 17 , 7.70 , 14.542 , 2.914 , 163.44 , 128.56
3647 , 18722 , 49.49 , -80.4 , 17 , 7.64 , 14.519 , 2.934 , 164.38 , 127.61
3657 , 18769 , 49.07 , -80.6 , 17 , 7.58 , 14.510 , 2.957 , 165.35 , 126.65
3667 , 18818 , 48.65 , -80.8 , 17 , 7.52 , 14.434 , 2.967 , 166.33 , 125.67
3677 , 18864 , 48.25 , -80.7 , 17 , 7.46 , 14.403 , 2.985 , 167.27 , 124.72
3687 , 18910 , 47.86 , -80.3 , 17 , 7.41 , 14.357 , 3.000 , 168.19 , 123.80
3697 , 18959 , 47.45 , -80.3 , 17 , 7.35 , 14.310 , 3.016 , 169.17 , 122.82
3707 , 19007 , 47.05 , -80.5 , 17 , 7.30 , 14.293 , 3.038 , 170.13 , 121.86
3717 , 19053 , 46.66 , -80.5 , 17 , 7.25 , 14.286 , 3.062 , 171.06 , 120.93
3727 , 19101 , 46.27 , -80.5 , 17 , 7.20 , 14.242 , 3.078 , 172.01 , 119.98
3737 , 19150 , 45.87 , -80.4 , 17 , 7.15 , 14.151 , 3.085 , 172.99 , 119.00
3747 , 19197 , 45.49 , -80.5 , 17 , 7.09 , 14.069 , 3.093 , 173.91 , 118.08
3757 , 19241 , 45.14 , -80.6 , 17 , 7.03 , 14.014 , 3.105 , 174.77 , 117.22
3767 , 19284 , 44.79 , -80.5 , 17 , 6.97 , 13.915 , 3.106 , 175.61 , 116.38
3777 , 19325 , 44.46 , -80.5 , 17 , 6.91 , 13.787 , 3.101 , 176.42 , 115.58
3787 , 19368 , 44.13 , -80.7 , 17 , 6.85 , 13.711 , 3.107 , 177.24 , 114.76
3796 , 19407 , 43.82 , -80.5 , 16 , 6.79 , 13.680 , 3.122 , 177.99 , 114.00
3806 , 19447 , 43.51 , -80.4 , 16 , 6.73 , 13.578 , 3.120 , 178.75 , 113.24
3816 , 19489 , 43.19 , -80.1 , 16 , 6.66 , 13.546 , 3.136 , 179.54 , 112.45
3826 , 19529 , 42.89 , -80.2 , 16 , 6.60 , 13.476 , 3.142 , 180.29 , 111.70
3836 , 19570 , 42.58 , -80.5 , 16 , 6.54 , 13.444 , 3.158 , 181.07 , 110.92
3846 , 19612 , 42.26 , -80.8 , 16 , 6.49 , 13.348 , 3.158 , 181.86 , 110.13
3856 , 19652 , 41.96 , -80.5 , 16 , 6.44 , 13.303 , 3.170 , 182.60 , 109.39
3866 , 19694 , 41.65 , -80.2 , 16 , 6.39 , 13.280 , 3.188 , 183.38 , 108.61
3876 , 19735 , 41.35 , -80.1 , 16 , 6.34 , 13.286 , 3.213 , 184.14 , 107.85
3886 , 19779 , 41.03 , -80.2 , 16 , 6.30 , 13.263 , 3.233 , 184.97 , 107.03
3896 , 19825 , 40.70 , -80.2 , 16 , 6.26 , 13.270 , 3.261 , 185.81 , 106.18
3905 , 19866 , 40.40 , -80.3 , 16 , 6.21 , 13.251 , 3.280 , 186.58 , 105.41
3915 , 19909 , 40.09 , -80.5 , 16 , 6.17 , 13.184 , 3.288 , 187.37 , 104.62
3925 , 19955 , 39.77 , -80.6 , 16 , 6.12 , 13.166 , 3.311 , 188.21 , 103.78
3935 , 20006 , 39.41 , -81.0 , 16 , 6.07 , 13.156 , 3.338 , 189.16 , 102.83
3945 , 20055 , 39.07 , -81.5 , 16 , 6.01 , 13.104 , 3.354 , 190.07 , 101.93
3955 , 20103 , 38.74 , -81.9 , 16 , 5.95 , 12.987 , 3.353 , 190.94 , 101.05
3965 , 20155 , 38.38 , -82.2 , 16 , 5.89 , 12.878 , 3.355 , 191.89 , 100.11
3975 , 20205 , 38.04 , -82.1 , 15 , 5.83 , 12.833 , 3.374 , 192.79 , 99.20
3985 , 20255 , 37.70 , -82.1 , 15 , 5.76 , 12.721 , 3.375 , 193.70 , 98.29
3995 , 20305 , 37.36 , -82.1 , 15 , 5.69 , 12.681 , 3.394 , 194.60 , 97.39
4005 , 20357 , 37.01 , -82.1 , 15 , 5.63 , 12.565 , 3.395 , 195.53 , 96.46
4015 , 20404 , 36.70 , -82.3 , 15 , 5.56 , 12.389 , 3.376 , 196.36 , 95.63
4025 , 20452 , 36.39 , -82.0 , 15 , 5.50 , 12.272 , 3.373 , 197.20 , 94.79
4035 , 20503 , 36.06 , -82.1 , 15 , 5.43 , 12.039 , 3.339 , 198.07 , 93.93
4045 , 20551 , 35.75 , -82.3 , 15 , 5.36 , 11.861 , 3.317 , 198.87 , 93.12
4055 , 20600 , 35.44 , -82.4 , 15 , 5.30 , 11.714 , 3.305 , 199.69 , 92.30
4064 , 20646 , 35.15 , -82.4 , 15 , 5.23 , 11.576 , 3.293 , 200.45 , 91.54
4074 , 20691 , 34.87 , -82.5 , 15 , 5.17 , 11.448 , 3.283 , 201.19 , 90.81
4084 , 20739 , 34.57 , -82.5 , 15 , 5.10 , 11.286 , 3.265 , 201.94 , 90.05
4094 , 20784 , 34.29 , -82.5 , 15 , 5.04 , 11.135 , 3.247 , 202.67 , 89.32
4104 , 20830 , 34.01 , -82.6 , 15 , 4.97 , 11.081 , 3.258 , 203.39 , 88.60
4114 , 20877 , 33.72 , -82.7 , 15 , 4.91 , 11.133 , 3.301 , 204.13 , 87.86
