# ------------------------------------------------------------
#
# Flight name: V1714
# Station: Davis
# Launch Date: 28 August 2014
# Launch Time: 11:17:46
# 
# This file created: Fri Aug 29 09:54:40 2014
# 
# 
# ------------------------------------------------------------
# DATA COLUMNS
# Time (s)
# Height (m)
# Atmospheric Pressure (hPa)
# Atmospheric Temperature (°C)
# Relative Humidity (%)
# Box Temperature (°C)
# Ozone Partial Pressure (mPa)
# Ozone Mixing Ratio (ppmV)
# Accumulated Ozone to this Height (Dobson Units)
# Remaining Ozone above this Height (Dobson Units)
# 
# ------------------------------------------------------------
# 
# Integrated Ozone = 180.9 DU
# Extrapolated Ozone =  43.0 DU
# 
# Total Ozone = 223.9 DU
# 
# 
# ------------------------------------------------------------
0 , 18 , 986.10 , -16.3 , 49 , 34.18 , 3.005 , 0.030 , 0.00 , 223.90
10 , 50 , 981.85 , -15.4 , 49 , 34.18 , 3.071 , 0.031 , 0.10 , 223.80
20 , 90 , 976.65 , -15.7 , 50 , 34.15 , 3.073 , 0.031 , 0.23 , 223.67
30 , 136 , 970.77 , -16.1 , 52 , 34.13 , 3.086 , 0.032 , 0.38 , 223.52
40 , 183 , 964.70 , -16.5 , 53 , 34.10 , 3.093 , 0.032 , 0.53 , 223.37
50 , 228 , 958.88 , -16.9 , 55 , 34.04 , 3.091 , 0.032 , 0.68 , 223.22
60 , 272 , 953.29 , -17.2 , 57 , 34.00 , 3.106 , 0.033 , 0.82 , 223.08
70 , 323 , 946.85 , -17.6 , 58 , 33.98 , 3.102 , 0.033 , 0.99 , 222.91
80 , 372 , 940.62 , -17.8 , 60 , 33.96 , 3.069 , 0.033 , 1.15 , 222.75
89 , 418 , 934.90 , -18.1 , 62 , 33.89 , 3.081 , 0.033 , 1.30 , 222.60
99 , 463 , 929.30 , -18.5 , 64 , 33.84 , 3.042 , 0.033 , 1.44 , 222.46
109 , 514 , 922.97 , -18.6 , 66 , 33.74 , 3.036 , 0.033 , 1.61 , 222.29
119 , 566 , 916.56 , -18.9 , 69 , 33.65 , 3.035 , 0.033 , 1.77 , 222.13
129 , 621 , 909.70 , -19.2 , 66 , 33.59 , 3.029 , 0.033 , 1.95 , 221.95
139 , 675 , 903.19 , -19.6 , 66 , 33.51 , 2.996 , 0.033 , 2.12 , 221.78
149 , 729 , 896.56 , -20.0 , 66 , 33.41 , 2.982 , 0.033 , 2.30 , 221.60
159 , 786 , 889.71 , -20.4 , 65 , 33.32 , 2.962 , 0.033 , 2.48 , 221.42
169 , 839 , 883.42 , -20.8 , 66 , 33.21 , 2.950 , 0.033 , 2.64 , 221.26
179 , 894 , 876.78 , -21.2 , 73 , 33.14 , 2.948 , 0.034 , 2.82 , 221.08
189 , 951 , 870.10 , -21.5 , 78 , 33.10 , 2.886 , 0.033 , 3.00 , 220.91
199 , 1001 , 864.14 , -21.5 , 78 , 32.98 , 2.868 , 0.033 , 3.15 , 220.75
209 , 1053 , 858.15 , -21.5 , 81 , 32.84 , 2.862 , 0.033 , 3.31 , 220.59
219 , 1100 , 852.60 , -21.8 , 84 , 32.70 , 2.841 , 0.033 , 3.45 , 220.45
229 , 1154 , 846.40 , -22.3 , 87 , 32.56 , 2.826 , 0.033 , 3.62 , 220.28
239 , 1207 , 840.34 , -22.9 , 91 , 32.54 , 2.801 , 0.033 , 3.78 , 220.12
249 , 1259 , 834.33 , -23.3 , 94 , 32.49 , 2.762 , 0.033 , 3.93 , 219.97
259 , 1315 , 827.98 , -23.8 , 95 , 32.44 , 2.765 , 0.033 , 4.10 , 219.80
269 , 1367 , 822.12 , -24.3 , 95 , 32.38 , 2.737 , 0.033 , 4.26 , 219.65
279 , 1417 , 816.51 , -24.6 , 95 , 32.31 , 2.734 , 0.033 , 4.40 , 219.50
289 , 1467 , 810.88 , -24.3 , 89 , 32.22 , 2.711 , 0.033 , 4.55 , 219.35
299 , 1523 , 804.74 , -24.5 , 82 , 32.10 , 2.672 , 0.033 , 4.71 , 219.19
309 , 1577 , 798.72 , -24.8 , 80 , 32.01 , 2.679 , 0.034 , 4.87 , 219.03
319 , 1631 , 792.89 , -24.8 , 79 , 31.94 , 2.620 , 0.033 , 5.03 , 218.88
329 , 1681 , 787.37 , -24.8 , 75 , 31.83 , 2.604 , 0.033 , 5.17 , 218.73
339 , 1734 , 781.67 , -24.8 , 72 , 31.73 , 2.600 , 0.033 , 5.32 , 218.58
349 , 1785 , 776.21 , -25.0 , 69 , 31.59 , 2.597 , 0.033 , 5.46 , 218.44
359 , 1839 , 770.46 , -25.4 , 67 , 31.49 , 2.586 , 0.034 , 5.61 , 218.29
368 , 1888 , 765.28 , -25.8 , 66 , 31.40 , 2.582 , 0.034 , 5.75 , 218.15
378 , 1937 , 760.15 , -26.0 , 67 , 31.34 , 2.565 , 0.034 , 5.89 , 218.01
388 , 1991 , 754.47 , -24.9 , 62 , 31.31 , 2.565 , 0.034 , 6.04 , 217.86
397 , 2045 , 748.94 , -23.4 , 48 , 31.26 , 2.550 , 0.034 , 6.19 , 217.71
407 , 2091 , 744.25 , -22.5 , 36 , 31.18 , 2.561 , 0.034 , 6.32 , 217.59
417 , 2141 , 739.15 , -22.4 , 31 , 31.11 , 2.575 , 0.035 , 6.45 , 217.45
427 , 2196 , 733.63 , -22.7 , 26 , 31.04 , 2.574 , 0.035 , 6.61 , 217.29
437 , 2252 , 728.11 , -22.7 , 15 , 30.96 , 2.567 , 0.035 , 6.76 , 217.14
447 , 2305 , 722.79 , -22.8 , 11 , 30.87 , 2.580 , 0.036 , 6.91 , 216.99
457 , 2361 , 717.33 , -23.1 , 9 , 30.84 , 2.589 , 0.036 , 7.06 , 216.84
467 , 2414 , 712.14 , -23.4 , 8 , 30.79 , 2.585 , 0.036 , 7.21 , 216.69
477 , 2465 , 707.17 , -23.6 , 6 , 30.72 , 2.599 , 0.037 , 7.36 , 216.55
487 , 2517 , 702.13 , -23.7 , 6 , 30.63 , 2.603 , 0.037 , 7.50 , 216.40
497 , 2570 , 697.12 , -23.9 , 9 , 30.63 , 2.562 , 0.037 , 7.65 , 216.25
507 , 2620 , 692.28 , -24.3 , 11 , 30.60 , 2.534 , 0.037 , 7.79 , 216.11
516 , 2676 , 687.02 , -24.8 , 12 , 30.52 , 2.485 , 0.036 , 7.94 , 215.96
526 , 2727 , 682.21 , -25.2 , 13 , 30.45 , 2.487 , 0.036 , 8.08 , 215.82
536 , 2777 , 677.52 , -25.5 , 13 , 30.43 , 2.472 , 0.036 , 8.21 , 215.69
546 , 2830 , 672.60 , -25.6 , 11 , 30.38 , 2.446 , 0.036 , 8.35 , 215.55
556 , 2883 , 667.66 , -26.1 , 10 , 30.29 , 2.436 , 0.036 , 8.50 , 215.41
566 , 2936 , 662.81 , -26.5 , 9 , 30.19 , 2.417 , 0.036 , 8.64 , 215.27
576 , 2988 , 658.07 , -26.8 , 9 , 30.14 , 2.405 , 0.037 , 8.77 , 215.13
586 , 3040 , 653.35 , -26.9 , 11 , 30.09 , 2.376 , 0.036 , 8.91 , 214.99
596 , 3087 , 649.03 , -27.1 , 13 , 30.01 , 2.343 , 0.036 , 9.03 , 214.87
606 , 3137 , 644.56 , -27.0 , 12 , 29.96 , 2.301 , 0.036 , 9.16 , 214.74
616 , 3184 , 640.35 , -27.0 , 12 , 29.93 , 2.279 , 0.036 , 9.28 , 214.62
626 , 3244 , 635.04 , -27.4 , 13 , 29.88 , 2.248 , 0.035 , 9.42 , 214.48
636 , 3294 , 630.64 , -27.7 , 15 , 29.86 , 2.245 , 0.036 , 9.55 , 214.35
646 , 3344 , 626.32 , -27.8 , 19 , 29.82 , 2.246 , 0.036 , 9.67 , 214.23
656 , 3393 , 622.03 , -28.3 , 21 , 29.77 , 2.255 , 0.036 , 9.79 , 214.11
666 , 3448 , 617.27 , -28.8 , 24 , 29.69 , 2.246 , 0.036 , 9.93 , 213.97
676 , 3503 , 612.58 , -29.2 , 25 , 29.62 , 2.267 , 0.037 , 10.06 , 213.84
686 , 3560 , 607.68 , -29.7 , 26 , 29.56 , 2.258 , 0.037 , 10.21 , 213.69
696 , 3616 , 602.91 , -30.1 , 28 , 29.54 , 2.246 , 0.037 , 10.35 , 213.55
705 , 3668 , 598.52 , -30.2 , 28 , 29.49 , 2.230 , 0.037 , 10.48 , 213.42
715 , 3722 , 593.95 , -30.2 , 27 , 29.40 , 2.231 , 0.038 , 10.61 , 213.29
725 , 3779 , 589.23 , -30.5 , 24 , 29.30 , 2.231 , 0.038 , 10.75 , 213.15
735 , 3840 , 584.22 , -30.8 , 22 , 29.22 , 2.220 , 0.038 , 10.90 , 213.00
745 , 3889 , 580.19 , -31.1 , 21 , 29.13 , 2.203 , 0.038 , 11.02 , 212.88
754 , 3939 , 576.07 , -31.4 , 20 , 29.08 , 2.184 , 0.038 , 11.15 , 212.75
765 , 3995 , 571.51 , -31.7 , 15 , 29.04 , 2.138 , 0.037 , 11.28 , 212.62
775 , 4055 , 566.72 , -32.0 , 8 , 28.98 , 2.103 , 0.037 , 11.42 , 212.48
785 , 4108 , 562.48 , -32.1 , 10 , 28.95 , 2.114 , 0.038 , 11.55 , 212.35
795 , 4161 , 558.29 , -32.1 , 9 , 28.91 , 2.149 , 0.038 , 11.67 , 212.23
805 , 4218 , 553.74 , -32.4 , 7 , 28.85 , 2.137 , 0.039 , 11.81 , 212.09
815 , 4275 , 549.33 , -32.9 , 7 , 28.79 , 2.089 , 0.038 , 11.95 , 211.96
825 , 4325 , 545.37 , -33.3 , 7 , 28.73 , 2.072 , 0.038 , 12.06 , 211.84
835 , 4387 , 540.61 , -33.7 , 7 , 28.72 , 2.049 , 0.038 , 12.21 , 211.69
845 , 4442 , 536.37 , -34.2 , 7 , 28.68 , 2.016 , 0.038 , 12.33 , 211.57
855 , 4508 , 531.35 , -34.8 , 8 , 28.60 , 1.985 , 0.037 , 12.48 , 211.42
865 , 4562 , 527.25 , -35.3 , 8 , 28.55 , 1.961 , 0.037 , 12.60 , 211.30
875 , 4631 , 522.03 , -35.7 , 8 , 28.51 , 1.919 , 0.037 , 12.75 , 211.15
885 , 4700 , 516.87 , -36.3 , 9 , 28.46 , 1.911 , 0.037 , 12.90 , 211.00
895 , 4765 , 512.05 , -36.9 , 9 , 28.44 , 1.885 , 0.037 , 13.04 , 210.86
905 , 4825 , 507.62 , -37.2 , 9 , 28.39 , 1.871 , 0.037 , 13.17 , 210.73
915 , 4887 , 503.04 , -37.7 , 10 , 28.36 , 1.851 , 0.037 , 13.31 , 210.59
925 , 4948 , 498.63 , -38.1 , 10 , 28.31 , 1.829 , 0.037 , 13.43 , 210.47
935 , 5019 , 493.54 , -38.5 , 9 , 28.28 , 1.801 , 0.036 , 13.58 , 210.32
945 , 5091 , 488.35 , -39.0 , 9 , 28.25 , 1.775 , 0.036 , 13.73 , 210.17
955 , 5159 , 483.54 , -39.4 , 8 , 28.22 , 1.743 , 0.036 , 13.87 , 210.03
965 , 5224 , 478.98 , -40.0 , 8 , 28.18 , 1.734 , 0.036 , 14.00 , 209.90
974 , 5284 , 474.79 , -40.4 , 9 , 28.13 , 1.715 , 0.036 , 14.12 , 209.78
984 , 5347 , 470.41 , -40.9 , 10 , 28.08 , 1.714 , 0.036 , 14.24 , 209.66
994 , 5424 , 465.07 , -41.5 , 11 , 28.03 , 1.685 , 0.036 , 14.40 , 209.50
1004 , 5493 , 460.34 , -42.1 , 13 , 27.98 , 1.666 , 0.036 , 14.53 , 209.37
1014 , 5561 , 455.77 , -42.7 , 13 , 27.93 , 1.652 , 0.036 , 14.66 , 209.24
1023 , 5626 , 451.38 , -43.3 , 14 , 27.87 , 1.640 , 0.036 , 14.79 , 209.11
1033 , 5694 , 446.85 , -43.9 , 15 , 27.82 , 1.621 , 0.036 , 14.92 , 208.98
1043 , 5756 , 442.75 , -44.3 , 15 , 27.73 , 1.605 , 0.036 , 15.03 , 208.87
1053 , 5817 , 438.73 , -44.8 , 15 , 27.70 , 1.608 , 0.037 , 15.15 , 208.75
1063 , 5877 , 434.77 , -45.2 , 16 , 27.66 , 1.646 , 0.038 , 15.27 , 208.63
1073 , 5943 , 430.49 , -45.7 , 15 , 27.58 , 1.650 , 0.038 , 15.40 , 208.51
1083 , 6010 , 426.16 , -46.2 , 15 , 27.48 , 1.638 , 0.038 , 15.53 , 208.37
1093 , 6072 , 422.19 , -46.6 , 14 , 27.44 , 1.631 , 0.039 , 15.65 , 208.25
1103 , 6137 , 418.10 , -47.0 , 15 , 27.39 , 1.617 , 0.039 , 15.77 , 208.13
1113 , 6205 , 413.81 , -47.4 , 15 , 27.34 , 1.623 , 0.039 , 15.90 , 208.00
1122 , 6268 , 409.88 , -47.9 , 14 , 27.27 , 1.631 , 0.040 , 16.03 , 207.87
1132 , 6329 , 406.13 , -48.4 , 15 , 27.18 , 1.625 , 0.040 , 16.14 , 207.76
1142 , 6397 , 401.96 , -48.9 , 15 , 27.08 , 1.608 , 0.040 , 16.28 , 207.62
1152 , 6464 , 397.86 , -49.1 , 16 , 27.00 , 1.617 , 0.041 , 16.41 , 207.49
1162 , 6533 , 393.69 , -49.6 , 16 , 26.92 , 1.627 , 0.041 , 16.54 , 207.36
1172 , 6603 , 389.47 , -50.1 , 14 , 26.83 , 1.603 , 0.041 , 16.68 , 207.22
1182 , 6671 , 385.45 , -50.5 , 11 , 26.76 , 1.563 , 0.041 , 16.81 , 207.09
1192 , 6739 , 381.46 , -51.1 , 10 , 26.70 , 1.536 , 0.040 , 16.94 , 206.97
1202 , 6802 , 377.78 , -51.6 , 12 , 26.66 , 1.525 , 0.040 , 17.05 , 206.85
1212 , 6865 , 374.10 , -52.1 , 16 , 26.63 , 1.519 , 0.041 , 17.17 , 206.73
1222 , 6929 , 370.44 , -52.6 , 20 , 26.59 , 1.522 , 0.041 , 17.29 , 206.61
1232 , 7000 , 366.39 , -53.1 , 24 , 26.54 , 1.542 , 0.042 , 17.42 , 206.48
1242 , 7069 , 362.46 , -53.7 , 27 , 26.49 , 1.521 , 0.042 , 17.55 , 206.35
1252 , 7134 , 358.77 , -54.2 , 30 , 26.45 , 1.507 , 0.042 , 17.67 , 206.23
1262 , 7197 , 355.28 , -54.6 , 33 , 26.41 , 1.484 , 0.042 , 17.79 , 206.11
1272 , 7262 , 351.67 , -55.2 , 35 , 26.34 , 1.445 , 0.041 , 17.91 , 205.99
1282 , 7331 , 347.89 , -55.7 , 38 , 26.29 , 1.409 , 0.040 , 18.03 , 205.87
1292 , 7389 , 344.74 , -56.1 , 39 , 26.23 , 1.376 , 0.040 , 18.13 , 205.77
1302 , 7459 , 340.94 , -56.6 , 39 , 26.18 , 1.348 , 0.040 , 18.25 , 205.65
1312 , 7529 , 337.19 , -57.0 , 39 , 26.12 , 1.331 , 0.039 , 18.37 , 205.54
1322 , 7598 , 333.56 , -57.5 , 40 , 26.05 , 1.311 , 0.039 , 18.48 , 205.42
1331 , 7666 , 329.98 , -58.0 , 40 , 26.00 , 1.290 , 0.039 , 18.59 , 205.31
1341 , 7724 , 326.93 , -58.4 , 40 , 25.93 , 1.283 , 0.039 , 18.68 , 205.22
1351 , 7792 , 323.42 , -58.8 , 40 , 25.87 , 1.280 , 0.040 , 18.79 , 205.11
1361 , 7850 , 320.43 , -59.2 , 40 , 25.81 , 1.240 , 0.039 , 18.88 , 205.02
1371 , 7912 , 317.27 , -59.7 , 41 , 25.75 , 1.222 , 0.039 , 18.98 , 204.92
1381 , 7972 , 314.26 , -60.1 , 40 , 25.70 , 1.221 , 0.039 , 19.07 , 204.83
1391 , 8031 , 311.28 , -60.6 , 39 , 25.64 , 1.239 , 0.040 , 19.17 , 204.74
1401 , 8101 , 307.80 , -61.2 , 39 , 25.58 , 1.242 , 0.040 , 19.28 , 204.63
1411 , 8171 , 304.33 , -61.8 , 39 , 25.51 , 1.221 , 0.040 , 19.39 , 204.52
1421 , 8230 , 301.44 , -62.4 , 40 , 25.45 , 1.201 , 0.040 , 19.48 , 204.42
1431 , 8302 , 297.95 , -63.0 , 41 , 25.40 , 1.174 , 0.039 , 19.59 , 204.32
1441 , 8367 , 294.81 , -63.5 , 43 , 25.34 , 1.161 , 0.039 , 19.68 , 204.22
1451 , 8437 , 291.45 , -64.1 , 43 , 25.27 , 1.139 , 0.039 , 19.79 , 204.11
1461 , 8495 , 288.71 , -64.4 , 44 , 25.20 , 1.135 , 0.039 , 19.87 , 204.03
1471 , 8557 , 285.78 , -64.5 , 43 , 25.14 , 1.165 , 0.041 , 19.96 , 203.94
1481 , 8633 , 282.27 , -64.9 , 41 , 25.07 , 1.169 , 0.041 , 20.08 , 203.82
1491 , 8701 , 279.13 , -65.4 , 39 , 25.01 , 1.167 , 0.042 , 20.18 , 203.72
1501 , 8755 , 276.63 , -65.9 , 37 , 24.95 , 1.169 , 0.042 , 20.26 , 203.64
1511 , 8814 , 273.97 , -66.2 , 35 , 24.90 , 1.161 , 0.042 , 20.35 , 203.55
1521 , 8877 , 271.14 , -66.4 , 34 , 24.84 , 1.140 , 0.042 , 20.45 , 203.45
1531 , 8940 , 268.34 , -66.9 , 33 , 24.78 , 1.117 , 0.042 , 20.54 , 203.36
1541 , 8998 , 265.77 , -67.4 , 33 , 24.71 , 1.091 , 0.041 , 20.62 , 203.28
1551 , 9049 , 263.53 , -67.5 , 34 , 24.66 , 1.059 , 0.040 , 20.70 , 203.20
1561 , 9105 , 261.06 , -67.6 , 33 , 24.61 , 1.020 , 0.039 , 20.77 , 203.13
1571 , 9164 , 258.50 , -68.0 , 31 , 24.55 , 0.984 , 0.038 , 20.85 , 203.05
1581 , 9212 , 256.48 , -68.3 , 30 , 24.49 , 0.976 , 0.038 , 20.91 , 202.99
1591 , 9273 , 253.88 , -68.7 , 29 , 24.42 , 0.957 , 0.038 , 20.99 , 202.91
1601 , 9329 , 251.49 , -69.2 , 29 , 24.36 , 0.960 , 0.038 , 21.06 , 202.84
1611 , 9382 , 249.26 , -69.5 , 28 , 24.31 , 1.029 , 0.041 , 21.13 , 202.77
1621 , 9438 , 246.92 , -69.7 , 27 , 24.26 , 1.177 , 0.048 , 21.21 , 202.69
1631 , 9503 , 244.28 , -69.9 , 26 , 24.20 , 1.379 , 0.056 , 21.32 , 202.58
1640 , 9553 , 242.21 , -69.9 , 25 , 24.15 , 1.739 , 0.072 , 21.43 , 202.47
1650 , 9608 , 239.99 , -70.0 , 24 , 24.10 , 2.095 , 0.087 , 21.57 , 202.34
1660 , 9668 , 237.59 , -69.8 , 23 , 24.04 , 2.431 , 0.102 , 21.75 , 202.16
1670 , 9728 , 235.19 , -69.8 , 22 , 23.99 , 2.595 , 0.110 , 21.95 , 201.95
1680 , 9799 , 232.40 , -69.9 , 21 , 23.93 , 2.734 , 0.118 , 22.20 , 201.70
1690 , 9860 , 230.02 , -70.1 , 20 , 23.86 , 2.960 , 0.129 , 22.43 , 201.47
1700 , 9942 , 226.87 , -70.7 , 20 , 23.80 , 3.155 , 0.139 , 22.76 , 201.14
1710 , 10003 , 224.54 , -70.9 , 19 , 23.73 , 3.479 , 0.155 , 23.03 , 200.87
1720 , 10056 , 222.55 , -71.1 , 19 , 23.67 , 3.788 , 0.170 , 23.29 , 200.61
1730 , 10115 , 220.33 , -71.4 , 18 , 23.61 , 3.996 , 0.181 , 23.60 , 200.31
1740 , 10184 , 217.78 , -71.7 , 18 , 23.55 , 4.123 , 0.189 , 23.97 , 199.93
1750 , 10237 , 215.82 , -72.0 , 18 , 23.50 , 4.238 , 0.196 , 24.27 , 199.64
1760 , 10287 , 214.00 , -72.0 , 18 , 23.44 , 4.333 , 0.202 , 24.55 , 199.35
1770 , 10335 , 212.27 , -72.0 , 17 , 23.38 , 4.468 , 0.210 , 24.83 , 199.07
1780 , 10380 , 210.66 , -72.0 , 17 , 23.32 , 4.686 , 0.222 , 25.11 , 198.79
1790 , 10416 , 209.36 , -71.8 , 17 , 23.26 , 4.800 , 0.229 , 25.34 , 198.56
1800 , 10450 , 208.14 , -71.7 , 16 , 23.21 , 4.809 , 0.231 , 25.56 , 198.34
1810 , 10483 , 207.01 , -71.8 , 16 , 23.15 , 4.837 , 0.234 , 25.77 , 198.13
1820 , 10513 , 205.96 , -72.0 , 16 , 23.09 , 4.889 , 0.237 , 25.97 , 197.94
1830 , 10541 , 204.96 , -72.0 , 15 , 23.04 , 4.941 , 0.241 , 26.15 , 197.75
1840 , 10570 , 203.95 , -72.0 , 15 , 22.98 , 4.991 , 0.245 , 26.35 , 197.55
1850 , 10614 , 202.45 , -71.5 , 15 , 22.92 , 5.033 , 0.249 , 26.64 , 197.26
1860 , 10646 , 201.35 , -71.7 , 14 , 22.87 , 5.089 , 0.253 , 26.86 , 197.04
1870 , 10675 , 200.37 , -71.7 , 14 , 22.81 , 5.157 , 0.257 , 27.06 , 196.85
1880 , 10704 , 199.36 , -71.5 , 14 , 22.75 , 5.286 , 0.265 , 27.26 , 196.64
1890 , 10740 , 198.18 , -71.5 , 13 , 22.69 , 5.439 , 0.274 , 27.51 , 196.39
1900 , 10784 , 196.71 , -71.5 , 13 , 22.63 , 5.498 , 0.279 , 27.84 , 196.07
1910 , 10824 , 195.35 , -71.5 , 13 , 22.57 , 5.499 , 0.281 , 28.14 , 195.77
1920 , 10864 , 194.03 , -71.7 , 12 , 22.51 , 5.390 , 0.278 , 28.43 , 195.47
1929 , 10900 , 192.88 , -71.2 , 12 , 22.45 , 5.292 , 0.274 , 28.68 , 195.22
1938 , 10935 , 191.74 , -70.7 , 11 , 22.40 , 5.296 , 0.276 , 28.93 , 194.98
1947 , 10974 , 190.48 , -70.7 , 11 , 22.35 , 5.403 , 0.284 , 29.20 , 194.70
1957 , 11015 , 189.16 , -70.8 , 11 , 22.30 , 5.557 , 0.294 , 29.51 , 194.40
1967 , 11059 , 187.77 , -70.9 , 10 , 22.23 , 5.669 , 0.302 , 29.83 , 194.07
1977 , 11103 , 186.37 , -71.0 , 10 , 22.17 , 5.691 , 0.305 , 30.17 , 193.73
1987 , 11151 , 184.87 , -71.2 , 10 , 22.11 , 5.919 , 0.320 , 30.54 , 193.36
1996 , 11197 , 183.44 , -71.3 , 10 , 22.05 , 6.104 , 0.333 , 30.91 , 192.99
2006 , 11244 , 181.97 , -71.3 , 9 , 22.00 , 6.208 , 0.341 , 31.30 , 192.60
2016 , 11294 , 180.43 , -71.4 , 9 , 21.94 , 6.384 , 0.354 , 31.72 , 192.18
2026 , 11345 , 178.89 , -71.4 , 9 , 21.89 , 6.472 , 0.362 , 32.15 , 191.75
2036 , 11395 , 177.39 , -71.6 , 9 , 21.83 , 6.584 , 0.371 , 32.59 , 191.31
2046 , 11444 , 175.92 , -71.8 , 9 , 21.77 , 6.667 , 0.379 , 33.02 , 190.88
2056 , 11493 , 174.44 , -72.0 , 9 , 21.70 , 6.724 , 0.385 , 33.47 , 190.43
2066 , 11543 , 172.97 , -72.1 , 8 , 21.65 , 6.817 , 0.394 , 33.92 , 189.98
2076 , 11591 , 171.56 , -72.2 , 8 , 21.59 , 6.866 , 0.400 , 34.36 , 189.54
2086 , 11651 , 169.84 , -72.1 , 8 , 21.53 , 6.723 , 0.396 , 34.90 , 189.00
2096 , 11720 , 167.86 , -72.5 , 8 , 21.47 , 6.640 , 0.396 , 35.52 , 188.38
2106 , 11771 , 166.40 , -72.9 , 8 , 21.41 , 6.643 , 0.399 , 35.98 , 187.92
2116 , 11817 , 165.09 , -73.4 , 8 , 21.35 , 6.552 , 0.397 , 36.39 , 187.51
2126 , 11861 , 163.87 , -73.8 , 8 , 21.29 , 6.506 , 0.397 , 36.77 , 187.13
2136 , 11905 , 162.62 , -74.1 , 8 , 21.22 , 6.397 , 0.393 , 37.16 , 186.74
2146 , 11948 , 161.43 , -74.3 , 8 , 21.17 , 6.358 , 0.394 , 37.53 , 186.37
2156 , 11991 , 160.24 , -74.4 , 8 , 21.11 , 6.377 , 0.398 , 37.91 , 186.00
2166 , 12035 , 159.03 , -74.3 , 8 , 21.04 , 6.396 , 0.402 , 38.29 , 185.61
2176 , 12076 , 157.92 , -74.1 , 8 , 20.98 , 6.468 , 0.410 , 38.64 , 185.26
2186 , 12121 , 156.70 , -74.1 , 8 , 20.92 , 6.599 , 0.421 , 39.04 , 184.86
2196 , 12169 , 155.41 , -74.5 , 8 , 20.86 , 6.655 , 0.428 , 39.47 , 184.43
2206 , 12214 , 154.21 , -74.8 , 8 , 20.80 , 6.732 , 0.437 , 39.88 , 184.02
2216 , 12256 , 153.10 , -75.1 , 8 , 20.74 , 6.741 , 0.440 , 40.27 , 183.63
2225 , 12298 , 152.00 , -75.4 , 8 , 20.68 , 6.705 , 0.441 , 40.65 , 183.25
2235 , 12340 , 150.90 , -75.6 , 8 , 20.62 , 6.680 , 0.443 , 41.03 , 182.87
2245 , 12389 , 149.63 , -75.9 , 8 , 20.56 , 6.683 , 0.447 , 41.48 , 182.42
2254 , 12435 , 148.44 , -76.2 , 8 , 20.50 , 6.730 , 0.453 , 41.90 , 182.00
2264 , 12474 , 147.42 , -76.5 , 8 , 20.45 , 6.741 , 0.457 , 42.27 , 181.63
2274 , 12520 , 146.25 , -76.7 , 8 , 20.38 , 6.729 , 0.460 , 42.69 , 181.21
2284 , 12566 , 145.10 , -77.0 , 8 , 20.32 , 6.763 , 0.466 , 43.11 , 180.79
2294 , 12613 , 143.90 , -77.2 , 8 , 20.26 , 6.701 , 0.466 , 43.55 , 180.35
2304 , 12664 , 142.64 , -77.1 , 8 , 20.20 , 6.653 , 0.466 , 44.02 , 179.89
2314 , 12716 , 141.35 , -77.2 , 9 , 20.14 , 6.613 , 0.468 , 44.49 , 179.41
2324 , 12769 , 140.05 , -77.2 , 9 , 20.08 , 6.646 , 0.475 , 44.98 , 178.93
2334 , 12824 , 138.71 , -77.5 , 9 , 20.01 , 6.784 , 0.489 , 45.49 , 178.41
2344 , 12884 , 137.27 , -78.0 , 9 , 19.95 , 6.769 , 0.493 , 46.04 , 177.86
2354 , 12941 , 135.91 , -78.5 , 9 , 19.89 , 6.809 , 0.501 , 46.58 , 177.32
2364 , 12999 , 134.51 , -79.0 , 9 , 19.84 , 6.768 , 0.503 , 47.13 , 176.77
2374 , 13067 , 132.93 , -79.3 , 9 , 19.78 , 6.736 , 0.507 , 47.76 , 176.14
2384 , 13123 , 131.62 , -79.4 , 9 , 19.72 , 6.740 , 0.512 , 48.29 , 175.61
2394 , 13173 , 130.46 , -79.4 , 9 , 19.66 , 6.814 , 0.522 , 48.76 , 175.14
2404 , 13219 , 129.40 , -79.6 , 9 , 19.60 , 6.885 , 0.532 , 49.20 , 174.70
2413 , 13263 , 128.41 , -79.4 , 9 , 19.55 , 6.901 , 0.537 , 49.62 , 174.28
2423 , 13311 , 127.32 , -79.0 , 9 , 19.50 , 6.982 , 0.548 , 50.09 , 173.81
2433 , 13356 , 126.32 , -78.8 , 9 , 19.44 , 7.120 , 0.564 , 50.53 , 173.37
2443 , 13391 , 125.54 , -78.4 , 9 , 19.38 , 7.260 , 0.578 , 50.88 , 173.02
2453 , 13424 , 124.81 , -77.2 , 9 , 19.32 , 7.302 , 0.585 , 51.21 , 172.69
2463 , 13458 , 124.08 , -76.0 , 9 , 19.26 , 7.476 , 0.603 , 51.55 , 172.35
2473 , 13494 , 123.31 , -75.5 , 9 , 19.20 , 7.656 , 0.621 , 51.92 , 171.98
2483 , 13531 , 122.54 , -75.3 , 9 , 19.14 , 7.820 , 0.638 , 52.31 , 171.59
2493 , 13569 , 121.74 , -75.2 , 9 , 19.08 , 7.991 , 0.656 , 52.72 , 171.18
2503 , 13609 , 120.90 , -74.8 , 9 , 19.02 , 8.153 , 0.674 , 53.16 , 170.74
2513 , 13648 , 120.09 , -74.1 , 9 , 18.96 , 8.379 , 0.698 , 53.60 , 170.30
2523 , 13688 , 119.27 , -73.8 , 9 , 18.91 , 8.495 , 0.712 , 54.05 , 169.85
2533 , 13727 , 118.47 , -74.1 , 9 , 18.85 , 8.692 , 0.734 , 54.51 , 169.39
2543 , 13767 , 117.67 , -74.4 , 9 , 18.79 , 8.755 , 0.744 , 54.98 , 168.92
2553 , 13807 , 116.86 , -74.6 , 9 , 18.74 , 8.762 , 0.750 , 55.45 , 168.45
2562 , 13845 , 116.09 , -74.6 , 8 , 18.68 , 8.801 , 0.758 , 55.91 , 167.99
2572 , 13883 , 115.34 , -74.5 , 8 , 18.62 , 8.802 , 0.763 , 56.36 , 167.54
2582 , 13923 , 114.55 , -74.5 , 8 , 18.57 , 8.879 , 0.775 , 56.84 , 167.06
2592 , 13963 , 113.75 , -74.8 , 8 , 18.51 , 8.981 , 0.789 , 57.33 , 166.57
2602 , 14006 , 112.91 , -75.2 , 8 , 18.45 , 8.959 , 0.793 , 57.86 , 166.04
2612 , 14048 , 112.11 , -75.6 , 8 , 18.39 , 9.012 , 0.804 , 58.37 , 165.53
2622 , 14088 , 111.32 , -75.9 , 8 , 18.34 , 9.018 , 0.810 , 58.87 , 165.03
2632 , 14132 , 110.49 , -75.8 , 8 , 18.28 , 9.074 , 0.821 , 59.40 , 164.50
2642 , 14183 , 109.52 , -75.7 , 8 , 18.22 , 9.180 , 0.838 , 60.04 , 163.86
2652 , 14235 , 108.54 , -75.4 , 8 , 18.16 , 9.421 , 0.868 , 60.70 , 163.20
2662 , 14284 , 107.61 , -75.6 , 8 , 18.11 , 9.735 , 0.905 , 61.35 , 162.55
2672 , 14330 , 106.76 , -75.9 , 8 , 18.05 , 10.004 , 0.937 , 61.96 , 161.94
2681 , 14375 , 105.94 , -75.6 , 8 , 18.00 , 10.243 , 0.967 , 62.58 , 161.32
2691 , 14421 , 105.09 , -75.9 , 8 , 17.94 , 10.403 , 0.990 , 63.24 , 160.66
2701 , 14467 , 104.27 , -76.0 , 8 , 17.88 , 10.525 , 1.009 , 63.89 , 160.02
2711 , 14514 , 103.41 , -76.2 , 8 , 17.83 , 10.625 , 1.028 , 64.58 , 159.32
2721 , 14562 , 102.55 , -76.3 , 8 , 17.77 , 10.703 , 1.044 , 65.28 , 158.62
2731 , 14608 , 101.73 , -76.5 , 8 , 17.71 , 10.750 , 1.057 , 65.96 , 157.94
2741 , 14654 , 100.93 , -76.6 , 8 , 17.66 , 10.843 , 1.074 , 66.63 , 157.27
2751 , 14699 , 100.14 , -76.8 , 8 , 17.61 , 10.943 , 1.093 , 67.31 , 156.59
2761 , 14745 , 99.35 , -77.1 , 8 , 17.55 , 10.996 , 1.107 , 67.99 , 155.91
2771 , 14791 , 98.55 , -77.0 , 8 , 17.49 , 11.026 , 1.119 , 68.70 , 155.20
2781 , 14837 , 97.76 , -76.9 , 8 , 17.44 , 11.109 , 1.136 , 69.39 , 154.51
2791 , 14883 , 96.99 , -76.4 , 7 , 17.39 , 11.186 , 1.153 , 70.09 , 153.81
2801 , 14927 , 96.25 , -76.0 , 7 , 17.33 , 11.157 , 1.159 , 70.77 , 153.13
2811 , 14971 , 95.51 , -76.0 , 7 , 17.27 , 11.139 , 1.166 , 71.45 , 152.45
2821 , 15016 , 94.78 , -76.2 , 8 , 17.22 , 11.139 , 1.175 , 72.12 , 151.78
2831 , 15061 , 94.03 , -76.5 , 8 , 17.17 , 11.126 , 1.183 , 72.82 , 151.08
2841 , 15106 , 93.30 , -76.7 , 8 , 17.11 , 11.003 , 1.179 , 73.50 , 150.40
2851 , 15155 , 92.52 , -77.0 , 8 , 17.06 , 10.929 , 1.181 , 74.23 , 149.67
2861 , 15200 , 91.79 , -76.9 , 7 , 17.00 , 10.822 , 1.179 , 74.91 , 148.99
2870 , 15245 , 91.08 , -76.4 , 7 , 16.95 , 10.833 , 1.189 , 75.57 , 148.33
2880 , 15290 , 90.36 , -76.3 , 7 , 16.90 , 10.757 , 1.190 , 76.25 , 147.65
2890 , 15338 , 89.61 , -76.4 , 7 , 16.84 , 10.577 , 1.180 , 76.95 , 146.95
2900 , 15383 , 88.91 , -76.6 , 7 , 16.79 , 10.327 , 1.161 , 77.59 , 146.31
2910 , 15427 , 88.23 , -76.9 , 8 , 16.73 , 10.044 , 1.138 , 78.21 , 145.69
2920 , 15474 , 87.52 , -77.1 , 8 , 16.68 , 9.886 , 1.130 , 78.85 , 145.05
2930 , 15522 , 86.79 , -77.2 , 8 , 16.62 , 9.769 , 1.126 , 79.50 , 144.40
2940 , 15571 , 86.06 , -77.2 , 8 , 16.57 , 9.706 , 1.128 , 80.15 , 143.75
2950 , 15620 , 85.32 , -77.3 , 8 , 16.51 , 9.703 , 1.137 , 80.80 , 143.10
2960 , 15667 , 84.62 , -77.5 , 8 , 16.46 , 9.760 , 1.153 , 81.44 , 142.46
2970 , 15715 , 83.92 , -78.0 , 8 , 16.41 , 9.824 , 1.171 , 82.08 , 141.82
2980 , 15761 , 83.24 , -78.4 , 8 , 16.35 , 9.891 , 1.188 , 82.71 , 141.19
2990 , 15803 , 82.63 , -78.8 , 8 , 16.29 , 9.949 , 1.204 , 83.29 , 140.61
3000 , 15842 , 82.06 , -79.0 , 8 , 16.24 , 9.955 , 1.213 , 83.83 , 140.07
3010 , 15882 , 81.49 , -79.1 , 8 , 16.19 , 9.926 , 1.218 , 84.39 , 139.51
3020 , 15918 , 80.97 , -79.0 , 8 , 16.14 , 9.928 , 1.226 , 84.88 , 139.02
3030 , 15959 , 80.40 , -78.7 , 8 , 16.08 , 9.923 , 1.234 , 85.44 , 138.46
3040 , 15995 , 79.89 , -78.6 , 8 , 16.03 , 10.005 , 1.252 , 85.93 , 137.97
3050 , 16032 , 79.38 , -78.8 , 8 , 15.97 , 9.926 , 1.251 , 86.45 , 137.46
3060 , 16073 , 78.80 , -78.8 , 8 , 15.91 , 9.883 , 1.254 , 87.01 , 136.89
3070 , 16113 , 78.24 , -78.8 , 8 , 15.86 , 9.946 , 1.271 , 87.57 , 136.33
3080 , 16153 , 77.70 , -79.1 , 8 , 15.81 , 9.954 , 1.281 , 88.11 , 135.79
3090 , 16190 , 77.20 , -78.8 , 8 , 15.75 , 10.176 , 1.318 , 88.63 , 135.27
3100 , 16227 , 76.69 , -78.9 , 8 , 15.70 , 10.399 , 1.356 , 89.17 , 134.73
3110 , 16265 , 76.18 , -78.9 , 8 , 15.64 , 10.635 , 1.396 , 89.72 , 134.18
3120 , 16305 , 75.66 , -78.1 , 8 , 15.59 , 11.260 , 1.488 , 90.32 , 133.58
3130 , 16345 , 75.12 , -77.9 , 8 , 15.54 , 12.026 , 1.601 , 90.97 , 132.93
3140 , 16387 , 74.57 , -78.1 , 8 , 15.48 , 12.513 , 1.678 , 91.68 , 132.22
3149 , 16433 , 73.98 , -77.8 , 8 , 15.43 , 12.944 , 1.750 , 92.48 , 131.42
3159 , 16482 , 73.35 , -77.7 , 8 , 15.38 , 13.137 , 1.791 , 93.36 , 130.54
3168 , 16530 , 72.73 , -77.7 , 8 , 15.33 , 12.770 , 1.756 , 94.22 , 129.68
3178 , 16584 , 72.05 , -77.8 , 8 , 15.27 , 12.449 , 1.728 , 95.17 , 128.73
3188 , 16639 , 71.36 , -77.9 , 8 , 15.22 , 11.873 , 1.664 , 96.09 , 127.81
3198 , 16697 , 70.64 , -78.2 , 8 , 15.16 , 11.262 , 1.594 , 97.01 , 126.89
3208 , 16757 , 69.90 , -78.2 , 8 , 15.11 , 10.589 , 1.515 , 97.92 , 125.98
3218 , 16818 , 69.16 , -78.5 , 8 , 15.05 , 9.923 , 1.435 , 98.78 , 125.12
3228 , 16875 , 68.47 , -78.7 , 8 , 15.00 , 9.417 , 1.375 , 99.55 , 124.35
3238 , 16935 , 67.74 , -78.7 , 8 , 14.94 , 8.995 , 1.328 , 100.32 , 123.58
3248 , 16998 , 67.00 , -78.8 , 8 , 14.89 , 8.845 , 1.320 , 101.10 , 122.80
3258 , 17057 , 66.31 , -79.1 , 8 , 14.83 , 8.723 , 1.315 , 101.81 , 122.09
3268 , 17109 , 65.70 , -79.4 , 8 , 14.78 , 8.856 , 1.348 , 102.45 , 121.45
3278 , 17161 , 65.10 , -79.9 , 8 , 14.72 , 9.162 , 1.407 , 103.11 , 120.79
3288 , 17211 , 64.53 , -80.3 , 8 , 14.67 , 9.479 , 1.469 , 103.76 , 120.15
3298 , 17259 , 63.98 , -80.5 , 8 , 14.61 , 9.927 , 1.552 , 104.41 , 119.49
3308 , 17306 , 63.46 , -80.7 , 8 , 14.55 , 9.990 , 1.574 , 105.06 , 118.84
3318 , 17353 , 62.92 , -80.6 , 8 , 14.50 , 10.024 , 1.593 , 105.72 , 118.18
3328 , 17398 , 62.43 , -80.7 , 8 , 14.44 , 9.851 , 1.578 , 106.34 , 117.56
3338 , 17440 , 61.96 , -80.0 , 8 , 14.39 , 9.549 , 1.541 , 106.92 , 116.98
3348 , 17478 , 61.55 , -78.8 , 8 , 14.33 , 9.268 , 1.506 , 107.41 , 116.49
3358 , 17518 , 61.12 , -78.4 , 8 , 14.27 , 9.082 , 1.486 , 107.92 , 115.98
3368 , 17556 , 60.71 , -78.4 , 8 , 14.22 , 8.727 , 1.437 , 108.39 , 115.51
3378 , 17593 , 60.32 , -78.6 , 8 , 14.16 , 8.358 , 1.385 , 108.83 , 115.08
3388 , 17632 , 59.91 , -78.7 , 8 , 14.11 , 8.142 , 1.359 , 109.28 , 114.63
3398 , 17673 , 59.48 , -78.9 , 8 , 14.05 , 7.967 , 1.339 , 109.73 , 114.17
3407 , 17716 , 59.03 , -78.8 , 8 , 14.00 , 7.889 , 1.336 , 110.20 , 113.70
3417 , 17760 , 58.57 , -78.5 , 8 , 13.95 , 7.849 , 1.340 , 110.69 , 113.21
3427 , 17814 , 58.02 , -78.6 , 8 , 13.89 , 7.824 , 1.348 , 111.27 , 112.63
3437 , 17870 , 57.46 , -78.6 , 8 , 13.83 , 7.789 , 1.356 , 111.87 , 112.03
3447 , 17924 , 56.91 , -78.2 , 8 , 13.78 , 7.770 , 1.365 , 112.46 , 111.44
3456 , 17979 , 56.37 , -78.3 , 8 , 13.73 , 7.666 , 1.360 , 113.04 , 110.86
3465 , 18030 , 55.87 , -78.6 , 8 , 13.67 , 7.689 , 1.376 , 113.59 , 110.31
3475 , 18085 , 55.32 , -78.9 , 8 , 13.62 , 7.671 , 1.387 , 114.18 , 109.72
3485 , 18143 , 54.77 , -79.3 , 9 , 13.56 , 7.613 , 1.390 , 114.79 , 109.11
3495 , 18200 , 54.22 , -79.4 , 9 , 13.51 , 7.608 , 1.403 , 115.40 , 108.51
3505 , 18257 , 53.68 , -79.5 , 8 , 13.45 , 7.544 , 1.405 , 115.99 , 107.91
3515 , 18311 , 53.17 , -79.6 , 8 , 13.40 , 7.552 , 1.420 , 116.56 , 107.34
3525 , 18366 , 52.65 , -79.2 , 8 , 13.34 , 7.582 , 1.440 , 117.15 , 106.75
3535 , 18420 , 52.16 , -78.8 , 8 , 13.28 , 7.651 , 1.467 , 117.71 , 106.19
3545 , 18470 , 51.70 , -78.3 , 8 , 13.22 , 7.823 , 1.513 , 118.25 , 105.65
3555 , 18516 , 51.28 , -78.5 , 8 , 13.17 , 7.901 , 1.541 , 118.75 , 105.15
3565 , 18564 , 50.85 , -78.6 , 8 , 13.11 , 7.937 , 1.561 , 119.28 , 104.62
3575 , 18615 , 50.40 , -78.0 , 8 , 13.06 , 8.071 , 1.602 , 119.85 , 104.05
3585 , 18662 , 49.99 , -77.8 , 8 , 13.00 , 8.102 , 1.621 , 120.37 , 103.53
3595 , 18702 , 49.64 , -77.9 , 8 , 12.95 , 8.214 , 1.655 , 120.82 , 103.08
3605 , 18742 , 49.29 , -78.1 , 8 , 12.89 , 8.295 , 1.683 , 121.27 , 102.63
3615 , 18775 , 49.00 , -78.2 , 8 , 12.83 , 8.284 , 1.690 , 121.66 , 102.24
3625 , 18809 , 48.72 , -78.3 , 8 , 12.78 , 8.368 , 1.718 , 122.04 , 101.86
3635 , 18840 , 48.45 , -78.3 , 8 , 12.72 , 8.391 , 1.732 , 122.40 , 101.50
3645 , 18872 , 48.18 , -78.2 , 8 , 12.67 , 8.387 , 1.741 , 122.78 , 101.12
3655 , 18906 , 47.90 , -77.9 , 8 , 12.62 , 8.409 , 1.756 , 123.17 , 100.73
3665 , 18934 , 47.66 , -77.2 , 8 , 12.56 , 8.410 , 1.764 , 123.49 , 100.41
3674 , 18965 , 47.40 , -77.0 , 8 , 12.51 , 8.411 , 1.774 , 123.86 , 100.04
3685 , 18998 , 47.14 , -76.8 , 8 , 12.46 , 8.460 , 1.795 , 124.23 , 99.67
3695 , 19031 , 46.86 , -76.8 , 8 , 12.40 , 8.459 , 1.805 , 124.62 , 99.28
3705 , 19067 , 46.57 , -77.0 , 8 , 12.35 , 8.448 , 1.814 , 125.04 , 98.86
3715 , 19104 , 46.27 , -77.1 , 8 , 12.30 , 8.438 , 1.824 , 125.47 , 98.43
3725 , 19146 , 45.94 , -77.0 , 7 , 12.25 , 8.385 , 1.825 , 125.95 , 97.95
3735 , 19189 , 45.60 , -77.0 , 7 , 12.19 , 8.338 , 1.829 , 126.44 , 97.46
3744 , 19234 , 45.24 , -77.3 , 7 , 12.15 , 8.257 , 1.825 , 126.95 , 96.95
3753 , 19280 , 44.87 , -77.2 , 7 , 12.11 , 8.184 , 1.824 , 127.48 , 96.42
3763 , 19327 , 44.50 , -77.4 , 7 , 12.06 , 8.202 , 1.843 , 128.01 , 95.89
3773 , 19379 , 44.10 , -77.9 , 7 , 12.01 , 8.145 , 1.847 , 128.60 , 95.30
3783 , 19432 , 43.70 , -78.3 , 7 , 11.96 , 8.059 , 1.844 , 129.19 , 94.71
3793 , 19486 , 43.29 , -77.7 , 7 , 11.92 , 8.057 , 1.861 , 129.79 , 94.12
3803 , 19539 , 42.89 , -77.4 , 7 , 11.87 , 8.151 , 1.901 , 130.38 , 93.52
3813 , 19595 , 42.47 , -77.3 , 7 , 11.83 , 8.162 , 1.922 , 131.01 , 92.89
3823 , 19651 , 42.06 , -77.4 , 7 , 11.79 , 8.072 , 1.919 , 131.64 , 92.26
3833 , 19709 , 41.63 , -77.5 , 7 , 11.75 , 8.191 , 1.967 , 132.29 , 91.61
3843 , 19768 , 41.21 , -77.3 , 7 , 11.71 , 8.308 , 2.016 , 132.96 , 90.95
3852 , 19826 , 40.79 , -77.3 , 7 , 11.67 , 8.493 , 2.082 , 133.63 , 90.27
3863 , 19892 , 40.32 , -77.5 , 7 , 11.63 , 8.524 , 2.114 , 134.40 , 89.50
3873 , 19944 , 39.96 , -77.6 , 7 , 11.59 , 8.560 , 2.142 , 135.01 , 88.89
3883 , 19996 , 39.60 , -77.7 , 7 , 11.55 , 8.348 , 2.108 , 135.62 , 88.28
3893 , 20048 , 39.24 , -77.6 , 7 , 11.51 , 8.097 , 2.063 , 136.21 , 87.70
3903 , 20097 , 38.91 , -77.6 , 7 , 11.48 , 7.780 , 1.999 , 136.74 , 87.16
3913 , 20144 , 38.59 , -77.2 , 7 , 11.44 , 7.445 , 1.929 , 137.24 , 86.66
3923 , 20191 , 38.27 , -77.1 , 7 , 11.40 , 7.185 , 1.877 , 137.72 , 86.19
3933 , 20236 , 37.97 , -76.7 , 7 , 11.36 , 6.944 , 1.829 , 138.15 , 85.75
3943 , 20281 , 37.68 , -76.2 , 7 , 11.32 , 6.727 , 1.785 , 138.57 , 85.33
3952 , 20323 , 37.41 , -76.1 , 7 , 11.29 , 6.707 , 1.793 , 138.96 , 84.94
3963 , 20368 , 37.12 , -75.6 , 6 , 11.25 , 6.697 , 1.804 , 139.37 , 84.53
3973 , 20412 , 36.84 , -75.5 , 6 , 11.21 , 6.734 , 1.828 , 139.77 , 84.13
3983 , 20454 , 36.57 , -75.7 , 6 , 11.17 , 6.737 , 1.842 , 140.16 , 83.74
3993 , 20502 , 36.27 , -75.6 , 6 , 11.13 , 6.728 , 1.855 , 140.60 , 83.31
4003 , 20549 , 35.97 , -75.7 , 6 , 11.09 , 6.711 , 1.866 , 141.03 , 82.87
4013 , 20595 , 35.69 , -75.9 , 6 , 11.05 , 6.583 , 1.845 , 141.45 , 82.45
4023 , 20641 , 35.41 , -76.2 , 6 , 11.01 , 6.518 , 1.841 , 141.86 , 82.04
4033 , 20688 , 35.11 , -76.3 , 6 , 10.97 , 6.481 , 1.846 , 142.28 , 81.62
4043 , 20741 , 34.80 , -76.7 , 6 , 10.93 , 6.411 , 1.842 , 142.74 , 81.16
4053 , 20791 , 34.49 , -77.0 , 6 , 10.88 , 6.326 , 1.834 , 143.19 , 80.71
4062 , 20845 , 34.17 , -76.9 , 6 , 10.84 , 6.245 , 1.828 , 143.65 , 80.25
4072 , 20902 , 33.83 , -76.4 , 6 , 10.80 , 6.233 , 1.842 , 144.14 , 79.76
4082 , 20961 , 33.49 , -76.4 , 6 , 10.76 , 6.184 , 1.847 , 144.64 , 79.26
4092 , 21023 , 33.13 , -76.6 , 6 , 10.72 , 6.155 , 1.858 , 145.17 , 78.73
4102 , 21084 , 32.78 , -76.8 , 6 , 10.67 , 6.111 , 1.864 , 145.68 , 78.23
4112 , 21142 , 32.45 , -76.3 , 6 , 10.63 , 6.024 , 1.856 , 146.16 , 77.74
4122 , 21200 , 32.13 , -75.8 , 6 , 10.59 , 5.906 , 1.838 , 146.64 , 77.27
4132 , 21259 , 31.80 , -76.1 , 6 , 10.54 , 5.872 , 1.847 , 147.11 , 76.79
4142 , 21313 , 31.50 , -76.4 , 6 , 10.50 , 5.778 , 1.834 , 147.54 , 76.36
4152 , 21363 , 31.23 , -76.3 , 6 , 10.46 , 5.690 , 1.822 , 147.93 , 75.97
4162 , 21414 , 30.96 , -76.1 , 6 , 10.41 , 5.680 , 1.835 , 148.33 , 75.57
4172 , 21461 , 30.70 , -76.0 , 6 , 10.37 , 5.564 , 1.812 , 148.69 , 75.21
4182 , 21501 , 30.49 , -76.1 , 6 , 10.33 , 5.505 , 1.805 , 148.99 , 74.91
4192 , 21528 , 30.35 , -75.7 , 6 , 10.29 , 5.426 , 1.788 , 149.19 , 74.71
4202 , 21550 , 30.23 , -75.5 , 6 , 10.24 , 5.323 , 1.761 , 149.36 , 74.54
4212 , 21572 , 30.12 , -74.7 , 6 , 10.20 , 5.257 , 1.745 , 149.51 , 74.39
4222 , 21595 , 30.00 , -73.1 , 6 , 10.16 , 5.258 , 1.753 , 149.68 , 74.22
4232 , 21621 , 29.87 , -72.6 , 6 , 10.12 , 5.265 , 1.763 , 149.86 , 74.04
4242 , 21645 , 29.75 , -72.2 , 6 , 10.08 , 5.223 , 1.756 , 150.03 , 73.87
4252 , 21665 , 29.65 , -70.7 , 5 , 10.04 , 5.227 , 1.763 , 150.17 , 73.73
4262 , 21680 , 29.57 , -70.0 , 5 , 10.00 , 5.304 , 1.793 , 150.28 , 73.62
4272 , 21698 , 29.48 , -69.8 , 5 , 9.96 , 5.339 , 1.811 , 150.41 , 73.50
4282 , 21723 , 29.36 , -69.7 , 5 , 9.93 , 5.374 , 1.830 , 150.58 , 73.32
4292 , 21751 , 29.22 , -69.7 , 5 , 9.89 , 5.359 , 1.834 , 150.78 , 73.12
4302 , 21789 , 29.04 , -69.0 , 5 , 9.86 , 5.384 , 1.854 , 151.05 , 72.85
4312 , 21830 , 28.84 , -68.3 , 5 , 9.82 , 5.415 , 1.877 , 151.34 , 72.56
4322 , 21884 , 28.58 , -67.7 , 4 , 9.79 , 5.544 , 1.940 , 151.73 , 72.17
4332 , 21946 , 28.29 , -67.4 , 4 , 9.75 , 5.656 , 1.999 , 152.18 , 71.72
4342 , 22017 , 27.96 , -67.4 , 4 , 9.72 , 5.706 , 2.041 , 152.71 , 71.19
4351 , 22087 , 27.63 , -67.7 , 4 , 9.69 , 5.787 , 2.094 , 153.24 , 70.66
4360 , 22158 , 27.31 , -68.1 , 4 , 9.66 , 5.800 , 2.124 , 153.78 , 70.12
4370 , 22235 , 26.96 , -68.1 , 4 , 9.63 , 5.834 , 2.164 , 154.37 , 69.53
4380 , 22318 , 26.59 , -67.3 , 4 , 9.59 , 5.906 , 2.221 , 155.01 , 68.89
4389 , 22393 , 26.26 , -66.9 , 4 , 9.56 , 6.005 , 2.287 , 155.60 , 68.31
4400 , 22474 , 25.91 , -66.9 , 4 , 9.53 , 6.161 , 2.378 , 156.24 , 67.66
4410 , 22546 , 25.60 , -67.0 , 4 , 9.49 , 6.283 , 2.454 , 156.82 , 67.08
4420 , 22614 , 25.32 , -67.3 , 4 , 9.46 , 6.350 , 2.508 , 157.39 , 66.51
4430 , 22677 , 25.05 , -67.8 , 4 , 9.43 , 6.338 , 2.530 , 157.91 , 65.99
4440 , 22736 , 24.81 , -68.3 , 3 , 9.40 , 6.319 , 2.547 , 158.40 , 65.50
4450 , 22791 , 24.58 , -68.8 , 3 , 9.37 , 6.330 , 2.575 , 158.86 , 65.04
4460 , 22841 , 24.38 , -69.1 , 3 , 9.34 , 6.293 , 2.581 , 159.27 , 64.63
4470 , 22888 , 24.19 , -69.3 , 3 , 9.31 , 6.258 , 2.587 , 159.67 , 64.23
4480 , 22931 , 24.01 , -69.2 , 3 , 9.28 , 6.272 , 2.612 , 160.02 , 63.88
4489 , 22964 , 23.88 , -68.9 , 3 , 9.25 , 6.291 , 2.634 , 160.29 , 63.61
4500 , 22999 , 23.74 , -68.1 , 3 , 9.22 , 6.293 , 2.651 , 160.58 , 63.32
4510 , 23030 , 23.62 , -67.8 , 3 , 9.18 , 6.377 , 2.700 , 160.85 , 63.05
4520 , 23059 , 23.50 , -67.9 , 3 , 9.14 , 6.416 , 2.730 , 161.09 , 62.81
4530 , 23091 , 23.38 , -67.8 , 3 , 9.10 , 6.477 , 2.770 , 161.36 , 62.54
4540 , 23122 , 23.26 , -67.4 , 3 , 9.06 , 6.506 , 2.797 , 161.63 , 62.28
4550 , 23154 , 23.13 , -67.3 , 3 , 9.02 , 6.562 , 2.837 , 161.90 , 62.00
4560 , 23190 , 23.00 , -67.3 , 3 , 8.98 , 6.603 , 2.871 , 162.21 , 61.69
4570 , 23230 , 22.85 , -67.3 , 3 , 8.94 , 6.593 , 2.886 , 162.56 , 61.34
4580 , 23273 , 22.68 , -67.4 , 3 , 8.90 , 6.599 , 2.909 , 162.93 , 60.97
4589 , 23323 , 22.50 , -67.4 , 3 , 8.86 , 6.628 , 2.946 , 163.36 , 60.54
4599 , 23371 , 22.32 , -67.7 , 3 , 8.82 , 6.585 , 2.950 , 163.78 , 60.13
4609 , 23435 , 22.08 , -67.5 , 3 , 8.78 , 6.613 , 2.995 , 164.33 , 59.57
4619 , 23500 , 21.85 , -67.6 , 3 , 8.74 , 6.557 , 3.002 , 164.89 , 59.01
4629 , 23570 , 21.59 , -67.9 , 3 , 8.70 , 6.456 , 2.990 , 165.49 , 58.41
4639 , 23638 , 21.35 , -68.0 , 3 , 8.66 , 6.415 , 3.005 , 166.06 , 57.84
4649 , 23709 , 21.10 , -67.7 , 3 , 8.62 , 6.383 , 3.025 , 166.66 , 57.24
4659 , 23782 , 20.84 , -67.4 , 3 , 8.58 , 6.360 , 3.051 , 167.27 , 56.63
4669 , 23858 , 20.58 , -67.4 , 3 , 8.54 , 6.353 , 3.087 , 167.90 , 56.00
4678 , 23923 , 20.36 , -67.4 , 3 , 8.50 , 6.357 , 3.122 , 168.44 , 55.46
4688 , 23982 , 20.16 , -67.4 , 3 , 8.46 , 6.295 , 3.122 , 168.93 , 54.97
4698 , 24047 , 19.95 , -67.8 , 3 , 8.42 , 6.274 , 3.146 , 169.47 , 54.43
4708 , 24104 , 19.76 , -67.5 , 3 , 8.38 , 6.246 , 3.161 , 169.94 , 53.96
4718 , 24151 , 19.60 , -66.5 , 3 , 8.33 , 6.242 , 3.184 , 170.32 , 53.58
4728 , 24198 , 19.45 , -66.2 , 3 , 8.28 , 6.236 , 3.206 , 170.71 , 53.20
4737 , 24238 , 19.33 , -65.2 , 2 , 8.24 , 6.220 , 3.219 , 171.02 , 52.88
4747 , 24274 , 19.21 , -64.4 , 2 , 8.20 , 6.236 , 3.246 , 171.32 , 52.58
4757 , 24318 , 19.07 , -63.8 , 2 , 8.16 , 6.265 , 3.284 , 171.67 , 52.23
4766 , 24359 , 18.94 , -63.9 , 2 , 8.12 , 6.278 , 3.314 , 172.01 , 51.89
4777 , 24401 , 18.82 , -63.9 , 2 , 8.07 , 6.291 , 3.344 , 172.34 , 51.56
4787 , 24446 , 18.68 , -63.7 , 2 , 8.03 , 6.252 , 3.347 , 172.71 , 51.19
4797 , 24498 , 18.52 , -63.7 , 2 , 7.98 , 6.237 , 3.368 , 173.13 , 50.77
4807 , 24550 , 18.36 , -63.1 , 2 , 7.94 , 6.204 , 3.378 , 173.54 , 50.36
4817 , 24609 , 18.19 , -62.5 , 2 , 7.90 , 6.130 , 3.370 , 174.01 , 49.89
4827 , 24670 , 18.01 , -62.3 , 2 , 7.86 , 6.097 , 3.385 , 174.48 , 49.42
4837 , 24737 , 17.82 , -62.4 , 2 , 7.82 , 6.019 , 3.378 , 175.00 , 48.90
4847 , 24802 , 17.63 , -62.5 , 2 , 7.78 , 5.953 , 3.377 , 175.50 , 48.40
4858 , 24883 , 17.40 , -61.8 , 2 , 7.73 , 5.905 , 3.394 , 176.11 , 47.79
4867 , 24941 , 17.24 , -61.3 , 2 , 7.70 , 5.866 , 3.403 , 176.55 , 47.35
4877 , 25005 , 17.06 , -60.7 , 2 , 7.66 , 5.772 , 3.383 , 177.03 , 46.87
4887 , 25064 , 16.90 , -60.0 , 2 , 7.62 , 5.750 , 3.402 , 177.45 , 46.45
4897 , 25131 , 16.72 , -59.9 , 2 , 7.58 , 5.728 , 3.426 , 177.94 , 45.96
4907 , 25188 , 16.57 , -59.6 , 2 , 7.54 , 5.684 , 3.431 , 178.35 , 45.55
4917 , 25243 , 16.42 , -58.7 , 2 , 7.51 , 5.637 , 3.433 , 178.75 , 45.15
4927 , 25305 , 16.26 , -58.4 , 2 , 7.47 , 5.649 , 3.474 , 179.19 , 44.72
4936 , 25354 , 16.14 , -58.6 , 2 , 7.44 , 5.665 , 3.511 , 179.53 , 44.37
4947 , 25408 , 16.00 , -59.0 , 2 , 7.40 , 5.585 , 3.491 , 179.91 , 43.99
4957 , 25456 , 15.87 , -59.4 , 2 , 7.36 , 5.508 , 3.470 , 180.25 , 43.65
4967 , 25501 , 15.76 , -59.8 , 2 , 7.33 , 5.473 , 3.472 , 180.56 , 43.34
4976 , 25544 , 15.65 , -59.9 , 2 , 7.30 , 5.454 , 3.484 , 180.86 , 43.04
