# ------------------------------------------------------------
#
# Flight name: V1514
# Station: Davis
# Launch Date: 16 August 2014
# Launch Time: 11:14:57
# 
# This file created: Thu Aug 21 09:19:02 2014
# 
# 
# ------------------------------------------------------------
# DATA COLUMNS
# Time (s)
# Height (m)
# Atmospheric Pressure (hPa)
# Atmospheric Temperature (°C)
# Relative Humidity (%)
# Box Temperature (°C)
# Ozone Partial Pressure (mPa)
# Ozone Mixing Ratio (ppmV)
# Accumulated Ozone to this Height (Dobson Units)
# Remaining Ozone above this Height (Dobson Units)
# 
# ------------------------------------------------------------
# 
# Integrated Ozone = 187.6 DU
# Extrapolated Ozone =  40.8 DU
# 
# Total Ozone = 228.4 DU
# 
# 
# ------------------------------------------------------------
0 , 18 , 970.47 , -10.9 , 41 , 33.90 , 3.161 , 0.033 , 0.00 , 228.35
10 , 54 , 965.92 , -11.0 , 41 , 33.87 , 3.354 , 0.035 , 0.12 , 228.23
20 , 106 , 959.31 , -11.1 , 38 , 33.83 , 3.129 , 0.033 , 0.30 , 228.06
30 , 154 , 953.36 , -11.3 , 37 , 33.80 , 3.061 , 0.032 , 0.45 , 227.91
40 , 202 , 947.43 , -11.6 , 36 , 33.79 , 3.024 , 0.032 , 0.60 , 227.76
50 , 264 , 939.81 , -12.2 , 38 , 33.74 , 3.005 , 0.032 , 0.79 , 227.56
60 , 334 , 931.15 , -13.0 , 40 , 33.67 , 3.110 , 0.033 , 1.01 , 227.34
70 , 392 , 924.08 , -13.3 , 38 , 33.58 , 3.138 , 0.034 , 1.20 , 227.15
80 , 450 , 917.14 , -13.8 , 39 , 33.51 , 3.037 , 0.033 , 1.39 , 226.97
90 , 507 , 910.25 , -14.5 , 41 , 33.45 , 2.974 , 0.033 , 1.56 , 226.79
99 , 551 , 904.89 , -14.9 , 44 , 33.40 , 3.004 , 0.033 , 1.70 , 226.65
110 , 605 , 898.49 , -14.6 , 35 , 33.34 , 2.922 , 0.033 , 1.87 , 226.48
120 , 649 , 893.29 , -15.0 , 34 , 33.31 , 2.896 , 0.032 , 2.00 , 226.35
130 , 700 , 887.26 , -15.3 , 33 , 33.26 , 2.877 , 0.032 , 2.16 , 226.20
140 , 747 , 881.81 , -15.5 , 30 , 33.19 , 2.857 , 0.032 , 2.30 , 226.06
150 , 793 , 876.46 , -15.7 , 28 , 33.14 , 2.847 , 0.032 , 2.43 , 225.92
160 , 842 , 870.78 , -16.2 , 29 , 33.06 , 2.807 , 0.032 , 2.58 , 225.77
170 , 894 , 864.73 , -16.7 , 30 , 33.00 , 2.808 , 0.032 , 2.73 , 225.62
180 , 955 , 857.71 , -17.3 , 32 , 32.91 , 2.809 , 0.033 , 2.91 , 225.44
189 , 1010 , 851.50 , -17.6 , 30 , 32.83 , 2.820 , 0.033 , 3.08 , 225.28
199 , 1058 , 845.97 , -18.0 , 28 , 32.79 , 2.786 , 0.033 , 3.22 , 225.13
208 , 1114 , 839.65 , -18.4 , 27 , 32.71 , 2.927 , 0.035 , 3.39 , 224.97
218 , 1166 , 833.84 , -18.9 , 27 , 32.61 , 2.893 , 0.035 , 3.55 , 224.81
228 , 1214 , 828.44 , -19.3 , 27 , 32.56 , 2.783 , 0.034 , 3.69 , 224.66
238 , 1268 , 822.48 , -19.7 , 25 , 32.46 , 2.725 , 0.033 , 3.85 , 224.50
248 , 1322 , 816.45 , -20.2 , 25 , 32.37 , 2.678 , 0.033 , 4.01 , 224.35
258 , 1379 , 810.24 , -20.7 , 24 , 32.27 , 2.636 , 0.033 , 4.17 , 224.19
268 , 1431 , 804.58 , -21.1 , 24 , 32.18 , 2.618 , 0.033 , 4.31 , 224.04
278 , 1480 , 799.25 , -21.6 , 25 , 32.12 , 2.602 , 0.033 , 4.45 , 223.90
288 , 1534 , 793.40 , -21.9 , 24 , 32.06 , 2.585 , 0.033 , 4.60 , 223.75
298 , 1581 , 788.29 , -21.6 , 13 , 31.98 , 2.583 , 0.033 , 4.73 , 223.62
308 , 1628 , 783.35 , -21.5 , 6 , 31.91 , 2.568 , 0.033 , 4.86 , 223.49
318 , 1672 , 778.61 , -21.5 , 6 , 31.85 , 2.565 , 0.033 , 4.98 , 223.37
328 , 1721 , 773.48 , -21.3 , 6 , 31.77 , 2.598 , 0.034 , 5.12 , 223.24
337 , 1768 , 768.52 , -20.9 , 9 , 31.69 , 2.623 , 0.034 , 5.25 , 223.10
347 , 1813 , 763.91 , -20.9 , 6 , 31.64 , 2.633 , 0.034 , 5.37 , 222.98
357 , 1858 , 759.29 , -21.1 , 5 , 31.59 , 2.636 , 0.035 , 5.50 , 222.85
367 , 1910 , 753.94 , -21.2 , 5 , 31.51 , 2.633 , 0.035 , 5.65 , 222.71
377 , 1966 , 748.26 , -21.5 , 5 , 31.40 , 2.641 , 0.035 , 5.80 , 222.55
387 , 2018 , 742.96 , -22.0 , 6 , 31.34 , 2.623 , 0.035 , 5.95 , 222.40
397 , 2075 , 737.18 , -22.1 , 7 , 31.26 , 2.592 , 0.035 , 6.11 , 222.24
407 , 2134 , 731.36 , -22.2 , 13 , 31.21 , 2.629 , 0.036 , 6.28 , 222.08
417 , 2194 , 725.40 , -22.5 , 27 , 31.13 , 2.676 , 0.037 , 6.45 , 221.91
427 , 2257 , 719.13 , -22.8 , 37 , 31.04 , 2.710 , 0.038 , 6.63 , 221.72
437 , 2321 , 712.94 , -22.7 , 33 , 31.00 , 2.634 , 0.037 , 6.81 , 221.54
447 , 2376 , 707.57 , -22.6 , 27 , 30.97 , 2.598 , 0.037 , 6.97 , 221.38
457 , 2431 , 702.29 , -22.8 , 29 , 30.94 , 2.565 , 0.037 , 7.12 , 221.23
467 , 2489 , 696.79 , -23.0 , 50 , 30.92 , 2.540 , 0.036 , 7.28 , 221.07
477 , 2556 , 690.38 , -23.5 , 56 , 30.86 , 2.516 , 0.036 , 7.47 , 220.89
487 , 2623 , 684.10 , -23.9 , 62 , 30.78 , 2.554 , 0.037 , 7.65 , 220.70
497 , 2684 , 678.44 , -24.2 , 68 , 30.69 , 2.680 , 0.040 , 7.82 , 220.53
507 , 2746 , 672.68 , -24.6 , 72 , 30.66 , 2.566 , 0.038 , 8.00 , 220.36
516 , 2806 , 667.14 , -24.8 , 76 , 30.58 , 2.503 , 0.038 , 8.16 , 220.19
525 , 2864 , 661.83 , -25.0 , 77 , 30.54 , 2.436 , 0.037 , 8.32 , 220.04
535 , 2920 , 656.73 , -25.4 , 77 , 30.49 , 2.361 , 0.036 , 8.46 , 219.89
545 , 2979 , 651.41 , -25.9 , 78 , 30.42 , 2.341 , 0.036 , 8.62 , 219.74
555 , 3040 , 645.98 , -26.4 , 79 , 30.38 , 2.354 , 0.036 , 8.77 , 219.58
565 , 3100 , 640.63 , -26.8 , 79 , 30.34 , 2.330 , 0.036 , 8.92 , 219.43
575 , 3163 , 635.05 , -27.2 , 79 , 30.27 , 2.364 , 0.037 , 9.09 , 219.27
585 , 3224 , 629.65 , -27.5 , 77 , 30.17 , 2.353 , 0.037 , 9.25 , 219.11
595 , 3287 , 624.15 , -27.9 , 77 , 30.07 , 2.316 , 0.037 , 9.41 , 218.95
605 , 3353 , 618.47 , -28.3 , 77 , 29.95 , 2.247 , 0.036 , 9.57 , 218.78
615 , 3416 , 613.05 , -28.8 , 77 , 29.88 , 2.202 , 0.036 , 9.73 , 218.63
625 , 3474 , 608.11 , -29.1 , 76 , 29.83 , 2.177 , 0.036 , 9.87 , 218.49
635 , 3531 , 603.29 , -29.5 , 74 , 29.80 , 2.137 , 0.035 , 10.00 , 218.35
645 , 3587 , 598.56 , -30.0 , 72 , 29.78 , 2.111 , 0.035 , 10.13 , 218.22
655 , 3642 , 593.89 , -30.4 , 71 , 29.73 , 2.089 , 0.035 , 10.26 , 218.09
665 , 3698 , 589.25 , -30.9 , 70 , 29.65 , 2.072 , 0.035 , 10.39 , 217.96
675 , 3761 , 584.05 , -31.4 , 68 , 29.56 , 2.055 , 0.035 , 10.54 , 217.82
685 , 3813 , 579.79 , -31.8 , 66 , 29.50 , 2.047 , 0.035 , 10.65 , 217.70
695 , 3863 , 575.70 , -32.2 , 66 , 29.46 , 2.055 , 0.036 , 10.77 , 217.58
705 , 3918 , 571.18 , -32.6 , 66 , 29.39 , 2.072 , 0.036 , 10.90 , 217.46
714 , 3971 , 566.89 , -33.1 , 66 , 29.34 , 2.135 , 0.038 , 11.02 , 217.33
724 , 4027 , 562.37 , -33.3 , 65 , 29.25 , 2.212 , 0.039 , 11.16 , 217.19
734 , 4080 , 558.16 , -33.4 , 62 , 29.20 , 2.194 , 0.039 , 11.29 , 217.06
744 , 4138 , 553.61 , -33.7 , 59 , 29.16 , 2.170 , 0.039 , 11.43 , 216.92
754 , 4197 , 548.92 , -34.2 , 61 , 29.12 , 2.152 , 0.039 , 11.58 , 216.78
764 , 4256 , 544.34 , -34.7 , 61 , 29.06 , 2.145 , 0.039 , 11.72 , 216.63
774 , 4314 , 539.77 , -35.2 , 61 , 29.01 , 2.244 , 0.042 , 11.86 , 216.49
784 , 4372 , 535.31 , -35.6 , 59 , 28.91 , 2.187 , 0.041 , 12.01 , 216.34
794 , 4427 , 531.09 , -34.9 , 44 , 28.84 , 2.141 , 0.040 , 12.14 , 216.21
804 , 4485 , 526.76 , -33.6 , 24 , 28.77 , 2.116 , 0.040 , 12.28 , 216.07
814 , 4544 , 522.33 , -33.7 , 22 , 28.73 , 2.122 , 0.041 , 12.42 , 215.93
824 , 4603 , 517.96 , -34.0 , 26 , 28.71 , 2.070 , 0.040 , 12.56 , 215.79
834 , 4665 , 513.37 , -34.1 , 32 , 28.68 , 2.044 , 0.040 , 12.71 , 215.65
843 , 4729 , 508.67 , -33.9 , 41 , 28.61 , 1.986 , 0.039 , 12.85 , 215.50
853 , 4790 , 504.30 , -34.1 , 42 , 28.55 , 1.963 , 0.039 , 12.99 , 215.37
863 , 4856 , 499.56 , -34.0 , 33 , 28.51 , 2.000 , 0.040 , 13.14 , 215.22
873 , 4920 , 494.97 , -34.4 , 38 , 28.46 , 2.011 , 0.041 , 13.28 , 215.07
883 , 4986 , 490.34 , -34.9 , 47 , 28.42 , 1.996 , 0.041 , 13.43 , 214.92
893 , 5044 , 486.24 , -35.5 , 52 , 28.38 , 1.959 , 0.040 , 13.56 , 214.79
903 , 5106 , 481.98 , -36.0 , 53 , 28.29 , 1.922 , 0.040 , 13.70 , 214.66
913 , 5169 , 477.63 , -36.3 , 55 , 28.21 , 1.905 , 0.040 , 13.83 , 214.52
923 , 5227 , 473.58 , -36.9 , 53 , 28.16 , 1.880 , 0.040 , 13.96 , 214.39
933 , 5287 , 469.54 , -37.3 , 49 , 28.11 , 1.860 , 0.040 , 14.09 , 214.27
943 , 5349 , 465.29 , -37.5 , 41 , 28.07 , 1.860 , 0.040 , 14.22 , 214.13
953 , 5414 , 460.95 , -37.7 , 37 , 28.02 , 1.904 , 0.041 , 14.36 , 213.99
963 , 5477 , 456.73 , -38.0 , 33 , 27.99 , 1.914 , 0.042 , 14.50 , 213.86
973 , 5543 , 452.42 , -38.4 , 36 , 27.93 , 1.867 , 0.041 , 14.64 , 213.71
983 , 5604 , 448.37 , -39.0 , 39 , 27.90 , 1.831 , 0.041 , 14.77 , 213.58
993 , 5676 , 443.71 , -39.6 , 43 , 27.85 , 1.812 , 0.041 , 14.92 , 213.43
1003 , 5746 , 439.21 , -40.2 , 50 , 27.78 , 1.789 , 0.041 , 15.07 , 213.29
1013 , 5812 , 434.94 , -40.8 , 55 , 27.73 , 1.765 , 0.041 , 15.20 , 213.15
1023 , 5868 , 431.40 , -41.2 , 59 , 27.68 , 1.754 , 0.041 , 15.32 , 213.04
1033 , 5925 , 427.76 , -41.4 , 63 , 27.67 , 1.738 , 0.041 , 15.43 , 212.92
1043 , 5986 , 423.96 , -41.9 , 65 , 27.61 , 1.720 , 0.041 , 15.55 , 212.80
1053 , 6046 , 420.19 , -42.4 , 67 , 27.56 , 1.698 , 0.040 , 15.68 , 212.68
1063 , 6112 , 416.11 , -43.0 , 69 , 27.53 , 1.671 , 0.040 , 15.80 , 212.55
1073 , 6175 , 412.21 , -43.5 , 69 , 27.48 , 1.651 , 0.040 , 15.93 , 212.43
1083 , 6239 , 408.31 , -44.1 , 67 , 27.45 , 1.651 , 0.040 , 16.05 , 212.30
1093 , 6298 , 404.71 , -44.6 , 65 , 27.38 , 1.711 , 0.042 , 16.17 , 212.18
1103 , 6360 , 401.02 , -45.2 , 64 , 27.32 , 1.659 , 0.041 , 16.29 , 212.06
1113 , 6427 , 397.00 , -45.7 , 61 , 27.23 , 1.663 , 0.042 , 16.42 , 211.93
1123 , 6488 , 393.38 , -46.0 , 60 , 27.19 , 1.642 , 0.042 , 16.54 , 211.81
1133 , 6548 , 389.84 , -45.8 , 63 , 27.16 , 1.610 , 0.041 , 16.66 , 211.69
1143 , 6607 , 386.39 , -46.0 , 64 , 27.13 , 1.552 , 0.040 , 16.77 , 211.58
1152 , 6666 , 382.97 , -46.3 , 65 , 27.07 , 1.498 , 0.039 , 16.88 , 211.48
1162 , 6728 , 379.38 , -46.8 , 67 , 27.02 , 1.463 , 0.039 , 16.99 , 211.37
1172 , 6793 , 375.72 , -47.2 , 66 , 26.95 , 1.437 , 0.038 , 17.10 , 211.26
1182 , 6863 , 371.75 , -47.8 , 63 , 26.88 , 1.427 , 0.038 , 17.22 , 211.14
1192 , 6923 , 368.40 , -48.2 , 60 , 26.81 , 1.434 , 0.039 , 17.32 , 211.03
1202 , 6988 , 364.76 , -47.8 , 55 , 26.76 , 1.469 , 0.040 , 17.43 , 210.92
1212 , 7054 , 361.15 , -47.1 , 50 , 26.71 , 1.500 , 0.042 , 17.55 , 210.80
1222 , 7114 , 357.86 , -47.6 , 49 , 26.67 , 1.521 , 0.043 , 17.66 , 210.69
1232 , 7179 , 354.34 , -48.1 , 49 , 26.60 , 1.527 , 0.043 , 17.78 , 210.58
1242 , 7238 , 351.17 , -48.6 , 50 , 26.54 , 1.545 , 0.044 , 17.89 , 210.47
1252 , 7306 , 347.60 , -49.2 , 51 , 26.46 , 1.563 , 0.045 , 18.01 , 210.34
1262 , 7364 , 344.49 , -49.8 , 52 , 26.41 , 1.567 , 0.045 , 18.12 , 210.23
1272 , 7431 , 340.97 , -50.4 , 53 , 26.35 , 1.566 , 0.046 , 18.25 , 210.10
1282 , 7502 , 337.31 , -51.1 , 54 , 26.26 , 1.579 , 0.047 , 18.38 , 209.97
1292 , 7561 , 334.22 , -51.6 , 55 , 26.23 , 1.568 , 0.047 , 18.50 , 209.85
1302 , 7627 , 330.83 , -52.2 , 56 , 26.19 , 1.551 , 0.047 , 18.62 , 209.73
1312 , 7689 , 327.70 , -52.7 , 57 , 26.14 , 1.536 , 0.047 , 18.74 , 209.61
1322 , 7757 , 324.25 , -53.2 , 58 , 26.09 , 1.529 , 0.047 , 18.87 , 209.49
1332 , 7825 , 320.83 , -53.8 , 59 , 26.07 , 1.538 , 0.048 , 19.00 , 209.36
1342 , 7890 , 317.62 , -54.3 , 59 , 26.03 , 1.516 , 0.048 , 19.12 , 209.24
1352 , 7964 , 313.94 , -54.9 , 59 , 25.96 , 1.499 , 0.048 , 19.26 , 209.10
1362 , 8030 , 310.70 , -55.5 , 59 , 25.91 , 1.482 , 0.048 , 19.38 , 208.98
1372 , 8100 , 307.34 , -56.1 , 59 , 25.88 , 1.494 , 0.049 , 19.51 , 208.85
1382 , 8162 , 304.33 , -56.6 , 59 , 25.85 , 1.468 , 0.048 , 19.62 , 208.73
1392 , 8227 , 301.23 , -57.2 , 59 , 25.81 , 1.439 , 0.048 , 19.74 , 208.62
1402 , 8288 , 298.31 , -57.8 , 59 , 25.77 , 1.421 , 0.048 , 19.85 , 208.51
1412 , 8356 , 295.15 , -58.4 , 59 , 25.73 , 1.426 , 0.048 , 19.97 , 208.39
1422 , 8428 , 291.77 , -59.0 , 60 , 25.70 , 1.426 , 0.049 , 20.10 , 208.26
1432 , 8495 , 288.67 , -59.5 , 60 , 25.66 , 1.412 , 0.049 , 20.22 , 208.14
1441 , 8551 , 286.09 , -60.1 , 61 , 25.63 , 1.382 , 0.048 , 20.32 , 208.04
1451 , 8614 , 283.18 , -60.6 , 61 , 25.60 , 1.352 , 0.048 , 20.43 , 207.93
1461 , 8679 , 280.24 , -61.1 , 61 , 25.55 , 1.341 , 0.048 , 20.54 , 207.82
1470 , 8735 , 277.74 , -61.7 , 60 , 25.51 , 1.341 , 0.048 , 20.63 , 207.72
1480 , 8797 , 274.98 , -62.2 , 59 , 25.47 , 1.330 , 0.048 , 20.74 , 207.62
1490 , 8856 , 272.35 , -62.7 , 58 , 25.43 , 1.338 , 0.049 , 20.84 , 207.51
1500 , 8918 , 269.61 , -63.2 , 58 , 25.39 , 1.344 , 0.050 , 20.95 , 207.41
1510 , 8982 , 266.83 , -63.8 , 57 , 25.34 , 1.330 , 0.050 , 21.05 , 207.30
1520 , 9054 , 263.68 , -64.3 , 57 , 25.29 , 1.320 , 0.050 , 21.18 , 207.17
1530 , 9120 , 260.84 , -64.9 , 57 , 25.22 , 1.305 , 0.050 , 21.29 , 207.06
1540 , 9179 , 258.35 , -65.3 , 57 , 25.18 , 1.298 , 0.050 , 21.39 , 206.96
1550 , 9238 , 255.85 , -65.7 , 57 , 25.14 , 1.278 , 0.050 , 21.49 , 206.86
1560 , 9301 , 253.22 , -66.3 , 57 , 25.09 , 1.245 , 0.049 , 21.59 , 206.76
1570 , 9359 , 250.80 , -66.8 , 57 , 25.05 , 1.229 , 0.049 , 21.69 , 206.67
1580 , 9423 , 248.12 , -67.3 , 57 , 25.00 , 1.202 , 0.048 , 21.79 , 206.57
1590 , 9489 , 245.43 , -67.8 , 56 , 24.96 , 1.193 , 0.049 , 21.89 , 206.46
1600 , 9552 , 242.88 , -68.4 , 56 , 24.93 , 1.175 , 0.048 , 21.99 , 206.36
1610 , 9611 , 240.49 , -68.9 , 55 , 24.88 , 1.160 , 0.048 , 22.08 , 206.27
1620 , 9672 , 238.06 , -69.5 , 55 , 24.83 , 1.140 , 0.048 , 22.17 , 206.18
1629 , 9730 , 235.74 , -70.0 , 55 , 24.79 , 1.128 , 0.048 , 22.26 , 206.09
1639 , 9791 , 233.32 , -70.4 , 55 , 24.74 , 1.122 , 0.048 , 22.35 , 206.00
1649 , 9858 , 230.71 , -71.1 , 55 , 24.70 , 1.101 , 0.048 , 22.45 , 205.90
1659 , 9928 , 228.00 , -71.7 , 55 , 24.67 , 1.078 , 0.047 , 22.55 , 205.80
1669 , 10005 , 225.03 , -72.2 , 54 , 24.62 , 1.098 , 0.049 , 22.66 , 205.69
1679 , 10061 , 222.87 , -72.6 , 54 , 24.57 , 1.087 , 0.049 , 22.75 , 205.61
1689 , 10133 , 220.17 , -73.3 , 53 , 24.53 , 1.077 , 0.049 , 22.85 , 205.50
1699 , 10208 , 217.35 , -73.9 , 53 , 24.48 , 1.056 , 0.049 , 22.96 , 205.39
1709 , 10264 , 215.27 , -74.4 , 53 , 24.43 , 1.066 , 0.050 , 23.04 , 205.31
1719 , 10333 , 212.72 , -75.0 , 53 , 24.38 , 1.032 , 0.049 , 23.14 , 205.21
1729 , 10395 , 210.49 , -75.5 , 53 , 24.34 , 1.020 , 0.048 , 23.22 , 205.13
1739 , 10453 , 208.38 , -76.0 , 53 , 24.30 , 1.009 , 0.048 , 23.31 , 205.05
1749 , 10524 , 205.81 , -76.5 , 53 , 24.24 , 1.018 , 0.049 , 23.40 , 204.95
1759 , 10586 , 203.60 , -77.0 , 54 , 24.18 , 1.021 , 0.050 , 23.49 , 204.86
1769 , 10643 , 201.61 , -77.2 , 54 , 24.14 , 0.995 , 0.049 , 23.57 , 204.78
1778 , 10685 , 200.11 , -77.2 , 53 , 24.10 , 1.005 , 0.050 , 23.63 , 204.73
1788 , 10728 , 198.63 , -76.7 , 54 , 24.06 , 1.042 , 0.052 , 23.69 , 204.67
1798 , 10782 , 196.76 , -76.7 , 54 , 24.01 , 1.069 , 0.054 , 23.77 , 204.59
1808 , 10837 , 194.91 , -77.0 , 54 , 23.95 , 1.087 , 0.056 , 23.85 , 204.51
1818 , 10882 , 193.37 , -77.2 , 54 , 23.91 , 1.096 , 0.057 , 23.92 , 204.44
1828 , 10930 , 191.76 , -77.4 , 54 , 23.86 , 1.096 , 0.057 , 23.99 , 204.37
1838 , 10975 , 190.27 , -77.8 , 54 , 23.80 , 1.095 , 0.058 , 24.06 , 204.30
1848 , 11020 , 188.78 , -78.1 , 53 , 23.73 , 1.100 , 0.058 , 24.12 , 204.23
1858 , 11065 , 187.31 , -78.2 , 53 , 23.68 , 1.114 , 0.059 , 24.19 , 204.16
1868 , 11111 , 185.78 , -78.1 , 53 , 23.62 , 1.164 , 0.063 , 24.27 , 204.09
1878 , 11175 , 183.72 , -78.3 , 54 , 23.56 , 1.235 , 0.067 , 24.37 , 203.98
1888 , 11234 , 181.82 , -78.7 , 54 , 23.50 , 1.370 , 0.075 , 24.48 , 203.88
1898 , 11278 , 180.44 , -78.9 , 54 , 23.45 , 1.517 , 0.084 , 24.57 , 203.79
1908 , 11323 , 178.99 , -79.1 , 54 , 23.41 , 1.615 , 0.090 , 24.67 , 203.69
1918 , 11377 , 177.31 , -79.3 , 55 , 23.36 , 1.648 , 0.093 , 24.79 , 203.57
1928 , 11424 , 175.84 , -79.3 , 55 , 23.31 , 1.708 , 0.097 , 24.90 , 203.46
1938 , 11470 , 174.42 , -79.0 , 55 , 23.26 , 2.033 , 0.117 , 25.02 , 203.34
1948 , 11519 , 172.92 , -78.7 , 55 , 23.21 , 2.516 , 0.146 , 25.17 , 203.18
1957 , 11562 , 171.63 , -78.8 , 56 , 23.15 , 2.868 , 0.167 , 25.33 , 203.02
1968 , 11612 , 170.12 , -78.6 , 56 , 23.08 , 3.125 , 0.184 , 25.54 , 202.81
1978 , 11656 , 168.83 , -78.4 , 56 , 23.02 , 3.423 , 0.203 , 25.74 , 202.62
1988 , 11699 , 167.56 , -78.3 , 55 , 22.95 , 3.757 , 0.224 , 25.95 , 202.40
1998 , 11744 , 166.24 , -78.2 , 55 , 22.89 , 3.976 , 0.239 , 26.19 , 202.16
2008 , 11789 , 164.93 , -78.1 , 55 , 22.83 , 4.161 , 0.252 , 26.45 , 201.91
2018 , 11836 , 163.58 , -78.1 , 55 , 22.77 , 4.315 , 0.264 , 26.72 , 201.63
2028 , 11881 , 162.29 , -78.0 , 55 , 22.72 , 4.431 , 0.273 , 26.99 , 201.36
2038 , 11929 , 160.93 , -77.9 , 54 , 22.66 , 4.596 , 0.286 , 27.29 , 201.06
2048 , 11986 , 159.35 , -77.9 , 53 , 22.59 , 4.853 , 0.305 , 27.66 , 200.69
2058 , 12032 , 158.05 , -77.7 , 52 , 22.53 , 4.886 , 0.309 , 27.98 , 200.38
2067 , 12074 , 156.91 , -77.6 , 52 , 22.48 , 4.831 , 0.308 , 28.25 , 200.10
2077 , 12114 , 155.80 , -77.6 , 52 , 22.43 , 4.844 , 0.311 , 28.52 , 199.83
2087 , 12157 , 154.65 , -77.4 , 52 , 22.38 , 4.861 , 0.314 , 28.81 , 199.55
2097 , 12199 , 153.50 , -77.4 , 51 , 22.32 , 4.847 , 0.316 , 29.09 , 199.26
2107 , 12242 , 152.37 , -77.4 , 51 , 22.26 , 4.833 , 0.317 , 29.38 , 198.98
2117 , 12287 , 151.18 , -77.3 , 50 , 22.20 , 4.867 , 0.322 , 29.68 , 198.68
2127 , 12329 , 150.09 , -77.1 , 49 , 22.13 , 4.897 , 0.326 , 29.96 , 198.40
2137 , 12369 , 149.04 , -77.0 , 48 , 22.06 , 5.064 , 0.340 , 30.23 , 198.12
2147 , 12408 , 148.03 , -77.1 , 48 , 22.00 , 5.278 , 0.357 , 30.51 , 197.84
2157 , 12448 , 146.99 , -77.2 , 47 , 21.93 , 5.473 , 0.372 , 30.81 , 197.55
2167 , 12488 , 145.97 , -77.3 , 47 , 21.87 , 5.794 , 0.397 , 31.12 , 197.24
2177 , 12527 , 144.98 , -77.2 , 46 , 21.82 , 6.083 , 0.420 , 31.44 , 196.92
2187 , 12568 , 143.94 , -77.2 , 46 , 21.77 , 6.261 , 0.435 , 31.79 , 196.57
2197 , 12610 , 142.89 , -77.1 , 45 , 21.71 , 6.351 , 0.444 , 32.15 , 196.20
2207 , 12651 , 141.90 , -77.1 , 45 , 21.66 , 6.148 , 0.433 , 32.50 , 195.86
2217 , 12691 , 140.90 , -77.0 , 44 , 21.60 , 6.146 , 0.436 , 32.84 , 195.52
2227 , 12746 , 139.55 , -77.2 , 43 , 21.54 , 6.051 , 0.434 , 33.30 , 195.05
2237 , 12794 , 138.39 , -77.6 , 43 , 21.47 , 5.984 , 0.432 , 33.70 , 194.66
2247 , 12838 , 137.33 , -77.7 , 42 , 21.40 , 5.886 , 0.429 , 34.06 , 194.30
2257 , 12881 , 136.31 , -77.7 , 41 , 21.33 , 5.868 , 0.431 , 34.40 , 193.95
2267 , 12923 , 135.30 , -77.8 , 41 , 21.26 , 5.778 , 0.427 , 34.74 , 193.61
2277 , 12968 , 134.25 , -77.9 , 40 , 21.20 , 5.672 , 0.422 , 35.10 , 193.26
2286 , 13008 , 133.30 , -77.9 , 40 , 21.13 , 5.608 , 0.421 , 35.41 , 192.94
2296 , 13048 , 132.39 , -77.6 , 39 , 21.07 , 5.621 , 0.425 , 35.72 , 192.64
2306 , 13090 , 131.42 , -77.3 , 39 , 21.02 , 5.759 , 0.438 , 36.05 , 192.31
2315 , 13129 , 130.51 , -77.2 , 38 , 20.97 , 5.947 , 0.456 , 36.37 , 191.99
2326 , 13180 , 129.37 , -77.1 , 38 , 20.90 , 6.049 , 0.468 , 36.78 , 191.57
2336 , 13224 , 128.39 , -77.0 , 37 , 20.85 , 6.050 , 0.471 , 37.15 , 191.21
2345 , 13264 , 127.50 , -76.9 , 37 , 20.81 , 6.081 , 0.477 , 37.48 , 190.87
2355 , 13302 , 126.64 , -76.9 , 36 , 20.75 , 6.135 , 0.484 , 37.81 , 190.55
2365 , 13343 , 125.74 , -76.9 , 35 , 20.69 , 6.158 , 0.490 , 38.15 , 190.20
2375 , 13385 , 124.83 , -76.7 , 35 , 20.63 , 6.234 , 0.499 , 38.51 , 189.85
2385 , 13425 , 123.96 , -76.4 , 34 , 20.58 , 6.300 , 0.508 , 38.85 , 189.50
2395 , 13466 , 123.10 , -76.2 , 33 , 20.51 , 6.750 , 0.548 , 39.21 , 189.14
2405 , 13507 , 122.22 , -76.1 , 33 , 20.45 , 7.668 , 0.627 , 39.62 , 188.73
2415 , 13549 , 121.33 , -76.0 , 32 , 20.38 , 8.421 , 0.694 , 40.08 , 188.27
2425 , 13591 , 120.45 , -75.9 , 31 , 20.31 , 8.786 , 0.729 , 40.57 , 187.78
2435 , 13634 , 119.55 , -75.9 , 30 , 20.24 , 9.060 , 0.758 , 41.10 , 187.25
2445 , 13678 , 118.66 , -75.8 , 30 , 20.17 , 9.525 , 0.803 , 41.65 , 186.70
2455 , 13719 , 117.80 , -75.9 , 29 , 20.11 , 9.876 , 0.838 , 42.21 , 186.14
2465 , 13759 , 117.00 , -75.8 , 28 , 20.04 , 10.199 , 0.872 , 42.75 , 185.60
2475 , 13799 , 116.19 , -75.3 , 27 , 19.98 , 10.702 , 0.921 , 43.33 , 185.03
2485 , 13841 , 115.35 , -75.1 , 26 , 19.93 , 11.209 , 0.972 , 43.95 , 184.40
2495 , 13886 , 114.45 , -74.8 , 25 , 19.88 , 11.626 , 1.016 , 44.65 , 183.70
2505 , 13930 , 113.59 , -74.7 , 24 , 19.83 , 11.902 , 1.048 , 45.35 , 183.00
2515 , 13972 , 112.77 , -74.8 , 24 , 19.78 , 12.163 , 1.079 , 46.04 , 182.31
2525 , 14014 , 111.97 , -74.8 , 23 , 19.73 , 12.451 , 1.112 , 46.73 , 181.62
2535 , 14054 , 111.20 , -74.8 , 22 , 19.67 , 12.563 , 1.130 , 47.42 , 180.94
2545 , 14096 , 110.39 , -74.9 , 21 , 19.62 , 12.693 , 1.150 , 48.15 , 180.21
2555 , 14136 , 109.64 , -75.1 , 21 , 19.56 , 12.746 , 1.163 , 48.83 , 179.52
2565 , 14178 , 108.84 , -75.2 , 20 , 19.49 , 12.843 , 1.180 , 49.57 , 178.79
2575 , 14224 , 107.99 , -75.2 , 19 , 19.43 , 12.937 , 1.198 , 50.37 , 177.99
2585 , 14267 , 107.19 , -75.2 , 19 , 19.37 , 13.068 , 1.219 , 51.13 , 177.22
2595 , 14310 , 106.38 , -75.2 , 18 , 19.30 , 13.239 , 1.244 , 51.91 , 176.44
2605 , 14352 , 105.62 , -75.1 , 17 , 19.24 , 13.594 , 1.287 , 52.68 , 175.68
2615 , 14394 , 104.85 , -75.1 , 17 , 19.18 , 14.144 , 1.349 , 53.47 , 174.88
2624 , 14435 , 104.12 , -75.0 , 17 , 19.13 , 14.725 , 1.414 , 54.28 , 174.08
2634 , 14477 , 103.37 , -75.0 , 16 , 19.08 , 14.904 , 1.442 , 55.12 , 173.23
2644 , 14520 , 102.60 , -75.2 , 16 , 19.03 , 14.863 , 1.449 , 56.00 , 172.36
2654 , 14563 , 101.85 , -75.3 , 16 , 18.99 , 14.537 , 1.427 , 56.84 , 171.51
2664 , 14606 , 101.09 , -75.4 , 15 , 18.95 , 14.073 , 1.392 , 57.69 , 170.67
2673 , 14647 , 100.38 , -75.6 , 15 , 18.92 , 13.661 , 1.361 , 58.47 , 169.89
2683 , 14688 , 99.67 , -75.6 , 15 , 18.87 , 13.275 , 1.332 , 59.22 , 169.13
2693 , 14730 , 98.94 , -75.6 , 15 , 18.81 , 13.201 , 1.334 , 59.98 , 168.37
2703 , 14771 , 98.24 , -75.6 , 14 , 18.76 , 13.347 , 1.359 , 60.73 , 167.63
2712 , 14810 , 97.58 , -75.5 , 14 , 18.72 , 13.566 , 1.390 , 61.44 , 166.91
2723 , 14854 , 96.85 , -75.4 , 14 , 18.66 , 13.161 , 1.359 , 62.23 , 166.12
2733 , 14896 , 96.15 , -75.4 , 14 , 18.61 , 12.185 , 1.267 , 62.96 , 165.39
2743 , 14935 , 95.51 , -75.5 , 14 , 18.55 , 11.306 , 1.184 , 63.59 , 164.77
2752 , 14973 , 94.88 , -75.6 , 14 , 18.50 , 10.770 , 1.135 , 64.16 , 164.19
2763 , 15020 , 94.12 , -75.6 , 14 , 18.44 , 10.433 , 1.109 , 64.83 , 163.52
2773 , 15063 , 93.41 , -75.6 , 14 , 18.38 , 10.328 , 1.106 , 65.45 , 162.90
2783 , 15107 , 92.70 , -75.6 , 14 , 18.33 , 10.154 , 1.095 , 66.07 , 162.29
2793 , 15150 , 92.02 , -75.6 , 14 , 18.27 , 9.896 , 1.075 , 66.65 , 161.70
2803 , 15196 , 91.29 , -75.9 , 14 , 18.20 , 9.683 , 1.061 , 67.26 , 161.09
2813 , 15242 , 90.57 , -76.1 , 14 , 18.14 , 9.594 , 1.059 , 67.87 , 160.48
2823 , 15287 , 89.87 , -76.2 , 14 , 18.08 , 9.496 , 1.057 , 68.46 , 159.90
2833 , 15333 , 89.15 , -76.1 , 14 , 18.03 , 9.484 , 1.064 , 69.05 , 159.30
2843 , 15381 , 88.41 , -76.0 , 14 , 17.96 , 9.641 , 1.090 , 69.68 , 158.67
2853 , 15434 , 87.60 , -76.0 , 14 , 17.88 , 9.824 , 1.121 , 70.39 , 157.96
2862 , 15478 , 86.93 , -76.3 , 14 , 17.83 , 10.025 , 1.153 , 71.00 , 157.36
2873 , 15532 , 86.12 , -76.7 , 14 , 17.77 , 10.191 , 1.183 , 71.74 , 156.61
2882 , 15580 , 85.41 , -76.6 , 14 , 17.72 , 10.358 , 1.213 , 72.42 , 155.94
2892 , 15626 , 84.73 , -76.6 , 14 , 17.67 , 10.761 , 1.270 , 73.08 , 155.27
2902 , 15671 , 84.06 , -76.7 , 14 , 17.62 , 11.111 , 1.322 , 73.76 , 154.59
2912 , 15715 , 83.43 , -76.6 , 14 , 17.56 , 11.449 , 1.372 , 74.43 , 153.92
2922 , 15758 , 82.80 , -76.6 , 14 , 17.50 , 11.682 , 1.411 , 75.12 , 153.23
2931 , 15800 , 82.21 , -76.5 , 14 , 17.44 , 11.716 , 1.425 , 75.79 , 152.56
2942 , 15841 , 81.62 , -76.6 , 14 , 17.38 , 11.756 , 1.440 , 76.46 , 151.90
2952 , 15882 , 81.04 , -76.7 , 14 , 17.32 , 11.737 , 1.448 , 77.12 , 151.23
2962 , 15924 , 80.45 , -76.6 , 14 , 17.27 , 11.601 , 1.442 , 77.78 , 150.57
2972 , 15968 , 79.83 , -76.6 , 14 , 17.21 , 11.431 , 1.432 , 78.48 , 149.87
2982 , 16011 , 79.25 , -76.7 , 14 , 17.16 , 11.145 , 1.406 , 79.14 , 149.21
2992 , 16050 , 78.70 , -76.8 , 14 , 17.10 , 10.881 , 1.383 , 79.74 , 148.61
3002 , 16092 , 78.14 , -76.8 , 14 , 17.04 , 10.659 , 1.364 , 80.36 , 148.00
3012 , 16134 , 77.56 , -76.8 , 14 , 16.99 , 10.504 , 1.354 , 80.97 , 147.38
3022 , 16177 , 76.99 , -76.7 , 14 , 16.93 , 10.326 , 1.341 , 81.58 , 146.77
3032 , 16219 , 76.42 , -76.8 , 14 , 16.88 , 10.237 , 1.340 , 82.18 , 146.17
3042 , 16262 , 75.85 , -76.7 , 14 , 16.81 , 10.184 , 1.343 , 82.78 , 145.57
3052 , 16306 , 75.27 , -76.8 , 14 , 16.75 , 10.267 , 1.364 , 83.40 , 144.95
3062 , 16351 , 74.69 , -77.0 , 14 , 16.70 , 10.426 , 1.396 , 84.03 , 144.32
3072 , 16394 , 74.14 , -77.2 , 14 , 16.64 , 10.523 , 1.419 , 84.65 , 143.70
3082 , 16437 , 73.58 , -77.4 , 14 , 16.58 , 10.679 , 1.451 , 85.28 , 143.07
3092 , 16481 , 73.01 , -77.3 , 13 , 16.52 , 10.831 , 1.483 , 85.94 , 142.41
3102 , 16525 , 72.46 , -77.0 , 13 , 16.47 , 11.011 , 1.520 , 86.59 , 141.76
3112 , 16567 , 71.93 , -77.0 , 13 , 16.41 , 11.161 , 1.552 , 87.24 , 141.12
3122 , 16611 , 71.38 , -77.1 , 13 , 16.35 , 11.270 , 1.579 , 87.92 , 140.43
3132 , 16657 , 70.81 , -77.2 , 13 , 16.29 , 11.376 , 1.606 , 88.63 , 139.73
3142 , 16702 , 70.26 , -77.5 , 13 , 16.23 , 11.477 , 1.634 , 89.34 , 139.01
3152 , 16747 , 69.71 , -77.6 , 13 , 16.16 , 11.454 , 1.643 , 90.05 , 138.30
3162 , 16792 , 69.16 , -77.5 , 13 , 16.11 , 11.467 , 1.658 , 90.76 , 137.59
3171 , 16835 , 68.64 , -77.1 , 13 , 16.05 , 11.399 , 1.661 , 91.44 , 136.91
3181 , 16878 , 68.14 , -77.1 , 13 , 16.00 , 11.361 , 1.667 , 92.11 , 136.25
3191 , 16923 , 67.59 , -77.1 , 13 , 15.94 , 11.299 , 1.672 , 92.82 , 135.53
3201 , 16967 , 67.08 , -77.2 , 13 , 15.88 , 11.283 , 1.682 , 93.49 , 134.86
3211 , 17010 , 66.58 , -76.9 , 12 , 15.82 , 11.162 , 1.677 , 94.17 , 134.19
3220 , 17052 , 66.10 , -76.9 , 12 , 15.76 , 11.013 , 1.666 , 94.80 , 133.55
3230 , 17093 , 65.63 , -77.1 , 12 , 15.71 , 10.957 , 1.669 , 95.42 , 132.94
3240 , 17136 , 65.14 , -76.9 , 12 , 15.65 , 10.946 , 1.681 , 96.07 , 132.29
3250 , 17178 , 64.66 , -77.0 , 12 , 15.59 , 10.808 , 1.671 , 96.69 , 131.66
3260 , 17220 , 64.19 , -77.0 , 12 , 15.54 , 10.745 , 1.674 , 97.32 , 131.03
3270 , 17261 , 63.73 , -77.2 , 12 , 15.48 , 10.700 , 1.679 , 97.93 , 130.43
3280 , 17304 , 63.26 , -77.2 , 12 , 15.43 , 10.735 , 1.697 , 98.55 , 129.80
3290 , 17348 , 62.78 , -77.3 , 12 , 15.37 , 10.870 , 1.732 , 99.21 , 129.15
3300 , 17390 , 62.31 , -77.4 , 12 , 15.32 , 10.944 , 1.756 , 99.84 , 128.51
3310 , 17436 , 61.82 , -77.3 , 12 , 15.26 , 10.970 , 1.774 , 100.53 , 127.82
3320 , 17478 , 61.37 , -77.0 , 12 , 15.21 , 10.997 , 1.792 , 101.17 , 127.18
3330 , 17522 , 60.90 , -77.0 , 12 , 15.15 , 11.060 , 1.816 , 101.84 , 126.51
3340 , 17566 , 60.44 , -76.9 , 12 , 15.10 , 11.088 , 1.835 , 102.50 , 125.85
3350 , 17609 , 59.99 , -76.8 , 12 , 15.05 , 11.172 , 1.862 , 103.16 , 125.20
3360 , 17652 , 59.54 , -76.8 , 12 , 15.00 , 11.220 , 1.884 , 103.82 , 124.53
3370 , 17696 , 59.08 , -76.8 , 12 , 14.95 , 11.299 , 1.912 , 104.50 , 123.85
3380 , 17742 , 58.61 , -76.7 , 11 , 14.90 , 11.329 , 1.933 , 105.22 , 123.14
3390 , 17785 , 58.17 , -76.5 , 11 , 14.85 , 11.225 , 1.930 , 105.89 , 122.46
3400 , 17830 , 57.72 , -76.3 , 11 , 14.80 , 11.172 , 1.935 , 106.57 , 121.78
3410 , 17874 , 57.28 , -76.4 , 11 , 14.75 , 11.078 , 1.934 , 107.24 , 121.11
3420 , 17920 , 56.83 , -76.5 , 11 , 14.71 , 10.895 , 1.917 , 107.93 , 120.42
3429 , 17963 , 56.40 , -76.5 , 11 , 14.66 , 10.902 , 1.933 , 108.58 , 119.77
3439 , 18007 , 55.97 , -76.5 , 11 , 14.62 , 10.785 , 1.927 , 109.24 , 119.12
3449 , 18053 , 55.53 , -76.5 , 11 , 14.58 , 10.570 , 1.904 , 109.91 , 118.44
3459 , 18098 , 55.10 , -76.4 , 11 , 14.53 , 10.307 , 1.871 , 110.55 , 117.80
3469 , 18144 , 54.66 , -76.2 , 11 , 14.49 , 10.185 , 1.863 , 111.20 , 117.16
3479 , 18192 , 54.20 , -76.1 , 11 , 14.45 , 10.054 , 1.855 , 111.87 , 116.49
3489 , 18239 , 53.76 , -76.1 , 11 , 14.41 , 10.049 , 1.869 , 112.51 , 115.84
3499 , 18284 , 53.34 , -76.0 , 11 , 14.37 , 9.876 , 1.851 , 113.13 , 115.23
3509 , 18331 , 52.92 , -75.6 , 11 , 14.33 , 9.844 , 1.860 , 113.75 , 114.60
3519 , 18379 , 52.48 , -75.6 , 11 , 14.29 , 9.869 , 1.880 , 114.40 , 113.95
3529 , 18425 , 52.06 , -75.8 , 11 , 14.25 , 9.892 , 1.900 , 115.02 , 113.33
3539 , 18471 , 51.65 , -76.0 , 10 , 14.21 , 9.891 , 1.915 , 115.65 , 112.71
3549 , 18516 , 51.25 , -76.2 , 10 , 14.17 , 9.877 , 1.927 , 116.25 , 112.10
3559 , 18564 , 50.83 , -76.1 , 10 , 14.13 , 9.867 , 1.941 , 116.89 , 111.46
3569 , 18613 , 50.39 , -76.0 , 10 , 14.10 , 9.877 , 1.960 , 117.56 , 110.79
3579 , 18662 , 49.97 , -76.2 , 10 , 14.06 , 9.930 , 1.987 , 118.22 , 110.13
3589 , 18711 , 49.54 , -76.3 , 10 , 14.03 , 9.859 , 1.990 , 118.89 , 109.46
3599 , 18759 , 49.13 , -76.3 , 10 , 14.00 , 9.936 , 2.022 , 119.54 , 108.81
3609 , 18810 , 48.70 , -76.4 , 10 , 13.96 , 10.056 , 2.065 , 120.24 , 108.11
3619 , 18855 , 48.32 , -76.4 , 10 , 13.92 , 10.090 , 2.088 , 120.85 , 107.50
3629 , 18899 , 47.95 , -76.4 , 10 , 13.89 , 10.049 , 2.096 , 121.47 , 106.88
3639 , 18945 , 47.58 , -76.3 , 10 , 13.85 , 10.122 , 2.128 , 122.10 , 106.26
3649 , 18990 , 47.20 , -76.4 , 10 , 13.81 , 10.121 , 2.144 , 122.72 , 105.63
3659 , 19033 , 46.85 , -76.4 , 10 , 13.77 , 10.051 , 2.145 , 123.32 , 105.03
3669 , 19078 , 46.49 , -76.2 , 10 , 13.73 , 10.092 , 2.171 , 123.94 , 104.42
3679 , 19121 , 46.14 , -76.4 , 10 , 13.68 , 10.109 , 2.191 , 124.54 , 103.81
3688 , 19165 , 45.79 , -76.6 , 10 , 13.65 , 10.070 , 2.199 , 125.14 , 103.21
3698 , 19208 , 45.45 , -76.7 , 9 , 13.60 , 9.981 , 2.196 , 125.74 , 102.61
3708 , 19251 , 45.11 , -76.7 , 9 , 13.56 , 9.870 , 2.188 , 126.32 , 102.03
3718 , 19296 , 44.76 , -76.8 , 9 , 13.51 , 9.860 , 2.203 , 126.93 , 101.42
3728 , 19339 , 44.42 , -76.8 , 9 , 13.46 , 9.725 , 2.189 , 127.51 , 100.84
3738 , 19385 , 44.07 , -76.6 , 9 , 13.42 , 9.697 , 2.200 , 128.12 , 100.23
3748 , 19430 , 43.73 , -76.6 , 9 , 13.37 , 9.677 , 2.213 , 128.72 , 99.63
3758 , 19479 , 43.36 , -76.6 , 9 , 13.32 , 9.640 , 2.223 , 129.37 , 98.98
3768 , 19525 , 43.01 , -76.7 , 9 , 13.27 , 9.558 , 2.222 , 129.97 , 98.38
3778 , 19573 , 42.66 , -76.8 , 9 , 13.22 , 9.444 , 2.214 , 130.60 , 97.76
3788 , 19621 , 42.29 , -76.9 , 9 , 13.17 , 9.261 , 2.190 , 131.22 , 97.13
3798 , 19673 , 41.92 , -76.9 , 9 , 13.12 , 9.162 , 2.186 , 131.88 , 96.48
3807 , 19723 , 41.55 , -77.0 , 9 , 13.07 , 9.141 , 2.200 , 132.51 , 95.85
3817 , 19770 , 41.22 , -77.1 , 9 , 13.02 , 9.187 , 2.229 , 133.10 , 95.26
3827 , 19818 , 40.87 , -77.4 , 9 , 12.97 , 9.129 , 2.234 , 133.70 , 94.65
3837 , 19866 , 40.53 , -77.6 , 9 , 12.92 , 9.058 , 2.235 , 134.31 , 94.05
3847 , 19916 , 40.18 , -77.8 , 9 , 12.87 , 8.986 , 2.237 , 134.93 , 93.42
3857 , 19965 , 39.83 , -78.0 , 9 , 12.83 , 9.090 , 2.282 , 135.54 , 92.82
3867 , 20018 , 39.47 , -77.8 , 9 , 12.78 , 9.108 , 2.308 , 136.20 , 92.15
3877 , 20072 , 39.10 , -77.7 , 9 , 12.73 , 9.183 , 2.349 , 136.89 , 91.47
3887 , 20125 , 38.74 , -77.9 , 9 , 12.68 , 8.987 , 2.320 , 137.54 , 90.81
3897 , 20173 , 38.41 , -77.5 , 9 , 12.63 , 8.799 , 2.291 , 138.14 , 90.22
3907 , 20218 , 38.11 , -77.4 , 9 , 12.58 , 8.563 , 2.247 , 138.68 , 89.68
3917 , 20264 , 37.81 , -77.3 , 9 , 12.53 , 8.471 , 2.241 , 139.21 , 89.14
3927 , 20310 , 37.51 , -77.3 , 9 , 12.47 , 8.404 , 2.241 , 139.74 , 88.61
3937 , 20355 , 37.21 , -77.3 , 9 , 12.42 , 8.391 , 2.255 , 140.27 , 88.08
3947 , 20401 , 36.91 , -77.4 , 9 , 12.37 , 8.470 , 2.295 , 140.81 , 87.55
3957 , 20445 , 36.63 , -77.4 , 9 , 12.31 , 8.567 , 2.339 , 141.32 , 87.04
3966 , 20489 , 36.35 , -77.4 , 9 , 12.26 , 8.750 , 2.407 , 141.84 , 86.51
3976 , 20532 , 36.08 , -77.5 , 9 , 12.21 , 8.859 , 2.456 , 142.37 , 85.98
3986 , 20576 , 35.80 , -77.5 , 9 , 12.16 , 9.025 , 2.521 , 142.91 , 85.44
3996 , 20623 , 35.51 , -77.3 , 9 , 12.10 , 9.349 , 2.633 , 143.51 , 84.84
4006 , 20666 , 35.24 , -77.2 , 9 , 12.05 , 9.863 , 2.799 , 144.08 , 84.28
4016 , 20709 , 34.98 , -77.3 , 9 , 11.99 , 10.354 , 2.960 , 144.67 , 83.68
4026 , 20752 , 34.72 , -77.3 , 9 , 11.94 , 10.606 , 3.055 , 145.29 , 83.07
4036 , 20795 , 34.46 , -77.4 , 9 , 11.89 , 10.602 , 3.077 , 145.92 , 82.43
4046 , 20839 , 34.19 , -77.3 , 9 , 11.83 , 10.485 , 3.066 , 146.56 , 81.79
4056 , 20884 , 33.93 , -77.5 , 9 , 11.77 , 10.366 , 3.055 , 147.20 , 81.15
4066 , 20928 , 33.67 , -77.6 , 9 , 11.72 , 10.199 , 3.029 , 147.83 , 80.52
4076 , 20971 , 33.42 , -77.4 , 8 , 11.66 , 10.006 , 2.994 , 148.42 , 79.93
4086 , 21019 , 33.14 , -77.6 , 8 , 11.60 , 9.853 , 2.973 , 149.08 , 79.27
4096 , 21069 , 32.85 , -77.8 , 8 , 11.54 , 9.670 , 2.944 , 149.76 , 78.60
4106 , 21120 , 32.56 , -78.1 , 8 , 11.49 , 9.382 , 2.881 , 150.42 , 77.93
4116 , 21168 , 32.29 , -78.2 , 8 , 11.43 , 9.282 , 2.875 , 151.04 , 77.31
4126 , 21216 , 32.02 , -78.1 , 8 , 11.38 , 9.076 , 2.835 , 151.65 , 76.70
4136 , 21266 , 31.74 , -78.3 , 8 , 11.32 , 8.831 , 2.783 , 152.27 , 76.08
4146 , 21320 , 31.44 , -78.6 , 8 , 11.27 , 8.598 , 2.735 , 152.92 , 75.43
4156 , 21371 , 31.16 , -78.6 , 8 , 11.21 , 8.374 , 2.688 , 153.53 , 74.83
4166 , 21420 , 30.89 , -78.5 , 8 , 11.16 , 8.034 , 2.601 , 154.08 , 74.27
4176 , 21468 , 30.63 , -78.5 , 8 , 11.10 , 7.789 , 2.543 , 154.60 , 73.75
4186 , 21516 , 30.37 , -78.6 , 8 , 11.05 , 7.635 , 2.514 , 155.12 , 73.23
4196 , 21566 , 30.11 , -78.5 , 8 , 11.00 , 7.456 , 2.476 , 155.64 , 72.71
4206 , 21617 , 29.84 , -78.7 , 8 , 10.94 , 7.284 , 2.441 , 156.16 , 72.19
4215 , 21662 , 29.60 , -78.7 , 8 , 10.90 , 7.200 , 2.432 , 156.62 , 71.74
4225 , 21713 , 29.34 , -78.7 , 8 , 10.85 , 7.378 , 2.515 , 157.13 , 71.22
4234 , 21754 , 29.13 , -78.7 , 8 , 10.80 , 7.651 , 2.626 , 157.55 , 70.80
4243 , 21797 , 28.91 , -78.4 , 8 , 10.76 , 7.880 , 2.725 , 158.02 , 70.33
4253 , 21841 , 28.69 , -78.3 , 8 , 10.71 , 7.919 , 2.760 , 158.50 , 69.85
4263 , 21886 , 28.46 , -78.2 , 8 , 10.66 , 7.860 , 2.761 , 158.99 , 69.36
4273 , 21931 , 28.24 , -77.9 , 8 , 10.61 , 7.766 , 2.750 , 159.48 , 68.88
4283 , 21973 , 28.03 , -77.9 , 8 , 10.56 , 7.751 , 2.765 , 159.93 , 68.42
4293 , 22017 , 27.82 , -77.8 , 8 , 10.51 , 7.730 , 2.779 , 160.41 , 67.95
4303 , 22062 , 27.60 , -77.7 , 8 , 10.46 , 7.687 , 2.785 , 160.87 , 67.48
4313 , 22108 , 27.38 , -77.6 , 8 , 10.41 , 7.530 , 2.750 , 161.36 , 66.99
4323 , 22149 , 27.19 , -77.3 , 8 , 10.36 , 7.065 , 2.599 , 161.77 , 66.58
4333 , 22195 , 26.97 , -77.3 , 8 , 10.32 , 6.733 , 2.497 , 162.21 , 66.14
4343 , 22240 , 26.76 , -77.4 , 8 , 10.27 , 6.660 , 2.489 , 162.62 , 65.73
4353 , 22284 , 26.55 , -77.3 , 8 , 10.23 , 6.611 , 2.490 , 163.03 , 65.32
4363 , 22327 , 26.35 , -77.2 , 8 , 10.18 , 6.466 , 2.454 , 163.42 , 64.94
4373 , 22369 , 26.16 , -77.0 , 8 , 10.14 , 6.330 , 2.419 , 163.78 , 64.57
4382 , 22412 , 25.97 , -76.9 , 8 , 10.10 , 6.268 , 2.414 , 164.16 , 64.20
4392 , 22451 , 25.79 , -76.9 , 8 , 10.05 , 6.253 , 2.425 , 164.49 , 63.86
4402 , 22495 , 25.59 , -76.8 , 8 , 10.01 , 6.166 , 2.409 , 164.87 , 63.49
4412 , 22541 , 25.39 , -76.6 , 8 , 9.98 , 6.149 , 2.422 , 165.25 , 63.10
4422 , 22586 , 25.19 , -76.3 , 8 , 9.94 , 6.135 , 2.435 , 165.63 , 62.72
4432 , 22635 , 24.98 , -76.1 , 8 , 9.91 , 6.094 , 2.440 , 166.04 , 62.31
4442 , 22681 , 24.78 , -76.0 , 8 , 9.87 , 6.135 , 2.476 , 166.43 , 61.92
4452 , 22729 , 24.58 , -75.9 , 8 , 9.84 , 6.079 , 2.473 , 166.83 , 61.53
4462 , 22771 , 24.40 , -75.3 , 7 , 9.80 , 6.079 , 2.492 , 167.18 , 61.18
4472 , 22824 , 24.18 , -74.9 , 7 , 9.77 , 6.150 , 2.544 , 167.62 , 60.73
4482 , 22875 , 23.96 , -74.6 , 7 , 9.74 , 6.287 , 2.624 , 168.05 , 60.30
4492 , 22923 , 23.77 , -74.4 , 7 , 9.71 , 6.280 , 2.642 , 168.46 , 59.89
4501 , 22975 , 23.56 , -74.1 , 7 , 9.68 , 6.261 , 2.658 , 168.90 , 59.45
4512 , 23027 , 23.35 , -74.0 , 7 , 9.65 , 6.356 , 2.723 , 169.35 , 59.01
4522 , 23076 , 23.15 , -74.2 , 7 , 9.62 , 6.375 , 2.754 , 169.77 , 58.58
4531 , 23127 , 22.95 , -74.4 , 7 , 9.59 , 6.342 , 2.763 , 170.21 , 58.15
4541 , 23179 , 22.75 , -74.0 , 7 , 9.56 , 6.376 , 2.803 , 170.65 , 57.70
4551 , 23229 , 22.55 , -73.9 , 7 , 9.54 , 6.421 , 2.848 , 171.09 , 57.26
4561 , 23279 , 22.36 , -73.4 , 7 , 9.51 , 6.347 , 2.839 , 171.52 , 56.84
4571 , 23327 , 22.17 , -73.2 , 6 , 9.48 , 6.415 , 2.893 , 171.94 , 56.42
4581 , 23378 , 21.98 , -73.3 , 6 , 9.46 , 6.405 , 2.914 , 172.38 , 55.98
4591 , 23427 , 21.80 , -73.5 , 6 , 9.43 , 6.407 , 2.939 , 172.80 , 55.56
4601 , 23482 , 21.60 , -73.6 , 6 , 9.41 , 6.396 , 2.961 , 173.27 , 55.08
4611 , 23535 , 21.40 , -73.9 , 6 , 9.39 , 6.359 , 2.971 , 173.73 , 54.63
4621 , 23586 , 21.21 , -74.1 , 6 , 9.36 , 6.331 , 2.984 , 174.17 , 54.18
4631 , 23637 , 21.03 , -74.4 , 6 , 9.33 , 6.283 , 2.988 , 174.61 , 53.74
4641 , 23693 , 20.83 , -74.5 , 6 , 9.31 , 6.198 , 2.976 , 175.08 , 53.28
4651 , 23745 , 20.64 , -74.5 , 6 , 9.28 , 6.164 , 2.987 , 175.52 , 52.84
4661 , 23793 , 20.47 , -74.6 , 6 , 9.25 , 6.158 , 3.008 , 175.91 , 52.44
4671 , 23841 , 20.30 , -74.5 , 6 , 9.22 , 6.149 , 3.029 , 176.32 , 52.03
4681 , 23890 , 20.13 , -74.7 , 6 , 9.19 , 6.133 , 3.046 , 176.73 , 51.63
4690 , 23941 , 19.96 , -75.0 , 6 , 9.16 , 6.068 , 3.040 , 177.15 , 51.20
4700 , 23988 , 19.80 , -74.9 , 6 , 9.13 , 6.066 , 3.064 , 177.54 , 50.82
4710 , 24041 , 19.62 , -74.9 , 6 , 9.10 , 6.011 , 3.064 , 177.97 , 50.38
4720 , 24094 , 19.44 , -74.9 , 6 , 9.06 , 5.966 , 3.069 , 178.40 , 49.95
4730 , 24139 , 19.29 , -74.8 , 5 , 9.03 , 5.920 , 3.070 , 178.77 , 49.58
4740 , 24190 , 19.12 , -74.7 , 5 , 8.99 , 5.917 , 3.095 , 179.18 , 49.17
4750 , 24239 , 18.96 , -74.6 , 5 , 8.95 , 5.858 , 3.090 , 179.57 , 48.78
4760 , 24289 , 18.80 , -74.8 , 5 , 8.91 , 5.838 , 3.106 , 179.97 , 48.38
4770 , 24336 , 18.64 , -75.0 , 5 , 8.88 , 5.797 , 3.109 , 180.34 , 48.01
4780 , 24383 , 18.49 , -75.2 , 5 , 8.84 , 5.727 , 3.097 , 180.71 , 47.65
4790 , 24431 , 18.34 , -75.3 , 5 , 8.81 , 5.692 , 3.103 , 181.08 , 47.27
4800 , 24471 , 18.22 , -75.2 , 5 , 8.77 , 5.627 , 3.089 , 181.39 , 46.96
4809 , 24516 , 18.08 , -75.3 , 5 , 8.73 , 5.508 , 3.047 , 181.73 , 46.62
4818 , 24554 , 17.96 , -74.5 , 5 , 8.70 , 5.469 , 3.046 , 182.02 , 46.34
4828 , 24597 , 17.82 , -73.9 , 5 , 8.66 , 5.474 , 3.071 , 182.33 , 46.02
4838 , 24640 , 17.69 , -73.5 , 5 , 8.62 , 5.482 , 3.099 , 182.65 , 45.70
4848 , 24679 , 17.58 , -72.9 , 5 , 8.58 , 5.509 , 3.135 , 182.94 , 45.41
4858 , 24725 , 17.44 , -72.3 , 5 , 8.53 , 5.467 , 3.135 , 183.28 , 45.07
4868 , 24768 , 17.31 , -71.9 , 5 , 8.49 , 5.393 , 3.115 , 183.60 , 44.76
4878 , 24808 , 17.19 , -71.6 , 5 , 8.45 , 5.400 , 3.141 , 183.88 , 44.47
4888 , 24855 , 17.06 , -71.4 , 5 , 8.40 , 5.363 , 3.144 , 184.22 , 44.13
4898 , 24898 , 16.93 , -71.2 , 5 , 8.36 , 5.377 , 3.175 , 184.53 , 43.82
4908 , 24946 , 16.80 , -71.4 , 5 , 8.31 , 5.384 , 3.205 , 184.87 , 43.48
4918 , 24995 , 16.66 , -71.2 , 4 , 8.26 , 5.346 , 3.209 , 185.22 , 43.13
4928 , 25041 , 16.53 , -70.9 , 4 , 8.22 , 5.296 , 3.204 , 185.55 , 42.80
4938 , 25092 , 16.39 , -70.8 , 4 , 8.17 , 5.284 , 3.225 , 185.91 , 42.44
4948 , 25145 , 16.24 , -71.0 , 4 , 8.12 , 5.264 , 3.241 , 186.28 , 42.07
4958 , 25201 , 16.09 , -71.3 , 4 , 8.07 , 5.270 , 3.276 , 186.68 , 41.67
4967 , 25258 , 15.93 , -71.7 , 4 , 8.02 , 5.228 , 3.281 , 187.08 , 41.27
4978 , 25326 , 15.75 , -71.7 , 4 , 7.97 , 5.170 , 3.282 , 187.55 , 40.80
