# ------------------------------------------------------------
#
# Flight name: V2214
# Station: Davis
# Launch Date: 01 October 2014
# Launch Time: 11:16:53
# 
# This file created: Mon Oct 06 11:49:33 2014
# 
# 
# ------------------------------------------------------------
# DATA COLUMNS
# Time (s)
# Height (m)
# Atmospheric Pressure (hPa)
# Atmospheric Temperature (°C)
# Relative Humidity (%)
# Box Temperature (°C)
# Ozone Partial Pressure (mPa)
# Ozone Mixing Ratio (ppmV)
# Accumulated Ozone to this Height (Dobson Units)
# Remaining Ozone above this Height (Dobson Units)
# 
# ------------------------------------------------------------
# 
# Integrated Ozone = 167.5 DU
# Extrapolated Ozone =  37.6 DU
# 
# Total Ozone = 205.1 DU
# 
# 
# ------------------------------------------------------------
0 , 18 , 987.60 , -12.5 , 41 , 36.08 , 2.881 , 0.029 , 0.00 , 205.13
10 , 62 , 981.88 , -13.1 , 44 , 36.04 , 3.030 , 0.031 , 0.14 , 204.99
19 , 115 , 975.08 , -13.6 , 46 , 35.85 , 3.018 , 0.031 , 0.30 , 204.83
28 , 168 , 968.22 , -14.1 , 48 , 35.66 , 2.953 , 0.030 , 0.47 , 204.66
38 , 216 , 962.16 , -14.6 , 50 , 35.51 , 3.035 , 0.032 , 0.62 , 204.51
48 , 260 , 956.62 , -15.0 , 51 , 35.39 , 3.016 , 0.032 , 0.75 , 204.37
58 , 312 , 950.04 , -15.5 , 52 , 35.08 , 3.009 , 0.032 , 0.92 , 204.21
68 , 362 , 943.71 , -16.0 , 54 , 34.90 , 2.976 , 0.032 , 1.08 , 204.05
78 , 417 , 936.89 , -16.5 , 56 , 34.77 , 2.937 , 0.031 , 1.25 , 203.88
88 , 465 , 930.90 , -17.0 , 58 , 34.65 , 2.928 , 0.031 , 1.39 , 203.73
98 , 518 , 924.26 , -17.4 , 61 , 34.47 , 2.932 , 0.032 , 1.56 , 203.57
108 , 567 , 918.24 , -17.9 , 62 , 34.41 , 2.902 , 0.032 , 1.71 , 203.42
118 , 617 , 912.17 , -18.4 , 64 , 34.32 , 2.878 , 0.032 , 1.86 , 203.27
128 , 666 , 906.19 , -18.8 , 64 , 34.17 , 2.871 , 0.032 , 2.01 , 203.12
138 , 713 , 900.51 , -19.3 , 69 , 34.04 , 2.829 , 0.031 , 2.15 , 202.98
148 , 761 , 894.72 , -19.8 , 72 , 34.02 , 2.842 , 0.032 , 2.30 , 202.83
158 , 811 , 888.63 , -20.2 , 75 , 33.87 , 2.835 , 0.032 , 2.45 , 202.68
167 , 858 , 882.98 , -20.7 , 78 , 33.74 , 2.807 , 0.032 , 2.59 , 202.54
177 , 911 , 876.75 , -21.2 , 80 , 33.63 , 2.761 , 0.031 , 2.75 , 202.38
187 , 970 , 869.78 , -21.7 , 84 , 33.51 , 2.754 , 0.032 , 2.92 , 202.21
197 , 1032 , 862.45 , -22.3 , 89 , 33.40 , 2.739 , 0.032 , 3.10 , 202.02
207 , 1087 , 855.97 , -22.7 , 91 , 33.33 , 2.707 , 0.032 , 3.27 , 201.86
217 , 1143 , 849.48 , -23.1 , 92 , 33.33 , 2.685 , 0.032 , 3.43 , 201.70
227 , 1199 , 843.04 , -23.4 , 93 , 33.19 , 2.685 , 0.032 , 3.59 , 201.54
237 , 1256 , 836.47 , -23.7 , 92 , 32.98 , 2.639 , 0.032 , 3.75 , 201.37
247 , 1317 , 829.49 , -24.1 , 91 , 32.97 , 2.622 , 0.032 , 3.93 , 201.20
257 , 1385 , 821.74 , -24.5 , 87 , 32.83 , 2.592 , 0.032 , 4.12 , 201.01
267 , 1453 , 814.09 , -25.0 , 88 , 32.85 , 2.534 , 0.031 , 4.31 , 200.82
277 , 1521 , 806.51 , -25.6 , 90 , 32.84 , 2.537 , 0.031 , 4.50 , 200.63
287 , 1591 , 798.76 , -26.1 , 91 , 32.76 , 2.544 , 0.032 , 4.69 , 200.44
297 , 1662 , 790.97 , -26.2 , 88 , 32.66 , 2.515 , 0.032 , 4.89 , 200.24
307 , 1730 , 783.61 , -26.7 , 89 , 32.61 , 2.472 , 0.032 , 5.07 , 200.06
317 , 1789 , 777.21 , -27.3 , 91 , 32.61 , 2.423 , 0.031 , 5.23 , 199.90
327 , 1848 , 770.80 , -27.7 , 91 , 32.57 , 2.441 , 0.032 , 5.39 , 199.74
336 , 1908 , 764.40 , -28.1 , 92 , 32.43 , 2.429 , 0.032 , 5.55 , 199.58
346 , 1970 , 757.86 , -28.6 , 92 , 32.22 , 2.386 , 0.031 , 5.71 , 199.42
356 , 2028 , 751.66 , -29.1 , 94 , 32.08 , 2.378 , 0.032 , 5.86 , 199.26
366 , 2091 , 745.05 , -29.6 , 94 , 31.98 , 2.337 , 0.031 , 6.03 , 199.10
376 , 2153 , 738.67 , -30.2 , 95 , 31.91 , 2.325 , 0.031 , 6.19 , 198.94
386 , 2221 , 731.62 , -30.8 , 95 , 31.79 , 2.285 , 0.031 , 6.36 , 198.77
394 , 2270 , 726.58 , -31.3 , 95 , 31.77 , 2.264 , 0.031 , 6.49 , 198.64
404 , 2326 , 720.88 , -28.3 , 94 , 31.83 , 2.290 , 0.032 , 6.63 , 198.50
413 , 2376 , 715.88 , -27.3 , 93 , 31.79 , 2.357 , 0.033 , 6.76 , 198.37
422 , 2428 , 710.75 , -27.5 , 90 , 31.67 , 2.416 , 0.034 , 6.89 , 198.24
432 , 2480 , 705.57 , -27.9 , 83 , 31.61 , 2.453 , 0.035 , 7.03 , 198.10
442 , 2541 , 699.64 , -28.3 , 73 , 31.60 , 2.435 , 0.035 , 7.19 , 197.93
451 , 2588 , 695.06 , -28.1 , 54 , 31.59 , 2.436 , 0.035 , 7.32 , 197.81
463 , 2642 , 689.84 , -27.3 , 28 , 31.51 , 2.426 , 0.035 , 7.46 , 197.66
471 , 2687 , 685.56 , -27.3 , 23 , 31.36 , 2.416 , 0.035 , 7.58 , 197.54
482 , 2747 , 679.83 , -27.4 , 20 , 31.17 , 2.394 , 0.035 , 7.74 , 197.38
492 , 2817 , 673.23 , -27.4 , 17 , 31.06 , 2.280 , 0.034 , 7.92 , 197.20
502 , 2873 , 668.00 , -27.6 , 16 , 31.15 , 2.215 , 0.033 , 8.06 , 197.07
512 , 2930 , 662.73 , -28.0 , 16 , 31.05 , 2.185 , 0.033 , 8.20 , 196.93
522 , 2989 , 657.31 , -28.1 , 15 , 30.99 , 2.149 , 0.033 , 8.34 , 196.79
532 , 3041 , 652.56 , -28.1 , 13 , 31.02 , 2.147 , 0.033 , 8.46 , 196.67
542 , 3100 , 647.28 , -27.9 , 10 , 30.96 , 2.122 , 0.033 , 8.60 , 196.53
552 , 3157 , 642.10 , -28.0 , 9 , 30.91 , 2.162 , 0.034 , 8.73 , 196.39
562 , 3217 , 636.82 , -28.1 , 8 , 30.81 , 2.184 , 0.034 , 8.88 , 196.25
572 , 3271 , 631.98 , -28.5 , 8 , 30.77 , 2.222 , 0.035 , 9.01 , 196.12
582 , 3335 , 626.40 , -29.0 , 8 , 30.64 , 2.223 , 0.035 , 9.16 , 195.96
592 , 3395 , 621.13 , -29.1 , 7 , 30.57 , 2.196 , 0.035 , 9.31 , 195.82
602 , 3456 , 615.87 , -29.2 , 6 , 30.50 , 2.195 , 0.036 , 9.46 , 195.67
612 , 3519 , 610.42 , -29.3 , 6 , 30.45 , 2.143 , 0.035 , 9.61 , 195.52
622 , 3586 , 604.77 , -29.8 , 5 , 30.39 , 2.126 , 0.035 , 9.77 , 195.36
631 , 3640 , 600.18 , -30.0 , 4 , 30.37 , 2.139 , 0.036 , 9.90 , 195.23
640 , 3686 , 596.28 , -30.1 , 3 , 30.35 , 2.143 , 0.036 , 10.01 , 195.12
650 , 3744 , 591.46 , -29.9 , 2 , 30.29 , 2.178 , 0.037 , 10.15 , 194.98
660 , 3812 , 585.86 , -29.8 , 2 , 30.04 , 2.185 , 0.037 , 10.31 , 194.82
670 , 3876 , 580.58 , -30.0 , 3 , 29.92 , 2.254 , 0.039 , 10.47 , 194.66
680 , 3938 , 575.52 , -30.2 , 3 , 29.98 , 2.300 , 0.040 , 10.62 , 194.50
690 , 4006 , 570.08 , -30.2 , 4 , 29.98 , 2.329 , 0.041 , 10.80 , 194.33
700 , 4069 , 565.02 , -30.7 , 3 , 29.92 , 2.327 , 0.041 , 10.96 , 194.17
710 , 4128 , 560.36 , -31.2 , 3 , 29.93 , 2.302 , 0.041 , 11.11 , 194.01
720 , 4182 , 556.13 , -31.4 , 4 , 29.91 , 2.318 , 0.042 , 11.25 , 193.88
730 , 4246 , 551.07 , -31.2 , 4 , 29.89 , 2.294 , 0.042 , 11.42 , 193.71
740 , 4310 , 546.16 , -31.3 , 4 , 29.81 , 2.246 , 0.041 , 11.58 , 193.55
750 , 4366 , 541.83 , -31.4 , 5 , 29.79 , 2.229 , 0.041 , 11.72 , 193.41
760 , 4434 , 536.67 , -31.5 , 6 , 29.75 , 2.108 , 0.039 , 11.88 , 193.24
770 , 4491 , 532.33 , -31.8 , 6 , 29.73 , 1.991 , 0.037 , 12.01 , 193.11
780 , 4554 , 527.63 , -32.3 , 6 , 29.67 , 1.891 , 0.036 , 12.15 , 192.98
790 , 4614 , 523.10 , -32.7 , 6 , 29.62 , 1.875 , 0.036 , 12.28 , 192.85
800 , 4680 , 518.26 , -33.2 , 7 , 29.57 , 1.850 , 0.036 , 12.41 , 192.71
810 , 4742 , 513.67 , -33.7 , 7 , 29.54 , 1.857 , 0.036 , 12.54 , 192.58
820 , 4804 , 509.20 , -34.2 , 6 , 29.51 , 1.840 , 0.036 , 12.67 , 192.46
830 , 4869 , 504.41 , -34.9 , 7 , 29.46 , 1.794 , 0.036 , 12.81 , 192.32
840 , 4931 , 499.94 , -35.2 , 7 , 29.44 , 1.825 , 0.037 , 12.93 , 192.19
850 , 4997 , 495.28 , -35.7 , 7 , 29.40 , 1.795 , 0.036 , 13.07 , 192.06
860 , 5058 , 490.96 , -36.2 , 7 , 29.41 , 1.778 , 0.036 , 13.19 , 191.94
870 , 5121 , 486.45 , -36.7 , 8 , 29.33 , 1.762 , 0.036 , 13.32 , 191.81
880 , 5182 , 482.22 , -37.2 , 9 , 29.32 , 1.740 , 0.036 , 13.44 , 191.69
890 , 5245 , 477.81 , -37.7 , 9 , 29.31 , 1.736 , 0.036 , 13.57 , 191.56
900 , 5312 , 473.18 , -38.4 , 9 , 29.26 , 1.674 , 0.035 , 13.70 , 191.43
910 , 5379 , 468.62 , -38.9 , 9 , 29.23 , 1.656 , 0.035 , 13.83 , 191.30
920 , 5439 , 464.48 , -39.4 , 9 , 29.21 , 1.647 , 0.035 , 13.94 , 191.19
929 , 5500 , 460.41 , -39.9 , 9 , 29.19 , 1.606 , 0.035 , 14.05 , 191.07
938 , 5558 , 456.52 , -40.2 , 10 , 29.18 , 1.608 , 0.035 , 14.16 , 190.97
948 , 5619 , 452.41 , -40.6 , 11 , 29.13 , 1.599 , 0.035 , 14.28 , 190.85
958 , 5682 , 448.22 , -41.0 , 12 , 29.14 , 1.636 , 0.037 , 14.40 , 190.73
968 , 5747 , 444.00 , -41.3 , 10 , 29.13 , 1.685 , 0.038 , 14.52 , 190.61
978 , 5807 , 440.05 , -41.6 , 8 , 29.13 , 1.701 , 0.039 , 14.64 , 190.49
988 , 5865 , 436.29 , -42.0 , 7 , 29.10 , 1.661 , 0.038 , 14.75 , 190.37
998 , 5927 , 432.32 , -42.5 , 7 , 29.09 , 1.627 , 0.038 , 14.87 , 190.26
1008 , 5985 , 428.60 , -43.0 , 7 , 29.09 , 1.617 , 0.038 , 14.98 , 190.15
1018 , 6048 , 424.62 , -43.4 , 7 , 29.05 , 1.603 , 0.038 , 15.10 , 190.03
1028 , 6115 , 420.44 , -44.0 , 7 , 29.00 , 1.573 , 0.037 , 15.22 , 189.90
1038 , 6174 , 416.71 , -44.5 , 7 , 28.96 , 1.578 , 0.038 , 15.34 , 189.79
1048 , 6238 , 412.74 , -45.1 , 7 , 28.92 , 1.544 , 0.037 , 15.45 , 189.67
1058 , 6304 , 408.71 , -45.7 , 8 , 28.91 , 1.532 , 0.037 , 15.57 , 189.56
1068 , 6368 , 404.79 , -46.2 , 9 , 28.87 , 1.532 , 0.038 , 15.69 , 189.44
1078 , 6433 , 400.82 , -46.7 , 10 , 28.82 , 1.528 , 0.038 , 15.81 , 189.32
1088 , 6503 , 396.64 , -47.1 , 10 , 28.79 , 1.515 , 0.038 , 15.93 , 189.19
1098 , 6568 , 392.74 , -47.5 , 10 , 28.74 , 1.504 , 0.038 , 16.05 , 189.08
1108 , 6630 , 389.04 , -47.9 , 10 , 28.69 , 1.479 , 0.038 , 16.16 , 188.96
1118 , 6696 , 385.18 , -48.3 , 10 , 28.65 , 1.467 , 0.038 , 16.28 , 188.85
1128 , 6757 , 381.61 , -48.8 , 9 , 28.63 , 1.477 , 0.039 , 16.39 , 188.74
1138 , 6827 , 377.58 , -49.3 , 9 , 28.57 , 1.463 , 0.039 , 16.51 , 188.62
1147 , 6889 , 374.01 , -50.0 , 10 , 28.53 , 1.462 , 0.039 , 16.62 , 188.51
1157 , 6945 , 370.83 , -50.4 , 12 , 28.52 , 1.451 , 0.039 , 16.72 , 188.41
1167 , 7010 , 367.12 , -51.1 , 15 , 28.49 , 1.419 , 0.039 , 16.83 , 188.30
1177 , 7072 , 363.63 , -51.5 , 17 , 28.44 , 1.406 , 0.039 , 16.94 , 188.19
1187 , 7137 , 360.02 , -52.1 , 19 , 28.39 , 1.398 , 0.039 , 17.05 , 188.08
1197 , 7203 , 356.39 , -52.6 , 20 , 28.34 , 1.402 , 0.039 , 17.16 , 187.97
1207 , 7265 , 352.95 , -53.1 , 21 , 28.28 , 1.384 , 0.039 , 17.27 , 187.86
1217 , 7327 , 349.57 , -53.5 , 23 , 28.26 , 1.400 , 0.040 , 17.37 , 187.75
1227 , 7395 , 345.89 , -54.0 , 25 , 28.21 , 1.393 , 0.040 , 17.49 , 187.64
1236 , 7454 , 342.73 , -54.3 , 26 , 28.19 , 1.383 , 0.040 , 17.59 , 187.54
1246 , 7511 , 339.68 , -54.7 , 27 , 28.16 , 1.386 , 0.041 , 17.69 , 187.44
1256 , 7574 , 336.34 , -55.1 , 27 , 28.10 , 1.351 , 0.040 , 17.79 , 187.33
1266 , 7638 , 332.98 , -55.4 , 26 , 28.06 , 1.325 , 0.040 , 17.90 , 187.23
1276 , 7700 , 329.74 , -55.9 , 24 , 28.02 , 1.311 , 0.040 , 18.00 , 187.13
1286 , 7766 , 326.34 , -56.5 , 24 , 27.98 , 1.287 , 0.039 , 18.11 , 187.02
1296 , 7835 , 322.84 , -57.1 , 26 , 27.94 , 1.275 , 0.040 , 18.22 , 186.91
1306 , 7906 , 319.22 , -57.7 , 28 , 27.90 , 1.268 , 0.040 , 18.33 , 186.80
1316 , 7974 , 315.78 , -58.1 , 29 , 27.86 , 1.285 , 0.041 , 18.44 , 186.69
1326 , 8039 , 312.55 , -58.6 , 29 , 27.80 , 1.299 , 0.042 , 18.54 , 186.58
1336 , 8106 , 309.20 , -59.3 , 30 , 27.74 , 1.279 , 0.041 , 18.65 , 186.47
1346 , 8170 , 306.04 , -59.8 , 31 , 27.70 , 1.276 , 0.042 , 18.76 , 186.37
1356 , 8233 , 302.99 , -60.2 , 29 , 27.62 , 1.255 , 0.041 , 18.86 , 186.27
1366 , 8298 , 299.84 , -60.7 , 27 , 27.57 , 1.262 , 0.042 , 18.96 , 186.17
1375 , 8353 , 297.20 , -61.1 , 26 , 27.53 , 1.273 , 0.043 , 19.05 , 186.08
1385 , 8403 , 294.79 , -61.5 , 25 , 27.50 , 1.255 , 0.043 , 19.13 , 186.00
1395 , 8467 , 291.79 , -61.9 , 24 , 27.45 , 1.208 , 0.041 , 19.23 , 185.90
1405 , 8524 , 289.08 , -62.4 , 23 , 27.39 , 1.198 , 0.041 , 19.32 , 185.81
1415 , 8590 , 286.03 , -62.7 , 23 , 27.34 , 1.193 , 0.042 , 19.42 , 185.71
1425 , 8644 , 283.52 , -63.2 , 22 , 27.28 , 1.183 , 0.042 , 19.50 , 185.63
1435 , 8714 , 280.32 , -63.7 , 23 , 27.23 , 1.187 , 0.042 , 19.61 , 185.52
1445 , 8783 , 277.18 , -64.0 , 25 , 27.17 , 1.189 , 0.043 , 19.71 , 185.41
1455 , 8849 , 274.20 , -64.4 , 26 , 27.11 , 1.174 , 0.043 , 19.81 , 185.31
1465 , 8907 , 271.61 , -64.9 , 27 , 27.06 , 1.160 , 0.043 , 19.90 , 185.23
1475 , 8977 , 268.51 , -65.4 , 28 , 27.01 , 1.133 , 0.042 , 20.01 , 185.12
1485 , 9034 , 265.98 , -65.7 , 28 , 26.95 , 1.105 , 0.042 , 20.09 , 185.04
1495 , 9084 , 263.79 , -66.2 , 29 , 26.90 , 1.069 , 0.041 , 20.16 , 184.97
1505 , 9141 , 261.32 , -66.6 , 28 , 26.86 , 1.055 , 0.040 , 20.24 , 184.89
1515 , 9206 , 258.51 , -67.0 , 29 , 26.79 , 1.035 , 0.040 , 20.33 , 184.80
1525 , 9266 , 255.97 , -67.6 , 29 , 26.74 , 1.029 , 0.040 , 20.41 , 184.72
1534 , 9319 , 253.71 , -67.9 , 29 , 26.69 , 1.046 , 0.041 , 20.48 , 184.65
1543 , 9378 , 251.26 , -68.2 , 29 , 26.63 , 1.053 , 0.042 , 20.56 , 184.57
1553 , 9442 , 248.59 , -68.8 , 30 , 26.56 , 1.050 , 0.042 , 20.65 , 184.48
1563 , 9509 , 245.80 , -69.4 , 30 , 26.49 , 1.025 , 0.042 , 20.74 , 184.38
1573 , 9567 , 243.43 , -69.9 , 30 , 26.44 , 1.027 , 0.042 , 20.82 , 184.31
1583 , 9624 , 241.09 , -70.4 , 30 , 26.38 , 1.017 , 0.042 , 20.90 , 184.23
1593 , 9684 , 238.66 , -70.8 , 30 , 26.32 , 0.989 , 0.041 , 20.98 , 184.15
1603 , 9735 , 236.61 , -71.2 , 30 , 26.27 , 0.974 , 0.041 , 21.05 , 184.08
1613 , 9794 , 234.26 , -71.7 , 30 , 26.21 , 0.962 , 0.041 , 21.12 , 184.00
1623 , 9851 , 231.99 , -72.1 , 30 , 26.15 , 0.949 , 0.041 , 21.20 , 183.93
1633 , 9915 , 229.50 , -72.4 , 30 , 26.08 , 0.952 , 0.041 , 21.28 , 183.85
1643 , 9983 , 226.86 , -72.7 , 31 , 26.02 , 0.953 , 0.042 , 21.36 , 183.76
1653 , 10045 , 224.46 , -73.1 , 31 , 25.95 , 0.964 , 0.043 , 21.44 , 183.68
1663 , 10099 , 222.42 , -73.3 , 31 , 25.90 , 1.006 , 0.045 , 21.52 , 183.61
1673 , 10162 , 220.01 , -73.5 , 31 , 25.83 , 1.078 , 0.049 , 21.60 , 183.52
1683 , 10225 , 217.68 , -73.6 , 31 , 25.77 , 1.218 , 0.056 , 21.70 , 183.43
1693 , 10284 , 215.49 , -73.3 , 31 , 25.70 , 1.485 , 0.069 , 21.81 , 183.32
1703 , 10345 , 213.26 , -72.4 , 29 , 25.64 , 1.962 , 0.092 , 21.95 , 183.18
1713 , 10406 , 211.05 , -71.8 , 28 , 25.58 , 2.534 , 0.120 , 22.14 , 182.99
1723 , 10452 , 209.40 , -72.1 , 27 , 25.51 , 2.992 , 0.143 , 22.31 , 182.82
1733 , 10502 , 207.64 , -72.3 , 25 , 25.45 , 3.239 , 0.156 , 22.51 , 182.61
1743 , 10566 , 205.40 , -72.1 , 23 , 25.39 , 3.499 , 0.170 , 22.80 , 182.32
1753 , 10629 , 203.22 , -72.2 , 22 , 25.33 , 3.712 , 0.183 , 23.11 , 182.02
1763 , 10676 , 201.59 , -71.3 , 21 , 25.27 , 3.915 , 0.194 , 23.35 , 181.78
1773 , 10726 , 199.87 , -70.9 , 20 , 25.21 , 4.195 , 0.210 , 23.62 , 181.51
1783 , 10780 , 198.09 , -71.0 , 19 , 25.15 , 4.431 , 0.224 , 23.93 , 181.20
1793 , 10830 , 196.42 , -71.1 , 18 , 25.09 , 4.570 , 0.233 , 24.23 , 180.90
1803 , 10878 , 194.82 , -71.4 , 17 , 25.03 , 4.688 , 0.241 , 24.53 , 180.60
1813 , 10928 , 193.16 , -71.0 , 16 , 24.97 , 4.789 , 0.248 , 24.85 , 180.28
1823 , 10978 , 191.56 , -70.9 , 15 , 24.91 , 4.948 , 0.258 , 25.17 , 179.96
1832 , 11024 , 190.07 , -70.6 , 15 , 24.85 , 5.009 , 0.264 , 25.47 , 179.65
1842 , 11069 , 188.64 , -70.3 , 14 , 24.79 , 5.075 , 0.269 , 25.77 , 179.35
1851 , 11119 , 187.07 , -69.8 , 13 , 24.74 , 5.179 , 0.277 , 26.11 , 179.02
1861 , 11160 , 185.77 , -69.5 , 13 , 24.68 , 5.270 , 0.284 , 26.40 , 178.73
1871 , 11202 , 184.47 , -69.3 , 12 , 24.63 , 5.345 , 0.290 , 26.69 , 178.43
1881 , 11248 , 183.06 , -69.6 , 11 , 24.56 , 5.371 , 0.293 , 27.02 , 178.11
1891 , 11294 , 181.66 , -69.7 , 11 , 24.50 , 5.433 , 0.299 , 27.35 , 177.78
1901 , 11338 , 180.29 , -69.8 , 10 , 24.44 , 5.413 , 0.300 , 27.67 , 177.46
1911 , 11384 , 178.92 , -69.7 , 10 , 24.38 , 5.431 , 0.304 , 28.00 , 177.13
1921 , 11430 , 177.54 , -69.6 , 10 , 24.31 , 5.459 , 0.307 , 28.33 , 176.80
1931 , 11475 , 176.20 , -69.6 , 9 , 24.25 , 5.498 , 0.312 , 28.66 , 176.47
1941 , 11521 , 174.86 , -69.9 , 9 , 24.19 , 5.513 , 0.315 , 28.99 , 176.14
1951 , 11566 , 173.52 , -70.0 , 9 , 24.12 , 5.592 , 0.322 , 29.32 , 175.80
1961 , 11614 , 172.14 , -70.1 , 9 , 24.07 , 5.556 , 0.323 , 29.68 , 175.45
1971 , 11664 , 170.68 , -70.2 , 8 , 24.00 , 5.548 , 0.325 , 30.05 , 175.08
1980 , 11710 , 169.38 , -70.1 , 8 , 23.94 , 5.510 , 0.325 , 30.38 , 174.74
1990 , 11754 , 168.13 , -70.0 , 8 , 23.89 , 5.495 , 0.327 , 30.70 , 174.42
2000 , 11801 , 166.81 , -69.8 , 8 , 23.83 , 5.478 , 0.328 , 31.05 , 174.08
2010 , 11846 , 165.54 , -69.8 , 7 , 23.76 , 5.526 , 0.334 , 31.38 , 173.75
2020 , 11893 , 164.25 , -69.6 , 7 , 23.70 , 5.571 , 0.339 , 31.72 , 173.41
2030 , 11939 , 163.00 , -69.6 , 7 , 23.64 , 5.543 , 0.340 , 32.06 , 173.07
2040 , 11986 , 161.71 , -69.5 , 7 , 23.58 , 5.647 , 0.349 , 32.41 , 172.72
2050 , 12037 , 160.32 , -69.7 , 6 , 23.51 , 5.797 , 0.362 , 32.80 , 172.33
2060 , 12090 , 158.91 , -70.0 , 6 , 23.45 , 5.745 , 0.362 , 33.20 , 171.93
2070 , 12139 , 157.59 , -70.2 , 7 , 23.38 , 5.504 , 0.349 , 33.57 , 171.56
2080 , 12187 , 156.34 , -70.4 , 7 , 23.32 , 5.348 , 0.342 , 33.91 , 171.22
2090 , 12234 , 155.10 , -70.3 , 7 , 23.25 , 5.559 , 0.358 , 34.25 , 170.87
2100 , 12281 , 153.88 , -70.1 , 7 , 23.19 , 5.853 , 0.380 , 34.61 , 170.52
2110 , 12326 , 152.72 , -70.0 , 6 , 23.13 , 6.019 , 0.394 , 34.96 , 170.17
2120 , 12372 , 151.53 , -69.9 , 6 , 23.07 , 6.117 , 0.404 , 35.34 , 169.79
2130 , 12421 , 150.30 , -69.7 , 6 , 23.01 , 6.144 , 0.409 , 35.73 , 169.40
2140 , 12473 , 148.98 , -70.0 , 6 , 22.94 , 6.041 , 0.405 , 36.15 , 168.97
2150 , 12526 , 147.67 , -70.3 , 6 , 22.88 , 5.820 , 0.394 , 36.57 , 168.56
2160 , 12574 , 146.47 , -70.4 , 6 , 22.81 , 5.667 , 0.387 , 36.94 , 168.19
2169 , 12619 , 145.37 , -70.4 , 6 , 22.75 , 5.540 , 0.381 , 37.27 , 167.86
2179 , 12661 , 144.35 , -70.7 , 6 , 22.69 , 5.464 , 0.379 , 37.58 , 167.55
2189 , 12705 , 143.28 , -70.7 , 6 , 22.62 , 5.327 , 0.372 , 37.89 , 167.23
2199 , 12751 , 142.16 , -70.7 , 6 , 22.56 , 5.293 , 0.372 , 38.22 , 166.90
2209 , 12803 , 140.92 , -70.8 , 6 , 22.49 , 5.343 , 0.379 , 38.59 , 166.54
2219 , 12855 , 139.69 , -70.8 , 6 , 22.42 , 5.455 , 0.391 , 38.97 , 166.16
2229 , 12902 , 138.58 , -70.8 , 5 , 22.36 , 5.457 , 0.394 , 39.31 , 165.82
2239 , 12946 , 137.57 , -71.0 , 5 , 22.29 , 5.383 , 0.391 , 39.62 , 165.51
2249 , 12991 , 136.53 , -71.0 , 5 , 22.23 , 5.356 , 0.392 , 39.94 , 165.19
2259 , 13036 , 135.49 , -70.8 , 5 , 22.17 , 5.196 , 0.383 , 40.26 , 164.87
2269 , 13083 , 134.41 , -70.6 , 5 , 22.11 , 4.954 , 0.369 , 40.58 , 164.55
2279 , 13132 , 133.30 , -70.5 , 5 , 22.05 , 4.780 , 0.359 , 40.90 , 164.23
2289 , 13178 , 132.27 , -70.7 , 5 , 21.98 , 4.620 , 0.349 , 41.19 , 163.94
2299 , 13224 , 131.26 , -70.6 , 5 , 21.92 , 4.595 , 0.350 , 41.47 , 163.66
2309 , 13271 , 130.21 , -70.6 , 5 , 21.86 , 4.727 , 0.363 , 41.76 , 163.37
2319 , 13315 , 129.25 , -70.8 , 5 , 21.80 , 4.814 , 0.372 , 42.04 , 163.09
2329 , 13361 , 128.25 , -70.7 , 5 , 21.74 , 4.899 , 0.382 , 42.34 , 162.79
2339 , 13405 , 127.30 , -70.9 , 5 , 21.68 , 4.972 , 0.391 , 42.63 , 162.50
2349 , 13451 , 126.33 , -71.0 , 5 , 21.62 , 4.914 , 0.389 , 42.93 , 162.20
2359 , 13497 , 125.34 , -70.9 , 5 , 21.56 , 4.748 , 0.379 , 43.23 , 161.90
2369 , 13542 , 124.41 , -70.6 , 5 , 21.50 , 4.529 , 0.364 , 43.50 , 161.63
2379 , 13588 , 123.43 , -70.4 , 4 , 21.44 , 4.318 , 0.350 , 43.78 , 161.35
2389 , 13635 , 122.46 , -70.3 , 4 , 21.38 , 4.162 , 0.340 , 44.04 , 161.09
2399 , 13680 , 121.54 , -70.2 , 4 , 21.31 , 3.980 , 0.327 , 44.28 , 160.85
2409 , 13726 , 120.60 , -70.2 , 4 , 21.25 , 3.788 , 0.314 , 44.52 , 160.61
2419 , 13773 , 119.65 , -70.2 , 4 , 21.19 , 3.733 , 0.312 , 44.75 , 160.37
2429 , 13818 , 118.74 , -69.9 , 4 , 21.13 , 3.655 , 0.308 , 44.98 , 160.15
2439 , 13864 , 117.83 , -69.9 , 4 , 21.07 , 3.548 , 0.301 , 45.19 , 159.93
2449 , 13911 , 116.90 , -69.9 , 4 , 21.01 , 3.478 , 0.297 , 45.41 , 159.71
2459 , 13959 , 115.97 , -70.0 , 4 , 20.96 , 3.535 , 0.305 , 45.64 , 159.49
2468 , 14006 , 115.06 , -70.0 , 4 , 20.90 , 3.586 , 0.312 , 45.86 , 159.27
2477 , 14047 , 114.27 , -70.1 , 4 , 20.85 , 3.597 , 0.315 , 46.05 , 159.07
2487 , 14091 , 113.41 , -70.1 , 4 , 20.80 , 3.395 , 0.299 , 46.26 , 158.87
2497 , 14141 , 112.48 , -69.9 , 4 , 20.75 , 3.213 , 0.286 , 46.48 , 158.65
2507 , 14188 , 111.58 , -69.9 , 4 , 20.69 , 3.106 , 0.278 , 46.68 , 158.45
2517 , 14237 , 110.67 , -70.0 , 4 , 20.63 , 2.990 , 0.270 , 46.87 , 158.25
2527 , 14288 , 109.73 , -70.2 , 4 , 20.57 , 2.893 , 0.264 , 47.07 , 158.06
2537 , 14340 , 108.77 , -70.1 , 3 , 20.52 , 2.671 , 0.246 , 47.26 , 157.86
2547 , 14389 , 107.88 , -70.0 , 3 , 20.46 , 2.442 , 0.226 , 47.43 , 157.70
2557 , 14440 , 106.96 , -70.3 , 3 , 20.40 , 2.231 , 0.209 , 47.59 , 157.54
2567 , 14487 , 106.11 , -70.5 , 3 , 20.35 , 2.076 , 0.196 , 47.72 , 157.40
2577 , 14536 , 105.24 , -70.5 , 3 , 20.29 , 1.960 , 0.186 , 47.85 , 157.27
2587 , 14583 , 104.40 , -70.6 , 3 , 20.24 , 1.850 , 0.177 , 47.97 , 157.15
2597 , 14632 , 103.55 , -70.4 , 3 , 20.19 , 1.730 , 0.167 , 48.09 , 157.04
2607 , 14678 , 102.74 , -70.2 , 3 , 20.14 , 1.649 , 0.161 , 48.20 , 156.93
2617 , 14725 , 101.94 , -70.4 , 3 , 20.09 , 1.592 , 0.156 , 48.29 , 156.83
2627 , 14773 , 101.12 , -70.6 , 3 , 20.03 , 1.531 , 0.151 , 48.39 , 156.73
2637 , 14823 , 100.26 , -70.7 , 3 , 19.98 , 1.448 , 0.144 , 48.49 , 156.63
2647 , 14874 , 99.41 , -70.9 , 3 , 19.93 , 1.532 , 0.154 , 48.59 , 156.53
2657 , 14923 , 98.58 , -70.9 , 3 , 19.88 , 1.688 , 0.171 , 48.70 , 156.43
2667 , 14972 , 97.77 , -70.7 , 3 , 19.82 , 1.765 , 0.180 , 48.81 , 156.31
2677 , 15018 , 97.02 , -70.5 , 3 , 19.77 , 1.709 , 0.176 , 48.92 , 156.21
2687 , 15063 , 96.29 , -70.4 , 3 , 19.72 , 1.535 , 0.159 , 49.02 , 156.11
2697 , 15111 , 95.51 , -70.5 , 3 , 19.67 , 1.432 , 0.150 , 49.11 , 156.02
2706 , 15159 , 94.74 , -70.5 , 3 , 19.62 , 1.353 , 0.143 , 49.20 , 155.93
2716 , 15207 , 93.98 , -70.4 , 3 , 19.57 , 1.329 , 0.141 , 49.29 , 155.84
2726 , 15257 , 93.18 , -70.3 , 3 , 19.52 , 1.380 , 0.148 , 49.38 , 155.75
2736 , 15310 , 92.37 , -70.2 , 3 , 19.47 , 1.427 , 0.154 , 49.47 , 155.65
2746 , 15356 , 91.65 , -70.2 , 3 , 19.42 , 1.441 , 0.157 , 49.56 , 155.56
2756 , 15404 , 90.91 , -70.1 , 3 , 19.36 , 1.407 , 0.155 , 49.65 , 155.47
2766 , 15454 , 90.15 , -69.9 , 3 , 19.31 , 1.305 , 0.145 , 49.74 , 155.38
2776 , 15503 , 89.41 , -69.7 , 3 , 19.26 , 1.202 , 0.134 , 49.83 , 155.30
2786 , 15553 , 88.66 , -69.8 , 3 , 19.20 , 1.239 , 0.140 , 49.91 , 155.22
2795 , 15600 , 87.96 , -70.1 , 3 , 19.15 , 1.327 , 0.151 , 49.99 , 155.14
2805 , 15646 , 87.28 , -70.2 , 3 , 19.10 , 1.368 , 0.157 , 50.07 , 155.06
2815 , 15696 , 86.55 , -70.4 , 3 , 19.05 , 1.395 , 0.161 , 50.16 , 154.97
2825 , 15746 , 85.82 , -70.7 , 3 , 19.00 , 1.416 , 0.165 , 50.25 , 154.87
2835 , 15795 , 85.12 , -70.6 , 3 , 18.95 , 1.434 , 0.169 , 50.35 , 154.78
2845 , 15845 , 84.40 , -70.7 , 3 , 18.90 , 1.472 , 0.174 , 50.44 , 154.68
2854 , 15892 , 83.74 , -70.9 , 3 , 18.85 , 1.484 , 0.177 , 50.54 , 154.59
2864 , 15940 , 83.07 , -70.9 , 3 , 18.80 , 1.493 , 0.180 , 50.63 , 154.50
2874 , 15987 , 82.41 , -70.8 , 2 , 18.75 , 1.458 , 0.177 , 50.72 , 154.40
2884 , 16034 , 81.76 , -70.5 , 2 , 18.70 , 1.403 , 0.172 , 50.81 , 154.32
2894 , 16081 , 81.10 , -70.7 , 3 , 18.65 , 1.232 , 0.152 , 50.90 , 154.23
2904 , 16126 , 80.49 , -70.5 , 2 , 18.59 , 1.085 , 0.135 , 50.96 , 154.16
2914 , 16171 , 79.88 , -70.5 , 2 , 18.54 , 1.044 , 0.131 , 51.03 , 154.10
2924 , 16220 , 79.23 , -70.2 , 2 , 18.49 , 1.079 , 0.136 , 51.10 , 154.03
2934 , 16271 , 78.56 , -70.2 , 2 , 18.44 , 1.155 , 0.147 , 51.17 , 153.95
2944 , 16320 , 77.91 , -70.1 , 2 , 18.38 , 1.371 , 0.176 , 51.25 , 153.87
2954 , 16372 , 77.23 , -69.7 , 2 , 18.33 , 1.705 , 0.221 , 51.36 , 153.77
2964 , 16426 , 76.54 , -69.6 , 2 , 18.28 , 2.128 , 0.278 , 51.50 , 153.63
2974 , 16476 , 75.89 , -69.4 , 2 , 18.23 , 2.551 , 0.336 , 51.65 , 153.47
2984 , 16525 , 75.27 , -69.4 , 2 , 18.18 , 2.794 , 0.371 , 51.83 , 153.30
2994 , 16571 , 74.69 , -69.3 , 2 , 18.13 , 2.911 , 0.390 , 52.00 , 153.13
3004 , 16619 , 74.10 , -69.3 , 2 , 18.08 , 2.960 , 0.399 , 52.19 , 152.94
3014 , 16670 , 73.46 , -69.5 , 2 , 18.04 , 2.954 , 0.402 , 52.39 , 152.74
3024 , 16721 , 72.84 , -69.5 , 2 , 17.99 , 2.889 , 0.397 , 52.58 , 152.54
3034 , 16773 , 72.21 , -69.6 , 2 , 17.93 , 2.758 , 0.382 , 52.78 , 152.35
3044 , 16824 , 71.59 , -69.7 , 2 , 17.88 , 2.834 , 0.396 , 52.97 , 152.16
3054 , 16875 , 70.98 , -69.7 , 2 , 17.83 , 3.139 , 0.442 , 53.17 , 151.96
3064 , 16924 , 70.40 , -69.4 , 2 , 17.78 , 3.337 , 0.474 , 53.38 , 151.75
3074 , 16974 , 69.82 , -69.2 , 2 , 17.73 , 3.402 , 0.487 , 53.60 , 151.53
3084 , 17024 , 69.23 , -69.1 , 2 , 17.68 , 3.432 , 0.496 , 53.83 , 151.30
3093 , 17070 , 68.70 , -69.4 , 2 , 17.64 , 3.330 , 0.485 , 54.03 , 151.09
3103 , 17115 , 68.19 , -69.4 , 2 , 17.59 , 3.193 , 0.468 , 54.23 , 150.90
3113 , 17164 , 67.63 , -69.6 , 2 , 17.54 , 3.057 , 0.452 , 54.43 , 150.70
3123 , 17214 , 67.06 , -69.2 , 2 , 17.49 , 3.057 , 0.456 , 54.63 , 150.49
3133 , 17262 , 66.53 , -69.1 , 2 , 17.44 , 3.167 , 0.476 , 54.83 , 150.30
3143 , 17309 , 66.00 , -68.7 , 2 , 17.40 , 3.199 , 0.485 , 55.03 , 150.10
3153 , 17358 , 65.46 , -68.5 , 2 , 17.35 , 3.132 , 0.478 , 55.23 , 149.90
3163 , 17405 , 64.95 , -68.4 , 2 , 17.30 , 2.894 , 0.446 , 55.42 , 149.71
3173 , 17453 , 64.43 , -68.5 , 2 , 17.25 , 2.760 , 0.428 , 55.60 , 149.53
3183 , 17501 , 63.92 , -68.2 , 2 , 17.20 , 2.798 , 0.438 , 55.77 , 149.35
3193 , 17552 , 63.38 , -68.2 , 2 , 17.16 , 2.800 , 0.442 , 55.96 , 149.17
3203 , 17610 , 62.77 , -68.7 , 2 , 17.11 , 2.775 , 0.442 , 56.17 , 148.96
3213 , 17666 , 62.18 , -68.9 , 2 , 17.06 , 2.872 , 0.462 , 56.38 , 148.74
3223 , 17714 , 61.68 , -69.0 , 2 , 17.01 , 2.738 , 0.444 , 56.56 , 148.57
3233 , 17764 , 61.17 , -69.2 , 2 , 16.97 , 2.379 , 0.389 , 56.73 , 148.40
3243 , 17812 , 60.68 , -69.2 , 2 , 16.93 , 2.119 , 0.349 , 56.87 , 148.26
3253 , 17862 , 60.17 , -69.3 , 2 , 16.88 , 1.930 , 0.321 , 57.01 , 148.12
3263 , 17914 , 59.65 , -69.0 , 2 , 16.84 , 1.777 , 0.298 , 57.13 , 147.99
3273 , 17969 , 59.11 , -68.7 , 2 , 16.79 , 1.703 , 0.288 , 57.26 , 147.87
3283 , 18021 , 58.59 , -68.9 , 2 , 16.75 , 1.561 , 0.266 , 57.37 , 147.76
3293 , 18076 , 58.06 , -69.0 , 2 , 16.71 , 1.348 , 0.232 , 57.48 , 147.65
3303 , 18129 , 57.55 , -68.9 , 2 , 16.66 , 1.205 , 0.209 , 57.57 , 147.56
3313 , 18181 , 57.05 , -69.1 , 2 , 16.62 , 1.121 , 0.197 , 57.65 , 147.48
3323 , 18234 , 56.55 , -69.2 , 2 , 16.57 , 1.033 , 0.183 , 57.72 , 147.41
3333 , 18288 , 56.03 , -68.8 , 2 , 16.53 , 0.953 , 0.170 , 57.79 , 147.33
3343 , 18341 , 55.54 , -68.8 , 2 , 16.49 , 0.891 , 0.160 , 57.86 , 147.27
3353 , 18396 , 55.04 , -68.5 , 2 , 16.45 , 0.810 , 0.147 , 57.92 , 147.21
3363 , 18448 , 54.56 , -68.4 , 2 , 16.40 , 0.772 , 0.142 , 57.97 , 147.15
3373 , 18501 , 54.08 , -68.4 , 2 , 16.36 , 0.755 , 0.140 , 58.03 , 147.10
3383 , 18552 , 53.62 , -67.9 , 2 , 16.31 , 0.753 , 0.140 , 58.08 , 147.05
3393 , 18603 , 53.17 , -67.3 , 2 , 16.27 , 0.847 , 0.159 , 58.13 , 147.00
3402 , 18649 , 52.77 , -67.1 , 2 , 16.23 , 0.979 , 0.186 , 58.18 , 146.94
3411 , 18691 , 52.39 , -67.0 , 2 , 16.19 , 1.078 , 0.206 , 58.24 , 146.89
3421 , 18736 , 52.01 , -67.1 , 2 , 16.15 , 1.134 , 0.218 , 58.31 , 146.82
3431 , 18783 , 51.61 , -67.2 , 2 , 16.10 , 1.131 , 0.219 , 58.38 , 146.75
3441 , 18832 , 51.19 , -67.0 , 2 , 16.06 , 1.114 , 0.218 , 58.45 , 146.68
3451 , 18882 , 50.77 , -66.3 , 2 , 16.02 , 1.192 , 0.235 , 58.52 , 146.60
3461 , 18932 , 50.35 , -65.9 , 2 , 15.97 , 1.559 , 0.310 , 58.61 , 146.51
3471 , 18983 , 49.93 , -65.8 , 2 , 15.93 , 2.058 , 0.412 , 58.73 , 146.39
3481 , 19031 , 49.54 , -65.6 , 2 , 15.89 , 2.360 , 0.476 , 58.87 , 146.26
3491 , 19079 , 49.14 , -65.1 , 2 , 15.85 , 2.870 , 0.584 , 59.03 , 146.09
3501 , 19131 , 48.73 , -64.6 , 2 , 15.81 , 3.956 , 0.812 , 59.26 , 145.86
3511 , 19183 , 48.32 , -64.7 , 2 , 15.76 , 4.513 , 0.934 , 59.55 , 145.58
3521 , 19235 , 47.90 , -64.5 , 2 , 15.72 , 4.652 , 0.971 , 59.86 , 145.27
3531 , 19287 , 47.50 , -64.2 , 2 , 15.68 , 4.779 , 1.006 , 60.17 , 144.96
3541 , 19338 , 47.10 , -64.0 , 2 , 15.64 , 5.076 , 1.078 , 60.50 , 144.63
3551 , 19390 , 46.71 , -63.4 , 1 , 15.60 , 5.573 , 1.193 , 60.85 , 144.28
3561 , 19442 , 46.31 , -63.4 , 1 , 15.56 , 6.237 , 1.347 , 61.25 , 143.88
3571 , 19497 , 45.90 , -63.2 , 1 , 15.52 , 7.038 , 1.533 , 61.72 , 143.41
3581 , 19554 , 45.48 , -63.0 , 1 , 15.48 , 7.620 , 1.676 , 62.25 , 142.88
3591 , 19611 , 45.06 , -62.1 , 1 , 15.44 , 8.122 , 1.803 , 62.83 , 142.30
3601 , 19665 , 44.66 , -62.0 , 1 , 15.40 , 8.466 , 1.896 , 63.40 , 141.72
3611 , 19722 , 44.26 , -61.6 , 1 , 15.36 , 8.544 , 1.930 , 64.01 , 141.11
3620 , 19775 , 43.88 , -61.7 , 1 , 15.32 , 8.455 , 1.927 , 64.59 , 140.53
3630 , 19827 , 43.51 , -62.0 , 1 , 15.29 , 8.303 , 1.909 , 65.15 , 139.97
3640 , 19883 , 43.12 , -62.3 , 1 , 15.25 , 8.037 , 1.864 , 65.73 , 139.40
3650 , 19937 , 42.74 , -62.5 , 1 , 15.22 , 7.783 , 1.821 , 66.28 , 138.85
3660 , 19990 , 42.37 , -62.6 , 1 , 15.18 , 7.449 , 1.758 , 66.80 , 138.33
3670 , 20044 , 42.01 , -62.4 , 1 , 15.15 , 7.096 , 1.689 , 67.30 , 137.83
3680 , 20094 , 41.66 , -62.6 , 1 , 15.11 , 6.845 , 1.643 , 67.75 , 137.38
3690 , 20145 , 41.32 , -62.6 , 1 , 15.07 , 6.610 , 1.600 , 68.19 , 136.94
3700 , 20198 , 40.97 , -62.4 , 1 , 15.04 , 6.364 , 1.553 , 68.63 , 136.50
3709 , 20249 , 40.64 , -61.9 , 1 , 15.01 , 6.163 , 1.517 , 69.03 , 136.10
3719 , 20299 , 40.31 , -61.6 , 1 , 14.98 , 6.166 , 1.530 , 69.43 , 135.70
3729 , 20352 , 39.96 , -61.2 , 1 , 14.95 , 6.410 , 1.604 , 69.85 , 135.28
3739 , 20403 , 39.64 , -60.9 , 1 , 14.92 , 6.731 , 1.698 , 70.28 , 134.85
3749 , 20456 , 39.30 , -60.7 , 1 , 14.88 , 6.864 , 1.746 , 70.73 , 134.39
3759 , 20507 , 38.98 , -60.7 , 1 , 14.85 , 7.085 , 1.818 , 71.18 , 133.95
3769 , 20561 , 38.64 , -60.9 , 1 , 14.82 , 7.232 , 1.871 , 71.68 , 133.45
3779 , 20612 , 38.33 , -61.1 , 1 , 14.79 , 7.320 , 1.910 , 72.15 , 132.98
3789 , 20666 , 37.99 , -61.6 , 1 , 14.76 , 7.372 , 1.940 , 72.66 , 132.47
3799 , 20719 , 37.67 , -61.7 , 1 , 14.73 , 7.346 , 1.950 , 73.15 , 131.98
3808 , 20769 , 37.37 , -61.4 , 1 , 14.70 , 7.556 , 2.022 , 73.62 , 131.50
3818 , 20821 , 37.05 , -61.3 , 1 , 14.67 , 7.854 , 2.120 , 74.14 , 130.99
3828 , 20877 , 36.72 , -61.0 , 1 , 14.64 , 8.129 , 2.214 , 74.70 , 130.43
3838 , 20935 , 36.38 , -60.9 , 1 , 14.61 , 8.209 , 2.256 , 75.30 , 129.82
3848 , 20992 , 36.05 , -60.8 , 1 , 14.57 , 8.430 , 2.339 , 75.91 , 129.22
3858 , 21050 , 35.71 , -60.8 , 1 , 14.55 , 8.481 , 2.375 , 76.53 , 128.59
3868 , 21106 , 35.39 , -60.8 , 1 , 14.52 , 8.505 , 2.403 , 77.13 , 127.99
3878 , 21164 , 35.06 , -60.3 , 1 , 14.48 , 8.488 , 2.421 , 77.76 , 127.37
3888 , 21222 , 34.74 , -60.1 , 1 , 14.46 , 8.467 , 2.437 , 78.39 , 126.74
3898 , 21284 , 34.40 , -60.3 , 1 , 14.42 , 8.491 , 2.469 , 79.04 , 126.08
3908 , 21343 , 34.07 , -60.5 , 1 , 14.40 , 8.518 , 2.500 , 79.69 , 125.44
3918 , 21401 , 33.76 , -60.3 , 1 , 14.36 , 8.492 , 2.516 , 80.31 , 124.82
3928 , 21460 , 33.44 , -60.2 , 1 , 14.33 , 8.494 , 2.540 , 80.94 , 124.19
3938 , 21520 , 33.12 , -60.1 , 1 , 14.30 , 8.521 , 2.573 , 81.59 , 123.54
3948 , 21581 , 32.80 , -59.7 , 1 , 14.27 , 8.567 , 2.612 , 82.25 , 122.88
3958 , 21640 , 32.49 , -59.7 , 1 , 14.24 , 8.644 , 2.661 , 82.89 , 122.24
3968 , 21700 , 32.18 , -59.6 , 1 , 14.21 , 8.642 , 2.686 , 83.55 , 121.58
3978 , 21757 , 31.88 , -59.7 , 1 , 14.18 , 8.653 , 2.714 , 84.17 , 120.96
3988 , 21818 , 31.58 , -59.7 , 1 , 14.15 , 8.638 , 2.736 , 84.83 , 120.30
3998 , 21876 , 31.28 , -59.2 , 1 , 14.12 , 8.557 , 2.736 , 85.47 , 119.66
4008 , 21933 , 31.00 , -58.9 , 1 , 14.08 , 8.471 , 2.733 , 86.08 , 119.05
4017 , 21991 , 30.72 , -58.9 , 1 , 14.06 , 8.421 , 2.742 , 86.69 , 118.44
4027 , 22048 , 30.44 , -58.5 , 1 , 14.03 , 8.460 , 2.779 , 87.29 , 117.84
4037 , 22105 , 30.16 , -58.2 , 1 , 14.00 , 8.550 , 2.835 , 87.90 , 117.22
4047 , 22160 , 29.90 , -57.7 , 1 , 13.97 , 8.532 , 2.853 , 88.49 , 116.64
4057 , 22215 , 29.64 , -57.8 , 1 , 13.94 , 8.512 , 2.872 , 89.07 , 116.05
4067 , 22273 , 29.37 , -58.0 , 1 , 13.91 , 8.522 , 2.902 , 89.69 , 115.43
4077 , 22333 , 29.09 , -58.1 , 1 , 13.88 , 8.393 , 2.885 , 90.33 , 114.80
4087 , 22392 , 28.82 , -58.0 , 1 , 13.85 , 8.306 , 2.882 , 90.95 , 114.18
4097 , 22449 , 28.56 , -57.4 , 1 , 13.82 , 8.273 , 2.897 , 91.55 , 113.58
4107 , 22509 , 28.29 , -57.2 , 1 , 13.79 , 8.275 , 2.925 , 92.17 , 112.96
4117 , 22565 , 28.04 , -57.0 , 1 , 13.76 , 8.199 , 2.924 , 92.74 , 112.39
4127 , 22621 , 27.79 , -56.4 , 1 , 13.73 , 8.118 , 2.921 , 93.30 , 111.82
4137 , 22678 , 27.54 , -55.6 , 1 , 13.71 , 8.193 , 2.975 , 93.89 , 111.24
4147 , 22738 , 27.29 , -54.8 , 1 , 13.68 , 8.297 , 3.040 , 94.49 , 110.63
4157 , 22793 , 27.05 , -54.1 , 1 , 13.65 , 8.334 , 3.081 , 95.06 , 110.07
4167 , 22853 , 26.80 , -53.4 , 1 , 13.62 , 8.363 , 3.120 , 95.68 , 109.45
4177 , 22911 , 26.56 , -53.4 , 1 , 13.59 , 8.440 , 3.178 , 96.27 , 108.85
4187 , 22972 , 26.31 , -53.5 , 1 , 13.56 , 8.444 , 3.210 , 96.91 , 108.22
4197 , 23031 , 26.07 , -53.3 , 1 , 13.54 , 8.412 , 3.227 , 97.52 , 107.61
4207 , 23093 , 25.82 , -53.3 , 1 , 13.51 , 8.433 , 3.266 , 98.15 , 106.97
4217 , 23150 , 25.59 , -53.5 , 1 , 13.49 , 8.411 , 3.286 , 98.75 , 106.38
4227 , 23210 , 25.36 , -53.2 , 1 , 13.46 , 8.374 , 3.302 , 99.36 , 105.77
4237 , 23269 , 25.12 , -52.6 , 1 , 13.43 , 8.400 , 3.343 , 99.97 , 105.16
4247 , 23326 , 24.90 , -52.5 , 1 , 13.40 , 8.374 , 3.363 , 100.56 , 104.57
4257 , 23380 , 24.69 , -52.6 , 1 , 13.38 , 8.361 , 3.386 , 101.11 , 104.02
4267 , 23437 , 24.48 , -52.7 , 1 , 13.36 , 8.318 , 3.398 , 101.68 , 103.45
4277 , 23488 , 24.29 , -52.5 , 1 , 13.32 , 8.312 , 3.423 , 102.21 , 102.92
4287 , 23544 , 24.08 , -51.9 , 1 , 13.30 , 8.300 , 3.447 , 102.77 , 102.36
4296 , 23595 , 23.89 , -51.8 , 1 , 13.28 , 8.275 , 3.464 , 103.29 , 101.84
4305 , 23644 , 23.71 , -51.3 , 1 , 13.25 , 8.262 , 3.485 , 103.78 , 101.35
4315 , 23699 , 23.51 , -50.7 , 1 , 13.23 , 8.227 , 3.500 , 104.33 , 100.79
4325 , 23752 , 23.32 , -50.3 , 1 , 13.21 , 8.280 , 3.551 , 104.86 , 100.27
4335 , 23807 , 23.12 , -50.3 , 1 , 13.18 , 8.351 , 3.612 , 105.42 , 99.71
4345 , 23863 , 22.93 , -50.2 , 1 , 13.15 , 8.364 , 3.648 , 105.98 , 99.15
4355 , 23919 , 22.73 , -50.1 , 1 , 13.13 , 8.329 , 3.664 , 106.54 , 98.58
4365 , 23977 , 22.53 , -50.4 , 1 , 13.10 , 8.263 , 3.668 , 107.13 , 98.00
4375 , 24032 , 22.34 , -50.0 , 1 , 13.08 , 8.231 , 3.684 , 107.68 , 97.45
4385 , 24090 , 22.14 , -49.8 , 1 , 13.06 , 8.180 , 3.695 , 108.26 , 96.87
4395 , 24152 , 21.93 , -49.6 , 1 , 13.03 , 8.140 , 3.711 , 108.86 , 96.27
4405 , 24209 , 21.74 , -48.7 , 1 , 13.01 , 8.092 , 3.722 , 109.42 , 95.71
4415 , 24269 , 21.55 , -48.3 , 1 , 12.98 , 8.068 , 3.744 , 110.00 , 95.13
4425 , 24321 , 21.37 , -47.7 , 1 , 12.96 , 8.095 , 3.787 , 110.51 , 94.62
4435 , 24384 , 21.17 , -47.2 , 0 , 12.94 , 8.181 , 3.864 , 111.11 , 94.01
4445 , 24442 , 20.99 , -46.6 , 0 , 12.91 , 8.194 , 3.904 , 111.69 , 93.44
4455 , 24498 , 20.81 , -46.2 , 0 , 12.89 , 8.222 , 3.950 , 112.23 , 92.90
4465 , 24553 , 20.64 , -45.8 , 0 , 12.87 , 8.278 , 4.011 , 112.77 , 92.36
4475 , 24611 , 20.46 , -45.5 , 0 , 12.84 , 8.374 , 4.092 , 113.34 , 91.79
4485 , 24670 , 20.28 , -45.6 , 0 , 12.83 , 8.490 , 4.187 , 113.93 , 91.20
4495 , 24729 , 20.10 , -45.8 , 0 , 12.80 , 8.492 , 4.225 , 114.53 , 90.60
4505 , 24788 , 19.92 , -45.8 , 1 , 12.78 , 8.487 , 4.259 , 115.12 , 90.01
4515 , 24847 , 19.75 , -45.7 , 1 , 12.76 , 8.507 , 4.307 , 115.71 , 89.42
4525 , 24906 , 19.57 , -45.6 , 0 , 12.74 , 8.532 , 4.359 , 116.31 , 88.82
4535 , 24965 , 19.40 , -45.4 , 0 , 12.72 , 8.594 , 4.430 , 116.91 , 88.22
4545 , 25027 , 19.22 , -45.2 , 0 , 12.70 , 8.689 , 4.520 , 117.54 , 87.59
4555 , 25083 , 19.06 , -45.0 , 0 , 12.68 , 8.725 , 4.577 , 118.11 , 87.01
4565 , 25143 , 18.89 , -45.0 , 0 , 12.65 , 8.756 , 4.635 , 118.73 , 86.39
4575 , 25202 , 18.72 , -45.2 , 0 , 12.64 , 8.663 , 4.627 , 119.35 , 85.78
4585 , 25258 , 18.57 , -45.6 , 1 , 12.61 , 8.583 , 4.622 , 119.91 , 85.21
4595 , 25319 , 18.40 , -45.2 , 0 , 12.60 , 8.538 , 4.640 , 120.53 , 84.59
4605 , 25378 , 18.24 , -44.9 , 0 , 12.58 , 8.499 , 4.661 , 121.13 , 84.00
4614 , 25435 , 18.08 , -45.1 , 0 , 12.56 , 8.472 , 4.685 , 121.70 , 83.43
4624 , 25495 , 17.92 , -45.1 , 0 , 12.54 , 8.421 , 4.699 , 122.30 , 82.83
4634 , 25554 , 17.76 , -44.9 , 0 , 12.52 , 8.390 , 4.723 , 122.88 , 82.25
4644 , 25618 , 17.59 , -44.8 , 0 , 12.50 , 8.375 , 4.760 , 123.52 , 81.61
4654 , 25683 , 17.42 , -45.2 , 0 , 12.48 , 8.437 , 4.842 , 124.16 , 80.97
4664 , 25747 , 17.26 , -45.7 , 0 , 12.46 , 8.390 , 4.862 , 124.80 , 80.32
4674 , 25805 , 17.11 , -46.0 , 1 , 12.44 , 8.350 , 4.881 , 125.38 , 79.75
4684 , 25868 , 16.95 , -46.1 , 1 , 12.42 , 8.324 , 4.912 , 126.00 , 79.13
4694 , 25927 , 16.80 , -46.0 , 0 , 12.40 , 8.309 , 4.947 , 126.58 , 78.55
4704 , 25983 , 16.66 , -46.1 , 0 , 12.38 , 8.274 , 4.968 , 127.13 , 78.00
4714 , 26041 , 16.51 , -45.1 , 0 , 12.36 , 8.289 , 5.020 , 127.71 , 77.42
4724 , 26100 , 16.37 , -44.5 , 0 , 12.34 , 8.369 , 5.114 , 128.28 , 76.84
4734 , 26155 , 16.23 , -44.8 , 0 , 12.31 , 8.423 , 5.190 , 128.83 , 76.30
4744 , 26211 , 16.10 , -44.9 , 0 , 12.30 , 8.403 , 5.221 , 129.38 , 75.74
4754 , 26262 , 15.97 , -44.1 , 0 , 12.27 , 8.367 , 5.238 , 129.89 , 75.24
4764 , 26321 , 15.84 , -42.2 , 0 , 12.25 , 8.323 , 5.256 , 130.46 , 74.67
4774 , 26373 , 15.71 , -41.6 , 0 , 12.23 , 8.310 , 5.289 , 130.97 , 74.15
4784 , 26431 , 15.58 , -41.8 , 0 , 12.21 , 8.279 , 5.314 , 131.53 , 73.60
4794 , 26494 , 15.44 , -41.6 , 0 , 12.19 , 8.224 , 5.328 , 132.13 , 73.00
4804 , 26543 , 15.32 , -41.3 , 0 , 12.17 , 8.202 , 5.352 , 132.61 , 72.52
4814 , 26600 , 15.20 , -41.3 , 0 , 12.15 , 8.249 , 5.428 , 133.15 , 71.98
4824 , 26658 , 15.07 , -40.7 , 0 , 12.13 , 8.212 , 5.450 , 133.70 , 71.43
4834 , 26718 , 14.94 , -40.2 , 0 , 12.11 , 8.231 , 5.511 , 134.27 , 70.86
4844 , 26776 , 14.81 , -40.0 , 0 , 12.09 , 8.245 , 5.568 , 134.83 , 70.30
4854 , 26832 , 14.69 , -40.2 , 0 , 12.07 , 8.218 , 5.595 , 135.36 , 69.77
4864 , 26894 , 14.55 , -39.9 , 0 , 12.05 , 8.156 , 5.604 , 135.95 , 69.18
4874 , 26950 , 14.44 , -39.5 , 0 , 12.04 , 8.111 , 5.619 , 136.47 , 68.66
4884 , 27011 , 14.31 , -39.2 , 0 , 12.02 , 8.093 , 5.656 , 137.05 , 68.08
4894 , 27073 , 14.18 , -38.8 , 0 , 12.00 , 8.086 , 5.703 , 137.62 , 67.51
4903 , 27131 , 14.06 , -38.5 , 0 , 11.98 , 8.047 , 5.723 , 138.16 , 66.97
4913 , 27192 , 13.93 , -38.3 , 0 , 11.97 , 8.000 , 5.741 , 138.72 , 66.40
4923 , 27252 , 13.81 , -37.7 , 0 , 11.95 , 7.979 , 5.776 , 139.27 , 65.86
4933 , 27315 , 13.69 , -37.4 , 0 , 11.93 , 7.891 , 5.765 , 139.84 , 65.29
4943 , 27376 , 13.57 , -37.5 , 0 , 11.92 , 7.880 , 5.808 , 140.39 , 64.73
4953 , 27439 , 13.44 , -37.9 , 0 , 11.90 , 7.828 , 5.822 , 140.96 , 64.17
4962 , 27500 , 13.33 , -37.8 , 0 , 11.89 , 7.754 , 5.819 , 141.50 , 63.62
4972 , 27559 , 13.21 , -37.2 , 0 , 11.87 , 7.699 , 5.827 , 142.02 , 63.11
4982 , 27622 , 13.09 , -36.6 , 0 , 11.86 , 7.653 , 5.845 , 142.57 , 62.55
4992 , 27685 , 12.97 , -36.8 , 0 , 11.85 , 7.591 , 5.851 , 143.12 , 62.00
5002 , 27750 , 12.85 , -37.2 , 0 , 11.83 , 7.514 , 5.846 , 143.68 , 61.45
5012 , 27808 , 12.75 , -36.8 , 0 , 11.81 , 7.457 , 5.850 , 144.18 , 60.95
5022 , 27866 , 12.64 , -37.0 , 0 , 11.80 , 7.373 , 5.834 , 144.67 , 60.46
5032 , 27925 , 12.53 , -36.7 , 0 , 11.79 , 7.324 , 5.844 , 145.17 , 59.96
5042 , 27991 , 12.41 , -36.4 , 0 , 11.77 , 7.285 , 5.869 , 145.72 , 59.41
5052 , 28048 , 12.31 , -36.7 , 0 , 11.76 , 7.250 , 5.888 , 146.18 , 58.94
5062 , 28112 , 12.20 , -37.0 , 0 , 11.75 , 7.234 , 5.930 , 146.71 , 58.41
5072 , 28165 , 12.11 , -37.0 , 0 , 11.73 , 7.150 , 5.907 , 147.15 , 57.98
5082 , 28221 , 12.01 , -36.5 , 0 , 11.72 , 7.071 , 5.889 , 147.60 , 57.52
5092 , 28279 , 11.91 , -35.8 , 0 , 11.71 , 7.061 , 5.930 , 148.07 , 57.06
5102 , 28335 , 11.81 , -35.7 , 0 , 11.69 , 7.025 , 5.948 , 148.52 , 56.61
5112 , 28389 , 11.72 , -35.3 , 0 , 11.68 , 7.017 , 5.987 , 148.95 , 56.18
5122 , 28442 , 11.63 , -35.3 , 0 , 11.67 , 6.989 , 6.008 , 149.37 , 55.76
5132 , 28505 , 11.53 , -35.5 , 0 , 11.66 , 6.954 , 6.033 , 149.87 , 55.26
5142 , 28560 , 11.44 , -35.7 , 0 , 11.65 , 6.911 , 6.043 , 150.30 , 54.83
5152 , 28620 , 11.34 , -35.4 , 0 , 11.63 , 6.860 , 6.050 , 150.77 , 54.36
5162 , 28675 , 11.25 , -35.4 , 0 , 11.62 , 6.795 , 6.041 , 151.20 , 53.93
5172 , 28735 , 11.15 , -35.1 , 0 , 11.61 , 6.745 , 6.049 , 151.66 , 53.47
5182 , 28794 , 11.06 , -34.6 , 0 , 11.60 , 6.690 , 6.050 , 152.11 , 53.02
5192 , 28860 , 10.95 , -34.4 , 0 , 11.59 , 6.642 , 6.063 , 152.60 , 52.53
5201 , 28912 , 10.87 , -34.6 , 0 , 11.58 , 6.582 , 6.054 , 152.99 , 52.13
5210 , 28967 , 10.79 , -34.5 , 0 , 11.57 , 6.537 , 6.060 , 153.39 , 51.73
5220 , 29017 , 10.71 , -34.3 , 0 , 11.56 , 6.488 , 6.058 , 153.76 , 51.36
5230 , 29077 , 10.62 , -34.6 , 0 , 11.55 , 6.469 , 6.092 , 154.21 , 50.92
5240 , 29133 , 10.53 , -34.9 , 0 , 11.55 , 6.448 , 6.121 , 154.61 , 50.51
5250 , 29188 , 10.45 , -34.4 , 0 , 11.54 , 6.361 , 6.087 , 155.01 , 50.11
5260 , 29242 , 10.37 , -32.6 , 0 , 11.54 , 6.291 , 6.066 , 155.40 , 49.73
5270 , 29298 , 10.29 , -31.2 , 0 , 11.53 , 6.264 , 6.088 , 155.79 , 49.34
5280 , 29343 , 10.22 , -30.6 , 0 , 11.53 , 6.253 , 6.116 , 156.10 , 49.02
5290 , 29405 , 10.14 , -30.2 , 0 , 11.52 , 6.216 , 6.133 , 156.53 , 48.60
5300 , 29454 , 10.07 , -29.3 , 0 , 11.52 , 6.176 , 6.136 , 156.87 , 48.26
5310 , 29511 , 9.99 , -29.2 , 0 , 11.51 , 6.134 , 6.142 , 157.25 , 47.87
5320 , 29577 , 9.89 , -29.3 , 0 , 11.51 , 6.062 , 6.126 , 157.70 , 47.43
5330 , 29622 , 9.83 , -29.5 , 0 , 11.51 , 6.014 , 6.116 , 158.00 , 47.13
5340 , 29682 , 9.75 , -29.4 , 0 , 11.50 , 5.979 , 6.133 , 158.40 , 46.73
5350 , 29744 , 9.66 , -29.0 , 0 , 11.50 , 5.883 , 6.087 , 158.81 , 46.32
5360 , 29808 , 9.58 , -28.7 , 0 , 11.50 , 5.851 , 6.108 , 159.22 , 45.91
5370 , 29864 , 9.50 , -28.4 , 0 , 11.50 , 5.817 , 6.120 , 159.58 , 45.55
5380 , 29922 , 9.43 , -28.8 , 0 , 11.49 , 5.742 , 6.090 , 159.95 , 45.18
5390 , 29983 , 9.35 , -29.2 , 0 , 11.49 , 5.685 , 6.082 , 160.33 , 44.80
5400 , 30044 , 9.27 , -29.3 , 0 , 11.48 , 5.649 , 6.095 , 160.72 , 44.41
5410 , 30096 , 9.20 , -28.1 , 0 , 11.48 , 5.585 , 6.070 , 161.04 , 44.09
5420 , 30153 , 9.13 , -27.8 , 0 , 11.48 , 5.527 , 6.055 , 161.39 , 43.74
5430 , 30213 , 9.05 , -27.8 , 0 , 11.47 , 5.477 , 6.051 , 161.75 , 43.38
5440 , 30267 , 8.98 , -27.7 , 0 , 11.47 , 5.416 , 6.029 , 162.07 , 43.06
5450 , 30325 , 8.91 , -27.7 , 0 , 11.46 , 5.359 , 6.013 , 162.41 , 42.71
5460 , 30374 , 8.85 , -27.0 , 0 , 11.46 , 5.317 , 6.007 , 162.70 , 42.43
5470 , 30426 , 8.79 , -26.9 , 0 , 11.45 , 5.293 , 6.023 , 163.00 , 42.12
5480 , 30485 , 8.72 , -26.6 , 0 , 11.45 , 5.242 , 6.014 , 163.34 , 41.78
5489 , 30545 , 8.64 , -26.3 , 0 , 11.45 , 5.180 , 5.992 , 163.68 , 41.44
5498 , 30582 , 8.60 , -26.4 , 0 , 11.44 , 5.184 , 6.028 , 163.90 , 41.23
5508 , 30640 , 8.53 , -26.5 , 0 , 11.43 , 5.176 , 6.067 , 164.23 , 40.90
5518 , 30694 , 8.47 , -26.7 , 0 , 11.43 , 5.127 , 6.055 , 164.53 , 40.60
5528 , 30748 , 8.40 , -26.9 , 0 , 11.43 , 5.077 , 6.040 , 164.83 , 40.30
5538 , 30808 , 8.33 , -27.2 , 0 , 11.42 , 5.035 , 6.042 , 165.16 , 39.96
5548 , 30854 , 8.28 , -27.4 , 0 , 11.41 , 5.003 , 6.041 , 165.42 , 39.71
5558 , 30906 , 8.22 , -27.5 , 0 , 11.41 , 4.955 , 6.027 , 165.70 , 39.43
5568 , 30970 , 8.15 , -27.5 , 0 , 11.39 , 4.920 , 6.037 , 166.05 , 39.08
5578 , 31027 , 8.09 , -27.7 , 0 , 11.38 , 4.880 , 6.036 , 166.35 , 38.78
5588 , 31077 , 8.03 , -27.7 , 0 , 11.37 , 4.852 , 6.044 , 166.62 , 38.51
5598 , 31128 , 7.97 , -27.5 , 0 , 11.36 , 4.824 , 6.052 , 166.89 , 38.24
5608 , 31190 , 7.90 , -27.4 , 0 , 11.35 , 4.788 , 6.058 , 167.22 , 37.91
5618 , 31252 , 7.84 , -27.5 , 0 , 11.34 , 4.763 , 6.078 , 167.54 , 37.59
